 rs7355173 rs12134023 rs3897492 rs12239349 rs4113453 rs12129808 rs820671 rs10927414 rs7538154 rs12407887 rs6429654 rs10754853 rs1539170 rs10803271 rs7519457 rs3856271 rs1556083 rs11590846 rs4415555 rs7549457 rs2050941
0 32 33 33 13 23 22 32 22 22 41 42 23 23 33 14 14 41 32 23 41 23
0 33 33 22 11 23 22 32 22 22 41 44 22 22 33 14 11 41 33 22 44 22
0 32 33 33 11 22 22 33 44 22 11 44 23 22 33 11 14 41 32 23 41 23
0 32 33 22 11 23 22 32 24 22 44 44 33 33 33 44 11 44 33 23 41 22
0 33 33 22 13 23 22 32 24 23 41 44 22 22 33 14 14 41 32 23 41 23
0 33 33 33 11 23 22 32 22 22 44 44 23 22 33 14 14 44 33 22 44 22
0 33 33 32 13 22 22 33 22 22 44 44 23 22 33 11 14 44 33 22 41 22
0 22 31 22 33 23 23 32 24 23 41 42 23 23 33 14 44 11 22 33 41 22
0 22 31 32 13 33 22 32 24 33 44 42 23 22 32 44 14 41 32 33 41 22
0 33 33 33 11 22 22 33 22 22 44 44 22 22 33 11 11 44 33 22 44 22
0 32 31 22 33 33 22 32 22 23 44 42 23 22 32 44 44 41 22 23 11 23
0 33 31 32 13 33 22 32 24 33 41 44 33 22 33 14 14 44 22 23 11 22
0 32 33 32 13 23 23 33 22 22 41 42 23 22 33 14 11 41 32 22 41 23
0 32 33 32 13 23 22 32 24 23 41 42 23 23 32 11 14 44 32 23 41 22
0 22 31 32 11 23 22 33 22 33 44 44 23 22 33 11 11 44 33 33 44 22
0 32 33 22 11 22 23 22 22 23 11 44 23 22 33 44 14 44 22 33 41 33
0 32 31 32 13 33 23 33 22 22 41 42 33 23 32 14 14 44 32 33 11 22
0 22 31 22 33 33 22 22 44 33 41 42 33 33 32 44 44 41 32 23 11 23
0 22 31 32 33 33 22 22 24 23 41 22 23 23 32 14 14 11 32 33 11 23
0 22 11 22 11 33 23 22 22 23 41 44 33 22 33 14 44 11 22 23 11 22
0 22 33 33 13 23 22 22 22 22 44 44 23 23 32 11 11 44 33 22 44 22
0 22 31 32 13 23 22 22 22 22 11 44 23 22 32 14 14 41 33 23 41 23
0 32 31 32 13 23 22 32 24 23 41 42 23 23 33 11 14 41 32 23 11 22
0 32 33 32 13 22 22 33 22 23 44 42 23 22 33 14 14 44 33 22 41 22
0 22 31 22 13 33 22 32 44 23 41 42 23 23 33 44 14 11 22 23 11 23
0 32 31 32 11 33 23 32 24 23 44 42 22 22 32 14 44 41 32 23 11 23
0 32 33 32 13 33 22 22 22 22 41 42 23 22 33 11 11 44 32 23 41 22
0 32 33 33 11 23 23 32 22 22 41 44 23 22 33 44 14 44 22 22 44 22
0 32 33 32 13 23 22 32 22 22 41 44 22 23 32 11 11 41 33 22 41 22
0 33 33 32 11 22 22 33 22 22 44 44 22 22 33 11 11 44 33 22 44 22
0 32 33 33 13 33 22 33 24 22 41 44 22 22 33 14 44 41 33 22 11 22
0 32 31 22 13 33 22 22 22 22 41 42 33 23 32 14 14 41 33 23 41 23
0 32 33 33 11 23 22 32 24 23 44 44 23 22 33 14 14 41 32 23 41 23
0 33 33 33 13 23 22 32 22 22 41 42 22 23 33 14 14 41 32 23 41 22
0 22 33 33 13 23 22 32 22 22 41 22 23 22 33 44 11 41 33 23 41 22
0 22 31 22 11 33 22 22 22 23 44 42 23 22 22 11 14 11 32 22 11 22
0 32 33 33 13 23 23 32 22 23 41 22 23 22 33 44 14 44 32 23 41 22
0 32 31 33 13 33 23 22 22 33 41 44 23 22 32 11 44 41 32 33 11 22
0 33 33 32 11 22 22 33 22 23 44 44 22 23 33 11 11 44 33 23 11 23
0 33 33 33 11 22 22 33 22 22 44 44 22 22 33 11 11 44 33 22 44 22
0 32 31 32 11 23 22 22 24 33 11 42 22 33 33 14 14 44 22 23 41 23
0 22 31 22 13 23 22 33 24 22 41 44 23 33 33 44 14 11 22 33 11 33
0 33 31 33 11 23 22 32 22 22 41 44 23 22 33 11 14 41 33 22 44 23
0 33 31 32 33 22 23 32 22 22 41 44 23 23 33 14 11 11 33 23 41 22
0 22 33 22 33 33 23 32 24 22 11 42 33 33 32 44 44 44 22 23 11 23
0 32 31 32 13 22 22 32 22 33 41 42 23 23 22 44 14 41 32 22 41 22
0 22 31 32 13 23 22 22 22 23 41 44 23 33 33 44 14 41 32 23 41 22
0 32 31 22 13 33 22 32 22 23 41 44 23 33 32 14 44 41 33 33 11 22
0 32 33 33 13 23 22 33 22 23 41 42 23 23 33 11 14 41 33 23 41 22
0 32 33 32 13 33 22 33 22 33 11 44 23 23 32 44 14 41 32 23 41 23
0 32 31 33 33 33 23 22 24 23 44 42 23 23 33 44 44 41 22 23 41 22
0 33 31 32 13 23 23 33 24 23 41 42 23 23 32 14 14 41 32 33 41 22
0 32 33 32 11 23 22 22 22 22 44 44 22 22 33 11 14 44 33 22 41 22
0 22 31 32 13 33 23 32 24 22 11 42 33 23 32 44 14 11 32 33 41 23
0 33 33 33 13 23 22 33 22 22 44 44 23 23 33 44 11 41 33 23 44 22
0 33 33 32 11 22 22 33 22 22 44 44 23 23 32 14 11 41 33 22 44 22
0 33 33 22 13 23 22 32 22 23 44 42 22 22 33 11 44 44 22 22 41 22
0 22 33 32 11 33 22 32 24 23 44 44 22 22 33 44 14 44 33 22 44 23
0 22 11 22 33 33 33 22 44 33 11 22 23 23 32 44 44 11 22 33 11 33
0 33 33 32 13 23 22 32 22 23 41 44 22 22 33 14 11 44 33 22 44 22
0 22 31 33 11 23 22 32 22 22 41 42 33 22 33 14 14 41 32 33 11 23
0 32 33 22 13 23 22 32 22 23 41 42 23 33 32 14 44 44 32 33 44 22
0 32 33 33 13 22 23 32 22 22 44 44 22 22 33 11 14 44 32 23 41 22
0 33 33 32 13 33 22 32 22 22 44 44 22 22 33 14 14 44 22 22 41 22
0 32 31 22 11 22 22 33 22 22 44 42 33 22 33 14 14 44 32 22 44 23
0 33 31 32 33 33 22 33 22 23 44 44 23 23 33 11 44 44 32 23 41 22
0 33 33 33 11 22 22 33 24 22 41 44 22 22 33 14 11 41 33 22 41 22
0 32 33 32 11 23 22 33 24 23 41 42 22 23 33 11 14 41 22 22 41 22
0 33 31 32 13 23 22 32 22 22 41 44 33 23 33 14 14 41 32 23 41 23
0 33 31 32 13 23 22 32 22 23 41 42 23 22 33 11 14 41 32 23 11 22
0 33 33 32 13 23 23 32 22 23 41 42 23 23 33 14 14 44 32 23 41 23
0 32 31 22 13 23 33 32 24 33 44 42 33 33 22 44 44 41 33 33 11 23
0 32 33 32 11 23 22 22 22 22 44 44 23 23 33 14 11 41 33 22 41 22
0 32 33 32 11 23 22 32 22 22 44 44 22 33 33 14 14 11 32 22 41 22
0 32 33 22 33 33 23 22 22 23 11 42 33 23 32 44 44 41 32 23 41 23
0 22 31 22 13 33 22 32 22 22 41 42 22 23 22 44 14 11 32 23 41 33
0 32 33 33 11 23 23 32 22 22 44 44 33 22 33 11 11 44 33 23 44 22
0 33 33 33 13 22 23 33 22 22 44 44 22 22 33 11 11 44 33 23 11 22
0 32 31 32 13 23 23 32 24 23 41 42 23 23 33 14 44 11 22 33 41 22
0 32 31 32 13 22 22 32 24 23 41 44 23 23 32 14 14 41 32 23 41 22
0 32 31 22 13 23 22 32 24 23 41 42 23 23 22 14 11 41 32 23 44 22
0 32 33 32 11 33 22 32 22 23 44 44 22 22 32 11 11 44 32 23 11 22
0 32 31 32 13 23 22 22 24 23 11 42 23 33 32 14 14 41 32 23 44 22
0 32 11 32 13 23 22 32 24 22 11 44 23 23 33 44 11 41 22 23 41 22
0 33 33 33 11 22 22 33 22 23 44 44 22 22 33 11 11 44 33 22 44 22
0 32 31 32 13 23 22 32 24 23 11 44 23 23 32 44 44 11 32 23 41 23
0 33 33 33 13 23 22 33 22 22 41 44 23 22 33 14 14 41 33 23 44 22
0 32 33 22 13 22 22 33 24 33 44 42 33 22 32 44 14 41 22 23 41 22
0 33 33 33 11 22 22 33 22 22 41 42 23 22 33 44 14 11 22 22 44 22
0 33 33 33 33 23 22 32 22 22 44 42 23 23 32 14 14 44 32 23 41 23
0 32 33 32 13 23 23 32 22 22 44 44 22 22 33 14 14 44 32 23 11 23
0 33 31 22 13 23 22 33 24 23 41 44 33 22 32 14 14 41 33 22 41 23
0 22 31 32 33 23 23 22 22 23 11 42 23 23 32 44 44 41 22 33 41 23
0 22 33 32 13 23 23 32 24 22 41 44 23 22 33 11 14 41 32 23 41 22
0 22 31 22 13 23 23 32 44 23 11 42 33 23 32 14 44 41 32 23 11 23
0 32 33 32 13 23 23 33 22 22 41 42 23 22 32 14 11 41 33 23 41 22
0 22 33 22 13 23 22 22 24 23 44 44 33 23 32 14 44 41 32 22 41 22
0 32 31 32 13 23 22 32 24 23 11 44 33 33 32 14 44 11 22 33 41 22
0 32 33 32 11 23 22 32 22 22 41 44 22 22 33 11 14 44 33 33 11 22
0 32 33 22 13 23 23 32 24 23 41 42 23 23 32 14 44 41 33 33 41 22
0 33 33 32 13 22 22 33 22 22 41 44 23 23 33 14 14 44 22 23 44 22
0 22 33 32 13 23 23 32 24 23 11 42 23 23 32 14 14 41 32 23 41 23
0 32 33 32 11 33 22 32 22 23 44 42 23 22 33 44 14 41 32 23 44 22
0 32 33 32 33 33 23 32 24 22 41 22 33 23 22 14 44 11 22 23 11 23
0 33 33 33 13 23 22 32 22 22 44 44 23 22 33 11 11 44 33 22 41 22
0 32 33 22 13 23 22 22 24 22 44 42 33 22 33 11 44 41 22 33 11 22
0 32 33 32 13 23 22 32 22 22 44 44 22 22 33 14 11 41 32 22 44 22
0 22 31 22 13 23 22 32 24 23 11 42 23 33 32 14 14 41 22 33 41 23
0 33 31 32 13 23 22 32 22 22 41 44 23 22 32 11 11 41 32 23 41 22
0 32 33 33 11 23 22 22 24 22 44 44 22 22 32 14 14 44 22 33 44 22
0 32 33 32 11 23 22 33 22 22 41 42 23 23 33 14 14 44 33 23 44 23
0 32 31 32 13 33 22 32 24 22 41 44 23 23 33 14 14 41 32 23 44 22
0 32 33 22 11 33 22 33 22 22 41 42 22 22 33 11 11 41 33 22 44 22
0 22 11 22 33 33 23 22 24 33 11 22 33 33 22 14 44 11 22 33 11 33
0 32 31 32 33 33 23 33 24 23 44 42 23 22 32 44 44 41 22 22 41 23
0 32 33 22 13 22 22 33 22 22 41 42 23 22 32 44 11 41 32 23 11 22
0 22 33 22 13 22 22 32 44 22 11 44 23 23 32 44 14 41 33 23 41 23
0 22 33 33 11 22 22 32 22 23 44 44 22 22 33 11 11 44 32 22 44 22
0 32 33 33 11 23 22 33 22 23 44 44 23 23 32 14 44 41 33 23 44 22
0 32 31 32 13 22 23 32 22 23 41 42 23 23 33 14 14 41 22 33 11 22
0 33 33 33 11 22 22 33 22 22 44 44 22 22 33 11 11 44 33 22 44 22
0 32 33 32 13 23 22 32 24 23 41 42 23 23 32 14 14 41 32 23 41 23
0 32 33 33 11 33 22 33 22 22 41 44 22 22 32 14 11 41 32 23 44 22
0 33 33 33 11 33 22 33 22 22 44 44 23 22 33 11 14 44 33 23 41 22
0 32 33 22 11 33 23 32 22 23 44 42 23 22 32 14 44 41 32 23 41 23
0 32 31 22 11 23 22 32 22 23 44 44 23 22 32 14 14 44 33 23 41 22
0 32 33 33 11 22 22 33 22 22 41 44 22 22 33 11 11 44 33 22 41 22
0 33 31 32 11 33 22 32 22 23 44 44 23 22 33 11 14 41 33 23 41 22
0 33 33 32 13 22 22 33 22 22 41 44 23 23 32 14 44 41 32 23 41 22
0 32 33 33 11 23 22 33 22 22 41 44 22 23 32 14 11 44 32 22 44 22
0 22 31 32 11 33 23 33 24 22 44 44 23 22 33 14 44 41 22 33 11 23
0 33 33 33 13 23 22 33 22 22 44 44 22 22 33 14 14 44 33 23 44 22
0 33 33 32 13 33 22 32 24 22 41 42 23 23 33 14 11 44 32 22 44 23
0 32 33 32 11 23 22 32 22 23 11 42 33 33 33 44 14 41 22 22 41 23
0 33 33 32 11 22 22 33 22 22 44 44 22 22 33 11 11 44 33 22 44 22
0 33 33 33 11 22 23 33 22 22 44 44 22 22 33 11 11 44 33 22 44 22
0 22 31 32 13 23 23 33 22 22 41 44 33 23 33 44 14 41 32 22 41 23
0 32 31 32 13 22 33 22 24 22 41 42 33 23 33 44 44 44 32 23 41 23
0 22 33 32 11 33 22 32 22 23 44 44 22 22 33 14 14 41 33 23 44 22
0 32 31 32 13 23 23 32 24 23 44 42 23 23 33 14 11 41 32 23 44 22
0 33 33 32 11 22 22 33 22 22 44 44 23 22 33 14 11 44 33 22 44 22
0 32 33 32 11 22 22 32 24 22 44 44 22 22 33 14 11 44 32 22 41 22
0 32 33 32 13 23 22 32 24 22 41 44 23 23 33 11 14 11 22 23 11 22
0 32 33 22 13 33 23 32 24 23 41 42 23 22 32 14 44 44 33 23 41 33
0 32 31 32 11 33 22 32 22 23 11 44 23 22 33 14 44 41 33 22 11 22
0 32 11 33 13 33 22 22 22 23 41 42 23 23 32 14 14 11 33 33 44 23
0 33 33 33 11 22 22 33 24 22 44 42 23 22 33 11 11 41 33 23 41 22
0 22 11 22 33 33 33 22 24 33 11 22 33 33 32 14 44 11 22 33 11 23
0 32 31 32 13 23 23 32 24 23 41 44 23 23 33 14 44 41 32 23 41 23
0 32 33 32 11 23 22 32 22 22 44 44 23 23 33 14 14 44 32 22 11 22
0 32 33 32 33 23 23 32 24 22 41 44 23 22 33 14 11 41 32 33 41 22
0 32 33 32 13 23 22 32 24 22 44 44 22 22 33 44 44 44 33 33 41 22
0 33 33 33 11 22 22 32 22 22 44 44 22 22 33 11 11 44 33 22 44 22
0 32 31 32 11 23 22 32 22 23 44 42 22 22 33 14 44 11 32 22 11 23
0 32 33 22 11 33 22 32 22 23 41 44 22 22 32 14 14 44 33 22 41 22
0 32 33 32 11 23 22 32 22 23 41 42 23 23 33 14 14 41 32 22 41 22
0 22 33 22 33 23 22 33 24 22 44 42 33 23 33 44 14 41 32 33 41 23
0 33 33 22 13 23 22 32 22 22 44 44 23 22 33 11 44 44 32 23 41 22
0 22 31 32 13 33 22 22 44 22 41 42 33 22 32 44 11 41 32 33 44 23
0 33 33 32 13 23 22 32 24 23 41 42 23 23 32 14 44 41 22 23 41 23
0 33 31 32 13 23 22 32 24 23 41 42 33 23 32 14 14 44 32 22 41 22
0 32 33 32 11 23 22 33 22 22 44 44 22 22 33 11 14 41 32 22 44 22
0 33 31 32 11 33 22 32 22 23 44 44 23 23 32 11 14 41 33 23 41 23
0 32 33 32 13 23 22 33 22 22 44 44 22 22 33 14 11 44 33 22 44 22
0 33 33 33 11 22 22 33 22 22 44 44 22 22 33 14 11 41 32 22 11 22
0 33 33 33 11 22 22 33 22 22 44 44 22 22 33 11 11 44 33 22 44 22
0 33 33 32 13 22 22 32 22 23 41 44 22 22 33 11 14 44 32 22 44 23
0 22 31 22 33 33 22 22 22 22 11 42 33 22 22 44 14 41 32 23 44 22
0 32 31 32 13 23 23 33 22 23 41 42 23 23 32 14 14 41 22 23 41 23
0 33 33 33 13 22 22 33 24 22 41 44 33 23 33 14 14 41 33 22 44 23
0 32 31 22 33 33 23 22 22 33 11 22 33 23 32 11 14 44 22 33 11 22
0 33 33 33 13 23 22 32 24 22 44 44 22 22 33 14 14 41 33 22 44 22
0 33 33 22 13 23 23 22 22 23 41 42 33 33 32 44 14 41 32 33 11 22
0 32 31 33 13 23 22 33 24 22 41 42 23 23 32 11 14 41 33 23 44 22
0 22 31 22 33 33 22 22 22 23 11 22 33 23 22 44 44 41 32 33 11 23
0 32 33 33 13 22 22 33 24 22 44 44 22 22 32 11 11 44 33 22 44 22
0 32 31 32 13 23 22 33 22 22 44 44 22 23 33 11 11 44 32 23 11 23
0 22 33 22 33 33 22 22 24 23 11 42 23 22 32 14 14 41 22 23 11 23
0 22 31 22 11 23 22 32 24 33 41 42 23 23 22 44 44 41 32 23 41 23
0 33 33 33 11 22 22 33 22 22 44 44 23 22 32 14 11 44 32 22 44 22
0 32 31 32 13 23 22 22 22 23 44 44 23 23 33 11 14 41 33 22 41 22
0 33 33 33 11 23 22 32 24 22 44 44 33 22 32 14 14 44 32 22 44 22
0 33 31 33 11 23 22 32 22 22 44 44 33 22 32 14 14 41 32 23 44 23
0 32 33 32 11 22 22 33 22 23 41 44 22 22 33 14 14 41 33 22 41 22
0 32 33 32 13 23 23 32 24 33 11 42 23 22 32 44 14 44 32 33 44 23
0 32 33 22 13 33 22 33 22 23 11 42 33 33 33 44 44 11 32 23 11 23
0 22 31 22 33 33 23 22 24 33 11 42 33 33 22 44 44 41 22 33 11 23
0 32 33 32 11 23 22 32 24 23 11 44 22 23 33 44 11 41 32 22 11 33
0 32 33 22 11 23 22 33 22 22 44 44 33 22 33 14 14 44 33 22 41 23
0 33 33 32 13 23 22 33 24 22 44 42 23 22 32 11 11 44 32 23 41 23
0 33 33 32 13 23 23 32 24 22 41 44 23 22 33 14 14 41 33 23 11 22
0 33 33 22 11 23 22 33 22 22 44 44 23 22 33 44 14 44 32 23 41 22
0 32 33 33 13 22 22 32 22 22 44 44 22 22 32 14 11 44 32 22 41 22
0 33 31 33 33 23 23 32 24 22 41 44 33 23 33 14 14 41 32 33 41 22
0 22 31 22 13 33 23 22 24 23 11 42 33 23 33 14 14 41 32 33 11 23
0 32 33 32 13 33 22 33 24 22 41 44 23 23 32 14 44 41 32 33 41 23
0 32 33 33 13 23 22 33 24 22 41 44 33 22 33 11 11 44 33 22 41 22
0 32 31 33 33 23 22 32 22 23 11 42 23 23 33 44 14 41 32 23 11 23
0 32 33 32 13 23 22 32 24 23 11 44 23 22 32 14 11 44 32 22 41 23
0 32 33 32 13 23 22 33 22 22 11 44 23 22 33 11 11 44 33 23 41 22
0 33 31 22 13 23 22 22 24 23 11 44 23 22 33 14 11 41 33 23 41 22
0 32 31 32 13 23 22 32 22 23 44 44 23 23 32 44 14 44 22 23 41 22
0 33 33 32 13 22 22 32 22 22 41 44 23 23 33 14 11 11 32 22 41 23
0 32 31 33 13 22 22 33 24 22 44 44 33 22 33 11 14 44 32 33 44 22
0 32 31 32 33 33 22 32 24 23 41 42 23 22 32 14 14 11 32 23 11 22
0 33 33 32 11 22 22 33 22 22 44 44 23 22 33 11 11 44 33 22 44 22
0 33 33 32 13 22 22 32 22 22 44 44 23 22 32 14 11 44 33 23 41 22
0 32 31 32 13 33 23 32 24 23 41 44 23 23 32 44 14 44 22 23 11 22
0 33 33 32 13 23 22 32 22 23 44 44 23 23 32 14 14 41 33 23 41 23
0 33 33 32 33 22 22 33 22 23 44 44 22 22 33 11 44 44 33 33 41 22
0 32 33 32 11 22 22 33 22 22 44 44 23 22 33 11 11 44 33 23 44 22
0 33 33 33 13 22 22 32 24 22 41 42 22 23 33 11 14 44 32 22 41 22
0 22 33 32 13 23 22 32 22 23 44 44 23 22 33 14 44 44 33 23 41 22
0 32 11 32 33 33 22 32 24 23 41 44 23 33 32 14 14 11 32 33 11 33
0 33 33 33 11 22 23 33 24 22 41 44 23 22 33 14 14 41 33 22 41 22
0 32 33 33 11 22 22 32 22 23 41 44 22 22 33 11 14 41 33 22 41 22
0 33 33 33 13 22 22 33 22 22 44 44 22 22 33 11 11 44 33 22 44 22
0 32 33 32 13 23 22 32 22 22 44 44 23 22 33 44 14 41 32 23 44 23
0 22 33 33 13 23 22 22 24 23 41 44 23 23 33 11 11 41 32 22 41 22
0 32 31 22 13 33 23 32 24 23 41 44 33 22 32 44 44 41 22 22 11 23
0 33 33 32 13 23 22 32 24 23 44 44 23 22 33 11 44 41 22 23 11 22
0 33 33 33 13 22 22 33 22 22 44 44 22 22 33 14 44 44 33 22 11 22
0 32 33 32 13 23 22 22 24 22 44 42 23 23 33 14 44 44 22 23 11 23
0 22 11 22 33 23 23 22 44 23 11 22 23 23 22 14 44 11 22 23 11 33
0 32 31 32 13 23 23 32 22 33 41 44 23 23 32 14 44 41 32 33 41 23
0 33 33 22 33 23 23 32 24 22 11 44 23 22 33 14 11 41 32 23 41 23
0 32 31 22 13 22 23 22 24 23 41 42 23 22 33 14 14 11 32 23 11 23
0 32 33 33 11 22 22 33 22 22 41 44 33 22 33 11 11 44 33 22 41 22
0 32 33 32 13 23 23 32 24 23 44 44 22 22 32 14 14 44 33 23 44 22
0 32 33 33 11 23 22 33 22 22 41 44 23 22 33 11 11 44 32 22 44 22
0 32 33 32 33 23 23 32 24 23 44 44 23 23 33 14 44 41 32 33 41 22
0 32 33 32 11 22 22 33 24 22 41 44 22 22 33 11 11 44 32 22 41 22
0 32 33 33 11 23 22 32 22 23 11 44 33 22 33 14 14 41 32 22 41 23
0 32 33 32 13 33 22 22 24 22 41 44 23 23 32 14 44 11 22 33 41 22
0 32 31 32 13 33 23 32 24 23 11 42 23 23 32 14 14 41 32 23 41 22
0 33 33 32 11 22 22 32 22 23 44 44 22 22 33 14 14 44 33 22 44 23
0 22 33 33 11 23 22 22 22 22 41 44 23 22 33 14 44 41 32 23 41 23
0 33 33 32 11 22 22 32 22 22 44 42 23 22 33 11 11 41 33 22 44 22
0 22 31 32 33 33 22 32 22 23 11 22 23 23 22 14 44 41 32 23 11 23
0 22 31 22 11 33 33 22 24 23 41 22 33 33 32 44 14 41 22 23 11 23
0 32 33 32 11 23 23 33 22 23 41 44 23 22 32 14 14 41 32 23 41 22
0 33 33 33 11 22 22 33 22 22 44 44 22 22 33 11 11 44 33 22 44 22
0 33 33 32 11 33 22 32 22 23 44 44 23 23 33 14 14 41 32 22 41 22
0 33 33 33 11 22 22 33 22 22 44 44 22 22 33 11 11 44 32 22 41 22
0 33 33 33 11 22 22 33 22 22 44 44 23 22 33 11 11 44 33 22 44 22
0 22 33 22 13 33 23 32 24 23 41 42 23 22 33 11 14 44 22 23 41 33
0 33 33 33 11 22 22 33 22 22 44 44 22 22 32 11 11 44 33 22 44 22
0 32 31 33 11 23 22 33 24 22 44 42 22 23 33 14 14 41 33 22 41 22
0 22 33 32 13 23 22 32 24 33 41 42 23 23 32 14 14 41 32 33 11 22
0 33 33 33 11 23 22 32 22 22 41 44 23 22 33 11 14 44 32 22 44 22
0 32 31 22 13 23 23 22 44 33 41 44 23 23 33 14 44 41 32 23 11 22
0 22 33 33 13 33 22 32 24 23 41 44 33 22 32 44 14 41 32 23 41 22
0 32 33 32 11 23 22 32 22 22 41 42 23 22 32 11 14 44 33 23 44 22
0 32 33 32 13 33 22 32 22 22 41 44 23 22 33 14 14 44 33 23 44 22
0 32 31 32 13 23 22 32 22 22 41 44 23 23 33 14 11 44 32 33 41 22
0 33 33 22 11 23 23 33 22 22 44 44 22 22 33 11 11 44 32 23 44 22
0 32 33 33 13 23 22 22 22 23 44 44 23 33 33 14 14 41 33 23 41 23
0 32 33 22 13 23 22 32 22 23 44 42 33 22 33 14 14 41 32 22 41 23
0 33 31 33 11 33 23 33 24 33 41 44 22 22 33 14 44 41 32 23 44 22
0 33 33 32 13 22 22 33 22 22 44 44 22 22 32 14 11 44 32 22 41 22
0 32 33 32 11 23 22 32 22 22 44 44 23 22 33 11 14 44 33 22 41 22
0 32 33 32 11 23 22 32 22 22 41 44 23 22 33 11 44 44 32 23 44 22
0 33 33 33 13 22 22 32 22 22 11 44 23 23 33 11 44 44 22 23 44 22
0 22 33 32 11 23 22 33 22 23 11 44 33 22 33 14 14 44 33 23 44 22
0 33 31 32 11 33 22 32 24 23 41 44 23 23 33 11 14 44 33 22 41 22
0 32 33 22 33 33 22 32 24 23 11 44 33 23 33 14 44 11 22 23 41 22
0 33 33 32 13 33 22 32 24 23 11 44 23 22 32 44 11 44 33 23 41 22
0 33 33 32 11 33 22 33 22 22 44 44 22 22 33 11 11 44 32 22 44 22
0 22 33 22 33 23 22 22 22 23 41 44 22 22 33 11 14 44 32 22 44 22
0 32 33 32 13 23 23 32 22 23 41 42 22 23 32 44 14 41 33 23 41 22
0 32 33 32 13 22 22 33 22 23 44 44 22 22 32 44 11 44 32 22 44 22
0 32 33 32 11 22 23 33 22 22 44 42 23 23 33 11 14 44 33 22 41 22
0 33 33 33 11 33 22 32 22 23 41 42 23 22 32 11 14 41 32 22 44 22
0 32 33 33 13 23 23 32 22 23 44 44 23 22 22 14 14 41 32 22 41 23
0 32 33 32 11 22 22 33 24 22 41 44 23 22 33 11 14 44 32 23 11 22
0 22 33 32 11 23 22 33 22 23 44 44 23 22 33 14 44 44 33 22 44 23
0 22 31 32 13 23 23 22 24 23 41 44 33 22 33 44 44 41 22 23 41 23
0 32 33 32 33 33 22 22 22 23 41 42 23 22 32 11 11 44 32 33 41 22
0 32 31 32 13 23 23 32 24 23 41 42 23 23 32 14 11 11 32 23 41 23
0 22 31 32 11 23 22 32 22 22 11 42 22 22 33 14 14 44 33 33 41 23
0 22 33 22 11 23 22 32 24 23 41 44 33 23 33 14 11 41 32 22 41 22
0 32 33 32 13 33 22 32 24 23 44 44 33 23 22 44 14 11 22 33 11 22
0 32 31 32 13 23 23 32 24 23 41 42 33 23 32 14 14 41 32 23 41 23
0 22 33 33 11 23 23 33 24 33 44 44 33 22 32 11 11 41 22 33 11 22
0 33 33 32 13 22 22 32 24 22 41 44 23 22 33 14 14 44 32 22 11 22
0 33 31 32 13 23 22 32 22 22 44 44 22 22 32 11 14 11 33 22 41 22
0 22 33 32 13 23 23 22 22 23 11 42 33 22 32 44 44 41 32 33 11 33
0 33 33 33 11 22 22 33 22 22 41 44 22 22 32 11 11 44 33 22 44 22
0 32 33 22 11 33 23 22 24 22 44 42 23 23 32 44 14 41 32 23 41 22
0 32 33 33 11 22 22 33 22 22 44 44 23 23 33 14 14 44 33 22 11 22
0 33 33 33 11 22 22 32 22 22 44 44 23 22 33 14 44 44 33 33 41 22
0 22 31 33 11 22 22 32 24 22 41 44 23 23 22 14 11 41 32 23 11 22
0 33 31 32 11 22 22 32 22 22 44 42 22 22 33 14 14 44 32 22 41 22
0 32 31 32 11 22 22 33 24 23 44 42 23 23 33 14 14 44 32 23 44 23
0 33 33 33 13 33 22 32 22 22 41 44 23 22 33 44 14 41 33 22 44 23
0 32 33 32 13 22 22 33 22 22 41 42 22 22 33 44 44 41 32 23 44 22
0 33 33 33 13 22 22 33 24 23 41 42 23 22 32 14 14 44 32 22 11 22
0 32 33 33 13 23 23 32 22 23 41 42 22 23 32 14 14 41 32 22 41 22
0 22 33 22 13 23 23 32 22 23 44 44 33 22 33 44 44 11 22 33 41 23
0 32 33 32 11 22 22 32 22 22 44 44 23 23 33 14 14 44 32 22 41 22
0 33 33 22 33 33 22 33 22 23 41 44 22 22 32 44 44 44 32 23 11 22
0 33 33 32 13 33 22 32 24 22 44 44 22 22 33 14 14 41 32 23 41 23
0 33 33 33 11 23 22 32 22 22 44 44 22 22 33 44 11 44 33 22 44 22
0 33 31 32 13 23 23 32 22 23 11 22 23 23 32 14 14 41 32 33 41 22
0 32 33 32 13 23 22 22 24 23 41 44 23 23 32 14 14 41 33 23 41 22
0 22 33 32 11 33 22 32 24 23 11 42 23 33 33 14 14 44 32 23 44 22
0 33 33 33 11 23 22 33 22 22 44 44 22 22 33 14 11 44 33 22 44 22
0 32 33 22 13 33 22 22 24 23 41 44 23 23 32 14 14 44 32 23 11 23
0 33 33 32 11 23 22 32 24 22 44 42 23 23 33 11 14 44 32 23 41 22
0 32 31 32 13 23 22 32 22 33 41 42 23 22 33 14 14 41 32 23 41 23
0 33 33 33 11 22 22 33 22 22 44 44 22 23 33 11 11 44 33 22 44 22
0 32 33 32 33 22 33 32 22 23 44 42 22 23 33 11 14 41 32 23 41 22
0 33 33 32 13 23 22 33 24 23 41 44 23 22 32 11 14 41 32 22 41 22
0 33 33 33 11 22 22 33 22 22 44 44 22 22 33 11 11 44 33 22 44 22
0 33 33 32 11 23 23 33 24 23 41 44 23 22 33 14 11 44 32 23 41 22
0 32 33 22 13 33 22 33 24 23 41 42 23 22 33 14 11 41 33 23 11 22
0 33 33 22 13 23 22 32 24 22 44 44 23 22 32 11 44 41 33 33 11 22
0 22 33 22 13 33 22 22 22 23 44 22 23 23 33 14 14 41 22 23 11 22
0 33 33 33 11 22 22 33 22 22 44 44 22 22 33 11 11 44 32 22 41 22
0 22 33 22 11 23 22 33 24 22 44 44 22 22 33 44 14 44 32 23 44 23
0 33 33 22 11 23 22 32 22 22 44 42 22 22 33 11 11 44 33 22 41 22
0 33 33 33 11 22 22 33 24 22 44 44 22 23 33 11 11 44 33 22 41 22
0 22 33 32 11 22 22 32 22 23 44 44 23 22 33 11 14 41 33 23 41 22
0 22 33 32 13 33 23 32 24 22 44 44 23 23 32 14 14 41 33 33 41 23
0 33 33 32 11 22 22 33 22 23 41 44 22 23 33 11 11 41 32 22 41 22
0 33 33 32 11 23 22 33 22 22 44 42 23 22 33 11 14 44 32 23 44 22
0 32 33 32 11 23 22 32 22 22 41 44 22 22 33 44 14 44 32 23 41 22
0 32 31 32 11 23 22 22 22 23 44 44 23 23 32 11 14 11 22 23 11 22
0 33 33 32 11 23 22 32 22 23 41 44 23 23 33 11 11 41 32 23 41 22
0 32 33 33 13 23 22 32 22 22 41 44 22 22 33 14 11 44 33 22 44 22
0 32 33 33 11 22 23 32 22 22 44 44 22 22 33 14 14 44 33 23 11 22
0 32 33 22 13 33 23 33 44 22 41 44 23 23 33 14 14 44 32 22 41 23
0 33 33 32 13 23 22 33 24 22 41 44 23 22 33 44 14 44 33 22 41 22
0 32 33 22 33 33 22 32 24 22 41 42 22 33 33 44 14 41 32 23 44 22
0 22 33 22 11 33 23 33 24 23 41 42 23 23 33 14 14 44 22 33 41 33
0 33 31 32 11 23 23 32 22 23 41 42 33 33 33 14 44 41 32 33 11 23
0 33 33 32 13 23 22 33 22 22 41 42 22 22 33 44 14 41 32 23 44 23
0 32 33 33 11 22 22 33 22 22 41 44 22 22 33 11 11 44 33 22 44 22
0 33 33 33 11 23 22 33 22 22 41 44 22 22 32 14 14 44 33 23 44 22
0 32 33 33 11 22 22 32 22 22 44 44 22 22 32 11 11 44 32 23 41 22
0 32 31 22 13 23 22 33 24 23 11 42 23 23 33 11 14 41 32 23 41 23
0 33 31 32 11 22 22 33 22 22 44 44 22 22 33 11 14 41 33 22 44 22
0 32 31 22 11 23 22 32 22 23 41 42 23 23 32 14 44 41 33 22 41 22
0 33 33 32 11 22 22 33 22 22 44 44 23 23 33 11 44 11 33 22 41 22
0 22 33 22 33 23 22 32 22 33 41 44 33 33 33 14 44 44 32 33 11 23
0 33 33 32 13 22 23 32 22 23 41 44 22 22 32 14 14 44 33 22 41 23
0 32 31 32 13 23 23 32 24 23 41 44 23 23 32 14 44 41 32 23 41 23
0 33 33 33 11 22 22 32 24 23 44 44 23 22 32 11 14 44 33 22 41 22
0 32 31 32 11 23 22 32 22 22 41 44 23 22 33 11 14 44 32 23 41 22
0 22 33 22 13 33 23 32 24 23 41 42 33 22 32 44 44 11 22 33 11 23
0 32 33 32 11 23 22 32 22 23 41 44 22 22 33 11 11 44 32 23 44 22
0 32 31 22 33 33 22 32 24 23 41 42 23 23 32 44 14 11 32 22 11 23
0 33 31 32 11 22 22 33 22 22 44 44 23 22 33 11 11 44 32 22 44 22
0 32 31 32 13 23 22 32 24 23 41 42 23 23 32 14 14 41 33 23 44 23
0 32 33 33 13 22 22 32 22 23 41 44 23 23 32 14 11 41 32 23 41 22
0 33 33 33 11 22 22 33 22 23 11 44 22 22 33 11 14 44 32 22 44 22
0 32 31 32 13 23 23 32 24 23 44 42 23 23 32 14 14 41 33 23 41 23
0 32 33 32 11 23 22 33 24 22 41 44 22 22 33 11 11 11 22 22 11 22
0 22 31 22 33 23 22 22 24 22 41 42 33 22 32 44 44 41 33 23 44 22
0 32 31 32 11 23 22 32 22 22 41 44 22 23 33 14 44 41 33 33 41 23
0 33 31 33 11 22 22 32 22 22 44 44 23 22 33 14 11 44 33 23 44 22
0 33 33 32 11 23 23 22 24 23 11 44 23 33 33 44 14 44 22 22 11 22
0 22 33 32 13 23 23 32 24 23 41 42 23 23 33 14 14 44 32 23 41 23
0 32 33 22 13 22 22 22 22 22 41 44 33 23 33 11 44 44 33 22 44 22
0 22 31 22 13 23 23 32 22 23 11 44 33 22 33 44 44 44 32 22 41 22
0 33 33 33 11 23 22 33 22 22 41 42 22 22 33 11 11 44 33 22 44 22
0 33 33 32 33 23 22 32 22 23 41 22 23 22 32 44 44 41 33 33 44 22
0 32 33 33 13 22 23 33 24 23 44 44 23 22 33 14 14 41 32 23 11 22
0 32 33 32 33 23 22 33 22 23 44 44 22 23 33 11 14 41 32 23 11 22
0 32 31 32 13 23 22 32 22 23 41 44 23 23 32 14 14 41 32 22 41 23
0 32 33 33 13 33 22 33 22 22 11 22 23 22 32 44 44 44 32 23 41 23
0 32 31 32 13 23 23 32 24 23 11 44 23 22 33 44 44 41 33 23 41 22
0 32 31 32 13 23 23 32 24 22 44 42 22 23 33 44 11 44 32 22 11 22
0 32 31 33 13 22 22 32 24 23 41 42 23 23 33 14 14 41 32 33 41 22
0 32 33 32 11 22 22 32 22 22 41 44 33 23 33 14 11 11 22 22 41 23
0 22 31 22 33 33 22 22 24 23 11 42 33 33 33 14 14 11 32 33 11 33
0 33 31 32 11 23 23 32 22 22 41 44 22 22 33 14 14 41 32 23 44 22
0 32 33 32 11 23 22 33 22 22 41 44 22 23 33 11 11 44 33 23 44 22
0 22 31 33 33 22 23 22 44 23 41 22 23 23 33 44 44 41 32 33 41 33
0 32 33 33 11 23 22 33 22 23 44 44 23 22 33 11 11 41 33 22 44 23
0 33 33 33 11 23 22 33 22 22 44 44 22 22 33 14 11 44 33 22 44 22
0 32 31 32 11 23 23 32 22 22 44 42 23 22 33 14 14 41 32 22 41 22
0 32 31 22 11 23 22 32 24 23 44 44 22 22 33 14 14 41 33 23 41 23
0 33 31 33 13 23 22 32 22 23 11 44 33 22 33 44 11 41 32 23 11 22
0 32 31 22 33 23 23 32 22 23 11 42 23 22 32 14 44 41 22 23 44 22
0 32 33 33 11 22 22 33 22 22 44 44 22 22 32 11 11 44 33 33 44 22
0 22 31 22 33 33 33 32 44 23 11 42 33 23 32 44 14 41 22 33 11 33
0 33 33 33 11 22 22 33 22 22 44 44 23 22 33 14 11 44 22 23 44 22
0 32 33 33 13 23 22 32 24 23 41 44 23 23 32 11 44 44 32 23 41 23
0 32 31 22 13 23 22 22 22 22 11 44 23 23 33 44 11 41 32 22 41 22
0 22 33 22 11 23 23 33 24 23 41 44 23 22 32 14 44 41 33 33 41 23
0 32 31 22 33 23 22 22 24 33 41 44 23 33 22 44 44 11 22 23 41 22
0 32 33 22 13 33 22 32 22 23 44 44 22 22 33 14 14 41 33 23 44 22
0 32 31 33 13 22 22 22 22 22 41 42 33 23 33 11 44 44 32 23 44 22
0 33 33 32 11 22 23 33 24 23 44 44 23 23 33 14 11 41 32 33 11 22
0 32 33 32 13 33 22 33 22 23 44 44 22 22 33 14 11 44 32 23 44 22
0 33 31 32 11 23 22 32 22 22 41 44 33 23 32 14 14 41 32 23 41 23
0 32 33 32 13 23 23 33 24 23 41 42 23 23 32 14 11 41 32 23 44 22
0 32 33 22 13 22 22 32 24 22 44 44 23 23 32 14 14 44 32 23 11 23
0 22 33 22 13 23 22 32 24 22 44 44 33 22 32 14 14 44 33 23 41 22
0 32 31 32 13 23 22 32 22 22 44 44 22 22 32 14 44 41 32 22 11 22
0 33 33 32 13 23 22 33 22 23 44 44 23 22 33 11 44 44 33 23 41 23
0 32 11 33 13 33 22 32 22 22 41 44 22 22 32 11 44 41 33 23 44 22
0 32 33 22 11 23 22 32 22 22 44 44 22 22 33 11 11 44 32 22 44 22
0 32 31 32 13 23 23 32 24 33 41 22 23 22 32 11 14 11 32 23 11 22
0 32 31 33 13 23 23 32 22 22 41 42 23 23 33 11 11 41 32 22 41 22
0 22 33 32 13 23 22 32 24 22 44 44 23 23 33 14 11 11 32 33 41 22
0 33 33 32 11 23 22 33 24 23 44 42 23 22 32 11 14 41 33 22 11 22
0 33 33 22 11 33 22 32 22 22 41 44 22 23 33 11 11 44 32 22 41 22
0 22 11 22 13 33 23 32 44 33 41 22 23 23 33 44 14 11 22 33 11 22
0 32 33 33 33 23 22 32 22 23 41 42 23 23 22 14 14 11 32 22 41 23
0 32 33 32 11 22 22 32 24 22 41 44 23 22 33 14 14 44 33 23 41 23
0 22 33 32 13 22 22 33 24 22 11 44 23 22 33 14 11 44 32 23 41 22
0 22 31 32 11 23 22 32 22 22 41 44 23 22 33 11 11 41 32 22 44 22
0 33 33 33 11 23 23 32 22 23 44 42 22 22 32 14 11 44 33 22 44 23
0 32 33 32 33 23 22 32 22 22 11 44 23 23 33 14 14 41 32 23 41 22
0 32 31 32 13 33 22 32 24 23 41 42 23 23 32 14 14 41 22 33 11 23
0 32 33 32 13 33 23 32 22 22 41 44 23 22 32 11 11 41 33 33 41 22
0 33 31 32 11 22 22 33 22 22 44 44 22 22 33 11 11 44 33 22 44 22
0 33 33 32 11 23 22 33 24 22 41 44 23 22 33 11 11 44 33 22 44 23
0 32 31 32 13 33 22 22 22 23 41 42 23 23 32 44 44 41 22 22 41 22
0 32 31 22 13 33 23 32 24 23 41 42 23 23 32 14 44 41 32 23 41 23
0 22 31 22 13 33 23 32 24 23 11 42 33 33 32 44 14 11 32 23 11 23
0 32 11 32 13 23 23 32 22 23 44 42 33 23 33 44 14 44 33 23 11 22
0 33 33 32 13 23 22 22 22 23 41 44 23 23 33 11 14 11 32 23 41 22
0 22 33 33 11 23 22 33 22 23 44 42 33 23 33 14 14 41 33 22 41 22
0 32 33 32 11 22 22 32 22 22 41 42 23 23 33 14 14 44 32 33 44 22
0 22 33 32 13 23 22 33 22 22 44 44 23 22 33 44 11 11 32 23 44 23
0 22 31 22 13 33 22 22 24 23 41 42 33 33 33 14 14 41 22 23 11 23
0 32 33 33 13 23 22 32 22 22 41 42 23 22 33 14 14 41 33 23 41 22
0 33 33 33 11 22 22 33 22 22 44 42 22 22 33 11 11 44 33 22 41 22
0 32 31 32 13 33 22 32 24 23 41 42 23 23 32 14 14 41 32 23 41 23
0 32 33 33 11 23 22 33 22 23 44 44 22 22 33 11 11 44 33 23 44 22
0 22 31 32 13 33 23 22 24 33 41 42 33 23 33 11 14 41 32 33 11 22
0 33 31 33 11 23 22 32 22 23 44 44 22 22 33 11 11 41 32 23 44 22
0 32 33 33 13 22 22 32 24 22 44 42 23 22 32 14 11 11 32 22 11 23
0 32 33 32 13 23 22 33 24 23 44 22 22 33 33 14 14 44 32 23 41 23
0 32 33 32 13 33 22 33 22 22 11 44 33 22 33 14 14 41 33 23 11 22
0 32 33 32 13 23 22 22 24 33 41 42 23 22 33 14 14 11 33 22 44 23
0 32 33 32 11 23 22 22 24 22 11 42 23 22 32 14 14 44 32 23 41 22
0 32 31 32 33 33 23 22 44 33 11 22 33 33 22 44 44 41 32 33 11 33
0 32 33 32 13 23 33 32 24 22 11 42 33 23 32 44 44 11 32 23 41 22
0 32 31 22 11 33 22 33 22 23 44 44 23 22 33 11 14 44 32 22 41 22
0 32 11 32 11 33 22 32 22 33 44 42 22 23 33 44 14 41 32 33 44 23
0 22 31 22 11 23 22 33 22 23 11 44 22 23 33 14 14 44 32 22 44 22
0 22 11 32 11 33 23 22 22 33 41 42 33 22 33 11 44 44 22 33 11 22
0 33 31 32 13 22 22 32 22 23 41 42 23 22 32 14 14 41 32 23 41 23
0 32 31 22 11 23 22 32 22 23 11 44 33 22 33 14 44 41 32 23 41 23
0 32 33 32 13 33 22 32 22 23 44 42 23 23 33 14 44 44 33 23 41 23
0 32 31 32 13 23 22 32 24 23 41 42 23 23 32 14 44 41 32 23 41 23
0 33 33 32 13 22 22 32 24 22 44 42 23 22 33 44 14 44 33 22 41 22
0 32 33 22 11 33 23 32 24 22 44 42 23 23 33 14 14 44 32 23 41 22
0 32 33 22 11 33 22 33 22 33 41 42 23 23 33 14 14 41 33 23 11 23
0 33 33 33 11 22 22 33 22 22 44 44 23 23 33 14 14 44 33 23 44 22
0 22 31 22 33 33 22 22 22 23 11 42 33 23 22 44 14 41 22 33 11 23
0 33 33 33 11 23 22 33 22 22 41 44 23 22 33 11 11 44 22 22 41 22
0 33 33 33 11 22 22 33 22 22 44 44 23 22 33 11 11 44 33 23 44 22
0 33 33 33 11 22 22 33 22 22 44 44 22 22 33 11 14 44 33 22 44 22
0 33 33 33 11 23 22 33 22 23 44 44 22 22 33 44 14 44 33 22 11 22
0 33 33 32 13 22 22 33 44 22 41 44 22 22 33 14 44 44 33 23 44 22
0 32 33 22 33 33 23 32 24 23 11 42 33 33 33 11 44 41 32 33 41 23
0 22 33 32 11 22 22 33 22 22 44 44 23 22 32 14 11 41 32 33 44 23
0 32 33 22 33 33 23 32 24 33 41 42 23 22 32 14 11 44 22 33 11 22
0 22 31 32 13 23 23 32 22 23 41 42 23 23 22 14 14 41 32 23 41 22
0 33 33 32 13 23 22 33 22 23 44 44 33 22 32 11 44 11 33 23 44 22
0 33 33 33 11 22 22 22 22 23 44 44 33 23 33 44 11 41 32 23 41 22
0 33 33 32 11 23 22 33 22 22 41 44 23 22 33 14 14 44 33 22 41 22
0 32 33 22 13 23 23 32 24 23 41 42 23 22 32 11 11 41 32 23 41 23
0 32 33 32 11 33 22 33 24 23 41 44 23 23 32 14 14 41 32 23 41 22
0 32 33 32 13 23 23 32 22 23 41 42 23 22 32 14 44 44 32 22 41 22
0 32 11 22 13 23 22 32 22 33 11 42 33 23 32 11 11 41 22 23 41 22
0 32 33 33 13 33 23 32 22 23 41 44 23 23 33 14 11 41 32 33 44 23
0 33 33 32 33 33 23 32 24 23 11 44 23 22 32 14 44 41 32 33 41 22
0 32 33 32 11 22 22 33 22 22 44 44 22 22 33 14 11 41 32 22 44 22
0 33 33 33 33 23 22 32 22 22 44 44 33 23 32 14 44 41 32 23 44 22
0 33 31 22 33 33 22 32 24 23 41 44 23 33 33 44 14 41 32 23 41 23
0 33 33 33 13 23 22 33 22 22 41 44 22 22 33 14 14 44 33 22 41 22
0 32 33 32 11 22 22 33 22 22 44 44 22 23 33 14 14 44 33 22 44 22
0 33 33 33 11 23 22 32 22 22 44 42 33 33 32 11 14 44 33 22 44 22
0 32 33 33 11 23 22 33 22 22 44 44 22 22 33 11 11 44 33 23 44 22
0 33 33 32 11 22 23 33 22 23 41 44 22 22 33 11 11 44 32 22 41 22
0 33 33 32 33 23 22 33 22 23 44 42 23 22 32 14 44 44 33 22 41 23
0 32 33 22 11 23 22 32 22 22 44 44 23 22 33 11 11 44 33 22 44 22
0 32 31 32 13 22 23 32 22 23 41 44 22 22 33 14 44 41 32 23 41 22
0 32 33 22 11 23 22 33 22 22 44 44 22 22 33 11 14 44 32 23 44 22
0 32 33 32 11 22 22 33 22 23 44 42 23 22 33 14 14 44 33 23 41 22
0 33 33 33 11 22 22 33 22 23 44 44 22 22 33 11 14 44 33 22 41 22
0 33 31 33 13 23 22 32 22 23 44 44 23 22 33 14 14 41 32 23 41 22
0 32 31 32 13 23 22 32 22 22 44 44 23 23 32 14 14 44 32 22 11 23
0 32 33 33 11 22 22 32 24 23 41 44 23 22 33 14 14 41 33 23 44 22
0 32 33 33 13 23 22 32 24 23 44 44 23 22 32 14 11 44 33 23 41 23
0 22 33 32 13 33 23 32 24 33 41 42 23 23 22 14 44 11 32 33 11 33
0 32 31 32 11 22 22 33 22 22 41 42 23 23 33 44 44 41 32 23 41 22
0 22 33 22 13 33 23 22 24 23 41 42 33 23 32 14 44 41 33 23 11 22
0 32 33 33 13 22 23 33 22 23 41 44 22 22 33 11 14 44 33 33 11 22
0 32 31 32 11 23 22 32 22 22 44 42 23 23 33 14 14 41 33 23 11 23
0 32 33 22 13 23 22 32 22 23 11 42 23 23 33 11 44 41 32 23 11 23
0 32 33 32 11 23 23 32 22 22 41 42 33 23 33 44 14 41 22 23 41 23
0 32 33 22 13 23 22 32 24 23 41 44 23 22 32 14 14 41 32 22 41 22
0 32 33 32 13 23 22 32 22 23 41 44 23 22 33 14 14 44 32 23 41 23
1 33 33 32 13 23 22 33 22 22 41 42 22 22 32 14 14 44 32 22 41 22
1 32 31 32 11 22 23 32 22 22 44 44 23 23 32 11 14 11 32 33 41 23
1 32 31 33 11 33 22 33 22 22 41 42 22 22 33 11 14 44 33 22 41 22
1 22 31 32 33 23 23 22 24 23 11 44 23 23 33 14 14 41 32 23 41 22
1 33 33 32 11 33 22 32 22 23 44 42 23 23 32 44 44 41 32 23 41 22
1 22 33 32 13 23 23 22 22 23 41 22 33 23 33 44 14 11 32 23 11 23
1 32 33 32 13 22 22 33 22 23 41 44 22 22 33 14 11 44 33 22 41 22
1 32 31 32 13 23 33 32 44 33 11 42 23 23 32 14 44 11 22 33 41 23
1 32 31 32 11 33 22 32 24 33 41 42 23 23 33 14 44 41 32 33 11 23
1 32 33 32 11 33 22 32 22 22 11 42 23 23 32 14 44 41 32 33 41 22
1 32 33 22 11 23 23 32 22 23 41 44 22 22 33 11 14 41 32 33 44 22
1 22 33 22 11 33 22 33 24 22 44 44 22 22 22 44 14 41 32 33 41 22
1 32 31 32 13 23 22 32 22 23 41 44 22 22 32 14 11 41 33 23 41 22
1 22 31 22 11 23 22 32 24 23 41 42 33 23 32 44 44 11 22 23 41 22
1 32 33 32 13 23 22 32 22 22 44 42 23 22 33 11 11 44 33 23 44 22
1 33 31 22 13 23 33 33 24 22 44 44 33 23 33 14 44 11 22 23 11 22
1 32 33 33 11 23 22 32 22 23 44 44 22 23 33 14 11 41 33 22 11 22
1 32 31 22 33 33 23 22 24 23 11 42 23 23 33 44 44 11 22 23 41 33
1 32 33 32 11 23 22 33 24 23 44 44 23 23 33 14 14 41 32 23 41 22
1 22 33 22 13 33 23 32 22 23 11 44 23 22 33 44 44 41 32 33 11 23
1 32 33 33 11 23 22 33 22 22 41 44 23 22 33 44 11 44 33 23 44 22
1 33 33 33 11 23 22 32 24 23 11 44 22 22 33 11 11 41 32 22 11 22
1 32 33 32 13 23 22 32 24 22 44 44 23 22 33 14 14 44 32 23 41 22
1 32 31 32 13 33 23 32 24 23 41 42 33 23 33 44 14 11 32 23 11 33
1 22 33 32 33 23 23 22 24 23 41 22 23 23 22 14 14 41 22 23 11 33
1 33 33 33 13 22 22 33 22 22 41 44 23 22 33 14 14 41 33 22 44 22
1 32 31 32 13 23 23 32 24 23 41 44 23 23 32 14 14 41 33 23 41 23
1 33 33 22 11 33 22 32 22 22 44 44 23 22 33 14 14 44 33 23 41 22
1 32 31 33 13 33 23 32 22 23 41 44 23 23 33 44 44 41 32 23 11 23
1 22 31 22 13 33 23 32 44 23 41 42 23 23 33 14 14 41 22 23 41 22
1 22 33 33 11 22 22 32 22 23 44 44 22 23 33 14 14 44 33 22 44 22
1 32 31 33 11 23 22 32 22 22 41 44 22 23 33 14 14 41 33 23 41 22
1 32 33 32 11 33 23 32 22 33 41 42 22 23 33 14 14 44 22 23 44 23
1 32 33 33 11 33 22 33 22 22 41 44 23 22 33 14 11 44 22 22 41 22
1 33 33 22 13 23 22 33 22 22 44 42 22 23 33 44 11 44 33 23 11 23
1 33 33 33 11 33 22 33 22 23 44 44 23 22 33 14 11 44 32 23 41 22
1 32 33 32 13 33 22 22 22 23 41 44 22 23 32 11 14 44 33 23 11 22
1 32 33 32 13 23 22 32 22 22 41 44 23 22 33 14 14 44 32 23 41 23
1 32 31 32 13 22 22 33 22 22 44 42 23 23 33 11 14 41 33 23 11 22
1 33 33 33 11 22 22 32 22 22 44 44 22 22 33 11 11 11 33 33 41 22
1 33 31 33 13 22 22 32 22 23 41 42 33 22 32 14 14 41 32 23 11 22
1 32 33 33 11 23 22 32 22 22 44 42 23 22 33 14 14 44 33 22 41 22
1 32 33 33 33 23 22 22 22 23 41 44 22 22 33 44 14 41 33 22 41 23
1 32 33 33 11 23 22 33 24 23 41 44 23 22 33 14 14 41 32 22 11 23
1 22 33 32 13 23 23 32 22 23 44 44 33 23 32 44 14 41 32 23 41 22
1 32 33 32 11 23 22 32 22 22 44 44 23 22 33 14 14 44 32 23 41 22
1 33 33 33 11 23 22 33 22 22 44 44 23 23 33 11 14 44 32 22 41 22
1 33 11 32 11 33 23 32 24 23 41 42 23 22 33 14 11 44 33 33 11 23
1 22 33 33 13 33 22 32 24 22 11 44 33 22 33 14 44 41 22 23 11 23
1 33 33 33 11 22 22 33 22 22 44 42 22 22 33 11 11 44 32 22 44 22
1 32 11 22 13 33 22 32 22 23 44 44 23 22 32 14 14 11 33 23 41 22
1 22 31 22 13 23 33 32 44 22 11 42 33 23 33 44 44 44 33 22 44 22
1 32 33 32 13 33 22 32 44 23 41 42 33 23 33 14 44 41 33 23 44 23
1 33 33 33 11 22 22 33 22 22 44 44 22 22 33 11 11 44 33 22 44 22
1 33 33 22 11 23 23 33 24 33 44 44 33 23 33 14 14 41 22 23 11 23
1 22 33 32 33 23 22 32 22 23 41 42 23 23 32 11 44 11 22 23 41 23
1 22 33 33 11 23 23 32 24 23 44 44 23 22 33 14 14 11 22 23 41 22
1 22 11 22 13 23 22 32 22 33 11 42 33 22 32 44 44 44 22 23 41 23
1 22 33 22 11 23 22 33 24 33 44 42 22 22 33 11 14 44 32 23 41 22
1 32 31 32 13 23 23 33 22 23 41 42 22 22 33 44 14 41 22 33 11 22
1 22 31 32 13 23 22 32 24 22 44 44 23 22 32 14 14 44 33 23 41 22
1 32 33 22 13 23 23 32 22 23 41 44 33 23 33 14 44 41 22 23 41 22
1 32 33 32 11 23 22 22 22 22 41 22 23 33 33 44 11 44 22 22 41 23
1 22 33 22 33 33 23 32 44 23 11 22 33 23 22 44 44 11 22 33 41 23
1 33 33 32 11 23 22 33 24 22 44 42 23 22 33 44 11 44 32 23 44 22
1 22 33 22 13 22 22 33 24 23 41 44 22 22 32 11 44 44 33 22 41 22
1 22 33 32 11 23 22 32 22 23 41 44 22 22 33 14 44 41 32 22 11 22
1 32 31 32 13 23 22 32 22 33 11 44 23 23 32 14 14 44 22 33 11 22
1 32 31 32 13 23 23 22 24 23 41 42 33 22 32 14 14 41 32 23 41 23
1 32 33 32 33 33 23 33 24 23 44 42 33 23 32 44 14 41 32 23 41 23
1 33 31 33 13 23 23 22 22 23 44 42 23 22 33 14 44 11 32 22 41 23
1 32 31 32 13 33 22 22 44 23 41 22 23 23 33 14 14 11 22 23 11 23
1 33 33 33 11 22 22 32 22 22 44 44 22 22 33 11 11 44 33 22 44 22
1 32 11 22 33 33 23 22 24 33 11 42 33 23 33 44 14 41 22 23 41 23
1 22 33 22 11 33 22 32 22 33 11 42 23 22 22 44 14 11 32 33 11 22
1 22 33 33 11 23 22 33 22 23 44 44 23 22 32 14 14 41 22 23 41 22
1 32 31 32 13 23 23 22 24 23 41 42 23 23 22 44 14 41 32 33 41 23
1 33 31 33 11 23 22 33 22 22 44 44 22 23 32 11 11 41 33 22 44 22
1 32 33 33 11 22 22 33 22 22 44 44 23 23 32 11 11 41 32 22 41 22
1 22 33 32 13 22 22 33 22 22 41 42 23 22 22 14 11 44 22 22 44 22
1 32 33 32 11 23 22 33 22 22 41 42 33 22 33 11 11 44 32 23 41 23
1 32 33 22 13 33 23 22 44 23 11 44 23 23 22 44 44 11 22 23 41 22
1 22 31 32 11 22 23 33 22 22 44 44 22 23 22 14 14 41 22 33 41 23
1 32 33 32 11 22 22 32 22 22 41 44 23 23 33 14 14 41 33 22 44 22
1 33 31 32 11 23 22 32 22 23 41 44 23 23 33 14 14 41 32 22 41 23
1 33 31 32 13 23 23 33 22 23 11 42 23 23 32 14 44 11 32 23 11 22
1 22 33 32 33 22 22 32 22 23 11 42 23 23 33 14 44 41 32 22 44 23
1 33 31 32 13 23 23 32 24 22 41 42 23 23 33 14 44 41 33 23 41 22
1 22 31 22 13 33 22 32 24 22 41 44 23 22 32 44 11 41 32 23 11 23
1 32 33 32 11 23 22 32 24 23 41 42 23 23 32 14 14 41 32 23 41 22
1 32 33 22 11 22 22 32 22 23 41 44 23 22 33 14 44 41 32 22 44 22
1 33 33 22 11 33 22 33 22 23 41 42 23 22 32 44 44 11 33 22 41 23
1 33 33 32 11 22 22 33 24 22 41 44 23 23 33 14 11 44 33 23 44 22
1 32 31 33 13 23 22 33 24 22 41 42 22 22 33 14 11 44 33 22 44 22
1 33 33 32 11 23 23 32 22 23 44 44 22 22 33 11 14 44 33 23 41 22
1 32 33 22 33 23 22 33 22 22 44 44 33 23 33 14 11 44 32 22 41 22
1 33 33 33 11 33 22 32 22 22 11 44 23 22 32 14 14 41 33 23 41 22
1 22 31 32 33 33 22 22 22 23 11 22 33 33 33 44 44 11 22 33 11 23
1 33 33 33 11 22 22 33 22 22 44 44 22 22 33 11 11 44 33 22 44 22
1 33 33 33 11 22 22 33 22 22 44 44 22 22 33 11 11 44 33 22 44 22
1 32 31 33 11 23 23 32 22 23 41 44 23 22 33 44 44 44 32 22 11 22
1 33 33 33 11 22 22 33 22 22 44 44 22 22 33 11 11 44 33 22 44 22
1 33 33 33 11 22 22 32 22 22 44 44 23 23 33 14 11 44 33 22 44 22
1 32 33 32 11 33 22 33 22 22 41 44 23 23 33 44 11 41 33 23 44 22
1 32 31 22 11 23 22 33 22 22 41 42 22 22 33 11 11 44 22 33 41 22
1 33 31 32 13 33 23 22 44 22 41 42 23 22 33 44 14 41 22 23 41 22
1 32 31 32 13 33 23 32 22 33 11 42 33 23 32 14 44 41 22 33 11 23
1 33 31 33 13 22 22 32 24 23 41 44 23 22 33 11 14 44 32 22 41 22
1 33 33 33 13 23 22 32 22 22 41 42 33 22 33 11 11 41 33 23 11 22
1 32 33 32 11 23 22 32 24 22 44 42 22 22 33 14 14 44 22 23 41 22
1 33 33 22 11 33 22 32 22 22 41 44 23 23 33 14 44 41 33 23 11 22
1 33 33 33 11 33 23 32 22 23 41 42 23 22 32 14 14 44 32 23 41 22
1 32 31 22 13 33 33 22 24 23 44 42 33 23 33 14 44 41 22 23 11 22
1 32 33 33 11 23 22 33 22 22 41 42 23 22 33 14 44 11 22 23 41 23
1 33 33 32 11 22 22 32 22 23 44 44 22 22 33 11 11 44 33 22 44 22
1 32 33 33 13 22 22 32 22 22 44 44 23 22 33 11 11 41 33 22 11 22
1 22 33 33 13 23 23 22 22 23 11 22 22 23 32 14 44 41 22 23 41 23
1 32 31 32 13 33 23 32 24 23 11 42 23 23 33 44 44 11 22 23 11 22
1 33 33 32 13 23 22 32 22 23 44 44 23 22 33 11 14 44 33 23 44 22
1 32 11 32 11 23 23 32 24 23 41 44 33 23 33 11 14 44 33 23 41 22
1 32 33 32 11 33 22 32 24 22 41 44 22 22 33 11 11 44 33 23 41 22
1 32 33 32 13 23 22 32 24 23 11 42 23 22 32 14 14 41 33 23 41 23
1 22 31 32 33 33 22 33 22 22 44 42 23 22 33 11 44 41 32 23 41 22
1 22 33 22 13 23 23 22 24 22 11 22 23 33 22 44 14 11 22 33 11 22
1 33 33 32 11 22 22 32 24 22 44 44 22 22 33 11 44 41 32 22 44 22
1 33 33 32 11 33 22 32 22 22 41 44 22 22 33 11 14 44 32 23 44 22
1 22 11 22 33 33 22 33 24 33 41 42 33 23 32 44 14 41 22 23 11 23
1 32 31 32 13 33 23 22 24 22 41 44 33 23 32 44 14 41 32 33 41 22
1 32 33 33 13 22 22 32 22 23 44 42 23 22 32 14 14 41 33 23 41 22
1 32 31 33 11 23 22 33 24 22 41 44 23 22 32 11 44 44 33 23 44 23
1 32 31 32 11 23 23 32 22 33 41 22 23 23 33 14 11 11 32 33 41 22
1 32 31 32 11 23 22 32 24 22 41 42 23 23 33 14 14 44 32 23 41 22
1 33 33 33 11 23 22 22 22 22 44 44 22 22 33 14 11 44 32 23 41 22
1 32 33 33 13 22 23 32 22 22 41 44 23 22 33 14 14 41 32 23 41 22
1 32 11 22 33 33 22 22 22 23 41 44 33 33 33 14 14 11 22 23 11 22
1 22 11 32 13 33 33 22 22 23 41 44 23 23 32 14 14 44 32 33 41 23
1 32 33 32 11 23 22 33 22 22 41 44 22 22 33 11 11 41 32 22 41 22
1 32 31 32 13 33 22 32 24 23 41 44 33 23 32 14 14 11 32 33 11 22
1 22 33 32 13 23 22 22 22 22 41 42 33 22 22 14 14 11 22 23 41 22
1 22 33 32 13 33 22 32 22 23 41 42 23 23 22 14 44 11 32 23 41 23
1 22 33 33 13 22 23 33 22 22 44 44 23 23 33 44 14 44 33 23 41 22
1 33 33 33 11 23 22 33 22 23 44 44 22 23 33 14 14 41 32 22 44 22
1 33 31 32 13 22 22 32 22 22 41 44 23 23 33 14 14 44 33 23 41 23
1 33 33 33 11 22 22 33 22 23 41 44 23 22 33 11 11 41 33 22 41 22
1 32 31 32 13 23 22 33 22 22 41 44 23 22 33 14 14 41 32 22 41 22
1 33 33 32 13 23 22 32 24 22 41 44 23 23 32 14 44 44 32 33 44 23
1 22 31 32 11 33 23 32 24 23 41 42 23 22 32 14 44 44 22 33 41 23
1 32 11 22 13 23 23 32 24 22 41 44 23 23 22 14 14 41 32 23 11 23
1 32 33 22 11 23 23 32 44 23 41 42 23 22 32 11 11 11 32 22 41 22
1 32 33 33 13 33 22 22 22 33 44 42 23 23 32 44 14 11 22 33 41 22
1 32 33 32 13 23 23 22 22 23 11 42 33 22 33 14 11 41 33 23 44 23
1 33 31 32 11 33 22 32 24 22 41 44 22 22 33 14 11 44 22 23 41 22
1 32 31 32 13 23 23 32 24 33 11 42 23 22 32 14 44 41 22 33 44 23
1 32 33 32 11 33 22 33 24 22 41 44 23 22 33 11 11 44 32 22 44 23
1 32 33 32 13 33 22 33 22 23 41 42 33 23 33 14 44 41 32 23 11 22
1 32 33 32 13 23 22 32 22 22 41 42 23 23 32 44 14 41 33 23 41 22
1 22 11 22 33 33 22 32 24 23 11 42 23 33 22 44 44 11 22 33 11 22
1 33 31 33 11 22 22 32 22 22 41 44 22 22 33 14 14 44 33 33 44 22
1 33 33 32 11 23 22 33 24 22 41 44 23 23 33 11 11 44 32 23 44 22
1 32 31 32 13 23 23 33 24 23 44 42 23 23 32 14 14 41 22 23 41 23
1 33 31 32 11 22 22 33 22 22 41 42 22 22 33 14 14 44 33 23 44 22
1 22 31 32 13 23 23 32 24 23 41 42 23 22 32 14 14 41 32 33 41 22
1 32 31 32 13 33 23 33 24 23 41 44 23 23 33 14 14 44 32 23 41 22
1 32 33 22 11 23 22 32 22 33 44 42 23 23 33 44 14 41 33 23 41 22
1 32 33 22 13 33 23 32 22 22 11 42 33 23 32 14 44 41 32 33 41 23
1 22 33 22 13 33 23 32 24 23 11 44 23 23 32 14 44 44 32 33 11 22
1 33 33 32 13 33 22 22 22 22 41 44 23 23 33 11 44 11 33 23 44 22
1 32 11 32 11 22 22 33 22 23 11 44 22 22 33 14 14 44 33 22 11 22
1 32 33 22 11 22 22 33 24 22 44 42 23 23 32 14 11 44 32 22 41 22
1 33 11 22 13 23 23 22 44 33 11 42 23 22 32 44 44 11 22 23 41 23
1 33 31 33 11 23 22 32 22 22 44 44 22 22 33 14 14 44 33 33 41 22
1 33 33 33 11 22 23 32 22 22 41 44 23 23 32 44 11 44 33 23 41 22
1 32 11 32 33 33 23 32 24 23 11 42 23 22 32 44 14 41 22 23 11 23
1 22 33 32 33 22 22 33 22 22 44 44 23 22 33 14 11 44 22 23 41 23
1 32 33 32 13 33 22 22 24 23 44 42 23 23 32 14 44 41 22 23 41 33
1 33 33 32 11 22 22 33 22 22 44 42 23 22 33 11 14 44 33 23 41 22
1 32 31 32 13 23 22 32 24 22 41 42 33 23 32 44 14 41 32 23 41 23
1 32 33 32 13 33 22 32 22 23 11 42 23 23 33 14 44 44 32 23 41 22
1 33 33 32 13 23 22 33 22 23 44 42 22 22 33 11 14 44 32 23 44 23
1 22 11 22 33 23 23 22 22 23 44 42 23 33 33 14 44 41 32 23 41 23
1 32 33 32 11 22 22 33 22 22 41 44 22 22 33 11 14 44 32 22 44 22
1 33 33 33 11 22 22 33 22 22 44 44 22 22 33 11 11 44 33 23 44 22
1 33 33 32 11 22 22 33 22 22 44 44 22 23 33 14 14 44 32 23 44 22
1 32 11 32 11 33 22 32 24 22 44 44 23 22 33 44 14 41 32 23 11 22
1 32 33 33 33 23 22 32 22 23 41 44 33 22 32 14 14 41 22 33 41 22
1 32 33 33 11 23 23 33 22 22 44 44 22 22 33 11 11 44 32 22 44 22
1 32 31 22 13 23 22 32 44 33 11 44 23 22 32 14 14 41 22 23 41 23
1 32 33 32 13 23 23 32 24 23 44 44 23 23 33 14 14 41 32 23 11 23
1 32 33 32 33 22 23 33 44 22 11 42 33 23 32 14 44 44 22 23 41 23
1 33 31 22 33 23 23 22 22 33 11 44 33 23 22 44 14 44 22 33 11 23
1 32 31 32 11 23 22 32 24 23 41 42 23 22 33 44 11 44 33 23 44 22
1 33 33 33 13 22 22 32 22 22 44 44 22 22 33 14 14 44 33 23 44 22
1 22 33 33 11 23 22 33 22 22 41 44 23 22 33 11 11 44 22 22 41 22
1 33 33 32 11 23 22 32 22 22 41 44 22 22 33 44 11 41 22 23 41 22
1 33 33 33 11 22 22 33 22 22 44 44 22 22 33 14 14 44 33 22 44 22
1 33 33 22 11 23 22 22 22 22 41 44 23 22 33 11 11 44 33 33 44 22
1 33 31 32 13 23 23 32 24 22 44 42 33 23 33 11 11 41 32 22 41 23
1 32 33 32 33 23 22 33 22 23 44 44 23 22 33 14 11 44 22 22 41 22
1 33 33 22 13 23 22 33 22 22 44 44 22 22 33 11 11 44 33 22 41 22
1 32 33 33 11 23 22 33 24 22 41 44 23 22 33 11 14 44 32 23 44 22
1 33 31 32 11 33 23 32 22 22 44 44 22 22 33 14 11 41 32 22 44 22
1 32 33 32 13 22 22 32 22 22 44 44 22 22 33 14 11 41 32 23 41 23
1 32 33 33 11 22 22 32 22 22 41 44 22 22 32 14 44 11 33 22 44 22
1 22 31 32 13 33 22 32 24 22 11 44 33 33 33 44 11 41 22 23 41 23
1 32 31 32 11 33 22 33 44 22 41 44 23 22 33 44 44 41 22 22 41 23
1 22 31 32 13 33 23 32 24 23 41 42 22 23 33 44 44 41 32 23 11 23
1 33 33 32 13 23 22 33 24 22 44 42 23 22 32 14 14 44 32 23 41 22
1 33 33 32 11 23 22 33 22 22 44 44 23 22 33 11 11 41 33 22 44 22
1 32 33 22 13 33 23 22 22 22 44 44 23 22 33 44 11 41 22 22 11 22
1 32 31 33 13 33 22 32 22 22 41 44 23 23 32 11 11 44 32 23 41 22
1 33 33 33 11 22 22 33 22 22 41 44 22 22 33 11 11 44 33 22 44 23
1 32 33 33 11 22 22 33 22 22 44 44 23 22 33 11 11 41 33 22 44 22
1 32 33 32 33 23 22 33 22 22 44 44 22 22 33 14 11 44 33 22 44 22
1 33 33 33 13 22 22 33 22 22 44 44 22 22 33 11 11 44 33 22 44 22
1 33 33 32 11 22 23 33 22 22 44 44 23 22 33 11 11 41 33 22 44 22
1 32 33 33 13 23 23 33 24 22 41 44 23 23 32 14 14 44 32 33 41 23
1 32 33 32 13 23 22 22 24 23 44 44 23 22 33 14 14 44 32 23 41 22
1 32 33 32 11 23 22 32 24 23 41 42 23 23 33 14 14 41 32 23 41 23
1 33 33 33 11 22 23 33 22 22 44 44 23 23 32 11 14 41 33 22 44 22
1 33 33 33 11 23 22 32 22 23 44 42 22 22 33 11 44 44 32 22 44 23
1 33 33 33 11 22 22 33 22 22 44 44 22 22 33 11 11 44 33 22 41 22
1 22 33 32 13 23 22 32 24 22 41 44 22 22 33 14 11 44 32 23 41 23
1 33 31 32 13 23 23 33 22 22 41 42 23 22 33 14 14 44 33 23 41 23
1 32 33 32 11 22 22 32 24 23 41 42 22 23 33 14 14 41 32 23 41 23
1 32 33 33 11 23 22 32 22 22 41 44 22 22 33 14 11 44 33 22 44 22
1 22 33 32 13 33 22 33 24 22 41 44 22 23 33 14 14 44 32 23 44 22
1 33 31 22 13 23 23 32 22 23 41 44 23 23 32 44 14 11 32 23 11 22
1 33 33 32 11 23 22 33 22 22 41 44 23 22 33 14 14 44 33 23 11 22
1 22 33 33 11 33 22 32 24 23 41 42 23 22 32 14 44 44 33 23 44 22
1 32 31 32 13 23 23 32 22 23 41 42 22 23 32 14 14 44 32 23 11 22
1 32 31 32 11 23 22 32 22 22 44 44 23 23 33 14 44 44 32 22 11 22
1 32 31 32 33 23 22 32 22 23 44 44 22 22 33 11 14 44 33 23 11 22
1 32 31 32 13 23 23 32 22 23 41 42 23 23 32 11 11 41 33 23 44 23
1 33 33 32 11 23 22 32 24 22 44 42 22 22 33 11 14 41 32 22 44 22
1 33 31 33 13 23 22 33 24 22 11 42 33 22 33 44 11 41 22 33 11 33
1 33 33 32 13 23 22 33 24 22 44 44 22 22 33 14 14 44 33 22 44 22
1 32 31 32 13 23 23 22 22 23 41 42 23 22 32 44 44 41 32 23 11 22
1 32 33 32 11 33 22 32 24 33 44 44 23 22 33 14 14 41 32 23 11 33
1 22 31 22 13 33 23 32 24 33 11 42 33 22 32 14 44 11 22 23 41 23
1 32 31 32 13 23 23 32 22 23 41 42 22 23 32 14 14 41 32 23 41 23
1 32 33 32 11 23 22 32 22 22 41 44 23 22 33 14 44 44 33 22 44 22
1 33 33 33 11 33 22 33 22 22 44 44 22 22 32 11 11 44 32 23 44 22
1 33 33 32 13 23 22 33 22 23 41 44 23 22 33 11 11 11 32 22 44 22
1 22 31 22 33 23 22 33 22 23 11 42 22 33 33 14 11 44 22 22 44 23
1 33 33 33 13 23 22 32 22 22 44 44 23 22 33 14 44 41 33 23 11 23
1 32 33 32 11 23 23 33 24 22 41 42 23 22 32 14 14 41 32 23 41 22
1 32 33 32 13 23 22 32 24 22 41 44 23 22 32 14 14 44 33 23 44 22
1 32 33 32 13 23 22 32 22 22 44 44 22 22 33 14 44 44 32 33 44 22
1 33 33 32 11 22 22 33 22 22 44 44 22 22 33 11 14 44 33 23 44 22
1 33 33 22 11 33 22 33 22 22 44 42 23 22 32 14 14 44 33 23 11 33
1 22 31 32 33 33 23 32 22 22 11 42 33 33 33 14 14 11 32 23 41 33
1 32 33 32 13 23 22 32 24 23 44 44 23 23 32 14 14 41 33 23 11 22
1 33 31 32 11 23 22 32 22 22 41 44 23 22 32 14 14 44 33 23 41 22
1 32 33 22 13 33 22 32 24 23 41 22 33 22 22 44 44 41 32 33 11 23
1 33 33 32 33 33 23 33 22 22 44 44 22 22 33 44 14 44 33 22 41 22
1 32 33 32 13 22 22 33 22 23 44 42 23 23 33 14 14 41 22 23 44 22
1 33 33 32 33 22 23 32 24 22 41 44 23 22 33 14 44 41 33 23 44 22
1 32 33 32 13 23 23 33 22 22 44 44 23 23 33 14 14 11 22 22 41 23
1 32 33 22 33 23 23 22 22 23 11 44 33 23 32 14 44 41 22 33 11 22
1 32 31 33 13 22 23 33 24 22 41 42 23 22 22 44 44 41 32 23 41 23
1 32 33 32 33 23 22 33 24 22 41 22 23 22 33 44 14 44 22 23 44 22
1 32 33 22 13 22 23 33 24 22 44 42 23 22 32 11 11 41 32 33 41 22
1 32 33 22 13 23 23 33 24 22 41 44 23 22 32 11 44 41 32 23 11 22
1 32 31 32 13 23 22 32 24 22 41 42 23 23 33 14 11 41 32 23 44 23
1 32 33 33 13 22 22 32 22 23 44 44 23 22 33 11 14 44 32 22 41 22
1 22 33 22 11 33 22 22 24 33 11 42 23 23 22 44 44 41 32 33 11 23
1 33 31 32 13 23 22 32 44 23 11 44 23 23 33 44 44 11 32 23 41 22
1 33 33 33 11 23 22 33 22 22 44 44 22 22 32 14 11 44 32 23 41 22
1 33 33 32 11 23 22 33 22 22 41 44 22 22 32 14 11 44 32 22 11 22
1 33 33 33 11 23 22 33 22 22 41 44 22 22 33 11 14 44 33 23 41 22
1 22 33 32 13 23 22 32 24 22 41 44 23 23 33 14 14 41 32 22 41 22
1 32 33 33 13 22 22 33 22 22 44 44 22 22 33 11 11 44 32 22 41 23
1 32 33 32 13 23 22 32 24 22 44 42 23 22 33 44 14 41 22 23 11 22
1 22 31 22 33 23 22 32 22 23 11 42 23 33 22 44 14 11 32 23 41 23
1 33 31 32 11 23 22 33 22 23 11 22 23 23 33 44 14 44 22 23 41 23
1 32 33 22 13 23 22 32 22 23 41 44 23 23 32 14 14 41 32 23 41 22
1 22 33 22 13 33 22 32 24 23 41 22 23 23 32 14 44 11 32 23 11 22
1 32 33 33 13 23 23 32 22 22 41 42 33 23 32 14 14 41 22 23 41 23
1 32 33 32 13 22 22 32 24 22 44 44 23 23 32 11 14 44 33 23 41 22
1 32 33 32 13 23 22 33 22 23 44 42 23 23 33 44 14 11 32 23 41 23
1 32 33 33 11 23 23 32 24 22 44 42 33 22 32 11 14 44 32 23 41 23
1 32 31 32 13 23 22 32 24 23 41 42 23 23 33 14 14 44 32 23 41 23
1 32 33 33 11 22 22 32 22 23 41 44 22 22 33 44 11 41 32 22 44 23
1 32 31 22 13 23 22 22 24 23 41 44 33 22 33 14 14 41 22 23 41 22
1 22 31 22 13 33 22 22 44 23 41 44 23 23 32 44 44 44 32 23 11 23
1 32 31 33 13 23 22 33 22 23 41 44 23 22 33 14 14 44 33 23 44 22
1 32 33 33 11 22 22 33 22 22 41 42 22 23 32 14 11 44 32 23 44 22
1 33 33 33 13 23 22 32 22 22 41 42 22 22 33 11 11 44 22 22 44 22
1 32 33 32 11 22 22 33 22 22 44 44 23 22 33 14 11 41 33 22 41 22
1 32 31 33 13 23 23 32 24 22 41 42 23 23 33 14 44 41 32 23 41 22
1 33 33 22 11 23 22 32 22 23 44 44 23 22 32 14 14 41 32 23 41 23
1 33 31 33 11 23 22 32 22 22 44 44 22 22 32 14 11 44 33 22 44 22
1 33 33 33 11 22 22 33 22 22 44 44 23 22 33 11 11 44 33 23 44 22
1 33 33 32 11 22 22 33 22 22 44 44 22 22 33 11 14 44 33 23 44 22
1 32 33 22 11 22 23 33 22 22 44 44 22 22 32 14 11 41 33 22 41 22
1 32 33 32 11 23 23 32 22 22 41 44 23 23 33 14 14 44 32 23 44 23
1 33 33 33 11 23 22 33 44 23 44 44 23 22 33 11 14 44 33 22 44 22
1 32 31 22 11 23 22 33 24 23 11 44 23 22 32 44 11 41 32 23 11 22
1 22 33 22 13 33 22 22 24 33 11 44 23 22 33 14 44 11 22 33 41 33
1 22 31 22 33 23 23 22 24 23 41 22 33 33 22 44 44 11 32 23 11 33
1 32 31 22 13 33 22 22 44 33 11 22 23 33 32 44 44 11 32 33 41 23
1 32 33 32 13 23 23 32 22 22 41 42 22 23 33 44 11 44 32 22 44 23
1 33 33 33 11 22 22 32 22 22 44 44 23 22 33 14 11 44 33 22 44 22
1 33 31 22 33 33 22 32 44 23 11 42 33 33 33 14 14 41 22 33 41 22
1 32 33 33 11 22 22 33 22 22 44 44 22 22 33 11 11 44 33 22 41 22
1 33 33 22 11 22 22 32 24 23 11 44 23 22 33 11 14 44 32 22 44 23
1 22 31 22 13 33 22 22 44 33 41 44 33 33 33 44 44 41 22 33 11 23
1 33 33 33 13 33 22 33 22 22 41 42 22 22 33 14 44 44 33 23 11 23
1 32 33 32 13 23 22 32 24 23 41 42 22 23 33 11 11 41 32 23 44 22
1 33 33 32 13 22 22 32 22 22 44 44 22 22 33 14 14 44 32 23 11 22
1 33 33 32 13 23 23 32 22 23 41 44 22 22 33 14 14 44 22 23 41 22
1 33 33 32 13 23 22 32 22 23 44 42 33 22 32 14 14 44 32 22 41 22
1 32 31 32 13 33 22 32 22 23 41 42 22 23 32 14 44 44 32 23 41 22
1 33 33 32 11 22 22 33 22 22 44 44 22 22 33 11 11 44 33 22 41 23
1 32 33 22 11 23 22 32 22 22 44 44 22 22 33 11 11 41 33 22 44 22
1 32 31 22 11 23 23 32 22 22 41 42 23 22 33 44 14 41 33 33 11 22
1 32 31 32 13 23 22 33 22 23 41 44 23 23 33 14 14 44 32 23 41 23
1 22 33 22 33 22 22 32 22 23 11 42 23 22 33 44 44 41 22 23 11 23
1 32 31 22 11 23 22 32 22 22 44 44 22 22 33 11 11 44 32 22 41 22
1 32 33 22 11 33 22 32 22 23 44 44 23 22 33 14 14 44 33 23 41 22
1 32 31 32 13 33 22 32 24 23 41 44 33 22 32 44 14 44 33 33 41 22
1 32 33 32 11 23 22 32 22 23 41 44 23 22 33 11 14 41 32 23 41 22
1 32 33 32 13 23 22 33 44 22 11 44 23 22 33 14 14 44 33 23 11 22
1 32 33 32 11 22 22 32 22 23 44 44 22 22 33 11 11 41 22 22 41 22
1 22 33 33 11 22 22 32 22 22 41 44 22 22 33 44 44 44 33 22 44 22
1 33 33 32 11 23 22 33 22 22 44 44 22 22 33 11 11 44 32 22 44 22
1 33 33 32 13 22 22 32 22 22 44 44 23 22 33 14 14 44 33 22 44 22
1 33 33 32 11 23 22 32 22 23 44 42 22 22 33 11 11 44 33 23 11 22
1 32 33 32 11 23 22 33 22 22 41 22 33 33 33 14 44 11 22 33 41 22
1 33 33 33 11 22 22 33 22 23 44 44 22 22 32 14 14 44 32 22 44 22
1 32 33 33 11 23 23 33 22 23 41 44 33 23 33 14 11 44 22 22 41 23
1 22 33 22 33 33 33 22 44 22 11 42 33 33 32 14 44 11 32 23 11 33
1 32 11 32 11 33 23 32 44 23 41 42 23 23 32 14 44 11 22 33 11 33
1 33 33 32 11 23 22 33 24 23 41 44 23 22 33 11 11 44 22 22 44 22
1 22 33 22 13 33 22 33 22 22 44 44 23 22 33 14 11 44 33 22 44 22
1 22 33 22 13 23 23 32 22 23 11 44 23 23 33 44 14 11 22 33 41 23
1 32 31 32 13 23 22 32 24 22 41 44 23 22 33 11 14 41 32 23 44 23
1 32 31 32 13 23 23 32 24 23 11 44 23 23 32 14 44 41 22 23 11 23
1 22 33 32 13 23 22 33 22 22 41 44 22 22 33 11 14 44 32 22 41 22
1 32 31 22 13 23 23 22 44 22 41 44 23 23 32 14 11 44 32 23 11 22
1 33 33 33 13 22 22 33 22 22 41 44 23 22 33 14 11 44 33 23 44 22
1 22 33 33 13 23 22 32 24 23 41 44 23 22 32 14 14 44 32 33 44 23
1 32 33 32 13 22 22 33 22 23 44 44 22 22 33 11 14 41 33 22 41 22
1 32 33 32 13 23 22 32 22 22 44 42 23 22 33 14 14 11 32 23 41 23
1 33 33 33 13 23 22 33 22 23 41 44 22 22 33 14 11 44 32 22 41 23
1 22 31 32 13 23 23 33 24 22 41 44 33 22 32 44 14 44 32 22 41 33
1 32 33 22 13 23 23 32 22 23 11 44 22 33 22 44 44 11 32 22 44 23
1 32 33 32 11 33 22 33 44 22 44 44 22 23 32 14 14 11 33 23 41 22
1 32 11 32 13 33 22 22 24 23 41 42 23 23 32 14 44 44 32 33 11 23
1 32 33 32 13 23 22 32 24 22 41 42 23 22 33 14 14 41 22 23 11 22
1 33 33 32 11 22 22 32 22 22 44 44 23 22 33 14 14 44 22 23 44 22
1 33 33 32 13 22 22 32 22 22 44 44 33 23 33 44 14 41 33 23 41 22
1 33 33 33 11 22 22 32 22 22 44 44 22 23 33 14 11 44 33 23 41 22
1 33 33 32 11 23 22 33 22 22 44 42 23 23 33 44 14 44 22 22 41 22
1 22 33 32 11 33 22 22 22 23 41 44 22 23 33 44 14 41 32 23 41 22
1 22 11 32 13 33 22 32 24 22 11 42 23 23 33 14 14 41 22 23 44 22
1 33 33 33 11 22 22 33 22 22 44 44 22 22 33 11 11 44 33 22 44 22
1 33 33 33 13 22 23 32 24 22 44 42 23 22 32 11 14 44 33 23 44 23
1 33 33 33 11 22 22 32 22 22 41 44 23 22 33 11 11 44 32 22 41 22
1 33 33 33 11 22 22 33 22 22 44 44 22 22 33 14 14 44 33 22 44 22
1 32 31 32 33 33 23 22 24 23 41 22 33 33 22 44 14 41 32 33 41 23
1 22 33 32 11 23 22 32 22 22 41 44 22 22 33 44 14 44 33 22 41 22
1 33 31 32 13 23 23 32 24 23 41 42 23 22 22 14 14 44 32 23 41 22
1 22 33 22 33 33 33 22 44 23 11 42 23 33 32 44 44 41 32 33 11 23
1 32 33 33 11 33 22 33 22 22 11 44 23 22 33 14 44 41 22 23 11 23
1 32 31 22 13 33 23 22 22 23 11 44 22 23 32 14 14 41 22 23 41 22
1 32 33 22 13 23 23 32 22 23 41 44 23 22 33 14 14 41 32 33 41 22
1 22 31 22 33 23 22 32 24 23 41 22 23 22 32 44 44 41 32 23 11 22
1 22 31 22 13 23 23 32 24 23 41 42 23 23 32 14 14 41 32 23 11 22
1 33 31 32 11 23 22 32 22 33 44 44 22 22 33 14 14 41 33 23 41 22
1 32 33 33 13 23 22 32 22 22 11 44 33 22 33 14 11 44 33 23 44 23
1 32 33 22 33 33 22 32 24 22 11 44 33 22 32 44 14 44 32 23 11 22
1 22 31 22 13 33 22 22 44 33 11 42 23 23 22 44 44 41 32 33 41 23
1 22 33 32 13 22 23 33 24 23 11 42 33 22 33 14 14 11 32 22 11 23
1 32 33 22 33 23 23 22 24 23 41 42 23 33 32 44 44 11 32 23 41 23
1 32 33 32 13 23 22 32 22 23 41 44 23 23 33 14 14 41 32 22 41 23
1 33 33 33 33 23 22 33 24 23 44 44 23 22 32 14 14 41 32 22 41 23
1 32 33 32 13 22 22 32 22 23 41 44 23 22 32 14 14 41 32 23 41 22
1 32 31 32 13 23 22 32 22 23 41 42 22 23 32 14 14 41 32 22 41 22
1 32 11 32 11 33 33 32 22 23 44 44 23 33 32 44 14 11 32 23 41 22
1 33 31 33 11 23 22 32 22 23 11 44 22 22 33 11 14 41 33 23 44 23
1 22 33 33 11 33 22 33 24 22 41 44 22 22 33 11 14 41 33 23 41 22
1 22 33 32 33 23 22 33 22 22 11 42 33 23 33 14 44 41 22 33 11 22
1 32 33 33 13 22 22 33 22 22 44 44 23 22 33 14 11 44 33 23 41 22
1 32 33 22 13 23 22 22 24 22 11 22 23 23 32 14 44 44 32 23 11 23
1 22 31 32 11 23 22 32 22 22 41 42 23 22 33 14 14 44 32 23 44 22
1 33 33 32 11 22 22 32 22 22 44 44 23 22 33 14 14 44 33 22 44 22
1 33 33 33 11 22 23 33 22 22 44 42 33 22 33 14 14 44 33 22 41 22
1 22 11 22 33 33 33 22 44 33 41 22 33 23 22 44 44 11 22 33 11 33
1 32 33 32 11 22 22 33 22 22 41 22 23 22 33 14 44 44 32 23 41 22
1 33 33 32 33 23 22 22 22 23 41 42 23 22 32 14 14 44 32 23 11 22
1 32 33 32 11 22 22 33 22 23 44 44 22 22 33 14 11 44 32 22 41 22
1 32 31 22 33 23 23 32 24 23 41 44 33 23 32 14 14 41 32 33 11 22
1 32 31 33 13 33 22 32 22 23 41 42 23 23 32 14 14 41 32 33 11 22
1 32 33 32 13 23 22 33 24 22 44 44 23 22 33 11 14 44 33 22 41 22
1 32 33 22 11 22 22 32 24 23 11 44 33 22 33 14 11 41 32 22 41 23
1 33 33 32 33 23 22 22 22 23 11 42 33 23 32 44 14 11 22 33 11 22
1 33 33 32 11 23 22 32 24 22 41 44 23 22 32 14 14 44 32 23 41 23
1 32 31 32 13 33 22 32 24 23 41 42 23 22 32 14 14 44 22 23 11 22
1 22 11 22 11 23 22 22 44 22 41 44 23 22 32 44 44 41 32 23 11 23
1 32 31 33 11 33 23 33 22 22 44 44 22 22 33 11 11 44 33 23 41 22
1 33 33 22 13 23 22 32 22 33 41 44 33 22 33 11 14 41 33 23 11 22
1 32 33 22 13 33 22 22 24 22 41 44 23 22 32 14 14 44 22 22 41 23
1 32 33 32 13 23 23 32 24 22 41 42 23 23 32 14 44 41 32 23 11 22
1 33 33 22 11 33 22 32 22 22 44 44 23 22 33 11 11 44 33 22 44 22
1 32 33 33 13 22 22 33 22 22 41 44 22 22 32 14 44 44 32 33 41 22
1 32 33 22 13 23 22 33 24 22 44 44 23 22 32 14 14 11 32 33 44 22
1 33 33 32 13 22 22 33 22 23 44 44 33 22 32 44 44 44 33 23 44 22
1 32 33 22 11 23 22 33 24 22 44 44 22 23 32 11 44 41 32 22 41 22
1 32 31 22 11 23 22 32 22 22 41 44 23 23 33 11 14 44 33 22 41 22
1 32 33 32 11 23 23 32 22 22 44 44 23 22 33 14 44 41 32 23 44 22
1 33 33 33 11 22 22 33 22 22 41 44 23 22 33 11 14 44 33 22 44 22
1 32 33 33 11 23 22 33 22 22 11 44 33 22 33 44 14 44 33 22 11 22
1 32 33 32 13 23 22 32 22 23 11 42 23 23 33 14 44 41 22 33 11 22
1 32 33 33 13 23 22 33 24 22 44 44 22 23 33 14 14 44 32 22 41 23
1 32 33 32 11 22 22 33 22 23 44 44 23 22 33 14 11 44 33 23 44 22
1 22 33 32 13 33 22 22 24 23 11 22 23 33 33 44 14 11 32 23 11 23
1 32 33 33 13 23 22 33 24 22 44 44 23 23 33 11 11 44 33 22 44 22
1 33 33 32 13 23 22 32 24 23 41 44 23 22 22 11 14 44 32 23 41 22
1 32 33 32 11 23 22 33 22 23 44 42 23 22 33 14 14 41 32 23 41 22
1 22 33 32 11 33 22 32 24 23 41 42 23 22 33 14 44 44 22 33 11 23
1 33 31 33 13 33 22 33 44 23 41 42 23 23 32 14 14 44 22 22 41 23
1 33 33 32 11 22 22 33 22 22 41 44 22 22 33 14 11 41 32 22 44 22
1 33 31 32 13 23 22 22 22 23 44 42 23 23 33 14 14 41 32 33 44 22
1 32 33 32 13 23 22 32 22 22 44 44 22 22 32 14 14 44 33 22 44 33
1 33 33 33 11 33 22 32 22 22 44 44 22 22 33 14 11 41 33 22 41 22
1 32 31 32 13 23 22 22 24 23 41 42 22 23 32 14 14 41 32 23 11 23
1 33 33 32 11 23 22 32 22 22 41 44 23 22 32 14 14 41 33 22 41 22
1 22 11 22 13 33 22 22 22 22 11 44 33 22 32 44 44 44 32 33 41 23
1 32 31 32 11 22 22 33 22 22 44 44 22 22 33 14 14 44 33 23 44 22
1 22 33 22 13 33 22 32 22 23 41 42 22 22 32 14 14 44 33 22 41 22
1 32 31 22 33 23 22 22 44 22 11 44 33 23 22 44 14 11 22 23 41 22
1 33 33 22 13 23 23 22 44 23 11 42 33 23 22 44 44 41 32 23 11 23
1 32 33 33 11 22 22 33 22 23 44 42 23 22 33 11 14 44 32 22 44 22
1 32 11 33 11 22 23 22 22 22 44 44 23 22 33 44 11 44 32 22 41 23
1 32 33 22 13 33 33 22 22 23 11 44 22 33 33 14 14 41 32 23 41 33
1 32 31 22 13 22 23 32 22 33 11 44 23 23 33 14 44 44 22 33 41 23
1 33 33 33 11 22 22 22 22 22 44 44 23 23 33 44 14 44 33 22 41 22
1 22 31 32 13 33 23 32 24 23 11 42 23 33 33 14 44 11 32 23 11 33
1 32 31 32 33 33 22 32 24 23 11 42 23 23 32 44 14 41 22 33 44 22
1 32 11 32 13 33 22 32 24 23 41 44 23 22 33 14 14 44 32 23 41 22
1 32 33 22 13 23 22 33 22 22 41 44 23 22 33 14 14 44 32 23 44 22
1 33 33 32 13 23 22 33 22 23 41 42 23 23 32 14 14 41 22 23 41 22
1 22 33 22 11 33 22 32 24 23 41 44 22 22 33 14 14 41 32 23 41 22
1 32 33 32 11 22 22 22 22 22 44 42 22 22 33 11 11 44 32 22 44 22
1 32 33 32 11 23 23 32 22 23 41 44 33 23 33 14 14 41 32 23 11 22
1 32 33 32 11 22 22 32 22 23 41 42 23 22 33 14 14 44 33 23 41 22
1 32 33 33 11 22 22 32 22 22 44 44 23 22 32 14 11 41 32 22 44 22
1 33 33 33 11 23 22 32 22 23 41 44 22 23 33 11 11 44 32 23 41 22
1 33 33 33 11 22 22 33 22 22 44 44 23 22 33 11 11 44 33 22 41 22
1 22 33 32 13 23 22 32 22 23 41 42 22 22 33 11 44 41 33 23 41 23
1 32 33 22 13 22 22 32 22 22 44 44 22 33 33 14 14 11 32 23 44 22
1 32 31 32 11 22 22 33 44 23 41 44 33 23 32 44 44 41 22 33 41 33
1 33 31 33 11 22 22 32 22 23 41 44 22 23 33 14 14 44 33 23 41 22
1 33 33 32 13 23 22 32 22 22 44 42 33 22 22 11 14 44 33 23 41 22
1 22 33 22 13 23 23 32 24 23 44 44 23 23 33 14 14 41 32 23 41 23
1 22 31 22 11 33 22 22 24 22 11 44 22 22 32 44 44 41 32 23 11 22
1 32 33 32 13 23 22 22 22 23 41 44 22 22 33 14 14 44 32 23 41 22
1 33 33 33 11 23 22 33 22 22 44 44 23 22 32 11 14 44 33 23 11 22
1 32 33 22 13 33 22 33 22 23 41 44 23 23 33 11 14 44 32 23 44 22
1 33 33 32 13 23 22 32 24 22 41 44 23 22 33 14 14 44 33 23 41 23
1 32 33 32 13 23 23 33 24 33 41 44 33 23 33 14 44 44 32 33 41 22
1 32 31 32 13 33 22 32 24 33 41 42 23 23 33 44 44 11 32 22 11 23
1 22 33 33 11 23 22 32 22 23 41 44 23 23 33 14 11 41 32 23 11 22
1 32 33 33 13 22 23 32 22 22 41 42 33 22 33 44 44 41 32 23 44 33
1 32 31 32 13 33 33 22 22 22 41 42 23 22 33 14 14 41 32 22 44 22
1 32 31 33 11 23 22 33 22 22 41 42 23 23 33 14 14 44 32 23 41 22
1 32 33 33 11 22 22 33 22 22 44 44 22 22 33 11 11 44 33 22 41 22
1 32 33 32 11 23 22 32 24 33 41 44 23 23 33 14 14 44 22 33 44 33
1 33 33 33 11 23 22 32 24 23 11 44 23 22 33 14 44 11 33 23 41 22
1 22 31 22 13 33 23 32 24 33 11 22 23 33 32 14 14 11 22 33 41 23
1 33 33 33 11 23 22 33 22 22 44 44 22 22 33 11 11 41 33 22 44 22
1 32 33 32 13 22 22 33 22 22 44 44 22 23 33 14 11 44 32 22 11 23
1 33 33 33 11 22 22 33 24 22 44 44 22 22 32 44 11 41 33 22 44 23
1 32 33 22 13 23 22 32 44 22 11 44 23 23 32 44 44 41 22 23 41 22
1 33 33 32 11 22 22 33 22 22 44 44 22 23 33 11 14 41 33 22 41 23
1 32 33 32 11 22 22 32 22 23 41 42 23 23 33 11 14 41 32 22 41 22
1 22 33 33 13 33 23 22 24 23 41 42 33 23 32 44 11 11 22 23 41 23
1 32 31 32 13 33 22 32 24 23 44 42 23 23 33 14 14 44 32 23 41 23
1 32 31 32 13 33 22 33 22 22 44 44 22 22 33 11 14 44 32 22 41 22
1 32 33 22 13 33 22 22 24 23 41 44 33 23 32 11 44 41 22 23 11 22
1 22 31 32 11 23 23 32 24 23 41 42 33 23 22 14 14 41 32 23 41 23
1 32 31 32 13 23 22 32 24 23 44 44 23 23 32 14 14 41 32 22 41 23
1 33 33 33 13 22 22 33 22 23 41 44 23 23 32 11 11 44 32 23 41 22
1 32 33 22 13 33 23 22 24 23 11 42 23 23 33 14 14 11 32 23 44 23
1 32 31 33 13 23 22 32 24 23 11 44 23 22 32 14 14 44 33 33 41 23
1 33 33 32 33 23 22 32 22 22 41 42 33 33 33 14 44 41 32 33 41 23
1 22 33 22 13 33 23 22 22 23 11 42 23 33 22 44 14 44 33 33 44 23
1 32 31 22 13 23 22 32 44 23 41 42 23 22 32 44 44 11 33 33 41 23
1 32 33 33 11 22 22 32 24 22 44 42 23 23 33 14 11 41 32 23 44 22
1 32 31 33 33 22 23 33 24 22 41 44 23 23 33 14 14 44 33 23 41 22
1 32 33 33 13 22 22 32 24 22 41 44 23 22 33 11 11 44 33 22 41 22
1 32 33 32 13 33 22 22 44 23 41 44 22 22 33 11 14 41 32 23 41 22
1 32 31 32 33 23 22 22 24 22 11 42 23 33 22 14 14 41 32 23 11 22
1 33 33 32 13 22 22 33 22 22 44 44 23 22 33 11 11 44 33 22 41 22
1 32 33 33 11 22 22 33 24 22 41 44 23 22 33 14 14 44 33 22 41 22
1 22 31 33 13 33 22 22 24 22 41 42 23 22 32 14 14 11 32 33 11 22
1 32 33 32 11 22 22 33 22 23 44 44 22 22 32 11 11 44 32 22 11 22
1 33 33 22 11 23 23 32 24 22 11 44 23 22 32 44 11 11 32 22 11 22
1 32 31 22 11 23 22 22 24 22 41 42 23 22 33 14 11 44 32 33 11 23
