 rs2817909 rs2817901 rs750012 rs2817896 rs893961 rs1465889 rs1866790 rs4506436 rs12723359 rs2119320 rs2869511 rs7536195 rs6660612 rs751022 rs893966 rs6667416 rs4390147 rs6662622
0 14 44 33 44 14 41 41 33 14 44 11 32 11 33 41 41 32 32
0 11 41 32 11 14 41 41 33 11 44 14 32 11 32 41 44 33 22
0 14 41 22 11 11 41 44 32 11 44 14 32 11 33 11 41 33 32
0 44 41 32 44 14 11 44 32 11 41 11 33 11 33 41 44 32 22
0 11 44 33 14 14 11 44 33 44 11 11 33 11 33 44 41 33 33
0 14 41 22 11 11 41 44 33 11 41 14 33 11 32 11 41 33 32
0 11 44 32 11 11 44 44 33 11 44 14 33 14 33 44 44 33 33
0 11 41 33 11 14 44 44 33 11 44 11 32 11 33 44 44 33 32
0 14 44 32 11 14 44 41 33 11 41 11 32 11 33 44 44 33 32
0 14 41 32 11 14 41 44 33 11 41 44 32 11 33 41 44 32 32
0 14 44 33 11 14 11 41 33 44 11 14 33 14 33 11 44 33 33
0 11 44 32 44 14 41 44 33 11 44 11 33 14 33 41 41 33 33
0 11 44 33 11 14 41 44 32 11 44 11 33 11 33 44 44 33 22
0 14 41 33 11 14 41 44 33 11 41 14 32 11 32 41 44 33 22
0 11 41 33 14 14 41 44 33 14 44 11 33 14 33 41 41 33 33
0 14 41 32 14 14 41 44 32 14 44 14 22 11 32 41 41 33 22
0 14 11 22 11 14 41 44 33 11 44 11 33 14 32 41 41 32 33
0 14 44 32 11 14 44 41 32 11 41 14 32 11 33 41 44 33 32
0 44 44 33 11 14 11 44 33 44 41 14 33 11 22 41 41 33 33
0 14 11 22 44 14 44 41 33 11 41 14 33 11 32 44 44 33 22
0 44 44 33 11 11 41 44 33 44 44 14 32 11 32 44 44 33 33
0 11 44 32 11 11 41 44 33 11 41 11 32 11 33 41 41 33 32
0 11 41 33 14 14 44 44 32 11 44 44 32 14 32 41 41 32 33
0 11 44 32 11 11 41 41 33 11 41 44 33 11 32 41 11 33 32
0 11 44 22 11 44 41 41 33 11 44 11 33 11 33 41 44 33 33
0 14 41 33 14 44 11 44 32 14 11 11 32 11 32 41 41 32 22
0 14 41 33 11 14 41 41 33 11 44 11 32 11 33 41 44 33 33
0 14 41 32 11 14 44 44 33 14 41 11 32 44 33 11 44 32 33
0 11 41 32 11 14 11 44 33 44 41 14 22 14 33 11 44 33 32
0 44 41 22 11 14 41 41 33 11 41 11 32 14 32 44 44 32 33
0 14 44 22 11 11 41 44 33 11 44 14 33 11 32 41 44 33 32
0 11 11 22 14 14 44 44 32 11 44 44 22 11 32 44 44 33 33
0 11 11 22 11 14 41 41 33 44 44 44 32 14 32 11 44 33 32
0 14 41 32 14 11 41 41 32 14 44 11 33 11 33 44 41 33 32
0 11 44 33 11 11 11 44 32 14 44 11 22 11 33 44 41 32 33
0 11 11 32 14 11 41 44 33 44 44 11 32 11 33 41 41 33 33
0 14 41 33 11 11 44 44 32 11 41 11 32 11 33 44 41 32 33
0 11 11 22 11 14 41 41 33 14 44 14 22 11 32 41 11 32 33
0 44 41 33 14 44 11 41 22 14 44 11 33 11 33 11 44 33 33
0 11 41 32 14 14 44 41 33 14 41 11 33 14 33 41 41 33 33
0 11 44 32 14 14 41 44 33 11 44 14 32 14 33 41 41 33 33
0 14 44 33 11 14 41 44 33 11 41 14 33 11 33 44 41 33 32
0 11 11 32 11 14 41 44 33 14 44 11 32 11 33 11 44 22 33
0 14 41 33 14 14 11 44 32 14 41 44 32 14 33 41 11 32 32
0 11 44 33 11 11 41 44 33 14 41 11 22 11 33 44 44 32 33
0 11 44 33 44 11 41 44 33 11 44 11 33 11 32 41 44 33 32
0 14 11 32 11 11 41 41 32 11 11 14 32 14 22 11 11 33 33
0 11 41 33 11 14 41 44 32 11 41 14 33 14 32 44 41 33 33
0 11 41 33 11 14 11 44 33 11 41 14 22 11 33 44 11 33 33
0 11 44 32 11 14 41 44 33 11 44 11 32 14 33 44 44 32 33
0 14 41 32 11 11 11 44 22 44 11 14 32 14 22 11 44 22 33
0 14 44 32 14 11 44 44 33 14 44 14 33 11 33 44 44 33 33
0 14 44 33 14 14 44 44 33 11 44 44 33 11 33 44 44 33 33
0 14 44 32 14 11 44 44 33 14 41 11 32 14 33 44 41 32 22
0 11 41 33 11 14 11 44 33 14 11 11 22 14 33 11 44 33 32
0 14 44 32 11 11 11 44 33 11 41 11 32 14 33 41 41 32 22
0 11 44 32 14 11 44 41 33 14 44 14 33 11 33 11 44 33 32
0 11 44 22 11 11 44 44 22 14 41 14 32 14 33 41 11 32 33
0 14 44 33 11 11 44 44 33 11 44 11 32 11 33 41 41 33 33
0 11 44 32 14 11 41 44 33 11 41 11 22 11 33 44 44 33 33
0 44 41 32 44 14 44 44 33 14 41 11 33 14 32 44 44 33 32
0 11 44 33 14 11 44 44 33 14 44 14 32 11 33 44 44 33 33
0 11 41 22 14 14 41 44 33 14 41 14 32 11 33 11 11 33 32
0 14 44 33 11 11 41 41 33 11 44 11 33 11 32 41 44 33 33
0 14 44 32 14 14 11 44 33 14 41 11 33 14 32 41 41 33 32
0 14 44 22 11 44 11 44 33 44 41 44 32 44 33 41 44 33 32
0 14 44 32 14 14 41 44 33 14 11 14 32 14 32 41 41 33 32
0 11 41 32 11 14 11 44 32 14 44 14 33 11 22 11 41 33 32
0 11 44 32 11 14 44 44 33 11 44 14 32 11 33 41 41 22 32
0 14 41 32 14 11 41 44 32 14 41 11 33 14 33 41 44 32 33
0 44 41 22 11 11 11 44 33 14 11 11 33 11 22 41 11 32 32
0 14 11 32 11 11 11 44 33 44 41 14 33 11 33 41 41 33 33
0 11 41 22 11 11 41 41 33 14 44 14 33 11 33 41 44 33 32
0 11 41 33 11 11 41 44 33 14 44 14 33 11 33 44 41 33 33
0 44 41 32 14 14 11 44 32 11 41 11 33 11 32 44 44 32 32
0 14 41 32 44 11 44 44 32 11 41 14 22 11 32 41 41 33 32
0 14 41 32 14 14 11 44 33 14 44 44 32 14 33 41 44 32 33
0 11 11 33 11 11 11 44 32 11 44 14 33 14 33 44 44 22 33
0 11 44 32 11 11 44 44 33 11 44 11 32 11 33 41 41 33 33
0 14 44 33 14 11 41 44 33 14 44 11 33 11 33 44 44 33 32
0 11 44 22 11 14 41 41 32 14 41 14 33 14 32 11 41 33 33
0 11 41 32 11 11 11 41 32 14 44 14 33 14 32 41 11 32 22
0 11 11 32 14 14 41 41 22 14 41 14 33 11 33 11 41 33 32
0 11 44 32 14 11 41 41 32 11 41 11 32 11 33 44 41 33 32
0 14 44 32 11 11 41 41 32 11 44 11 33 11 33 11 41 33 32
0 14 41 33 11 14 41 44 33 44 11 11 33 11 33 44 44 33 32
0 14 11 22 14 14 11 44 33 11 41 14 22 11 33 41 41 33 32
0 14 44 33 11 11 41 41 32 14 44 11 33 14 33 41 41 33 33
0 11 44 32 14 14 41 44 32 14 41 14 22 11 32 41 41 32 33
0 11 44 33 14 14 44 41 33 11 44 11 33 11 33 41 44 33 33
0 14 41 32 14 11 41 44 33 14 44 14 33 14 33 44 41 33 33
0 11 41 33 14 11 41 41 33 11 44 14 32 11 33 11 41 33 32
0 14 11 22 14 11 11 41 33 11 11 11 33 14 33 44 44 32 33
0 14 41 22 14 14 44 44 32 11 41 14 33 11 33 41 41 32 33
0 11 44 22 11 14 41 41 33 11 41 14 22 11 33 41 41 33 32
0 11 41 32 11 11 44 44 33 11 44 11 33 11 33 44 44 33 33
0 44 41 33 11 11 44 44 33 11 44 14 32 11 32 41 41 33 33
0 11 44 32 11 14 44 41 33 11 41 14 33 11 33 41 41 32 33
0 14 44 32 11 11 41 41 32 11 41 14 33 11 33 44 44 33 32
0 11 44 33 14 11 44 44 33 14 44 14 33 11 33 44 11 33 33
0 11 41 33 11 11 44 44 33 11 44 11 32 11 32 41 41 33 33
0 11 44 33 14 11 11 44 33 14 41 14 33 14 33 11 41 33 33
0 11 44 22 11 11 11 44 33 14 41 14 32 14 33 41 41 33 32
0 14 44 32 11 11 11 44 33 14 44 11 33 11 33 11 44 33 33
0 11 41 32 14 14 41 44 33 11 44 14 33 11 33 11 41 33 33
0 44 41 32 11 14 41 44 33 11 44 14 33 11 32 41 41 33 33
0 14 41 33 11 11 41 44 33 11 44 14 33 11 32 44 41 33 32
0 11 41 32 11 11 41 44 33 14 41 14 32 11 32 41 44 33 33
0 11 44 32 14 11 41 44 32 11 44 14 22 11 33 11 41 33 22
0 11 44 33 14 11 41 44 32 14 44 14 33 11 33 41 44 32 33
0 14 11 32 44 11 41 44 22 11 41 14 22 11 32 11 11 33 32
0 11 41 33 11 11 44 44 33 14 41 14 22 11 33 11 44 32 32
0 14 41 32 11 14 41 44 32 11 41 11 22 11 33 41 41 33 33
0 11 44 22 14 11 11 44 33 14 44 11 32 11 32 41 44 33 33
0 11 41 32 44 14 11 44 33 14 41 14 32 44 33 41 41 32 33
0 14 44 32 14 11 11 44 33 44 44 14 33 14 33 11 11 33 32
0 14 41 33 44 14 41 44 32 14 44 44 32 11 32 44 41 33 32
0 14 44 33 11 11 41 44 33 11 44 11 33 11 33 41 44 33 33
0 11 44 22 11 44 41 11 32 11 44 14 32 11 33 41 41 32 33
0 14 44 32 11 14 44 44 33 11 41 11 33 11 33 11 41 33 32
0 11 41 32 14 11 41 44 22 14 44 14 33 11 32 11 44 33 33
0 14 44 32 14 11 41 44 32 11 44 44 33 14 33 44 44 33 32
0 11 44 33 14 14 44 11 33 11 44 14 33 11 33 41 11 33 33
0 14 44 32 11 11 41 44 33 14 44 14 33 11 33 44 44 32 32
0 44 41 22 14 44 41 41 32 14 41 14 32 44 32 11 44 32 32
0 11 44 32 11 14 11 44 33 14 41 14 33 11 33 11 41 33 32
0 11 44 33 14 14 11 44 32 11 44 11 33 11 32 44 41 33 33
0 14 44 22 14 14 41 44 32 14 41 14 32 44 32 41 11 32 32
0 14 41 22 14 14 41 41 32 14 41 14 33 11 33 41 41 33 32
0 11 41 33 14 11 44 44 33 14 44 11 33 14 33 41 41 33 33
0 14 41 32 11 14 11 44 33 14 41 14 22 14 32 11 44 32 33
0 11 44 32 14 44 44 44 33 14 44 14 33 11 33 41 11 32 33
0 14 44 32 14 14 11 41 33 14 44 14 22 11 33 41 41 33 33
0 14 44 22 11 11 44 44 32 11 41 11 33 11 33 41 41 33 33
0 11 44 33 11 14 41 44 32 11 44 11 33 11 33 44 44 33 33
0 14 44 32 14 44 11 44 22 44 44 44 22 14 33 11 44 32 32
0 11 44 33 11 11 41 41 33 14 44 11 32 14 33 11 44 33 33
0 11 44 33 14 11 41 44 33 14 41 14 33 11 33 41 44 33 32
0 14 41 33 11 14 11 44 33 14 44 14 32 11 33 41 44 33 32
0 14 41 32 11 14 41 44 33 14 41 14 33 14 33 44 44 33 22
0 11 11 32 11 11 41 44 33 14 41 14 33 14 32 41 44 33 33
0 11 44 32 44 11 41 41 33 44 41 11 33 14 33 41 41 33 22
0 11 44 32 11 11 11 41 32 11 44 11 33 11 32 41 44 33 33
0 14 41 33 14 11 41 41 33 11 44 11 33 14 32 44 41 33 32
0 14 41 32 11 44 41 44 22 44 41 14 33 11 32 44 44 32 32
0 11 44 22 14 14 41 44 32 11 41 14 33 11 32 41 11 32 22
0 14 41 33 14 11 44 44 33 14 44 11 32 11 33 44 44 33 32
0 11 41 33 14 14 41 41 33 14 44 14 33 11 32 44 44 32 33
0 11 44 32 14 11 41 44 32 11 41 14 33 11 33 41 41 32 33
0 14 41 32 11 11 41 44 33 14 41 11 32 11 33 44 41 33 33
0 11 11 32 14 14 41 44 32 44 11 14 32 11 33 41 41 33 22
0 11 44 32 11 11 11 44 33 11 44 11 33 11 33 11 11 32 33
0 11 41 33 14 11 41 44 32 11 11 14 32 14 32 11 11 32 33
0 11 44 33 44 11 41 44 33 44 44 11 32 11 32 41 41 33 33
0 11 44 22 11 14 41 44 33 14 44 11 33 14 22 41 44 33 33
0 14 41 32 44 11 44 44 32 14 44 11 32 14 33 41 41 33 32
0 11 44 22 11 11 41 44 33 14 44 11 33 11 32 11 44 33 32
0 14 11 32 14 44 41 41 33 14 44 11 32 14 33 41 41 32 33
0 14 41 32 14 11 41 41 33 14 44 11 33 11 32 44 41 33 33
0 11 11 32 14 14 41 41 33 14 41 44 32 11 33 44 41 33 33
0 14 44 32 11 11 44 44 33 11 41 14 32 11 32 44 44 33 33
0 14 11 32 11 11 11 11 33 11 41 44 22 11 32 41 41 33 33
0 44 41 32 11 14 11 44 33 14 41 14 33 11 32 41 44 33 33
0 11 41 32 44 14 11 41 32 14 44 44 33 14 22 41 41 22 32
0 11 44 32 11 44 44 44 33 11 41 14 33 11 33 44 41 33 33
0 11 41 32 14 14 11 41 32 14 41 14 22 11 33 41 44 32 32
0 11 41 33 11 11 41 44 33 14 44 11 32 11 33 11 44 33 33
0 11 41 22 14 11 41 44 33 11 44 11 32 14 32 11 41 33 32
0 11 41 32 11 14 11 44 33 14 41 14 33 14 32 41 41 33 33
0 11 41 32 14 14 41 41 32 14 41 14 32 11 33 41 44 32 32
0 11 11 32 11 11 44 41 33 11 41 11 33 11 33 44 44 33 32
0 11 41 22 11 11 44 41 32 14 41 14 32 14 33 11 41 33 32
0 11 44 22 11 44 41 41 32 14 44 14 32 11 33 41 41 33 32
0 11 41 32 11 11 44 44 32 11 41 14 33 11 22 11 44 33 32
0 14 41 22 14 11 44 44 32 11 41 11 32 11 33 41 41 33 32
0 14 41 32 11 14 44 44 33 14 44 44 32 11 32 44 41 33 32
0 11 41 22 14 11 41 41 32 14 41 14 22 11 32 41 44 33 33
0 11 41 33 14 11 44 44 33 11 11 14 32 11 33 41 41 33 32
0 44 41 32 11 44 41 44 22 11 41 11 32 44 33 44 11 33 32
0 14 41 32 14 14 11 41 32 14 41 14 33 14 32 11 41 33 32
0 14 44 32 14 11 41 41 33 44 41 14 33 11 32 41 41 32 33
0 11 11 22 14 11 41 44 33 44 11 44 22 14 32 11 41 32 33
0 14 44 32 11 14 41 44 33 14 44 11 33 11 33 41 44 33 33
0 11 44 32 14 11 41 41 33 44 44 14 33 11 32 44 41 33 32
0 14 41 32 14 14 44 41 33 44 41 14 32 11 32 11 11 32 32
0 14 41 32 14 11 44 44 32 11 41 11 33 11 33 41 41 33 32
0 11 41 32 14 11 44 44 33 14 44 11 33 14 33 44 44 33 33
0 11 44 32 11 11 41 41 32 11 41 44 33 11 33 44 44 33 32
0 14 41 22 11 11 44 44 33 11 44 11 32 11 33 44 41 33 33
0 11 41 22 14 11 11 41 32 11 41 14 32 11 33 11 41 33 32
0 11 44 33 11 11 41 41 32 11 44 11 32 11 32 44 41 33 33
0 14 44 33 11 14 44 41 32 14 41 14 32 14 33 41 44 33 33
0 11 44 33 11 11 44 44 33 11 44 11 33 11 33 41 44 22 32
0 11 41 32 11 11 44 44 33 11 44 11 33 11 33 44 41 32 33
0 11 44 32 14 11 44 44 33 44 41 11 32 14 33 44 41 33 32
0 11 44 33 11 14 41 41 33 14 44 14 22 11 33 11 44 33 32
0 11 41 33 11 11 41 44 33 14 44 14 33 14 32 44 44 33 22
0 14 11 32 11 11 41 44 32 44 41 14 22 11 33 41 44 33 33
0 11 44 32 14 11 41 44 32 11 44 11 32 11 33 44 44 33 32
0 11 44 33 14 14 44 44 33 14 44 14 33 11 33 44 44 32 33
0 11 44 22 44 11 41 44 33 14 44 11 32 11 33 41 44 33 32
0 14 44 33 11 14 41 44 33 11 44 11 33 11 33 41 44 33 32
0 11 41 33 11 14 41 44 33 11 44 11 33 11 33 44 44 32 33
0 44 44 33 14 14 11 44 33 14 41 11 22 11 33 41 44 33 33
0 11 41 33 14 11 41 44 33 11 44 11 33 11 33 44 44 33 33
0 14 44 22 11 11 11 44 33 11 41 11 33 11 33 44 44 33 33
0 11 44 32 11 14 41 41 33 11 44 11 32 11 32 41 44 32 32
0 14 11 32 11 44 41 44 33 11 44 14 33 11 33 41 44 33 33
0 11 44 22 11 14 11 44 33 14 44 11 22 14 32 41 44 33 33
0 11 44 32 44 11 41 41 32 44 44 11 22 11 33 41 44 33 22
0 11 44 32 11 14 41 44 33 14 41 14 32 14 33 41 41 22 33
0 11 41 32 14 44 41 44 32 14 11 14 32 11 32 41 44 32 22
0 11 11 33 11 14 11 44 32 11 41 11 32 11 33 41 44 33 32
0 14 11 32 14 11 44 44 32 14 11 11 32 11 33 11 44 32 32
0 11 44 32 11 14 44 44 33 11 44 14 32 14 33 11 11 33 32
0 14 41 33 44 14 41 44 33 11 44 11 32 11 32 41 41 33 32
0 14 41 22 11 14 41 44 33 14 41 44 22 11 33 44 41 33 33
0 14 44 22 11 14 41 41 32 11 44 11 22 11 32 44 44 33 22
0 11 11 22 44 14 44 41 33 14 41 44 32 14 32 11 44 32 32
0 11 44 33 11 14 41 44 33 11 44 11 33 11 33 41 44 33 32
0 14 44 32 14 11 41 44 33 11 44 14 33 11 33 41 44 33 33
0 14 44 33 11 11 44 44 33 11 41 11 33 11 32 44 44 33 33
0 11 44 33 11 11 11 44 33 14 44 14 33 14 33 41 44 33 32
0 11 41 33 11 11 44 41 33 11 44 14 32 11 33 41 44 33 32
0 11 41 32 11 14 11 44 33 14 41 14 32 14 33 41 41 33 32
0 44 44 32 11 11 41 44 33 14 44 11 33 11 32 11 44 33 33
0 11 44 33 11 11 41 44 33 11 44 11 33 11 33 44 41 33 33
0 11 41 33 11 11 41 44 32 11 41 14 33 14 32 41 44 33 33
0 11 44 32 11 11 41 44 33 44 44 11 33 11 32 44 44 33 33
0 14 44 32 11 14 41 41 33 14 41 14 32 14 33 11 41 22 33
0 11 44 33 11 11 44 44 32 14 41 11 22 11 33 44 44 32 33
0 11 41 33 11 14 11 44 33 11 44 11 32 11 33 44 44 33 33
0 11 44 33 14 11 44 44 33 11 44 11 33 11 33 41 44 33 33
0 44 44 22 14 14 41 44 33 14 41 11 33 14 32 41 41 33 33
0 14 41 33 14 14 11 44 33 44 41 11 33 11 32 41 41 33 33
0 11 44 33 11 11 41 44 33 11 41 11 32 11 32 41 41 32 32
0 11 41 32 11 11 44 44 33 11 44 11 32 11 33 44 44 33 32
0 11 44 33 14 14 41 41 32 11 44 14 33 14 32 41 41 33 32
0 14 41 33 11 14 11 41 32 44 11 14 33 11 32 41 11 33 32
0 14 41 22 11 14 41 44 32 14 44 44 32 11 33 41 41 32 32
0 14 11 22 14 11 41 44 33 44 44 14 32 11 32 11 41 33 33
0 11 41 22 14 11 41 44 32 11 44 11 33 11 33 44 44 33 33
0 11 44 22 11 11 41 44 33 11 44 14 33 11 32 41 41 33 33
0 11 44 33 11 11 44 44 33 14 41 11 32 11 33 41 44 33 32
0 11 44 32 11 14 41 11 33 14 11 14 33 11 33 44 44 33 33
0 14 44 22 14 11 11 41 32 44 41 14 33 11 32 44 44 33 32
0 11 41 22 11 11 11 44 22 14 11 44 32 14 32 11 41 32 33
0 11 44 33 14 11 44 44 33 14 41 14 32 11 33 41 44 33 32
0 11 44 32 11 11 11 44 33 14 41 11 22 11 33 41 41 22 32
0 11 44 32 11 11 44 44 33 11 44 11 33 11 33 41 44 32 33
0 14 11 33 14 11 41 41 22 14 11 14 32 11 33 44 11 33 33
0 11 44 33 11 11 41 44 32 11 44 14 32 11 22 41 44 33 33
0 14 41 22 14 11 11 44 33 14 41 11 32 11 32 41 41 33 33
0 11 41 32 14 14 44 44 33 14 41 11 33 11 33 41 44 33 33
0 11 41 32 11 14 41 44 32 44 41 14 33 11 33 41 41 33 33
0 11 11 33 14 14 41 44 32 14 41 44 32 11 22 11 44 33 32
0 11 44 33 14 11 44 44 32 14 41 14 32 11 32 41 44 33 33
0 11 44 32 11 11 44 44 33 14 44 11 33 11 33 44 44 33 32
0 11 41 33 11 14 11 44 33 14 11 14 33 14 33 41 41 33 32
0 44 41 32 11 14 41 44 32 11 44 14 32 14 33 41 41 33 22
0 11 41 32 11 14 44 44 33 11 41 11 32 11 33 41 41 33 33
0 14 44 32 11 14 41 44 33 11 11 11 22 11 33 44 44 33 33
0 11 11 32 14 14 41 44 33 11 44 14 32 11 33 44 41 32 32
0 14 41 22 11 14 11 11 33 14 41 14 33 11 33 41 44 32 32
0 44 41 22 11 11 41 44 33 44 44 11 32 14 32 41 44 33 32
0 11 44 32 11 11 44 44 33 14 44 11 33 11 32 11 44 32 33
0 11 44 22 11 11 44 44 33 14 44 11 32 11 33 11 44 32 33
0 11 41 22 44 11 11 41 22 14 41 14 32 11 32 41 44 32 32
0 11 44 33 11 11 44 44 33 11 11 14 33 11 32 44 41 33 32
0 11 44 33 11 11 41 44 33 44 44 11 33 14 32 44 44 32 32
0 14 41 33 11 11 11 44 32 14 41 11 22 11 32 41 41 33 33
0 44 44 22 11 44 41 41 33 11 41 14 33 11 33 44 44 33 33
0 11 44 32 14 11 11 41 33 11 44 11 32 11 33 11 41 33 33
0 14 11 32 11 14 41 44 33 44 11 11 32 11 33 41 44 33 33
0 11 44 32 11 11 41 41 33 11 41 11 32 11 33 41 41 33 32
0 11 41 32 44 11 41 44 32 11 44 11 32 11 32 11 41 32 32
0 14 44 32 14 11 41 44 32 11 41 14 32 11 33 11 44 33 32
0 11 44 32 14 11 41 44 33 11 11 11 32 11 33 41 41 33 32
0 11 44 33 11 11 11 44 33 11 41 14 32 11 32 44 11 33 32
0 11 44 33 11 11 41 44 33 11 44 11 33 14 33 41 41 22 33
0 11 44 32 14 11 44 44 33 11 44 11 32 11 33 41 41 32 33
0 11 41 32 11 11 41 44 33 11 44 11 33 11 33 44 44 33 33
0 11 11 32 11 11 41 44 33 11 41 44 32 11 33 44 44 33 33
0 14 41 33 14 14 41 44 33 11 44 14 33 14 33 41 44 33 33
0 14 41 33 14 14 44 41 33 11 41 14 33 11 22 44 44 33 33
0 11 44 32 11 11 11 44 32 14 44 14 33 11 33 44 41 33 32
0 44 44 22 11 11 11 44 32 11 44 11 33 14 32 11 41 33 33
0 11 41 33 14 14 11 41 33 11 41 14 32 14 32 44 11 33 32
0 11 44 32 14 14 44 44 33 11 44 11 33 11 32 41 41 33 33
0 11 44 22 11 11 41 44 33 11 44 11 33 11 32 44 44 33 33
0 44 41 22 14 44 11 41 32 11 11 14 32 14 33 11 11 32 22
0 11 41 32 14 11 41 44 33 14 41 14 33 11 33 41 41 32 33
0 14 44 33 11 14 11 44 33 14 41 11 33 11 32 11 44 33 33
0 11 44 32 11 11 11 44 33 14 44 11 22 11 33 41 44 33 33
0 11 41 32 14 11 41 41 33 14 44 11 33 14 33 41 44 33 33
0 11 44 32 44 11 41 41 22 14 44 14 32 11 33 11 44 32 32
0 11 41 33 11 14 11 44 32 11 44 44 33 14 33 41 11 33 33
0 14 41 32 14 11 41 41 32 44 11 14 22 11 22 11 11 32 32
0 11 41 32 11 11 44 44 32 11 44 11 32 14 32 41 44 33 32
0 14 44 32 11 14 44 44 33 11 41 14 33 11 32 41 44 33 32
0 11 44 32 14 14 41 44 33 11 41 11 22 11 33 41 44 32 33
0 11 44 32 14 44 11 41 32 44 41 11 33 11 32 41 11 33 33
0 14 41 33 14 11 41 44 33 11 41 14 33 11 32 41 44 33 32
0 14 11 32 14 14 11 41 32 44 41 14 32 14 32 11 11 32 32
0 14 41 32 11 11 41 44 33 14 44 14 33 11 33 41 44 33 32
0 11 41 32 11 14 41 44 33 11 44 11 32 11 32 44 41 33 32
0 44 11 33 11 44 44 41 33 14 41 14 22 14 32 41 41 22 32
0 14 44 32 14 11 44 44 33 14 41 11 33 14 32 41 41 33 32
0 14 41 33 11 11 11 44 33 14 44 14 32 11 33 41 44 33 32
0 11 11 32 14 14 11 41 32 14 41 11 32 11 33 44 41 33 33
0 11 41 33 11 44 11 44 22 11 44 14 32 14 33 44 41 32 32
0 11 44 33 11 14 41 44 33 14 41 11 33 11 33 41 41 33 33
0 11 41 32 11 11 41 44 33 14 44 14 33 11 33 41 44 33 33
0 14 41 32 11 11 44 44 33 11 44 14 32 14 33 41 41 33 33
0 14 44 32 44 11 44 44 33 11 44 11 33 11 33 44 44 33 33
0 44 41 32 14 11 11 41 32 14 44 44 22 11 32 41 11 33 33
0 14 44 32 11 44 44 11 32 11 44 11 22 11 32 44 41 33 32
0 11 41 33 14 44 44 44 33 14 11 11 32 14 32 44 44 33 32
0 11 11 32 11 14 44 44 32 11 44 11 32 11 33 44 44 33 33
0 11 44 22 11 11 41 44 33 11 11 11 32 11 33 41 41 33 32
0 44 44 22 11 11 44 44 32 44 41 14 32 11 33 41 41 33 32
0 11 41 32 14 14 11 44 32 14 11 11 32 14 22 11 44 33 22
0 11 41 22 11 11 41 41 33 14 41 44 33 11 33 41 41 33 33
0 11 44 33 11 14 44 44 33 44 44 11 33 14 33 41 41 33 33
0 14 41 32 11 44 11 44 32 44 44 14 32 11 32 11 44 32 32
0 11 44 22 11 11 41 44 33 11 44 11 32 11 33 44 44 33 33
0 11 44 32 14 14 11 41 22 11 11 44 32 11 32 11 41 33 32
0 11 41 32 14 14 41 41 32 14 41 11 33 14 33 41 41 33 32
0 11 44 33 11 11 41 44 33 11 44 11 33 11 33 41 41 33 33
0 11 44 33 14 11 41 44 33 14 41 14 32 11 32 44 44 32 33
0 11 44 32 11 11 41 44 33 14 41 11 33 11 32 41 44 32 32
0 14 41 32 11 14 41 44 33 14 11 44 32 14 33 44 41 33 22
0 14 44 32 11 14 41 44 33 11 44 11 33 11 33 44 44 32 33
0 11 41 32 11 44 44 41 33 14 41 44 22 11 33 41 44 32 33
0 11 41 32 11 11 41 44 33 11 44 11 33 11 32 41 41 33 33
0 11 11 32 14 11 41 44 33 11 41 11 33 14 32 11 41 33 33
0 11 44 32 14 11 44 44 33 11 41 11 33 11 32 41 44 32 32
0 11 11 32 11 11 41 44 32 14 44 14 22 14 32 41 44 33 22
0 11 44 32 11 14 41 44 33 11 44 11 32 11 33 41 41 33 33
0 14 41 33 14 14 41 44 33 44 44 14 33 11 33 41 41 33 32
0 11 44 33 14 11 44 44 33 11 44 11 33 11 33 41 41 33 32
0 11 41 32 11 11 44 44 33 11 41 11 33 11 33 41 44 33 33
0 44 11 22 44 14 11 44 32 14 41 14 33 14 32 41 11 33 32
0 14 41 32 14 11 44 44 33 11 41 14 33 11 32 44 41 32 32
0 11 44 33 11 14 44 44 33 11 44 11 33 11 33 41 41 33 33
0 44 41 33 11 11 41 41 33 14 44 14 22 11 33 11 44 33 32
0 14 44 32 14 14 44 44 32 11 44 14 33 11 33 44 44 32 33
0 11 44 33 11 14 41 44 33 11 41 14 32 14 33 44 44 33 32
0 11 41 22 11 44 44 41 33 11 41 14 33 11 33 41 11 33 32
0 11 41 22 11 11 41 41 32 44 11 14 22 11 33 11 44 33 32
0 14 44 22 11 11 11 44 33 44 41 14 22 44 32 41 11 33 33
0 11 41 22 14 11 44 44 33 14 44 14 33 14 33 41 11 33 32
0 11 44 32 11 11 44 41 33 14 41 14 33 11 33 44 41 33 32
0 11 44 33 14 44 41 41 33 14 44 14 33 11 22 11 44 33 32
0 11 44 33 11 14 44 44 33 11 44 11 32 11 33 44 44 32 33
0 11 41 22 11 11 41 44 32 11 44 14 33 14 33 41 11 33 32
0 11 41 33 11 11 41 44 33 14 44 11 33 14 33 11 44 33 33
0 14 41 32 11 14 44 44 33 11 44 14 33 11 33 41 41 32 33
0 11 44 22 11 11 11 44 33 11 41 14 22 14 33 11 41 33 33
0 44 41 32 44 14 41 44 33 14 41 14 33 11 33 44 41 33 32
0 14 44 22 11 11 41 44 22 14 44 44 33 14 32 41 41 32 32
0 14 44 32 14 14 41 44 32 14 11 14 32 11 22 11 41 32 32
0 14 44 32 11 14 11 44 33 11 44 11 33 11 33 41 41 33 33
0 14 44 32 14 14 41 41 32 44 44 44 33 11 32 44 41 33 33
0 14 41 32 14 14 44 44 32 14 11 11 32 11 32 11 41 33 33
0 11 41 32 11 14 44 44 33 11 41 11 33 11 33 11 41 33 33
0 11 44 32 14 11 11 41 33 11 44 14 32 11 33 11 41 32 32
0 11 41 32 11 14 41 41 33 44 44 14 32 11 32 41 41 33 33
0 14 41 32 11 14 11 41 33 14 44 14 22 11 32 41 41 33 32
0 11 44 33 11 11 11 44 32 11 41 14 33 11 32 44 41 32 32
0 11 41 22 11 11 41 44 32 11 41 11 22 11 32 11 41 33 33
0 11 41 32 44 11 44 44 33 14 44 11 33 14 32 41 41 33 33
0 11 44 32 14 11 44 41 32 14 41 14 33 11 32 44 41 33 33
0 14 44 32 14 11 44 41 33 11 44 11 32 11 33 44 41 33 33
0 14 44 32 14 14 41 41 33 14 41 11 22 14 32 44 11 32 32
0 14 41 22 14 14 44 44 33 14 44 14 33 14 33 11 44 33 33
0 11 44 32 11 14 44 44 33 11 41 11 32 14 33 41 44 33 33
0 11 44 22 14 11 41 44 33 11 41 44 32 11 33 41 11 33 33
0 14 44 32 11 11 41 44 33 11 44 11 32 11 33 41 41 33 22
0 11 41 32 11 14 44 41 32 14 44 14 33 11 32 41 41 33 32
0 11 44 32 11 14 11 44 33 11 11 11 32 11 33 41 41 33 32
0 14 11 33 11 11 41 44 33 14 44 14 32 11 33 11 41 33 33
0 14 44 33 11 14 44 44 33 11 44 44 33 11 32 11 44 33 33
0 11 44 22 11 14 41 44 33 14 41 11 22 14 33 41 41 33 33
0 11 44 32 11 14 41 11 32 11 44 14 33 11 33 41 11 32 32
0 14 41 32 11 11 41 41 33 11 41 14 22 11 32 41 44 33 32
0 11 44 32 11 14 11 41 32 11 44 14 33 11 32 41 44 33 32
0 11 41 33 11 11 11 44 33 14 44 14 33 14 33 41 41 32 33
0 11 44 33 44 11 44 41 32 14 41 11 32 11 33 44 44 33 33
0 11 44 32 14 11 11 41 33 11 41 14 32 11 33 11 44 33 33
0 11 44 33 14 11 44 44 33 11 41 14 33 11 33 41 44 33 32
0 14 44 32 44 11 44 44 32 11 11 11 33 11 32 44 44 33 33
0 14 44 22 14 11 41 44 32 14 44 14 33 14 33 11 41 32 32
0 14 44 22 14 11 41 44 32 11 44 11 32 11 33 44 44 32 32
0 11 41 32 11 14 41 44 32 14 41 14 33 11 32 41 41 33 32
0 14 41 33 11 14 44 41 33 11 44 14 33 11 33 41 41 33 33
0 14 44 32 14 14 11 41 33 11 44 14 32 11 32 44 41 33 33
0 11 44 33 14 11 44 41 33 14 41 14 33 14 33 44 41 33 33
0 14 41 22 11 14 11 44 33 11 11 14 22 11 32 41 41 33 33
0 11 11 32 11 11 11 44 32 11 41 11 33 14 33 41 41 33 32
0 14 44 22 11 14 44 44 32 14 44 11 32 11 33 44 44 33 33
0 11 41 32 11 11 11 41 32 14 44 11 33 14 32 41 11 33 33
0 11 41 33 11 14 41 44 32 14 41 14 33 11 32 44 44 33 33
0 11 41 33 11 14 41 44 33 14 41 11 33 11 33 41 44 33 32
0 14 44 33 11 14 41 44 32 14 41 14 32 11 33 11 41 33 33
0 14 41 32 11 14 44 44 32 11 41 14 33 11 32 44 41 32 33
0 11 44 32 11 11 44 44 32 11 44 11 33 11 33 44 41 32 32
0 14 41 22 11 11 41 44 32 14 44 44 32 11 32 11 44 32 32
0 14 41 22 11 44 11 41 32 14 41 14 32 11 32 41 41 32 32
0 14 44 32 11 14 41 44 33 11 44 11 32 44 32 44 44 32 32
0 14 11 22 11 11 41 44 33 14 41 14 32 14 33 41 44 32 32
0 11 41 22 11 11 41 44 33 11 44 11 33 11 33 41 44 33 33
0 11 11 22 14 14 41 41 32 11 41 11 22 11 33 41 41 32 32
0 11 41 32 11 14 41 44 33 14 44 11 22 14 33 41 44 33 22
0 14 44 22 14 11 11 41 33 11 41 44 33 14 33 41 44 32 32
0 44 44 33 11 14 41 44 32 11 41 14 22 14 32 44 44 33 33
0 11 11 32 11 11 41 44 33 11 41 14 32 11 33 44 41 32 33
0 11 44 22 11 11 41 41 33 14 44 11 33 11 33 41 44 33 33
0 11 44 32 11 11 11 41 33 11 44 44 32 11 32 41 41 33 33
0 11 44 33 11 11 41 44 33 11 44 14 33 11 33 44 44 33 33
0 11 41 32 14 11 44 44 33 14 41 14 33 14 33 41 41 32 33
0 14 41 22 11 11 11 44 33 11 41 14 32 14 32 11 41 33 32
0 11 41 22 14 11 11 44 33 11 41 14 33 11 33 41 41 32 32
0 11 41 32 14 44 11 44 32 11 44 11 32 14 33 41 44 33 32
0 11 41 32 14 14 44 44 33 14 41 11 33 14 32 41 44 33 32
0 11 44 32 11 11 44 44 32 11 44 14 32 11 33 44 41 33 33
0 11 41 32 11 11 44 41 32 14 41 14 33 14 33 44 44 33 33
0 11 11 33 11 11 41 41 33 44 41 11 32 11 33 44 41 33 33
0 11 41 33 14 11 41 44 32 14 11 14 32 11 32 44 44 33 33
0 11 41 32 11 11 44 41 32 11 44 44 33 11 33 41 44 33 32
0 11 41 32 14 44 41 41 33 14 41 14 32 11 32 41 41 33 33
0 14 44 22 11 14 11 44 32 14 44 14 32 11 33 11 44 33 33
0 14 44 32 11 14 11 44 33 14 44 14 33 11 32 44 41 33 33
0 14 41 32 14 14 44 44 32 11 41 14 32 11 32 41 44 32 32
0 11 41 32 14 14 41 44 33 11 41 14 22 11 33 41 44 33 33
0 11 41 22 11 14 44 41 33 14 44 11 32 11 33 41 11 33 33
0 14 41 32 11 14 41 11 33 44 44 14 33 11 33 41 41 32 32
0 11 44 22 11 11 44 44 33 11 44 11 32 11 33 44 44 33 33
0 14 44 32 14 14 41 44 33 14 11 44 32 11 33 41 41 33 33
0 14 44 32 14 14 41 44 33 14 41 11 22 11 33 11 41 32 32
0 14 44 22 11 14 41 41 33 14 41 14 33 11 32 44 44 33 33
0 44 44 32 11 11 11 44 33 11 11 11 22 11 33 41 44 33 33
0 14 41 22 11 44 41 44 33 11 44 11 33 11 33 11 41 32 33
0 11 44 22 11 14 41 44 33 14 44 14 33 11 33 41 41 32 33
0 11 44 32 14 14 44 44 22 14 11 11 32 14 33 41 44 32 32
0 14 44 33 14 11 41 44 32 14 41 11 33 11 32 41 44 33 32
0 14 41 32 14 14 41 41 33 44 44 11 33 14 33 11 41 33 33
0 14 11 22 11 44 41 44 33 11 44 14 33 14 33 44 44 33 33
0 11 11 32 14 44 11 44 22 14 41 44 32 11 33 41 41 32 22
0 14 44 22 14 14 41 41 32 11 41 14 32 11 33 41 41 33 32
0 11 44 32 11 11 41 44 33 11 44 11 33 14 33 41 44 33 33
0 11 41 22 14 11 44 41 33 14 11 11 33 11 33 44 44 33 32
0 14 44 33 11 11 11 41 32 11 11 14 32 11 33 41 41 33 32
0 44 44 32 11 11 41 44 32 14 41 11 22 11 32 44 44 33 33
0 14 11 32 11 11 41 41 33 44 41 11 32 11 32 44 41 33 32
0 11 44 33 11 11 41 44 33 14 41 11 33 11 33 44 41 33 33
0 14 41 22 11 11 41 44 33 14 44 14 32 11 22 44 44 32 32
0 14 11 33 14 11 11 44 32 44 41 44 32 11 32 41 41 32 22
0 14 41 32 11 14 44 44 33 14 41 14 22 14 33 11 41 32 32
0 14 11 22 11 14 41 44 33 14 41 14 33 11 32 41 11 33 33
0 11 44 22 11 14 41 44 33 11 44 14 33 11 33 44 41 33 33
0 11 41 33 14 44 41 44 33 14 44 14 32 14 33 41 41 33 33
0 14 41 33 11 14 11 41 33 14 41 11 32 11 33 41 41 32 33
0 11 11 33 11 11 41 44 33 14 44 11 33 11 33 41 44 33 32
0 11 44 32 14 14 44 41 33 14 44 11 32 14 33 11 41 33 32
0 14 44 33 11 11 41 44 33 14 44 44 33 14 33 41 41 32 22
0 14 41 32 11 14 44 44 33 14 11 44 33 14 32 11 41 32 32
0 11 41 32 11 14 44 44 32 11 44 14 33 11 33 41 44 33 32
0 11 41 32 11 11 44 44 33 11 44 11 33 11 33 41 44 33 33
0 14 44 33 14 11 44 44 32 44 41 11 33 11 33 11 44 33 32
0 11 41 33 11 11 44 44 32 11 44 44 33 11 33 41 41 33 33
0 11 41 22 11 14 11 44 33 44 41 14 33 11 33 11 41 33 32
0 11 44 32 14 11 41 44 33 14 44 44 32 11 22 41 44 33 32
0 11 41 33 11 14 41 41 32 11 41 14 32 14 32 41 11 33 32
0 11 44 32 14 14 41 44 33 44 44 11 33 14 33 41 44 33 33
0 14 44 32 11 11 41 44 33 11 44 14 33 11 33 44 41 33 33
0 11 41 33 11 11 41 44 33 14 44 11 33 11 33 41 44 33 33
0 44 41 32 11 11 44 41 32 11 44 14 33 11 32 11 41 33 33
0 11 41 32 44 14 11 41 32 14 41 14 33 14 32 11 41 33 22
0 14 44 33 44 44 44 41 32 14 11 14 33 14 32 11 41 32 32
0 11 44 32 14 11 41 44 33 14 41 11 32 11 33 11 41 33 33
0 11 41 33 11 14 41 44 33 14 44 11 32 11 33 41 41 32 33
0 14 11 33 14 14 44 41 22 11 41 14 33 11 22 44 44 33 32
0 11 41 32 11 11 41 41 32 11 44 11 22 11 33 41 41 33 32
0 14 44 32 11 11 11 44 33 44 41 14 32 11 33 44 44 33 32
0 44 41 22 14 44 41 44 33 44 41 11 33 14 33 41 41 33 32
0 14 11 22 44 14 11 41 33 44 41 44 32 44 32 11 41 32 22
0 14 41 32 14 14 11 44 22 11 44 14 32 14 33 41 41 32 33
0 11 41 32 14 11 41 44 33 14 41 11 32 14 33 41 44 33 33
0 11 41 32 11 11 41 41 32 11 41 44 32 11 33 41 44 33 22
0 11 41 32 11 14 11 41 32 11 44 11 32 11 33 44 44 33 32
0 14 44 32 11 11 44 44 32 14 44 11 32 11 33 41 44 33 33
0 14 11 32 11 14 11 44 33 44 41 11 32 11 33 44 44 33 33
0 14 44 33 11 14 11 41 33 44 44 14 33 14 33 41 44 33 22
0 44 41 33 11 14 44 41 33 14 41 14 33 14 33 44 44 33 33
0 11 44 32 11 11 44 41 33 14 41 11 33 11 33 44 41 33 33
0 14 44 32 11 11 41 44 33 11 44 11 33 14 33 41 44 32 32
0 11 41 32 14 14 11 44 33 11 11 11 33 11 32 41 44 33 32
0 11 44 33 11 11 44 41 33 11 44 11 32 11 33 44 44 33 33
0 11 44 32 11 11 11 41 33 44 11 14 32 14 33 44 44 33 33
1 11 41 32 14 14 44 44 32 14 44 11 22 11 33 41 41 32 33
1 11 44 33 14 11 41 44 33 11 44 44 22 11 33 41 11 32 33
1 14 44 33 11 11 11 44 32 11 41 14 33 11 33 44 44 33 33
1 44 44 32 11 14 41 44 22 14 41 44 33 11 33 44 41 33 33
1 11 44 32 11 44 44 44 33 11 41 44 32 11 33 44 44 33 33
1 11 44 22 11 14 44 41 33 14 44 14 32 11 33 44 44 33 32
1 11 44 33 11 11 44 44 32 11 11 11 32 14 32 11 41 33 32
1 11 11 32 11 14 44 44 32 14 41 14 32 44 33 41 44 33 32
1 11 41 22 11 14 41 44 33 11 44 14 32 11 22 11 44 33 33
1 14 41 22 11 11 11 41 33 14 44 44 32 14 22 11 44 33 33
1 14 44 33 11 11 41 41 32 44 44 11 32 14 22 44 41 33 33
1 11 44 33 11 11 41 41 33 11 41 14 33 11 33 41 41 32 22
1 14 44 22 11 11 11 44 32 14 11 14 32 11 33 41 44 33 33
1 11 44 33 11 11 44 44 33 11 44 44 22 11 33 41 44 33 32
1 11 41 32 44 14 44 41 32 14 44 14 32 14 33 41 41 33 33
1 11 44 32 11 11 41 44 33 11 41 11 33 11 32 44 41 32 22
1 14 44 32 11 11 41 44 33 11 44 44 22 11 33 41 44 33 32
1 11 41 32 11 11 41 44 32 14 44 14 33 11 32 41 41 33 32
1 11 44 32 11 11 11 41 33 44 41 44 32 11 33 11 44 33 33
1 11 44 32 11 14 44 44 33 11 44 44 33 11 33 44 44 33 33
1 11 41 33 14 11 41 44 33 11 41 14 33 14 32 41 44 33 32
1 11 41 32 11 11 44 44 33 11 41 11 33 11 32 44 41 33 33
1 11 41 32 11 11 44 44 33 11 41 11 33 11 33 44 44 33 33
1 11 44 32 11 11 41 41 33 14 44 11 32 11 33 41 41 33 33
1 14 44 33 11 14 44 41 33 11 41 14 32 14 33 44 44 33 33
1 11 11 22 44 44 41 41 32 14 41 44 22 11 32 41 11 33 33
1 11 44 33 14 11 41 44 33 11 44 14 33 11 32 44 44 32 32
1 11 44 33 11 11 41 44 33 11 41 14 32 11 33 11 44 33 33
1 14 44 33 14 14 11 44 33 14 41 14 33 11 32 11 44 33 32
1 14 41 33 11 11 44 44 33 11 41 14 33 11 33 44 44 32 33
1 11 41 32 14 11 41 44 33 11 44 14 33 11 33 44 44 33 33
1 14 41 33 11 11 44 44 33 11 44 11 33 11 22 41 41 33 32
1 11 44 32 11 44 11 44 33 44 44 14 22 11 32 41 11 32 32
1 11 11 32 11 11 44 44 33 11 41 11 32 14 33 44 44 33 33
1 14 44 22 11 14 41 44 33 14 41 11 32 14 33 41 44 33 33
1 14 44 32 11 14 11 44 33 14 44 14 32 14 33 44 41 32 33
1 11 44 22 11 11 41 44 32 11 44 44 33 11 32 44 41 33 33
1 14 11 32 11 14 41 44 33 14 41 44 33 11 33 44 44 33 33
1 14 41 32 11 11 44 44 33 11 41 14 33 11 32 41 44 33 32
1 11 44 33 14 11 41 41 33 11 44 14 33 11 33 11 44 33 32
1 11 44 32 14 11 41 44 32 14 11 14 32 11 33 41 41 33 32
1 14 41 32 11 14 44 44 33 14 44 44 22 14 33 41 44 33 32
1 11 11 33 11 11 44 44 32 11 11 11 32 14 32 41 41 33 33
1 11 44 32 11 11 11 44 33 11 41 44 33 11 33 41 44 33 33
1 11 41 32 11 14 11 44 32 14 11 11 32 11 33 44 44 33 32
1 14 44 33 11 14 44 44 33 11 44 14 32 14 33 41 44 33 33
1 14 41 32 11 11 41 44 32 11 44 11 32 11 33 44 44 33 33
1 11 44 32 11 11 41 41 33 11 44 11 32 11 33 41 41 33 33
1 14 41 22 11 44 44 44 32 11 44 11 32 11 33 44 44 33 33
1 11 41 32 11 11 41 41 33 11 44 11 33 11 33 41 44 33 33
1 11 44 22 11 44 41 44 33 11 44 14 22 11 33 41 44 33 33
1 14 41 32 11 14 44 41 33 11 44 14 32 11 32 41 11 33 32
1 14 41 32 11 44 41 41 33 11 11 11 22 14 33 41 41 33 33
1 14 44 33 11 14 41 44 33 11 41 11 33 11 33 41 41 33 33
1 44 41 22 11 14 41 44 33 11 41 14 32 11 32 11 11 22 32
1 44 44 32 11 11 44 44 33 14 44 14 22 11 33 44 44 33 32
1 11 44 33 11 14 41 44 33 14 41 14 22 11 33 44 44 33 33
1 11 11 32 11 14 11 41 33 14 11 11 22 11 32 44 41 33 32
1 11 41 32 11 11 41 44 33 14 41 14 32 11 33 41 41 33 33
1 11 44 33 11 11 44 41 33 14 41 11 22 11 33 41 44 33 32
1 14 41 33 11 14 41 41 33 11 41 11 32 11 32 44 44 33 32
1 11 44 32 11 14 11 44 33 14 44 11 33 14 33 44 41 33 32
1 11 44 33 11 14 41 44 33 11 41 14 33 11 22 11 44 33 33
1 11 44 32 11 11 11 41 22 14 11 14 33 14 33 41 41 32 33
1 14 44 32 14 14 41 44 33 11 41 14 33 11 33 11 41 33 32
1 11 44 22 11 11 44 44 32 11 41 11 33 11 32 41 41 33 32
1 14 41 32 14 11 41 44 33 11 44 14 33 11 32 41 11 32 33
1 14 44 33 14 14 11 44 33 14 41 14 32 14 32 44 11 33 33
1 44 11 22 11 14 11 44 22 14 41 44 32 11 33 11 41 33 32
1 11 11 32 14 14 11 11 32 11 44 14 33 14 33 44 41 33 33
1 11 41 32 11 11 41 41 32 44 41 11 32 11 32 44 44 32 32
1 14 41 33 14 11 44 44 33 14 44 44 33 11 33 44 41 33 32
1 11 44 32 14 14 11 41 33 14 41 14 33 11 33 41 41 33 33
1 11 44 33 11 11 11 44 33 11 44 11 33 11 33 44 41 33 33
1 11 44 32 14 11 44 44 33 11 41 11 33 11 33 41 44 32 33
1 11 11 22 11 11 41 44 33 14 41 11 33 11 33 11 44 33 33
1 11 41 32 11 14 44 44 32 11 41 14 33 11 33 11 41 33 32
1 11 44 33 14 11 11 41 33 14 41 11 32 14 33 41 41 33 32
1 14 41 33 14 14 41 44 33 14 44 14 33 14 32 41 44 32 33
1 14 44 32 11 14 41 44 33 14 44 11 32 11 33 44 41 33 33
1 11 41 22 11 14 41 44 32 44 41 44 33 11 32 11 44 33 22
1 11 11 33 14 14 41 44 33 44 44 44 33 14 32 44 44 32 32
1 11 44 33 14 11 44 44 33 14 41 14 32 14 33 44 41 33 33
1 11 44 32 14 14 44 41 33 14 44 11 32 11 33 41 41 32 33
1 11 41 33 14 44 11 41 33 14 44 11 32 11 33 41 41 33 32
1 14 44 22 11 44 11 44 32 11 41 14 33 14 33 11 41 33 32
1 11 44 33 11 11 11 44 33 11 44 14 33 11 33 41 44 33 33
1 11 44 32 14 11 11 41 33 14 44 14 32 14 33 41 41 33 33
1 11 41 32 11 14 41 44 32 11 41 14 33 11 22 41 44 33 32
1 11 41 32 11 14 11 44 33 14 41 11 32 11 33 41 44 33 33
1 11 44 22 11 11 41 44 33 14 44 14 32 14 32 41 41 32 33
1 14 11 22 14 44 41 11 33 14 44 44 32 14 32 41 44 33 22
1 11 44 33 11 11 41 44 33 11 41 11 33 11 33 44 44 33 33
1 11 44 32 14 11 41 41 33 14 11 11 33 11 32 44 41 32 33
1 11 41 22 11 11 44 41 33 11 44 11 32 11 22 44 44 33 33
1 14 44 22 14 44 41 44 33 11 41 14 32 11 33 44 44 33 33
1 14 41 22 11 11 44 44 33 14 44 14 33 11 32 41 44 33 33
1 11 44 32 11 11 11 44 33 11 11 11 22 11 32 44 44 32 33
1 11 44 22 11 11 11 44 33 11 44 11 32 11 32 41 44 33 33
1 14 44 32 11 14 41 44 32 44 11 44 32 11 33 11 44 32 33
1 14 41 33 11 14 11 44 22 11 41 14 32 11 32 44 44 33 32
1 44 44 32 14 44 11 44 32 11 41 14 33 11 33 11 41 33 22
1 14 11 22 14 14 41 41 32 14 41 11 32 11 32 41 41 33 32
1 11 44 22 14 11 11 44 33 11 44 14 32 11 33 41 44 33 33
1 14 41 22 14 14 41 44 33 11 44 11 33 14 32 41 44 33 33
1 14 11 22 44 14 11 41 33 14 11 11 32 14 32 11 11 32 32
1 44 41 32 14 14 44 44 33 11 44 14 32 11 33 41 44 32 33
1 11 41 32 11 14 41 44 32 14 11 14 32 14 33 41 44 22 32
1 11 44 33 11 11 41 44 32 11 44 11 33 11 33 41 44 33 33
1 14 41 33 14 14 41 44 33 14 44 14 22 11 33 41 41 33 33
1 14 44 32 14 14 41 41 33 11 41 14 32 11 32 41 41 33 33
1 11 44 32 11 14 41 44 32 11 44 11 32 11 33 44 41 33 33
1 14 11 32 11 11 41 44 33 14 11 11 33 14 32 41 44 32 32
1 44 41 22 14 44 41 44 33 14 41 14 32 14 32 11 41 22 33
1 11 44 33 11 14 44 44 33 44 41 11 32 11 32 44 41 32 32
1 11 41 33 11 11 41 44 33 14 41 14 32 14 33 11 44 33 33
1 11 44 33 14 14 41 44 32 11 44 11 33 11 33 44 44 33 33
1 11 41 33 11 14 41 44 33 14 44 11 33 11 32 44 41 33 33
1 11 44 33 11 11 44 44 33 11 44 11 33 11 33 44 44 33 33
1 14 11 32 14 14 41 44 32 14 41 44 32 11 32 11 41 32 32
1 11 44 32 14 14 44 44 33 11 44 11 33 11 32 41 44 32 32
1 11 44 32 11 11 11 44 33 11 44 14 33 11 33 41 44 33 33
1 11 41 32 11 11 44 44 32 11 41 14 22 11 33 41 44 33 33
1 44 41 32 11 14 44 41 33 14 44 14 22 11 32 41 41 33 32
1 11 44 32 14 11 41 41 33 11 44 11 32 11 33 41 11 32 33
1 14 41 32 14 14 41 44 32 14 41 14 33 14 32 11 44 32 32
1 14 44 32 14 11 11 41 33 44 44 14 22 14 32 41 41 32 33
1 14 44 33 11 11 44 44 33 11 41 11 33 11 33 41 44 33 33
1 14 11 33 11 14 41 44 33 14 41 11 33 11 33 41 41 33 32
1 14 44 22 14 14 41 44 33 14 44 14 32 11 32 11 41 33 32
1 14 41 22 14 44 41 41 32 14 44 14 32 14 33 41 11 33 33
1 11 44 32 11 44 41 41 33 14 11 11 32 11 33 44 44 32 33
1 14 41 32 11 11 41 44 33 14 44 11 33 11 33 41 44 32 33
1 14 41 32 44 44 11 41 32 11 44 14 22 11 33 11 11 32 22
1 14 41 32 11 11 11 44 32 14 41 11 33 11 32 41 44 33 22
1 11 41 32 11 11 41 44 33 14 44 14 32 11 33 11 44 33 32
1 14 44 32 11 11 11 44 32 14 41 14 32 11 33 44 44 33 33
1 14 11 33 14 14 11 44 33 11 41 11 33 11 33 44 41 32 32
1 11 44 32 11 11 44 44 33 11 11 11 33 11 33 44 44 33 32
1 14 44 33 11 14 44 44 33 44 41 44 32 11 33 41 44 33 33
1 14 44 22 11 14 41 44 32 11 44 11 33 14 32 41 44 32 33
1 11 44 32 14 14 41 44 33 11 44 11 22 11 33 41 41 33 32
1 14 41 32 14 14 41 44 33 11 44 14 33 11 33 41 44 32 33
1 14 41 32 11 11 41 41 33 11 41 14 33 11 22 41 44 33 33
1 11 44 22 11 11 11 44 33 14 44 14 33 14 32 44 41 32 32
1 14 44 32 11 11 44 44 33 14 44 14 33 11 33 11 44 33 33
1 11 44 33 11 14 44 44 33 11 44 14 33 11 32 41 41 33 33
1 14 44 32 14 14 11 44 32 11 11 14 32 11 32 11 41 33 32
1 11 44 33 11 14 41 44 32 14 44 11 33 11 33 11 44 33 33
1 11 44 32 11 11 44 44 33 14 44 11 33 11 33 41 44 33 33
1 11 41 22 14 11 41 44 33 44 41 11 32 14 33 11 44 33 33
1 11 41 33 11 11 44 44 32 11 44 11 33 14 33 44 41 33 33
1 11 41 32 11 11 44 44 33 14 41 11 32 11 32 11 44 33 32
1 11 44 32 11 11 41 41 32 11 44 14 33 11 33 11 44 33 33
1 14 44 33 14 14 41 44 32 14 44 14 33 44 33 41 41 33 33
1 14 44 32 11 11 41 44 33 11 44 11 32 11 33 44 44 33 32
1 14 41 22 14 11 41 44 32 14 44 14 32 11 33 11 11 33 22
1 14 44 22 14 14 41 41 33 14 44 11 33 11 33 44 44 33 32
1 14 11 22 11 14 11 44 33 11 44 14 33 11 33 44 44 33 32
1 11 11 22 14 11 44 44 33 14 44 14 32 11 33 41 44 33 33
1 14 44 32 44 11 11 44 33 14 41 14 32 11 33 41 44 33 33
1 11 41 33 11 11 44 44 33 11 44 11 32 11 33 41 41 32 33
1 11 44 32 11 11 44 44 32 11 41 11 32 11 33 44 44 33 33
1 14 44 33 11 11 41 44 33 11 44 11 32 11 33 41 41 33 33
1 11 44 33 14 11 41 44 33 11 44 11 33 11 33 44 41 33 32
1 14 41 32 11 14 41 41 33 14 41 14 33 11 32 41 41 33 33
1 11 41 32 11 14 44 44 33 14 41 11 33 14 32 41 44 33 33
1 14 44 22 44 11 44 44 33 11 44 44 33 11 32 11 44 33 33
1 11 44 33 44 14 41 44 33 14 41 11 32 11 32 11 41 33 33
1 11 41 33 14 14 41 41 32 11 41 44 32 11 32 44 41 33 32
1 44 44 32 14 11 44 41 32 14 44 14 32 11 32 41 44 33 33
1 11 41 33 14 11 41 41 33 11 44 14 32 11 33 44 41 33 33
1 11 41 22 11 11 41 41 33 14 44 14 32 14 33 11 44 32 32
1 14 41 32 14 11 44 44 22 14 41 11 32 11 33 41 41 33 32
1 11 41 33 14 14 11 44 33 11 44 14 32 14 33 41 44 33 32
1 14 44 22 14 11 44 41 33 11 44 11 22 11 33 11 44 33 22
1 14 41 32 14 44 41 44 32 11 11 11 33 14 33 44 41 33 32
1 11 41 32 11 11 11 41 33 14 41 11 33 11 33 41 41 33 32
1 14 41 32 14 11 44 44 33 11 41 44 32 11 32 41 44 32 32
1 11 41 32 14 44 11 44 32 11 41 11 22 44 32 41 41 33 22
1 11 44 33 11 11 44 44 33 11 41 11 33 11 33 44 41 33 33
1 14 41 32 14 11 11 44 33 11 44 14 32 14 33 11 11 33 33
1 11 44 33 11 14 41 44 33 11 44 14 32 11 33 44 44 33 33
1 14 11 33 11 14 11 44 22 14 44 11 32 14 33 41 41 32 32
1 11 44 33 14 14 44 44 33 14 44 11 33 14 33 44 41 33 32
1 11 11 32 11 11 41 44 32 14 44 14 32 14 33 11 44 33 33
1 11 44 33 11 14 41 44 33 11 44 14 33 11 33 44 41 33 33
1 14 44 32 11 44 11 41 32 44 41 14 22 14 33 44 44 22 32
1 14 11 32 11 14 41 44 33 44 44 11 33 11 33 41 44 33 32
1 11 44 32 11 11 41 44 33 11 44 11 32 11 33 41 41 33 32
1 14 41 32 14 11 11 11 32 14 44 14 32 11 32 41 41 32 32
1 44 44 33 14 11 41 44 33 11 11 14 33 11 32 44 44 33 33
1 11 41 33 14 11 44 41 32 44 44 44 22 11 33 44 41 33 32
1 11 41 33 14 14 11 44 33 11 44 44 22 11 32 44 11 33 32
1 14 41 32 11 14 11 41 33 11 41 11 33 11 33 41 44 32 33
1 11 44 32 11 11 44 44 33 11 44 14 32 14 32 41 44 32 33
1 11 44 22 11 11 41 41 33 11 44 14 33 11 32 41 44 33 33
1 11 11 33 11 11 41 41 33 11 44 11 32 11 33 41 41 33 32
1 11 44 32 11 11 41 44 33 14 41 11 32 11 32 41 44 33 33
1 14 41 32 11 11 44 44 33 14 44 44 32 14 32 44 41 33 33
1 14 44 22 14 11 44 41 33 11 41 44 33 11 33 41 11 33 33
1 14 44 32 14 11 41 44 33 44 11 11 33 14 33 41 44 33 33
1 11 41 22 44 11 41 44 32 14 44 14 32 11 32 11 41 32 32
1 11 11 22 14 11 41 44 33 14 41 44 32 14 22 41 41 33 32
1 14 44 33 11 11 41 44 32 14 44 14 33 14 33 41 44 33 33
1 11 11 33 11 11 41 44 33 11 41 14 32 11 32 11 41 33 33
1 11 41 32 11 11 11 44 33 11 41 11 32 11 33 41 41 33 32
1 14 41 33 14 44 41 41 32 11 41 44 32 14 33 41 41 33 33
1 11 44 22 14 11 41 44 33 11 44 44 32 11 33 41 44 33 33
1 14 44 32 14 14 41 41 33 14 41 11 32 11 32 41 44 33 33
1 11 41 32 11 11 11 11 32 14 44 44 32 11 33 44 41 32 33
1 11 41 32 11 14 41 44 33 11 41 11 33 11 33 41 44 33 33
1 11 44 32 14 14 11 41 22 14 44 14 32 11 33 41 44 32 33
1 11 44 32 11 11 41 44 32 11 44 14 33 11 32 44 11 33 33
1 11 41 33 11 14 41 44 33 14 44 14 33 11 33 44 44 33 32
1 14 41 32 14 11 11 44 32 14 44 11 32 11 32 41 41 33 32
1 14 41 22 11 14 41 41 33 14 44 14 22 11 33 41 44 33 32
1 11 44 32 11 11 11 44 32 11 44 11 32 11 33 44 44 33 32
1 14 41 22 11 11 44 44 33 14 44 14 22 11 33 41 41 33 32
1 11 41 32 11 14 11 44 33 44 41 14 33 11 33 11 44 33 33
1 11 44 33 11 11 41 44 33 11 11 11 32 11 33 41 41 33 33
1 11 41 32 44 11 41 41 33 11 41 11 33 11 33 41 44 32 32
1 11 11 33 11 11 44 41 33 14 41 11 32 11 33 44 41 33 33
1 11 41 33 11 14 41 44 33 14 44 44 33 14 33 44 44 33 32
1 11 44 22 14 14 44 44 33 14 11 14 32 11 33 41 44 33 33
1 11 41 32 44 14 11 11 32 14 41 44 22 14 22 11 44 33 32
1 11 41 22 44 11 11 41 32 14 44 14 33 11 32 41 41 33 33
1 14 44 22 11 11 44 44 32 14 44 11 33 11 33 11 41 33 33
1 11 44 22 14 14 44 44 33 11 41 44 22 11 33 41 44 33 33
1 14 44 32 11 14 11 11 32 14 11 11 32 14 32 41 11 32 32
1 14 44 33 11 11 41 41 33 11 41 14 32 11 33 41 44 33 32
1 44 11 32 11 11 44 41 33 44 44 14 32 14 33 41 41 32 32
1 14 44 32 14 11 11 41 33 11 41 14 32 14 32 41 44 32 32
1 11 44 32 11 14 11 41 33 14 41 14 33 14 33 41 44 33 32
1 11 44 32 11 11 44 44 32 11 11 11 32 11 33 44 44 33 33
1 11 41 32 11 11 41 44 32 11 44 14 33 11 33 44 44 33 33
1 11 44 32 11 14 41 44 33 11 41 11 32 11 33 41 41 33 33
1 11 41 33 11 11 41 44 32 11 44 11 33 11 32 11 41 33 33
1 11 44 32 11 11 44 44 33 11 44 11 33 11 33 44 44 33 33
1 11 41 32 14 11 44 44 32 11 44 14 32 11 32 44 44 33 32
1 11 44 32 14 14 41 11 33 14 11 11 33 11 32 44 44 33 33
1 44 41 32 14 44 11 44 33 11 41 14 32 11 33 41 44 33 32
1 11 11 33 11 14 41 41 33 11 44 14 32 11 32 41 41 33 33
1 11 41 22 11 14 41 44 33 14 41 11 32 14 32 44 44 32 33
1 14 11 32 11 11 11 41 33 44 44 14 22 14 33 41 44 32 33
1 11 44 32 11 11 41 41 33 14 44 11 33 11 33 41 41 33 32
1 11 11 32 11 11 44 44 32 14 44 14 33 11 32 41 44 33 32
1 11 41 32 14 11 41 44 22 14 44 11 32 11 33 41 44 33 32
1 11 44 33 11 11 41 44 33 11 44 11 33 11 33 44 44 33 33
1 11 41 32 11 14 11 41 33 11 41 11 33 11 32 41 41 32 33
1 14 41 22 44 14 11 41 32 14 41 14 22 11 32 11 41 22 32
1 11 44 32 11 11 41 44 33 14 41 14 32 11 22 11 44 33 32
1 11 41 32 14 44 44 41 32 14 41 14 32 14 32 41 41 33 32
1 14 44 33 14 14 44 44 33 11 41 11 33 11 32 11 44 33 33
1 11 44 33 11 11 44 44 33 14 41 11 33 11 33 44 44 33 33
1 14 41 32 11 11 11 41 32 14 41 44 32 11 33 41 41 33 32
1 11 41 32 11 14 44 44 33 14 44 11 33 11 33 44 44 33 32
1 14 44 22 14 14 11 41 33 11 44 11 32 11 33 44 41 33 32
1 14 44 32 11 11 41 44 33 11 44 44 33 11 33 44 44 33 33
1 11 41 22 11 11 11 41 33 11 44 11 33 11 32 41 41 22 33
1 14 41 32 11 14 41 44 33 14 44 11 33 11 33 11 44 32 32
1 11 44 22 44 14 44 44 33 14 44 11 32 11 33 41 11 33 33
1 11 44 33 11 11 44 44 32 14 44 11 33 11 33 41 41 33 32
1 44 41 22 11 14 41 44 32 14 41 44 33 14 33 11 11 32 33
1 11 44 33 14 11 41 44 33 11 44 44 33 11 32 44 44 33 33
1 11 44 22 11 11 41 44 33 14 41 11 33 11 33 44 41 33 32
1 11 44 32 14 14 41 44 32 14 11 14 32 11 33 44 44 33 33
1 11 41 33 14 11 44 44 32 11 41 11 32 11 33 44 41 33 33
1 14 41 32 14 11 11 44 33 14 11 14 32 11 32 11 44 33 32
1 11 44 22 14 11 11 44 33 11 11 44 22 14 32 41 41 33 32
1 11 41 32 11 11 11 44 33 11 44 11 33 11 33 44 44 33 33
1 11 44 33 11 11 44 44 33 11 44 11 33 11 33 44 44 33 33
1 14 44 33 11 11 44 44 33 11 44 14 33 11 33 44 44 33 33
1 11 44 33 14 11 44 44 32 11 41 14 33 11 32 44 44 32 33
1 11 11 22 14 11 41 44 33 14 41 11 33 11 32 41 41 32 33
1 14 41 33 14 11 41 44 33 14 44 14 22 11 33 41 44 33 33
1 14 41 32 14 11 44 44 33 14 44 14 32 11 33 41 44 33 32
1 11 41 32 14 44 41 41 33 11 41 11 32 11 33 11 11 33 32
1 14 11 22 11 14 11 44 32 14 44 44 32 14 22 11 44 32 33
1 14 44 32 44 11 11 11 32 11 11 44 33 14 32 11 44 33 32
1 11 41 22 14 14 41 44 32 14 44 14 33 14 33 44 44 33 32
1 11 44 32 11 14 44 44 33 11 41 14 33 11 33 41 41 33 33
1 11 44 32 11 11 44 44 33 11 44 14 32 14 33 41 41 33 33
1 44 44 32 11 14 41 44 33 14 41 11 33 14 33 44 41 33 33
1 14 44 22 11 14 44 41 33 14 41 14 22 11 32 41 41 33 33
1 14 41 33 11 11 44 41 33 11 41 11 33 11 33 44 41 32 33
1 11 44 32 11 44 41 44 32 11 41 14 32 11 32 11 41 32 32
1 14 41 33 11 11 44 41 33 14 11 11 32 11 32 41 44 33 33
1 11 44 33 11 11 44 44 33 11 41 11 33 11 33 41 44 33 33
1 11 44 22 14 14 41 44 32 11 44 14 32 14 33 44 41 32 32
1 11 41 22 11 11 41 44 32 14 44 14 32 11 33 41 44 33 22
1 14 41 22 44 11 41 44 32 11 41 14 32 11 33 11 41 33 22
1 11 41 33 14 11 11 44 33 14 44 14 22 11 32 41 44 33 32
1 14 41 32 14 11 41 41 33 11 44 14 33 14 32 41 44 22 33
1 11 44 32 11 14 44 44 33 14 44 11 32 14 33 44 44 32 33
1 11 44 32 11 14 11 11 32 14 44 44 32 11 33 11 44 33 32
1 11 41 33 11 11 44 44 33 14 44 11 32 14 33 44 44 33 33
1 11 44 32 11 11 44 44 33 11 41 11 33 11 33 41 44 33 33
1 11 44 22 11 11 44 44 33 11 44 14 33 14 33 44 44 33 32
1 11 41 32 11 14 41 44 32 14 41 11 32 14 33 44 41 32 32
1 14 44 22 14 14 41 11 22 11 41 14 22 11 32 41 41 33 33
1 11 44 32 11 11 41 44 32 14 44 14 33 11 33 11 44 33 32
1 14 44 32 14 14 41 44 33 11 44 14 32 11 33 41 44 33 33
1 11 11 33 11 11 11 44 33 11 44 11 33 11 32 44 41 33 32
1 44 11 32 14 44 11 41 33 11 44 14 32 11 32 11 41 33 32
1 11 11 33 11 14 11 44 33 11 41 14 22 11 32 41 44 33 33
1 11 41 33 11 11 11 44 33 11 41 11 32 11 32 41 41 33 33
1 11 44 33 11 14 44 41 32 11 41 44 33 11 32 44 11 33 32
1 14 44 33 11 11 41 44 33 11 41 11 32 11 32 41 44 32 33
1 14 44 32 11 11 11 44 33 14 44 14 22 11 32 41 44 33 32
1 14 44 32 11 14 11 44 32 44 41 11 32 14 32 41 41 32 32
1 11 41 32 11 11 11 44 33 11 41 11 33 11 33 41 44 33 32
1 11 44 33 11 14 44 44 33 11 44 14 32 11 22 44 44 33 32
1 14 11 32 14 14 41 44 33 14 41 14 32 11 32 44 41 32 32
1 14 44 32 14 14 41 44 22 11 41 44 22 44 32 11 41 33 32
1 11 44 33 11 14 41 41 33 14 41 14 32 11 33 44 44 33 33
1 11 44 22 14 11 11 41 33 14 44 11 32 11 33 41 41 33 32
1 11 41 32 11 44 44 44 32 11 44 11 32 11 33 41 44 32 33
1 11 44 32 11 14 44 41 32 11 41 11 32 14 32 41 41 33 33
1 14 11 22 11 11 11 41 32 14 41 11 32 14 33 41 41 32 32
1 14 41 32 11 14 11 44 32 14 41 11 33 11 33 11 41 33 32
1 14 44 22 14 11 41 44 33 14 41 11 32 11 33 41 44 33 33
1 14 41 32 14 11 41 41 33 44 11 11 33 11 32 41 11 32 33
1 14 41 32 14 11 41 44 32 14 44 14 32 11 33 11 44 33 33
1 11 41 32 14 11 11 44 32 14 41 14 33 14 33 41 44 32 32
1 11 44 33 11 14 41 44 33 11 41 14 32 11 33 41 44 33 33
1 11 44 33 14 14 44 44 32 14 41 11 32 11 32 41 44 33 32
1 11 44 32 14 14 11 44 32 14 44 11 32 11 33 41 44 33 33
1 11 44 33 11 11 41 44 33 14 44 14 33 11 33 44 44 33 33
1 14 44 32 11 44 11 44 33 44 44 11 33 11 32 44 44 32 32
1 11 44 22 11 14 41 44 33 11 44 14 32 11 33 44 44 33 33
1 14 41 32 11 11 44 44 33 11 41 44 32 14 33 11 41 33 32
1 14 44 32 14 14 41 41 33 11 44 14 22 11 22 44 41 32 22
1 14 41 22 11 11 41 44 33 14 44 11 32 14 33 44 44 33 33
1 11 44 22 11 14 41 44 33 14 41 11 33 14 33 44 44 33 33
1 11 44 33 11 11 44 44 33 11 41 11 33 11 33 44 44 32 32
1 14 41 32 11 14 44 44 32 14 41 11 33 14 32 41 41 33 33
1 14 11 22 14 14 41 41 33 44 44 14 32 11 32 44 41 33 32
1 11 11 32 14 11 44 41 33 11 41 14 32 14 32 44 44 33 32
1 44 41 32 14 14 44 44 32 14 41 44 32 11 33 11 44 22 32
1 11 41 32 11 11 44 44 33 11 44 11 32 11 32 44 44 32 33
1 14 41 32 14 11 44 41 32 11 41 14 32 14 32 44 11 33 32
1 11 44 32 14 14 41 41 32 14 41 14 32 11 32 41 41 32 32
1 14 41 32 14 14 41 44 33 14 41 14 32 14 33 11 41 32 32
1 11 44 32 14 14 41 44 33 11 44 11 33 11 32 41 41 33 22
1 11 44 32 14 14 11 44 33 11 41 14 32 11 33 41 44 32 32
1 11 44 32 11 11 11 44 32 14 41 11 32 11 33 44 11 33 32
1 14 41 32 11 11 41 44 33 11 44 11 33 14 33 41 44 33 33
1 11 11 22 14 14 41 44 32 44 41 11 32 11 32 41 41 32 32
1 44 41 33 14 14 41 44 33 44 44 11 32 11 32 41 44 33 33
1 14 44 32 11 14 41 41 33 14 44 11 22 11 33 44 41 33 32
1 11 44 32 11 14 11 41 32 44 44 44 22 11 33 41 44 33 32
1 14 41 33 11 14 41 41 32 14 41 11 32 14 33 44 44 33 33
1 11 41 32 11 11 41 44 33 14 44 11 32 11 33 44 44 33 33
1 11 44 33 14 11 44 44 33 14 44 11 32 11 33 41 44 33 33
1 11 41 33 11 11 44 44 33 11 44 11 33 11 33 44 44 33 33
1 11 44 33 11 11 44 41 33 11 41 44 33 11 33 11 44 33 33
1 11 44 32 11 11 41 41 33 11 44 11 33 11 33 44 44 33 33
1 11 44 33 14 11 41 41 33 11 44 11 33 11 33 41 41 33 32
1 11 41 32 11 11 44 44 33 11 41 14 32 14 32 44 41 33 33
1 11 41 22 11 11 41 11 33 11 41 11 32 11 32 11 44 33 33
1 11 44 22 11 11 44 41 33 14 44 14 33 11 33 44 41 32 32
1 44 41 32 11 11 44 44 33 11 41 14 33 14 33 41 11 32 33
1 14 41 32 11 14 44 41 33 44 44 11 33 14 32 41 44 33 33
1 14 41 33 14 11 44 44 33 14 41 11 32 11 33 41 41 32 32
1 11 41 32 11 11 44 44 33 14 44 14 33 11 33 41 41 33 33
1 11 41 22 11 44 44 44 33 11 44 11 22 11 33 41 44 33 32
1 11 41 33 14 14 41 44 33 44 41 14 33 11 32 11 41 33 33
1 14 41 33 11 44 41 41 33 44 41 44 32 11 32 41 41 33 33
1 11 44 32 14 11 41 44 33 11 44 11 32 11 33 44 44 33 33
1 14 44 33 11 14 44 41 33 11 44 14 33 11 33 41 41 33 33
1 11 41 33 14 11 41 44 32 11 44 14 32 11 33 11 41 33 32
1 11 44 33 14 11 44 44 32 44 41 11 33 14 33 41 41 32 32
1 14 11 22 44 14 11 41 33 14 41 14 32 44 22 41 11 32 22
1 14 41 32 44 11 41 41 32 11 41 14 32 11 22 11 41 32 22
1 14 41 32 14 11 44 41 33 11 44 14 22 11 32 41 44 33 33
1 11 44 32 14 14 44 44 33 14 41 14 32 14 32 41 41 32 33
1 44 44 33 11 11 41 41 32 14 41 44 33 14 33 41 41 33 22
1 14 41 22 11 14 44 44 32 11 11 14 33 14 32 41 41 33 32
1 11 44 32 11 14 44 44 33 44 44 14 33 11 33 41 44 33 33
1 11 44 33 14 11 11 44 32 14 44 14 33 11 33 44 44 33 33
1 14 44 33 11 11 44 44 32 14 44 14 32 11 33 44 41 32 32
1 11 44 33 14 14 44 41 33 11 11 14 33 14 33 41 41 33 33
1 14 44 32 11 11 41 44 33 11 44 44 32 14 33 41 44 33 33
1 11 41 32 11 11 44 41 33 14 44 11 33 11 33 41 44 33 33
1 14 44 32 14 14 11 44 33 44 41 11 32 44 33 41 44 32 32
1 11 44 22 14 14 41 41 33 14 41 14 32 11 32 11 41 33 22
1 11 44 32 14 11 44 44 33 14 44 14 33 11 33 41 41 33 33
1 44 44 32 14 14 41 44 33 14 44 14 32 14 32 11 41 33 32
1 11 41 32 14 14 41 44 32 11 11 11 32 14 33 41 41 33 32
1 14 41 22 11 14 44 41 33 14 41 14 32 11 32 11 41 32 33
1 14 44 22 14 11 41 41 33 44 44 11 33 14 33 41 41 33 33
1 11 41 32 11 14 41 44 33 44 44 44 32 11 32 44 44 33 22
1 14 11 32 11 11 44 44 33 44 41 44 22 11 32 44 44 33 33
1 11 44 33 11 11 44 44 33 11 44 11 33 11 33 44 44 33 32
1 14 44 22 44 11 41 41 33 44 41 44 32 11 33 41 44 33 32
1 11 41 22 11 11 11 44 33 14 41 11 22 14 33 11 41 33 32
1 11 44 32 14 11 44 44 33 11 44 44 22 11 33 44 44 33 32
1 14 44 32 11 11 44 44 32 14 44 11 33 11 33 44 41 33 33
1 11 41 32 14 14 44 41 33 14 44 11 33 11 33 44 41 33 33
1 11 44 32 11 11 41 44 32 11 41 14 32 11 22 11 41 32 33
1 14 41 22 11 14 41 44 33 44 41 14 22 14 32 41 41 33 32
1 11 44 33 14 14 44 44 32 11 41 14 32 14 33 11 41 32 22
1 11 44 32 11 11 41 44 33 11 44 14 32 14 32 11 44 33 32
1 11 11 33 11 11 44 41 33 11 41 11 33 14 33 41 41 33 32
1 11 44 33 14 14 41 44 33 14 41 11 22 14 33 41 44 33 33
1 14 44 33 11 11 41 44 33 11 44 11 32 11 33 41 44 33 33
1 44 41 32 11 14 11 11 32 14 41 14 33 11 33 41 44 33 33
1 44 41 32 11 11 41 44 32 11 44 11 32 11 32 41 44 33 33
1 11 44 22 11 11 44 44 32 11 44 11 33 11 33 11 41 33 32
1 11 11 32 11 14 41 44 22 11 11 11 32 11 32 41 44 33 33
1 11 44 33 11 11 44 44 33 11 41 14 33 11 32 41 41 33 33
1 14 41 32 14 11 41 41 33 14 11 11 33 14 32 41 41 33 32
1 14 41 22 11 11 41 44 33 11 44 14 32 11 33 11 41 33 33
1 14 41 32 14 44 11 44 33 11 44 14 33 14 33 41 44 32 22
1 44 41 33 14 11 44 44 33 14 41 44 32 11 33 44 41 33 33
1 14 41 32 11 11 41 44 33 11 11 11 33 11 32 41 44 33 32
1 14 44 33 11 11 41 41 32 11 44 11 22 11 33 44 44 33 33
1 14 44 33 44 11 41 44 33 14 44 11 33 14 33 11 44 33 33
1 14 41 22 11 14 41 44 33 14 41 14 32 11 33 11 44 33 33
1 14 11 32 14 14 41 44 33 14 11 44 33 11 33 41 44 33 32
1 11 44 33 14 14 44 44 32 14 44 14 33 11 33 41 41 33 32
1 11 41 32 14 14 11 44 33 11 41 14 32 11 33 41 44 32 33
1 11 44 32 11 14 41 44 33 11 44 14 33 11 33 11 41 33 33
1 11 41 33 14 14 44 44 33 14 41 14 32 11 33 41 44 33 33
1 11 11 32 14 11 11 44 32 14 41 14 32 14 32 44 41 32 32
1 11 41 32 44 11 41 41 32 14 41 11 32 14 33 41 41 33 33
1 14 44 22 14 14 44 44 33 14 41 14 22 14 22 41 41 33 32
1 11 44 32 14 14 41 44 33 14 41 14 32 14 33 41 41 33 32
1 11 44 32 11 14 41 41 33 11 44 11 32 11 32 41 44 33 33
1 14 41 32 11 14 41 44 32 14 44 14 32 14 32 11 44 33 33
1 11 44 32 11 14 44 11 33 11 41 14 32 14 33 41 44 32 32
1 14 41 22 14 14 11 11 33 44 11 11 22 11 33 11 41 33 22
1 11 44 22 14 14 41 44 32 11 41 11 33 11 33 44 44 33 33
1 44 44 22 44 44 41 44 33 14 44 14 32 44 33 44 44 32 22
1 14 44 32 14 14 11 44 33 14 44 11 22 14 33 44 41 22 32
1 14 41 22 44 11 41 41 33 14 11 14 32 14 33 11 44 33 33
1 14 44 22 11 14 11 41 22 44 44 14 32 11 33 44 41 33 32
1 11 44 32 11 11 41 44 33 11 44 11 32 11 32 41 44 32 33
1 11 44 32 14 11 44 44 33 14 44 11 32 11 33 41 41 33 33
1 11 44 33 14 11 44 44 32 14 44 11 32 11 33 44 44 33 33
1 14 44 32 11 11 44 44 33 11 44 14 33 14 32 41 44 33 33
1 14 44 32 11 14 41 44 33 14 11 14 32 11 33 41 41 32 33
1 11 41 33 11 11 44 44 32 11 41 11 32 11 32 41 44 33 33
1 11 41 32 11 11 44 41 33 11 44 14 32 11 32 44 44 33 33
1 14 44 33 14 14 11 44 32 11 41 14 32 14 33 41 41 33 32
1 11 41 32 11 11 41 44 33 14 44 14 32 11 33 44 44 33 33
1 14 44 32 11 44 11 44 33 14 44 14 32 11 33 41 44 32 33
1 14 41 32 11 14 11 44 33 11 44 14 33 11 33 44 41 33 33
1 14 41 33 11 11 11 44 32 11 41 11 33 11 32 44 44 32 33
1 11 44 33 11 11 44 41 32 11 41 11 32 14 33 41 44 33 33
1 14 44 33 11 11 44 44 33 11 44 14 33 11 33 41 41 33 33
1 44 41 32 11 14 41 41 32 11 41 11 33 14 33 11 44 33 33
1 11 44 32 11 11 41 44 33 14 44 14 33 11 33 41 11 33 32
1 14 41 32 14 44 41 44 22 14 41 11 32 14 33 44 44 33 22
1 14 44 32 11 14 41 41 33 44 41 11 33 14 32 11 11 33 32
1 14 44 32 11 14 11 44 33 11 41 14 33 11 32 41 44 33 33
1 14 41 32 44 44 11 44 33 14 41 44 22 44 32 44 41 32 33
1 11 41 33 14 11 41 44 33 14 41 14 33 11 32 41 41 32 33
1 11 44 33 11 11 41 44 32 11 44 11 33 14 32 41 44 33 32
1 11 44 22 11 11 11 41 32 14 41 14 33 11 32 41 11 33 33
1 11 44 33 11 11 41 44 33 11 41 14 33 11 33 11 44 33 33
1 14 44 33 11 11 41 44 33 11 44 14 32 11 33 44 44 33 33
1 14 44 32 14 11 41 41 32 14 41 11 32 11 32 41 44 32 33
1 11 11 32 14 11 41 41 33 11 44 14 33 11 32 41 44 33 33
1 11 11 33 11 11 11 44 33 14 11 11 32 11 32 11 11 32 33
1 14 44 32 11 11 44 41 33 14 44 11 33 14 33 41 41 33 33
1 14 44 33 11 14 41 44 33 14 44 14 33 14 33 41 44 33 33
1 14 44 33 14 11 41 41 32 14 41 11 32 11 32 44 44 33 33
1 11 44 32 11 14 44 44 33 11 41 11 33 11 33 41 44 33 33
1 11 41 32 14 44 11 44 33 11 44 14 32 11 32 44 44 32 33
1 11 44 33 11 14 41 44 33 14 41 11 33 11 33 44 44 33 32
1 11 11 32 14 14 41 44 32 14 11 44 22 11 33 41 44 33 33
1 14 41 32 11 14 41 41 32 14 41 14 22 11 33 41 44 33 33
1 11 44 32 11 11 41 44 33 14 41 44 32 11 32 11 44 33 32
1 11 44 32 11 11 11 44 33 11 44 11 33 14 33 11 11 33 22
1 44 44 32 11 11 41 44 32 11 44 11 32 11 33 11 41 32 33
1 11 41 22 11 14 44 41 33 11 41 14 33 11 22 11 11 33 32
1 14 11 33 14 11 41 44 32 11 41 44 22 14 33 44 44 33 32
1 14 44 32 44 14 41 44 33 44 44 11 32 14 33 41 41 33 33
1 14 44 32 14 11 41 44 32 11 41 11 32 11 32 41 41 33 32
1 11 44 33 14 11 44 44 33 44 44 11 33 11 32 44 41 33 33
1 14 44 22 14 11 41 41 33 11 41 11 33 11 33 41 11 32 33
1 11 44 32 11 11 44 41 33 14 41 11 32 11 33 11 44 33 33
1 11 44 22 11 14 41 41 33 14 41 11 32 11 33 41 41 33 32
1 11 41 32 14 11 41 44 33 14 11 11 32 11 32 41 41 32 33
1 14 41 32 11 14 11 44 33 11 44 11 33 11 32 11 41 33 33
1 11 44 32 11 11 11 44 33 11 44 11 33 11 32 44 41 33 33
1 14 41 32 11 11 41 11 32 11 41 14 33 14 32 41 41 33 33
1 14 41 22 14 11 11 44 33 14 11 44 32 44 32 41 41 33 33
1 11 41 32 14 14 41 41 33 44 44 14 22 14 32 41 41 33 33
1 14 11 32 14 14 44 11 32 11 41 44 22 14 32 41 41 33 22
1 14 44 32 11 11 41 41 33 11 41 11 32 11 33 44 44 33 32
1 11 41 32 14 14 41 41 33 14 44 11 32 44 33 44 41 33 32
1 14 41 22 11 11 41 44 33 11 44 11 33 14 32 41 44 33 33
1 11 44 32 11 11 41 41 32 11 44 11 32 11 32 11 41 33 33
1 11 44 32 11 11 41 44 32 11 41 14 33 11 33 41 44 33 33
1 14 11 32 11 11 11 44 32 14 41 44 22 11 32 11 44 33 33
1 14 11 22 44 11 11 41 22 14 41 14 33 11 33 44 41 33 32
1 14 41 32 14 14 11 41 33 14 44 11 32 11 33 41 44 33 33
