 rs4128350 rs6686151 rs11581096 rs2985330 rs2985334 rs2993712 rs2993713 rs2486200 rs2985337 rs2985340 rs10915220 rs2788888
0 33 22 22 41 42 31 22 23 11 22 32 22
0 33 22 22 11 42 31 32 33 44 23 32 22
0 22 33 33 41 44 33 33 22 44 22 33 33
0 23 33 32 44 44 31 33 22 44 22 33 33
0 22 32 32 41 42 33 33 23 41 22 33 32
0 22 32 32 44 44 33 33 22 41 22 32 32
0 23 33 32 41 44 33 33 22 44 22 33 32
0 22 32 32 41 42 31 33 33 44 22 33 33
0 33 32 32 11 22 11 22 33 44 22 32 32
0 23 33 33 44 44 33 33 22 44 22 33 33
0 23 32 33 44 44 33 33 22 44 23 33 33
0 23 32 33 44 42 33 33 22 11 22 33 33
0 22 32 33 41 42 33 33 23 41 22 33 33
0 23 33 33 44 44 33 33 23 44 22 33 32
0 22 33 33 41 44 33 33 22 44 23 33 32
0 23 32 33 44 44 33 33 23 44 22 33 33
0 22 33 33 44 44 33 33 22 44 22 33 33
0 23 32 32 44 44 33 33 22 44 22 33 32
0 23 32 22 41 22 33 33 23 11 23 33 33
0 22 33 32 41 42 33 33 23 44 22 33 33
0 22 32 32 41 44 33 32 23 11 22 33 32
0 23 22 33 11 42 31 22 33 11 22 32 22
0 23 22 22 44 44 31 32 23 41 23 33 33
0 22 22 22 11 42 31 33 33 44 23 33 33
0 22 32 32 41 42 31 32 23 41 22 33 32
0 23 32 33 11 44 31 33 33 41 22 33 22
0 22 32 32 41 22 33 32 23 44 22 33 22
0 33 32 32 41 42 31 33 23 44 23 33 32
0 23 22 22 44 44 31 33 33 41 22 33 22
0 23 33 32 11 42 33 33 23 11 22 33 33
0 23 22 32 41 42 33 32 23 44 23 32 32
0 22 33 33 44 42 33 33 23 44 22 33 33
0 23 32 33 11 42 33 33 33 41 22 33 32
0 23 32 33 41 44 33 33 23 44 23 33 33
0 23 32 33 41 22 33 33 23 11 22 33 33
0 22 33 33 44 44 33 33 22 44 22 33 33
0 23 22 22 11 42 31 33 23 41 23 22 32
0 22 33 32 44 42 33 33 23 44 22 33 33
0 22 33 32 41 44 33 33 23 44 22 33 32
0 22 33 33 11 44 33 32 22 41 22 33 32
0 33 32 32 41 42 33 32 23 44 22 33 22
0 22 32 32 44 42 33 32 23 44 22 33 33
0 22 32 32 44 44 33 33 22 41 22 33 32
0 23 33 32 41 44 31 33 22 44 22 32 32
0 23 32 32 41 42 33 33 22 44 23 33 32
0 23 32 32 41 42 33 33 22 44 22 32 32
0 22 32 32 41 42 33 33 23 41 22 33 33
0 22 33 32 44 42 33 33 22 44 22 33 32
0 22 33 33 41 44 33 33 22 44 22 33 32
0 33 22 22 11 42 31 33 33 41 22 32 22
0 22 22 22 41 44 11 32 33 41 22 32 33
0 22 32 32 44 44 33 33 23 44 22 33 33
0 23 32 22 41 42 31 22 33 41 22 32 33
0 33 33 32 11 44 33 32 23 44 23 32 22
0 23 32 33 44 42 31 32 23 41 22 32 32
0 23 32 32 41 42 31 33 23 44 22 32 32
0 23 32 33 41 44 33 33 23 44 23 32 33
0 22 33 33 44 44 33 33 23 44 22 33 32
0 23 32 33 41 22 33 32 22 41 22 33 32
0 23 32 32 44 42 33 33 33 44 23 33 32
0 22 33 22 41 42 33 33 22 44 22 33 33
0 23 32 32 44 42 31 32 23 41 23 33 32
0 23 33 22 41 22 31 33 23 44 22 33 32
0 23 32 22 11 42 33 32 23 44 22 32 32
0 23 32 22 11 22 31 33 33 41 23 32 32
0 22 32 32 44 44 33 33 22 44 22 33 33
0 23 32 32 44 22 33 32 23 44 23 33 33
0 23 32 32 41 22 33 33 33 44 22 33 32
0 23 32 32 44 44 33 33 23 44 22 33 33
0 23 33 32 41 42 33 32 22 44 22 33 33
0 23 33 32 44 42 33 32 33 41 22 33 33
0 23 32 32 41 42 31 32 23 41 22 33 33
0 33 32 22 41 22 33 33 33 44 22 33 32
0 22 32 32 44 44 33 32 33 44 22 32 32
0 23 32 32 41 42 33 32 33 41 23 32 32
0 23 32 32 44 42 31 32 22 41 23 32 22
0 23 32 32 44 42 31 33 33 41 22 33 32
0 22 33 33 44 42 33 33 23 44 22 33 32
0 33 22 22 11 22 31 22 33 11 23 33 22
0 23 22 22 41 44 33 32 33 41 22 32 22
0 23 32 32 44 44 33 33 33 44 22 33 33
0 22 33 33 41 42 33 33 23 41 22 33 32
0 23 22 32 11 42 33 33 33 41 22 33 33
0 33 32 32 11 42 33 22 23 44 23 33 32
0 22 22 22 41 42 31 32 23 41 23 22 32
0 22 32 32 41 44 33 33 22 44 22 33 33
0 33 32 22 41 42 31 32 33 41 23 33 22
0 22 33 32 44 42 33 33 33 44 22 33 32
0 22 32 33 44 42 33 33 23 44 22 33 32
0 23 33 32 44 44 33 33 23 44 22 33 33
0 33 32 33 11 42 31 33 23 44 22 33 33
0 23 32 33 44 44 33 32 23 41 22 33 32
0 22 33 33 44 44 33 33 22 44 22 33 33
0 23 33 33 44 42 33 33 22 41 22 33 33
0 23 32 32 11 22 33 33 33 44 22 33 22
0 22 22 32 11 42 31 32 23 41 23 32 32
0 22 33 22 41 22 31 33 33 44 22 33 32
0 22 32 32 44 42 33 33 22 44 23 33 33
0 23 33 32 44 42 33 33 33 41 22 33 32
0 23 32 32 11 42 33 32 23 41 22 32 32
0 33 32 32 41 44 33 33 33 44 22 32 33
0 22 33 32 41 42 33 33 23 44 22 32 33
0 23 32 33 41 42 33 32 33 41 22 33 32
0 23 32 32 41 42 33 33 33 41 22 33 33
0 23 22 32 41 22 31 33 23 41 23 33 32
0 33 32 33 44 44 31 33 33 44 22 33 33
0 33 32 22 44 22 33 32 23 41 22 32 33
0 22 32 32 41 22 31 33 23 41 23 33 32
0 22 33 33 41 44 33 33 22 44 22 33 33
0 23 32 33 41 42 33 33 33 44 22 33 33
0 23 32 22 11 22 31 33 33 44 22 22 32
0 23 33 32 41 44 33 32 23 41 22 33 32
0 22 32 33 41 42 33 33 23 44 22 33 33
0 22 33 33 44 44 33 33 22 44 22 33 33
0 23 32 32 41 44 33 33 23 44 22 33 22
0 22 33 33 41 42 31 33 23 44 22 33 32
0 23 32 32 41 44 31 33 33 44 22 33 32
0 22 33 33 44 44 33 33 22 44 22 33 33
0 22 32 33 44 42 31 33 22 44 22 33 32
0 23 32 33 44 44 31 33 23 44 22 33 33
0 23 32 32 11 42 11 33 33 41 23 32 22
0 23 32 32 11 44 33 33 33 41 22 33 22
0 22 33 33 44 42 33 33 22 44 22 33 33
0 23 32 33 44 44 33 33 23 44 22 33 32
0 23 33 32 44 42 33 33 22 44 22 33 33
0 23 32 33 44 42 33 33 23 44 22 32 33
0 22 33 33 11 42 31 33 33 44 22 33 33
0 33 22 33 11 42 33 32 23 44 23 33 32
0 22 33 32 44 44 33 33 22 44 22 33 33
0 23 22 32 44 44 33 33 23 44 22 33 33
0 23 32 32 41 44 33 33 23 41 22 32 33
0 22 22 32 11 22 31 32 33 44 23 22 22
0 23 33 32 41 44 33 33 22 44 23 33 32
0 23 32 33 41 42 31 32 23 44 22 33 32
0 22 22 32 41 44 31 32 33 44 23 32 33
0 22 32 22 44 42 33 32 23 44 22 33 33
0 23 33 22 41 22 33 32 33 44 22 33 33
0 22 33 33 44 44 33 33 22 44 22 33 33
0 22 33 33 44 44 33 33 22 44 22 33 33
0 23 32 32 44 42 31 32 23 11 23 22 22
0 22 33 33 44 42 33 33 23 44 22 33 33
0 22 32 32 41 42 31 33 23 44 22 33 32
0 23 33 32 44 44 33 33 22 41 22 33 33
0 22 33 33 44 44 33 33 22 41 22 33 33
0 22 32 32 44 42 33 32 23 41 22 33 32
0 23 32 32 11 42 31 32 22 44 22 33 32
0 22 33 32 41 44 33 22 33 44 22 32 33
0 22 33 32 44 44 33 33 23 44 22 33 32
0 22 32 33 44 44 31 33 22 41 22 33 33
0 33 22 22 41 22 31 33 33 11 23 33 22
0 33 32 22 11 42 31 33 33 11 33 32 32
0 22 33 32 44 44 33 33 22 44 22 33 33
0 22 33 33 44 44 33 33 22 44 22 33 33
0 23 22 32 11 22 33 32 23 41 23 33 33
0 22 33 33 44 42 33 33 22 44 22 33 33
0 33 22 33 44 22 31 33 33 44 23 32 32
0 22 33 32 11 42 33 32 22 41 22 33 33
0 23 32 33 41 44 33 33 22 41 22 33 32
0 22 22 33 44 44 33 33 22 44 22 33 33
0 22 32 32 44 42 33 33 23 44 22 33 33
0 23 33 32 41 44 33 32 23 44 22 33 33
0 22 33 33 44 44 33 33 22 44 22 33 32
0 22 32 22 41 42 31 32 23 41 22 33 33
0 23 22 22 11 22 31 33 33 41 22 33 22
0 22 33 33 44 42 33 33 22 44 22 33 33
0 23 32 33 41 22 33 33 33 44 22 33 33
0 23 32 33 41 42 33 33 33 41 23 33 32
0 33 22 22 41 42 31 33 33 41 23 32 32
0 23 32 22 44 42 33 33 23 41 22 33 32
0 22 33 33 44 42 33 32 22 44 22 33 32
0 23 33 33 44 44 33 33 22 41 22 33 33
0 33 33 22 41 22 33 32 33 41 22 32 32
0 22 33 33 44 44 33 33 22 44 22 33 33
0 22 33 32 11 42 33 32 23 41 22 33 33
0 23 33 33 41 44 33 33 23 44 22 33 33
0 22 33 33 44 42 33 32 23 44 23 33 32
0 23 32 32 44 42 33 32 22 44 22 33 33
0 33 32 32 41 44 33 33 33 41 22 33 33
0 23 22 22 41 42 33 33 23 41 23 33 32
0 33 32 22 11 22 31 32 33 11 22 33 22
0 23 32 32 41 42 11 33 23 44 23 22 22
0 23 32 32 44 44 33 33 23 44 22 33 33
0 22 33 33 44 44 33 33 33 44 22 33 33
0 22 33 33 44 44 33 33 22 44 23 33 32
0 33 32 32 41 44 33 33 23 44 22 32 33
0 23 32 32 41 42 31 33 23 44 23 32 32
0 23 32 22 11 22 31 32 33 44 22 32 22
0 23 32 22 44 44 33 33 23 41 22 33 33
0 23 33 22 11 42 31 33 23 11 22 33 32
0 23 33 33 41 44 33 33 22 41 22 33 32
0 22 32 32 44 44 31 33 23 41 22 33 33
0 22 33 32 44 44 31 33 23 41 22 33 32
0 22 32 32 44 44 33 33 23 44 22 33 33
0 22 33 32 41 42 33 32 23 41 22 33 32
0 22 33 22 44 44 31 32 22 44 22 33 33
0 23 32 32 44 42 31 32 23 41 23 33 32
0 23 32 32 11 44 31 33 23 41 23 32 32
0 23 32 32 44 42 33 33 23 44 22 33 32
0 23 33 32 44 44 33 33 33 44 23 33 33
0 33 22 32 11 22 33 32 33 41 23 32 22
0 22 32 33 44 44 33 33 22 44 22 33 32
0 22 33 32 11 42 33 33 23 44 23 32 32
0 23 33 32 44 42 33 32 23 41 22 33 33
0 23 33 32 41 22 33 33 23 41 22 33 32
0 22 32 33 41 44 33 33 23 44 22 33 33
0 22 33 33 44 44 33 33 22 44 22 33 33
0 22 33 33 44 42 33 33 23 44 22 33 33
0 23 33 33 44 42 33 33 23 44 22 32 33
0 33 32 22 11 22 31 22 33 41 23 32 22
0 23 32 22 41 22 31 33 23 44 22 33 33
0 22 32 33 44 44 33 33 22 44 23 33 33
0 23 33 32 44 44 31 32 23 44 22 33 32
0 22 32 32 44 44 33 33 23 44 23 33 32
0 23 33 32 41 44 33 33 22 44 22 33 33
0 23 32 33 41 42 33 33 22 44 22 33 33
0 23 33 33 44 44 31 33 22 44 22 33 33
0 22 33 32 44 44 33 33 22 44 22 33 33
0 23 33 32 41 42 31 32 23 41 23 32 32
0 22 32 32 44 42 33 33 23 41 22 33 33
0 22 33 33 41 44 33 33 23 44 22 33 33
0 23 32 22 41 22 31 22 23 11 22 33 32
0 23 33 33 44 44 33 32 22 41 22 33 32
0 22 33 33 44 44 33 33 22 44 22 33 33
0 22 32 32 41 44 31 33 22 44 22 33 33
0 22 32 33 44 44 31 33 22 41 22 32 33
0 22 32 32 11 42 33 32 23 41 22 33 32
0 22 32 33 41 44 33 32 22 44 22 33 32
0 23 32 32 41 42 31 32 23 41 22 33 32
0 22 33 22 44 44 33 33 22 44 22 33 33
0 23 32 32 44 42 33 33 22 41 22 32 33
0 22 32 33 41 42 33 33 23 41 22 33 32
0 23 33 33 44 42 33 33 23 44 22 33 32
0 22 32 32 44 42 33 33 22 44 22 33 33
0 23 32 32 44 42 31 33 23 41 22 33 32
0 22 32 32 41 44 33 33 22 44 22 33 33
0 23 33 32 44 42 31 32 22 44 23 32 33
0 22 33 33 41 44 33 33 23 44 22 33 33
0 23 32 32 41 42 33 32 23 41 23 33 32
0 22 33 33 41 42 33 33 23 41 22 33 33
0 33 33 33 41 42 31 33 22 44 22 32 33
0 23 32 32 41 42 33 33 23 44 22 32 32
0 22 33 33 41 42 33 33 22 41 23 32 32
0 23 32 22 41 22 31 32 23 11 23 33 22
0 23 33 32 41 42 33 33 22 44 22 33 32
0 23 33 33 11 42 33 33 23 44 22 32 32
0 23 32 33 44 44 31 33 33 44 22 32 32
0 22 32 32 41 42 31 33 23 44 23 33 33
0 23 22 33 44 22 11 33 33 11 22 33 22
0 22 33 32 11 42 33 32 33 44 23 32 32
0 23 33 33 44 42 33 33 23 44 22 33 32
0 23 32 33 44 44 33 33 22 41 22 33 33
0 23 32 32 41 42 33 32 23 41 22 32 33
0 23 33 33 44 44 33 33 22 44 22 33 32
0 22 33 33 44 42 33 33 23 44 22 33 33
0 22 32 32 41 42 31 32 23 44 23 32 32
0 33 22 22 11 44 33 33 33 11 23 32 33
0 22 32 32 41 42 31 32 22 41 22 33 33
0 22 22 32 11 22 33 32 33 11 23 32 32
0 23 33 33 41 42 31 32 22 41 22 33 32
0 22 32 32 44 42 31 33 22 41 22 32 32
0 23 32 32 11 42 31 32 23 41 23 32 32
0 33 32 22 41 22 31 32 33 41 22 33 32
0 33 22 32 11 44 33 33 23 44 22 33 32
0 22 22 32 11 22 33 22 33 41 23 33 32
0 22 32 32 11 22 11 33 33 44 23 32 32
0 33 32 22 11 44 31 32 33 41 22 33 22
0 22 32 33 41 44 33 33 22 44 22 33 33
0 22 33 33 44 44 33 32 22 44 22 33 32
0 33 32 22 11 42 31 32 33 44 23 32 22
0 23 32 32 11 42 33 33 22 44 22 32 32
0 23 32 33 41 42 31 32 33 44 23 33 32
0 22 33 33 41 42 33 33 23 41 23 33 32
0 22 32 33 44 42 33 33 22 44 22 33 32
0 23 33 32 41 22 33 32 33 11 22 32 22
0 23 33 32 41 42 33 33 33 44 22 33 33
0 23 32 32 41 42 33 33 23 41 23 33 33
0 23 32 32 44 42 33 33 23 44 22 33 33
0 23 33 32 44 42 33 33 33 44 22 33 33
0 33 32 33 41 42 31 32 33 41 23 32 22
0 33 22 22 11 22 33 32 33 41 23 32 33
0 23 22 33 41 42 33 33 23 44 22 32 32
0 23 32 32 41 44 31 32 33 44 23 33 32
0 22 22 22 41 22 33 33 22 44 23 33 33
0 23 33 33 41 44 33 33 33 41 22 33 33
0 23 32 32 41 42 31 33 22 44 22 33 32
0 22 32 33 44 44 33 33 23 44 22 33 32
0 23 33 33 44 42 33 33 23 44 22 33 33
0 23 32 22 44 22 33 33 23 44 22 33 22
0 22 32 32 44 44 33 33 22 44 22 33 33
0 22 33 33 41 42 33 33 22 44 22 33 32
0 23 32 32 41 42 33 32 23 41 22 33 33
0 23 32 32 11 42 33 33 33 44 22 33 32
0 22 33 32 41 44 33 33 33 44 22 32 22
0 22 33 32 41 44 33 33 33 44 23 33 33
0 22 32 33 44 44 33 33 22 44 22 33 33
0 22 33 33 44 42 33 33 23 44 22 33 33
0 22 33 33 44 42 33 33 22 44 22 33 33
0 22 33 33 44 44 33 33 22 44 22 33 33
0 23 32 32 41 42 33 33 22 44 22 33 33
0 22 33 32 44 44 33 33 22 41 22 33 32
0 22 33 32 44 44 33 33 23 41 22 33 32
0 22 32 32 41 42 33 33 22 44 23 33 33
0 33 22 32 11 42 11 32 23 11 23 33 22
0 22 33 32 41 44 33 33 22 44 22 33 33
0 23 33 32 41 44 33 32 23 44 22 33 33
0 23 32 32 41 22 31 33 23 41 22 32 32
0 22 32 33 44 42 33 33 22 41 22 33 33
0 33 32 32 41 44 33 33 23 44 22 33 32
0 22 22 32 44 42 31 33 33 44 22 33 33
0 23 32 33 41 44 33 32 33 44 22 33 32
0 23 22 32 41 42 31 32 33 41 23 32 22
0 23 32 33 41 44 33 33 23 44 22 33 33
0 23 33 33 44 44 33 33 23 44 22 33 33
0 33 32 22 11 22 11 33 33 41 23 32 22
0 23 32 32 41 42 31 32 33 41 23 32 32
0 22 32 33 41 44 33 33 23 44 22 33 32
0 23 32 33 41 44 33 33 23 44 22 32 33
0 23 32 22 11 22 33 22 33 44 22 33 22
0 23 32 32 11 22 31 32 22 41 22 33 32
0 22 33 33 44 44 33 33 23 44 22 33 33
0 22 32 33 41 44 33 32 22 44 23 32 32
0 22 33 32 44 44 33 33 23 44 22 33 33
0 22 32 33 44 42 33 33 22 41 22 33 32
0 22 33 32 44 42 33 33 23 44 22 33 22
0 22 22 22 41 44 33 22 33 41 22 33 22
0 33 32 33 41 42 33 32 23 44 22 33 33
0 22 22 33 44 42 33 33 23 44 23 33 22
0 22 32 32 41 42 33 32 33 41 22 33 32
0 22 33 33 41 42 33 33 22 44 22 33 33
0 23 32 33 41 42 33 33 23 41 22 22 33
0 33 32 32 41 42 33 33 33 44 23 33 32
0 22 33 33 44 44 33 33 22 41 22 33 33
0 23 33 32 11 42 33 33 22 44 22 32 33
0 23 33 33 41 44 33 33 22 44 22 33 33
0 23 22 32 41 42 33 32 22 44 22 33 32
0 22 33 32 44 42 33 32 33 41 23 33 32
0 33 32 22 41 22 33 22 23 44 22 32 22
0 23 32 32 41 42 33 32 33 44 23 33 22
0 22 32 22 41 22 33 33 23 11 22 33 33
0 22 32 32 41 42 33 32 22 44 22 33 33
0 23 32 32 41 42 31 32 23 41 23 33 33
0 23 33 32 11 44 33 32 23 44 22 33 32
0 23 33 32 41 42 31 33 23 44 22 33 32
0 23 22 22 41 22 31 32 33 44 22 33 22
0 23 32 33 11 42 11 33 23 41 23 33 33
0 23 33 22 41 22 31 32 33 44 23 33 32
0 22 33 33 44 44 33 33 22 44 22 33 33
0 22 33 22 41 22 33 33 23 44 22 33 33
0 22 32 32 41 42 31 32 23 44 22 33 32
0 23 32 32 41 22 33 32 33 41 22 22 22
0 23 32 32 41 44 31 33 23 41 22 33 32
0 22 33 33 44 42 31 33 23 44 23 32 22
0 23 32 33 41 42 31 33 22 44 22 33 32
0 23 33 32 41 44 31 33 23 41 22 33 33
0 23 32 33 41 42 31 33 33 41 22 32 32
0 23 33 32 41 42 11 33 23 41 23 32 33
0 22 33 33 41 44 33 32 23 41 22 33 33
0 22 32 33 11 44 33 32 22 44 22 33 33
0 23 33 33 44 44 31 33 22 41 22 33 32
0 22 33 32 41 42 33 33 23 44 22 33 33
0 22 32 22 41 44 31 33 33 11 23 33 22
0 22 33 33 44 44 33 33 22 44 22 33 33
0 22 33 32 44 42 31 33 23 41 22 32 32
0 22 32 32 11 42 33 33 23 41 22 33 32
0 23 32 22 11 44 33 32 23 44 23 32 33
0 23 32 32 41 42 33 33 23 44 22 33 22
0 22 33 32 44 42 33 33 23 44 22 33 22
0 23 32 22 44 42 33 32 23 41 23 33 32
0 22 32 22 41 44 31 33 33 41 23 32 22
0 22 32 33 11 42 31 22 23 41 22 32 33
0 23 22 22 11 42 31 32 23 41 23 22 22
0 22 22 32 11 42 33 33 22 44 22 33 33
0 22 32 32 44 42 33 33 23 44 22 33 33
0 22 32 33 44 44 33 33 33 44 22 33 32
0 23 33 33 41 22 31 32 33 41 23 32 33
0 22 32 33 41 44 31 33 23 41 22 33 32
0 23 32 32 11 44 33 33 23 41 22 33 32
0 22 33 33 41 44 33 33 22 44 22 33 33
0 22 32 33 41 42 33 33 23 44 23 33 33
0 23 22 22 44 44 33 33 22 41 22 33 33
0 23 32 33 44 44 33 33 23 44 22 33 33
0 22 32 32 41 42 33 32 23 44 23 32 32
0 23 33 33 41 42 33 33 22 44 22 33 33
0 23 32 32 44 22 33 33 22 41 22 32 33
0 33 32 32 41 42 31 33 33 41 23 33 22
0 22 32 32 11 44 33 33 33 41 22 33 32
0 22 33 32 41 42 33 32 23 41 22 33 33
0 22 33 32 44 42 33 33 22 44 22 33 33
0 22 33 32 41 42 33 32 23 44 23 32 33
0 22 33 33 44 42 33 33 22 44 22 33 33
0 23 32 33 41 42 33 33 22 44 22 33 32
0 22 33 32 41 44 33 33 23 44 22 33 32
0 23 32 32 41 42 33 32 23 44 23 32 33
0 23 32 32 41 44 31 33 22 44 23 33 32
0 22 32 33 41 22 33 33 23 44 22 32 33
0 22 33 32 44 44 33 33 22 44 22 33 33
0 33 32 32 11 42 31 32 23 41 22 32 32
0 23 33 22 11 44 31 32 33 41 23 33 32
0 23 22 33 11 42 33 32 33 44 22 32 32
0 22 32 33 41 42 33 33 23 41 22 33 32
0 22 33 33 41 42 33 33 23 44 22 33 33
0 22 32 33 41 44 31 32 23 44 22 32 33
0 22 33 33 44 22 33 33 23 44 22 33 33
0 23 32 32 11 44 31 33 33 44 22 33 33
0 22 33 33 44 44 33 33 22 44 22 33 32
0 23 32 32 44 44 31 33 23 41 22 33 33
0 23 33 32 41 42 33 33 22 41 22 33 33
0 22 32 32 41 42 31 33 23 44 22 33 32
0 22 22 32 11 42 33 32 23 41 22 32 32
0 22 33 33 44 44 33 33 22 44 22 33 33
0 22 33 33 44 44 33 33 23 44 22 33 33
0 33 22 32 41 22 11 32 33 11 22 33 32
0 23 33 33 41 42 33 33 23 44 22 33 32
0 22 33 33 44 44 33 33 22 44 22 33 33
0 23 32 33 44 42 33 33 23 44 22 33 32
0 23 33 33 41 42 33 33 23 44 22 33 33
0 23 33 32 11 42 33 33 33 41 22 33 22
0 22 33 32 44 42 33 33 22 44 22 33 32
0 33 32 32 41 44 33 32 33 44 22 33 32
0 22 33 32 41 44 33 33 22 44 22 33 33
0 22 33 33 44 44 33 32 22 44 22 33 33
0 23 32 32 41 42 31 33 23 41 23 32 32
0 23 32 33 44 42 33 33 33 44 22 33 32
0 23 32 33 11 22 33 33 23 11 23 33 32
0 22 32 33 44 44 31 33 22 44 22 33 32
0 22 32 33 41 44 33 33 22 44 22 33 32
0 23 32 32 41 44 33 22 22 44 22 33 32
0 22 33 33 41 42 33 33 22 41 22 33 33
0 23 32 22 11 22 31 33 33 41 22 32 22
0 22 32 32 41 42 33 33 23 44 22 33 33
0 22 32 33 44 44 33 32 22 44 22 33 33
0 22 33 33 44 44 33 32 22 44 22 33 33
0 22 33 22 41 42 33 33 23 44 22 33 32
0 23 32 22 41 22 31 32 23 44 23 32 22
0 23 22 22 41 22 31 32 33 44 22 32 22
0 23 33 32 11 22 31 22 33 44 23 32 22
0 22 33 33 41 42 33 33 23 44 22 33 33
0 23 22 33 41 44 33 33 33 44 23 32 32
0 23 33 33 44 44 33 33 23 41 23 33 32
0 22 33 33 44 44 33 33 23 44 22 33 33
0 23 33 33 44 44 33 33 22 44 22 33 33
0 22 32 22 41 44 31 33 33 44 22 33 32
0 22 32 33 41 44 33 33 23 44 22 33 22
0 22 32 33 41 42 33 33 22 44 22 33 33
0 23 32 32 41 44 33 33 22 44 22 33 33
0 22 33 33 41 44 33 33 23 44 22 33 33
0 22 33 33 44 44 33 33 33 44 22 33 32
0 23 32 32 41 42 33 33 33 44 23 33 32
0 33 32 32 11 42 31 32 33 41 22 33 32
0 23 32 32 41 42 33 33 23 41 22 33 32
0 22 32 33 41 44 31 33 23 44 23 33 22
0 23 32 32 41 22 33 33 22 41 22 33 32
0 22 33 33 44 44 33 33 22 44 22 33 33
0 22 32 32 41 44 33 33 22 41 22 33 32
0 22 33 33 44 44 33 33 22 44 22 33 33
0 23 32 32 41 22 31 33 33 41 23 22 33
0 22 32 32 41 22 33 33 23 44 22 33 32
0 23 22 33 11 42 33 32 23 41 33 32 22
0 22 33 32 41 42 33 32 33 44 22 32 32
0 22 32 32 11 42 33 33 23 41 22 33 32
0 23 22 22 44 22 31 33 23 44 22 33 33
0 22 33 33 41 42 33 33 22 44 22 33 33
0 23 32 32 44 44 33 33 23 44 33 33 32
0 33 32 33 41 44 33 33 33 44 22 33 33
0 22 32 33 44 44 33 33 23 44 22 33 33
0 23 32 32 41 42 31 33 23 41 22 33 32
0 23 33 22 41 42 33 33 23 44 22 32 32
0 22 33 33 44 44 33 33 23 44 23 33 33
0 22 33 32 44 44 33 33 22 44 22 33 33
0 23 32 33 44 44 33 33 22 44 22 33 33
0 22 32 32 41 42 33 33 22 44 22 33 33
0 23 33 32 11 42 33 32 23 41 22 32 33
0 22 33 32 41 44 33 33 23 44 22 33 32
0 22 33 32 44 44 33 33 23 44 22 33 32
0 23 32 33 41 42 31 33 23 44 22 33 32
0 23 22 22 11 42 31 33 33 41 23 33 32
0 22 32 33 41 42 33 33 23 44 23 33 32
0 22 22 32 41 42 31 33 33 41 23 33 22
0 22 33 33 41 42 33 33 33 44 22 33 32
0 22 33 32 44 44 33 33 22 41 23 33 32
0 23 32 33 11 42 11 33 33 11 23 32 32
0 22 33 33 44 44 33 33 22 44 22 33 33
0 33 22 33 41 42 31 32 33 44 23 32 32
0 23 33 33 41 22 33 33 33 41 22 32 32
0 22 32 33 44 42 33 32 22 44 22 33 33
0 22 32 33 11 42 33 33 33 41 22 32 33
0 23 33 33 44 22 33 32 33 44 22 33 33
0 23 32 33 41 42 33 33 22 44 22 33 33
0 22 33 33 41 44 33 33 23 44 22 33 33
0 22 33 33 44 44 33 33 23 44 22 32 33
0 23 33 32 44 44 33 33 22 44 22 33 32
0 23 32 32 41 44 33 33 23 44 22 33 32
0 23 22 22 11 42 33 32 33 41 23 33 32
0 33 33 33 44 44 31 33 33 44 22 33 22
0 22 33 33 44 44 33 33 22 44 22 33 33
0 22 33 33 41 44 33 33 23 44 22 33 33
0 23 33 33 41 22 33 33 23 41 22 33 32
0 23 33 22 11 22 33 32 33 44 22 33 32
0 33 22 22 41 44 31 33 22 44 22 33 32
0 22 33 32 44 44 33 33 23 44 22 33 33
1 22 33 33 44 44 33 33 23 44 22 33 33
1 33 32 32 11 22 33 33 22 44 22 33 32
1 23 32 32 41 42 33 33 23 44 23 32 32
1 22 33 32 44 42 33 33 22 41 22 33 33
1 23 22 22 44 42 33 32 33 41 33 33 32
1 22 32 33 41 44 33 33 22 44 22 33 33
1 33 33 22 11 42 33 33 23 11 23 33 32
1 23 32 33 41 44 33 33 23 44 23 33 32
1 22 32 33 44 44 33 33 33 44 23 32 33
1 23 32 32 41 42 31 32 23 41 23 32 33
1 33 32 22 41 22 31 33 33 41 22 33 22
1 23 32 33 11 42 33 33 33 44 22 32 32
1 23 33 32 44 42 33 33 22 44 22 33 33
1 22 33 33 44 42 33 33 22 44 22 33 33
1 22 32 33 41 44 31 33 22 44 22 33 32
1 33 33 32 41 42 33 33 23 44 22 33 33
1 22 32 33 41 42 33 33 22 41 22 33 33
1 22 22 32 44 42 33 32 23 44 22 33 32
1 22 33 32 44 44 31 33 23 44 22 33 33
1 22 32 22 41 44 31 33 23 44 22 33 33
1 23 32 33 44 44 33 33 23 44 22 33 33
1 22 33 33 44 44 33 33 22 44 22 33 33
1 23 32 32 41 22 31 32 23 41 22 33 32
1 23 33 33 44 44 33 33 22 44 22 33 33
1 22 33 22 44 44 33 33 22 44 22 33 33
1 23 33 32 41 22 33 32 23 41 22 33 32
1 23 32 33 44 42 33 33 33 44 22 33 32
1 22 32 32 44 44 33 32 23 41 22 33 33
1 22 32 33 41 42 33 33 22 44 22 33 33
1 22 32 32 11 22 31 32 33 44 22 33 22
1 23 32 22 44 44 33 32 22 41 22 33 33
1 23 32 22 41 44 33 32 33 41 22 32 32
1 23 32 32 11 22 31 33 33 41 22 33 32
1 23 32 32 11 22 31 22 33 41 22 33 22
1 22 33 22 41 44 33 33 22 44 22 33 32
1 22 22 22 11 22 31 33 33 41 22 22 33
1 23 32 32 44 44 33 33 22 44 22 32 33
1 22 33 33 41 42 33 33 23 41 22 33 32
1 23 32 22 11 22 33 22 23 44 22 32 33
1 23 32 32 41 42 33 33 23 44 22 32 32
1 23 32 22 41 42 31 32 23 41 23 33 32
1 23 33 33 41 44 33 33 23 41 22 33 22
1 23 32 32 41 42 33 32 33 11 23 33 32
1 23 32 33 41 42 33 33 23 41 22 32 32
1 33 32 33 11 44 33 32 33 41 23 22 32
1 23 22 32 11 42 33 22 33 11 23 32 22
1 22 33 33 44 44 33 33 22 44 22 33 33
1 23 33 33 41 42 33 32 33 41 22 33 33
1 23 32 32 41 42 33 33 22 44 22 33 32
1 33 32 33 11 42 33 33 22 44 23 33 32
1 22 33 33 44 44 33 33 22 44 23 33 33
1 23 32 22 44 44 33 33 23 41 23 33 33
1 23 32 32 11 22 33 33 23 44 22 32 32
1 23 32 33 41 42 33 32 33 41 22 33 32
1 22 33 32 41 42 33 33 23 44 22 33 22
1 22 32 22 11 22 31 32 23 41 23 32 32
1 22 33 33 41 42 33 33 22 44 22 33 33
1 23 33 32 41 44 33 32 22 41 22 33 32
1 22 33 32 41 42 33 32 33 44 22 32 32
1 22 33 33 41 42 31 33 22 41 23 32 32
1 22 22 33 44 42 33 33 23 41 22 33 33
1 23 32 32 41 44 31 32 23 41 23 33 22
1 22 32 33 44 44 33 33 23 41 22 33 22
1 23 32 32 41 42 31 32 33 41 23 32 32
1 23 22 32 41 44 33 32 22 44 22 33 32
1 22 32 33 41 44 33 33 23 44 22 33 32
1 23 32 22 41 42 31 32 33 41 23 32 33
1 22 33 33 44 44 33 32 23 41 22 33 33
1 22 33 33 44 44 33 33 23 44 22 33 32
1 22 22 32 41 42 33 33 23 44 22 33 32
1 23 32 32 44 44 33 33 22 41 23 33 32
1 22 32 32 44 44 33 33 22 44 22 33 33
1 23 22 33 11 42 33 33 33 41 23 32 32
1 22 33 33 44 44 33 33 22 44 22 33 33
1 23 32 22 41 44 31 33 23 44 22 33 22
1 33 32 33 11 42 11 32 33 44 22 33 32
1 22 33 32 41 42 33 33 33 44 22 32 33
1 23 32 32 44 22 33 33 22 41 23 33 22
1 22 32 32 41 42 31 33 23 41 22 32 33
1 22 32 33 44 44 31 33 22 44 23 33 32
1 23 32 32 11 22 11 33 22 44 22 33 32
1 22 32 33 41 44 33 33 22 44 22 33 33
1 33 32 22 11 42 11 32 23 41 23 32 32
1 23 32 32 11 42 11 33 23 44 23 32 22
1 23 22 32 11 42 33 32 33 11 22 22 22
1 33 33 32 41 44 33 33 23 44 22 33 32
1 23 32 32 41 44 11 33 23 44 23 32 32
1 22 33 33 44 44 33 33 22 44 22 33 32
1 22 33 33 44 44 33 33 23 44 22 33 33
1 23 33 33 41 42 31 33 23 44 22 33 33
1 23 32 33 41 42 31 33 23 44 22 33 33
1 33 32 22 11 22 31 22 33 11 22 32 22
1 22 33 33 44 44 33 33 23 44 22 33 33
1 22 33 33 44 44 33 33 22 44 22 33 33
1 23 32 32 44 42 31 33 33 41 22 33 32
1 23 32 33 41 42 33 32 23 44 22 33 33
1 23 32 22 41 42 33 33 33 44 22 33 32
1 33 32 22 11 42 31 33 23 41 23 33 22
1 22 32 32 44 42 33 33 23 44 22 33 33
1 33 32 22 44 42 33 32 33 44 22 33 32
1 22 32 32 41 42 31 33 33 11 22 33 32
1 33 32 32 11 22 31 32 23 41 23 33 32
1 33 32 22 41 42 31 32 23 44 22 32 32
1 33 22 32 41 44 31 32 23 11 23 22 32
1 22 33 32 41 42 31 33 23 44 22 33 32
1 23 32 32 41 42 31 32 23 41 23 33 33
1 22 33 32 44 44 33 33 22 44 23 32 33
1 23 32 32 44 22 33 33 23 44 22 33 32
1 23 32 32 44 22 33 32 33 41 23 33 22
1 22 32 33 44 44 33 33 23 44 22 33 33
1 23 22 22 41 44 33 33 33 44 23 33 32
1 23 32 32 41 22 31 32 23 41 22 32 32
1 22 32 22 11 22 31 32 33 11 23 33 22
1 22 32 32 11 44 33 33 22 44 22 33 33
1 22 33 33 44 44 33 32 22 44 22 33 32
1 22 33 33 44 44 33 33 23 44 22 33 33
1 23 32 32 41 42 31 32 23 44 22 33 32
1 22 33 32 11 42 33 32 23 44 22 32 32
1 22 33 33 44 42 33 33 23 41 22 33 32
1 22 32 22 44 42 31 32 33 41 22 33 32
1 33 22 33 41 22 33 33 23 44 23 33 22
1 22 32 32 44 44 33 33 23 41 22 33 33
1 22 33 32 44 42 33 33 22 44 22 32 33
1 22 33 33 44 44 31 33 22 44 22 33 33
1 23 32 33 41 44 31 33 23 44 23 32 32
1 22 32 32 41 44 33 33 22 44 22 33 33
1 23 32 32 41 42 33 33 22 11 23 33 33
1 22 32 33 44 44 33 33 23 44 22 33 32
1 22 33 33 44 44 33 33 23 44 22 33 33
1 22 33 33 11 42 33 33 23 41 22 33 32
1 23 33 33 44 42 33 33 23 44 22 33 33
1 22 33 32 44 44 33 33 22 41 22 33 33
1 23 32 32 41 42 33 32 23 41 22 33 32
1 23 22 22 11 22 33 22 33 44 22 33 33
1 23 32 33 44 42 33 33 23 41 22 33 33
1 22 32 33 41 42 33 33 23 44 22 33 33
1 23 32 33 11 44 33 33 23 44 22 32 32
1 22 33 33 44 44 33 33 22 44 22 33 33
1 22 33 22 11 42 33 33 23 41 22 33 32
1 23 33 32 41 42 33 33 23 41 22 33 32
1 23 33 32 41 44 33 33 22 44 22 33 33
1 23 32 32 41 42 33 33 23 41 23 32 32
1 22 32 33 44 42 33 33 22 41 22 33 33
1 23 32 32 41 42 33 33 23 44 22 33 33
1 23 32 32 41 42 33 32 23 41 23 33 32
1 23 32 32 41 44 31 33 22 44 22 33 33
1 23 32 32 44 42 31 32 22 44 22 33 32
1 23 32 32 41 22 33 32 23 41 22 32 32
1 23 22 33 11 22 33 33 33 44 22 33 32
1 23 33 32 11 42 31 33 23 41 23 33 32
1 23 32 32 11 42 11 32 23 44 22 32 32
1 23 32 32 44 42 33 33 33 44 22 33 33
1 23 22 22 41 42 31 32 33 41 22 32 32
1 22 32 32 41 22 31 32 33 41 22 33 32
1 23 33 33 44 44 33 33 23 44 22 33 32
1 23 32 32 44 44 33 32 23 41 23 33 32
1 22 33 33 41 44 33 33 22 44 23 33 32
1 22 33 22 41 42 33 32 23 44 22 33 33
1 23 33 32 41 44 33 33 33 41 23 32 32
1 23 32 32 41 42 31 32 23 44 23 32 32
1 23 32 22 41 44 31 33 22 41 22 32 22
1 33 22 22 41 42 31 33 33 41 23 22 32
1 22 33 33 44 44 33 33 23 44 22 33 33
1 23 33 33 41 44 33 33 23 44 22 33 33
1 22 32 32 44 42 31 33 23 44 22 33 32
1 22 32 22 41 42 31 33 23 41 22 33 32
1 22 33 32 41 42 33 33 23 41 22 33 32
1 23 32 32 11 42 31 32 23 41 23 33 22
1 22 32 33 41 44 33 32 23 44 23 33 33
1 22 33 33 11 44 33 32 22 44 22 33 32
1 33 33 22 11 22 31 33 33 44 22 33 32
1 33 32 32 11 22 31 32 23 41 23 33 32
1 23 32 32 44 44 31 32 33 41 22 33 33
1 23 32 32 41 42 33 33 33 41 22 33 32
1 22 32 33 44 44 33 33 23 41 22 33 32
1 22 33 33 44 44 33 33 23 44 22 33 33
1 22 33 33 44 42 31 32 23 41 23 33 32
1 23 32 22 44 44 33 33 22 41 22 33 33
1 22 32 33 44 42 33 33 33 44 22 33 33
1 22 33 33 44 44 33 33 22 44 22 33 33
1 23 32 32 41 42 31 33 23 41 23 32 32
1 22 33 32 41 42 31 33 23 44 22 32 32
1 23 32 32 41 42 31 33 23 44 22 33 33
1 22 32 33 44 44 33 33 22 44 22 33 33
1 22 33 33 44 44 33 33 22 44 22 33 33
1 22 33 33 44 44 33 33 22 44 22 33 33
1 22 33 33 11 44 33 33 23 44 23 33 33
1 22 33 32 11 42 31 32 23 44 22 33 33
1 22 32 32 44 42 33 32 23 44 23 33 33
1 23 33 33 41 42 33 33 22 44 22 33 32
1 23 32 32 11 44 33 32 23 41 23 32 32
1 23 32 32 41 42 31 33 23 41 23 32 32
1 22 32 32 44 44 33 33 23 44 22 33 32
1 23 22 33 41 42 31 32 33 41 23 33 32
1 23 22 32 41 42 31 33 33 41 22 32 32
1 22 33 33 41 44 33 33 22 44 22 33 33
1 23 32 32 44 44 33 32 22 41 23 33 32
1 22 32 33 41 44 33 33 22 44 23 33 32
1 22 33 33 41 42 33 33 22 44 22 33 33
1 22 33 33 44 44 33 33 22 44 22 33 33
1 22 33 32 44 42 31 33 23 44 22 33 33
1 22 33 32 44 44 33 33 22 44 22 33 33
1 23 32 32 41 42 33 33 22 44 22 33 33
1 23 33 32 41 42 31 32 23 41 22 33 22
1 23 33 32 44 44 33 33 22 44 22 33 32
1 22 33 33 44 44 33 33 23 44 22 33 32
1 23 22 33 44 44 33 33 22 44 22 33 33
1 23 33 33 41 44 33 33 23 44 22 33 33
1 22 32 33 41 42 33 33 33 41 22 33 33
1 33 32 22 11 22 11 32 33 11 23 22 22
1 22 32 33 41 44 33 33 22 44 22 33 33
1 22 32 32 41 42 31 33 23 41 22 33 32
1 23 32 32 11 42 31 22 23 41 23 33 32
1 22 22 32 41 44 33 33 22 44 23 33 33
1 23 33 33 41 42 33 32 23 41 22 33 32
1 33 22 22 11 42 33 22 33 11 23 32 22
1 22 33 33 41 44 33 33 22 44 22 33 33
1 22 32 33 44 44 33 33 23 44 22 33 33
1 22 32 22 41 22 31 32 22 44 22 33 22
1 22 32 32 44 22 33 32 33 44 22 32 33
1 22 33 22 44 44 31 33 22 44 22 32 32
1 23 33 32 41 42 33 33 23 44 22 33 22
1 33 32 32 41 42 33 32 23 41 23 22 33
1 33 22 22 11 22 31 32 23 11 22 32 22
1 22 33 33 44 44 33 33 22 44 22 33 33
1 22 22 22 11 42 33 32 33 41 22 33 32
1 23 32 33 44 44 33 33 23 44 22 33 33
1 22 33 33 41 42 33 33 22 44 22 33 32
1 22 32 32 44 44 33 33 22 44 22 33 33
1 22 33 32 41 42 33 33 22 44 22 33 33
1 23 32 33 41 42 33 33 23 41 22 33 32
1 22 33 33 41 44 33 33 23 11 23 33 33
1 23 22 22 41 42 31 22 23 44 23 22 22
1 23 33 32 41 44 33 33 22 44 22 33 33
1 22 32 33 44 44 33 33 22 44 22 33 32
1 22 33 33 44 44 33 33 23 44 22 33 33
1 22 22 22 11 44 31 33 23 44 22 32 32
1 23 33 32 44 44 33 33 23 44 22 33 32
1 23 22 32 44 44 31 33 33 44 22 32 32
1 23 32 32 41 42 33 32 23 41 23 32 32
1 22 32 33 44 44 33 33 33 41 22 33 32
1 23 32 33 44 44 33 33 23 44 22 33 33
1 22 32 33 41 44 33 33 23 44 22 32 33
1 23 33 32 11 42 33 33 23 44 23 22 22
1 22 32 32 11 42 33 32 33 41 23 33 32
1 23 22 32 11 42 31 22 33 41 23 33 32
1 33 33 32 41 42 31 33 23 41 23 33 32
1 22 32 22 41 42 33 33 23 41 22 32 32
1 22 33 32 41 22 33 33 33 44 22 33 32
1 23 32 33 44 42 33 32 33 44 22 33 32
1 33 32 32 11 22 33 22 23 44 22 33 22
1 22 32 32 44 44 33 33 23 44 22 33 32
1 23 32 32 41 42 31 32 23 44 22 33 32
1 33 22 22 11 42 33 33 33 41 22 33 22
1 22 32 33 44 42 33 33 23 44 22 33 32
1 23 32 32 11 42 33 32 33 41 22 32 32
1 22 33 32 44 42 33 33 23 44 22 33 33
1 23 33 32 41 42 33 32 23 41 22 33 32
1 22 32 33 41 44 33 33 22 44 22 33 32
1 22 33 33 44 44 33 33 23 44 22 33 32
1 22 32 32 11 42 33 33 33 41 23 32 33
1 23 33 32 41 44 31 32 22 44 22 33 22
1 23 33 33 41 44 33 32 23 41 22 33 33
1 23 33 33 41 42 33 32 23 44 22 33 33
1 23 33 32 11 42 33 32 33 11 22 32 33
1 23 33 32 41 44 33 33 22 44 22 33 33
1 23 33 22 11 42 11 32 23 44 22 33 33
1 23 22 32 41 42 33 33 22 44 22 32 32
1 23 33 33 44 44 33 32 22 44 22 33 33
1 23 22 33 44 22 33 33 33 41 23 33 33
1 22 32 32 41 42 31 32 22 41 22 33 33
1 23 32 33 41 42 31 33 23 44 23 33 32
1 23 32 32 41 42 33 33 33 41 22 33 32
1 22 33 33 41 42 33 33 23 44 22 33 33
1 22 33 22 41 44 33 33 23 44 23 33 33
1 22 33 33 44 42 33 33 22 44 22 33 33
1 22 33 33 44 42 33 33 22 44 22 33 33
1 23 32 33 44 42 33 32 22 44 22 33 32
1 23 33 33 41 22 31 32 33 41 22 33 33
1 22 32 33 41 44 31 32 33 44 22 33 32
1 23 33 32 44 42 11 33 33 44 23 33 33
1 23 32 33 41 42 33 33 22 44 22 33 32
1 23 32 32 41 22 33 33 23 41 22 32 22
1 23 22 22 11 22 31 32 33 41 23 32 32
1 23 33 32 41 42 33 32 33 41 23 32 32
1 33 33 22 11 22 31 33 33 41 22 33 32
1 23 22 22 11 22 11 32 33 41 33 32 32
1 23 32 32 41 42 33 33 23 44 22 32 32
1 23 32 33 44 44 33 33 23 44 22 33 32
1 23 33 32 41 44 31 33 22 44 22 33 33
1 23 32 33 41 42 33 33 23 44 22 33 33
1 22 33 32 44 44 33 33 33 44 22 33 33
1 22 33 33 44 44 33 33 22 44 22 33 33
1 23 32 32 41 44 33 22 23 41 22 32 22
1 23 33 33 41 44 33 33 23 41 22 33 32
1 22 33 32 41 44 33 33 23 44 22 32 32
1 22 33 33 44 44 33 33 22 44 22 33 33
1 22 32 22 41 44 33 33 23 44 22 33 22
1 23 32 32 41 42 31 33 33 41 22 33 32
1 23 32 33 41 22 31 33 23 41 23 32 32
1 22 32 33 44 44 33 33 23 44 22 33 33
1 23 32 32 41 44 33 33 23 41 23 33 32
1 23 32 32 41 42 31 33 22 44 23 33 33
1 23 33 32 44 44 31 32 22 41 22 32 33
1 22 33 33 11 42 33 32 23 41 22 33 33
1 22 32 33 44 42 33 33 23 44 23 33 33
1 22 32 33 41 42 33 33 22 44 22 33 33
1 23 32 32 41 42 33 33 33 41 22 32 33
1 23 32 32 11 22 31 32 33 11 23 33 32
1 23 33 32 44 44 33 33 23 41 22 32 32
1 33 33 32 41 42 33 32 33 41 23 33 33
1 22 32 33 41 44 33 33 22 44 22 33 33
1 23 33 33 41 44 33 33 23 44 23 33 32
1 23 22 32 11 42 11 32 33 41 33 33 22
1 22 32 32 41 42 31 33 23 44 22 32 33
1 23 32 22 41 42 11 32 33 41 22 33 33
1 22 22 33 41 42 33 32 23 41 22 33 33
1 22 33 33 41 44 33 33 22 44 22 33 33
1 22 32 32 44 44 33 32 23 44 23 33 32
1 22 33 32 44 44 33 33 23 44 22 33 33
1 22 33 33 44 44 33 33 22 44 22 33 33
1 23 32 32 41 42 31 32 22 41 23 32 32
1 22 33 33 44 44 33 33 22 44 22 33 33
1 23 32 33 41 44 33 33 23 44 22 33 32
1 23 22 32 41 42 33 33 23 44 22 33 22
1 23 33 32 44 44 31 33 23 44 22 33 32
1 33 32 32 41 22 11 32 33 11 33 33 32
1 23 22 33 11 42 33 33 22 41 33 33 32
1 23 33 33 44 44 33 33 23 44 22 33 33
1 23 32 32 44 42 31 33 23 44 22 33 32
1 22 22 33 44 42 33 33 23 44 22 33 33
1 22 33 33 44 44 31 33 23 44 22 33 33
1 22 32 33 41 42 33 33 23 44 23 33 33
1 23 32 32 11 42 11 33 33 41 22 32 32
1 22 33 32 44 44 33 33 23 44 22 33 32
1 23 32 32 44 42 33 32 22 41 23 33 32
1 33 32 22 11 22 31 22 33 11 23 32 22
1 22 32 32 41 42 31 33 23 44 22 33 32
1 23 33 32 44 44 31 33 23 44 22 32 33
1 22 32 33 41 44 33 33 22 44 22 33 33
1 22 33 33 44 42 33 33 23 44 22 33 33
1 22 32 32 44 42 33 33 23 41 23 33 33
1 23 32 22 41 44 33 33 23 41 22 32 32
1 23 32 32 44 44 33 33 22 44 22 32 33
1 22 32 33 44 42 33 33 22 44 22 33 33
1 23 32 33 44 42 33 33 23 44 22 33 33
1 23 32 32 41 42 31 32 23 41 23 33 32
1 23 33 32 41 42 31 33 23 41 22 32 22
1 22 33 33 44 44 33 33 22 44 22 33 33
1 22 33 32 44 22 33 33 23 44 22 33 33
1 23 32 22 41 44 31 33 23 44 22 33 32
1 22 32 32 44 22 33 33 23 41 23 33 32
1 22 33 33 44 44 33 33 22 44 22 33 33
1 23 32 32 41 42 33 33 22 44 22 33 33
1 23 22 22 44 22 31 33 22 44 22 33 32
1 22 22 22 11 22 31 33 33 41 22 32 32
1 23 33 32 41 42 33 22 33 44 22 33 32
1 23 33 32 41 22 33 33 33 44 23 33 32
1 23 33 22 41 42 33 22 23 44 23 32 22
1 33 32 22 41 22 31 33 22 41 22 33 32
1 33 22 22 41 42 31 32 33 41 22 32 32
1 22 33 33 11 22 33 33 22 44 22 33 33
1 23 22 22 11 42 33 33 23 41 22 33 22
1 22 33 33 41 44 33 32 23 44 22 33 32
1 23 32 33 44 42 31 33 23 41 22 32 33
1 22 32 32 44 42 33 33 22 44 22 32 32
1 23 32 32 11 44 33 32 23 41 22 33 22
1 22 33 32 41 42 33 32 23 41 22 33 32
1 22 33 33 11 42 33 33 23 41 22 33 32
1 23 32 32 41 44 33 32 33 44 22 33 32
1 23 33 33 41 44 33 33 23 44 22 33 33
1 22 33 32 41 42 33 33 33 44 22 33 33
1 23 32 32 11 22 33 32 23 44 22 33 32
1 23 33 32 44 22 33 33 23 41 22 32 33
1 33 33 33 44 42 33 33 23 44 22 32 33
1 22 32 33 44 44 31 33 22 44 22 33 33
1 23 32 32 41 44 31 33 23 44 23 33 33
1 22 33 33 44 44 33 32 22 44 22 33 33
1 22 32 32 44 44 33 33 33 44 22 33 33
1 22 32 32 41 42 31 33 23 44 22 32 33
1 22 33 32 44 42 33 33 23 44 22 33 32
1 23 33 22 11 22 31 32 33 41 23 33 32
1 22 33 33 44 44 33 33 23 44 22 33 32
1 22 33 33 44 44 33 33 22 44 22 33 33
1 23 33 32 44 42 33 33 23 44 22 33 32
1 23 33 32 11 42 33 33 22 41 22 33 33
1 23 32 32 11 42 31 32 33 41 22 32 33
1 23 33 22 11 22 33 32 33 41 22 33 32
1 23 32 32 41 44 33 33 33 41 22 33 33
1 23 32 32 41 44 33 33 23 41 22 33 33
1 23 33 32 44 44 33 33 23 41 23 33 32
1 33 32 22 11 44 33 22 23 11 22 33 32
1 33 22 32 41 42 11 32 23 41 23 32 32
1 23 32 32 41 22 33 33 23 44 23 33 32
1 22 33 22 41 22 33 32 23 41 22 33 32
1 23 32 33 44 44 33 33 23 44 22 33 32
1 23 33 32 41 44 33 33 22 41 22 33 32
1 22 32 33 41 44 33 33 22 44 22 33 33
1 33 33 33 11 42 31 32 23 41 23 33 32
1 23 32 32 41 44 31 32 23 41 22 33 32
1 22 32 33 44 42 33 33 23 44 22 33 32
1 33 32 32 44 42 33 33 33 41 22 33 22
1 22 22 33 44 42 33 33 23 11 22 32 32
1 22 33 33 44 44 33 33 22 44 22 33 33
1 23 32 22 41 42 33 33 23 11 22 33 33
1 22 32 22 41 42 31 33 33 41 22 33 32
1 23 33 32 41 22 31 33 23 11 23 33 32
1 22 33 33 44 44 33 33 22 44 22 33 33
1 22 32 22 11 22 33 33 33 41 22 33 33
1 23 32 32 44 44 31 32 23 41 23 32 32
1 33 22 32 41 22 31 32 33 41 23 22 32
1 22 33 33 44 44 33 33 22 44 22 33 33
1 23 32 22 41 42 33 33 23 44 22 33 32
1 23 32 22 41 22 33 33 23 11 22 33 33
1 22 33 32 44 44 33 33 22 44 22 33 33
1 22 32 32 11 22 31 33 23 44 22 33 32
1 22 33 32 44 42 33 33 23 44 22 33 32
1 23 33 33 44 44 33 32 33 41 22 33 32
1 23 22 33 44 42 33 33 22 44 22 33 33
1 33 33 33 44 42 33 32 33 44 22 33 32
1 22 33 33 41 44 33 33 23 44 22 33 33
1 23 32 32 44 44 33 33 22 44 22 33 33
1 22 32 32 41 44 31 33 23 44 22 33 32
1 22 33 32 41 44 33 33 22 41 22 33 32
1 22 33 32 41 42 33 32 23 44 22 33 33
1 23 33 32 41 42 31 32 33 44 22 33 33
1 22 32 32 41 44 31 32 33 41 22 32 32
1 23 33 32 44 42 33 32 23 44 22 32 33
1 33 22 32 11 22 11 22 23 11 23 22 32
1 22 33 33 44 44 33 33 22 44 22 33 33
1 22 33 33 41 42 31 33 22 44 22 33 32
1 22 32 33 44 42 33 33 23 44 22 33 32
1 23 22 33 44 44 31 32 33 41 22 32 32
1 23 32 32 41 42 11 32 33 44 23 33 33
1 23 33 33 44 22 33 33 23 44 22 33 33
1 22 32 33 11 44 33 33 23 44 22 33 33
1 23 33 33 44 42 33 33 23 41 22 33 32
1 22 33 32 44 44 31 33 23 41 22 33 33
1 23 32 32 11 42 33 33 23 41 23 33 32
1 22 33 33 41 44 33 33 23 44 22 33 33
1 23 22 22 41 22 33 33 23 41 33 32 22
1 22 32 32 44 42 33 33 22 44 22 32 33
1 23 32 32 41 42 33 33 33 41 33 33 32
1 22 33 33 44 44 33 33 23 44 22 33 33
1 22 32 33 44 44 33 33 22 44 22 33 33
1 23 22 32 11 44 33 33 23 44 22 33 32
1 23 32 32 41 22 33 32 23 41 22 33 32
1 23 32 32 41 44 31 32 23 41 23 32 32
1 22 32 33 41 44 31 33 33 44 22 33 22
1 23 32 32 44 42 33 33 23 41 22 33 33
1 22 32 32 44 42 33 33 22 44 22 33 32
1 22 22 32 41 44 33 33 33 44 22 33 33
1 23 33 33 41 42 33 33 22 44 23 33 32
1 33 32 32 11 22 33 32 23 41 33 33 32
1 22 22 33 11 44 33 33 23 44 22 33 32
1 23 33 33 44 44 33 33 22 44 22 33 33
1 22 33 33 44 44 33 33 22 44 22 33 32
1 33 32 32 44 42 33 33 33 44 22 33 33
1 22 33 32 44 42 31 33 33 41 23 33 32
1 23 33 32 41 42 31 32 22 41 22 32 32
1 33 32 32 41 44 31 33 33 44 22 33 33
1 22 33 33 44 42 33 33 22 44 22 33 33
1 22 32 33 41 44 33 32 23 44 22 33 33
1 22 32 32 44 42 31 32 23 44 23 33 32
1 33 33 33 44 44 33 33 33 41 22 33 33
1 23 33 32 41 44 33 33 22 41 22 33 33
1 23 33 32 41 42 31 33 23 41 22 33 32
1 23 32 32 44 44 33 32 23 44 23 33 33
1 33 32 32 41 22 31 33 23 41 23 33 32
1 22 32 32 41 44 33 32 23 41 22 33 33
1 22 33 32 41 44 31 33 23 44 22 32 33
1 33 22 32 41 22 31 33 33 44 22 32 33
1 22 33 32 41 44 33 33 22 41 22 33 32
1 22 33 33 41 44 33 33 23 44 22 33 32
1 22 32 22 41 42 31 32 33 44 23 33 32
1 23 32 22 11 22 31 32 33 41 23 32 32
1 22 32 32 11 44 31 32 23 44 23 32 32
1 22 32 33 44 44 33 33 22 44 22 33 33
1 22 33 33 11 42 33 33 23 44 22 33 33
1 23 32 32 41 22 33 33 33 41 22 32 32
1 22 33 32 44 22 33 33 22 44 22 33 32
1 22 32 32 11 42 33 32 23 41 22 33 32
1 23 32 32 41 42 31 32 23 44 22 32 32
1 22 33 33 44 42 33 33 33 44 22 33 33
1 23 33 33 41 22 31 33 22 41 22 32 22
1 23 32 32 41 42 31 33 23 41 22 33 32
1 22 33 33 44 44 33 33 22 44 22 33 33
1 23 33 32 41 44 33 33 22 41 22 32 32
1 23 32 32 41 42 33 33 33 41 22 33 32
1 22 33 32 44 42 33 32 22 41 22 33 33
1 33 33 32 11 44 31 33 23 44 22 33 33
1 22 33 32 44 42 31 33 22 44 22 33 33
1 23 32 32 44 44 31 33 33 44 22 33 22
1 23 32 33 41 42 31 33 23 44 23 32 33
1 33 33 32 44 42 33 33 22 44 22 33 32
1 22 22 22 11 44 11 33 23 11 23 33 32
1 22 32 33 44 42 33 33 23 44 22 32 33
1 23 32 32 11 42 31 33 23 41 22 33 33
1 22 33 33 44 44 31 33 23 44 22 33 22
1 22 32 32 11 42 31 33 33 44 22 33 22
