 rs214322 rs2027508 rs2268812
0 11 14 22
0 11 11 23
0 11 14 22
0 11 11 23
0 14 11 22
0 14 14 23
0 11 11 23
0 14 11 33
0 11 14 23
0 44 11 23
0 44 11 23
0 14 11 22
0 14 11 22
0 11 11 22
0 14 11 22
0 44 14 23
0 11 11 23
0 14 11 23
0 11 11 33
0 11 11 23
0 11 14 22
0 44 11 22
0 44 11 22
0 44 11 22
0 11 11 23
0 11 11 22
0 11 11 22
0 11 14 22
0 14 11 23
0 11 11 23
0 14 11 23
0 11 11 23
0 44 14 22
0 11 11 22
0 14 11 22
0 11 11 23
0 11 11 22
0 44 11 23
0 11 14 23
0 14 11 22
0 14 11 22
0 11 11 23
0 14 11 22
0 11 11 22
0 11 11 33
0 11 11 23
0 14 11 22
0 14 14 33
0 14 11 23
0 14 11 33
0 11 11 22
0 11 11 23
0 44 11 23
0 14 11 23
0 11 11 23
0 11 11 33
0 14 11 22
0 11 11 23
0 11 11 23
0 11 11 23
0 11 11 23
0 11 11 22
0 14 11 23
0 11 11 22
0 11 11 23
0 11 11 22
0 14 11 22
0 11 14 23
0 11 11 22
0 11 44 23
0 14 11 22
0 11 11 23
0 14 11 22
0 11 11 23
0 11 11 22
0 14 11 22
0 11 11 23
0 44 11 33
0 11 11 23
0 11 11 23
0 11 11 22
0 14 11 23
0 14 11 23
0 44 11 33
0 44 11 23
0 14 11 22
0 14 11 22
0 11 11 33
0 14 11 23
0 14 11 23
0 14 11 22
0 44 11 22
0 11 11 22
0 11 11 23
0 11 14 33
0 11 11 22
0 11 11 23
0 14 14 22
0 14 11 23
0 14 11 23
0 11 11 33
0 44 11 23
0 14 11 22
0 44 11 22
0 14 14 22
0 11 11 33
0 11 11 22
0 14 11 23
0 14 11 23
0 11 11 22
0 14 11 22
0 11 11 22
0 44 11 23
0 44 11 22
0 11 14 23
0 11 11 22
0 11 11 22
0 14 11 22
0 14 11 23
0 11 11 22
0 14 44 22
0 14 11 23
0 14 11 33
0 14 11 22
0 14 11 22
0 11 11 22
0 11 11 22
0 14 11 22
0 11 11 22
0 11 14 23
0 14 14 23
0 14 11 33
0 44 11 23
0 14 11 23
0 14 11 23
0 44 11 33
0 11 11 22
0 11 11 23
0 14 44 23
0 14 11 23
0 11 11 22
0 44 11 23
0 14 11 23
0 11 11 23
0 14 14 23
0 44 11 23
0 44 11 22
0 11 14 22
0 11 11 22
0 14 11 23
0 11 11 23
0 44 11 23
0 11 11 22
0 11 14 22
0 11 11 22
0 14 11 23
0 11 14 23
0 14 11 22
0 11 11 23
0 11 11 22
0 11 11 23
0 44 11 23
0 11 11 22
0 14 14 23
0 11 11 22
0 14 14 23
0 11 11 23
0 14 11 33
0 44 11 23
0 11 11 23
0 14 11 22
0 14 11 22
0 14 11 22
0 11 14 23
0 11 11 22
0 14 11 23
0 11 11 22
0 11 11 22
0 14 11 22
0 11 11 23
0 14 14 22
0 11 11 23
0 11 11 22
0 11 11 23
0 11 11 22
0 44 11 23
0 11 11 23
0 14 11 23
0 14 14 23
0 11 11 23
0 14 14 23
0 11 11 22
0 14 11 23
0 11 11 23
0 14 11 33
0 14 11 22
0 11 14 23
0 11 11 22
0 11 14 22
0 11 11 22
0 14 11 22
0 44 44 33
0 11 11 22
0 14 11 22
0 14 11 23
0 11 14 22
0 14 11 33
0 11 14 22
0 11 11 22
0 14 11 23
0 11 11 22
0 14 11 23
0 11 11 22
0 14 11 23
0 44 11 22
0 14 11 23
0 14 11 22
0 14 11 23
0 11 11 23
0 14 11 22
0 14 44 23
0 11 14 23
0 11 14 23
0 14 11 23
0 11 14 23
0 14 11 22
0 11 11 22
0 44 14 23
0 11 11 33
0 11 14 23
0 11 11 33
0 11 11 23
0 11 14 23
0 11 11 23
0 11 11 23
0 14 11 22
0 11 14 22
0 11 11 23
0 11 44 22
0 11 11 23
0 14 11 22
0 14 11 22
0 14 11 22
0 11 11 23
0 14 11 22
0 44 11 23
0 14 44 23
0 14 11 22
0 14 11 22
0 11 11 23
0 11 11 22
0 11 11 22
0 14 11 23
0 14 14 22
0 11 11 22
0 44 11 23
0 14 11 22
0 14 11 22
0 11 11 22
0 11 11 22
0 11 11 23
0 11 11 23
0 11 11 23
0 14 14 23
0 11 11 22
0 11 14 22
0 11 11 22
0 11 11 22
0 44 11 22
0 14 11 22
0 14 11 22
0 11 11 23
0 11 11 22
0 11 11 22
0 14 11 33
0 11 11 22
0 14 11 33
0 44 14 22
0 11 11 22
0 44 11 22
0 11 11 22
0 11 11 33
0 11 11 22
0 11 14 23
0 11 11 22
0 11 11 23
0 14 11 23
0 14 11 23
0 14 14 33
0 11 11 33
0 14 11 23
0 11 11 23
0 14 11 22
0 11 11 22
0 11 14 22
0 11 11 22
0 14 14 23
0 11 11 23
0 14 11 22
0 14 11 23
0 14 11 22
0 11 11 22
0 11 11 23
0 14 11 22
0 11 11 23
0 11 14 23
0 14 11 23
0 11 14 23
0 14 11 23
0 11 11 23
0 14 11 22
0 14 11 23
0 14 11 22
0 14 11 23
0 11 11 23
0 44 11 22
0 11 11 22
0 14 14 23
0 11 11 23
0 14 11 33
0 14 11 33
0 44 11 23
0 14 14 22
0 14 14 23
0 14 11 22
0 11 11 22
0 11 11 22
0 14 11 22
0 44 11 23
0 11 11 22
0 14 14 23
0 44 11 22
0 11 11 22
0 11 11 23
0 44 11 23
0 14 11 22
0 14 14 22
0 44 11 33
0 14 11 23
0 14 11 23
0 11 11 22
0 11 11 23
0 11 11 23
0 14 11 33
0 14 11 23
0 11 11 22
0 11 14 33
0 14 11 22
0 11 11 23
0 44 11 22
0 11 11 22
0 14 11 22
0 14 11 23
0 44 14 22
0 11 11 23
0 14 11 22
0 11 11 33
0 11 14 23
0 14 11 22
0 11 11 22
0 14 11 22
0 11 14 22
0 14 14 33
0 14 11 33
0 14 11 23
0 14 11 23
0 14 11 23
0 11 14 23
0 11 14 23
0 11 11 22
0 11 11 23
0 11 11 22
0 11 11 33
0 11 11 23
0 14 14 23
0 14 11 23
0 14 11 23
0 11 11 23
0 14 44 23
0 11 14 33
0 14 11 23
0 11 11 22
0 11 11 22
0 14 11 23
0 11 11 22
0 14 11 23
0 44 11 22
0 14 11 22
0 11 11 22
0 11 11 22
0 14 11 22
0 11 14 23
0 14 11 33
0 14 11 23
0 14 11 23
0 14 11 22
0 14 14 22
0 11 11 23
0 44 11 23
0 11 14 22
0 11 11 23
0 14 11 23
0 14 11 22
0 14 11 23
0 44 11 23
0 44 11 22
0 11 11 23
0 14 44 22
0 14 11 22
0 14 11 22
0 11 11 23
0 14 11 33
0 44 11 23
0 11 11 33
0 14 11 33
0 44 11 23
0 14 11 23
0 11 14 23
0 14 11 22
0 44 11 23
0 14 11 23
0 44 11 22
0 11 11 23
0 11 11 22
0 44 11 23
0 11 11 23
0 14 11 22
0 11 11 22
0 11 11 22
0 11 14 33
0 44 11 22
0 14 14 22
0 11 11 22
0 14 11 23
0 11 11 23
0 11 11 23
0 11 11 23
0 11 11 22
0 11 11 23
0 14 11 23
0 14 11 23
0 14 11 23
0 14 11 22
0 11 11 22
0 14 14 22
0 11 14 22
0 44 11 22
0 11 11 22
0 14 11 23
0 14 11 23
0 11 11 22
0 11 11 22
0 11 11 22
0 11 11 22
0 14 11 23
0 14 11 23
0 11 11 23
0 11 11 22
0 14 11 23
0 14 14 22
0 11 11 23
0 14 11 23
0 14 11 22
0 14 11 23
0 44 11 23
0 11 11 33
0 14 11 22
0 14 14 23
0 44 11 23
0 14 11 33
0 11 14 22
0 11 11 22
0 44 11 23
0 11 11 22
0 11 11 23
0 11 11 22
0 14 11 22
0 11 14 22
0 14 11 23
0 11 14 23
0 11 11 23
0 14 11 22
0 11 11 22
0 14 11 33
0 11 14 22
0 14 11 23
0 14 11 23
0 11 11 22
0 11 11 22
0 14 11 22
0 14 11 22
0 11 11 22
0 11 11 22
0 14 11 33
0 11 11 22
0 44 11 33
0 11 11 23
0 44 11 22
0 14 11 22
0 11 11 23
1 14 11 33
1 14 11 22
1 14 11 33
1 11 14 23
1 14 11 23
1 11 11 23
1 11 11 22
1 44 11 23
1 14 14 23
1 14 11 23
1 11 11 23
1 11 14 22
1 14 11 22
1 44 14 23
1 11 11 22
1 11 11 23
1 11 14 23
1 14 11 23
1 14 11 22
1 14 14 22
1 11 14 22
1 11 11 23
1 11 11 33
1 14 11 22
1 11 11 22
1 14 11 22
1 11 11 22
1 44 11 23
1 11 14 22
1 14 11 23
1 44 11 33
1 11 11 23
1 14 11 22
1 11 11 22
1 14 11 33
1 44 11 22
1 11 11 23
1 14 11 22
1 11 11 22
1 14 11 23
1 11 11 22
1 44 11 22
1 14 11 22
1 11 11 22
1 14 11 22
1 14 11 22
1 14 11 23
1 11 11 33
1 14 11 22
1 11 11 22
1 14 11 23
1 11 11 22
1 11 14 33
1 11 14 22
1 44 14 23
1 14 11 23
1 44 11 23
1 14 14 23
1 14 11 23
1 11 11 22
1 11 11 23
1 11 14 23
1 14 11 22
1 11 11 22
1 44 11 23
1 14 11 22
1 44 11 22
1 44 11 22
1 11 11 23
1 14 11 22
1 11 14 33
1 11 14 22
1 14 11 33
1 14 14 33
1 11 11 23
1 11 11 23
1 11 11 22
1 14 11 33
1 14 11 23
1 44 11 23
1 11 11 22
1 14 11 23
1 11 11 22
1 11 11 23
1 11 11 23
1 14 11 22
1 44 11 22
1 11 11 22
1 14 11 23
1 14 11 23
1 11 11 23
1 11 11 22
1 14 11 22
1 14 11 23
1 11 11 23
1 11 11 22
1 11 11 23
1 14 11 22
1 11 14 23
1 44 11 22
1 14 11 22
1 44 11 33
1 14 11 22
1 14 14 22
1 11 11 23
1 11 11 22
1 44 11 22
1 11 11 23
1 11 11 23
1 11 11 22
1 14 11 22
1 44 11 23
1 11 11 33
1 14 11 23
1 11 11 22
1 14 11 22
1 11 14 22
1 14 11 22
1 11 11 22
1 14 11 33
1 11 11 23
1 14 11 22
1 11 11 23
1 11 11 22
1 14 11 22
1 14 14 22
1 11 14 33
1 14 11 22
1 11 14 22
1 14 11 22
1 14 11 23
1 14 14 33
1 44 44 23
1 14 11 22
1 14 11 22
1 14 11 23
1 11 14 23
1 14 11 22
1 44 11 23
1 11 11 22
1 11 11 23
1 11 11 23
1 11 11 33
1 14 11 33
1 11 11 22
1 14 11 23
1 11 11 22
1 11 11 23
1 11 14 22
1 11 11 33
1 44 11 33
1 11 11 23
1 11 11 22
1 14 14 23
1 11 11 22
1 11 11 23
1 14 11 23
1 14 14 23
1 11 11 23
1 14 14 23
1 14 11 22
1 14 11 22
1 14 11 22
1 14 11 23
1 11 11 22
1 14 11 22
1 11 11 23
1 14 11 23
1 44 11 23
1 14 11 23
1 11 11 22
1 11 11 22
1 14 14 23
1 14 11 33
1 14 11 23
1 14 14 22
1 14 11 22
1 11 11 23
1 14 14 33
1 11 11 23
1 11 11 22
1 11 11 22
1 11 11 22
1 14 11 23
1 11 11 23
1 14 11 23
1 11 11 23
1 11 14 22
1 11 11 22
1 14 14 23
1 44 11 22
1 14 14 23
1 11 11 22
1 14 11 23
1 14 11 22
1 14 11 33
1 11 11 22
1 14 11 22
1 14 11 22
1 11 11 23
1 11 11 22
1 11 11 22
1 11 11 22
1 14 11 22
1 11 11 23
1 11 11 23
1 44 11 23
1 11 11 33
1 14 14 22
1 11 11 22
1 11 11 23
1 14 11 23
1 14 11 33
1 11 14 33
1 14 11 33
1 44 11 22
1 11 11 22
1 11 11 22
1 14 11 22
1 11 14 23
1 14 11 33
1 14 14 23
1 11 11 23
1 11 11 22
1 14 11 22
1 44 11 23
1 11 14 23
1 14 14 23
1 11 11 23
1 14 11 23
1 14 11 23
1 11 14 22
1 14 44 23
1 11 11 22
1 14 11 23
1 14 14 22
1 11 11 22
1 11 11 22
1 11 11 22
1 14 11 22
1 44 11 22
1 11 14 23
1 11 11 23
1 11 11 23
1 11 11 22
1 14 11 22
1 44 14 23
1 44 11 22
1 11 11 22
1 14 11 23
1 14 11 22
1 11 11 23
1 11 11 23
1 11 11 22
1 11 11 22
1 11 11 22
1 11 11 23
1 14 11 22
1 11 11 22
1 14 11 22
1 14 11 33
1 44 11 23
1 11 11 23
1 11 11 23
1 14 11 23
1 11 11 23
1 11 11 22
1 14 11 22
1 14 11 23
1 14 11 23
1 11 11 22
1 14 11 23
1 11 11 22
1 14 11 33
1 11 11 22
1 44 11 22
1 11 11 23
1 14 11 23
1 11 11 23
1 11 11 23
1 14 11 22
1 11 11 23
1 11 14 23
1 11 14 33
1 11 11 23
1 14 11 22
1 14 11 23
1 11 11 22
1 14 11 23
1 11 11 23
1 44 11 23
1 14 11 33
1 14 11 23
1 11 11 23
1 14 11 23
1 14 11 22
1 14 11 23
1 11 11 23
1 14 11 23
1 11 11 22
1 14 14 33
1 14 11 23
1 11 11 23
1 14 14 23
1 11 11 22
1 14 11 23
1 11 11 22
1 14 11 22
1 14 14 22
1 11 11 23
1 14 11 22
1 14 11 33
1 11 14 22
1 14 11 22
1 14 11 23
1 14 11 23
1 11 11 23
1 14 11 22
1 14 14 22
1 11 11 23
1 14 11 23
1 11 11 22
1 11 11 22
1 14 11 22
1 14 11 23
1 11 11 23
1 44 14 23
1 14 11 23
1 14 11 33
1 11 11 33
1 44 11 23
1 14 11 22
1 11 11 23
1 14 11 22
1 14 11 22
1 11 11 23
1 14 11 23
1 11 11 22
1 11 11 23
1 44 11 22
1 14 11 23
1 11 11 23
1 11 11 23
1 14 11 22
1 14 11 23
1 11 11 23
1 11 11 22
1 11 11 23
1 14 11 22
1 14 11 23
1 11 11 22
1 14 14 33
1 11 11 23
1 11 11 23
1 11 11 22
1 11 11 22
1 11 11 22
1 44 11 22
1 11 11 23
1 44 11 22
1 14 11 23
1 14 11 33
1 14 11 23
1 14 11 23
1 14 11 22
1 14 14 22
1 11 11 23
1 14 11 22
1 11 11 23
1 11 14 22
1 14 11 23
1 44 11 22
1 14 11 23
1 14 11 22
1 11 11 22
1 44 14 33
1 11 11 22
1 11 11 23
1 11 14 23
1 11 11 23
1 14 11 22
1 11 11 23
1 11 11 23
1 11 11 23
1 11 14 22
1 14 14 23
1 44 11 23
1 14 11 23
1 14 14 23
1 14 11 22
1 14 11 22
1 11 11 22
1 11 11 23
1 11 11 22
1 11 11 23
1 11 11 33
1 11 11 22
1 14 11 23
1 11 11 22
1 11 11 22
1 11 11 22
1 14 14 33
1 11 11 23
1 14 11 23
1 14 11 23
1 44 11 33
1 11 11 22
1 11 11 23
1 44 11 23
1 44 14 23
1 11 14 33
1 11 11 22
1 14 11 23
1 14 11 23
1 14 11 22
1 11 14 33
1 11 11 23
1 11 11 22
1 14 11 23
1 11 11 23
1 11 11 23
1 14 11 22
1 14 11 22
1 14 11 23
1 14 14 33
1 14 11 23
1 11 11 23
1 44 11 23
1 11 14 33
1 11 11 23
1 14 11 23
1 11 14 22
1 14 11 22
1 11 11 22
1 44 14 23
1 14 14 23
1 11 11 23
1 11 11 22
1 11 11 23
1 14 11 23
1 14 11 23
1 11 11 23
1 14 11 23
1 11 11 22
1 14 11 23
1 44 11 22
1 11 11 23
1 14 11 23
1 11 11 22
1 14 11 33
1 14 11 22
1 14 11 22
1 11 11 22
1 11 14 22
1 14 11 22
1 14 14 23
1 11 14 23
1 11 14 22
1 11 11 22
1 11 11 22
1 11 11 22
1 14 11 22
1 14 11 22
1 11 14 22
1 14 11 22
1 11 11 22
1 44 11 23
1 14 11 23
1 11 11 23
1 11 14 22
1 14 11 23
1 14 11 33
1 14 14 33
1 11 11 23
1 44 11 22
1 11 11 33
1 14 11 23
1 14 11 33
1 11 11 22
1 14 11 22
1 11 11 33
1 14 11 22
1 11 11 22
1 11 14 22
1 14 11 23
1 11 11 22
1 14 14 22
1 11 11 23
1 44 14 33
1 14 11 22
1 44 11 23
1 11 11 22
1 14 11 23
1 44 14 22
1 44 11 23
1 14 14 22
1 11 11 23
1 14 11 23
1 44 11 23
1 11 11 23
