 rs807269 rs2072748 rs2072747 rs807263 rs1007108 rs760599 rs807274 rs813203 rs3820514 rs3767877 rs807253 rs807252 rs807247 rs6696298 rs807245 rs11247709 rs807244 rs7549097 rs2072749 rs11247735 rs760598 rs6676509 rs2294228 rs6872
0 33 14 23 32 32 23 42 22 32 33 23 33 23 13 41 24 23 24 11 11 24 23 24 41
0 11 14 22 33 32 22 42 32 33 22 22 23 22 11 44 22 23 22 14 41 22 22 24 41
0 11 11 22 33 33 22 44 33 33 23 33 22 23 11 41 22 23 22 44 41 24 22 22 41
0 13 11 22 22 33 23 42 33 32 22 22 23 23 13 41 44 23 22 14 41 22 22 22 41
0 13 14 33 32 33 23 22 22 32 33 23 33 23 33 41 24 23 24 11 11 24 23 44 41
0 11 11 22 33 33 23 42 32 33 22 22 23 23 13 44 22 22 22 11 44 22 22 44 44
0 11 14 22 32 33 22 44 32 32 22 23 33 23 13 41 24 23 22 14 41 22 33 24 41
0 13 11 22 32 32 23 44 33 32 33 33 23 23 33 11 22 23 22 11 11 22 23 22 41
0 13 14 22 33 32 23 44 33 33 22 23 23 22 13 41 22 22 22 11 44 22 23 22 41
0 11 14 22 32 32 23 42 32 32 23 23 33 22 11 41 22 23 22 11 41 22 23 24 11
0 11 11 22 33 33 23 44 33 33 23 23 22 23 11 44 22 22 22 11 44 22 22 22 41
0 13 14 22 33 32 23 42 33 32 22 23 33 22 11 41 22 23 22 11 11 22 23 44 41
0 11 11 22 33 32 22 44 22 33 33 23 22 23 11 44 22 23 22 11 44 22 23 22 41
0 33 11 22 33 32 23 42 33 33 22 22 33 23 13 44 24 22 24 14 41 22 22 44 44
0 11 11 22 32 32 22 42 22 33 23 23 33 23 13 41 22 33 22 14 11 24 22 44 44
0 13 14 22 33 32 22 44 32 33 23 23 23 23 11 44 22 23 22 14 41 22 22 24 41
0 11 11 22 33 32 22 44 22 32 23 22 23 23 11 44 22 23 22 11 44 24 22 24 41
0 11 14 23 32 33 23 44 32 33 22 23 23 33 11 41 22 22 24 14 44 22 23 22 44
0 11 11 22 32 33 22 44 33 33 22 22 22 22 11 44 22 22 22 11 44 22 22 22 44
0 11 11 22 22 32 23 44 32 33 23 33 23 22 13 41 22 22 24 14 41 24 22 44 44
0 11 11 22 33 32 23 44 33 32 23 22 23 23 11 41 22 23 24 11 41 24 22 22 41
0 11 14 22 32 32 23 42 33 32 23 22 22 22 11 41 24 23 24 11 41 22 33 24 44
0 13 14 22 32 32 22 42 32 32 23 23 23 22 13 44 24 23 22 14 41 22 23 24 41
0 11 14 23 32 22 23 22 32 32 23 33 33 23 33 41 24 23 24 11 41 22 23 22 41
0 13 11 22 33 33 23 44 22 22 22 33 23 22 11 41 22 23 22 14 44 22 22 24 41
0 13 14 22 32 32 23 42 32 32 23 22 23 23 11 44 24 23 24 14 41 22 23 44 44
0 13 11 22 33 33 23 44 33 33 23 22 23 22 11 44 22 23 22 11 44 22 22 24 44
0 11 11 22 32 33 22 44 33 33 23 22 23 22 11 44 22 22 22 11 44 22 22 22 44
0 11 11 22 32 33 23 42 32 32 22 23 22 22 11 41 22 22 24 11 44 22 23 22 41
0 11 11 22 33 32 23 44 33 33 22 22 23 22 11 44 22 22 22 11 41 22 22 24 41
0 11 11 22 32 32 22 42 32 33 23 23 22 23 13 44 24 23 22 11 41 22 22 22 41
0 11 11 22 32 32 23 44 32 33 22 23 22 22 11 44 22 23 22 11 44 22 23 22 44
0 13 14 23 33 32 22 44 32 32 22 22 23 22 13 41 24 22 24 11 44 22 22 24 41
0 13 11 22 32 32 23 44 22 33 23 23 23 33 33 41 24 22 24 14 41 22 22 44 41
0 11 14 22 32 32 23 42 32 32 22 23 23 22 13 41 22 23 24 14 41 24 23 24 41
0 13 14 23 22 33 23 42 32 22 23 23 23 23 13 41 44 22 24 14 41 22 33 22 41
0 13 14 23 33 22 33 42 22 32 23 23 23 23 13 41 24 23 24 14 44 22 23 44 41
0 11 11 23 32 32 23 42 32 32 23 23 23 23 11 44 22 23 22 14 41 22 22 22 44
0 11 11 22 33 32 23 44 33 33 23 22 22 23 11 41 22 22 22 11 44 22 22 22 44
0 11 11 22 33 33 23 44 22 33 22 23 22 22 11 44 22 22 22 11 41 22 22 22 44
0 11 14 23 33 33 23 42 33 22 22 23 23 23 11 44 22 23 22 11 41 22 22 24 11
0 11 14 22 32 33 23 44 33 33 22 22 22 22 11 44 22 22 24 11 44 22 22 24 44
0 13 14 23 32 33 23 42 32 22 22 23 23 23 11 41 24 33 44 11 41 24 22 24 41
0 11 14 22 33 33 23 44 32 32 33 33 33 23 33 41 22 22 22 11 44 22 22 22 44
0 11 11 22 33 32 33 44 22 33 22 23 33 22 13 41 24 22 24 11 41 22 22 22 41
0 13 11 23 32 32 23 42 32 33 22 23 23 23 13 41 22 23 24 11 11 24 23 22 11
0 11 11 23 32 32 23 42 32 32 22 22 23 23 33 44 24 23 22 14 44 24 22 24 41
0 11 14 22 32 32 22 44 32 33 23 22 33 22 11 44 22 23 22 14 44 22 22 22 44
0 13 14 22 32 32 23 42 32 32 23 23 23 23 13 41 24 22 24 11 41 24 23 22 41
0 11 11 22 33 33 22 42 33 33 22 22 22 22 11 44 22 22 22 11 44 22 22 22 44
0 11 14 22 32 32 22 42 32 33 23 23 23 22 11 44 22 22 22 11 41 22 22 24 44
0 11 14 22 33 33 22 44 33 33 23 23 22 22 13 41 22 23 24 14 44 22 22 22 41
0 11 11 22 33 33 22 44 32 22 33 23 23 23 13 44 22 23 22 11 11 22 23 44 44
0 13 14 23 32 32 23 22 33 32 22 22 23 33 33 44 22 22 24 11 41 22 33 24 44
0 13 14 22 32 33 23 44 33 32 23 22 23 23 13 41 22 23 22 14 41 22 22 24 44
0 13 14 22 22 32 23 42 32 22 23 23 23 23 13 41 24 23 24 14 41 24 23 22 44
0 11 14 23 33 33 22 44 32 32 22 23 23 22 13 44 22 22 24 14 44 22 23 24 41
0 13 11 22 33 32 23 44 32 33 22 23 33 22 13 44 24 23 24 14 44 22 22 22 41
0 13 11 22 33 32 23 44 32 33 23 22 22 23 11 44 22 22 22 11 44 22 23 22 44
0 13 11 23 33 32 23 44 32 32 22 23 22 22 11 44 22 22 22 14 41 22 22 22 41
0 11 14 22 32 22 23 44 22 32 23 22 22 22 33 41 22 22 24 14 11 22 22 24 41
0 11 11 22 32 33 22 44 32 33 22 22 22 22 13 41 22 22 22 11 41 22 22 22 44
0 13 44 22 32 22 23 22 32 22 33 33 33 23 13 11 24 23 24 14 11 24 33 24 41
0 11 14 22 32 32 22 22 32 32 33 33 23 23 13 41 22 22 22 11 11 24 22 24 41
0 11 11 22 32 33 22 42 33 32 22 22 23 23 11 41 22 22 22 11 41 22 23 24 11
0 11 14 22 32 32 22 42 32 32 23 23 23 22 11 44 22 22 22 14 41 22 22 22 41
0 13 11 22 33 33 22 44 32 32 23 22 23 22 11 44 22 22 22 11 44 22 22 22 44
0 11 11 22 33 33 22 42 33 22 22 22 23 23 11 41 22 22 22 14 44 22 22 22 41
0 13 11 22 33 33 22 44 33 33 22 22 22 22 11 44 22 22 22 11 44 22 22 22 44
0 13 14 22 32 33 22 44 32 32 23 22 33 22 13 41 22 23 24 14 41 22 22 24 41
0 11 11 22 33 32 22 42 32 33 22 23 23 22 11 44 24 22 22 11 44 22 22 24 41
0 33 11 22 33 22 23 44 32 22 23 23 33 23 13 41 22 22 22 11 41 22 23 24 11
0 13 11 22 33 32 23 42 32 33 23 23 33 23 11 11 24 22 22 11 41 22 22 22 44
0 13 11 22 32 32 23 22 22 33 23 22 33 22 13 41 24 23 22 11 41 22 23 22 41
0 13 11 23 32 32 23 44 22 32 33 23 23 23 13 44 24 33 24 14 44 22 23 24 41
0 13 14 22 32 33 33 42 32 32 22 23 23 22 11 11 22 33 22 44 41 24 23 24 44
0 11 14 22 32 32 23 44 32 22 22 23 33 23 13 11 22 22 24 11 41 22 23 22 41
0 11 14 22 32 32 23 44 22 33 22 33 23 23 13 44 24 23 22 44 41 22 23 22 44
0 11 14 22 33 32 22 44 32 22 23 23 23 22 13 44 22 22 24 11 41 22 22 22 44
0 11 11 22 32 22 33 44 33 33 23 23 22 22 11 44 24 23 24 11 44 22 23 22 44
0 11 11 22 33 32 22 42 32 33 23 23 33 23 11 41 24 23 24 11 41 24 23 44 41
0 13 14 22 33 33 22 44 22 33 23 22 23 23 11 11 24 23 22 11 41 24 22 24 41
0 11 11 22 33 32 23 42 32 32 22 23 33 22 13 11 22 23 24 11 44 24 22 24 41
0 11 11 22 33 33 22 44 33 22 22 22 23 22 11 44 22 22 22 11 44 22 22 24 44
0 11 11 22 33 32 23 44 33 32 22 22 33 22 11 44 22 22 22 11 44 22 22 24 44
0 11 11 22 33 33 22 44 33 33 22 23 23 22 11 44 22 22 22 11 41 22 22 22 44
0 13 11 22 33 33 23 42 33 32 33 23 23 23 11 44 22 23 22 11 41 22 22 24 41
0 11 14 22 33 33 22 44 32 33 22 33 22 22 13 41 22 22 22 11 41 22 22 22 41
0 11 11 23 33 33 23 42 32 32 23 23 23 22 13 44 24 22 24 11 41 22 22 22 41
0 13 14 22 33 32 22 42 33 32 23 22 23 22 11 41 24 22 22 11 41 22 22 24 41
0 11 11 23 33 32 22 44 32 33 22 33 22 22 13 41 22 22 24 11 11 22 22 22 41
0 11 14 22 33 32 22 44 32 33 22 33 23 23 13 44 22 23 22 14 41 22 23 24 41
0 11 11 23 33 33 33 44 33 33 33 22 23 22 11 41 22 22 22 11 11 22 23 24 44
0 11 14 22 32 33 22 42 32 32 23 23 22 23 11 41 22 23 22 14 41 22 22 24 41
0 11 11 22 32 33 22 42 33 33 22 22 22 23 33 41 22 22 22 11 41 22 22 22 44
0 13 44 23 22 33 23 44 32 22 23 23 33 23 11 44 22 23 24 14 41 22 33 24 11
0 13 14 22 33 22 23 22 33 32 23 22 22 33 13 44 22 23 24 14 44 24 22 24 41
0 13 44 23 32 22 33 22 32 33 23 23 33 23 33 11 22 33 44 44 11 24 23 44 41
0 11 11 22 33 33 33 44 32 33 22 22 22 22 11 44 22 23 22 11 44 22 22 22 41
0 11 11 22 33 32 22 44 33 33 22 22 22 23 11 41 22 22 22 11 44 22 22 24 44
0 13 14 23 32 32 22 22 33 32 33 23 33 33 13 41 24 23 22 14 41 24 23 24 41
0 11 11 22 33 33 22 44 33 33 22 23 22 22 13 44 22 22 24 11 44 22 22 22 44
0 11 14 22 33 33 23 42 32 33 23 23 23 23 11 41 22 22 22 14 41 22 22 22 44
0 13 44 22 32 22 23 42 32 22 23 23 23 23 33 41 24 33 22 11 41 24 33 44 11
0 11 14 23 22 33 23 42 32 32 22 23 23 23 33 44 22 23 22 44 41 24 23 44 41
0 11 11 22 33 33 22 42 22 32 23 22 23 22 11 41 22 23 22 11 44 22 22 22 41
0 11 14 22 32 32 33 42 32 22 23 22 23 23 13 44 24 23 22 14 41 22 23 24 41
0 13 11 22 33 33 23 42 33 33 22 22 33 22 11 44 22 22 22 14 44 22 22 22 41
0 11 11 22 33 33 22 44 33 33 22 22 22 22 11 44 22 22 22 11 44 22 22 22 44
0 11 14 22 32 32 33 42 33 33 22 22 23 22 13 44 22 23 22 14 41 22 23 44 41
0 11 14 22 33 32 23 42 33 32 23 22 23 22 13 44 22 23 24 11 11 22 23 22 41
0 13 14 22 33 33 22 44 32 32 22 23 33 22 13 44 22 22 22 14 44 24 22 24 44
0 11 11 22 32 33 23 44 33 32 23 22 22 22 11 44 24 22 22 11 44 22 22 24 41
0 11 11 22 33 33 23 42 33 33 23 23 22 22 13 41 24 22 22 11 41 24 22 22 44
0 13 14 22 32 33 23 44 22 32 23 23 23 23 11 41 22 23 22 14 41 24 22 24 44
0 11 11 22 33 32 23 44 33 22 23 33 22 22 11 44 22 23 24 14 44 22 22 24 44
0 11 14 23 33 32 23 44 32 32 22 22 23 22 11 41 22 22 22 44 41 22 22 24 44
0 13 14 22 33 33 22 44 33 33 33 22 23 22 11 41 22 23 24 11 11 22 33 22 41
0 11 11 22 33 32 23 22 32 32 23 22 23 22 11 41 22 22 22 14 11 22 22 22 41
0 13 14 22 33 33 22 22 32 33 22 22 23 22 33 41 24 22 22 11 41 22 22 22 44
0 11 11 22 32 33 23 42 22 32 22 23 23 22 33 44 22 23 22 11 41 22 23 44 44
0 11 11 23 32 22 22 42 33 32 23 22 23 22 11 44 24 23 24 14 41 22 22 22 41
0 13 14 22 33 32 23 42 32 33 23 23 23 23 13 41 24 23 24 11 44 22 23 22 11
0 13 14 22 32 32 23 42 32 32 23 23 22 33 13 41 24 23 24 14 11 24 33 24 44
0 11 11 22 33 32 23 44 33 32 22 23 22 22 13 41 22 22 22 11 41 22 22 22 44
0 11 14 22 32 32 23 42 33 33 33 23 23 22 13 41 24 23 24 14 41 22 23 22 41
0 11 14 22 33 32 22 44 32 33 22 23 33 22 11 41 24 22 22 11 41 22 22 22 41
0 11 11 23 33 33 33 44 32 33 23 22 22 22 11 11 22 22 22 11 11 24 23 22 44
0 11 11 22 22 33 22 22 32 32 22 23 23 22 13 11 22 23 22 11 11 24 23 22 41
0 11 14 22 32 32 23 44 32 33 33 23 23 22 13 44 24 22 24 11 41 22 23 24 41
0 11 11 22 33 33 22 42 33 33 23 23 23 22 13 41 22 22 22 11 44 22 23 24 44
0 11 11 22 32 33 23 42 32 32 22 22 23 22 11 44 22 22 22 11 41 22 22 22 41
0 13 11 22 22 32 33 42 22 33 22 23 22 23 13 44 24 33 22 14 41 24 23 22 11
0 11 44 22 33 33 22 44 33 33 23 22 33 22 13 41 22 22 22 14 44 22 22 22 44
0 11 11 22 33 32 22 44 33 33 23 23 33 23 13 44 22 22 22 11 44 24 23 22 44
0 11 11 22 33 33 22 42 33 33 22 23 23 22 11 44 22 22 22 11 44 22 22 44 41
0 11 14 22 33 32 22 44 32 32 22 23 23 22 11 44 24 22 24 11 41 22 22 22 44
0 11 11 22 33 33 23 42 33 33 23 22 23 22 11 44 22 22 22 11 41 22 22 22 44
0 11 11 22 33 33 22 42 32 33 22 22 23 22 11 41 22 22 22 11 41 22 22 22 41
0 11 11 22 32 33 23 44 33 33 22 22 23 22 11 44 22 22 22 11 44 22 22 24 44
0 11 14 22 33 32 22 44 33 33 22 23 23 22 13 44 22 23 22 11 44 22 23 22 41
0 13 11 22 33 33 22 44 33 33 22 22 23 22 11 44 22 22 22 11 44 22 22 22 44
0 11 14 23 32 33 23 44 32 32 22 22 23 23 13 41 22 22 22 11 41 22 22 24 41
0 11 11 22 33 32 23 42 32 33 23 23 23 22 13 41 22 22 24 11 44 22 22 22 41
0 13 14 22 32 32 33 22 22 32 23 33 23 33 13 11 24 33 24 11 41 24 22 44 11
0 11 11 22 33 32 22 42 33 33 23 23 33 22 11 41 22 22 22 11 44 22 23 22 44
0 11 14 22 32 33 23 44 22 32 22 22 22 23 11 44 22 23 22 11 44 22 23 22 11
0 13 11 23 33 33 22 42 32 32 23 23 33 23 13 41 22 23 24 14 41 24 22 24 41
0 13 11 22 33 32 22 44 32 33 23 23 22 23 13 41 24 23 22 11 41 24 23 24 41
0 11 14 22 33 33 22 44 32 33 22 22 22 22 11 44 22 22 22 11 44 22 22 22 44
0 13 14 23 32 33 23 42 32 32 23 22 22 23 13 41 22 22 22 14 11 22 22 22 44
0 11 11 22 33 33 23 42 32 32 23 23 23 23 11 41 22 23 22 11 41 22 23 44 41
0 11 11 22 33 33 22 42 32 32 23 23 23 23 11 44 22 22 44 11 41 22 22 44 11
0 13 14 22 33 32 22 22 22 32 23 22 33 23 13 44 24 23 22 14 44 22 23 22 41
0 11 14 22 33 32 23 42 22 32 23 22 23 23 13 41 22 23 22 11 41 22 23 22 41
0 11 14 22 33 32 33 22 33 33 22 33 22 23 13 41 22 22 24 11 41 22 22 24 41
0 11 11 33 32 33 33 42 33 32 22 23 33 22 11 44 22 23 22 11 41 24 22 24 44
0 13 14 23 32 32 23 42 32 32 23 23 23 23 13 44 44 23 24 14 11 24 23 24 41
0 11 14 22 32 32 22 42 32 33 22 23 33 23 13 41 22 23 22 14 41 22 23 24 41
0 11 11 22 32 33 23 42 32 32 23 23 23 23 13 41 22 22 24 14 44 22 22 24 41
0 11 11 22 33 33 22 44 32 32 22 22 22 22 11 44 22 23 24 11 44 22 22 22 44
0 11 11 22 33 33 23 44 32 33 22 22 22 23 11 41 22 22 22 11 44 22 22 22 44
0 13 44 22 22 22 33 42 32 32 22 23 33 22 13 41 24 33 22 14 41 22 22 24 41
0 13 14 23 32 22 33 42 22 22 33 23 33 33 33 44 22 23 22 14 41 24 23 24 11
0 13 14 22 32 32 22 42 32 32 33 23 23 22 13 44 22 23 22 14 41 24 23 22 41
0 11 14 22 32 33 23 42 22 33 23 22 33 33 13 44 22 22 24 11 41 22 22 22 11
0 11 11 22 33 33 22 42 32 32 22 22 22 23 11 44 22 22 22 11 44 22 22 22 11
0 13 11 22 33 32 22 44 33 32 23 22 33 22 11 41 24 22 24 11 41 24 22 22 44
0 13 11 22 33 32 23 22 22 32 33 23 33 23 33 11 22 33 22 44 11 24 23 44 41
0 11 11 22 32 33 22 44 32 32 23 22 23 22 13 44 22 33 22 11 41 22 22 22 44
0 11 14 22 33 32 33 42 32 33 23 23 23 22 13 41 24 22 22 11 41 22 22 24 11
0 11 44 23 33 32 23 22 32 32 23 23 33 23 33 44 24 22 22 14 44 22 22 22 41
0 33 14 33 22 22 33 42 22 22 23 33 33 22 33 44 44 33 24 44 41 22 23 22 41
0 11 11 22 33 22 23 22 22 32 23 23 33 23 13 44 22 22 22 14 41 24 22 24 44
0 13 14 22 32 32 23 42 32 32 23 33 23 33 13 11 22 23 24 14 41 24 23 24 41
0 11 11 22 33 33 22 44 33 33 22 23 33 22 13 41 22 23 22 11 41 22 22 22 44
0 11 14 22 33 33 22 42 33 33 22 22 22 23 11 44 22 22 22 11 44 22 22 22 44
0 13 14 22 32 33 23 44 32 33 23 23 23 22 11 44 24 22 22 11 41 22 22 22 41
0 11 11 22 33 33 23 42 32 32 22 23 23 23 13 44 22 23 24 11 41 22 23 24 44
0 11 11 22 33 33 23 44 33 33 22 22 22 23 11 44 22 23 22 11 44 22 23 22 44
0 11 14 22 33 33 23 44 33 33 22 22 22 22 13 44 22 22 24 11 41 22 22 22 44
0 11 44 22 33 32 22 44 22 32 23 22 33 23 13 11 22 23 22 11 11 22 23 44 44
0 11 44 22 32 32 23 44 33 33 23 22 22 22 11 44 24 23 22 14 41 22 22 24 44
0 11 11 22 32 33 22 44 33 33 23 22 22 23 11 44 24 22 22 11 44 22 22 24 41
0 11 11 22 32 33 22 44 32 33 22 23 23 22 13 44 22 22 22 11 44 22 22 22 44
0 11 11 22 33 33 22 42 32 33 22 22 23 22 11 41 22 22 22 11 44 22 22 22 41
0 11 14 22 32 33 23 42 22 32 23 22 33 22 11 44 24 23 24 11 11 44 33 22 11
0 11 11 23 33 33 23 42 32 33 23 23 22 22 13 41 22 22 24 11 44 24 23 24 41
0 11 11 22 32 33 22 44 33 33 22 23 23 23 11 44 22 22 22 11 11 22 22 24 41
0 11 11 22 32 33 22 44 32 33 22 22 22 23 11 44 22 22 22 11 44 22 22 22 41
0 11 11 23 32 33 33 42 33 33 23 22 33 23 13 41 22 22 22 44 41 24 22 24 41
0 11 14 23 22 33 33 42 32 33 33 23 33 23 11 41 24 23 44 11 41 22 22 24 41
0 11 11 22 33 33 23 44 33 22 22 33 23 23 11 44 22 23 22 11 44 22 22 22 44
0 11 11 22 33 33 23 44 32 32 22 23 22 22 11 41 22 22 22 11 11 22 22 44 44
0 11 11 22 33 32 22 44 32 33 22 22 23 23 13 44 22 23 24 11 44 22 22 22 44
0 13 11 22 33 32 33 44 32 33 23 22 23 22 11 41 22 23 22 14 41 24 23 24 41
0 11 11 22 33 33 23 42 32 32 22 23 23 22 11 44 22 22 22 14 44 22 23 22 41
0 11 11 22 33 33 23 44 32 32 22 22 23 22 13 41 22 23 22 11 44 22 22 22 44
0 11 14 22 32 33 23 42 33 32 23 23 23 23 11 44 22 23 22 14 44 22 33 24 41
0 11 11 22 32 33 22 44 33 32 22 23 23 23 13 41 22 23 22 14 41 24 22 22 41
0 11 11 22 33 33 22 44 33 33 22 22 22 22 11 44 22 22 22 11 44 22 22 22 44
0 13 44 33 32 32 33 22 22 32 33 23 33 23 33 11 24 33 44 14 11 44 33 44 41
0 13 14 22 33 32 22 42 33 32 23 23 23 22 13 44 22 22 22 11 41 22 22 22 41
0 11 11 22 32 32 23 42 32 32 23 23 23 22 13 44 24 23 24 11 41 24 23 24 44
0 13 14 22 22 32 23 42 22 22 23 23 23 23 13 41 22 23 24 11 44 24 22 22 11
0 13 11 22 33 33 22 42 32 33 23 33 22 22 11 41 22 22 22 11 44 22 22 22 44
0 11 44 23 32 22 33 42 32 22 33 23 33 22 33 11 24 33 24 14 41 24 23 44 11
0 11 11 22 32 33 23 42 33 33 33 23 23 23 11 44 22 22 22 11 44 22 22 22 11
0 11 14 22 33 33 22 44 33 33 23 22 23 22 13 44 22 22 22 11 11 22 22 22 44
0 11 11 22 22 22 23 42 32 32 23 23 23 33 33 41 24 23 22 14 41 22 23 24 44
0 11 14 22 33 33 22 42 32 32 22 22 23 22 11 41 22 23 24 11 41 22 22 24 41
0 11 14 23 32 32 22 42 33 32 23 22 23 22 13 41 22 23 22 11 41 22 23 24 41
0 11 11 22 32 33 23 44 32 32 23 23 22 22 13 44 22 23 24 14 41 22 33 22 41
0 11 11 22 33 33 22 44 33 33 22 22 23 22 11 44 22 22 22 11 44 22 23 22 44
0 11 11 22 32 33 22 44 33 33 22 23 22 22 11 44 22 23 22 14 44 22 22 22 44
0 11 14 22 32 22 23 22 22 32 23 23 33 22 11 41 22 33 24 14 11 24 23 44 11
0 13 44 22 32 32 33 44 33 22 23 22 23 23 13 41 24 33 22 44 11 22 22 44 11
0 11 11 22 33 32 22 42 32 32 22 22 23 23 11 41 22 22 22 14 41 22 22 44 41
0 13 14 22 33 32 23 42 32 32 23 22 23 23 13 41 24 23 24 11 41 24 23 24 44
0 11 11 22 33 32 22 44 33 32 23 23 22 22 11 44 22 23 22 11 44 22 22 22 44
0 11 11 22 32 33 22 42 33 33 23 23 23 22 11 44 24 22 22 11 44 22 22 22 44
0 11 14 22 32 33 23 22 32 32 23 23 23 22 11 44 22 23 22 11 44 22 22 22 44
0 11 11 22 33 33 22 44 32 33 22 22 22 22 11 44 22 22 22 11 44 22 22 22 44
0 11 14 22 33 33 23 42 33 33 23 23 23 22 33 44 22 22 24 11 11 22 23 24 41
0 11 14 22 33 33 22 44 32 32 22 22 22 22 11 44 22 22 22 11 44 22 22 22 44
0 11 11 22 32 33 23 44 32 32 22 23 22 22 11 44 22 22 22 11 44 22 22 22 44
0 11 14 23 33 22 23 42 32 33 22 22 23 22 13 44 22 23 24 14 11 24 23 22 41
0 13 11 23 32 33 22 42 33 33 23 23 33 22 13 41 22 22 22 14 44 22 22 22 11
0 11 14 22 32 32 23 42 32 33 22 23 23 22 11 44 22 22 22 11 41 22 23 24 41
0 11 11 22 33 33 22 44 33 33 23 22 23 22 13 44 22 22 22 11 44 22 22 22 44
0 11 11 22 33 33 23 44 32 33 22 22 22 22 11 44 22 22 22 11 44 24 22 24 44
0 11 11 22 33 33 23 44 32 33 22 22 23 23 11 44 22 22 24 11 41 22 22 24 41
0 11 11 22 33 33 22 44 33 33 22 23 22 22 11 44 22 22 22 11 44 22 22 22 44
0 11 11 22 33 33 22 44 33 33 22 22 23 22 11 44 22 22 22 14 44 22 22 22 41
0 11 14 22 33 32 23 44 33 33 22 22 23 22 11 41 22 22 24 14 41 22 22 22 41
0 13 14 22 32 32 23 42 32 32 23 22 23 22 13 41 24 22 22 14 41 22 33 24 41
0 11 14 22 22 32 33 44 22 22 23 23 33 22 13 44 22 22 24 11 11 22 23 22 44
0 11 11 22 33 33 22 44 33 33 22 22 22 22 13 44 22 22 22 11 44 22 22 22 44
0 11 14 23 22 33 23 42 22 32 23 23 33 22 11 41 24 33 24 14 11 44 23 44 11
0 11 11 22 33 33 22 44 33 33 22 22 22 22 11 44 22 23 22 11 44 22 22 22 44
0 13 11 22 22 33 22 44 33 32 23 33 33 33 11 44 22 22 22 11 41 22 22 24 41
0 11 11 22 33 33 22 44 33 33 22 22 23 22 11 44 22 22 22 11 44 22 22 22 41
0 13 11 22 33 33 23 42 22 32 33 22 23 23 11 41 24 23 22 11 41 22 22 22 44
0 11 14 23 32 33 22 44 32 32 23 22 23 22 11 44 24 23 22 14 44 24 23 22 44
0 11 14 22 33 33 23 44 33 33 23 22 23 22 13 44 22 22 22 11 11 24 22 22 41
0 11 14 22 33 33 22 44 33 33 22 22 22 22 11 44 22 22 22 11 44 22 22 22 44
0 13 11 23 33 32 23 42 32 32 22 23 23 23 13 41 22 23 22 14 41 22 22 24 41
0 11 14 23 32 33 23 42 32 33 22 22 33 23 13 41 22 22 22 14 41 22 23 24 41
0 11 11 22 33 33 23 44 32 33 22 22 22 22 11 44 22 23 22 11 41 22 22 22 41
0 11 11 23 22 33 33 42 22 22 23 23 23 23 13 44 24 23 22 14 11 22 22 24 41
0 13 11 22 33 33 23 44 33 33 23 22 23 23 11 11 44 23 22 14 41 22 22 22 41
0 11 14 22 32 33 23 42 22 33 23 22 23 22 13 44 24 23 24 11 41 24 22 22 41
0 13 11 22 33 33 22 42 33 33 23 22 23 23 11 44 24 22 22 11 41 24 22 24 44
0 11 11 23 33 33 23 44 33 33 23 23 33 23 11 44 24 22 22 11 11 24 23 24 11
0 13 14 22 32 32 23 42 32 32 33 23 23 23 33 41 22 23 22 14 41 24 23 44 11
0 11 14 22 33 32 33 42 33 22 33 22 23 22 13 44 22 22 24 14 41 22 22 44 11
0 11 44 22 32 32 33 42 22 32 23 22 33 23 13 44 24 23 44 11 41 24 23 22 11
0 11 11 22 32 32 22 44 32 33 22 22 22 23 11 44 22 22 22 11 44 22 22 22 44
0 11 14 22 33 32 23 22 32 33 22 23 33 33 13 41 24 23 24 14 44 24 23 24 11
0 11 11 22 33 32 23 42 32 32 23 23 23 22 11 41 24 22 24 11 11 22 23 24 41
0 13 11 23 32 32 23 44 32 32 33 23 23 23 11 44 22 22 24 44 44 22 23 22 44
0 13 11 22 33 22 23 44 32 22 33 23 23 22 33 11 44 23 44 14 11 44 23 44 44
0 11 14 22 33 32 23 44 32 33 23 22 22 23 13 44 24 22 22 14 44 24 23 24 41
0 13 11 23 32 32 33 42 32 32 23 22 23 23 13 41 24 23 22 14 41 24 22 24 41
0 11 14 22 33 22 23 42 22 32 22 33 23 23 13 41 24 23 24 11 41 24 23 24 41
0 11 11 22 33 33 22 44 32 33 22 22 22 22 11 44 22 22 22 14 44 22 22 22 44
0 13 14 22 32 33 23 42 33 32 23 23 23 23 11 41 24 22 24 11 44 22 22 22 41
0 11 11 22 33 33 22 44 33 33 22 22 23 22 11 44 22 23 24 11 41 22 22 24 44
0 11 11 22 33 22 33 44 22 32 22 22 22 22 13 41 22 22 22 14 41 24 23 24 44
0 11 11 23 33 32 33 42 22 32 23 23 23 23 13 41 24 23 24 11 41 24 23 24 41
0 13 14 22 33 32 22 44 33 32 22 23 23 23 13 44 22 22 24 11 41 22 22 24 41
0 11 11 22 33 33 22 44 33 33 22 22 22 22 11 44 22 22 22 11 44 22 22 24 44
0 11 14 22 32 33 23 42 33 32 22 23 23 23 13 41 24 23 24 14 41 22 22 22 41
0 11 14 22 22 33 23 44 22 32 23 23 23 22 13 41 24 23 24 14 44 24 22 22 41
0 11 11 22 32 33 22 44 32 32 22 22 23 22 11 44 24 22 24 11 44 22 22 22 44
0 11 11 22 33 33 22 42 33 33 23 22 23 22 11 44 22 22 22 11 44 22 22 22 44
0 13 11 22 33 32 23 44 32 32 33 23 33 23 11 44 24 22 22 11 44 24 23 44 41
0 11 11 22 33 33 23 44 22 33 22 23 22 23 13 11 22 23 22 14 41 22 22 24 44
0 13 11 22 22 33 23 44 32 32 33 23 23 22 11 41 24 23 24 11 41 24 22 24 41
0 11 14 23 33 32 23 42 32 33 22 23 23 23 13 41 44 23 24 11 11 22 23 22 11
0 11 11 22 33 33 22 44 33 33 22 22 22 22 11 44 22 23 22 11 41 22 22 22 44
0 11 11 22 33 33 22 44 33 32 23 22 22 22 11 44 22 22 22 11 44 22 23 22 41
0 11 11 22 32 33 22 42 33 33 22 22 22 22 11 41 22 23 22 11 41 22 22 22 41
0 11 11 22 32 33 23 42 32 32 23 23 23 22 13 41 22 23 24 11 41 22 22 24 41
0 11 11 22 33 32 23 44 33 33 22 22 23 22 11 44 22 22 22 11 44 22 22 22 41
0 11 11 23 33 33 22 44 33 32 23 22 23 22 11 44 24 22 22 14 41 22 22 24 44
0 11 14 22 33 32 22 44 33 33 23 22 23 22 11 41 22 23 24 11 41 22 23 22 41
0 11 14 22 32 32 22 22 32 32 22 23 22 22 11 44 22 22 22 11 41 22 23 24 41
0 11 11 22 33 33 23 44 22 22 23 22 23 23 11 44 22 22 22 11 44 22 23 24 41
0 11 11 22 33 33 22 44 33 32 22 22 22 22 11 44 22 23 24 11 41 22 22 22 41
0 11 11 22 32 33 33 22 33 33 22 22 22 22 13 41 22 22 22 11 44 22 22 22 44
0 11 11 22 33 33 22 44 33 33 22 22 22 22 11 44 22 22 22 11 11 22 22 22 44
0 11 11 22 33 33 22 44 32 33 22 22 23 22 11 44 22 22 22 11 44 22 22 22 44
0 11 14 22 32 22 22 42 32 32 22 22 23 22 13 41 24 23 22 11 41 22 23 24 11
0 11 11 22 33 33 22 44 33 33 22 22 23 22 13 44 22 23 22 11 44 22 22 22 44
0 11 44 22 32 32 22 42 32 22 33 33 23 22 13 11 22 23 22 14 41 24 23 24 41
0 11 11 22 33 32 23 44 33 33 22 23 23 22 13 41 22 23 22 14 44 44 23 24 41
0 11 14 22 33 32 22 44 32 33 22 23 22 22 11 44 22 22 24 11 44 22 23 24 44
0 11 11 22 33 33 23 44 22 32 23 23 23 23 11 41 22 22 24 14 44 22 23 22 41
0 13 14 23 32 32 23 44 32 32 23 22 23 23 13 11 22 22 24 11 44 22 23 22 41
0 33 14 23 32 32 23 44 33 32 22 33 23 23 13 41 24 22 22 11 11 24 23 24 44
0 13 11 22 33 22 22 44 32 33 23 33 23 23 13 44 22 23 24 11 44 22 23 24 11
0 13 14 22 33 32 22 44 33 32 22 22 23 23 11 41 22 22 24 44 44 22 22 24 44
0 11 14 22 22 32 33 44 22 22 23 33 33 23 13 41 22 23 24 14 11 22 33 22 41
0 11 44 23 33 33 23 42 22 33 33 33 33 22 11 11 22 22 24 14 11 44 33 24 41
0 11 14 22 22 32 22 44 33 22 23 22 22 22 13 44 22 22 22 11 41 22 22 22 41
0 11 11 22 33 33 22 44 33 33 22 22 22 22 11 44 22 22 22 14 41 22 22 24 44
0 11 11 22 33 33 23 44 32 33 23 23 22 23 11 44 24 33 24 14 44 22 23 22 41
0 33 14 22 33 32 23 42 32 33 33 23 23 23 13 44 22 23 24 14 11 24 23 24 41
0 11 11 22 33 33 22 44 33 32 23 23 22 22 13 44 22 22 22 14 44 22 22 22 44
0 11 11 22 33 33 23 44 32 32 22 23 22 23 11 44 22 23 22 11 41 22 23 22 41
0 11 11 22 32 33 23 42 32 32 22 22 23 22 11 44 22 23 22 11 44 22 22 22 44
0 11 44 33 22 33 33 22 32 22 23 33 33 23 13 11 24 33 24 14 11 44 23 24 11
0 11 11 22 33 33 22 44 33 33 22 22 23 22 11 44 22 23 22 11 44 22 22 22 44
0 11 11 22 33 33 22 44 33 33 22 22 23 22 13 44 22 22 24 11 41 24 22 22 41
0 11 11 22 33 33 23 44 33 32 22 22 23 22 11 44 22 23 24 11 44 22 22 24 44
0 13 11 23 33 32 23 44 33 33 22 22 33 22 13 41 22 22 22 11 44 24 22 24 44
0 11 14 22 32 33 23 42 33 33 23 23 22 23 13 41 22 23 24 11 41 24 22 24 41
0 13 11 23 32 32 23 42 33 32 23 23 23 23 13 41 24 22 24 14 41 24 23 24 41
0 13 11 22 33 33 23 44 22 33 22 23 33 22 13 44 24 23 22 11 41 22 22 22 41
0 11 14 23 33 33 22 42 33 33 22 22 23 22 11 44 22 22 22 11 44 22 22 22 44
0 11 11 22 33 33 22 44 32 33 23 23 22 22 11 44 22 22 22 14 44 22 22 22 44
0 11 11 22 32 32 33 44 33 22 23 33 23 22 13 41 22 22 24 11 11 22 23 24 41
0 11 44 23 32 33 23 44 32 33 33 33 23 23 33 41 22 22 24 11 44 24 23 24 44
0 11 14 22 33 33 22 44 32 32 23 22 23 22 11 41 22 23 22 11 41 22 22 24 44
0 11 11 22 33 32 23 44 33 32 22 22 23 22 11 44 24 22 22 11 44 22 22 22 44
0 11 11 22 33 33 23 44 32 32 22 22 22 23 11 44 22 23 22 11 41 22 23 24 41
0 11 14 23 32 33 22 22 22 32 33 23 23 23 13 41 44 33 24 11 44 24 33 22 44
0 11 11 22 33 33 22 44 32 33 22 22 22 22 11 44 24 22 24 11 44 22 22 22 41
0 11 11 22 33 33 23 42 33 33 23 22 33 22 11 44 24 23 24 11 41 22 23 22 41
0 13 14 23 32 33 23 44 32 33 22 23 23 22 11 44 24 22 24 11 41 22 23 24 41
0 13 11 22 33 32 22 44 33 32 22 23 23 22 11 44 22 23 24 11 44 22 23 22 44
0 11 11 22 33 33 22 22 33 33 23 23 22 22 11 44 22 22 22 11 44 22 22 22 44
0 11 14 22 32 33 22 44 22 33 22 22 22 22 11 41 22 23 24 11 41 22 22 24 44
0 11 14 23 33 33 22 42 32 33 22 23 23 22 11 41 24 22 24 11 44 22 22 22 41
0 11 11 22 32 32 23 44 32 22 23 23 23 23 33 11 24 22 22 11 11 22 33 24 41
0 13 14 23 32 32 23 42 32 32 23 23 23 23 13 41 24 22 24 14 11 24 22 24 41
0 11 11 22 33 33 23 42 32 33 22 22 23 22 11 44 22 22 22 11 44 22 23 22 44
0 11 44 22 32 32 23 42 22 33 22 22 33 22 13 41 22 33 22 11 11 24 22 24 11
0 11 14 23 33 33 23 42 32 22 33 33 23 22 13 41 22 23 24 14 11 22 22 24 44
0 13 11 22 33 33 33 44 33 32 23 22 33 33 13 44 24 22 24 11 44 22 22 24 44
0 11 11 22 33 32 22 44 33 33 22 22 22 22 11 44 22 22 22 11 41 22 22 22 44
0 13 11 22 33 32 22 44 32 33 22 33 23 33 11 44 24 22 24 11 41 22 22 22 41
0 13 14 22 32 32 23 42 32 32 22 22 23 23 13 11 22 22 24 14 41 24 33 24 41
0 11 11 22 33 33 23 22 32 33 23 23 23 23 11 41 22 22 22 11 41 24 22 22 41
0 11 44 23 32 32 33 22 32 22 22 33 23 22 13 41 24 33 24 11 41 22 22 24 11
0 11 11 23 33 33 22 44 33 33 22 22 22 22 11 44 24 22 22 11 41 22 22 22 44
0 11 14 23 33 32 23 42 33 32 23 22 33 22 13 41 22 22 22 14 44 22 22 24 11
0 33 11 22 32 32 23 42 32 32 23 23 33 23 11 41 24 22 22 11 11 44 23 22 41
0 13 14 23 33 33 23 42 32 32 22 23 23 23 13 41 22 23 22 11 41 24 23 24 44
0 13 14 22 32 32 22 42 32 32 22 23 33 23 33 41 22 33 24 14 41 24 22 22 41
0 11 14 22 33 32 23 44 32 33 23 23 23 23 13 41 22 22 22 11 41 24 23 24 11
0 11 14 22 33 33 23 44 32 22 22 22 22 22 11 41 22 23 22 11 41 22 22 24 44
0 11 14 23 33 32 23 42 33 33 23 23 23 22 13 44 24 22 22 11 41 22 23 24 41
0 13 11 22 33 32 22 44 32 33 22 22 23 23 13 44 24 33 22 11 41 22 22 22 44
0 13 11 23 33 33 22 22 33 33 22 22 33 22 11 44 22 22 22 14 41 22 33 44 41
0 11 11 22 32 32 23 42 32 33 23 23 23 22 11 44 22 23 22 11 41 22 22 22 41
0 11 14 22 33 33 22 44 33 32 22 23 23 22 11 44 22 22 22 11 44 22 22 22 41
0 11 14 22 33 32 23 22 22 32 22 23 23 22 13 41 22 33 22 14 11 22 22 44 44
0 11 14 22 33 32 23 44 32 32 23 23 33 23 13 41 22 22 22 11 41 22 23 24 41
0 11 11 22 33 33 22 42 33 33 22 22 33 22 11 44 22 22 22 11 44 22 22 22 44
0 11 11 22 33 33 22 44 32 32 22 22 22 22 13 44 22 22 24 11 41 22 22 22 41
0 11 11 23 33 32 23 44 32 32 23 22 22 22 13 44 22 22 22 14 41 24 22 22 44
0 11 14 23 32 32 22 42 32 33 22 22 23 23 13 41 22 22 22 11 44 22 23 24 41
0 11 44 22 22 33 23 42 32 32 23 23 23 22 33 41 22 33 24 11 41 22 22 24 41
0 11 11 22 22 33 23 42 32 32 33 23 22 22 13 44 22 23 24 14 41 24 23 22 41
0 11 11 22 32 33 23 42 32 33 33 23 23 22 11 41 22 22 24 14 41 22 23 24 44
0 11 11 23 32 33 33 44 32 32 23 22 33 22 13 44 22 23 22 14 41 22 22 22 41
0 11 44 33 22 32 33 42 32 22 33 33 33 23 13 41 44 33 24 44 11 22 33 44 11
0 11 11 22 33 33 23 42 33 33 22 22 22 22 11 44 22 23 22 11 41 22 22 22 44
0 13 14 23 33 32 23 42 32 22 33 33 33 23 13 41 24 33 24 14 41 22 23 44 41
0 11 11 22 33 33 23 44 32 33 23 23 23 22 11 44 22 23 22 11 44 24 22 22 11
0 13 14 23 32 32 33 42 22 22 33 23 33 23 13 41 44 33 24 14 11 44 33 24 11
0 13 14 23 32 33 33 42 32 32 23 23 22 23 13 11 22 22 24 14 41 24 23 24 41
0 11 11 22 33 32 23 42 33 33 23 23 22 22 11 44 24 23 22 11 44 22 22 24 44
0 13 11 23 32 32 23 42 22 22 23 23 33 23 13 41 24 23 24 14 11 24 22 24 41
0 11 14 22 32 33 33 22 33 32 23 23 23 22 13 44 22 22 22 11 41 24 22 22 41
0 11 14 23 22 22 33 42 22 32 23 23 33 23 11 41 24 23 24 14 41 44 22 44 44
0 11 14 22 33 22 22 44 33 33 22 22 33 23 11 44 22 23 22 14 44 24 22 22 44
0 11 14 22 33 33 22 44 22 32 33 22 23 23 11 41 24 33 22 14 11 22 23 22 41
0 13 14 23 22 22 23 22 22 32 23 33 33 33 33 41 22 33 44 14 11 24 23 24 41
0 13 44 22 32 32 23 42 32 33 33 23 23 33 13 41 22 23 24 14 41 22 23 22 41
0 11 11 22 32 33 22 42 32 33 22 22 33 22 13 44 22 22 22 14 41 22 22 22 41
0 13 11 22 33 33 23 44 32 32 22 23 23 23 11 44 22 22 22 11 41 22 23 24 41
0 13 44 23 32 32 33 44 22 33 22 23 23 22 11 44 24 22 24 14 44 24 22 24 41
0 11 11 22 33 33 22 44 33 33 22 22 22 22 11 44 22 22 22 11 41 22 22 22 44
0 11 11 22 32 33 23 44 32 33 22 23 23 23 11 41 22 22 22 11 41 24 23 22 41
0 11 14 22 32 33 23 44 32 33 23 33 33 23 11 41 22 23 22 11 44 22 23 24 44
0 11 11 22 33 33 22 42 33 33 22 22 23 22 11 41 22 22 24 11 44 24 22 24 44
0 13 14 22 33 33 23 42 32 32 23 23 23 23 13 44 24 22 24 14 11 22 22 44 41
0 11 11 22 33 33 22 44 33 33 22 22 22 22 11 44 22 22 22 11 44 22 22 22 44
0 11 11 22 32 33 23 42 32 32 22 23 23 22 11 41 24 22 24 14 44 22 22 22 41
0 11 14 22 32 33 23 42 32 32 22 23 33 23 11 44 22 22 22 11 41 22 22 22 41
0 11 11 22 33 33 22 44 33 33 22 22 22 22 11 44 22 22 22 11 44 22 22 22 44
0 11 11 22 33 33 23 22 32 33 22 22 22 22 13 41 24 22 22 11 44 22 22 22 44
0 11 11 22 33 33 23 44 33 33 22 23 23 22 11 11 24 22 22 11 44 24 22 22 44
0 11 11 22 33 32 23 44 33 33 23 22 23 22 13 44 24 23 22 11 44 22 22 24 44
0 11 14 22 32 32 23 44 32 32 23 22 23 33 13 41 44 22 24 44 41 24 22 22 41
0 11 14 22 32 32 22 42 32 32 23 22 22 22 11 44 22 23 22 11 41 22 22 22 44
0 11 14 22 32 33 23 44 32 22 22 23 33 22 11 41 22 23 24 14 41 22 22 24 41
0 11 14 22 32 32 23 42 32 32 23 23 33 23 11 41 24 33 22 14 41 24 23 22 11
0 11 11 22 33 33 22 44 33 33 22 22 23 22 13 44 22 22 22 11 41 22 22 22 44
0 13 14 22 22 33 23 42 32 32 23 33 33 23 13 41 22 22 24 14 11 22 22 24 44
0 13 11 22 32 32 23 42 33 33 23 23 33 23 13 41 24 22 24 14 41 24 23 24 41
0 11 11 22 33 32 23 44 32 33 23 23 22 22 13 41 22 23 22 11 44 24 22 24 41
0 11 14 23 33 22 23 44 33 33 33 23 23 23 11 44 22 22 24 11 44 22 23 22 41
0 11 11 22 32 22 23 42 32 33 23 22 33 22 13 44 22 23 22 11 11 22 22 44 41
0 13 14 22 33 22 23 22 32 22 33 22 23 22 33 41 24 33 24 14 44 22 22 22 41
0 11 11 22 33 32 23 44 32 32 23 23 23 22 13 41 24 22 22 11 41 24 22 22 41
0 13 44 22 32 32 23 42 32 32 23 23 33 23 13 41 24 23 22 14 41 24 22 24 11
0 13 14 23 22 22 23 42 32 32 23 33 33 22 13 41 24 22 24 14 11 24 23 24 11
0 11 11 22 32 33 23 42 32 33 22 22 23 22 11 44 22 22 22 11 44 22 23 22 44
0 11 14 22 33 33 22 42 32 33 23 23 22 23 11 44 24 22 22 14 44 22 23 24 41
0 11 14 22 32 33 33 42 32 32 22 22 33 22 11 41 22 23 22 11 44 22 23 24 44
0 11 11 22 33 33 23 44 32 33 22 22 33 22 11 44 22 23 22 11 44 22 22 22 44
0 11 14 22 33 33 22 42 32 33 23 22 23 22 13 44 22 22 22 11 44 22 23 22 44
0 11 11 22 33 33 23 22 33 32 22 22 33 22 11 41 24 23 22 14 41 24 22 22 41
0 11 11 33 33 33 23 44 22 32 22 22 23 23 13 41 22 23 22 44 41 22 23 22 44
0 11 11 22 33 32 23 42 32 33 23 22 33 23 13 41 24 22 24 14 11 22 22 24 41
0 11 11 22 33 33 23 42 32 32 22 22 23 23 13 41 24 23 24 11 44 22 22 24 44
0 11 14 22 33 22 23 42 33 22 23 22 22 22 33 41 22 23 22 14 11 24 23 24 41
0 13 11 22 33 32 22 44 33 33 22 22 23 23 11 44 22 22 22 11 41 22 22 24 44
0 11 11 22 32 33 23 44 33 32 23 22 23 23 11 41 22 33 24 14 41 22 22 24 41
0 11 11 22 33 33 22 44 33 33 22 22 22 22 11 44 22 22 22 11 44 22 22 22 41
0 11 14 22 32 33 22 42 33 33 33 33 33 23 11 44 22 33 22 14 44 24 22 24 41
0 11 14 23 32 32 33 42 33 32 22 23 22 23 11 44 24 33 22 11 44 22 22 24 44
0 11 14 23 32 33 22 42 22 22 23 33 33 33 13 44 22 23 22 11 44 22 23 24 11
0 11 44 22 32 32 23 42 32 32 22 23 23 23 13 41 24 23 44 14 41 22 33 24 41
0 11 11 22 33 33 22 44 33 33 22 22 23 22 11 44 22 23 22 11 44 22 22 22 44
0 11 11 22 33 33 22 44 32 32 22 22 22 22 11 41 22 22 22 11 44 22 22 22 44
0 13 14 23 33 32 22 44 22 33 23 23 23 23 13 44 24 22 22 11 44 22 23 24 11
0 11 11 23 32 33 23 44 32 32 22 23 23 23 11 41 22 22 24 11 41 22 23 24 41
0 11 14 23 32 32 23 42 32 32 23 23 23 23 13 44 24 23 24 14 41 22 23 24 41
0 11 14 22 33 33 22 42 32 33 22 23 23 22 11 44 22 23 22 11 41 22 23 22 41
0 11 11 22 33 32 23 44 22 32 22 23 33 23 13 41 22 23 24 11 41 22 23 24 41
0 11 11 22 33 33 22 42 32 33 23 23 33 22 11 44 24 22 22 11 41 22 22 22 41
0 11 11 22 33 33 23 44 33 33 22 23 22 23 11 44 22 22 22 14 44 22 22 22 41
0 11 11 22 32 33 22 44 33 33 22 23 23 22 11 44 22 22 22 11 44 22 22 22 44
0 11 11 22 33 33 22 44 33 32 22 22 22 22 11 44 22 22 22 11 44 22 22 22 44
0 13 14 22 33 33 23 44 32 32 23 33 33 23 11 44 22 23 22 14 44 22 23 44 44
0 11 14 22 32 32 33 42 33 33 22 23 33 22 13 44 22 23 22 11 44 24 23 22 41
0 11 14 22 33 33 23 44 33 33 22 22 23 23 11 44 22 22 24 11 44 22 22 22 44
0 11 14 22 33 33 22 42 22 22 23 23 23 22 11 44 24 22 22 11 41 22 23 24 41
0 11 11 22 33 33 23 42 33 22 23 22 23 22 11 44 22 22 22 11 41 22 23 22 44
0 11 14 22 32 32 23 22 22 32 33 33 33 23 13 41 22 23 44 44 44 24 22 44 11
0 11 14 22 33 33 22 44 33 33 22 22 22 22 11 44 24 23 22 11 44 22 23 22 44
0 13 44 22 22 32 23 22 22 32 22 33 23 22 33 41 22 23 24 14 44 24 23 24 44
0 11 11 22 33 33 22 44 32 33 22 22 22 22 11 44 22 22 22 11 44 22 22 24 44
0 11 14 22 33 33 22 44 32 32 22 22 23 22 11 41 22 22 24 14 41 22 22 22 44
0 13 14 22 32 32 33 42 32 32 23 23 23 23 13 41 24 23 24 11 41 24 23 24 41
0 11 11 22 33 33 23 42 33 32 22 23 23 23 13 41 22 23 24 14 44 22 23 24 41
0 11 44 22 33 32 22 42 22 32 23 33 23 22 33 41 24 22 24 14 41 22 23 24 41
0 11 11 22 33 33 23 44 32 33 23 33 22 22 13 41 22 22 22 11 41 22 23 24 41
0 11 14 22 32 32 23 42 32 32 23 23 33 23 13 44 24 22 22 14 11 22 22 24 41
0 11 11 22 33 33 22 44 33 33 22 23 22 22 11 44 24 22 22 11 44 22 22 22 44
0 13 14 22 32 33 22 44 32 33 22 23 23 22 11 44 22 22 24 11 11 24 23 24 41
0 11 44 22 33 32 22 44 33 32 23 22 23 22 11 44 22 23 22 11 41 22 22 22 44
0 11 11 22 33 32 23 44 33 32 23 22 22 23 13 44 24 22 22 14 41 22 23 24 41
0 11 44 22 32 32 23 42 22 32 23 23 33 22 13 44 24 22 22 11 41 22 22 22 41
0 13 14 23 32 32 23 42 32 33 23 23 23 23 13 41 24 23 24 11 41 24 23 24 44
0 11 11 22 33 33 22 44 32 33 22 22 23 22 11 41 22 22 22 11 44 22 22 22 41
0 11 14 22 33 33 22 44 32 33 22 22 22 22 11 41 22 22 22 11 44 22 23 22 44
0 13 11 22 22 32 33 44 33 32 23 33 33 22 11 41 22 23 24 14 41 22 33 44 41
0 11 11 23 33 33 22 42 32 22 22 22 22 22 11 44 22 22 22 11 44 22 23 22 44
0 13 14 22 33 33 23 22 22 32 22 23 22 22 13 41 24 22 24 14 41 22 22 24 41
0 13 11 22 33 33 22 42 33 32 23 33 23 23 13 41 22 23 22 11 41 22 23 24 41
0 11 14 23 32 32 23 44 32 33 23 23 23 22 11 44 24 22 22 11 44 22 23 22 44
0 11 11 22 33 33 22 42 33 33 22 22 23 22 11 41 24 22 22 11 44 22 22 22 44
0 11 11 22 32 33 23 42 32 32 23 22 23 23 11 44 44 23 24 11 11 22 33 22 41
0 13 44 33 22 32 33 42 32 22 33 23 33 33 13 11 24 33 44 14 44 24 33 44 41
0 11 14 23 32 32 23 44 33 33 23 23 23 22 13 41 24 22 44 14 44 22 23 24 44
0 11 11 22 33 32 22 44 33 32 23 23 23 22 11 44 22 22 22 14 44 22 22 24 41
0 11 14 22 33 22 22 44 33 33 23 22 23 22 11 44 22 22 22 14 41 22 22 22 41
0 11 11 23 33 33 23 44 33 33 23 23 22 22 11 44 22 22 22 11 44 22 22 22 44
0 11 14 22 32 32 23 42 32 32 23 22 23 23 13 11 22 23 24 11 11 24 22 22 11
0 11 11 22 32 33 23 44 33 33 22 22 22 22 11 44 24 22 24 14 44 22 22 22 41
0 11 14 22 33 33 22 44 32 33 22 22 22 22 11 41 24 22 22 11 44 22 22 24 44
0 11 14 22 33 33 23 42 22 32 23 23 23 22 13 44 22 22 24 14 11 22 22 22 44
0 13 14 22 32 32 22 42 32 32 23 22 22 22 11 41 22 23 24 11 41 22 23 44 44
0 11 14 22 33 32 22 44 32 32 22 22 23 23 11 41 22 22 22 14 44 22 23 24 44
0 11 11 22 32 32 23 44 33 33 22 22 22 22 11 44 22 22 22 11 44 22 22 24 41
0 11 14 22 33 33 22 44 32 22 22 22 23 22 13 41 22 22 22 14 41 22 23 24 44
0 13 14 22 32 22 23 22 22 32 33 33 33 23 13 41 24 22 24 14 41 44 23 24 11
0 11 11 22 33 33 23 44 33 33 22 23 22 22 11 44 22 22 22 11 44 22 22 22 44
0 11 11 22 33 33 22 44 33 33 22 22 22 22 11 44 22 22 22 11 44 22 22 24 44
0 11 44 22 33 33 33 42 22 32 22 22 22 22 11 44 24 23 22 11 41 24 23 22 44
0 13 14 22 22 32 23 42 22 22 33 23 23 33 13 44 24 33 24 11 41 22 22 22 44
0 11 11 22 33 33 22 44 33 33 22 22 22 22 11 44 22 22 22 11 44 22 22 22 44
0 11 11 23 33 32 23 42 32 33 23 23 22 22 13 41 22 22 22 14 41 24 22 22 41
0 13 11 23 32 33 23 42 33 33 22 33 33 23 11 41 22 22 24 11 41 24 22 24 41
0 13 14 22 32 32 22 44 32 33 23 33 23 22 13 44 22 22 22 14 41 24 22 22 41
0 13 14 23 32 33 23 42 22 22 23 23 23 23 13 41 22 23 44 14 41 44 23 22 41
0 13 11 33 33 22 33 42 22 22 23 33 23 23 11 44 24 23 22 11 11 24 22 24 11
0 11 11 23 33 32 23 44 32 32 22 23 23 23 33 41 22 23 24 14 41 24 23 24 41
0 11 11 23 32 33 33 44 32 22 22 23 23 23 13 41 22 22 22 11 44 22 22 24 41
0 13 14 22 33 33 23 42 32 32 23 23 23 22 13 41 24 23 22 11 41 24 22 24 41
0 11 11 23 33 33 22 42 32 32 23 22 23 22 11 44 24 22 22 11 44 22 22 22 44
0 11 11 22 22 22 33 42 32 33 22 22 33 22 13 44 44 22 24 14 41 24 33 24 11
0 13 14 22 32 32 33 42 22 22 23 23 33 33 33 11 22 23 44 44 44 24 23 24 11
0 11 11 22 33 32 22 44 32 33 22 23 23 23 11 44 22 22 22 11 44 22 22 22 44
1 11 11 22 32 33 23 42 32 22 22 22 23 23 13 11 24 23 22 14 41 44 23 24 11
1 11 11 22 33 33 22 44 33 33 23 22 23 22 11 44 22 22 22 11 44 22 22 22 44
1 11 44 22 33 33 23 44 33 22 22 22 22 22 11 41 24 22 22 11 11 22 22 22 44
1 13 11 22 32 32 23 42 33 33 33 23 22 23 11 44 22 22 22 11 44 22 22 22 44
1 13 14 23 32 32 23 42 32 32 23 22 33 23 13 41 24 23 24 14 41 24 23 44 41
1 11 14 22 33 33 23 44 33 33 23 22 33 22 13 41 22 22 22 11 44 22 22 22 11
1 11 11 22 33 33 22 22 33 32 22 22 23 22 11 44 24 22 22 11 44 22 22 22 44
1 13 14 33 32 33 33 42 32 32 33 23 23 33 13 41 44 23 24 44 41 24 33 24 41
1 11 11 22 33 22 22 44 33 33 22 22 23 22 11 44 22 22 22 11 41 22 22 22 44
1 11 11 22 33 22 22 44 32 33 33 33 33 22 13 44 22 22 22 11 44 22 22 22 44
1 11 11 22 33 32 22 44 33 33 22 22 22 22 11 44 22 23 22 11 44 22 22 22 44
1 11 14 22 33 33 22 44 33 33 22 23 22 22 11 44 24 22 22 11 41 22 22 24 44
1 11 11 22 33 33 22 44 33 32 22 22 23 22 11 41 22 22 24 11 44 22 23 22 44
1 13 14 23 32 33 22 42 22 33 22 23 22 23 11 44 44 22 22 14 11 24 33 24 44
1 11 14 22 32 33 23 42 32 32 22 22 23 33 33 41 22 23 22 11 41 22 22 24 41
1 11 14 22 32 33 23 44 22 33 23 23 23 22 11 41 22 23 24 11 41 22 22 22 41
1 11 11 22 22 33 22 44 33 32 23 22 23 22 11 41 24 23 22 11 41 22 23 22 41
1 11 11 22 33 33 22 44 33 32 22 22 23 22 13 41 22 22 22 11 41 22 23 24 44
1 13 44 22 32 22 33 42 32 32 33 23 33 23 13 41 22 23 22 44 44 24 23 44 11
1 11 14 22 33 33 23 44 32 33 23 22 23 23 13 44 22 22 22 11 44 22 23 22 44
1 13 14 22 33 32 33 22 22 33 23 22 22 22 33 41 24 23 24 11 41 22 23 24 44
1 13 14 22 32 33 23 42 32 33 23 23 23 23 13 44 24 23 22 11 41 24 22 22 41
1 13 14 22 32 32 33 42 32 33 33 23 33 23 13 41 24 22 22 14 41 22 22 44 41
1 11 11 22 32 32 22 42 33 32 22 22 33 22 33 44 24 22 22 11 44 22 22 24 44
1 11 11 22 32 33 22 42 33 32 23 22 22 22 11 44 22 23 22 11 41 22 22 22 44
1 13 14 22 32 33 23 42 33 32 22 22 33 23 11 41 22 23 24 14 44 22 22 22 44
1 11 11 22 33 33 22 44 32 33 22 22 22 22 11 44 22 22 22 11 44 22 22 22 41
1 13 11 22 33 33 22 44 32 32 22 22 22 23 11 44 22 22 22 11 44 22 22 22 41
1 11 11 23 33 33 23 44 32 33 22 23 23 22 11 44 22 22 22 11 41 22 22 44 44
1 11 44 23 22 32 33 22 33 33 33 33 33 23 33 41 44 22 22 14 11 22 23 44 41
1 33 14 22 32 32 33 42 22 32 22 23 33 23 11 11 24 23 24 11 41 24 23 24 41
1 13 11 23 32 32 23 44 22 32 33 23 33 22 33 11 24 23 24 14 44 22 33 24 11
1 11 11 23 32 32 22 42 32 32 22 22 23 23 11 41 22 22 22 11 41 24 23 24 44
1 11 14 22 33 32 23 42 33 33 23 22 33 23 11 44 22 22 22 11 41 22 23 24 41
1 11 11 22 33 33 22 44 33 32 22 23 22 23 11 44 22 22 22 11 41 22 22 22 41
1 13 11 23 32 33 23 42 32 33 23 23 23 22 11 41 44 23 22 14 11 22 22 22 44
1 11 14 22 32 32 23 42 32 32 23 22 23 23 13 44 24 22 22 14 41 22 22 22 41
1 11 11 22 33 32 22 44 32 33 22 22 23 22 11 44 22 22 22 11 44 22 22 22 44
1 11 44 22 32 32 23 44 33 22 23 22 23 23 13 41 22 23 22 44 44 24 23 24 11
1 13 11 22 32 33 23 42 32 32 22 23 23 23 13 41 22 23 22 11 41 22 22 24 41
1 11 11 22 33 32 33 44 22 32 23 23 33 23 13 41 24 23 22 14 41 22 23 24 44
1 11 11 22 33 33 23 42 32 32 33 22 23 22 11 44 24 23 22 11 41 22 23 24 44
1 33 44 33 33 32 23 42 32 32 23 23 23 23 13 11 22 23 24 11 11 22 23 44 11
1 13 11 22 32 33 22 44 32 33 23 22 23 22 33 44 22 22 24 11 41 22 22 22 44
1 13 11 22 32 32 22 42 33 22 23 23 23 22 13 41 22 22 22 11 41 22 23 24 41
1 11 11 22 33 32 22 42 32 32 22 23 23 22 13 41 22 23 22 11 41 22 22 24 41
1 11 14 23 32 32 22 42 33 32 23 23 23 23 11 41 22 22 24 14 41 24 22 24 41
1 13 44 23 32 32 23 42 32 32 23 23 23 33 33 41 24 23 24 14 41 24 22 24 41
1 33 14 23 32 32 23 22 32 32 33 33 23 23 13 41 22 23 24 14 41 24 23 44 41
1 11 14 22 33 33 22 44 33 33 23 22 23 22 11 41 22 22 22 11 41 22 22 22 41
1 11 11 22 33 33 23 44 32 33 23 23 22 22 11 44 22 22 22 11 44 22 22 22 44
1 11 14 23 33 32 23 42 32 32 23 23 23 22 13 41 24 23 24 14 41 24 33 24 41
1 13 14 23 33 22 23 42 32 32 33 23 23 23 13 44 22 23 24 11 41 24 22 24 44
1 11 44 22 32 32 23 44 22 32 23 33 23 23 13 11 22 22 22 14 41 22 22 22 11
1 11 14 22 33 33 22 22 33 33 22 22 23 22 11 41 22 22 22 11 41 22 22 22 44
1 11 11 22 33 33 22 44 33 33 22 22 22 22 11 44 22 22 22 11 44 22 22 22 44
1 11 14 22 32 33 23 44 32 33 22 22 23 23 11 44 22 22 22 14 44 22 23 22 44
1 11 11 22 33 33 22 44 33 33 22 22 22 22 11 44 22 22 22 11 44 22 22 22 44
1 13 14 22 33 33 33 44 32 32 22 22 23 23 13 44 22 22 44 14 41 22 33 24 44
1 11 11 22 33 33 33 44 32 33 22 23 23 22 11 44 24 23 22 11 44 22 22 24 41
1 11 11 22 33 33 23 42 32 32 22 22 22 22 11 44 22 22 24 11 44 22 22 22 41
1 11 44 22 33 33 23 22 32 33 23 23 33 22 13 41 22 23 24 11 41 22 23 24 41
1 11 14 22 32 32 23 42 32 32 23 23 23 23 13 41 24 23 24 14 41 24 23 22 41
1 11 14 22 33 32 22 42 33 22 33 23 23 23 11 41 24 22 22 11 41 22 22 22 41
1 33 14 23 32 32 22 42 33 32 33 33 33 22 11 41 22 23 22 11 41 24 23 24 44
1 11 11 22 33 32 33 22 22 22 33 22 23 22 13 11 24 22 22 11 41 44 33 22 41
1 11 11 22 33 33 22 44 33 33 22 22 22 22 11 44 22 22 22 11 44 22 22 22 41
1 11 14 22 32 33 23 44 32 32 22 23 23 22 11 44 22 22 24 11 41 22 23 22 44
1 33 14 23 32 22 23 42 22 22 33 23 33 33 13 41 24 33 22 14 44 24 33 44 41
1 11 11 22 33 33 22 44 33 33 23 23 23 22 11 41 22 22 22 11 41 22 22 22 41
1 13 14 23 32 33 22 42 32 32 23 23 23 22 13 41 22 33 24 14 44 22 22 24 44
1 11 11 22 33 33 22 44 33 33 22 23 22 22 11 44 22 23 22 11 44 22 22 22 44
1 11 11 22 33 33 22 44 33 33 23 22 22 22 11 44 22 22 22 11 44 22 22 22 44
1 11 14 22 32 33 23 44 33 32 22 23 23 22 13 44 22 22 24 11 41 22 22 22 41
1 11 14 22 32 33 23 42 32 32 23 33 23 23 13 41 22 23 24 11 11 24 33 24 11
1 11 14 22 32 33 22 44 33 33 23 22 22 22 11 44 22 22 22 14 44 22 22 22 44
1 11 11 22 33 33 22 44 32 32 22 22 23 23 13 44 24 22 24 11 44 22 23 22 44
1 11 11 22 32 33 22 44 32 32 22 23 22 22 11 44 22 22 22 11 44 22 23 22 41
1 11 11 22 33 32 22 44 32 33 23 23 22 22 11 44 24 23 24 14 44 22 23 22 41
1 11 44 22 22 33 23 44 32 32 23 33 33 22 13 44 22 23 22 44 41 22 22 24 41
1 11 11 22 33 33 22 44 33 33 22 22 22 22 13 44 22 22 22 11 44 22 22 22 44
1 11 11 22 33 33 22 44 32 33 22 22 23 22 11 44 22 22 22 11 44 22 22 22 44
1 11 14 23 33 33 33 42 33 33 23 23 23 22 11 44 22 22 22 11 41 22 22 24 44
1 33 14 23 32 22 33 42 22 22 22 33 33 33 13 41 22 23 24 11 41 24 23 24 41
1 11 11 22 32 33 23 42 33 32 22 23 33 22 11 44 22 23 24 11 41 24 22 24 11
1 11 14 22 22 32 23 44 32 32 23 23 23 23 11 44 22 23 22 14 11 22 22 24 41
1 11 11 22 33 33 22 42 33 33 22 22 33 22 11 44 22 22 22 11 44 22 23 24 44
1 11 11 22 33 33 23 44 32 33 22 22 23 22 11 44 22 22 22 11 41 22 22 22 44
1 11 14 23 33 33 33 44 22 32 22 33 23 23 13 11 22 22 22 11 41 24 22 24 44
1 11 14 22 33 33 22 42 32 33 22 22 33 22 11 44 22 22 22 11 44 22 22 22 44
1 11 11 23 33 33 22 44 32 33 22 23 23 22 11 44 22 22 22 11 44 22 22 24 44
1 11 11 22 33 33 23 22 32 32 23 22 23 22 33 44 22 22 22 11 44 22 22 22 41
1 11 14 22 32 33 23 44 33 33 22 23 23 22 11 41 22 23 22 14 44 24 22 22 41
1 13 11 22 33 32 23 44 33 22 22 22 23 22 11 44 24 22 22 11 44 22 22 24 41
1 11 11 22 33 33 22 44 32 33 22 22 22 22 11 44 22 22 22 14 41 22 22 22 44
1 11 11 22 33 22 22 44 32 32 23 33 23 22 11 41 24 23 22 11 41 24 22 24 44
1 13 14 23 32 32 23 42 22 32 23 23 23 23 13 41 24 23 24 14 41 22 23 44 41
1 13 11 22 33 33 22 44 33 32 23 22 23 22 11 41 22 22 22 11 44 22 22 24 41
1 11 11 22 33 32 23 42 32 33 23 23 23 23 13 44 24 22 22 11 41 24 23 24 41
1 11 11 22 33 32 22 42 33 33 22 22 22 22 11 44 22 22 22 11 44 22 22 24 44
1 11 14 22 33 33 23 42 32 32 23 23 22 23 13 44 22 22 22 14 41 22 23 22 44
1 11 11 23 32 32 23 42 32 32 23 23 23 23 11 44 22 23 22 14 41 22 22 24 44
1 13 14 22 22 32 23 22 22 32 22 33 23 23 13 41 22 33 22 11 11 22 23 24 44
1 13 11 22 32 22 33 42 33 22 33 23 23 33 11 44 24 33 24 11 41 22 23 22 41
1 11 11 22 22 32 23 44 33 22 23 33 22 22 11 44 24 23 22 14 41 24 22 24 41
1 11 14 22 33 33 22 44 33 33 22 22 22 22 11 44 22 22 22 11 44 24 22 22 44
1 33 44 23 32 32 33 22 22 32 23 33 33 23 13 11 24 23 44 14 11 24 22 44 11
1 13 11 22 33 33 22 44 32 32 22 22 22 22 13 44 22 22 22 11 44 22 23 22 41
1 13 14 22 32 32 23 44 32 32 23 22 22 23 13 41 22 23 22 11 11 22 23 24 44
1 11 11 22 33 33 22 22 22 33 22 23 23 22 13 44 22 22 22 11 44 22 22 24 41
1 11 11 23 33 33 23 42 22 32 22 23 23 22 13 44 22 23 22 11 44 24 23 24 11
1 11 11 22 32 32 22 42 32 33 22 22 23 23 11 44 22 22 24 11 44 22 22 22 44
1 13 14 22 32 32 23 44 33 32 33 22 33 23 13 41 24 22 24 11 41 22 22 24 44
1 11 11 22 33 33 22 44 33 33 22 22 22 22 11 44 22 22 22 11 44 22 22 22 44
1 11 11 22 33 33 22 44 32 33 22 23 22 22 13 44 22 22 22 14 44 22 22 24 44
1 13 44 22 33 32 23 22 22 32 23 33 22 22 13 41 44 33 22 11 11 22 22 24 41
1 11 14 23 33 33 22 42 32 32 22 22 22 23 13 44 22 22 22 11 41 22 23 24 41
1 11 11 22 33 33 23 44 32 32 22 22 33 23 13 41 22 23 24 11 41 22 22 24 41
1 11 14 22 32 32 23 44 33 33 23 23 23 22 11 44 22 22 22 14 41 22 23 22 44
1 11 14 23 32 32 23 42 22 22 22 23 23 22 33 41 22 33 22 14 44 22 23 44 41
1 13 11 22 33 33 22 44 33 33 23 22 22 22 11 44 22 22 22 11 44 22 22 22 44
1 11 14 23 32 33 23 42 32 22 22 23 23 23 11 11 44 33 22 14 11 22 22 24 41
1 13 14 22 22 33 23 42 22 32 22 23 23 22 11 44 22 22 22 11 41 22 22 24 11
1 11 11 22 33 33 22 44 33 33 23 22 22 22 13 44 22 22 22 11 44 24 22 22 44
1 11 14 22 33 33 22 44 33 32 23 22 33 23 11 44 22 22 22 11 44 22 22 22 44
1 13 11 22 33 33 22 22 32 33 22 22 33 22 13 44 22 23 22 14 41 24 22 24 44
1 11 11 22 32 32 23 44 32 22 33 23 23 23 13 44 22 23 22 11 44 22 23 22 41
1 11 14 22 32 32 23 42 22 32 23 23 33 22 13 41 24 23 22 11 41 24 23 22 41
1 11 11 22 33 33 22 44 32 32 22 22 23 22 13 44 22 22 22 11 44 22 22 24 44
1 13 14 23 32 32 33 42 33 22 33 33 33 23 33 11 24 23 24 14 44 24 23 24 11
1 11 14 23 33 33 22 44 32 33 23 23 23 22 11 41 22 23 22 11 44 24 22 24 44
1 11 14 22 33 32 22 44 33 32 23 22 22 23 13 44 22 22 22 14 44 22 22 22 44
1 11 14 22 32 33 22 44 33 33 22 22 22 22 11 44 22 23 22 11 41 22 23 22 41
1 11 11 23 32 32 23 44 32 33 22 23 23 22 33 44 24 23 24 11 41 22 22 22 44
1 11 14 23 32 33 23 44 22 32 33 23 23 23 33 44 24 22 22 14 11 22 23 22 41
1 13 14 22 32 32 23 44 22 32 23 22 33 22 13 41 24 22 24 14 44 22 23 22 41
1 13 44 23 32 32 23 22 22 22 33 33 22 23 33 41 24 33 24 11 11 24 23 24 41
1 13 11 22 33 32 33 42 32 32 22 23 33 22 11 41 24 22 24 11 11 22 22 22 44
1 13 14 23 32 33 23 44 32 32 23 23 23 33 13 41 24 23 22 11 41 24 23 22 41
1 13 14 22 33 32 23 44 33 32 33 23 22 23 13 41 22 22 24 14 41 22 22 44 41
1 11 11 22 33 33 22 42 33 32 23 22 23 22 11 44 22 22 24 11 44 22 23 24 44
1 11 14 22 33 32 22 44 32 32 22 22 23 23 13 44 24 23 22 11 11 22 23 22 41
1 11 11 22 33 32 23 42 32 32 33 22 23 22 33 41 22 23 24 11 44 22 22 22 41
1 13 11 22 33 33 23 42 32 22 22 23 23 23 13 41 24 23 24 14 44 22 23 24 41
1 33 14 23 22 22 23 42 32 32 23 23 23 22 13 11 22 33 24 14 41 24 23 44 44
1 13 14 22 32 33 33 44 22 32 22 22 22 22 11 44 22 22 22 11 44 24 22 22 44
1 11 11 22 33 33 22 44 33 33 22 22 22 22 11 44 22 22 24 11 44 22 22 22 44
1 11 14 22 32 32 23 44 32 32 22 23 23 22 13 41 22 23 22 11 41 22 23 24 41
1 11 14 23 32 32 23 42 32 32 22 23 33 22 11 41 24 22 22 11 41 22 23 22 41
1 13 14 22 32 33 23 42 32 32 23 23 33 33 13 44 22 23 24 11 41 22 22 22 44
1 11 11 22 32 33 22 42 32 32 22 22 33 23 11 41 22 22 22 11 44 22 22 24 44
1 11 11 22 32 33 23 42 33 32 23 22 22 22 33 41 24 23 24 11 41 22 22 24 11
1 11 11 22 32 33 23 42 32 33 22 23 22 22 11 41 22 22 24 11 44 24 23 24 41
1 11 11 22 32 33 22 44 33 32 23 22 23 22 11 44 22 22 24 11 41 22 23 22 44
1 13 44 23 32 32 33 44 32 32 33 33 23 23 33 44 22 23 24 11 44 22 23 22 41
1 11 14 22 33 32 23 44 32 32 22 22 22 22 11 44 22 22 22 11 44 24 22 24 44
1 11 11 22 32 32 22 42 22 33 22 22 22 23 11 44 22 23 22 11 41 22 23 22 44
1 11 11 22 33 33 22 44 33 33 23 22 22 22 11 44 22 23 22 11 44 24 23 22 41
1 13 11 22 33 33 33 42 32 32 22 23 23 22 11 44 22 23 22 44 44 22 22 22 41
1 11 11 22 32 33 23 44 33 32 23 23 22 22 11 44 24 22 24 11 44 22 22 22 44
1 11 11 23 33 32 23 44 33 32 23 22 22 23 13 11 22 22 22 11 44 22 23 22 44
1 11 11 23 33 33 22 44 22 33 23 22 22 22 13 44 24 22 22 14 41 22 22 24 41
1 11 11 22 32 32 23 42 32 32 33 23 22 23 13 44 24 22 22 14 44 22 23 24 44
1 13 11 22 33 22 22 22 32 33 23 23 22 23 11 41 22 22 22 14 44 22 22 22 41
1 11 11 22 22 32 23 42 22 22 23 23 33 23 33 41 24 33 24 14 41 22 23 24 11
1 13 44 22 32 33 23 44 33 32 23 23 33 22 11 41 24 22 24 14 11 22 23 24 41
1 11 11 22 33 32 22 44 32 33 22 22 23 23 11 44 24 22 22 11 41 22 22 22 41
1 11 14 22 33 22 22 44 22 32 23 23 23 22 11 44 24 23 22 11 41 22 23 24 41
1 11 11 22 33 32 23 44 33 32 22 22 23 22 11 41 22 22 22 11 44 22 22 22 44
1 13 14 22 32 33 23 44 32 33 23 22 33 22 11 44 22 22 22 11 44 24 22 22 41
1 13 14 22 33 22 23 42 22 32 23 23 22 23 11 41 22 23 24 11 41 24 22 22 44
1 11 11 22 32 33 22 44 32 33 22 22 22 22 11 44 22 22 22 11 44 24 22 22 41
1 11 14 22 33 33 22 44 33 32 23 22 22 22 11 44 22 22 22 11 44 22 22 22 44
1 13 11 22 32 32 22 44 32 32 23 22 23 22 13 41 22 23 24 11 44 22 22 24 41
1 11 11 22 32 33 22 44 33 32 22 22 23 22 13 41 22 23 22 14 44 22 22 24 44
1 11 14 23 32 32 33 44 22 33 23 23 33 33 11 41 24 23 24 11 41 24 33 24 44
1 11 14 22 33 33 23 44 22 32 22 23 33 23 13 41 22 23 22 11 41 22 23 22 44
1 11 14 22 32 32 23 44 22 32 23 23 22 23 11 41 22 23 24 14 41 22 23 24 41
1 11 14 23 32 33 23 44 32 22 23 23 33 22 13 41 22 22 24 14 44 22 23 24 44
1 11 11 22 33 33 22 44 33 33 22 22 22 22 11 44 22 22 22 11 44 22 22 22 44
1 11 11 22 33 33 22 44 33 33 23 22 22 22 11 44 22 22 22 11 44 22 22 22 44
1 11 11 22 33 33 23 44 32 32 22 22 22 23 11 41 22 23 22 14 44 22 23 22 44
1 11 11 22 33 32 22 22 32 32 23 23 33 22 13 44 22 23 22 11 44 22 23 44 44
1 11 11 22 32 22 23 42 32 33 23 23 33 33 13 41 22 23 24 14 11 22 22 22 41
1 11 11 22 33 33 33 44 33 33 23 23 22 23 13 44 22 23 22 11 44 22 22 24 44
1 11 14 23 22 33 23 42 32 32 33 23 33 33 13 41 22 23 22 11 41 22 22 24 41
1 11 14 22 32 33 22 44 33 33 23 22 23 23 13 44 22 22 22 14 41 22 23 44 41
1 11 11 22 33 33 23 42 32 33 22 22 23 23 13 44 22 22 22 11 44 22 22 24 44
1 11 14 22 32 33 23 44 32 32 23 23 23 23 13 44 22 22 22 14 44 22 22 22 44
1 11 14 22 33 32 23 42 32 33 22 23 23 22 11 44 22 22 22 11 41 22 23 22 44
1 13 14 22 33 33 22 44 32 32 23 22 33 23 13 44 22 23 22 11 41 24 23 22 41
1 11 11 23 22 33 23 42 32 32 22 22 22 22 11 44 24 23 22 14 44 24 22 22 41
1 11 11 22 33 33 22 42 33 32 23 23 23 22 11 44 22 22 22 14 44 22 22 22 44
1 11 11 22 32 33 22 42 33 33 22 23 22 22 11 44 22 22 22 11 44 24 22 22 41
1 11 14 22 33 33 23 42 32 32 23 22 23 23 13 11 24 22 44 11 41 22 23 24 44
1 11 14 22 32 33 23 44 32 32 23 23 33 23 11 41 22 22 22 11 41 22 23 24 44
1 11 14 22 33 32 23 42 32 32 23 23 23 23 33 41 24 22 24 14 41 24 23 24 41
1 13 14 23 32 32 23 42 32 22 23 33 33 23 11 44 22 23 22 14 41 22 22 24 41
1 11 11 22 33 33 23 44 32 33 22 22 23 22 11 44 22 22 22 11 44 22 22 22 44
1 11 14 23 33 33 23 44 32 33 22 23 33 22 11 41 22 33 22 11 41 22 22 24 44
1 11 11 22 33 33 22 42 32 32 23 23 23 22 13 44 22 23 22 11 41 22 22 22 44
1 11 11 22 33 33 23 44 33 33 22 22 23 22 11 44 24 22 22 11 44 22 22 22 44
1 11 14 22 33 33 22 42 33 33 22 22 22 22 13 44 22 33 22 14 44 22 22 24 44
1 11 11 22 32 32 22 42 33 33 23 22 23 22 13 41 24 22 22 11 41 22 22 24 44
1 11 11 22 33 33 22 44 33 33 22 22 22 22 11 44 22 22 22 11 44 22 22 22 44
1 13 14 23 32 32 23 42 32 32 23 23 23 23 13 41 24 23 24 14 41 22 23 22 41
1 13 14 23 32 32 23 42 32 32 33 23 23 23 13 44 22 23 22 14 41 24 22 24 41
1 11 14 22 33 32 22 44 22 33 22 23 23 33 13 44 22 23 22 11 11 24 22 22 41
1 11 11 22 33 33 22 44 33 33 23 23 22 22 11 44 22 22 22 11 44 22 22 22 44
1 11 11 22 32 33 33 42 32 32 22 22 23 22 13 44 24 22 22 11 44 22 23 24 41
1 11 14 23 32 32 23 42 22 22 33 33 33 22 11 41 24 23 22 14 11 24 22 22 41
1 11 11 22 33 33 22 44 32 33 22 22 22 22 11 44 22 22 22 11 44 22 22 22 44
1 11 11 22 33 32 23 44 32 32 22 23 33 22 11 41 24 22 24 14 41 22 22 22 11
1 11 44 23 32 33 33 22 22 33 23 23 33 23 33 11 24 23 44 11 11 22 23 44 11
1 11 14 22 33 33 22 44 33 33 23 22 22 22 11 44 22 22 22 11 44 22 22 22 44
1 11 11 22 33 32 23 22 22 32 23 22 22 23 13 44 22 23 22 44 41 22 23 24 44
1 13 14 22 33 33 22 44 32 32 22 22 23 23 11 41 24 23 22 11 41 22 22 24 41
1 11 11 22 33 32 23 42 33 33 22 22 23 22 13 44 44 22 24 11 44 24 22 22 41
1 11 14 22 32 33 22 44 33 32 23 23 23 23 13 44 24 22 22 14 44 22 22 22 44
1 13 11 22 22 32 23 44 22 22 33 23 23 22 33 41 24 33 24 44 41 24 22 44 11
1 13 11 23 33 32 23 42 32 33 22 23 23 22 13 44 24 22 24 11 41 24 23 24 44
1 11 14 22 32 33 23 42 32 32 23 23 23 23 13 44 22 22 22 11 11 22 22 22 11
1 11 11 22 33 33 22 44 33 33 23 22 23 22 13 44 22 22 24 11 44 24 22 22 44
1 11 11 22 33 33 23 44 22 33 22 23 22 22 13 44 22 22 22 11 41 22 22 22 44
1 13 11 22 33 32 22 42 33 33 22 22 23 23 11 44 22 22 22 11 44 22 23 22 44
1 11 14 22 32 33 23 42 32 33 22 22 22 22 11 44 22 22 22 11 44 22 22 22 41
1 13 14 22 32 32 23 42 33 33 23 23 22 23 11 41 22 23 22 44 44 22 22 24 44
1 11 11 22 33 33 23 44 33 33 22 22 22 22 11 44 22 22 24 11 44 22 22 22 44
1 13 11 22 22 32 23 44 33 22 23 22 22 23 13 41 24 22 24 14 41 24 23 22 41
1 11 11 22 33 33 22 44 33 32 22 22 22 22 13 41 22 23 22 11 44 22 22 22 44
1 11 11 22 33 33 22 42 33 33 23 22 22 23 11 44 22 22 22 11 44 22 22 22 41
1 11 14 22 32 33 23 42 32 22 22 23 22 22 11 41 22 23 22 14 44 22 22 24 44
1 13 11 22 33 32 22 42 22 32 33 22 22 22 13 41 22 23 22 11 41 22 22 24 11
1 11 14 23 22 32 33 44 32 22 33 22 23 22 11 44 22 23 24 11 11 22 23 22 11
1 11 44 22 33 32 33 42 32 22 33 22 33 23 33 44 22 22 24 14 41 22 23 24 11
1 11 14 22 33 33 23 42 33 32 23 23 23 22 13 41 24 23 22 14 41 22 22 24 41
1 11 11 23 33 33 22 44 32 33 22 23 23 22 11 41 22 23 24 14 41 22 23 22 41
1 11 11 22 33 33 22 44 33 33 22 23 22 22 11 44 22 22 22 11 44 22 22 22 44
1 11 11 22 32 33 23 42 33 32 23 23 33 22 13 44 24 23 22 11 41 22 23 24 44
1 11 14 22 32 32 23 42 33 32 22 22 22 23 11 41 24 23 24 14 11 22 22 22 11
1 13 14 23 32 32 23 44 32 32 33 23 23 23 33 41 24 23 24 14 11 44 22 24 11
1 33 14 33 22 32 33 44 32 32 22 33 33 23 13 41 24 22 24 14 11 24 33 22 11
1 11 11 22 32 22 33 44 33 32 22 22 33 22 11 41 22 22 24 11 41 22 22 22 44
1 13 44 22 32 33 33 42 22 32 22 23 33 22 11 41 22 23 24 11 11 24 23 44 41
1 11 11 22 32 33 23 42 33 33 23 23 23 23 13 44 22 23 24 11 41 24 23 22 11
1 11 11 22 32 32 22 42 32 32 22 23 23 23 11 41 22 22 22 14 11 22 22 22 41
1 13 11 23 32 32 33 22 32 32 23 33 23 23 33 41 24 23 24 14 41 24 23 24 41
1 13 14 23 22 22 33 22 32 32 33 23 33 23 33 41 24 33 24 14 41 44 33 24 41
1 11 14 22 32 33 23 42 32 33 23 22 23 22 13 44 22 22 22 11 44 24 22 24 44
1 11 11 22 32 33 33 44 33 32 23 22 22 22 11 41 22 23 22 11 44 24 23 22 44
1 13 14 22 32 32 23 44 32 32 33 22 23 23 13 44 22 23 22 44 11 22 22 24 41
1 11 14 22 33 33 22 44 32 33 22 22 22 23 11 44 22 22 22 11 44 22 22 24 44
1 11 11 33 32 22 23 42 22 32 33 23 33 22 13 41 24 33 44 14 11 24 22 24 41
1 11 11 22 32 32 22 42 32 32 22 23 22 23 13 41 22 22 24 11 44 22 22 22 44
1 11 11 23 32 33 22 42 33 32 22 23 22 22 13 44 24 22 22 11 41 22 22 22 41
1 11 11 22 33 33 22 44 33 33 22 22 22 22 11 44 22 22 22 11 44 22 22 22 41
1 11 11 22 33 33 22 42 22 33 23 23 22 22 11 44 22 22 22 11 44 24 22 22 44
1 13 14 22 22 33 22 42 22 32 23 23 33 23 13 44 24 23 24 11 41 22 23 22 11
1 11 11 22 33 32 23 44 32 32 22 23 23 23 11 44 24 22 24 14 11 24 23 24 41
1 11 11 22 33 32 23 42 32 32 22 22 22 22 11 44 22 22 22 11 41 22 22 24 44
1 13 14 23 33 32 22 42 32 33 23 23 23 23 11 41 24 22 24 44 41 22 23 22 41
1 13 11 22 33 32 23 44 32 32 23 22 22 23 13 41 24 23 22 11 44 22 23 22 41
1 13 11 22 32 33 23 42 32 32 23 22 23 23 11 41 22 22 22 11 41 22 23 22 44
1 11 11 22 33 33 22 42 32 32 23 23 23 22 11 41 22 22 22 14 44 22 23 22 44
1 13 14 23 33 22 23 42 33 32 23 23 23 23 33 41 24 22 22 14 44 24 33 24 41
1 11 11 23 33 33 22 44 33 33 22 22 22 22 11 44 22 22 22 11 44 22 22 22 44
1 13 11 22 32 33 23 42 33 32 23 22 23 22 11 44 22 22 22 14 41 22 22 22 44
1 11 14 22 33 33 23 44 32 33 22 22 22 22 11 44 22 23 22 11 44 22 22 22 44
1 11 11 23 33 33 22 44 32 33 22 33 22 22 11 44 24 22 24 11 41 22 23 22 44
1 11 14 22 32 32 23 44 33 22 23 23 33 22 13 41 22 22 24 14 41 22 23 22 44
1 11 11 23 33 32 22 42 32 32 23 23 23 22 11 44 22 22 22 11 44 22 23 22 41
1 13 11 22 32 33 22 44 32 32 22 22 23 22 11 41 22 22 24 11 41 24 23 22 44
1 11 11 22 33 32 23 42 22 32 22 22 23 22 13 44 44 23 22 11 44 22 22 24 44
1 11 11 22 33 32 23 42 22 33 22 23 33 33 13 44 22 22 22 14 41 22 23 22 44
1 11 11 22 33 32 22 42 32 32 23 23 23 22 11 44 22 22 22 11 44 22 22 22 44
1 11 44 23 33 33 23 44 32 32 22 23 23 22 13 44 24 22 22 11 44 22 22 24 44
1 11 14 22 32 32 23 42 22 32 33 23 22 22 11 41 22 23 24 14 44 22 22 24 41
1 11 11 22 33 33 23 44 32 33 22 22 23 22 13 44 22 22 22 11 44 22 22 22 44
1 11 11 22 33 33 22 44 33 32 22 22 22 22 11 44 22 22 22 11 44 22 22 24 44
1 13 14 23 33 32 22 44 22 32 23 33 33 23 33 11 22 22 22 44 11 44 23 44 41
1 11 11 22 33 33 22 44 33 33 22 23 22 22 11 44 22 23 22 11 41 22 22 22 44
1 11 11 22 33 33 22 42 33 33 23 23 23 22 11 44 22 22 22 11 41 24 22 22 41
1 11 11 22 33 33 23 44 33 32 22 22 33 23 13 44 22 22 22 14 44 22 22 22 44
1 11 44 22 32 32 23 42 32 32 33 23 33 22 11 41 22 33 22 44 41 24 23 22 41
1 11 11 22 33 33 22 44 33 33 23 23 23 22 11 41 22 22 24 11 44 22 22 22 41
1 13 11 22 33 33 23 42 33 33 23 22 23 22 11 44 24 22 24 14 44 22 22 22 41
1 11 11 22 33 32 23 44 33 33 22 22 22 22 11 41 24 23 22 14 44 22 23 24 41
1 11 11 22 33 33 22 44 33 32 22 23 23 22 11 44 22 22 24 11 44 22 22 22 44
1 11 11 22 32 33 22 44 32 32 22 22 22 22 11 44 22 22 22 14 41 24 22 24 41
1 13 14 22 32 32 23 42 32 32 22 23 22 22 13 44 24 33 24 14 41 24 23 24 41
1 13 14 23 32 32 33 44 22 32 33 33 33 23 33 41 24 23 24 14 41 24 23 44 41
1 11 14 22 32 32 23 44 32 32 23 23 23 23 11 44 22 23 24 14 41 22 23 24 41
1 11 11 22 33 32 23 44 32 33 23 23 22 23 13 41 24 23 22 11 41 24 23 22 11
1 11 11 23 32 33 22 44 22 32 23 23 22 23 33 41 22 22 22 11 41 22 23 22 41
1 13 14 23 32 32 22 44 32 32 23 23 33 22 13 41 44 22 22 11 41 22 23 24 41
1 13 44 23 32 22 33 42 22 22 33 33 33 23 33 41 22 23 44 14 11 24 23 44 11
1 11 14 23 22 33 23 44 32 22 33 22 33 22 13 41 24 23 24 14 41 22 23 24 41
1 11 11 22 33 33 22 44 32 33 23 22 23 22 13 44 22 22 22 14 44 22 22 24 11
1 13 11 22 33 32 33 44 32 32 23 22 23 22 11 44 24 23 24 11 41 22 23 24 44
1 13 11 22 32 32 23 44 22 22 23 33 23 23 13 44 22 23 22 11 41 22 23 22 41
1 33 11 33 33 22 22 42 22 32 33 23 23 33 11 11 22 22 24 44 41 24 23 24 41
1 11 11 22 33 33 23 42 22 32 23 22 23 22 11 41 22 22 22 11 41 22 22 22 41
1 33 14 23 32 32 33 42 33 22 33 23 33 23 13 11 24 33 24 14 11 44 33 24 11
1 13 14 22 33 33 23 44 32 32 23 23 22 23 11 41 22 22 22 14 41 22 22 24 44
1 13 14 23 32 32 23 42 22 32 23 23 33 23 13 44 24 23 24 11 41 24 23 24 41
1 13 14 23 32 32 22 42 33 32 23 22 23 23 13 44 22 33 22 11 44 22 22 24 44
1 11 11 22 33 33 33 42 22 22 23 23 33 22 13 41 22 23 22 11 11 22 23 24 41
1 33 14 22 32 32 23 42 32 32 33 23 23 33 33 11 44 33 24 11 41 24 22 24 41
1 11 44 23 22 22 22 42 32 22 33 22 23 33 13 41 44 33 24 11 11 44 23 24 11
1 13 11 22 32 32 23 44 33 32 22 23 23 22 11 44 22 33 24 11 41 22 23 24 44
1 11 14 23 22 33 22 42 32 33 23 33 23 22 13 41 24 23 22 11 44 22 22 22 44
1 13 14 23 32 32 23 42 32 22 23 22 23 23 13 41 44 22 24 14 41 24 23 24 11
1 11 11 22 33 33 23 44 32 33 23 22 23 23 13 44 22 23 24 11 44 22 22 24 41
1 13 14 22 32 22 23 42 32 33 23 23 23 22 33 44 22 23 24 14 44 22 23 22 41
1 13 14 22 32 33 23 44 33 32 23 23 23 22 13 41 24 23 24 14 41 22 23 22 41
1 13 11 33 32 22 23 42 32 32 23 33 23 23 11 11 24 33 22 14 11 24 23 44 41
1 11 14 22 22 32 22 44 32 33 22 22 33 22 13 41 22 22 22 14 41 22 23 24 44
1 11 11 22 33 32 23 44 22 33 23 22 22 23 11 44 22 22 22 11 41 22 22 24 44
1 11 11 22 32 32 22 44 32 33 33 23 23 23 11 41 24 23 24 11 44 22 22 24 11
1 11 11 23 33 32 23 42 32 33 22 22 22 23 13 44 22 22 24 11 41 22 33 22 44
1 13 11 22 32 32 23 42 32 33 23 23 23 23 13 41 24 23 24 14 44 22 23 22 41
1 13 14 23 22 33 22 42 33 33 23 23 33 23 11 41 22 22 22 11 41 22 23 44 44
1 11 44 23 22 22 23 22 22 32 33 23 23 33 33 41 24 23 24 11 11 22 33 24 11
1 11 11 23 33 33 33 42 32 32 23 23 33 23 13 44 24 23 24 14 41 24 22 24 41
1 11 11 22 32 32 23 42 32 33 23 22 23 22 33 41 22 22 22 14 44 22 23 22 44
1 11 14 22 33 32 33 44 33 22 23 22 33 22 11 44 22 23 22 11 41 24 22 24 41
1 13 14 22 32 32 33 42 22 22 22 23 22 22 11 44 24 22 22 11 44 24 22 22 41
1 11 14 22 33 33 23 42 32 22 22 23 23 22 11 41 22 23 24 11 41 22 22 24 41
1 13 14 22 32 32 22 42 33 33 23 23 23 22 13 44 22 23 24 11 41 22 23 24 41
1 11 14 22 32 33 23 42 33 32 22 23 33 23 13 44 24 23 24 14 41 24 23 24 41
1 11 11 22 33 33 22 42 33 33 22 22 22 22 11 44 22 22 22 14 44 22 22 22 44
1 11 14 22 33 33 22 44 32 32 23 22 23 23 13 11 22 23 24 14 11 22 23 22 41
1 13 14 22 33 33 23 42 32 33 23 33 33 23 13 44 22 23 24 11 11 22 22 22 41
1 13 14 22 33 32 22 44 33 32 22 22 23 23 11 44 24 22 24 11 44 22 23 24 41
1 11 11 22 33 32 23 44 32 32 33 23 33 23 13 44 22 23 22 14 41 22 22 22 41
1 11 11 22 33 33 22 44 33 33 22 22 23 22 11 44 24 23 22 14 44 22 23 22 41
1 11 14 22 33 32 22 44 32 32 23 22 22 23 13 41 24 22 22 11 41 24 23 24 44
1 11 11 22 33 33 23 42 32 33 23 22 33 22 13 44 22 22 22 11 44 22 23 22 44
1 11 44 22 22 32 23 22 32 33 22 33 33 33 11 44 44 33 24 14 41 22 22 24 41
1 13 11 22 33 33 22 42 22 32 23 22 23 22 11 41 22 22 22 14 41 22 22 22 11
1 11 11 22 33 33 22 44 32 33 23 33 23 22 13 44 22 23 22 11 11 22 23 22 11
1 11 11 22 33 33 22 44 33 32 22 22 22 22 11 44 22 22 22 11 44 22 22 22 44
1 11 11 22 33 32 23 42 33 33 22 22 22 22 11 44 22 22 22 11 41 22 22 22 44
1 11 14 22 32 32 23 42 32 32 33 23 23 23 13 41 24 23 24 14 41 24 23 44 41
1 11 11 22 32 33 22 44 32 33 23 23 23 22 13 41 22 22 24 14 41 22 23 22 41
1 11 11 22 33 33 22 44 22 32 22 22 22 22 11 41 22 23 24 11 44 22 22 22 44
1 11 14 22 32 33 23 42 32 33 22 23 23 22 11 44 22 22 24 11 44 22 22 24 44
1 13 11 22 32 32 23 44 33 32 33 22 22 22 11 11 22 23 24 11 41 22 22 24 44
1 11 14 22 33 32 23 44 32 33 22 22 22 23 13 41 22 22 22 11 44 22 22 22 41
1 11 14 22 22 32 23 22 32 33 23 22 23 23 13 44 22 33 24 11 41 22 22 24 11
1 13 14 23 33 33 23 44 32 32 23 22 23 22 13 41 24 22 24 11 41 22 23 24 44
1 11 11 22 33 32 23 42 32 32 23 23 22 23 13 44 22 23 22 14 41 22 23 24 41
1 13 11 22 32 33 22 44 33 32 22 23 23 22 13 41 22 22 24 11 44 22 22 22 44
1 11 14 22 32 33 22 42 32 33 22 23 23 22 11 44 22 22 24 11 44 22 22 22 44
1 11 14 22 32 22 33 42 32 32 23 23 23 23 13 41 44 23 24 14 41 24 23 22 41
1 11 11 22 33 33 22 44 33 33 22 22 22 22 11 44 22 22 22 11 44 22 22 22 41
1 11 11 22 32 32 23 42 32 32 33 23 23 23 33 41 24 23 24 14 41 44 23 24 41
1 33 11 23 32 32 33 44 32 32 23 22 23 23 13 41 24 23 22 11 41 24 23 24 41
1 11 11 22 33 33 22 44 33 32 22 22 22 22 11 44 22 22 22 11 44 22 22 22 44
1 13 11 22 33 33 23 44 33 22 22 23 33 22 13 44 22 22 22 11 41 22 22 22 44
1 11 11 22 32 33 22 44 33 33 22 23 23 22 11 44 22 22 22 11 44 22 22 22 44
1 13 11 22 33 33 23 44 33 33 22 23 22 22 11 41 22 22 24 11 44 22 22 22 41
1 11 11 22 32 33 22 42 22 33 22 22 23 22 11 44 22 22 22 14 44 22 23 22 41
1 11 14 23 33 33 23 22 32 32 23 33 23 22 13 41 22 22 22 11 44 22 22 22 41
1 11 11 22 33 33 22 44 32 33 23 22 22 22 11 44 22 22 22 11 44 22 22 22 44
1 11 14 22 32 22 23 42 32 32 23 22 22 23 13 41 24 23 22 11 11 24 23 24 41
1 11 11 22 33 33 23 44 32 33 22 23 22 22 11 44 22 22 24 11 44 22 22 24 41
1 13 14 22 32 32 22 44 32 22 23 23 33 22 13 11 22 22 24 14 44 22 22 24 41
1 11 44 22 33 33 23 44 32 32 23 23 22 23 13 41 24 23 22 14 41 22 22 22 41
1 11 11 22 32 33 23 42 32 32 22 23 23 22 13 44 24 22 24 14 11 24 22 22 44
1 11 11 33 32 32 22 42 22 32 22 22 23 22 11 41 22 22 22 11 44 22 33 24 41
1 13 44 22 32 33 23 42 32 32 22 22 33 23 13 41 24 23 22 14 41 22 22 24 44
1 13 14 22 33 33 23 44 33 32 33 23 22 23 13 11 22 23 22 11 11 22 33 44 41
1 13 14 23 33 32 23 42 32 32 23 33 23 22 33 41 44 33 24 14 11 24 23 22 11
1 11 11 23 32 32 33 42 32 33 22 23 33 23 13 44 44 22 24 11 41 22 22 24 11
1 11 14 22 32 32 23 42 33 33 23 23 22 23 13 44 22 23 22 11 44 24 23 24 44
1 11 11 22 33 32 22 44 33 32 23 22 22 22 11 44 22 22 22 11 44 22 22 22 44
1 13 11 22 33 22 23 42 32 32 23 23 33 33 13 44 24 23 24 14 11 22 33 44 41
1 13 14 23 32 32 23 42 32 32 23 23 23 23 13 41 22 22 22 14 44 22 23 24 44
1 11 11 22 33 33 22 44 33 33 22 22 23 22 13 44 22 22 22 11 41 22 22 22 44
1 13 11 22 32 32 33 42 32 33 23 23 33 33 13 11 22 33 44 14 41 24 23 24 11
1 11 11 22 33 33 22 44 32 33 22 22 22 22 11 44 24 22 22 11 44 22 22 22 44
1 11 14 23 32 33 23 44 22 33 23 22 22 23 13 44 22 23 22 11 41 22 22 24 44
1 11 11 22 32 33 22 44 32 32 22 22 22 22 13 41 24 22 22 11 41 22 22 22 44
1 13 11 23 33 33 23 44 33 32 23 23 23 22 13 44 22 23 24 11 44 22 22 22 44
1 11 14 23 32 32 23 42 32 22 22 23 23 23 33 41 22 23 24 14 41 22 23 24 41
1 11 14 22 33 33 22 44 32 32 22 22 22 22 11 41 22 22 22 14 44 22 22 22 41
1 11 11 22 33 33 22 44 32 33 22 22 23 22 11 44 22 22 22 11 41 22 22 22 44
1 11 14 22 32 33 22 22 32 33 23 23 23 23 11 44 22 22 22 11 41 22 23 22 44
1 11 11 22 33 33 22 42 22 32 23 22 33 22 11 44 24 22 24 11 44 22 22 22 44
1 11 11 22 33 32 22 44 32 32 22 33 23 22 33 41 22 22 22 11 44 22 22 24 44
1 11 14 22 33 33 22 44 33 33 33 22 23 23 11 44 22 22 24 11 11 22 22 44 11
1 11 11 22 33 33 22 44 33 33 22 22 22 22 11 44 22 22 22 11 41 22 22 22 41
1 11 14 22 22 22 33 22 33 32 33 33 33 33 33 44 44 23 24 14 11 24 22 22 41
1 11 11 22 33 33 22 42 33 33 22 22 22 22 11 44 22 22 22 11 44 22 22 22 44
1 11 11 23 33 32 22 42 32 33 22 22 22 22 11 44 22 22 22 14 44 22 23 22 44
1 11 14 23 32 22 33 44 33 33 23 23 33 22 11 41 24 22 24 14 44 22 23 24 41
1 11 11 22 33 33 22 42 33 33 22 23 22 22 11 44 22 22 22 11 41 22 22 22 44
1 13 14 22 32 32 23 42 32 32 23 23 23 22 13 41 24 23 24 14 41 24 23 24 41
1 11 14 33 32 32 23 42 33 33 23 22 33 33 33 41 24 22 44 11 41 24 23 24 41
1 11 11 22 33 33 23 44 33 32 22 22 22 23 11 41 24 22 22 11 41 22 23 24 44
1 11 11 22 33 33 22 44 32 33 23 23 22 23 11 44 22 22 22 11 41 22 22 22 44
1 33 44 33 32 22 33 22 22 33 33 23 33 23 33 41 24 23 44 14 11 44 33 44 11
1 13 11 23 32 33 22 44 32 33 23 22 23 22 13 11 24 22 22 14 44 22 22 22 44
1 13 14 23 22 32 23 22 33 32 23 33 23 22 11 41 24 22 24 14 41 24 22 22 41
1 11 11 22 33 33 23 44 32 32 22 22 33 22 33 41 22 22 22 11 41 22 22 22 41
1 13 14 23 32 33 33 22 32 22 22 33 33 23 13 41 24 23 44 14 41 24 33 24 41
1 11 11 22 32 32 23 44 33 33 23 33 23 22 11 41 24 22 22 14 11 22 23 24 44
1 11 11 23 33 33 23 42 32 22 22 23 23 22 13 41 24 22 24 14 41 22 23 24 11
1 11 14 22 32 33 22 44 32 33 22 22 23 23 13 44 22 22 24 14 44 22 22 22 41
1 13 11 22 33 32 33 44 33 33 22 23 23 22 13 44 22 33 24 14 41 24 22 22 44
1 11 44 22 32 32 33 22 32 32 23 22 23 23 11 41 22 23 24 11 44 22 23 24 41
1 11 14 22 33 22 22 42 22 33 22 22 22 23 11 44 24 23 24 11 11 22 23 24 44
1 11 14 23 33 22 23 44 22 22 33 22 33 22 13 41 24 33 22 11 41 24 23 44 41
1 11 11 22 32 33 22 42 32 33 22 23 23 23 13 41 24 22 22 11 41 22 22 24 44
1 11 14 23 32 22 33 44 33 33 23 23 33 23 11 44 24 23 24 14 44 44 23 24 11
1 13 14 23 32 33 33 44 32 22 33 23 33 22 33 11 22 23 24 44 41 22 22 24 41
1 11 11 22 33 33 23 44 32 32 23 22 23 22 13 44 22 22 22 11 44 22 22 22 41
1 13 11 22 32 33 22 42 33 33 22 23 22 23 13 44 22 22 22 11 44 22 22 22 44
1 11 44 23 22 22 33 42 22 22 23 23 22 23 13 44 22 22 44 44 11 24 33 44 11
1 11 11 23 33 32 23 44 32 32 23 23 23 23 11 41 24 23 24 14 44 24 23 24 41
1 11 11 22 33 33 23 44 32 33 22 23 22 23 11 41 22 22 22 11 44 22 23 22 44
1 11 11 22 33 33 23 44 33 33 23 22 23 22 13 44 22 22 22 11 41 22 22 22 44
1 13 14 23 32 32 22 44 22 22 23 33 33 23 33 41 22 23 44 44 41 22 23 24 41
1 11 11 22 33 32 23 42 32 33 23 23 23 23 11 41 22 23 22 14 44 22 22 24 41
1 11 11 23 33 33 23 44 33 32 22 23 23 22 11 41 24 23 22 14 41 22 22 24 44
1 11 11 22 32 33 22 44 33 32 23 22 23 22 11 44 22 22 24 14 44 22 22 22 44
1 13 14 22 22 33 23 22 32 22 23 33 33 23 13 11 22 22 24 11 44 22 23 22 44
1 13 14 23 33 32 23 42 32 33 23 23 22 22 11 44 22 22 22 11 44 22 23 24 41
1 11 11 22 32 22 23 42 32 32 22 22 23 22 11 44 24 23 24 14 41 24 23 24 41
1 13 11 22 32 32 22 42 33 32 22 23 23 23 13 44 44 23 24 11 41 24 22 22 41
1 11 11 22 33 33 23 42 33 32 33 23 33 22 13 41 22 23 22 11 41 22 23 24 11
1 13 14 23 32 32 33 44 32 32 33 23 23 23 13 41 22 22 24 14 44 24 23 44 41
1 11 11 22 33 32 22 44 22 32 23 23 23 22 11 44 24 22 22 14 44 22 23 24 41
1 13 11 22 33 33 23 44 33 33 22 22 22 22 11 41 22 22 22 11 44 22 22 22 41
1 11 11 22 33 33 22 42 32 33 23 23 23 22 11 44 22 22 22 11 44 22 22 22 41
1 11 14 22 32 33 22 44 32 32 23 23 33 33 13 44 24 23 24 14 11 22 22 24 41
1 11 11 22 33 33 22 42 32 32 22 22 23 22 11 44 24 22 24 11 44 22 22 22 41
1 13 11 22 32 33 22 42 33 32 22 22 33 22 11 41 22 22 24 14 44 22 22 22 44
1 11 14 22 33 33 22 42 22 32 33 23 23 23 33 44 24 22 24 14 41 24 23 24 41
1 11 11 22 33 33 22 44 33 33 22 22 22 22 11 44 22 22 22 11 44 22 22 22 44
1 11 14 22 33 32 23 44 32 33 23 22 23 23 11 41 22 22 22 11 44 22 22 24 44
1 13 11 22 33 32 23 42 22 33 22 23 33 23 13 41 24 22 22 11 41 22 22 44 41
1 11 14 22 33 33 22 44 33 32 22 22 23 22 11 44 22 22 22 11 44 22 23 24 41
1 13 44 22 32 32 33 22 22 32 33 23 33 23 13 41 22 23 24 44 41 24 22 44 11
1 11 11 22 33 33 22 44 33 32 22 22 23 22 11 44 22 22 24 11 44 22 23 24 44
1 11 14 22 33 33 23 44 32 33 33 22 22 22 11 44 22 23 22 11 41 22 23 22 44
1 13 14 22 33 33 33 42 32 33 22 22 33 23 11 41 24 22 22 14 41 24 22 24 44
1 11 11 23 32 32 22 44 32 33 23 33 33 22 13 41 22 33 22 11 11 22 23 22 11
1 11 11 22 33 33 22 44 33 32 22 22 23 22 11 41 22 22 22 11 44 22 22 22 44
1 11 14 22 32 33 22 44 33 32 23 23 33 23 11 44 22 22 22 14 11 22 23 24 41
1 11 14 23 33 22 23 44 33 32 33 22 23 22 13 41 22 22 24 11 41 24 22 22 41
1 13 14 22 32 33 22 44 33 33 23 22 22 22 11 41 22 23 22 11 44 24 22 24 44
1 13 14 23 32 22 33 44 32 32 23 23 23 33 13 44 24 23 22 11 41 22 23 44 41
1 11 11 22 22 32 33 22 22 22 33 23 33 22 13 41 24 23 22 14 11 22 22 44 41
1 11 14 22 33 33 23 44 33 32 23 22 22 22 11 44 22 22 22 14 41 24 22 22 41
1 11 11 22 32 33 33 44 22 32 22 23 33 22 11 44 22 22 24 11 44 24 22 22 41
1 11 11 22 33 33 23 44 33 32 22 23 23 22 11 44 22 22 24 11 44 22 22 22 41
1 11 14 22 33 33 23 44 33 32 23 23 22 22 11 44 24 22 22 11 41 22 22 22 44
1 13 11 22 33 32 33 42 32 32 23 23 33 23 33 44 44 22 22 14 41 22 33 44 11
1 11 11 22 33 33 23 42 33 32 23 22 23 23 13 44 24 23 22 14 44 22 22 22 44
1 11 11 23 32 33 22 42 32 32 23 23 23 23 13 44 22 23 44 11 44 24 23 22 11
1 11 11 22 33 33 22 44 32 32 23 23 33 22 11 44 22 23 22 11 44 22 22 24 44
1 11 11 22 33 33 22 42 33 22 22 23 33 22 33 44 22 23 24 11 41 24 22 22 11
1 11 11 22 33 33 22 44 33 33 23 22 23 22 11 44 22 22 22 14 44 22 22 24 44
1 11 11 22 33 33 22 42 33 33 23 22 22 22 11 44 24 23 22 11 44 22 22 22 44
1 13 14 22 33 33 23 44 32 32 23 22 33 23 33 41 22 23 24 14 11 24 22 22 44
1 13 14 22 32 32 23 44 32 32 23 23 23 23 11 41 24 22 24 11 41 22 23 24 41
1 11 11 22 33 33 22 44 33 32 22 23 22 22 11 44 22 23 22 14 41 22 22 22 44
1 13 11 22 33 32 22 42 32 22 23 22 23 22 11 44 24 22 22 11 44 24 22 44 44
1 11 14 23 32 32 23 42 32 32 23 23 23 23 11 44 22 22 22 14 41 22 22 24 41
1 13 14 22 33 33 33 22 22 32 33 23 33 23 33 41 24 23 44 14 41 22 33 24 41
1 11 14 23 32 33 22 42 32 32 22 22 23 22 11 44 22 23 22 11 44 22 22 24 41
1 11 11 22 33 32 22 44 33 33 23 22 23 22 13 44 24 22 22 11 44 22 22 22 44
1 11 11 22 33 33 22 44 33 33 22 22 22 22 11 44 22 22 24 14 44 22 22 22 44
1 11 14 22 33 32 22 42 32 32 23 23 23 22 11 41 22 23 24 14 11 24 23 24 41
1 11 11 22 33 33 22 44 32 33 22 22 33 22 11 44 22 23 24 11 44 22 22 22 44
1 11 11 22 33 33 22 42 32 33 22 22 22 22 13 44 22 22 24 11 44 22 22 22 41
1 13 14 22 33 32 23 42 32 22 23 23 23 23 11 41 22 22 22 14 41 22 22 22 41
1 11 11 22 32 33 23 42 33 33 23 23 23 22 11 44 22 22 22 11 44 22 22 22 44
1 11 11 22 32 33 22 22 33 33 22 23 23 23 11 44 24 23 24 11 41 22 23 22 41
1 11 11 23 32 33 23 42 32 33 22 23 22 22 11 41 22 22 24 11 44 22 22 22 44
1 11 11 22 33 32 22 42 32 32 22 33 33 23 13 44 22 22 22 11 11 22 22 22 44
1 11 11 23 33 33 23 42 32 33 33 23 33 22 13 41 22 22 24 11 11 24 22 24 11
1 11 11 22 32 33 22 44 33 32 22 23 23 22 11 44 22 22 22 14 44 22 22 24 44
1 11 14 22 33 33 23 44 22 22 22 22 23 22 11 41 22 22 22 11 44 22 22 22 41
1 11 14 22 33 33 33 44 33 32 22 23 22 22 13 41 24 23 22 11 11 22 22 22 44
1 13 14 23 22 32 33 42 22 32 23 23 33 23 33 41 24 33 24 14 41 24 23 44 41
1 11 11 22 33 33 22 44 32 33 22 22 22 22 11 41 22 22 22 14 41 22 22 24 41
1 11 14 22 32 32 23 44 33 22 23 22 23 23 11 41 24 33 22 44 11 22 22 22 11
1 11 11 22 33 33 23 42 33 32 22 22 23 22 13 41 24 22 24 14 41 22 22 22 41
1 11 11 22 33 33 33 44 33 33 22 22 22 22 11 44 22 22 22 11 44 22 22 22 44
1 13 11 22 33 32 22 44 33 32 23 22 23 22 13 44 24 22 22 11 44 22 22 24 41
1 11 14 22 33 33 22 44 32 33 22 22 33 22 13 41 22 22 22 11 11 24 22 22 41
1 13 11 22 22 33 33 42 22 32 22 23 33 33 13 41 22 23 24 14 44 22 23 22 11
1 13 44 23 22 22 33 44 32 22 33 33 33 33 33 11 24 33 22 14 11 24 33 22 11
1 11 11 22 33 32 33 44 22 33 22 22 33 22 11 41 24 23 22 11 41 22 22 22 44
1 13 44 23 22 32 23 22 22 32 23 23 33 23 33 41 24 23 22 14 41 22 23 24 11
1 11 11 22 32 32 22 42 32 32 22 22 22 22 13 44 24 33 22 14 41 24 22 22 41
1 11 11 22 32 33 22 44 32 22 22 23 23 22 13 44 22 22 24 11 41 22 23 44 44
