 rs4141983 rs1847235 rs16830757 rs16830759 rs7552919 rs4920642 rs560514 rs480231 rs634208 rs473648 rs694214 rs2296035 rs523919 rs485291 rs478698 rs648305 rs12097284 rs685987 rs11203472 rs495347
0 23 14 32 11 33 33 33 23 33 44 33 33 23 44 41 32 33 33 44 11
0 22 11 32 14 33 22 32 23 11 41 33 33 22 44 41 33 33 33 44 11
0 33 11 32 11 33 23 22 23 33 11 33 33 22 44 41 33 33 33 41 11
0 22 11 33 14 33 23 33 22 33 44 33 31 23 44 44 33 33 33 41 14
0 23 14 32 14 32 23 32 23 31 44 31 31 23 41 41 32 32 33 41 11
0 23 11 33 14 32 23 33 22 11 41 31 31 23 44 41 33 22 33 44 11
0 22 11 32 11 32 23 33 22 31 44 33 33 33 41 44 33 33 33 44 11
0 23 11 32 14 33 33 32 33 33 44 31 11 22 41 41 33 33 31 41 11
0 22 11 32 14 32 22 32 23 31 41 11 31 22 41 44 33 22 33 44 11
0 23 14 33 14 32 23 33 23 11 44 33 31 22 44 41 32 33 33 41 11
0 22 11 33 11 33 23 22 23 33 44 33 31 23 44 44 32 22 31 41 14
0 23 14 32 11 33 33 32 33 31 44 33 33 23 41 41 33 22 33 41 11
0 22 11 33 11 22 22 32 23 31 11 33 31 23 44 41 33 33 33 41 11
0 22 14 32 14 33 33 32 23 31 44 33 33 23 44 44 32 33 31 41 11
0 22 11 33 11 32 22 33 23 33 44 33 33 23 44 41 32 33 31 41 11
0 22 11 33 11 32 22 22 33 31 41 33 33 23 41 41 33 33 33 41 14
0 23 14 33 14 22 23 32 23 33 44 33 33 22 44 41 33 33 33 44 11
0 23 11 32 14 33 22 32 22 33 44 31 33 22 44 11 33 33 33 11 14
0 22 14 33 14 33 33 32 33 11 44 31 31 23 44 41 33 32 31 41 11
0 22 11 32 14 33 23 32 23 31 41 33 33 23 41 44 33 32 33 41 11
0 22 11 33 11 33 22 33 22 31 44 33 31 22 44 44 33 33 33 41 11
0 22 14 33 14 32 22 32 23 11 41 33 31 22 44 44 33 33 11 41 11
0 33 14 33 44 33 33 32 23 31 41 31 11 23 44 41 33 33 31 11 11
0 22 14 33 11 33 23 33 22 33 41 31 31 23 44 44 33 33 33 41 11
0 22 14 32 11 32 33 33 23 31 41 11 31 23 44 41 32 33 33 41 14
0 22 11 32 11 32 23 32 33 31 44 33 33 22 44 41 33 33 31 41 14
0 33 14 33 14 32 23 32 23 33 41 33 11 23 41 41 33 22 33 11 11
0 22 14 32 44 32 33 22 33 31 44 33 33 33 44 44 32 32 11 41 14
0 22 14 33 11 32 33 33 22 33 41 33 31 33 44 44 33 33 33 41 11
0 22 11 33 11 33 23 32 22 31 41 31 11 22 44 44 33 33 33 44 11
0 22 11 33 11 33 23 32 23 33 44 33 33 23 44 41 33 32 31 44 11
0 22 11 33 44 32 23 32 23 33 41 33 31 23 41 41 33 32 33 41 11
0 23 14 33 11 22 22 32 23 31 41 33 11 22 44 44 33 32 33 44 11
0 22 14 33 44 33 22 32 23 33 44 33 31 22 44 44 32 33 33 44 14
0 22 11 33 11 33 22 33 22 33 41 33 33 23 44 41 33 33 33 44 11
0 23 44 33 11 33 23 33 23 31 41 31 33 22 44 41 33 33 33 41 11
0 22 11 33 14 32 23 32 23 11 41 33 31 22 41 11 33 33 33 44 11
0 23 14 32 11 32 23 33 23 31 41 33 33 22 44 44 33 32 33 44 11
0 23 11 32 14 32 23 32 33 33 44 33 31 23 41 41 33 32 31 41 11
0 23 11 33 11 33 23 33 23 33 44 33 33 22 41 41 32 33 31 44 11
0 22 14 32 14 33 23 32 23 33 41 31 31 23 41 41 32 32 31 41 14
0 22 14 33 11 32 23 33 23 33 41 33 31 22 44 41 33 33 33 44 11
0 22 11 33 14 33 33 32 22 33 41 33 31 33 41 41 32 33 33 41 11
0 22 14 33 11 32 23 22 22 31 44 31 11 22 41 44 32 32 33 41 11
0 23 11 33 14 32 23 32 23 31 44 11 33 22 44 11 32 33 33 11 14
0 22 14 33 11 32 23 33 23 31 44 33 33 22 44 44 33 32 33 41 11
0 22 11 33 14 32 23 22 23 31 41 33 31 22 44 44 33 32 31 44 11
0 33 14 33 14 33 23 33 33 31 44 33 33 22 44 44 32 33 31 44 11
0 22 11 33 44 32 33 32 23 33 41 31 31 22 41 44 33 32 33 11 11
0 33 44 33 14 22 23 32 22 33 44 33 31 22 44 41 32 33 31 11 14
0 23 14 32 44 32 23 33 23 33 44 33 33 23 44 41 32 32 31 41 11
0 22 44 33 44 32 22 22 23 31 44 33 31 22 44 44 32 32 33 44 14
0 23 11 33 11 33 22 33 22 33 44 33 33 22 44 41 33 32 33 44 14
0 23 14 33 14 33 23 33 22 11 44 33 31 22 41 41 32 33 33 44 14
0 23 11 33 14 33 23 33 22 33 44 31 31 23 44 41 32 33 33 44 11
0 22 14 33 14 32 22 32 23 31 41 33 33 22 44 44 33 33 31 44 11
0 22 11 33 11 33 22 32 22 33 41 33 33 22 44 44 32 32 31 41 11
0 23 11 32 11 33 33 33 23 33 41 33 33 22 44 41 22 33 31 44 11
0 22 11 32 14 33 33 32 22 31 41 33 31 22 41 44 33 32 31 44 11
0 22 44 32 11 33 22 33 33 31 44 33 11 23 44 41 33 33 33 44 11
0 33 44 33 44 33 23 32 33 31 44 31 31 23 41 41 33 32 33 11 14
0 22 14 32 14 32 23 32 33 33 44 33 33 22 44 41 33 32 33 44 14
0 22 11 33 11 32 22 33 23 33 41 33 33 22 41 44 32 32 33 44 11
0 23 14 32 14 33 33 32 23 33 44 31 33 23 41 44 33 33 33 41 11
0 23 11 32 11 32 33 22 23 33 44 33 31 22 44 41 32 33 33 44 11
0 22 11 33 11 33 23 32 23 33 41 33 11 22 41 41 33 32 31 44 11
0 22 14 33 14 33 23 32 23 31 44 31 31 22 41 11 32 33 33 44 11
0 22 14 33 11 32 23 32 23 33 44 33 33 23 41 44 32 33 33 41 11
0 22 11 33 14 33 22 33 22 31 44 31 33 22 41 44 33 33 33 44 11
0 22 14 33 11 33 22 32 23 33 41 33 31 23 44 41 33 32 31 41 14
0 23 14 22 14 32 23 33 23 31 41 33 31 22 41 44 33 32 31 41 11
0 23 11 32 14 32 33 33 23 31 44 31 31 23 41 44 33 32 31 41 11
0 23 44 33 14 32 33 32 23 11 44 31 33 23 44 44 32 32 33 41 14
0 23 11 33 11 33 33 33 33 31 44 33 11 22 44 41 33 32 33 41 11
0 22 14 32 44 33 22 32 33 11 44 31 31 23 41 41 33 33 33 44 11
0 23 14 33 11 32 33 32 23 31 41 33 33 22 44 41 33 33 31 41 11
0 23 11 33 11 32 22 33 23 33 44 33 31 22 41 44 33 33 33 44 11
0 22 44 32 11 32 33 22 33 33 41 31 31 23 41 11 33 33 33 41 14
0 22 44 22 44 32 23 32 33 33 41 31 33 22 41 44 33 33 33 44 11
0 22 14 33 14 32 22 33 22 31 44 33 11 23 44 11 33 32 33 41 14
0 23 11 33 11 33 22 33 22 31 44 33 33 23 44 41 32 33 33 44 11
0 23 14 33 11 33 22 33 23 33 44 33 31 23 44 44 33 33 31 44 11
0 22 11 22 14 32 22 33 23 31 44 33 33 22 44 44 33 33 33 41 11
0 22 11 33 44 33 22 32 22 33 44 33 11 22 44 44 32 33 33 44 11
0 22 11 33 11 33 22 32 33 33 44 33 33 23 44 41 32 33 33 44 11
0 22 44 33 14 32 23 22 23 31 41 31 31 23 44 41 33 32 33 41 11
0 23 14 32 14 32 23 33 23 33 41 33 31 22 41 41 33 32 33 41 14
0 23 11 33 11 33 23 33 23 31 44 33 31 23 44 44 33 33 31 41 14
0 22 14 32 11 32 33 22 23 31 44 33 31 23 44 11 32 22 11 41 11
0 22 14 33 14 33 33 32 22 33 44 33 31 22 44 11 33 33 33 41 14
0 23 14 32 11 32 33 32 33 33 41 31 31 23 41 44 33 32 31 41 14
0 23 44 33 14 33 23 33 22 31 41 33 33 23 11 41 33 33 31 44 14
0 23 14 32 44 32 23 32 33 31 41 31 11 23 41 41 22 32 31 11 44
0 23 11 33 11 33 22 32 22 33 44 33 31 22 44 11 33 33 33 44 14
0 22 11 33 11 32 22 33 22 33 44 33 31 22 44 44 22 33 31 41 11
0 22 44 33 11 32 23 32 23 33 44 33 31 22 44 41 22 32 33 44 11
0 23 11 33 14 33 22 33 22 33 44 33 33 22 44 11 33 33 33 44 11
0 23 14 32 14 33 22 32 23 33 44 33 31 22 44 41 22 33 11 41 11
0 23 14 33 14 33 33 33 23 11 41 33 33 22 41 41 33 32 31 41 11
0 22 14 33 11 33 23 33 22 31 44 33 11 22 44 41 33 33 33 44 11
0 22 14 33 11 33 22 33 22 33 44 33 33 22 41 41 33 33 33 41 11
0 23 14 33 11 33 22 22 33 31 41 33 31 22 44 44 32 33 31 44 11
0 23 14 33 11 32 23 32 33 31 44 31 33 23 41 41 33 33 33 41 11
0 22 14 33 11 33 23 33 23 31 44 33 33 22 44 44 32 33 31 41 11
0 22 14 33 11 33 23 33 33 33 41 33 31 23 44 11 33 33 33 41 11
0 33 11 33 11 32 23 33 23 33 41 33 33 22 44 44 33 32 33 41 11
0 22 14 33 11 33 23 32 23 31 44 33 33 23 44 41 32 22 31 41 11
0 33 11 33 11 22 23 33 22 33 41 33 33 22 41 41 33 33 33 44 11
0 23 11 33 44 22 23 33 23 31 44 31 33 23 41 44 33 33 33 41 14
0 23 11 33 11 32 22 32 22 33 44 33 31 22 41 11 32 32 31 11 11
0 33 11 33 14 33 22 22 22 31 41 31 11 23 41 41 33 32 33 41 11
0 22 14 32 14 33 22 33 23 33 41 33 33 22 44 44 33 33 33 44 11
0 23 11 33 14 33 23 32 23 31 44 31 33 22 44 44 32 32 33 11 11
0 22 14 33 11 33 22 33 23 33 11 31 33 22 44 41 32 33 33 41 11
0 33 14 32 11 33 22 33 22 31 44 33 31 22 41 11 33 33 33 44 44
0 23 14 33 14 33 22 33 22 33 44 33 33 22 44 44 33 32 33 11 11
0 33 11 33 11 32 23 22 23 31 41 33 33 33 44 44 22 32 33 11 11
0 22 14 33 11 33 23 32 23 31 44 33 31 22 44 41 33 33 33 44 11
0 22 14 32 14 33 22 32 22 31 41 33 33 22 44 41 32 33 33 44 11
0 22 14 32 11 32 23 32 23 33 41 33 33 22 41 41 32 32 33 41 11
0 23 44 32 14 32 22 32 23 33 44 31 31 23 11 41 32 33 31 11 14
0 33 14 33 14 32 22 33 23 33 44 31 31 22 44 44 33 33 31 44 11
0 22 11 33 11 33 22 32 33 33 44 33 31 23 44 44 33 33 33 41 11
0 22 14 33 14 22 33 22 23 33 44 33 31 33 44 44 32 32 11 11 14
0 22 14 33 11 32 33 32 33 31 44 11 33 23 41 41 33 22 33 41 11
0 22 44 32 14 22 23 22 23 11 41 31 31 22 41 44 33 32 33 44 11
0 33 11 32 11 33 22 33 33 33 44 33 33 22 44 44 32 33 33 11 11
0 22 11 33 11 32 33 32 23 33 44 33 33 22 44 41 33 33 31 44 11
0 22 11 33 11 33 22 33 23 33 44 33 31 22 44 41 33 32 33 44 11
0 22 11 33 11 32 23 22 22 33 44 33 33 22 44 44 32 32 33 41 11
0 22 11 33 14 32 33 22 33 31 41 33 33 22 41 44 33 33 33 44 14
0 23 11 33 11 33 23 32 23 11 41 31 33 22 44 44 32 32 31 44 11
0 33 11 22 44 32 23 22 33 33 44 31 31 23 41 41 32 32 11 11 14
0 23 14 33 14 33 23 32 23 33 44 33 33 22 44 41 32 33 31 44 11
0 22 11 33 11 33 23 22 22 31 44 33 31 23 44 41 33 32 33 44 11
0 23 11 33 11 32 23 32 23 31 44 31 31 22 44 41 32 32 33 44 14
0 23 11 33 14 32 23 32 22 31 41 33 31 22 44 44 33 33 33 44 11
0 22 11 33 14 32 23 33 22 33 44 33 31 22 44 44 32 33 33 11 11
0 22 44 33 14 32 22 33 23 11 44 33 31 22 44 41 33 32 33 41 11
0 22 14 33 14 32 23 33 22 31 41 33 31 22 44 41 32 33 33 41 11
0 22 14 33 14 33 23 32 22 33 44 31 33 23 41 41 33 32 33 41 11
0 22 11 32 11 33 33 33 22 33 41 33 33 23 44 11 32 22 31 44 11
0 23 11 32 14 33 23 32 23 33 41 33 31 22 41 11 32 22 31 41 11
0 22 11 32 14 32 23 32 22 33 44 31 31 22 41 41 32 33 33 11 11
0 22 11 33 14 33 22 33 33 33 41 33 33 22 41 44 33 33 33 44 11
0 23 11 33 11 33 23 32 22 11 44 31 11 23 41 41 32 32 33 44 11
0 33 11 33 11 33 33 22 22 33 44 31 31 23 44 41 33 33 33 11 11
0 23 14 33 11 33 22 33 23 33 44 33 11 22 44 11 33 32 33 41 11
0 23 11 33 11 33 23 32 23 31 41 33 33 22 44 41 33 33 33 41 14
0 23 14 32 11 33 23 32 33 33 44 33 31 22 41 11 33 33 33 44 11
0 23 14 33 11 33 33 22 23 33 44 33 33 23 44 11 33 33 31 11 11
0 22 14 33 11 32 22 32 33 33 41 31 31 22 44 11 33 33 33 44 11
0 22 14 32 14 33 22 33 22 31 41 31 33 22 44 44 33 33 31 44 11
0 22 11 33 11 32 22 33 23 33 44 33 33 23 41 44 33 32 33 44 11
0 22 11 33 11 32 33 32 23 31 41 33 33 22 44 44 33 32 33 41 14
0 22 11 33 11 33 23 32 23 31 44 33 31 23 44 44 32 33 31 41 14
0 22 11 33 44 33 33 33 23 31 44 33 33 22 44 11 33 33 33 41 11
0 23 44 32 11 33 33 32 33 31 41 33 31 23 44 44 33 22 33 11 11
0 23 14 33 14 33 22 32 22 33 11 33 33 22 44 44 32 32 31 44 11
0 33 44 33 14 33 33 32 33 33 41 33 31 23 41 41 22 32 33 41 11
0 22 14 33 14 32 23 33 22 31 44 33 33 23 44 44 33 32 31 41 11
0 22 11 32 11 33 23 33 23 31 44 33 33 23 44 11 33 32 31 44 11
0 33 11 33 14 22 33 32 22 31 44 33 31 23 41 41 32 32 11 44 14
0 22 11 33 11 33 22 32 22 31 41 33 33 23 44 44 33 33 33 41 11
0 22 14 32 11 33 23 32 23 33 44 33 31 23 44 41 33 32 31 41 11
0 23 11 33 14 33 23 33 23 33 44 33 33 22 44 41 32 33 33 11 14
0 22 11 32 14 33 23 32 22 31 44 33 31 22 44 41 33 33 33 11 11
0 22 14 33 44 22 33 22 33 31 41 31 33 23 41 11 32 33 31 41 14
0 22 14 32 14 33 23 32 23 31 41 33 31 23 44 41 33 33 33 44 11
0 22 11 33 11 33 33 32 22 31 44 33 31 23 41 44 22 32 31 41 14
0 23 11 32 44 33 23 32 22 31 41 11 33 23 44 44 32 33 33 41 11
0 22 11 32 11 33 33 33 33 31 41 33 11 23 44 44 33 33 31 44 11
0 23 14 33 14 33 23 32 33 33 44 33 33 23 41 41 32 32 33 41 44
0 23 14 32 14 32 23 32 23 31 44 33 31 22 41 44 32 33 33 41 14
0 23 11 33 14 32 22 33 33 33 44 33 31 33 44 41 32 32 31 41 11
0 22 11 33 11 33 22 32 22 31 44 33 31 23 41 44 33 33 33 44 11
0 22 14 33 14 32 22 33 23 31 41 33 11 22 44 41 33 33 33 44 14
0 22 11 33 11 32 33 22 23 33 41 33 33 23 44 41 33 32 31 11 11
0 22 11 32 11 33 22 32 33 33 41 11 31 22 44 44 33 32 33 41 11
0 22 11 33 14 22 23 32 22 33 41 31 33 22 41 41 32 33 33 44 11
0 33 11 32 44 33 22 32 33 11 44 33 33 23 44 41 33 33 31 41 11
0 23 11 33 14 33 22 32 22 33 44 31 33 23 44 41 33 32 33 44 11
0 22 11 33 11 33 22 32 23 33 41 33 33 33 41 41 32 33 33 44 11
0 22 11 33 11 32 23 32 23 31 44 33 31 33 44 44 33 32 33 44 44
0 23 14 33 14 33 33 32 23 31 41 33 11 22 41 11 33 22 33 11 14
0 22 11 33 14 33 22 32 22 33 41 33 33 22 44 44 32 33 33 44 11
0 23 11 33 44 32 23 32 22 11 41 33 31 23 44 41 33 33 33 41 11
0 22 14 32 11 33 33 32 22 11 44 33 33 22 44 41 32 32 33 44 11
0 22 14 33 11 33 23 32 22 31 11 33 31 22 44 41 33 32 31 44 11
0 23 14 32 14 32 33 32 23 33 44 31 31 22 41 44 33 32 33 41 11
0 23 14 22 11 33 23 32 23 33 44 33 33 23 44 41 32 32 31 41 11
0 23 44 33 11 33 23 32 33 31 41 31 33 23 41 11 32 32 11 44 11
0 22 14 32 14 32 23 32 33 33 44 31 31 22 41 44 32 32 33 41 11
0 22 14 33 14 33 22 32 33 31 44 33 31 23 44 44 33 22 33 44 14
0 22 44 33 14 22 22 33 22 31 44 33 33 22 44 41 32 33 33 44 11
0 23 11 33 11 33 23 33 33 31 41 33 31 22 44 44 33 33 33 41 11
0 22 11 33 14 32 33 22 33 33 41 31 33 22 44 44 22 33 33 11 11
0 23 44 32 14 33 33 32 33 11 41 31 31 22 44 11 22 33 33 44 11
0 23 14 33 44 32 23 32 33 31 44 31 11 23 44 41 32 32 31 11 14
0 33 11 32 11 32 22 22 23 31 44 31 31 23 44 44 32 32 31 41 14
0 22 11 33 14 33 22 33 33 11 41 33 33 22 44 41 32 33 33 41 11
0 23 44 33 14 33 33 33 33 11 41 31 31 22 44 11 22 22 33 41 11
0 23 11 33 11 22 33 33 22 33 11 33 31 23 44 41 32 33 11 11 11
0 22 11 33 14 33 22 32 23 31 41 33 33 23 44 44 22 33 33 44 11
0 23 14 32 14 33 23 33 33 33 41 33 33 23 41 44 33 33 31 41 11
0 22 11 22 44 33 22 33 23 33 44 33 31 22 44 41 33 33 33 41 11
0 22 11 32 14 33 22 32 23 11 44 31 33 23 44 44 33 22 31 44 11
0 22 14 33 11 32 23 33 22 33 41 33 33 22 41 41 33 32 33 44 11
0 33 11 32 14 22 33 32 23 31 44 33 33 22 41 41 22 33 33 41 11
0 33 14 33 14 32 23 33 33 31 44 31 33 33 44 41 22 22 33 11 11
0 22 11 33 14 33 22 32 33 31 44 31 31 22 41 44 33 32 11 41 11
0 33 14 32 11 32 23 33 23 31 44 33 33 22 41 41 32 33 33 44 11
0 23 44 33 11 32 23 32 23 31 41 33 33 23 41 44 32 32 31 44 11
0 23 11 32 14 33 33 33 23 31 41 33 33 22 44 44 33 32 31 44 11
0 22 14 32 14 22 33 22 23 31 11 33 31 23 44 41 33 33 11 11 11
0 22 11 33 14 33 22 32 22 33 41 33 33 23 44 44 33 33 33 41 11
0 22 11 32 14 33 23 32 33 31 44 33 33 22 44 44 32 32 33 41 11
0 22 11 33 11 32 23 32 23 31 41 33 31 22 44 44 32 32 31 44 14
0 22 11 33 11 33 23 32 23 33 41 33 31 23 44 44 33 33 33 41 14
0 22 14 33 11 32 23 33 23 33 44 31 33 23 41 41 33 33 33 41 14
0 33 14 32 44 33 33 22 23 11 41 31 33 33 41 41 22 22 31 41 44
0 22 11 32 14 33 23 33 23 33 44 33 33 23 41 44 32 22 33 41 11
0 22 14 33 14 33 23 33 22 33 44 33 33 23 44 41 32 22 33 41 11
0 22 14 33 44 32 33 22 22 33 41 31 33 22 41 41 32 32 33 41 11
0 33 14 32 14 33 33 33 23 31 41 33 31 33 41 44 32 32 33 41 11
0 23 11 32 14 32 23 32 23 31 44 31 31 22 44 41 33 32 33 44 11
0 23 11 33 11 33 22 32 23 33 44 33 33 22 44 44 33 33 33 44 11
0 22 14 32 11 32 23 32 23 31 44 33 11 23 44 44 33 22 33 41 11
0 23 11 33 11 32 33 32 23 11 44 33 33 23 44 41 22 22 31 41 11
0 23 14 22 14 22 23 32 33 11 41 33 31 23 44 11 33 32 33 41 11
0 23 14 33 11 33 22 32 23 33 44 31 31 22 44 44 33 33 33 44 11
0 22 11 22 14 32 23 32 23 31 44 33 33 23 44 41 33 33 33 41 11
0 22 44 33 14 32 23 32 33 31 44 11 31 23 41 11 22 33 33 44 11
0 22 44 33 11 33 23 33 23 33 44 33 33 23 44 44 32 33 33 44 14
0 22 14 32 14 32 33 32 33 33 41 33 33 33 44 11 33 22 31 41 11
0 22 14 33 14 33 22 22 22 33 44 33 33 22 44 41 32 32 31 41 11
0 22 14 32 11 33 23 33 23 31 11 33 31 22 44 11 33 33 31 41 11
0 22 14 32 14 33 23 32 33 33 41 31 33 23 44 41 32 33 31 41 11
0 22 11 32 11 33 33 33 22 31 41 33 33 22 44 41 33 33 31 41 11
0 22 11 33 14 33 22 33 22 31 41 33 31 23 44 44 33 33 33 44 11
0 23 11 32 14 33 22 33 22 31 41 33 31 22 44 44 33 33 31 44 11
0 23 11 33 11 33 23 33 33 33 44 33 11 23 44 41 32 32 31 44 11
0 23 11 33 11 32 23 22 23 31 44 33 11 22 44 41 33 22 33 11 11
0 22 11 33 14 33 22 32 22 33 44 33 33 22 44 41 33 32 33 44 11
0 23 14 33 11 33 22 22 22 31 41 31 11 23 44 44 33 33 33 41 11
0 22 11 32 14 32 33 22 22 31 41 33 31 22 11 41 32 33 33 44 11
0 22 11 33 14 32 23 33 23 33 44 31 33 22 41 41 32 32 33 44 11
0 22 11 32 14 32 23 33 22 31 41 33 33 22 44 11 32 33 33 41 11
0 22 11 32 14 32 22 32 22 33 44 33 33 22 41 44 33 33 33 44 11
0 33 44 33 44 32 23 33 23 33 44 33 33 22 41 41 32 33 33 41 11
0 23 14 33 11 33 22 33 22 33 41 33 31 22 44 41 33 33 33 41 11
0 33 14 33 14 33 33 33 23 31 44 31 11 22 44 41 33 32 33 41 11
0 22 44 33 14 32 23 33 23 33 44 33 33 22 41 41 32 32 33 41 11
0 22 14 33 11 33 23 32 22 33 11 33 31 22 44 11 33 32 31 41 11
0 22 44 33 14 32 33 22 33 31 41 33 33 33 44 41 32 22 31 44 44
0 23 14 33 14 32 33 22 33 11 44 33 31 33 44 11 33 33 33 44 44
0 22 44 32 11 32 33 32 33 31 44 31 31 22 44 11 32 33 31 44 14
0 22 11 33 11 32 22 32 22 33 44 33 33 23 44 44 33 33 31 44 11
0 23 11 33 11 33 22 32 22 33 44 33 33 22 44 44 33 33 33 44 44
0 22 44 33 11 32 23 32 33 33 41 31 31 23 41 41 33 33 11 41 11
0 22 14 33 11 32 33 32 23 31 41 33 31 23 44 41 33 33 31 41 11
0 22 14 33 11 33 22 32 23 33 41 31 33 22 44 41 33 33 33 44 11
0 23 14 33 14 33 22 32 23 31 44 33 31 22 44 41 22 33 31 44 14
0 22 11 32 14 33 33 32 23 33 41 33 31 23 44 41 32 32 31 41 11
0 22 11 32 14 33 23 33 33 33 44 31 33 22 44 44 33 33 33 44 11
0 22 14 33 14 33 22 33 23 31 44 33 31 22 44 44 32 33 33 41 11
0 22 11 33 11 33 23 32 22 11 44 33 11 22 44 41 33 33 33 44 14
0 22 14 33 11 33 22 33 23 31 44 33 31 23 44 44 33 33 33 41 11
0 22 14 33 11 33 23 32 23 31 44 33 33 23 41 41 22 33 33 41 11
0 22 11 33 11 33 23 33 23 31 41 33 33 23 44 44 32 32 11 41 11
0 22 14 33 14 33 23 33 22 31 44 33 33 23 41 44 33 33 31 44 14
0 23 11 33 11 33 23 32 23 33 44 11 33 22 44 41 33 33 33 41 11
0 22 11 33 11 33 22 33 22 33 44 33 33 22 44 44 33 33 33 44 11
0 22 14 33 14 33 23 22 23 33 44 33 31 22 41 41 33 33 33 41 11
0 23 44 33 14 32 23 33 33 31 44 33 31 22 41 41 33 33 33 41 11
0 22 14 33 14 33 22 33 33 33 44 31 33 22 44 44 32 33 33 44 11
0 22 11 33 11 33 23 32 22 31 44 33 33 23 44 44 33 33 33 44 11
0 23 14 33 11 22 33 33 23 33 41 31 31 22 41 44 33 33 33 41 11
0 23 14 33 11 33 23 32 22 31 44 31 31 22 41 44 32 32 33 11 11
0 23 11 33 44 33 23 32 23 33 41 33 33 22 41 41 33 33 31 41 14
0 23 14 33 11 33 22 32 22 33 41 33 33 23 44 44 33 33 33 44 11
0 23 11 33 11 33 23 33 22 33 41 31 33 22 44 44 33 33 33 44 14
0 22 14 32 14 33 22 33 23 31 44 31 33 22 41 44 33 33 33 41 11
0 23 11 33 11 32 22 32 23 31 41 33 31 22 11 41 33 33 33 11 11
0 23 11 32 14 33 22 32 22 33 41 33 31 22 44 44 32 33 33 41 14
0 22 14 33 11 32 33 32 23 31 44 33 31 22 44 41 33 33 33 41 11
0 22 14 33 11 33 22 32 22 33 41 33 31 23 44 41 32 32 31 11 11
0 23 11 33 11 33 23 33 22 31 41 33 31 23 41 41 32 33 31 41 11
0 22 44 33 11 32 22 33 22 31 44 33 33 22 44 44 32 33 31 41 11
0 23 44 33 14 33 33 32 23 33 41 31 31 23 41 11 32 32 31 44 11
0 22 14 32 11 33 22 22 22 11 44 33 33 22 41 44 33 33 31 11 11
0 33 14 33 14 32 23 32 23 33 44 33 31 22 41 41 33 32 31 11 11
0 22 11 33 11 33 23 32 23 33 41 33 33 22 44 44 33 33 33 44 11
0 23 11 33 11 33 23 32 23 33 44 31 31 22 11 41 32 33 33 44 11
0 22 11 33 11 33 23 33 23 33 44 31 33 23 44 41 32 33 33 44 11
0 23 11 33 11 33 23 32 23 33 41 33 31 23 44 44 32 22 33 44 11
0 23 14 33 11 33 23 33 23 31 11 33 33 23 11 41 33 32 31 41 11
0 22 11 32 11 33 23 32 23 33 44 33 31 22 44 41 32 22 31 41 11
0 22 14 33 11 32 23 32 22 33 44 33 33 23 44 41 22 33 31 41 11
0 22 14 33 14 32 33 32 33 33 44 33 33 22 44 41 33 32 33 11 11
0 23 44 32 14 32 22 33 33 31 41 31 31 23 41 44 32 22 31 41 14
0 22 44 33 14 33 22 32 23 33 44 33 33 23 44 44 32 32 33 44 11
0 33 14 33 11 32 33 32 23 33 44 31 33 23 41 41 33 32 31 41 11
0 22 11 33 11 33 22 32 22 11 44 33 33 23 44 44 33 33 31 11 11
0 23 11 32 14 32 23 33 23 31 44 33 31 22 44 44 32 33 31 41 11
0 23 14 33 14 33 23 22 22 33 11 33 31 22 11 11 32 22 31 41 11
0 22 11 33 11 32 33 33 23 31 41 33 31 22 44 44 33 33 33 41 11
0 22 11 33 11 33 22 32 22 33 44 33 33 23 44 44 33 33 31 11 14
0 23 11 32 11 33 22 33 23 33 44 33 33 22 41 44 33 33 33 11 11
0 22 14 33 11 33 23 22 23 33 11 33 11 23 44 44 32 32 33 44 14
0 22 11 33 14 32 23 32 23 31 44 33 33 23 44 41 32 32 31 44 11
0 23 14 33 14 33 23 22 33 33 41 33 11 22 44 41 32 33 11 44 11
0 23 14 33 14 22 23 33 22 11 11 31 31 22 41 44 33 33 31 41 11
0 23 14 32 14 32 23 33 33 33 41 33 31 22 41 41 32 32 33 44 11
0 22 14 33 14 33 22 32 23 31 44 33 31 23 44 41 22 33 11 44 14
0 22 11 33 14 33 23 22 22 33 11 31 31 22 44 44 33 33 33 41 14
0 22 11 33 11 33 22 33 22 31 44 33 31 23 41 44 33 33 33 44 11
0 22 14 32 14 33 22 33 23 33 41 33 11 22 44 41 33 33 33 44 11
0 23 44 33 11 32 22 22 33 33 41 33 31 23 41 41 33 32 31 41 14
0 23 11 33 11 33 22 33 22 33 44 33 33 22 44 11 33 33 33 44 11
0 22 11 33 11 33 22 33 22 33 41 33 31 23 44 44 33 32 11 44 11
0 22 11 32 14 32 23 32 22 33 44 31 33 23 41 44 32 33 33 44 11
0 22 11 32 11 32 23 32 23 33 41 31 31 23 44 41 22 33 33 41 14
0 22 14 33 11 32 23 32 33 33 44 33 33 22 44 41 32 33 31 44 11
0 22 11 33 14 33 23 33 23 31 44 33 33 23 44 41 33 33 33 44 11
0 22 14 32 14 32 23 32 33 33 41 33 33 22 44 41 33 33 33 44 44
0 23 11 33 44 32 23 32 23 33 41 31 31 22 41 44 33 32 33 44 11
0 22 11 33 11 32 23 33 23 31 41 31 33 22 41 41 22 32 33 41 11
0 22 11 33 11 32 33 32 23 33 44 33 33 22 41 44 32 33 33 41 11
0 23 44 33 14 33 23 33 22 33 11 33 33 22 44 44 33 32 33 41 14
0 22 11 33 14 32 23 32 23 33 41 33 31 22 41 11 32 33 31 41 14
0 23 14 33 11 33 22 32 23 31 44 33 33 22 44 44 33 32 33 41 11
0 23 11 33 11 33 22 32 23 31 41 33 31 23 44 41 32 33 33 41 11
0 22 11 33 11 32 23 32 33 33 41 31 31 22 41 44 32 32 31 44 11
0 23 14 33 14 33 23 32 33 33 41 33 11 22 44 41 33 32 33 11 11
0 23 14 33 11 33 23 32 23 33 41 33 33 22 41 41 33 33 33 11 11
0 22 11 33 11 33 22 32 23 31 41 33 31 22 44 44 32 33 33 44 11
0 22 14 33 11 32 22 32 23 33 44 33 31 33 44 44 33 32 33 41 14
0 22 11 22 14 33 22 33 23 33 41 33 33 22 44 41 33 33 33 41 11
0 22 14 32 14 33 22 33 22 33 44 33 33 23 44 41 32 33 31 41 11
0 22 14 33 11 33 33 32 23 31 44 33 31 23 44 41 32 33 33 44 11
0 33 14 32 14 32 22 22 23 33 44 33 31 22 41 11 32 33 33 41 11
0 33 14 33 44 32 33 32 33 31 44 31 11 23 44 44 33 32 33 41 11
0 22 14 32 14 32 23 33 23 11 44 33 33 23 41 41 33 32 33 44 11
0 23 11 32 14 32 22 33 23 31 44 33 33 22 41 44 32 33 31 41 11
0 22 11 33 11 22 23 33 33 31 44 33 33 23 44 41 32 32 33 44 11
0 23 14 32 11 33 23 33 23 31 41 33 31 33 41 11 33 33 33 41 11
0 22 14 32 11 32 23 32 23 31 44 33 31 22 41 44 33 33 33 41 14
0 23 11 33 11 32 22 33 33 31 41 33 33 23 41 44 22 33 31 44 11
0 33 14 33 14 32 33 32 23 11 41 33 31 23 41 11 32 33 31 41 14
0 23 44 33 44 33 23 32 23 31 11 33 33 23 41 41 33 32 31 41 11
0 33 11 32 14 22 23 22 33 31 44 31 33 22 44 11 33 33 33 11 11
0 22 11 33 11 33 22 33 33 31 41 33 31 22 44 44 32 32 31 41 11
0 23 14 33 11 32 23 32 22 33 44 33 33 22 41 41 33 22 33 41 11
0 22 11 33 11 33 33 33 23 31 44 33 33 22 44 41 32 33 33 41 11
0 22 14 33 11 33 22 32 22 31 44 33 31 22 44 44 32 33 31 41 11
0 22 14 33 11 32 23 33 22 33 44 33 33 22 44 44 33 32 33 41 11
0 22 11 33 11 33 33 22 23 31 41 33 33 22 44 44 33 33 33 44 11
0 22 14 33 11 33 23 32 33 31 11 33 31 22 41 41 32 22 31 11 44
0 23 14 33 14 32 23 22 23 31 41 31 33 22 44 44 33 32 33 41 11
0 23 11 33 11 32 23 33 23 31 44 33 33 23 44 41 32 33 33 41 11
0 23 11 22 44 32 22 33 23 33 44 31 11 22 44 41 33 33 33 44 11
0 23 14 33 11 33 22 33 22 31 44 33 33 22 44 41 33 33 31 44 11
0 23 14 32 11 32 33 22 33 33 41 33 31 23 41 44 32 32 33 44 14
0 23 14 33 11 32 23 32 23 31 44 33 33 22 44 41 33 32 31 11 14
0 23 14 33 11 33 23 32 22 33 44 33 31 23 44 44 33 33 33 44 11
0 23 14 32 44 32 23 32 23 31 41 31 31 33 44 11 33 33 31 41 14
0 22 11 33 14 33 22 33 22 31 44 33 31 22 44 44 33 32 33 41 11
0 33 14 33 44 33 33 32 23 31 41 33 31 22 41 44 33 32 33 41 11
0 33 44 32 14 32 23 22 22 11 41 33 11 23 11 11 32 32 31 11 11
0 22 14 33 11 33 23 32 22 33 11 31 33 33 44 41 22 33 31 41 11
0 33 14 33 14 32 33 33 22 11 41 33 31 33 44 41 22 32 33 44 14
0 22 11 33 11 33 33 33 23 31 44 31 31 22 44 44 33 33 33 44 11
0 23 11 33 11 32 23 32 33 33 41 31 31 22 44 44 33 32 33 41 11
0 22 44 33 11 32 23 32 23 33 41 11 31 23 44 44 33 32 33 41 11
0 23 11 33 14 33 23 33 23 31 41 33 31 22 11 41 33 33 33 44 11
0 22 11 33 11 33 22 33 23 33 44 33 33 22 44 11 32 33 33 44 11
0 22 14 33 14 33 22 32 23 33 41 33 11 22 41 44 33 32 33 44 11
0 22 11 32 44 33 23 32 33 33 44 31 33 22 44 11 33 33 33 41 11
0 22 11 33 11 33 22 33 22 33 44 33 33 22 44 44 33 33 33 44 11
0 23 11 33 14 33 22 32 23 33 44 33 33 22 44 41 32 33 33 44 11
0 23 11 32 11 33 23 32 23 31 44 33 33 23 44 41 33 32 31 41 11
0 22 11 33 11 33 22 32 22 31 44 33 31 23 44 44 22 33 33 41 11
0 22 11 33 14 33 22 33 22 33 44 33 33 22 44 44 33 33 33 44 11
0 23 11 33 14 33 22 33 23 33 41 33 33 22 44 41 33 32 33 41 11
0 22 11 33 11 33 33 32 23 33 44 33 33 22 44 44 33 33 31 44 11
0 22 11 33 14 33 22 32 23 11 44 33 33 23 41 41 32 33 31 44 11
0 23 11 33 14 33 23 33 23 31 44 31 31 22 44 11 33 33 31 11 14
0 22 11 32 11 33 33 33 23 33 44 33 33 22 44 41 33 33 31 44 11
0 23 11 33 14 33 23 32 22 31 41 33 31 22 44 44 32 33 31 44 14
0 23 11 22 11 32 23 32 23 31 44 11 31 23 44 11 33 33 31 11 11
0 22 11 33 11 32 33 22 22 33 44 33 31 23 44 44 33 33 31 41 11
0 23 14 32 11 33 22 22 23 33 44 33 33 22 44 44 33 32 33 44 11
0 22 11 33 14 33 33 33 23 33 41 33 33 22 41 44 33 33 33 44 11
0 22 11 33 14 33 22 32 22 33 44 33 33 22 44 41 33 33 33 44 11
0 22 11 33 11 32 22 33 23 33 44 31 33 22 44 41 33 33 33 41 14
0 22 14 32 11 33 23 32 23 31 44 33 33 22 44 41 33 33 33 41 11
0 22 11 33 14 33 23 32 33 33 44 33 31 22 41 41 32 33 31 41 11
0 22 14 32 14 33 23 32 22 33 44 33 31 22 41 11 32 32 31 44 11
0 22 14 33 44 33 22 33 22 33 41 33 31 23 44 44 33 33 33 44 11
0 22 14 33 14 33 23 32 23 33 41 31 31 23 44 44 33 33 31 44 11
0 23 11 33 11 33 22 32 23 33 44 31 33 23 44 44 33 32 33 41 14
0 23 11 33 44 32 23 32 22 33 41 33 31 23 44 44 33 33 33 44 14
0 23 14 33 11 33 23 33 23 31 44 31 33 22 44 44 33 32 33 11 11
0 23 14 33 14 33 33 32 33 11 44 33 11 33 41 11 33 32 31 11 11
0 22 11 33 11 33 23 32 22 31 44 33 33 22 44 44 22 32 33 41 11
0 23 14 33 44 32 23 22 23 31 44 33 31 22 44 41 22 33 33 11 11
0 23 14 33 11 33 23 33 23 31 11 31 33 22 44 44 32 32 31 41 11
0 22 11 33 11 32 23 32 23 31 44 33 33 23 44 44 33 33 33 41 11
0 23 14 33 11 33 22 33 22 31 41 33 31 22 44 41 32 32 33 41 11
0 22 44 33 14 32 23 32 22 31 11 33 33 22 11 44 32 32 31 44 11
0 22 11 33 14 33 23 22 33 31 41 33 11 22 41 41 33 33 33 44 11
0 23 14 33 44 32 33 33 22 33 41 33 31 22 44 41 32 33 31 11 14
0 23 11 33 14 33 22 33 22 33 41 33 33 22 44 41 32 33 33 44 11
0 23 14 33 11 32 33 32 33 31 41 33 31 33 41 41 33 33 33 41 14
0 22 11 32 11 33 22 32 33 33 44 33 31 22 44 44 33 32 33 41 11
0 22 44 33 14 32 23 32 33 31 41 33 31 23 41 41 33 33 33 44 11
0 22 11 32 11 32 33 32 22 33 41 33 33 22 44 44 32 22 33 11 11
0 23 14 32 14 33 22 32 22 31 41 33 31 22 41 41 32 32 33 41 11
0 23 44 32 14 33 22 22 33 33 41 33 11 23 44 44 33 32 33 11 14
0 23 11 33 11 32 22 33 22 33 44 33 33 22 44 44 33 33 31 44 11
0 22 14 33 14 32 22 32 23 31 44 31 31 22 41 44 32 33 11 44 11
0 22 11 33 11 32 22 32 22 33 44 33 33 22 44 41 33 33 33 41 11
0 22 14 33 11 32 23 33 22 33 44 33 11 22 44 44 22 32 31 44 11
0 23 11 32 11 33 33 33 22 31 41 33 31 23 44 44 32 32 33 44 11
0 22 11 33 11 32 22 33 22 33 41 31 31 22 44 44 33 33 31 41 11
0 23 14 33 14 33 23 32 23 33 44 33 11 23 44 41 33 22 31 41 11
0 23 44 33 44 32 23 33 22 33 11 33 33 23 44 11 33 32 33 11 11
0 23 11 33 11 33 23 33 22 33 44 31 33 22 44 44 33 32 33 44 11
0 23 14 32 11 32 23 33 33 11 11 33 31 23 41 41 32 32 11 41 11
0 22 44 32 11 33 22 33 33 31 41 33 11 23 41 41 32 33 31 44 11
0 23 11 33 14 33 22 32 22 31 44 31 33 22 41 41 33 22 31 44 14
0 22 11 22 11 33 22 33 23 33 44 33 31 23 44 44 32 33 31 41 11
0 22 11 33 14 33 23 32 23 33 41 33 33 23 44 44 33 33 33 44 11
0 22 14 33 11 32 23 33 23 33 44 33 33 23 44 41 33 32 33 11 11
0 22 14 33 11 32 22 33 33 33 44 33 33 22 44 41 32 32 33 44 11
0 22 11 33 14 33 33 33 23 33 41 33 33 23 41 44 33 33 31 11 14
0 22 14 33 11 33 22 32 23 31 44 31 33 22 44 44 32 33 33 44 11
0 22 14 33 14 32 23 32 22 31 44 33 31 23 41 44 32 32 31 41 11
0 22 14 32 44 33 23 32 22 11 44 33 31 22 44 44 33 33 33 41 14
0 23 11 32 44 33 23 32 23 31 11 31 31 23 41 41 32 33 31 11 14
0 22 14 32 44 33 33 32 23 31 41 31 31 23 41 11 33 32 31 41 11
0 23 14 32 11 33 23 33 33 31 41 33 33 22 41 44 33 33 33 41 11
0 22 11 32 14 33 22 33 23 33 44 33 31 22 44 41 32 33 31 44 14
0 33 14 33 44 33 22 32 23 33 41 33 33 23 44 41 32 33 33 11 14
0 23 14 32 11 32 23 22 23 33 41 33 31 22 41 41 33 33 33 44 11
0 22 11 33 11 32 33 33 22 33 44 33 33 23 41 44 33 33 33 44 11
0 22 14 33 11 32 22 22 23 33 44 33 33 22 44 44 33 33 33 41 11
0 23 11 33 11 32 22 33 33 31 41 33 33 23 44 44 33 32 33 41 11
0 23 11 33 44 32 33 33 23 31 44 33 31 22 44 11 33 32 31 41 11
0 22 11 32 14 33 22 32 23 33 44 33 33 22 41 44 32 32 33 41 11
0 22 14 33 11 32 22 32 23 33 44 33 33 23 44 44 33 32 33 41 11
0 23 11 32 14 32 23 32 33 33 11 31 31 23 11 44 32 33 33 44 11
0 23 14 32 11 33 22 33 22 33 41 33 31 23 41 44 32 32 33 41 11
0 22 14 32 11 33 23 33 22 33 44 31 33 22 44 44 33 33 31 44 11
0 23 11 33 11 33 23 22 22 31 44 33 33 22 41 44 33 32 33 11 11
0 23 11 33 14 33 22 32 23 33 41 33 33 23 41 44 33 32 33 41 11
0 22 11 33 14 32 22 32 33 31 44 31 33 22 44 44 33 33 33 41 11
0 23 14 33 44 33 23 22 22 33 11 33 33 22 44 44 33 32 33 11 11
0 22 44 33 44 33 33 32 23 31 44 33 11 33 44 41 32 32 33 41 11
0 23 14 33 11 33 33 32 23 31 44 31 31 33 44 44 33 33 33 41 11
0 23 44 32 14 32 23 32 23 11 11 31 31 23 41 41 32 32 31 41 11
0 22 11 33 11 32 22 33 22 33 41 33 33 22 44 41 33 32 33 44 11
0 23 14 32 14 22 23 22 23 31 44 31 31 33 41 41 32 22 31 41 14
0 22 11 33 11 33 22 33 22 33 44 33 31 22 44 41 32 32 33 11 11
0 33 11 32 11 33 33 33 22 33 41 33 33 22 44 44 33 33 33 44 14
0 22 14 33 11 33 23 32 22 33 41 33 33 23 44 44 33 32 31 44 14
0 23 11 33 11 32 23 22 33 31 41 33 31 23 41 41 33 33 33 11 11
0 23 11 33 14 22 22 33 23 11 44 33 31 23 41 41 32 33 33 11 11
0 33 11 33 44 22 22 32 23 31 41 33 33 33 41 41 33 33 31 41 14
0 23 11 33 14 32 23 32 22 31 44 33 31 23 44 41 32 32 33 41 11
0 22 14 33 11 33 22 33 22 33 44 33 11 23 44 44 33 33 33 11 11
0 22 11 33 11 33 22 33 33 31 44 33 33 23 44 44 33 33 33 44 11
0 22 14 33 14 33 22 32 33 33 41 33 31 22 44 41 32 32 33 44 11
0 23 44 32 14 33 22 32 22 33 41 31 33 33 41 44 32 32 31 41 11
0 22 14 33 14 22 23 32 23 11 41 31 31 22 41 44 32 33 31 44 14
0 22 11 33 11 33 22 32 23 33 44 33 33 22 44 44 32 33 33 44 11
0 23 14 33 14 32 22 33 33 31 41 31 31 23 44 44 32 33 31 44 11
0 23 11 33 11 33 23 33 33 31 41 33 33 22 41 44 33 33 31 41 11
0 23 14 32 14 32 33 32 23 11 41 33 33 22 41 44 32 32 33 44 11
0 22 11 33 11 33 23 33 22 33 44 31 33 23 44 11 33 32 33 44 11
0 23 11 33 44 33 22 33 23 33 44 31 11 22 44 44 33 33 33 41 11
0 22 11 33 14 33 22 33 22 31 41 33 33 22 44 44 33 33 33 41 14
0 22 11 32 14 32 23 33 23 33 44 33 31 23 44 44 32 33 33 44 11
0 23 11 33 11 32 23 33 33 33 11 33 33 22 44 44 32 32 33 41 11
0 23 14 32 14 33 33 32 22 31 41 33 31 22 41 11 33 32 33 41 14
0 22 14 33 11 33 33 32 22 33 41 31 33 22 44 44 33 33 33 44 11
0 22 14 32 14 32 22 22 23 31 41 31 31 23 41 44 32 33 31 11 11
0 22 11 32 11 33 23 33 22 33 41 33 33 33 41 44 33 33 33 41 14
0 22 14 33 11 33 33 22 23 11 44 33 33 22 44 41 32 32 31 41 11
0 22 11 33 14 32 23 33 23 33 44 33 31 23 41 41 33 33 33 44 11
0 23 14 32 14 22 33 32 22 33 44 11 33 22 41 11 22 33 31 11 14
0 22 11 33 11 33 33 22 22 31 44 33 33 23 41 44 33 33 33 11 11
0 22 14 22 11 22 23 32 22 31 44 31 31 23 41 11 32 22 31 44 11
0 23 14 33 11 33 22 32 23 31 41 33 31 23 41 41 32 32 33 41 11
0 23 14 32 14 33 23 32 23 33 41 33 31 22 41 41 32 32 31 41 11
0 23 14 32 14 32 33 33 33 31 41 33 31 23 44 44 22 33 33 11 11
0 22 44 32 14 33 23 22 33 33 44 33 33 23 41 11 32 32 11 44 11
0 22 11 32 11 33 22 33 33 33 44 33 31 22 44 41 33 32 33 44 11
0 22 11 32 14 33 22 32 23 33 44 31 33 22 41 44 33 33 33 41 11
1 22 11 32 14 33 22 22 23 11 41 33 33 33 44 11 32 33 33 11 14
1 22 11 32 44 33 23 32 33 11 44 33 33 22 41 41 32 33 33 44 11
1 33 14 32 14 33 22 33 23 11 44 33 31 22 44 44 33 33 33 41 14
1 23 14 33 11 32 23 22 33 33 44 33 31 22 44 11 22 33 33 41 14
1 22 14 33 11 33 23 32 23 31 41 31 33 22 44 41 32 32 31 41 14
1 33 11 32 44 32 23 32 23 31 44 31 11 23 41 11 22 33 33 44 14
1 23 11 33 11 33 22 33 22 11 44 33 11 23 44 41 33 33 33 44 11
1 22 44 32 11 33 23 22 23 31 44 33 33 23 44 41 32 32 31 41 11
1 22 44 33 44 32 33 32 23 33 41 33 31 22 11 44 32 33 33 41 11
1 22 14 32 11 32 23 32 23 33 44 33 31 23 44 41 32 32 31 41 14
1 23 14 33 44 33 23 33 23 33 41 33 33 22 41 11 22 32 33 41 11
1 22 14 33 14 32 23 32 23 33 41 31 33 22 44 11 32 32 33 11 14
1 23 14 33 11 33 22 32 22 33 41 33 31 22 44 44 32 33 33 44 11
1 23 11 32 44 32 23 32 22 33 44 33 33 23 44 44 33 32 33 44 11
1 23 14 32 14 22 33 33 33 31 41 31 31 23 41 41 32 33 33 41 14
1 23 14 32 11 32 22 32 23 33 44 11 31 22 44 41 33 33 33 11 11
1 23 11 32 14 33 23 32 22 33 41 31 33 22 44 41 32 32 33 44 14
1 33 14 33 11 32 23 32 23 33 44 31 33 22 41 44 33 32 33 44 11
1 23 11 33 11 32 23 32 22 31 41 33 33 23 44 44 33 22 31 41 11
1 22 44 32 44 32 23 32 33 31 44 31 31 23 41 44 33 32 33 41 14
1 22 14 33 14 33 33 22 33 33 44 33 31 22 44 44 33 32 33 44 11
1 22 14 33 11 33 22 22 22 33 44 33 33 22 41 11 32 33 33 44 11
1 33 44 33 11 32 23 32 23 31 41 33 33 22 41 41 32 22 33 41 11
1 23 11 33 14 32 23 32 23 31 44 33 33 22 41 44 32 22 33 44 11
1 23 14 33 44 33 23 32 23 31 41 31 31 23 44 11 32 33 33 11 11
1 23 14 33 11 33 23 33 22 33 44 33 33 22 41 41 33 32 33 41 11
1 22 11 33 11 33 33 33 23 33 44 33 33 22 11 44 33 32 33 44 11
1 23 14 32 14 33 23 22 33 33 44 31 31 33 44 11 32 33 31 11 14
1 23 11 22 14 33 23 32 23 31 11 33 31 23 44 44 33 32 33 44 11
1 22 14 33 44 32 23 22 22 31 41 33 31 22 41 41 33 22 33 44 11
1 23 44 22 14 33 22 33 22 31 41 33 33 23 44 41 32 32 31 11 11
1 23 11 33 14 32 23 22 23 11 11 33 31 23 41 11 22 32 31 11 14
1 22 44 22 14 32 23 33 23 31 44 31 31 23 41 44 22 32 31 44 14
1 22 44 33 14 33 23 32 33 11 41 33 11 22 44 44 32 32 31 11 14
1 22 11 33 11 33 23 33 23 33 44 33 31 22 44 41 33 22 33 44 11
1 33 11 33 11 33 22 33 22 33 11 33 31 23 44 11 32 33 31 11 11
1 22 14 32 14 32 33 33 23 33 41 33 33 23 11 41 33 33 33 44 11
1 22 11 33 11 33 33 33 22 33 44 33 33 22 44 44 33 33 33 44 11
1 22 11 33 11 33 23 33 22 33 41 33 31 23 44 44 33 33 31 41 11
1 22 14 33 14 22 23 32 33 11 41 11 31 22 44 41 32 22 33 11 11
1 22 11 33 11 32 23 33 22 31 44 31 31 22 44 41 33 32 33 44 11
1 22 14 32 14 22 23 22 23 31 44 31 31 22 41 44 32 33 31 11 11
1 23 14 32 14 33 33 22 23 11 41 31 31 23 41 41 33 33 33 41 14
1 23 11 33 14 32 22 33 23 33 41 33 33 22 41 44 22 32 31 41 14
1 22 14 33 11 33 23 33 33 33 44 33 33 22 44 41 33 32 33 41 11
1 22 11 33 14 33 23 33 23 31 44 33 33 23 44 41 33 33 33 44 11
1 22 14 33 14 33 22 33 33 33 41 33 31 22 44 44 33 32 33 41 11
1 22 11 33 11 33 22 32 23 11 41 33 33 22 41 41 32 33 31 11 11
1 23 11 33 14 33 22 32 22 31 41 33 33 23 44 44 33 32 31 41 11
1 23 44 33 14 32 22 22 23 31 11 33 31 23 44 41 32 22 33 41 14
1 23 14 32 11 32 23 33 23 31 11 31 31 22 41 41 32 33 33 44 11
1 23 11 33 11 33 22 22 22 31 44 31 31 23 41 41 33 32 33 44 14
1 22 14 33 14 33 23 33 22 31 41 33 31 23 44 41 33 32 31 41 11
1 23 11 33 11 33 23 32 23 33 41 33 33 23 44 44 32 33 31 41 11
1 23 11 33 14 33 23 33 23 31 44 31 31 23 41 44 32 32 31 11 11
1 23 14 32 11 22 23 32 23 11 41 31 31 23 41 44 33 32 33 41 11
1 33 14 32 14 32 23 32 33 31 41 31 33 23 41 11 22 32 33 41 14
1 22 11 32 14 33 22 32 22 33 41 31 31 33 44 44 33 32 33 41 11
1 33 14 32 14 32 33 22 23 11 41 33 31 33 41 44 32 32 31 41 11
1 23 11 33 11 32 23 33 33 11 44 33 31 22 41 41 22 33 33 41 14
1 33 14 32 44 22 23 33 23 31 41 31 31 23 41 44 22 33 33 44 11
1 23 11 33 14 32 33 32 33 31 44 11 11 23 44 41 32 33 31 11 14
1 23 11 33 14 33 23 33 22 33 41 31 31 22 41 44 33 33 33 44 11
1 22 11 33 11 33 22 32 23 33 41 33 33 22 44 44 33 33 33 44 11
1 23 14 33 11 32 23 33 23 31 41 33 33 33 44 44 32 32 31 41 14
1 22 11 33 14 33 23 32 23 33 44 31 31 23 41 41 33 22 33 41 11
1 23 14 33 14 32 23 33 23 33 44 33 33 23 44 44 33 33 33 44 11
1 22 11 33 11 32 23 32 22 33 44 33 33 23 44 44 33 33 33 41 11
1 23 44 32 14 33 23 32 33 31 44 31 33 33 41 44 32 22 33 41 11
1 23 11 22 44 33 22 33 22 33 44 33 31 23 41 44 22 32 33 41 11
1 23 11 32 11 33 23 32 23 33 11 33 33 23 44 44 32 33 31 44 14
1 33 14 33 11 32 23 22 22 31 41 33 33 22 41 44 32 32 31 44 11
1 22 11 33 14 32 33 33 22 33 44 31 11 22 44 44 32 33 33 41 11
1 22 14 32 11 33 22 32 22 33 41 31 11 23 44 44 32 33 33 41 14
1 22 11 33 14 32 23 33 33 31 41 33 31 22 44 44 32 22 33 44 11
1 22 11 33 14 33 23 33 23 33 41 33 33 22 44 44 33 33 33 41 11
1 22 14 32 44 32 23 32 33 33 41 33 33 23 44 44 33 33 33 41 14
1 22 14 33 14 32 23 22 23 33 44 33 33 22 44 44 32 32 33 11 11
1 22 14 33 11 33 23 22 33 33 44 33 33 23 44 44 32 32 31 41 11
1 23 14 33 11 33 22 22 22 33 44 33 33 23 44 11 33 32 33 44 14
1 23 14 33 44 32 22 22 23 31 44 31 33 23 44 11 32 33 33 41 11
1 22 11 32 11 33 22 32 22 33 41 33 33 22 44 44 33 33 31 44 11
1 23 44 32 11 33 33 22 22 31 44 33 33 22 44 44 33 32 33 41 11
1 23 14 33 14 32 23 22 23 31 41 33 31 23 41 41 33 22 31 11 14
1 22 44 33 14 32 23 32 23 11 44 33 31 22 44 44 33 32 31 41 11
1 22 14 33 14 32 23 32 23 33 41 33 33 33 11 44 32 33 31 44 11
1 23 44 32 44 32 33 32 23 33 11 33 33 22 44 41 32 32 31 44 11
1 23 14 33 11 32 23 32 33 33 44 33 31 23 11 11 33 32 31 41 11
1 22 11 33 11 33 22 22 23 31 44 33 33 22 44 41 33 33 33 44 11
1 22 14 33 14 32 23 33 33 33 11 33 33 22 41 11 32 33 31 41 14
1 22 11 22 14 33 23 32 33 33 41 33 33 23 44 44 32 32 31 44 14
1 22 14 33 11 33 33 33 33 33 44 33 33 22 44 44 33 33 33 44 11
1 22 14 33 14 32 33 22 23 31 41 33 33 22 44 41 32 33 33 41 11
1 22 11 33 11 33 23 22 23 31 44 33 33 23 44 44 32 33 33 41 11
1 22 11 33 11 33 33 33 23 33 41 33 31 23 44 41 33 32 33 44 11
1 23 44 32 44 32 23 22 23 11 41 33 33 23 41 41 32 33 33 44 11
1 22 11 33 11 33 22 22 23 11 44 33 33 23 41 41 33 32 33 11 11
1 33 44 32 14 32 33 33 23 33 44 31 31 23 44 41 32 22 33 41 11
1 23 11 32 14 32 23 33 22 11 11 33 31 33 44 44 22 22 33 44 11
1 22 14 33 11 33 23 33 23 31 44 31 33 22 44 41 32 32 33 44 11
1 22 14 33 11 33 23 33 22 31 44 33 33 23 44 44 32 33 31 44 11
1 22 14 22 14 32 22 22 23 33 44 11 31 22 44 41 33 33 33 44 11
1 23 14 33 14 32 23 32 23 11 11 33 33 33 11 41 33 32 33 41 11
1 22 14 33 11 32 23 32 23 33 41 31 31 23 44 44 33 32 33 44 11
1 23 11 33 44 32 23 22 33 33 41 33 31 23 44 11 32 32 33 11 44
1 23 14 32 11 22 33 32 22 31 44 33 11 23 44 11 33 33 31 11 11
1 22 11 33 11 32 22 32 23 31 44 33 33 22 44 41 33 33 31 11 14
1 22 11 33 11 33 22 33 22 33 44 33 33 22 44 44 33 33 31 44 11
1 23 44 33 11 33 23 22 33 11 44 33 33 33 44 44 33 33 33 41 11
1 33 11 33 14 33 22 32 22 31 11 33 31 23 44 44 22 32 33 44 14
1 23 14 32 14 33 22 32 23 31 41 33 33 23 44 41 33 32 31 41 14
1 33 44 33 11 32 33 33 23 33 44 31 31 33 41 41 32 32 31 44 11
1 23 14 33 11 33 22 32 23 33 41 33 31 23 41 44 32 32 33 41 11
1 23 14 33 11 33 23 22 22 31 44 33 33 22 44 41 32 32 31 41 11
1 23 11 33 11 33 33 33 22 33 44 33 11 23 44 11 32 32 31 41 14
1 22 44 33 14 33 33 32 33 31 41 33 31 33 44 11 22 32 31 41 11
1 23 11 33 14 33 23 32 22 31 44 31 31 22 44 41 33 32 33 44 11
1 22 14 33 11 22 22 33 22 31 44 33 33 23 41 44 32 33 33 41 11
1 22 11 32 14 33 23 32 22 33 44 33 33 22 41 41 32 33 33 44 11
1 33 14 32 14 32 33 32 23 33 11 33 31 23 41 11 32 22 31 44 14
1 22 11 33 14 33 22 32 23 33 41 31 31 22 44 44 33 32 33 44 11
1 22 14 33 11 33 22 33 23 33 44 31 31 22 44 41 32 33 31 44 11
1 22 11 33 14 33 23 33 22 33 41 33 33 22 44 44 33 33 33 44 11
1 22 11 33 11 33 23 22 23 33 44 31 33 23 44 44 33 33 33 41 11
1 23 11 33 14 33 23 33 23 33 44 33 31 22 41 41 33 22 33 41 11
1 33 11 33 14 33 23 33 33 31 44 33 33 23 44 44 32 32 33 44 11
1 22 14 33 11 33 23 33 22 33 41 31 33 23 41 11 32 33 33 41 11
1 23 11 32 11 32 23 33 33 31 44 33 11 22 41 41 22 22 31 11 11
1 22 11 32 11 33 22 22 33 31 44 31 33 22 44 44 33 33 33 44 11
1 22 14 22 14 33 33 32 23 11 41 33 33 23 41 41 22 32 31 41 11
1 22 14 32 44 32 23 33 23 33 41 31 31 23 44 41 32 33 33 11 11
1 22 11 33 44 33 23 32 33 31 44 31 31 23 44 41 32 33 33 44 14
1 22 11 33 44 32 23 22 22 31 44 33 11 23 41 44 22 32 33 11 11
1 23 14 22 14 32 33 32 23 33 41 33 31 23 44 41 32 32 31 41 11
1 22 11 33 11 33 23 22 22 31 41 33 31 23 44 44 32 32 33 44 14
1 22 11 33 11 33 23 22 23 11 41 33 31 22 44 41 33 32 33 44 11
1 23 14 22 14 32 22 33 23 11 44 31 31 23 44 41 32 32 33 41 14
1 23 11 32 44 33 23 32 22 31 11 31 33 22 44 41 32 32 31 11 11
1 22 11 32 11 32 23 33 22 33 41 33 33 23 44 44 33 33 33 44 11
1 23 14 33 11 33 23 33 22 33 41 31 33 22 41 44 22 22 31 41 14
1 23 14 32 14 33 23 32 23 31 41 33 31 23 41 41 32 32 31 41 14
1 22 11 32 11 33 23 32 33 33 44 33 33 23 44 41 33 32 33 44 11
1 23 44 22 14 32 33 33 33 33 41 33 31 23 41 41 32 32 31 41 11
1 22 11 33 11 32 22 32 22 33 44 33 31 22 41 11 32 32 33 41 11
1 22 11 32 11 32 23 32 23 31 41 33 33 22 44 44 32 33 31 44 11
1 23 14 33 11 32 22 33 22 11 41 33 33 23 44 44 32 33 33 44 11
1 23 11 33 11 32 23 33 23 33 44 33 33 22 44 44 33 33 31 41 11
1 22 14 33 14 32 22 33 23 31 44 33 31 22 44 44 33 32 33 44 14
1 23 14 33 14 33 33 32 23 31 41 33 33 22 41 41 33 22 33 44 14
1 22 11 33 11 32 23 33 22 31 44 33 33 22 44 44 33 33 33 44 11
1 22 11 33 14 33 23 33 23 33 41 33 33 23 41 41 33 33 33 44 11
1 22 14 33 14 32 22 32 23 31 44 31 33 23 41 41 32 33 31 44 11
1 23 44 33 11 33 23 33 22 31 41 33 31 23 44 44 32 33 33 44 11
1 23 11 32 11 32 23 32 33 33 41 31 31 23 41 41 32 32 33 41 14
1 23 11 33 14 33 22 33 23 31 44 33 31 23 44 44 32 32 33 44 11
1 22 11 33 14 22 23 33 22 33 44 33 33 22 44 41 33 33 33 41 14
1 22 11 32 14 32 23 32 22 31 44 33 33 22 44 44 32 32 33 44 11
1 22 11 33 44 33 22 33 22 33 44 33 33 23 44 41 32 22 33 11 11
1 22 11 33 44 32 23 33 23 31 44 33 31 23 44 44 33 33 33 44 11
1 23 44 32 14 22 23 32 23 33 44 33 31 22 41 11 22 32 31 41 14
1 22 11 32 14 33 23 32 23 33 44 33 33 23 44 41 32 33 33 44 11
1 22 11 32 11 33 33 33 23 33 41 33 31 23 41 41 32 33 33 41 11
1 23 14 32 44 33 33 32 23 31 41 11 11 23 44 11 32 32 31 41 11
1 22 11 33 11 33 33 32 23 33 44 31 31 22 44 41 33 32 33 41 11
1 23 11 32 44 32 23 33 33 31 44 33 31 23 44 44 32 33 33 41 11
1 22 11 33 11 33 23 33 23 33 44 33 33 22 44 44 32 33 33 41 11
1 22 14 32 14 33 23 32 22 31 41 33 11 23 44 41 32 33 33 44 14
1 23 11 32 11 33 23 32 33 33 11 33 31 23 44 41 33 32 31 44 11
1 22 14 33 11 32 22 33 23 33 44 33 31 22 44 44 33 32 33 41 14
1 22 11 33 11 32 22 33 33 33 11 33 31 22 44 41 22 33 33 44 11
1 23 11 33 11 33 23 33 23 31 44 33 33 22 44 41 33 33 33 44 11
1 22 11 33 11 33 23 33 22 33 44 33 33 22 44 41 32 32 33 44 11
1 22 11 33 11 33 22 33 23 31 44 33 33 22 44 44 33 33 31 44 11
1 23 11 32 14 32 22 32 23 33 41 31 11 23 41 41 32 33 31 44 11
1 22 14 33 14 32 23 32 23 33 41 33 31 22 41 41 32 32 33 41 11
1 23 14 33 14 33 23 33 23 31 41 33 31 22 44 41 32 33 33 41 14
1 22 14 33 11 33 23 33 22 33 44 33 33 22 44 44 32 33 33 41 11
1 22 14 32 14 33 22 33 23 31 44 31 31 23 44 41 33 33 11 41 11
1 23 14 32 14 32 22 22 23 33 41 11 31 22 44 41 32 32 33 41 14
1 23 14 32 44 33 23 32 23 11 41 31 11 23 44 41 22 33 31 44 11
1 23 14 33 11 33 22 33 23 33 41 31 33 22 44 44 33 32 31 41 11
1 22 14 33 14 33 33 22 33 31 41 31 31 22 41 41 32 33 33 44 11
1 22 11 33 11 33 23 32 23 31 44 31 33 22 41 44 32 33 31 41 11
1 22 14 33 11 33 33 32 23 33 41 33 33 22 44 44 33 33 33 44 11
1 22 11 33 14 33 22 32 33 33 44 33 31 22 44 41 33 32 33 41 11
1 22 14 33 11 33 22 32 33 33 41 33 31 23 44 44 33 32 33 44 11
1 23 11 33 44 33 33 32 22 31 44 33 31 22 44 41 32 33 33 41 11
1 23 14 32 11 33 33 32 22 33 44 31 33 22 44 44 33 33 31 41 14
1 22 11 33 11 32 22 32 23 31 44 33 33 22 41 44 33 33 31 41 11
1 22 11 33 14 22 23 22 22 33 44 33 31 23 44 44 32 33 33 41 11
1 23 14 32 44 33 23 32 22 31 41 31 31 22 41 41 33 32 31 44 11
1 33 44 33 14 32 33 33 22 31 41 31 31 23 41 44 33 22 33 11 14
1 22 14 33 14 33 22 32 22 31 44 31 33 22 44 44 33 33 31 44 11
1 22 14 33 44 33 33 32 22 33 44 31 31 22 41 41 33 33 33 44 11
1 22 14 32 11 33 33 33 33 33 41 33 33 22 44 41 33 32 33 41 11
1 22 11 33 11 32 22 33 33 33 44 33 33 22 44 41 33 33 33 41 14
1 23 14 33 14 33 23 33 22 31 44 33 33 23 41 41 33 33 33 41 11
1 22 11 33 11 33 23 32 23 11 11 33 31 22 44 44 32 32 33 44 11
1 23 14 33 14 33 22 33 22 11 41 33 11 22 44 41 32 32 31 44 11
1 23 14 32 14 33 23 32 23 33 44 33 33 23 41 44 33 32 31 41 11
1 22 14 33 14 32 33 33 23 31 41 33 33 22 44 41 32 33 33 11 14
1 22 11 33 11 33 22 33 23 33 44 33 33 22 44 44 33 32 33 44 11
1 22 11 33 14 33 22 33 22 33 44 33 31 22 44 41 32 32 33 41 11
1 22 44 32 14 32 23 22 23 11 41 33 31 23 41 44 32 32 33 11 11
1 23 14 22 14 33 33 22 23 31 11 31 11 22 44 11 32 33 33 41 11
1 22 11 33 14 32 22 32 23 33 44 33 33 22 44 44 33 32 33 44 11
1 23 14 32 14 33 33 32 23 31 41 31 33 22 44 41 22 32 31 41 11
1 23 14 33 44 22 22 32 33 33 41 31 31 23 44 44 32 33 33 41 11
1 23 11 33 11 33 23 32 23 31 44 33 31 22 41 44 32 33 33 44 11
1 23 11 33 44 33 22 33 23 11 41 33 31 23 41 41 33 33 31 41 14
1 23 11 32 11 33 22 33 23 33 44 33 31 22 44 41 33 33 33 44 11
1 23 11 33 14 33 23 32 23 33 41 33 33 22 44 41 33 33 33 44 11
1 22 11 33 11 33 23 32 22 33 44 33 33 22 41 41 32 33 33 11 11
1 23 11 22 14 32 33 22 33 31 11 11 31 23 41 41 33 32 33 44 11
1 23 14 33 14 22 23 33 22 33 11 31 11 23 44 41 33 22 33 41 11
1 22 44 33 44 32 33 32 23 31 41 33 33 33 44 41 22 33 31 44 11
1 23 11 32 11 33 22 32 22 31 44 33 31 22 44 41 33 32 33 41 11
1 22 14 33 11 32 23 33 23 31 44 33 31 33 41 44 32 33 31 44 11
1 22 11 33 11 33 22 33 22 31 41 31 33 22 44 41 33 32 33 44 14
1 22 14 33 11 33 23 33 33 33 44 31 33 22 44 41 32 32 33 44 11
1 22 44 33 44 32 23 32 33 31 44 33 31 23 44 44 32 33 33 11 11
1 22 14 33 14 32 22 32 22 33 44 31 33 23 41 44 33 33 33 11 11
1 22 11 32 11 32 22 32 33 11 11 31 33 33 44 41 33 32 33 41 11
1 22 14 33 11 33 22 33 22 33 41 33 33 22 44 44 33 33 31 44 11
1 22 14 33 11 33 23 32 22 31 44 31 33 22 44 11 33 32 31 44 11
1 23 44 33 14 33 23 22 22 11 41 33 11 33 41 11 22 32 33 44 11
1 22 44 32 44 32 22 32 23 31 11 33 31 22 44 41 33 33 33 41 11
1 22 11 32 14 32 23 22 23 31 41 33 31 23 41 11 33 22 31 41 44
1 33 14 32 44 33 22 32 23 33 41 31 33 33 41 11 33 32 31 41 44
1 23 44 33 44 32 23 32 33 33 44 31 33 22 44 41 32 33 33 41 14
1 23 11 33 44 32 23 33 22 33 44 33 33 22 44 41 33 32 33 44 11
1 22 11 32 14 33 22 33 22 33 44 33 33 23 41 41 32 33 33 44 11
1 23 44 32 14 32 22 32 33 31 44 31 31 23 44 41 33 32 33 41 14
1 23 14 33 11 32 22 32 23 31 44 33 33 22 44 41 32 32 33 11 11
1 22 14 33 14 33 23 32 23 31 11 33 33 23 44 44 33 33 33 41 11
1 22 14 33 14 32 23 22 33 31 44 31 33 23 41 11 32 22 33 11 11
1 33 14 32 11 32 23 32 23 31 41 31 33 23 41 41 33 32 33 41 14
1 22 11 32 14 32 33 33 33 31 11 31 31 23 44 41 32 22 33 11 14
1 22 14 33 11 33 22 32 33 31 41 33 33 23 41 44 33 33 31 44 14
1 22 14 32 14 32 23 33 23 33 41 33 31 22 44 44 32 33 33 11 11
1 23 11 33 11 33 23 32 23 33 41 33 33 23 44 41 32 33 33 44 14
1 33 14 32 11 33 33 32 23 33 44 11 31 23 11 11 32 33 33 41 14
1 23 14 32 14 32 23 32 33 33 41 31 31 22 41 41 32 32 11 41 14
1 22 14 33 14 33 23 22 33 11 11 31 31 22 44 44 32 32 33 41 11
1 22 11 32 14 33 22 32 33 33 41 33 33 22 44 44 32 32 33 41 11
1 23 14 22 14 33 23 33 23 33 44 31 11 33 41 44 33 32 33 41 11
1 23 14 33 14 33 22 33 22 31 44 31 33 22 11 41 33 32 33 41 11
1 23 14 32 14 33 33 32 22 33 11 33 31 23 41 11 32 32 33 11 11
1 23 11 32 11 33 33 33 23 33 41 33 33 22 41 44 32 32 33 41 14
1 23 44 33 11 33 23 32 33 31 11 31 11 33 44 44 22 32 33 41 11
1 22 14 33 14 32 33 32 23 33 44 33 33 22 44 11 33 33 33 41 11
1 22 14 33 14 32 22 22 23 33 11 33 33 22 44 44 33 33 33 41 11
1 22 11 32 14 33 22 33 23 33 44 33 33 23 44 41 33 33 33 44 11
1 23 11 33 11 33 23 22 23 33 44 33 31 33 44 41 33 32 31 41 11
1 22 11 32 44 33 22 33 22 33 44 33 31 22 44 41 33 33 31 41 11
1 22 11 32 14 32 33 33 33 33 44 31 31 23 44 44 33 32 33 44 14
1 22 14 32 14 33 23 33 23 33 41 33 11 33 41 41 32 33 33 41 11
1 22 11 32 11 33 23 33 33 33 44 31 33 22 44 44 33 33 31 44 11
1 23 14 32 44 32 33 33 23 31 41 33 31 22 44 41 33 33 31 11 14
1 22 11 33 14 33 22 32 22 33 44 33 33 23 44 44 33 33 31 41 11
1 22 11 33 14 32 22 33 22 31 41 31 33 22 44 44 33 32 31 44 11
1 23 14 33 14 32 23 32 22 33 11 33 11 23 44 41 32 32 31 41 11
1 22 11 33 44 33 23 32 22 31 44 33 33 22 41 44 33 33 33 44 11
1 22 14 32 11 33 23 22 23 33 44 33 33 23 41 44 33 33 33 41 11
1 23 11 32 14 32 22 32 23 33 41 33 31 33 41 41 32 22 31 41 44
1 22 14 33 11 32 23 32 22 31 44 33 33 23 44 44 33 33 33 41 11
1 22 14 33 14 32 23 32 23 33 41 33 33 23 41 11 32 33 31 41 11
1 23 11 33 11 33 22 33 23 31 41 33 33 23 41 41 32 33 31 44 11
1 22 11 32 11 33 22 33 22 33 44 33 31 22 44 41 33 32 31 41 11
1 23 11 33 11 33 33 33 22 31 44 33 31 22 44 41 33 33 31 41 11
1 22 14 33 14 33 23 33 33 33 44 33 31 23 44 41 32 32 33 41 11
1 22 11 32 14 33 22 32 23 31 41 31 33 22 44 44 33 33 31 41 14
1 33 14 32 11 33 22 33 22 33 44 33 33 22 41 41 33 33 33 41 11
1 23 14 33 44 32 23 32 23 33 44 31 33 22 44 41 32 32 31 41 14
1 23 14 33 44 32 23 33 33 33 41 33 33 22 44 44 33 22 33 11 14
1 22 14 33 14 33 33 33 23 33 44 33 33 23 41 41 32 32 31 44 11
1 22 44 32 11 33 22 22 22 33 41 33 11 22 44 41 33 33 31 44 11
1 22 14 33 11 33 22 33 22 33 41 33 33 23 44 11 33 33 33 41 11
1 23 11 33 14 32 33 32 23 33 44 33 33 22 44 44 33 33 33 11 11
1 22 11 33 14 33 22 33 22 31 44 33 33 23 44 44 33 33 31 44 11
1 22 14 33 14 33 23 32 23 33 41 31 31 22 44 44 33 33 33 44 11
1 23 14 33 14 22 23 32 23 31 41 33 31 23 44 44 22 22 11 44 14
1 23 44 32 14 32 22 32 33 33 44 33 33 23 11 44 32 22 33 11 11
1 23 11 33 11 32 23 33 22 31 44 33 33 33 41 41 33 33 33 44 11
1 22 14 22 14 22 23 33 23 31 11 11 11 23 41 41 32 22 31 41 11
1 22 14 33 14 33 23 22 23 31 11 31 33 23 41 44 33 33 31 44 11
1 22 11 33 11 33 23 33 22 31 41 33 31 23 44 41 32 33 31 41 11
1 22 14 33 44 33 22 32 23 11 44 33 33 22 41 41 32 22 31 11 11
1 22 44 33 44 32 23 22 23 33 44 33 31 23 44 44 32 33 33 41 11
1 23 14 33 44 32 22 22 23 31 41 33 33 33 41 41 33 32 31 41 14
1 22 11 32 14 32 33 32 33 11 44 31 33 23 41 44 32 32 33 41 11
1 22 11 33 14 33 23 32 23 31 44 33 33 22 44 44 33 32 33 41 11
1 22 14 33 11 33 23 22 23 31 41 33 31 22 44 44 33 33 33 41 11
1 23 14 33 44 32 22 32 33 33 44 33 33 22 44 44 32 32 31 44 11
1 23 14 33 44 32 23 22 33 33 41 33 11 33 44 41 32 22 33 44 11
1 22 11 33 14 33 33 33 22 33 11 31 33 22 44 41 32 33 33 44 11
1 23 14 33 11 33 23 32 23 31 44 33 31 22 41 44 33 33 33 41 11
1 23 14 33 14 33 33 32 23 33 11 11 33 22 44 41 33 32 11 41 11
1 22 11 33 14 32 23 22 23 31 44 33 31 23 44 41 32 22 33 41 14
1 22 14 32 14 33 23 33 22 31 44 31 11 23 44 41 32 32 33 41 11
1 23 11 33 11 32 23 32 23 33 44 33 33 23 44 41 33 33 33 44 11
1 33 11 33 11 32 33 22 33 33 44 33 31 23 44 41 33 32 33 44 14
1 23 14 32 11 32 33 32 22 33 44 33 31 33 44 41 33 32 33 41 11
1 33 14 32 14 22 23 32 23 33 41 33 31 22 44 41 32 33 33 41 44
1 22 11 33 11 32 33 33 23 31 44 33 31 23 44 11 33 32 11 41 11
1 23 44 32 14 32 23 32 23 33 41 31 31 23 44 41 32 32 31 44 14
1 23 11 33 14 32 23 33 22 33 44 33 11 22 44 44 32 33 33 41 11
1 33 11 22 14 22 23 32 23 31 11 31 31 22 41 44 32 33 11 41 11
1 22 14 32 11 33 23 22 33 31 41 33 31 22 11 11 32 33 33 41 11
1 23 11 32 14 33 23 32 22 31 44 33 31 33 44 41 22 33 31 41 11
1 22 14 33 14 33 23 33 22 33 44 31 33 22 41 44 33 33 33 44 11
1 23 11 22 11 33 33 33 23 31 44 33 33 22 41 44 33 33 33 44 11
1 22 44 32 11 32 33 32 33 31 44 33 33 33 44 41 33 33 11 44 11
1 23 44 32 14 33 33 33 23 33 41 33 33 22 41 11 22 22 33 11 11
1 22 11 33 14 32 23 32 23 33 41 33 31 23 41 41 33 33 31 44 14
1 23 11 33 14 33 22 33 33 33 41 31 11 22 44 44 32 33 33 11 11
1 23 11 33 14 22 23 32 23 33 44 31 31 23 44 44 33 33 31 44 11
1 23 14 33 14 33 23 22 22 33 44 33 31 22 44 44 32 32 31 44 11
1 22 44 33 11 33 23 32 23 11 44 11 33 22 44 44 32 22 33 41 11
1 22 11 33 14 33 33 22 23 33 44 31 33 22 44 41 33 32 31 11 11
1 23 14 33 14 33 22 33 23 31 44 33 31 22 44 44 33 33 33 44 11
1 22 14 33 11 32 23 32 33 31 44 31 33 23 11 44 33 22 31 41 14
1 23 44 32 14 33 22 22 23 33 41 31 33 23 41 41 33 32 33 44 11
1 22 11 33 11 32 23 32 23 33 11 33 33 33 44 41 33 33 33 41 14
1 22 14 32 14 33 23 33 33 33 41 31 31 23 41 41 32 32 11 41 14
1 22 14 32 14 33 23 33 23 11 41 33 33 22 41 44 33 32 33 44 11
1 23 44 33 11 32 22 32 33 33 44 33 33 23 11 41 33 33 33 44 11
1 23 14 33 11 33 23 33 22 33 41 33 31 22 41 41 33 33 11 44 11
1 23 11 33 11 32 23 32 33 31 41 31 31 23 41 41 22 22 33 41 14
1 23 11 32 14 32 33 32 33 31 41 33 33 23 44 11 32 22 31 41 11
1 23 14 32 11 33 23 22 33 33 44 33 31 23 44 41 33 32 33 44 11
1 22 11 33 14 32 23 32 23 31 41 33 31 23 41 11 22 32 31 44 14
1 23 14 32 14 33 22 22 23 33 44 31 33 23 41 44 32 33 31 44 11
1 33 11 33 44 32 23 32 23 33 41 33 11 23 44 11 22 22 31 41 11
1 22 14 33 11 33 23 32 33 31 41 33 31 22 44 44 32 32 33 44 11
1 23 14 32 14 32 33 22 33 31 41 31 31 23 41 11 33 32 11 41 11
1 22 14 33 14 33 22 33 33 11 41 33 33 33 44 41 32 33 31 41 11
1 23 14 32 11 33 23 32 33 33 41 31 33 23 41 44 32 32 31 41 11
1 22 14 33 11 33 23 33 22 31 41 33 33 22 44 44 33 33 33 44 11
1 22 11 33 11 33 23 33 23 31 44 33 33 22 44 41 33 33 33 44 11
1 23 14 33 11 33 23 32 23 31 44 33 11 22 44 11 33 33 33 44 11
1 23 14 33 11 33 33 33 23 33 41 31 31 23 44 11 33 32 33 44 11
1 22 14 33 14 32 22 33 23 31 44 33 31 23 41 41 33 33 31 41 11
1 22 11 32 44 33 33 33 23 31 11 33 31 23 44 44 33 22 31 41 11
1 23 11 33 11 32 23 32 22 33 44 33 33 23 44 11 33 33 33 44 11
1 22 14 33 11 32 33 33 22 33 44 33 33 22 44 41 32 32 33 11 11
1 23 44 33 14 32 23 22 23 31 44 33 31 23 44 41 32 32 31 41 11
1 22 14 33 11 32 23 32 33 31 44 33 31 23 41 41 33 32 33 11 11
1 22 14 33 14 33 23 32 23 33 41 31 33 23 44 44 33 32 31 44 11
1 33 14 33 11 33 33 32 23 31 41 33 31 23 44 44 32 32 33 11 11
1 23 44 32 14 32 23 32 33 31 41 31 31 23 41 11 32 32 31 41 44
1 22 14 33 11 33 22 33 22 33 44 33 33 23 44 41 33 33 31 44 11
1 22 14 33 11 33 22 33 22 33 44 33 31 22 44 41 32 32 31 44 11
1 23 14 33 14 33 22 22 23 31 44 31 33 22 41 44 22 32 33 11 11
1 22 44 32 44 32 23 32 23 33 41 33 31 23 44 44 33 33 31 41 11
1 22 11 33 11 33 22 33 23 31 44 33 33 22 44 44 33 32 33 41 11
1 23 11 32 44 33 33 32 23 33 44 11 31 22 41 44 32 33 33 41 11
1 23 14 33 11 32 23 32 22 33 41 33 11 23 44 44 33 33 33 41 11
1 23 11 32 11 33 22 32 22 11 41 33 31 23 44 41 33 32 33 41 11
1 23 11 33 11 32 23 33 22 33 44 33 33 22 41 41 33 32 11 44 11
1 22 11 33 14 32 23 33 23 31 44 33 33 22 44 44 32 32 31 41 11
1 23 11 32 14 33 22 33 23 31 41 33 33 22 44 44 32 33 11 41 11
1 22 14 33 14 33 22 32 23 33 44 33 33 22 44 44 32 33 31 41 11
1 23 11 33 14 33 23 32 23 33 41 33 33 22 44 44 33 32 31 44 14
1 22 11 33 11 33 22 22 23 33 44 33 33 22 44 44 32 33 33 44 11
1 23 11 33 14 33 22 32 22 31 41 33 31 23 41 41 32 32 33 44 11
1 23 44 32 14 32 23 33 22 33 44 33 33 23 41 44 33 32 33 44 11
1 22 11 33 11 33 23 33 22 33 44 33 33 22 44 44 33 33 33 44 11
1 23 14 32 11 32 23 32 23 33 44 31 31 22 44 44 32 32 33 41 11
1 22 14 33 44 32 33 32 23 31 44 33 31 22 41 44 33 33 33 44 11
1 23 14 33 11 33 22 32 23 33 44 33 31 23 41 44 32 33 33 44 11
1 33 44 22 44 22 22 22 22 11 41 33 31 23 41 41 32 22 33 41 11
1 23 14 32 14 33 22 33 33 31 41 33 31 22 44 44 33 32 33 41 14
1 22 11 33 11 33 23 32 23 33 44 33 31 22 44 41 33 33 33 41 11
1 33 11 32 11 32 33 32 33 33 11 31 33 23 11 44 32 22 31 44 11
1 23 14 32 14 32 22 33 23 31 41 33 31 23 44 41 33 32 33 11 11
1 22 11 32 11 32 33 22 23 33 44 33 33 22 44 41 32 32 33 44 11
1 23 14 32 11 22 23 32 22 31 41 33 31 23 44 41 32 32 33 41 14
1 33 14 32 14 33 33 32 23 31 41 33 31 22 44 44 22 32 31 44 11
1 22 14 33 44 32 22 32 22 33 41 33 31 23 44 41 32 33 33 44 11
1 22 11 32 14 32 33 33 23 33 44 33 33 22 44 41 33 32 33 41 14
1 23 44 32 44 32 33 32 33 11 41 31 31 23 11 41 33 32 11 44 11
1 33 14 33 14 33 33 32 23 31 41 31 31 23 41 44 33 33 33 41 11
1 22 14 32 14 32 23 32 23 31 41 31 11 23 44 41 32 32 31 44 11
1 23 11 22 44 33 33 33 23 31 11 33 33 23 41 44 22 33 11 11 11
1 22 11 33 14 33 33 33 33 33 44 33 33 23 41 44 33 33 33 41 14
1 22 14 32 14 32 33 32 23 33 44 33 31 22 44 41 32 33 11 41 14
1 23 11 32 11 33 22 32 33 31 41 33 33 22 44 41 32 33 33 41 11
1 33 44 32 11 33 33 22 23 31 41 33 33 22 41 41 32 32 33 44 11
1 23 14 33 11 33 22 33 22 33 41 33 33 23 41 44 33 33 33 44 11
1 23 11 32 14 33 23 32 23 33 41 33 11 22 11 41 32 32 33 41 11
1 23 11 32 44 33 22 32 23 11 41 33 33 22 44 44 33 33 33 44 11
1 23 14 33 11 32 22 32 23 31 41 33 31 23 41 44 33 33 31 41 11
1 22 44 32 14 33 23 32 23 31 44 33 31 33 41 41 32 32 33 41 11
1 23 11 33 14 33 22 32 23 31 44 31 31 22 41 44 32 33 33 41 11
1 23 11 33 11 33 23 32 23 33 44 33 33 22 44 41 33 33 11 41 11
1 22 14 33 11 32 33 32 23 33 44 33 33 22 44 44 32 33 31 44 11
1 23 14 33 14 33 23 32 23 31 41 33 33 22 41 44 32 33 31 44 11
1 33 14 33 14 33 23 32 23 31 44 33 33 23 44 41 32 33 31 41 11
1 22 11 33 14 33 22 33 22 33 44 33 31 22 44 41 32 33 33 44 11
1 23 11 32 14 33 23 32 33 31 41 33 33 22 44 41 32 33 33 44 14
1 33 14 32 11 33 23 22 33 31 44 33 11 22 41 41 33 33 31 11 11
1 23 14 33 11 32 23 33 23 33 11 33 33 23 41 44 33 33 33 44 14
1 23 14 22 11 32 33 22 23 31 41 33 31 23 11 44 33 32 31 44 44
1 22 11 33 11 33 23 33 23 33 41 33 33 33 41 44 33 32 33 44 11
1 22 11 32 11 33 22 33 23 31 44 33 33 23 44 41 32 32 33 41 11
1 33 14 32 14 22 23 32 33 11 11 11 31 23 41 41 32 22 33 11 14
1 23 14 33 11 32 23 32 22 33 44 33 33 22 41 44 33 32 33 44 11
1 23 14 33 11 33 22 33 23 33 41 33 31 22 41 41 33 33 33 41 11
1 22 14 33 44 33 23 32 33 33 44 33 33 23 44 44 32 32 33 11 14
1 23 11 33 14 32 33 32 23 11 41 33 31 22 41 41 32 32 33 41 14
1 22 14 32 44 32 23 32 23 11 41 31 11 22 41 44 32 33 31 44 14
1 23 11 33 14 33 22 32 22 33 44 33 33 23 44 44 32 32 33 41 11
1 22 14 33 11 32 33 32 33 31 41 33 31 33 41 44 22 33 31 41 14
1 22 44 32 14 22 23 32 22 33 44 33 31 23 41 11 22 33 33 41 14
1 22 11 33 14 33 22 32 22 31 41 33 31 22 44 41 32 33 33 44 11
1 23 14 32 14 33 22 32 23 33 41 11 33 23 44 44 32 33 33 44 14
1 23 14 33 14 32 33 32 33 31 41 33 31 23 41 41 32 32 33 11 11
1 23 11 32 14 33 23 32 22 33 41 31 31 23 44 41 33 33 33 11 11
1 23 44 32 14 33 22 33 22 33 41 31 11 22 44 41 32 32 33 11 11
1 22 11 33 14 33 33 22 22 31 44 33 31 22 41 41 33 33 31 44 11
1 23 14 33 14 33 22 33 33 31 41 33 33 22 44 11 32 33 33 41 14
1 23 14 33 11 33 33 33 22 31 11 33 33 22 44 41 33 22 31 44 11
1 23 11 33 14 33 23 32 22 31 44 33 31 33 41 44 32 33 31 44 11
1 23 11 33 11 32 22 32 23 33 41 31 33 22 41 11 33 33 31 41 11
1 23 14 33 14 33 23 32 23 31 41 33 11 22 41 41 32 32 33 44 11
1 23 14 33 14 33 23 32 33 31 41 33 31 22 44 11 33 32 33 11 14
1 33 11 33 11 33 22 33 22 33 44 33 33 22 44 44 32 33 33 44 14
1 22 14 33 11 32 33 32 33 33 44 31 31 22 41 41 22 32 31 41 11
1 22 14 33 44 32 22 33 22 33 44 33 33 23 44 41 33 33 33 44 14
1 22 14 32 11 33 23 22 22 33 41 33 31 23 44 41 33 32 33 11 14
1 22 11 33 44 32 23 32 22 11 11 31 33 22 44 44 33 33 33 44 11
1 22 14 32 14 33 23 33 23 31 41 33 31 22 41 41 33 33 31 11 11
1 23 14 32 11 33 33 32 33 31 11 33 31 22 44 44 33 32 31 41 11
1 23 14 32 11 33 33 22 23 11 41 33 31 22 44 44 32 33 33 41 11
1 23 44 32 14 33 23 22 23 31 41 31 31 33 44 41 22 32 31 11 11
1 22 14 32 14 32 22 32 33 31 44 33 31 23 44 41 32 22 33 41 11
1 23 11 33 11 33 22 33 22 33 44 33 33 22 44 41 33 33 33 44 14
1 23 11 33 11 33 33 32 23 33 44 33 33 22 44 41 32 32 31 41 14
1 33 44 33 14 32 33 32 33 31 41 33 31 23 44 11 33 22 33 11 14
1 22 14 32 14 32 23 32 23 31 44 33 33 22 44 44 33 33 33 41 14
1 22 11 33 11 33 23 33 23 31 44 33 33 23 44 44 33 33 33 44 11
1 22 11 33 14 33 22 32 22 31 41 33 33 23 44 44 33 32 33 44 14
1 33 44 32 11 22 33 32 23 33 41 31 31 23 44 44 22 32 33 44 11
1 23 11 33 11 32 22 22 23 31 44 31 33 23 44 41 33 33 33 44 14
1 23 14 33 14 33 22 22 22 33 44 31 33 22 44 41 33 22 33 44 11
1 22 11 33 14 33 33 33 33 33 44 33 33 22 44 44 33 33 31 11 14
1 22 14 32 11 33 22 32 22 33 41 33 11 22 44 44 32 33 33 41 11
1 22 14 33 14 32 23 32 23 33 41 33 31 23 44 44 32 32 33 44 11
1 22 11 33 11 32 23 33 23 33 44 33 33 22 41 44 33 32 33 44 11
1 22 11 33 11 33 23 32 23 33 44 33 33 22 44 44 33 33 33 11 14
1 23 11 33 11 32 23 22 23 31 11 33 31 23 41 44 33 33 33 44 11
1 33 11 22 14 32 33 22 23 31 41 31 11 23 41 44 22 32 11 11 14
1 23 14 32 11 33 23 33 23 11 44 33 31 33 41 11 22 32 33 41 11
1 23 11 33 14 33 33 32 22 31 44 33 11 22 44 41 33 32 33 44 11
1 23 14 32 11 32 23 33 22 31 11 11 31 23 44 44 32 22 31 41 11
1 22 14 33 44 22 23 32 22 33 41 31 31 33 44 11 33 33 31 41 11
1 23 14 32 14 32 23 33 23 31 44 33 31 33 44 41 32 32 11 41 11
1 23 11 33 11 32 23 22 22 31 44 31 11 33 41 44 33 32 31 44 11
1 23 11 33 14 33 23 33 22 31 41 33 31 22 41 44 32 33 33 44 14
1 23 11 33 14 33 22 33 23 33 44 33 33 23 44 44 32 33 31 44 11
1 22 14 33 44 32 23 32 23 31 41 11 31 22 44 44 33 33 31 44 11
1 22 11 33 11 33 23 33 23 33 44 31 31 23 44 44 33 33 33 44 11
1 22 11 33 14 33 23 32 23 33 44 33 33 23 44 41 33 22 33 44 11
1 23 14 33 44 22 23 32 33 11 41 33 33 23 44 44 32 32 33 41 14
1 23 44 33 14 32 23 32 23 33 44 33 31 22 41 41 33 32 33 41 11
1 22 11 33 44 33 33 22 23 31 41 33 33 22 41 44 33 33 33 44 11
1 23 44 33 44 33 23 33 22 31 41 33 31 22 44 44 22 32 31 11 44
1 22 11 33 14 33 22 33 23 33 41 33 33 22 44 44 33 33 33 44 14
1 33 14 33 14 22 23 32 33 33 41 31 31 33 41 41 32 32 31 41 44
1 22 11 33 14 33 22 33 22 33 41 33 31 23 44 41 33 33 33 44 11
1 23 11 32 11 33 23 22 22 11 41 33 33 23 44 44 33 33 31 11 14
1 22 11 32 11 32 23 33 23 31 41 33 33 22 44 11 32 32 33 44 11
1 23 11 33 11 32 23 32 22 31 41 31 33 23 44 41 32 32 33 44 11
1 23 11 33 44 22 33 22 23 11 44 11 31 23 11 41 32 22 33 11 11
1 23 14 33 14 33 22 33 22 31 44 31 33 22 41 44 22 33 33 41 11
1 23 14 32 14 33 22 32 23 31 44 33 31 22 44 44 33 33 33 41 11
1 22 11 33 11 32 23 32 23 11 44 33 33 23 44 44 32 33 33 41 11
1 22 11 33 14 33 23 22 23 33 41 33 33 22 44 44 33 33 33 41 11
1 23 11 33 14 32 23 32 33 33 41 33 33 23 44 41 32 33 31 11 14
1 23 44 33 11 33 22 33 22 33 44 33 31 22 44 41 32 33 33 41 11
1 22 14 32 14 32 23 33 23 33 41 33 33 22 44 44 33 33 33 44 11
1 22 14 33 14 33 33 32 23 31 44 33 33 23 44 41 33 33 33 44 11
1 23 11 33 11 33 23 32 22 33 44 33 33 22 44 44 33 33 33 41 11
1 23 11 33 14 33 23 32 23 33 44 33 33 22 41 41 33 33 33 41 11
1 22 14 33 14 33 23 33 23 31 44 33 33 23 44 44 33 32 33 44 11
1 23 11 33 11 33 22 33 22 33 44 33 31 22 44 44 32 33 33 44 11
1 23 11 32 14 32 22 33 22 33 41 33 31 23 44 41 33 33 33 41 11
1 33 14 33 14 32 23 33 23 11 44 31 11 23 41 41 32 32 31 41 11
1 22 11 33 44 32 23 33 23 31 41 33 31 23 41 41 22 32 33 41 11
1 22 11 32 11 33 23 22 33 33 41 33 11 22 44 11 32 32 33 41 11
1 22 11 33 11 32 33 33 22 31 44 33 33 22 41 11 33 33 11 41 11
1 23 11 33 14 32 23 32 23 11 44 33 31 22 44 44 32 33 33 44 11
1 23 44 32 44 32 33 32 22 31 44 33 31 23 44 41 33 32 31 44 14
1 22 44 33 11 33 23 32 22 31 11 31 33 23 44 11 32 22 33 41 14
1 22 14 32 11 33 23 32 23 33 44 33 31 22 41 41 33 32 31 41 11
1 22 11 33 14 33 23 33 22 33 44 33 33 22 44 44 33 33 33 44 11
1 23 14 33 14 32 23 32 23 33 11 33 33 22 44 41 32 32 31 41 14
1 23 14 33 14 33 33 22 33 31 41 33 31 23 44 11 33 33 11 41 11
1 23 11 33 14 32 23 33 23 33 44 31 33 22 41 41 32 32 33 44 14
