 rs4415513 rs4648380 rs2483289 rs2483256 rs946758 rs12748963 rs2500286 rs12073172 rs17399569 rs2500262 rs4648485 rs4648487 rs4648381 rs12135987 rs1333190 rs1333189 rs4648489
0 22 44 33 11 33 33 23 44 32 44 44 22 44 44 14 41 41
0 22 11 11 14 32 32 22 44 32 44 41 23 44 44 14 41 44
0 33 41 31 11 32 32 23 44 32 11 41 22 41 11 44 41 44
0 22 41 31 14 32 33 23 44 33 41 44 22 41 11 14 44 44
0 22 41 33 11 32 32 33 44 33 44 44 23 44 41 14 44 41
0 23 44 33 11 22 33 23 44 32 41 44 23 44 41 14 44 44
0 23 41 33 14 33 33 22 44 22 41 44 22 44 44 14 41 11
0 23 41 31 14 32 32 33 44 33 41 44 23 41 11 44 44 41
0 22 44 31 11 33 33 22 44 22 41 44 22 44 44 11 41 44
0 23 44 31 11 32 33 22 44 22 44 44 23 44 41 44 44 44
0 22 44 33 11 33 32 23 44 33 44 44 22 44 44 14 44 44
0 23 41 11 11 33 32 33 41 33 41 44 22 44 44 44 44 44
0 23 11 31 11 32 33 23 44 33 44 44 23 44 41 11 41 44
0 22 41 31 14 32 33 23 44 32 44 44 22 41 44 11 44 41
0 22 11 11 11 33 33 23 44 33 44 44 23 41 44 11 44 44
0 22 41 31 11 22 33 23 41 32 41 44 23 44 44 14 41 44
0 22 44 33 11 32 33 22 44 33 44 44 22 44 44 14 44 44
0 22 44 31 11 32 33 23 44 33 41 44 22 44 41 11 41 44
0 23 41 11 11 32 32 22 44 32 44 44 23 44 11 44 44 41
0 23 41 33 11 32 33 23 44 33 41 44 23 44 44 14 44 44
0 23 44 33 11 33 32 33 44 33 44 44 23 41 41 14 41 44
0 23 41 33 11 32 33 23 44 33 44 44 22 44 41 14 44 44
0 22 11 33 11 22 33 23 44 32 41 44 22 41 41 14 41 44
0 22 44 31 11 33 33 33 41 22 41 44 22 44 41 14 44 44
0 23 41 33 11 33 33 23 44 33 44 44 23 41 41 11 41 44
0 22 41 31 11 33 32 23 44 32 41 44 22 44 41 11 44 44
0 23 11 33 11 32 33 33 44 32 41 44 22 41 11 44 44 41
0 23 44 33 14 32 32 22 41 32 41 44 22 44 44 14 44 44
0 33 41 11 14 32 33 23 44 32 41 44 22 44 41 44 41 41
0 23 41 11 14 33 33 33 41 22 41 44 22 41 41 14 41 44
0 23 41 11 14 32 33 23 44 22 41 41 23 44 11 44 44 44
0 23 11 31 14 22 22 33 41 22 11 44 33 11 41 11 41 11
0 22 11 33 11 32 32 22 44 32 44 44 23 41 41 11 44 44
0 23 11 31 11 33 32 23 41 32 41 44 22 41 44 14 41 44
0 23 41 33 11 33 32 23 44 33 44 44 23 44 41 11 44 41
0 22 44 31 14 22 32 23 41 22 44 44 22 44 11 44 41 44
0 22 41 31 11 33 33 22 41 33 44 44 23 44 11 14 41 44
0 22 44 31 11 33 22 23 44 33 44 44 22 44 41 14 44 44
0 22 41 31 11 32 22 23 44 33 44 44 22 44 41 11 44 44
0 22 41 33 11 32 33 23 44 33 44 44 23 44 41 11 41 41
0 22 44 31 11 33 33 22 41 22 11 44 22 41 11 11 41 44
0 23 41 31 11 32 33 23 44 32 44 44 22 41 41 14 41 41
0 22 11 11 14 32 33 23 41 22 41 41 22 44 11 44 44 44
0 23 41 33 11 33 32 23 44 22 44 44 23 44 44 11 41 44
0 23 41 31 14 33 33 23 44 33 44 44 22 44 41 14 44 44
0 23 11 31 11 22 33 23 44 32 41 44 23 44 41 14 41 44
0 23 11 33 14 32 32 23 44 32 41 41 22 41 11 14 44 41
0 23 44 33 11 32 32 22 44 22 44 44 33 41 44 11 44 44
0 33 11 33 14 33 32 23 41 22 44 44 23 44 11 11 11 41
0 23 41 11 14 32 32 23 44 32 41 41 22 41 41 14 44 44
0 22 11 33 11 33 33 33 44 22 11 44 23 44 41 14 41 44
0 22 44 33 11 33 33 22 44 33 44 44 33 44 44 14 44 44
0 23 11 11 14 32 32 33 41 32 11 41 23 44 11 14 44 44
0 22 44 33 14 32 33 23 44 32 41 44 22 44 44 11 44 44
0 23 11 33 11 32 33 23 44 22 44 41 23 44 41 14 41 44
0 23 41 31 11 33 32 23 44 32 41 44 23 44 41 14 41 44
0 22 44 33 14 33 33 23 44 32 44 44 22 44 11 11 44 44
0 23 11 11 14 22 32 33 41 32 44 44 22 44 11 44 41 44
0 23 41 33 11 33 33 23 44 33 44 44 23 44 44 11 44 44
0 22 44 33 11 33 33 22 44 32 44 41 23 44 41 14 41 44
0 22 41 31 11 33 33 22 44 33 44 44 22 44 41 11 41 44
0 22 44 31 11 33 33 33 44 33 41 44 22 44 11 14 41 44
0 22 41 31 14 32 33 22 44 33 44 44 22 44 44 11 44 44
0 22 44 33 11 33 33 22 44 32 41 44 22 41 44 11 41 41
0 23 11 31 14 32 32 23 41 33 41 44 23 44 41 14 44 44
0 23 41 31 11 32 33 23 44 22 11 44 33 44 41 11 41 41
0 22 44 33 14 32 33 23 44 33 44 44 22 44 44 11 44 41
0 23 41 31 14 32 33 23 44 32 11 44 33 41 41 11 11 44
0 23 41 33 14 32 33 33 41 33 11 11 33 41 11 14 41 44
0 22 41 33 44 32 33 23 44 32 11 44 22 41 41 11 44 44
0 22 44 33 11 22 32 23 44 32 11 44 23 44 44 14 41 44
0 33 41 11 14 32 33 33 44 32 44 44 22 41 41 44 41 41
0 23 11 31 11 33 33 23 44 33 44 41 23 41 44 11 41 44
0 22 41 33 11 33 33 33 44 33 44 44 22 41 41 14 44 44
0 22 11 33 44 32 32 23 44 32 11 44 22 41 41 14 41 44
0 23 44 31 14 32 33 22 44 33 44 44 23 44 44 14 11 44
0 22 44 31 11 33 32 22 41 32 41 44 23 44 44 14 44 44
0 23 41 11 44 32 33 33 44 33 41 41 22 44 11 14 41 44
0 23 11 33 11 32 33 33 44 32 11 41 23 44 41 44 41 44
0 22 41 31 11 33 32 23 44 33 41 44 23 44 41 11 44 44
0 33 11 11 14 32 32 33 41 32 41 44 22 41 41 44 41 44
0 22 44 31 44 32 33 22 44 32 44 44 22 44 41 14 41 44
0 22 41 33 14 32 33 33 44 33 41 44 22 44 11 14 44 41
0 23 44 11 11 32 33 23 44 22 44 44 22 41 41 11 41 44
0 33 11 33 11 32 33 23 44 22 41 44 22 41 11 44 11 41
0 22 41 33 11 33 33 22 44 32 44 44 22 44 41 11 44 44
0 33 41 11 14 32 32 23 41 33 41 41 23 11 41 14 44 41
0 23 44 31 11 32 33 23 44 32 41 41 23 41 41 14 41 41
0 22 41 33 11 32 32 22 44 22 44 44 23 44 41 11 44 44
0 23 41 11 14 32 22 23 41 22 11 41 23 11 11 14 41 44
0 23 44 33 11 33 32 23 44 32 41 44 22 41 41 14 44 41
0 23 44 33 11 33 33 22 44 22 44 44 22 44 41 14 44 44
0 33 41 11 14 32 22 22 11 22 41 41 22 11 11 14 41 44
0 22 11 11 11 32 32 23 44 22 44 41 23 41 41 14 44 44
0 23 11 31 11 32 32 23 44 32 41 44 22 44 44 11 44 44
0 22 41 33 11 33 32 23 44 32 41 44 22 41 41 14 41 44
0 22 11 31 11 32 33 23 44 32 44 44 22 44 11 11 44 44
0 22 41 11 11 33 33 22 44 32 44 44 22 41 41 44 44 44
0 23 44 31 11 33 32 22 44 32 44 44 22 44 41 44 41 41
0 23 41 33 11 32 33 23 41 33 44 11 22 44 41 11 41 44
0 22 44 31 11 32 33 23 44 33 41 44 23 44 44 44 44 44
0 22 44 33 11 33 33 23 44 32 44 44 22 44 41 14 44 44
0 23 11 31 14 22 32 23 44 32 11 44 22 44 41 44 41 41
0 23 11 31 14 33 32 23 44 32 41 44 23 44 41 11 44 11
0 22 41 33 14 32 32 23 41 32 44 44 22 44 44 14 44 44
0 23 41 31 11 32 33 22 44 32 44 44 22 41 41 14 41 44
0 23 41 33 14 33 33 23 44 32 41 41 22 44 41 11 44 44
0 22 41 33 11 32 22 33 44 33 41 44 22 44 44 44 44 44
0 22 41 33 11 33 33 22 44 33 44 44 22 44 44 11 44 44
0 23 41 11 11 33 32 23 41 32 44 41 23 41 41 14 44 41
0 22 41 31 11 32 33 22 44 33 44 44 23 44 44 11 44 44
0 22 44 33 11 33 33 22 44 33 44 44 22 44 41 11 44 44
0 23 44 31 11 33 33 23 44 22 44 41 23 41 41 44 41 44
0 22 44 31 11 33 33 23 41 33 41 44 22 41 44 11 44 44
0 23 11 31 14 32 32 23 44 22 44 44 22 41 44 44 44 44
0 22 41 11 14 22 33 33 41 22 41 44 22 44 44 14 41 41
0 23 44 11 11 33 33 23 44 32 44 44 23 44 41 14 44 44
0 23 11 31 14 32 33 22 41 22 41 41 33 41 41 14 41 41
0 22 41 11 14 22 32 33 44 22 11 41 33 44 41 44 41 41
0 22 44 33 11 33 33 22 44 32 41 44 23 44 41 44 41 44
0 22 41 31 14 33 33 22 44 33 41 44 22 41 41 14 44 44
0 22 44 33 11 33 33 22 44 32 44 44 22 44 44 11 44 44
0 33 41 33 11 32 32 23 44 33 44 44 22 44 41 11 44 44
0 33 41 33 11 32 32 33 44 32 41 44 23 41 11 44 41 44
0 23 11 31 14 32 33 23 44 32 44 41 22 44 44 14 44 44
0 22 44 31 11 33 32 22 44 32 44 41 22 44 41 14 41 41
0 33 41 11 11 32 33 23 41 33 41 41 22 44 41 11 41 44
0 23 41 31 11 33 33 22 44 32 41 44 22 44 44 11 44 44
0 23 41 31 11 32 33 23 44 32 41 44 22 44 41 44 41 41
0 23 41 31 11 32 33 23 41 32 41 44 22 44 41 44 44 41
0 23 41 33 14 32 33 23 44 32 41 44 22 44 41 14 41 44
0 22 44 31 11 33 33 22 44 33 44 44 22 44 44 11 44 44
0 22 41 33 11 33 33 23 44 32 44 44 23 44 41 14 41 44
0 33 41 11 11 32 32 22 41 32 41 44 22 41 41 14 44 44
0 22 41 33 11 32 33 23 44 33 41 41 22 44 41 14 41 44
0 23 44 31 11 33 32 23 44 32 44 44 22 41 44 11 44 44
0 23 41 31 14 32 33 23 44 33 41 41 23 44 44 14 41 44
0 23 44 33 11 22 33 23 44 33 44 44 22 44 44 14 44 44
0 22 11 33 11 33 32 22 44 33 41 44 22 44 11 14 44 44
0 23 41 31 11 32 32 23 41 33 41 41 23 41 41 14 41 44
0 33 41 33 11 33 32 23 44 33 44 44 23 44 41 14 44 44
0 23 41 31 14 22 32 23 41 32 41 44 23 41 41 14 44 44
0 23 11 31 14 33 32 23 44 32 41 41 22 11 11 44 44 41
0 22 11 33 14 32 33 33 44 32 11 44 23 44 44 44 44 41
0 22 41 31 11 32 32 22 44 33 41 44 23 44 41 11 44 44
0 23 41 31 11 33 33 22 44 33 44 44 22 44 41 11 44 44
0 22 44 31 11 32 33 22 44 33 44 44 22 44 44 11 44 44
0 23 41 31 11 32 33 23 44 33 44 41 22 44 44 14 44 44
0 22 41 31 11 33 32 22 44 33 44 44 22 44 44 11 44 44
0 22 41 33 11 32 33 23 44 33 44 44 22 44 41 11 41 44
0 22 11 11 11 33 33 23 41 33 41 44 22 44 41 11 41 44
0 22 41 31 11 33 33 23 44 32 44 44 22 44 44 14 41 44
0 23 11 11 14 22 33 33 41 32 41 41 22 41 41 14 41 44
0 22 41 11 44 33 32 33 44 33 41 44 22 44 11 44 44 41
0 22 44 31 11 32 32 22 44 33 44 44 22 44 41 44 44 44
0 23 44 33 11 32 32 23 44 32 44 41 23 44 41 11 41 44
0 23 41 31 14 32 33 23 41 22 41 44 22 44 44 44 41 41
0 22 44 33 11 32 33 23 44 22 41 44 23 41 41 11 44 44
0 23 41 11 11 33 32 22 44 33 41 41 22 41 41 14 41 44
0 23 41 33 11 32 32 23 44 32 44 44 22 41 41 44 44 44
0 23 41 31 14 32 33 23 44 32 41 41 22 44 41 44 44 41
0 22 44 31 11 33 32 23 44 32 41 41 22 41 11 11 44 44
0 23 41 33 11 32 32 23 44 32 44 44 22 41 41 14 44 44
0 22 44 33 11 33 33 22 44 22 44 44 22 44 11 14 44 44
0 22 11 33 11 32 33 22 44 32 11 44 22 44 41 14 44 44
0 23 44 33 14 32 33 23 44 33 44 44 22 44 41 11 41 44
0 22 41 31 14 22 33 23 44 22 41 41 22 44 41 14 44 41
0 22 44 33 11 32 33 23 41 33 44 44 23 44 44 11 44 44
0 22 41 33 11 32 33 33 44 32 41 44 22 44 41 14 44 44
0 33 44 31 11 33 33 22 44 33 41 44 23 41 44 14 44 41
0 22 11 31 11 22 33 33 44 33 44 41 22 44 41 11 41 44
0 22 41 31 14 33 33 23 41 32 41 41 23 41 41 11 41 41
0 22 41 11 11 33 33 23 44 33 41 44 23 44 41 11 44 44
0 33 11 31 11 32 33 22 44 32 41 44 23 44 11 44 11 41
0 22 44 11 11 32 33 22 44 32 41 44 22 44 44 11 44 44
0 23 44 31 11 32 22 22 41 33 41 41 33 41 41 14 41 44
0 22 41 31 11 32 33 23 44 32 41 41 33 41 11 14 44 41
0 22 41 33 11 32 32 22 44 32 44 44 22 44 41 11 44 44
0 22 11 33 11 22 33 23 44 32 11 44 22 44 11 44 44 44
0 22 44 33 14 32 33 23 44 33 41 44 22 44 41 14 41 44
0 23 41 33 11 32 32 23 44 32 41 44 22 44 41 11 44 44
0 33 41 33 11 32 33 23 44 33 41 44 23 41 41 11 44 44
0 22 44 33 11 32 33 23 44 32 41 44 22 44 44 11 44 44
0 22 41 33 11 33 33 23 44 33 44 44 22 44 44 14 44 41
0 23 11 31 14 22 33 23 44 32 41 44 22 44 44 14 41 44
0 23 41 31 14 32 32 23 41 22 44 44 22 41 11 44 41 41
0 33 11 11 14 32 22 23 44 32 11 41 23 41 41 44 11 11
0 23 11 31 11 33 33 22 44 33 41 44 23 41 41 11 44 44
0 22 11 31 44 33 33 33 41 32 41 41 22 41 41 14 44 44
0 23 41 31 14 33 33 33 44 32 44 44 22 44 41 14 44 44
0 33 41 31 11 33 33 23 44 22 41 44 22 41 44 11 41 44
0 22 44 33 11 33 33 23 44 32 11 41 22 44 41 11 44 44
0 22 44 33 11 33 33 22 41 33 44 44 23 44 41 44 44 44
0 23 41 31 14 33 32 22 41 32 41 44 22 44 11 14 41 44
0 23 11 33 14 32 33 33 41 32 41 44 22 11 11 44 44 41
0 22 41 11 11 32 33 22 44 32 41 44 22 44 41 11 44 44
0 23 41 31 14 32 33 23 41 22 41 41 23 41 41 14 41 41
0 23 11 31 14 22 32 33 44 32 11 41 23 11 11 44 41 41
0 23 44 31 11 32 33 23 44 32 44 44 22 44 11 44 44 44
0 23 44 33 11 33 33 23 44 32 41 44 22 41 41 11 44 44
0 22 44 31 11 33 32 23 44 32 44 44 22 44 41 11 41 44
0 23 11 31 11 22 22 33 44 22 11 41 23 44 11 14 41 44
0 22 11 31 11 32 32 33 41 22 11 11 22 41 11 44 44 41
0 23 11 31 11 32 32 23 41 32 41 44 22 41 41 14 41 41
0 22 44 33 11 32 32 22 44 22 44 44 23 44 44 11 44 44
0 23 41 33 14 33 33 23 44 32 44 44 22 41 41 14 44 44
0 22 11 31 11 32 32 23 44 22 41 41 23 44 44 44 44 41
0 23 41 33 11 32 33 33 44 22 41 41 23 44 44 14 44 44
0 23 41 31 14 32 33 33 44 33 41 41 23 41 41 14 44 41
0 22 41 11 14 22 32 22 44 22 44 44 22 44 41 44 41 41
0 22 41 31 11 33 33 23 44 33 11 44 22 44 41 11 44 44
0 23 41 33 11 33 33 22 44 33 44 44 22 44 41 11 44 44
0 22 41 31 11 32 33 23 44 33 41 44 22 44 41 14 44 44
0 23 11 31 14 32 22 33 41 22 11 44 23 11 41 44 11 41
0 22 41 33 11 32 22 33 44 22 41 44 22 44 11 14 41 44
0 23 41 31 11 32 32 23 41 32 41 44 23 44 41 14 44 41
0 33 11 11 14 22 32 33 44 32 11 44 23 44 11 14 41 44
0 33 11 31 11 32 32 33 41 32 41 41 23 41 41 14 41 44
0 23 11 33 11 22 33 33 44 32 44 44 23 11 11 11 41 44
0 22 44 31 11 33 33 23 44 32 44 44 22 44 41 11 44 44
0 22 41 11 14 32 33 23 44 22 11 44 23 44 44 14 41 44
0 23 44 11 11 32 32 33 44 33 41 44 23 44 44 11 41 41
0 22 11 31 11 32 33 33 41 32 44 44 22 44 44 14 41 44
0 22 41 33 11 32 33 23 44 22 44 44 23 44 41 44 41 44
0 22 44 31 11 22 32 23 44 32 44 44 22 44 41 44 41 44
0 23 44 11 11 33 33 22 44 33 44 44 22 44 44 14 44 44
0 22 41 11 11 33 33 33 44 32 44 44 22 44 44 14 41 44
0 22 44 31 14 32 33 22 44 32 44 41 23 44 41 14 44 44
0 23 41 33 11 32 33 22 41 33 44 44 23 44 41 14 44 44
0 22 41 33 11 32 33 23 44 32 44 41 22 44 41 11 44 44
0 23 41 33 11 33 33 33 44 32 11 44 23 44 11 14 44 44
0 22 41 31 14 33 32 22 41 33 44 41 22 44 11 44 44 44
0 22 11 31 14 22 32 23 11 22 41 41 33 41 41 14 11 44
0 23 41 31 14 32 32 23 44 32 44 44 23 41 41 11 44 41
0 22 44 31 14 33 33 23 44 32 44 44 23 44 44 14 44 44
0 22 11 31 14 33 33 22 44 32 44 44 23 41 41 11 44 44
0 22 41 33 11 33 33 22 44 22 41 41 23 41 11 11 44 44
0 22 41 11 14 22 33 23 41 32 41 44 22 41 11 44 41 41
0 33 11 31 14 33 32 23 44 33 11 41 23 41 44 14 44 44
0 22 44 33 11 33 33 22 44 33 41 44 22 44 41 11 44 44
0 22 41 31 11 32 32 33 44 32 41 41 22 44 44 44 41 44
0 22 41 33 11 32 32 23 44 33 44 44 22 44 11 14 44 41
0 23 44 31 11 32 32 22 41 22 41 11 23 41 41 11 41 41
0 23 11 11 11 32 32 22 44 32 11 41 33 41 11 14 44 44
0 22 41 11 11 32 33 23 44 32 44 41 22 41 11 14 41 44
0 23 11 31 14 22 32 33 44 32 41 41 33 41 11 44 41 41
0 22 44 31 11 32 22 33 44 32 44 44 33 41 11 14 41 44
0 22 44 31 11 32 33 22 44 32 44 44 22 44 41 11 44 44
0 23 41 33 11 33 33 23 44 32 41 44 23 44 41 14 44 41
0 22 41 11 11 32 32 23 44 32 41 44 22 44 41 11 44 44
0 23 44 33 14 32 33 22 41 32 41 44 22 41 41 44 41 44
0 22 44 33 11 33 33 33 44 32 44 41 23 44 44 14 44 44
0 23 41 33 11 32 33 22 44 32 41 44 22 41 44 11 44 41
0 22 44 31 14 32 32 33 41 33 41 44 33 44 11 11 41 41
0 22 44 31 11 32 32 22 44 33 41 41 22 44 41 14 41 44
0 22 41 31 14 32 32 22 44 22 44 44 22 44 11 14 41 44
0 22 11 31 11 33 33 22 44 32 41 44 23 41 11 14 11 44
0 33 41 11 11 32 33 33 44 22 41 44 33 44 41 14 44 44
0 22 11 11 14 33 32 23 44 22 41 41 23 44 41 44 41 44
0 22 44 33 11 33 33 22 44 22 44 44 23 44 44 11 44 44
0 22 11 31 44 33 33 33 41 32 41 44 23 41 11 14 41 44
0 23 41 11 11 33 33 22 44 32 44 44 22 44 41 11 44 44
0 23 11 31 11 32 22 33 44 32 41 44 22 11 11 44 44 44
0 22 41 31 11 32 22 23 41 32 44 44 33 41 41 14 41 41
0 22 41 31 11 32 22 22 44 32 44 41 22 44 41 14 41 41
0 22 44 31 14 33 33 22 44 33 44 44 22 44 44 14 41 44
0 22 41 31 11 33 33 23 41 22 41 41 23 41 41 14 44 44
0 23 44 31 11 32 33 22 44 33 44 44 22 44 41 14 44 41
0 22 41 33 11 33 32 23 41 33 44 44 22 41 11 44 41 41
0 22 44 33 11 32 33 23 44 33 44 44 23 41 41 11 44 44
0 33 41 31 11 32 33 33 44 32 41 44 22 44 11 44 41 44
0 33 11 33 11 22 33 33 44 22 11 44 22 41 41 14 11 11
0 33 41 33 11 22 32 33 11 32 11 44 22 11 11 14 41 44
0 23 41 11 14 33 32 23 41 33 11 41 22 44 11 44 44 41
0 23 11 31 14 32 33 23 44 32 11 41 23 44 41 14 41 41
0 23 11 31 14 32 32 33 44 22 11 41 22 41 41 14 41 44
0 22 41 31 11 33 33 23 41 32 41 41 33 44 11 14 44 41
0 22 41 31 11 32 33 23 44 33 44 44 22 44 44 14 44 44
0 22 44 31 11 22 33 22 44 32 44 41 22 44 44 11 44 44
0 22 41 33 11 33 33 22 44 33 41 44 22 44 41 11 44 44
0 23 11 31 11 33 33 23 41 22 41 44 23 44 41 44 41 44
0 22 44 31 11 32 33 23 44 32 41 41 33 44 44 11 44 44
0 22 41 31 11 32 32 23 44 32 11 44 23 44 11 11 41 11
0 23 41 11 14 22 32 23 44 32 41 44 23 41 11 44 41 11
0 33 11 33 14 32 32 23 41 32 41 41 33 11 11 11 41 44
0 22 44 33 11 33 33 23 44 33 41 44 23 44 11 11 44 44
0 22 44 31 11 32 33 33 44 22 44 44 23 44 41 44 44 44
0 33 41 31 11 33 32 23 44 33 11 44 23 44 11 14 44 44
0 23 44 31 11 33 32 22 44 33 44 44 22 41 44 11 41 44
0 23 11 31 14 33 33 22 44 32 44 44 23 44 44 11 41 44
0 23 41 33 11 32 33 33 44 33 41 44 22 44 41 44 44 44
0 23 41 11 14 32 32 23 44 22 41 41 23 44 11 14 41 41
0 22 44 31 11 32 32 23 44 32 44 44 23 44 41 11 44 44
0 23 41 31 14 32 32 23 41 32 11 41 23 41 41 14 41 44
0 23 41 33 11 33 33 22 44 33 41 41 23 44 11 11 44 44
0 22 44 33 11 33 33 22 44 33 44 44 22 44 44 11 44 44
0 22 44 33 11 32 33 22 44 33 44 44 22 41 44 11 44 44
0 23 41 31 11 32 33 22 44 32 41 44 23 44 41 11 44 44
0 23 11 33 14 33 33 23 44 22 41 44 22 44 44 14 41 41
0 22 44 33 11 33 33 22 44 32 41 44 22 41 41 14 44 44
0 23 11 31 14 33 33 23 41 22 44 44 23 41 11 14 11 44
0 23 11 33 11 33 33 23 44 32 41 44 22 41 41 14 41 41
0 22 44 33 11 33 33 22 44 33 44 44 22 44 44 14 44 44
0 22 41 33 11 33 33 22 44 33 44 44 22 44 44 11 44 44
0 33 11 11 14 22 32 33 41 22 41 41 33 41 11 44 11 44
0 23 41 33 14 33 33 23 44 32 44 44 22 44 41 14 41 44
0 22 41 33 11 32 33 33 44 22 41 44 33 44 44 14 41 44
0 22 41 33 11 33 33 22 44 32 44 44 23 44 44 14 44 44
0 33 41 33 14 22 33 22 44 32 41 44 22 44 44 11 41 44
0 23 41 31 11 32 33 23 44 33 44 44 22 41 11 14 44 41
0 22 44 33 11 33 33 33 44 32 41 44 22 41 41 11 41 41
0 22 11 33 11 32 32 23 44 32 44 41 23 41 11 14 44 41
0 33 44 33 11 33 33 22 44 33 44 44 22 44 11 11 44 44
0 22 41 31 11 32 32 22 44 33 41 44 22 44 41 14 41 44
0 23 44 31 11 33 33 23 44 33 41 44 22 44 44 14 44 44
0 22 11 11 14 32 32 33 44 32 41 44 23 44 11 14 44 44
0 22 41 33 11 33 33 23 41 33 41 44 23 44 41 11 44 44
0 22 44 33 11 33 33 23 41 33 44 44 23 41 41 14 44 44
0 22 44 31 11 33 33 22 44 33 11 41 22 44 41 44 44 41
0 33 41 31 11 32 32 33 41 22 11 41 23 44 11 44 41 41
0 23 41 33 11 32 33 22 44 32 44 41 22 44 44 14 41 44
0 22 41 33 11 33 33 22 44 32 44 44 22 44 41 11 44 44
0 22 44 33 11 33 33 22 44 33 41 44 22 44 44 11 44 44
0 23 41 31 14 32 33 23 41 32 41 44 23 44 41 14 41 41
0 23 44 11 11 33 32 23 44 32 44 41 22 44 11 14 41 44
0 33 41 33 11 22 32 33 41 22 41 44 22 11 41 44 41 44
0 22 41 33 11 33 33 22 41 32 44 44 22 44 44 44 44 44
0 23 41 31 11 22 33 23 44 22 11 44 23 44 11 14 41 41
0 23 11 31 14 33 32 23 41 33 41 44 22 41 41 44 11 44
0 22 41 31 11 33 33 23 41 22 41 44 22 44 11 14 44 44
0 23 44 33 11 22 33 22 41 22 41 44 22 44 44 14 44 41
0 22 41 31 14 32 32 23 44 32 44 41 23 41 11 14 44 44
0 22 11 33 11 32 32 22 44 22 41 44 22 41 44 14 44 44
0 23 11 33 11 33 33 22 44 22 44 44 22 44 11 14 41 41
0 22 41 33 14 22 32 23 44 32 41 44 22 41 41 14 44 41
0 22 11 31 14 32 32 23 44 33 41 44 23 44 41 44 41 44
0 33 44 33 11 33 33 22 44 33 41 44 33 41 44 11 41 44
0 23 41 11 14 32 33 23 44 32 41 41 22 44 41 14 44 44
0 23 41 31 11 33 33 23 44 32 41 44 23 41 44 11 41 44
0 33 41 31 44 32 32 22 44 32 41 11 33 44 11 44 11 44
0 22 44 33 11 33 33 23 44 33 41 41 23 44 41 14 44 44
0 23 41 33 11 32 33 33 44 32 41 44 23 44 41 11 41 11
0 23 41 31 11 32 32 23 41 22 44 44 23 11 41 14 44 41
0 23 41 11 11 32 22 23 44 22 41 41 22 44 11 11 11 41
0 23 11 11 44 22 32 33 41 22 41 11 33 44 41 44 11 41
0 23 44 33 11 32 33 22 44 22 41 44 23 11 41 14 41 44
0 22 44 33 14 32 33 23 44 32 44 44 22 44 41 14 41 44
0 22 41 33 11 32 33 23 44 33 44 44 22 44 41 14 44 44
0 22 44 33 11 33 33 23 44 33 41 44 22 44 11 11 44 44
0 23 41 31 14 32 33 23 41 32 41 44 22 41 11 14 44 41
0 33 11 11 44 32 32 23 41 22 41 44 23 41 41 44 41 11
0 23 11 33 44 32 33 23 44 33 44 41 22 44 41 14 44 44
0 23 41 31 11 33 33 22 44 33 44 44 23 44 44 11 44 44
0 22 41 33 11 33 33 23 44 33 44 44 22 44 44 14 44 44
0 33 44 31 11 33 32 23 44 32 41 44 23 41 44 44 44 44
0 22 41 31 14 32 33 22 41 32 41 41 22 44 41 14 44 41
0 23 41 31 11 33 32 23 41 32 41 44 23 44 11 14 44 44
0 23 44 33 14 33 33 33 44 33 41 44 22 44 41 11 44 44
0 22 44 33 11 33 33 22 44 33 44 44 22 44 44 11 44 44
0 22 41 33 11 32 33 23 44 33 41 44 22 44 11 44 44 44
0 22 41 33 11 33 32 23 44 33 44 41 22 44 11 44 44 44
0 22 11 11 11 32 33 33 11 32 41 44 23 44 41 14 44 44
0 22 44 11 11 32 33 23 41 32 44 44 22 41 11 44 44 44
0 33 41 31 11 33 33 22 44 32 41 44 22 44 44 11 44 44
0 22 41 31 14 32 33 22 41 33 41 44 22 41 41 14 44 41
0 22 11 33 11 33 33 23 44 22 44 44 22 44 44 11 44 44
0 23 41 31 14 33 33 33 41 22 11 41 33 44 11 11 44 41
0 22 41 31 11 33 32 22 44 33 44 44 22 44 44 11 44 44
0 23 41 33 11 33 33 22 44 33 44 44 23 44 44 14 44 44
0 22 11 31 11 32 33 33 44 32 44 44 22 44 11 11 41 44
0 23 41 11 11 32 32 23 44 33 41 41 22 44 11 44 44 41
0 23 11 31 14 32 33 22 41 22 41 44 22 11 41 44 44 41
0 23 44 31 11 32 33 22 44 32 44 44 23 44 44 11 44 44
0 22 41 31 14 32 33 33 44 22 41 44 22 44 11 14 41 44
0 23 11 31 11 32 33 33 44 22 11 41 22 11 11 14 41 11
0 23 41 11 14 32 32 33 44 33 41 41 22 44 41 14 44 44
0 23 41 31 14 32 22 23 41 32 44 44 23 41 41 14 44 41
0 22 41 31 11 32 32 22 44 33 11 41 23 41 41 14 44 44
0 23 11 11 14 32 32 33 44 22 11 44 22 44 11 11 44 41
0 22 11 33 11 33 22 23 44 32 41 44 22 44 11 11 41 41
0 33 11 11 11 33 32 33 41 33 11 41 23 44 11 14 44 44
0 23 44 31 11 22 32 23 44 32 41 44 23 44 11 44 41 44
0 33 11 31 14 33 22 23 44 32 41 41 33 44 41 11 41 41
0 23 41 31 14 22 22 23 41 32 44 41 33 41 11 14 44 41
0 22 41 31 14 33 33 23 44 32 44 41 23 44 41 14 44 44
0 33 44 31 11 32 33 33 41 22 11 44 33 41 44 44 41 41
0 23 44 31 11 33 33 22 44 33 44 44 23 44 44 11 41 44
0 23 11 31 11 33 33 23 44 22 41 44 22 44 41 14 44 44
0 22 11 33 14 32 32 33 44 32 11 44 22 41 11 14 41 44
0 22 11 31 14 33 33 23 44 32 11 41 33 41 41 44 41 44
0 23 41 31 14 32 33 22 44 32 44 44 22 44 41 14 41 44
0 23 41 33 11 32 32 22 44 22 41 44 33 44 41 11 44 44
0 22 41 33 14 33 32 23 44 33 41 41 23 44 41 14 41 44
0 22 11 31 14 32 33 22 44 32 41 41 23 41 11 11 41 44
0 22 41 11 11 32 32 33 44 22 44 41 23 11 41 44 41 44
0 22 44 31 11 33 33 23 44 32 44 41 22 44 41 11 44 44
0 22 41 11 11 33 33 23 44 33 41 44 22 41 41 14 44 41
0 23 41 33 11 33 33 23 44 32 41 44 22 44 41 11 41 44
0 22 44 31 11 32 33 23 41 22 44 44 23 11 44 14 11 44
0 22 11 33 44 32 32 22 44 33 44 44 22 41 41 14 44 44
0 33 44 31 11 33 33 22 44 32 44 44 22 44 44 11 44 41
0 23 41 31 14 32 33 22 41 33 44 44 22 41 41 14 44 44
0 22 44 33 14 33 33 22 44 22 41 41 22 44 41 14 41 44
0 23 41 33 11 22 32 22 44 33 41 44 22 44 44 14 44 44
0 23 41 33 11 32 33 22 44 32 41 44 23 44 11 14 44 44
0 23 41 33 11 32 33 33 44 32 41 44 22 44 41 11 44 44
0 22 11 11 11 33 32 33 44 22 44 44 23 44 41 44 41 44
0 22 41 33 11 33 32 23 44 33 44 44 23 44 41 44 44 44
0 22 41 33 11 33 33 22 44 32 44 44 22 41 41 44 44 44
0 22 41 33 11 33 33 23 44 32 41 44 22 44 41 14 44 44
0 22 44 31 11 33 33 22 44 33 41 44 22 44 44 14 44 44
0 22 44 33 11 33 33 22 44 33 41 44 22 41 41 11 44 41
0 22 41 11 14 33 33 23 44 33 41 44 23 44 41 14 44 41
0 22 44 33 14 32 33 23 44 33 44 44 22 44 41 14 44 44
0 23 44 11 11 32 32 23 41 32 41 41 23 44 41 11 41 44
0 23 11 31 44 32 22 33 41 32 11 11 22 41 41 11 41 41
0 33 41 31 11 33 33 23 44 32 41 44 22 44 41 14 44 44
0 22 41 33 11 32 32 22 44 22 41 41 23 41 41 11 41 41
0 22 41 31 11 33 32 23 44 32 44 41 23 41 41 14 44 44
0 23 41 31 14 33 33 23 44 32 41 41 33 44 41 44 41 41
0 22 41 31 14 32 32 22 44 32 44 41 22 11 41 14 11 11
0 23 41 31 14 33 32 23 44 22 41 44 23 41 41 44 44 44
0 22 41 31 11 32 32 23 44 33 41 41 23 44 44 14 44 44
0 22 11 31 11 32 33 33 44 32 41 44 23 41 41 14 44 44
0 23 11 31 14 33 32 23 44 32 44 44 23 44 11 11 44 44
0 23 11 31 14 22 32 23 41 32 41 41 23 41 41 14 11 11
0 22 41 11 14 32 33 33 41 22 11 44 22 44 44 14 11 41
0 23 11 33 11 33 32 23 44 32 41 44 22 44 41 14 44 44
0 22 41 31 11 33 33 22 44 32 41 41 22 41 41 14 41 41
0 22 44 33 14 33 33 23 44 33 44 44 22 44 41 14 44 44
0 22 41 31 11 33 33 23 41 32 44 44 22 41 41 14 41 44
0 22 11 11 14 32 32 23 44 32 41 44 23 41 44 44 11 44
0 22 41 31 11 32 33 22 44 33 44 44 23 44 41 44 44 44
0 23 11 11 14 32 33 23 44 33 41 44 33 41 41 44 41 44
0 23 41 31 14 32 33 33 44 33 41 41 23 44 11 44 44 41
0 23 41 33 11 33 32 23 44 33 41 44 22 44 41 14 41 44
0 22 41 33 11 32 33 22 44 22 44 44 22 44 44 11 11 44
0 22 11 31 11 33 32 23 44 32 41 44 22 44 44 14 44 41
0 23 41 33 44 33 33 22 41 22 41 44 23 44 41 14 44 44
0 22 41 31 14 33 33 23 44 33 41 44 23 41 11 14 44 44
0 22 41 33 11 33 33 23 44 33 44 41 22 41 41 11 44 44
0 22 44 33 11 33 33 22 44 32 44 44 33 44 41 11 44 44
0 22 11 33 11 33 32 23 44 32 41 44 23 41 44 14 44 44
0 22 41 31 11 32 32 23 44 33 44 44 23 44 44 44 11 44
0 22 11 11 11 32 32 22 44 32 41 41 22 41 41 44 41 44
0 23 11 31 14 32 32 23 41 32 41 41 22 41 11 11 44 44
0 22 41 33 11 33 33 23 44 33 41 44 22 44 44 11 44 44
0 22 44 33 11 32 33 22 44 32 44 44 22 41 41 14 44 41
0 23 11 31 11 32 33 22 41 22 44 44 22 44 41 44 44 44
0 22 11 31 14 22 32 23 44 22 41 44 22 44 11 44 41 41
0 33 11 31 11 33 32 23 41 32 44 44 22 41 41 44 44 44
0 23 41 11 14 22 32 33 41 22 44 44 23 41 41 44 41 41
0 23 41 31 11 32 32 22 41 32 44 41 23 44 41 14 41 44
0 23 41 33 11 33 33 23 44 33 44 44 23 44 41 11 44 41
0 23 41 33 14 33 32 23 44 33 44 44 22 44 41 44 44 44
0 22 41 11 11 32 22 33 44 22 41 44 23 41 41 14 44 44
0 23 41 31 11 32 33 23 44 32 11 44 23 44 41 14 44 44
0 22 41 11 11 33 33 22 11 33 41 44 23 41 41 14 41 44
0 22 41 33 14 22 33 23 44 32 41 41 23 41 11 44 41 44
0 22 11 31 11 32 33 22 44 33 44 44 23 44 44 14 44 44
0 22 44 33 11 33 33 22 44 33 44 44 22 44 44 11 44 44
0 22 41 31 11 32 33 23 44 33 44 44 33 41 44 14 44 44
0 22 41 33 11 32 32 22 44 32 44 44 23 44 11 14 44 44
0 23 11 11 11 33 33 22 44 22 41 44 22 44 44 11 41 44
0 22 11 33 11 33 33 22 44 32 44 41 23 44 41 14 44 44
0 23 41 31 11 32 32 23 44 32 41 44 23 41 41 14 44 41
0 33 41 31 11 32 32 23 41 22 44 44 22 44 11 14 44 11
0 23 41 33 11 32 32 23 41 32 41 44 22 41 41 14 11 41
0 23 41 31 11 32 32 33 41 22 41 44 23 44 11 11 44 44
0 22 11 31 11 32 33 22 44 32 41 44 22 44 41 11 41 44
0 22 41 33 11 33 32 22 44 33 41 44 23 44 44 14 44 44
0 22 41 31 11 33 33 22 44 32 44 44 22 44 44 14 44 44
0 22 11 31 11 33 33 23 44 33 44 11 23 44 44 14 44 44
0 33 11 11 14 22 32 23 44 32 41 44 33 41 41 14 41 44
0 22 44 31 14 32 33 33 44 22 41 44 23 41 41 44 41 44
0 22 44 31 14 32 32 22 44 32 44 44 22 41 11 14 44 44
0 22 41 33 11 32 32 23 44 32 41 44 23 44 44 14 41 44
0 22 41 33 11 32 33 23 41 33 44 44 22 44 44 44 41 44
0 23 41 31 11 32 33 23 44 32 41 44 22 44 44 11 44 44
0 33 44 33 11 33 32 22 44 32 44 44 22 44 44 11 41 44
0 22 41 31 11 32 33 23 44 22 41 44 22 41 44 14 44 44
0 23 41 31 14 32 32 33 44 33 41 44 23 44 11 44 41 41
0 23 44 31 14 32 33 23 44 32 41 44 22 44 44 14 44 44
0 22 41 31 11 33 32 22 44 33 44 44 22 44 41 14 44 44
0 23 41 11 11 32 33 23 11 22 44 41 22 44 11 44 44 41
0 22 41 33 11 33 33 23 41 22 41 41 23 41 44 14 41 41
0 23 41 11 11 32 33 23 41 32 41 44 23 11 44 44 41 44
0 23 41 31 14 32 33 23 44 32 41 44 22 44 41 14 41 44
0 22 41 33 11 32 33 22 44 32 11 44 22 44 11 14 41 44
0 22 41 31 14 33 33 23 44 33 41 44 23 44 44 11 44 44
0 23 11 11 11 32 33 33 44 22 41 41 23 41 11 14 11 44
0 23 11 31 14 32 32 23 44 22 41 44 23 44 41 14 44 44
0 22 41 31 11 32 33 23 41 32 11 44 22 41 41 14 41 11
0 22 41 33 11 32 32 23 44 33 41 41 22 44 11 14 44 44
0 23 44 31 11 33 33 23 44 32 11 41 22 41 41 14 44 44
0 22 44 31 11 22 32 23 44 32 44 44 22 44 41 11 44 44
0 22 41 31 14 22 32 33 44 22 44 44 22 44 11 14 41 44
0 23 11 33 11 32 33 23 41 32 41 41 23 44 41 11 44 44
0 22 41 33 14 32 33 23 41 32 41 44 23 44 41 11 44 44
0 22 41 11 11 33 33 33 44 33 41 44 23 41 41 44 41 44
1 22 41 33 11 32 33 23 44 22 41 44 22 44 44 14 41 44
1 22 41 33 11 32 33 23 44 33 44 44 33 44 44 44 44 44
1 22 41 31 11 32 33 23 44 32 41 41 23 11 41 14 44 44
1 23 41 11 14 22 33 33 44 22 11 44 23 11 41 44 41 44
1 22 41 33 14 32 33 22 44 32 44 44 23 44 11 14 44 44
1 33 41 31 11 32 33 23 44 33 11 41 23 41 41 44 11 44
1 23 11 33 14 32 33 22 44 32 41 44 23 44 41 11 44 44
1 23 44 31 11 33 33 22 41 32 44 44 22 41 41 14 44 41
1 22 44 33 11 33 33 22 44 33 41 44 23 44 44 14 41 44
1 22 41 33 11 33 33 23 44 33 44 44 22 41 41 11 41 44
1 22 44 31 44 32 32 23 41 32 44 44 23 11 11 44 41 41
1 23 41 31 14 32 32 33 44 32 41 41 23 41 41 14 41 44
1 22 41 31 11 32 33 22 44 32 44 44 22 44 44 11 44 44
1 33 41 31 11 33 32 23 44 22 41 41 23 44 44 11 41 44
1 23 41 31 14 22 22 33 41 22 41 41 23 41 11 14 41 41
1 23 41 33 14 33 32 22 44 32 41 44 22 44 41 11 44 44
1 22 41 31 11 33 32 23 44 22 41 44 22 41 41 14 41 11
1 23 44 33 11 33 32 33 44 33 41 44 22 44 41 11 44 44
1 23 11 33 11 33 32 33 41 32 41 44 23 44 41 14 41 44
1 22 41 31 11 33 33 33 44 32 44 44 22 44 44 14 44 41
1 22 41 31 11 32 33 22 44 33 41 44 22 44 41 14 44 44
1 22 11 33 11 33 33 22 44 32 44 44 22 44 11 14 41 44
1 22 44 31 11 33 33 22 44 33 44 44 22 44 44 14 44 44
1 23 11 33 11 33 33 22 44 32 44 44 23 44 41 14 41 41
1 23 41 33 11 33 33 33 44 32 41 41 23 44 41 44 41 44
1 22 41 31 11 32 33 23 44 33 41 41 23 44 41 14 44 41
1 22 11 31 11 33 33 23 41 33 41 44 22 44 41 11 41 44
1 23 44 11 14 33 33 22 41 32 44 41 33 41 41 11 11 44
1 23 11 33 14 33 33 23 44 32 41 44 23 44 41 44 44 44
1 22 11 33 11 32 32 22 44 33 44 44 23 44 11 14 44 44
1 22 11 33 11 32 32 23 44 22 44 44 23 41 41 14 44 41
1 22 11 33 11 33 33 22 44 32 44 41 22 11 44 11 44 44
1 22 44 31 11 32 22 33 44 33 41 44 33 41 41 14 44 41
1 22 11 33 11 32 33 23 44 22 11 44 22 44 11 14 44 44
1 23 44 31 14 32 32 33 44 33 44 44 23 44 11 44 41 41
1 23 11 31 14 33 33 33 44 32 44 44 23 44 11 44 11 11
1 23 41 33 11 32 33 22 44 32 44 44 23 44 44 11 44 44
1 23 41 11 14 32 32 23 44 22 11 41 23 41 11 44 41 41
1 23 11 31 11 32 33 23 41 22 41 41 22 41 41 11 41 44
1 22 41 11 14 32 32 23 44 32 44 44 23 41 41 14 11 44
1 23 11 31 14 33 32 33 44 32 44 44 22 41 11 14 41 44
1 23 41 33 11 33 32 22 44 33 44 41 22 44 44 11 44 44
1 33 41 33 14 32 32 23 44 32 41 44 23 44 11 44 44 44
1 23 41 33 11 33 33 22 44 22 44 44 22 44 41 14 41 44
1 23 41 31 11 32 32 33 44 32 41 41 22 44 41 44 41 11
1 33 41 33 11 33 33 22 44 32 41 44 22 44 41 11 41 44
1 23 44 33 11 22 32 33 41 32 11 44 23 41 41 14 41 44
1 22 11 33 14 33 33 22 44 32 44 44 22 44 41 14 44 44
1 23 41 31 11 33 33 22 44 22 41 41 22 41 41 44 44 44
1 22 11 31 11 32 33 23 41 22 41 44 23 44 44 14 41 44
1 22 41 33 11 33 32 22 44 22 44 44 23 41 44 44 41 44
1 23 41 33 11 33 33 22 44 32 44 44 22 44 44 11 44 41
1 23 11 33 11 32 33 33 44 32 11 41 22 41 41 14 44 44
1 33 41 11 11 33 32 23 41 22 41 41 22 44 41 14 44 44
1 22 44 11 11 33 33 23 44 32 44 44 23 44 41 14 44 41
1 23 41 31 14 32 32 23 44 32 44 41 22 44 11 44 41 44
1 22 41 31 11 22 32 23 44 22 41 44 22 41 44 44 11 44
1 23 41 33 11 32 33 23 44 22 41 41 23 44 11 11 44 41
1 23 44 11 11 33 33 33 44 32 44 41 23 41 41 11 44 44
1 33 41 11 14 22 32 23 41 22 11 44 33 41 41 14 44 11
1 33 44 33 11 33 33 23 44 33 11 44 22 44 11 11 44 44
1 33 41 33 11 33 32 33 44 33 41 41 23 44 41 14 44 41
1 23 41 31 11 32 32 23 44 32 44 44 22 44 44 11 41 44
1 22 11 33 11 32 33 22 44 33 41 44 23 44 41 14 44 44
1 22 41 31 14 33 33 22 44 32 41 44 22 44 41 14 44 44
1 23 41 31 11 33 33 22 44 32 41 44 22 41 41 11 44 44
1 22 11 31 11 32 33 23 44 22 44 44 22 44 11 11 41 44
1 22 11 33 14 33 33 22 44 32 41 44 22 44 41 14 41 41
1 22 41 31 11 22 22 33 41 32 44 44 23 41 41 14 41 41
1 23 11 31 44 32 32 33 11 22 41 41 33 41 11 44 44 44
1 22 44 33 11 33 33 22 44 33 44 44 22 44 41 14 41 44
1 23 11 33 11 32 32 23 44 32 41 44 22 41 44 14 41 44
1 23 11 31 11 33 33 23 44 33 44 44 23 44 44 11 44 44
1 23 11 31 11 33 33 23 44 32 11 44 23 44 11 11 41 44
1 22 44 31 11 32 33 22 44 32 44 44 23 44 41 44 41 41
1 23 41 33 11 32 33 22 44 32 41 44 22 44 44 14 44 44
1 22 44 31 11 22 33 23 44 22 44 44 22 44 44 11 44 44
1 23 11 31 11 32 33 33 41 32 41 44 23 44 44 14 44 41
1 23 11 11 11 32 33 33 44 33 44 44 23 44 41 14 44 44
1 22 41 31 11 33 32 33 44 32 41 41 23 41 41 14 41 44
1 22 41 31 11 33 33 33 44 32 41 44 23 44 41 14 44 41
1 22 11 31 11 32 33 22 44 32 44 44 23 44 11 14 44 44
1 23 41 33 11 33 33 33 44 33 44 44 22 44 41 14 44 44
1 22 41 33 11 32 33 23 44 33 44 41 22 44 41 14 44 41
1 23 41 11 11 32 32 33 44 22 41 41 23 41 11 14 41 41
1 23 11 31 14 33 33 23 44 33 44 44 22 41 41 11 41 44
1 23 41 31 14 32 33 23 41 32 44 44 22 41 44 11 44 44
1 23 11 31 11 32 32 33 44 33 41 41 23 41 41 14 41 41
1 22 11 33 14 33 33 22 44 22 44 44 23 41 11 44 44 44
1 22 41 31 14 32 32 23 44 33 41 41 22 41 41 14 41 41
1 23 44 33 11 32 33 22 44 33 41 44 22 44 11 44 44 41
1 22 44 31 11 33 33 22 44 32 44 44 22 44 44 44 44 44
1 22 41 33 11 32 32 23 44 32 41 44 22 41 44 14 41 44
1 33 11 31 11 22 32 22 41 32 41 44 23 44 11 11 41 44
1 23 44 31 11 32 33 23 44 32 44 44 22 44 41 14 44 44
1 33 41 31 11 32 32 23 41 32 41 44 23 41 41 14 41 44
1 22 11 33 11 33 33 33 44 33 44 44 23 44 11 14 44 44
1 23 41 31 11 32 32 33 41 32 41 41 33 44 41 14 41 41
1 23 41 31 11 32 33 23 44 33 44 44 22 41 44 14 44 44
1 33 11 31 11 32 22 33 44 22 41 11 23 41 11 44 11 41
1 23 41 31 14 33 32 22 41 32 41 41 23 41 44 14 44 44
1 22 41 31 11 22 33 23 44 32 44 44 23 44 11 44 44 41
1 33 41 11 14 32 32 33 44 32 41 41 33 44 11 14 41 44
1 23 11 31 11 22 22 33 41 32 44 44 23 41 11 14 41 41
1 23 11 11 14 22 32 33 41 22 41 41 23 41 11 44 11 44
1 23 41 33 11 32 33 23 41 32 11 44 23 44 41 11 44 41
1 23 41 31 11 33 33 22 44 33 44 44 22 44 44 14 44 44
1 22 41 11 11 33 32 22 44 32 44 44 22 44 11 14 44 44
1 23 41 31 11 22 33 23 44 22 41 11 23 41 44 14 44 11
1 23 11 33 11 33 33 22 44 32 44 44 22 44 44 11 44 44
1 23 41 33 11 33 33 22 44 33 41 44 22 44 41 14 44 44
1 23 41 33 11 33 33 23 44 33 44 44 23 44 41 14 41 44
1 23 41 33 11 32 33 33 44 32 41 44 23 44 41 14 44 44
1 23 41 11 14 33 32 23 44 22 41 11 33 41 44 14 41 44
1 22 41 33 11 32 33 23 44 32 44 44 22 44 44 11 44 44
1 22 44 31 11 33 32 22 44 32 41 44 23 41 41 14 44 44
1 33 41 11 11 32 22 22 41 22 11 44 22 44 11 14 41 41
1 22 41 11 11 22 32 22 44 22 11 44 23 44 44 14 44 44
1 23 44 31 14 22 33 23 41 22 44 41 23 41 41 14 44 44
1 22 41 33 11 22 32 22 44 33 41 44 23 44 44 44 41 44
1 22 41 31 11 33 33 23 44 32 41 44 22 41 41 11 44 44
1 22 44 33 11 33 33 23 41 32 41 44 22 44 11 11 44 44
1 23 44 33 11 33 33 22 44 33 44 44 22 44 44 11 44 44
1 22 11 11 11 33 33 23 41 32 44 44 22 44 41 11 11 41
1 23 44 31 11 32 33 22 44 32 44 41 22 44 41 14 44 41
1 22 11 31 11 33 22 22 41 22 11 44 23 41 41 14 11 44
1 22 44 31 11 32 33 23 44 32 44 44 23 44 41 14 44 44
1 22 44 31 11 32 33 22 44 32 44 44 22 44 41 14 44 41
1 22 44 31 14 33 33 23 44 33 44 44 23 44 41 14 44 44
1 22 41 31 14 33 33 22 44 32 44 44 22 44 11 11 44 44
1 22 44 33 44 33 33 22 44 32 44 44 23 41 44 11 44 41
1 22 11 31 11 32 33 23 44 22 41 41 23 44 11 14 41 44
1 23 11 11 14 33 33 23 44 22 44 11 22 41 41 14 44 44
1 23 41 31 11 33 33 33 44 22 41 44 22 44 41 14 44 44
1 23 44 31 14 33 33 22 44 33 41 41 22 44 11 14 44 44
1 23 44 31 14 32 22 22 44 33 41 44 22 44 41 14 44 41
1 23 11 31 11 32 32 33 41 22 11 44 23 11 11 14 44 41
1 22 41 31 11 32 32 23 44 32 41 44 22 41 44 14 44 44
1 22 41 33 11 33 33 23 44 33 41 44 22 44 41 11 41 44
1 22 44 31 11 33 33 23 44 32 44 41 22 41 41 14 44 44
1 22 44 33 11 33 33 23 44 32 44 44 22 44 44 14 44 44
1 23 41 31 44 32 32 23 41 22 41 44 23 41 41 44 44 44
1 23 11 31 11 33 33 22 44 32 11 44 22 44 11 44 44 41
1 22 41 33 11 33 32 23 44 33 44 44 22 44 44 11 44 44
1 22 41 33 14 32 32 33 44 32 41 44 22 44 41 14 44 44
1 23 11 33 11 33 33 33 41 32 44 44 23 44 11 44 44 44
1 23 44 33 11 33 32 23 44 32 44 44 22 44 44 14 44 44
1 22 44 31 11 33 33 23 44 33 44 44 23 44 41 14 44 41
1 22 41 31 11 33 32 22 41 33 44 41 22 44 11 14 44 44
1 23 41 33 14 32 33 23 41 22 44 44 23 44 41 14 44 44
1 23 41 11 11 32 33 23 44 22 44 44 22 44 11 14 44 41
1 22 41 11 44 22 22 23 41 32 11 44 33 44 41 14 41 41
1 23 44 31 11 33 33 23 44 33 44 44 22 44 41 11 44 44
1 22 11 31 11 33 32 23 44 32 11 44 23 44 44 11 44 44
1 22 41 33 11 33 33 23 44 32 44 44 23 44 41 11 44 44
1 33 41 31 14 32 32 23 44 33 41 41 33 44 41 44 44 41
1 22 44 33 11 33 33 22 44 33 41 44 22 44 41 14 41 44
1 22 41 31 14 33 33 23 44 22 44 44 22 44 41 11 44 44
1 22 41 31 14 32 33 33 44 33 44 44 33 41 11 44 41 44
1 33 11 31 14 32 33 23 44 22 41 44 23 11 11 44 11 44
1 22 41 33 11 33 33 23 44 33 44 41 33 44 44 14 44 44
1 33 44 33 11 33 33 33 41 22 44 44 23 44 41 14 44 44
1 22 41 33 11 33 33 23 44 33 44 44 22 44 11 11 44 44
1 23 41 31 14 33 33 23 44 32 44 44 22 41 41 11 44 44
1 23 41 31 14 33 32 33 41 22 11 44 23 41 41 14 44 41
1 22 41 33 14 33 32 22 44 32 44 41 23 44 44 44 44 44
1 22 44 31 14 33 32 23 44 33 41 44 23 41 41 14 44 44
1 22 41 31 11 33 33 23 44 32 41 44 23 44 41 14 44 44
1 23 41 31 14 33 32 22 41 33 41 44 22 44 11 14 41 41
1 23 41 31 14 22 32 23 44 32 44 41 23 41 41 14 44 41
1 23 41 33 11 33 33 22 44 33 41 44 22 44 41 11 44 44
1 22 41 31 14 33 33 22 44 33 44 44 23 44 41 14 44 44
1 33 11 31 11 32 33 23 44 32 41 41 22 11 44 14 44 44
1 23 41 31 14 32 33 23 44 32 41 41 23 41 41 14 44 41
1 23 41 11 11 22 33 22 44 32 44 44 22 41 41 14 41 44
1 23 44 11 11 33 33 22 44 33 41 44 22 44 11 14 41 44
1 33 11 31 14 33 32 33 44 22 41 11 33 44 11 14 41 41
1 22 11 11 14 32 33 33 44 32 41 41 22 41 41 14 44 44
1 23 44 31 11 22 32 23 41 33 41 44 23 41 41 14 44 44
1 23 41 31 14 32 32 22 44 33 41 41 22 44 41 14 44 44
1 23 41 11 11 33 32 23 44 32 44 44 23 44 11 14 44 41
1 33 44 33 11 33 33 23 44 32 41 44 33 41 41 44 44 44
1 22 44 33 11 33 32 22 44 32 41 44 22 44 44 11 44 44
1 22 41 31 11 32 32 23 44 22 44 44 33 44 41 14 41 41
1 22 44 11 11 32 33 23 41 32 41 41 22 41 11 11 44 11
1 22 11 31 11 32 33 22 44 32 44 44 22 44 41 14 44 44
1 23 41 31 11 33 33 23 44 32 44 44 22 41 44 44 44 44
1 23 11 31 11 22 33 33 44 22 44 44 33 44 41 14 44 44
1 23 44 33 11 33 33 33 44 33 44 44 23 44 44 11 44 44
1 23 41 11 11 22 32 23 44 32 11 41 23 41 11 11 11 41
1 22 41 33 14 33 33 23 41 22 11 44 23 41 41 14 44 41
1 22 11 31 11 32 22 23 44 32 41 44 22 44 41 14 44 44
1 22 41 33 11 33 33 33 44 33 44 44 22 44 11 14 44 41
1 23 41 31 11 33 33 23 44 32 41 44 23 44 41 14 41 41
1 22 41 11 11 32 32 22 44 33 44 44 33 44 11 14 41 44
1 22 41 31 11 33 33 23 44 22 44 41 23 41 44 44 44 44
1 23 41 11 11 32 33 22 44 33 41 44 22 41 44 44 41 41
1 23 41 33 14 33 33 23 41 33 44 41 22 44 41 14 44 44
1 22 41 33 11 33 33 22 44 33 41 44 22 44 41 44 44 44
1 23 41 31 11 32 33 23 44 33 41 41 23 44 44 14 44 41
1 33 44 31 11 33 32 22 44 32 41 44 23 44 11 14 44 44
1 22 41 33 11 32 33 22 44 32 44 44 23 44 11 14 44 44
1 23 41 11 11 22 33 22 44 32 11 44 23 44 11 44 41 11
1 22 41 11 14 22 33 33 44 32 41 44 22 44 11 44 41 44
1 33 11 31 14 32 32 23 44 32 44 44 23 44 41 14 41 44
1 22 44 33 11 33 33 23 44 33 41 44 33 41 41 14 44 41
1 23 44 33 11 33 32 23 44 22 44 44 23 41 41 14 41 41
1 22 44 11 14 32 32 23 44 22 41 44 23 44 41 14 44 44
1 22 41 31 11 32 33 23 44 22 44 41 22 44 41 11 44 44
1 22 44 31 14 33 32 23 44 32 44 44 22 44 44 11 44 44
1 22 44 31 14 33 33 33 44 32 44 44 22 44 44 14 44 44
1 23 41 33 14 32 33 22 44 32 44 41 23 44 44 11 44 44
1 22 11 11 11 32 32 23 44 32 11 44 23 41 41 44 11 41
1 22 11 31 11 32 33 22 44 32 44 44 22 41 41 11 44 44
1 23 41 31 14 33 33 23 44 32 44 44 22 44 41 14 44 44
1 22 11 31 11 22 33 33 41 32 44 11 23 44 11 14 41 44
1 23 41 11 11 22 22 23 41 32 11 41 22 41 41 44 41 44
1 23 41 33 11 32 33 22 44 22 44 44 22 44 44 14 44 44
1 33 11 31 11 33 33 22 44 32 41 41 23 44 41 14 41 44
1 33 41 31 11 32 33 23 44 33 11 44 23 41 44 14 41 41
1 22 41 11 11 33 33 23 44 33 41 44 23 44 44 14 44 44
1 23 41 31 14 32 32 22 41 33 41 44 22 41 41 14 41 41
1 23 11 33 11 32 33 23 44 22 44 44 22 44 11 44 44 41
1 23 44 31 44 32 33 33 44 22 41 44 23 41 41 14 44 41
1 33 11 11 14 22 32 33 44 32 11 44 23 41 11 44 44 41
1 22 41 33 11 22 33 23 44 32 11 41 22 41 44 11 41 44
1 22 11 31 11 32 33 23 44 32 11 44 22 44 44 11 44 44
1 22 41 11 11 32 33 23 44 33 41 44 23 44 41 44 41 44
1 23 41 31 44 32 33 23 44 22 11 44 23 44 11 14 41 44
1 23 44 33 14 32 33 23 44 33 41 44 22 44 41 14 41 44
1 23 44 31 11 33 33 22 44 33 44 44 22 44 44 14 41 44
1 22 11 11 11 22 33 23 44 32 11 44 33 44 44 14 41 44
1 22 41 31 11 32 33 22 44 32 41 41 22 44 44 14 44 44
1 23 11 31 14 32 33 33 11 22 41 11 23 44 11 14 44 44
1 22 11 11 14 22 33 23 11 32 44 44 33 44 41 14 44 41
1 22 44 33 11 33 33 22 44 33 44 44 22 44 41 14 44 44
1 22 41 31 14 32 32 33 41 32 44 41 22 44 41 14 44 44
1 23 41 33 11 33 33 22 44 32 44 44 23 44 41 11 44 44
1 23 44 11 11 32 33 23 41 22 41 44 33 41 41 44 41 44
1 23 41 31 11 33 33 23 41 32 44 44 22 41 41 14 41 44
1 22 11 11 11 32 32 23 44 32 41 44 22 41 41 14 41 44
1 22 44 33 11 32 33 22 41 22 41 44 22 44 41 14 41 44
1 22 11 31 14 33 33 33 44 32 44 44 22 44 41 14 44 44
1 23 11 31 11 32 32 23 44 32 44 44 22 44 41 14 44 44
1 22 44 31 11 33 33 23 44 32 44 44 22 44 44 14 41 44
1 23 11 31 14 22 33 23 41 32 41 44 23 41 41 44 41 41
1 22 11 31 11 33 33 23 44 33 41 44 22 41 41 14 44 44
1 23 41 31 11 32 32 23 44 33 41 44 22 44 41 44 41 44
1 22 44 33 11 33 33 22 44 33 44 44 22 44 41 14 44 44
1 22 44 33 11 33 33 22 44 32 41 44 22 44 41 11 44 44
1 23 44 11 14 32 33 23 44 22 11 44 33 11 11 44 41 41
1 23 41 31 11 32 32 23 44 32 44 41 22 44 41 14 44 44
1 22 41 33 14 33 33 22 41 32 44 44 22 44 44 11 41 44
1 23 41 11 11 32 33 23 44 33 44 44 23 41 11 11 44 41
1 33 11 31 14 32 33 23 41 22 11 44 22 41 11 44 41 44
1 33 41 31 11 32 22 22 11 22 11 44 22 41 11 44 44 44
1 23 11 11 44 32 33 23 44 22 11 44 22 44 11 44 44 11
1 23 41 33 11 22 33 33 44 32 41 44 22 41 41 14 41 44
1 33 44 31 11 32 33 33 44 32 44 44 22 41 41 11 41 41
1 22 41 33 11 33 33 22 44 33 44 44 22 44 44 14 41 44
1 23 11 31 11 33 33 23 44 33 44 44 22 44 44 14 41 44
1 22 41 33 14 32 33 33 44 33 41 44 23 41 11 14 44 41
1 23 41 11 11 33 32 22 44 32 41 44 22 41 11 14 44 44
1 23 41 33 11 22 33 23 44 22 44 41 23 41 41 44 41 11
1 22 44 33 11 32 33 22 44 33 44 41 22 44 11 11 44 44
1 33 41 31 11 22 22 23 44 32 41 44 23 11 11 44 44 44
1 23 41 31 11 32 33 23 44 33 44 44 22 41 44 11 44 44
1 22 41 33 14 33 32 23 44 32 41 44 23 44 41 14 44 41
1 22 41 33 11 33 33 23 44 32 41 44 22 44 44 11 44 44
1 22 44 31 11 33 33 23 44 32 41 41 22 44 44 14 44 44
1 23 41 31 11 33 32 23 44 32 44 44 23 41 41 44 41 44
1 23 44 31 11 33 33 33 44 22 44 44 22 44 11 14 44 44
1 23 44 11 11 22 33 22 44 33 41 41 23 41 41 14 44 41
1 22 11 11 11 32 33 23 44 32 44 44 23 44 11 14 44 44
1 23 41 31 11 32 33 23 44 32 44 41 22 44 41 14 44 44
1 33 41 31 11 33 33 23 41 32 11 44 23 41 41 14 44 44
1 22 11 11 11 32 33 23 41 32 11 41 33 44 41 14 44 41
1 23 11 31 11 22 33 23 44 33 44 44 33 44 41 11 44 44
1 23 41 33 14 33 32 22 44 33 41 44 22 44 11 14 44 44
1 22 41 33 11 33 33 23 44 32 11 44 22 41 11 44 44 44
1 23 41 33 11 33 32 22 44 32 44 44 22 44 41 14 41 44
1 23 41 31 11 22 32 23 44 32 44 44 33 41 41 44 44 41
1 23 44 11 14 33 33 22 44 32 41 41 23 44 44 11 41 41
1 22 44 33 11 33 33 22 44 32 44 44 22 44 44 11 44 44
1 33 11 11 11 32 32 23 41 22 44 41 33 44 11 44 11 41
1 33 11 11 11 22 22 23 44 22 11 11 22 41 41 44 11 41
1 23 41 33 14 33 33 23 44 32 41 41 22 44 44 14 44 44
1 23 11 11 11 33 22 22 44 32 41 41 22 41 11 14 44 41
1 22 44 33 11 33 33 23 44 33 44 44 22 44 41 11 44 44
1 22 41 31 11 33 33 22 44 32 44 44 23 41 44 11 41 44
1 23 11 11 14 32 33 33 41 22 41 44 23 41 11 14 11 11
1 33 11 11 11 32 33 33 44 32 41 44 22 44 11 14 41 44
1 23 44 33 14 33 33 22 44 33 44 44 22 44 11 14 44 44
1 22 41 33 11 32 33 23 44 32 41 44 22 44 44 11 41 44
1 33 41 31 11 22 32 33 44 22 41 41 23 11 41 44 41 44
1 23 41 33 11 33 33 33 44 33 44 44 23 44 41 11 44 44
1 22 41 31 14 33 33 23 44 33 44 44 23 44 44 14 41 44
1 22 41 33 11 33 33 22 44 32 41 44 23 44 41 14 44 44
1 22 41 31 11 32 33 22 44 33 44 44 22 11 44 11 41 44
1 33 41 11 11 32 33 23 44 22 44 44 23 44 44 11 44 44
1 23 41 33 14 33 33 23 44 32 44 44 22 41 41 14 44 44
1 23 44 33 11 33 33 23 41 33 44 44 22 44 41 11 44 44
1 22 44 31 11 33 33 23 44 32 41 44 23 44 44 14 44 41
1 22 44 31 14 33 32 23 44 33 44 44 22 44 44 14 44 44
1 22 44 31 11 33 33 33 44 22 41 41 22 44 44 44 44 44
1 22 11 31 14 32 32 23 11 22 41 44 23 41 11 14 41 44
1 22 44 31 11 33 32 22 44 33 44 44 22 44 44 14 41 44
1 33 41 31 14 32 32 23 44 32 11 41 23 41 41 44 41 41
1 22 44 33 11 33 32 22 44 32 44 44 22 44 44 14 41 44
1 22 41 31 14 32 33 23 44 33 41 44 23 44 44 14 11 44
1 22 41 11 11 33 33 33 44 22 44 44 23 41 44 14 41 44
1 23 11 31 11 32 33 22 41 33 41 44 22 44 41 14 11 44
1 22 41 33 11 33 33 22 44 32 41 44 22 44 41 11 44 41
1 23 11 31 11 33 32 23 44 33 41 41 22 44 41 14 41 44
1 22 44 33 11 32 33 22 44 32 41 44 22 44 44 14 44 44
1 33 11 11 44 22 32 33 44 22 41 11 22 44 11 44 41 41
1 22 41 31 14 33 33 23 44 22 44 44 23 44 11 14 41 44
1 22 44 33 11 33 33 22 44 33 44 44 22 44 41 11 44 44
1 23 41 31 14 32 33 33 44 33 44 44 23 44 41 11 41 41
1 22 41 33 11 33 33 23 44 22 41 44 23 41 44 14 44 44
1 23 41 11 11 22 33 23 44 32 41 44 23 44 11 14 41 44
1 33 11 31 11 32 33 22 41 22 44 44 23 44 41 14 44 44
1 23 11 33 14 32 33 33 41 33 44 44 22 41 44 14 44 44
1 22 11 31 11 32 33 23 41 32 41 44 23 41 41 14 41 41
1 23 44 31 11 32 33 22 44 32 11 41 23 44 41 11 44 44
1 22 41 33 14 32 33 22 44 32 41 44 22 44 44 14 44 44
1 22 41 11 11 33 33 23 44 33 44 44 22 41 41 14 44 41
1 22 11 33 11 33 32 23 41 32 44 44 22 41 44 14 44 44
1 22 44 31 11 32 33 22 44 33 41 44 23 41 41 14 44 44
1 23 44 33 14 33 33 23 44 32 44 44 22 44 41 14 41 44
1 23 41 31 14 32 33 23 44 22 11 44 22 41 11 14 41 41
1 23 11 33 11 32 32 23 44 32 44 44 23 44 11 14 44 44
1 23 11 31 14 32 33 22 44 32 11 41 23 41 11 44 41 44
1 23 11 11 14 32 32 33 44 32 11 41 23 44 41 44 41 41
1 33 41 31 14 32 33 33 11 32 44 44 33 11 11 11 41 41
1 23 11 31 11 22 32 33 41 32 41 11 33 41 11 14 11 41
1 22 44 33 11 33 33 22 44 33 41 44 22 44 44 11 41 44
1 23 41 33 11 33 33 33 11 33 41 44 22 41 44 14 44 44
1 23 41 11 11 33 33 33 44 32 44 44 22 41 44 11 41 44
1 22 41 31 14 32 33 23 41 22 11 44 22 44 41 11 41 44
1 23 41 31 14 22 32 23 44 32 41 44 23 41 44 44 41 41
1 23 41 31 14 22 22 23 11 32 11 44 33 41 11 44 11 11
1 23 41 31 14 32 33 22 44 22 44 44 33 44 44 44 44 44
1 23 11 31 14 32 32 33 44 32 41 44 23 41 11 14 41 41
1 22 41 31 11 33 33 23 44 32 44 41 23 44 44 14 41 44
1 23 11 31 11 32 33 23 41 22 11 44 23 41 11 14 44 44
1 22 44 33 11 32 33 23 41 32 44 41 23 41 44 11 41 44
1 33 11 11 14 32 32 33 44 22 44 41 33 41 41 44 41 41
1 22 11 33 14 32 32 22 41 32 44 44 22 41 44 14 41 44
1 22 11 33 11 32 33 23 44 33 11 44 22 44 41 11 44 44
1 22 41 31 11 32 33 22 44 32 44 44 22 44 41 11 44 44
1 22 44 33 14 33 33 23 41 22 41 41 22 41 41 14 41 44
1 23 41 31 11 22 33 22 44 32 41 44 23 44 44 11 41 44
1 23 41 33 11 22 33 23 44 22 11 44 23 44 44 14 41 44
1 22 11 31 11 32 33 33 44 22 41 44 23 44 41 14 41 41
1 23 41 31 44 32 32 23 41 32 41 11 23 41 41 14 41 44
1 22 44 31 11 33 33 23 44 33 41 44 22 44 44 44 44 44
1 22 44 31 11 33 33 22 44 32 44 44 22 41 41 14 44 44
1 22 11 33 11 33 33 33 44 32 11 44 22 44 41 14 44 44
1 22 41 33 11 33 32 33 44 33 41 44 22 44 41 14 44 44
1 22 44 33 11 33 33 33 44 33 44 41 23 44 41 11 44 44
1 22 44 33 11 33 32 23 44 33 44 44 22 44 44 14 44 44
1 23 41 33 11 32 32 23 44 33 44 41 23 44 41 11 41 44
1 22 11 33 11 32 33 33 44 33 44 44 22 44 44 44 44 44
1 23 44 33 11 32 33 23 44 32 44 41 22 44 41 14 44 44
1 33 41 11 14 32 32 33 44 32 41 41 23 41 11 14 41 11
1 22 11 31 11 32 32 23 44 33 44 44 23 44 41 14 44 44
1 22 44 31 11 32 33 23 44 33 44 44 22 41 44 14 44 41
1 22 41 33 14 32 33 23 44 32 41 44 23 44 41 11 41 44
1 23 41 33 11 32 33 22 44 33 41 44 23 41 44 11 41 41
1 22 41 31 11 32 33 23 44 32 41 44 23 41 41 44 41 41
1 22 11 31 14 33 32 23 44 32 41 44 23 44 41 14 41 44
1 23 41 31 11 33 33 23 44 22 41 44 23 44 11 14 41 44
1 23 11 31 44 22 33 23 44 22 44 11 33 41 11 14 44 41
1 22 11 31 11 33 33 23 44 33 41 44 22 41 41 14 44 44
1 23 44 31 11 32 33 23 41 32 41 44 23 41 11 11 41 44
1 23 44 31 11 32 32 22 41 32 41 41 22 41 41 11 41 41
1 23 41 11 11 33 33 23 44 32 41 41 22 44 41 44 44 44
1 22 11 31 11 33 33 23 41 32 41 44 22 44 44 14 44 41
1 23 41 31 11 32 32 33 44 32 44 44 22 44 41 44 44 44
1 22 11 11 11 33 33 23 44 32 41 41 22 44 44 14 41 44
1 22 41 33 11 33 32 23 41 32 44 44 23 44 41 11 41 41
1 22 41 31 11 33 32 23 44 32 44 44 22 44 41 14 44 41
1 22 44 31 11 33 33 23 44 32 41 41 23 44 41 14 44 44
1 22 41 33 11 33 33 23 44 33 44 44 22 44 44 11 44 44
1 22 11 31 11 33 33 23 44 32 41 44 22 41 44 11 44 44
1 33 11 31 14 33 22 33 41 33 41 41 22 44 41 44 44 41
1 22 41 31 11 33 33 22 44 32 41 44 22 44 41 11 44 41
1 33 44 31 11 22 33 23 44 33 44 44 23 44 44 14 44 41
1 22 44 11 11 33 33 23 44 32 44 44 22 44 41 11 44 44
1 23 11 31 11 32 32 23 44 32 41 41 23 44 41 44 44 44
1 22 44 31 11 32 33 23 44 22 41 44 22 41 44 44 44 44
1 23 41 33 14 33 33 23 44 32 44 44 23 41 41 14 44 41
1 23 41 33 11 33 33 22 44 33 44 44 22 44 41 11 44 44
1 22 41 33 11 33 32 23 44 32 41 44 23 44 44 11 44 44
1 22 11 31 44 22 33 23 44 22 41 44 23 44 41 14 41 41
1 23 11 31 14 32 33 22 44 33 44 41 22 44 41 11 44 44
1 23 41 31 11 33 33 22 44 33 41 44 22 41 41 44 44 41
1 33 41 31 11 32 33 22 44 33 11 44 22 44 41 44 44 44
1 23 41 11 11 32 32 33 44 22 11 44 23 44 11 14 44 44
1 23 41 11 11 32 22 23 44 33 11 44 33 44 11 11 41 44
1 23 41 31 11 32 33 22 44 32 11 41 33 41 11 44 44 44
1 22 41 33 11 33 32 22 44 32 41 44 22 44 44 14 44 44
1 33 41 31 11 33 32 33 44 32 41 44 33 44 41 14 41 41
1 23 44 33 14 22 33 23 44 33 41 44 22 44 41 11 44 44
1 22 44 33 11 33 33 23 44 33 44 41 22 44 41 11 44 44
1 23 11 11 44 32 33 23 44 32 11 44 23 44 41 14 44 44
1 23 41 11 11 33 33 22 41 32 41 41 22 41 41 44 44 41
1 22 44 31 11 33 33 23 44 32 41 41 22 44 11 14 41 44
1 22 11 33 11 33 33 22 44 33 44 44 23 44 44 14 44 44
1 22 41 31 11 33 33 22 41 32 41 44 22 11 11 44 44 44
1 33 11 11 14 22 32 33 44 32 11 41 33 41 11 14 41 44
1 23 11 11 14 32 33 23 41 32 11 44 33 44 41 44 44 41
1 22 41 33 11 22 33 33 44 32 44 44 22 11 41 14 41 44
1 23 41 11 11 32 32 23 44 22 44 44 23 44 44 11 41 44
1 23 41 33 14 33 33 23 41 33 44 41 22 44 41 14 44 44
1 22 41 31 11 32 33 22 44 32 44 44 22 44 44 44 41 44
1 33 11 11 14 32 33 22 44 22 41 11 33 44 41 14 44 44
1 33 41 33 11 32 32 22 44 32 41 44 23 41 41 44 44 44
1 23 41 31 11 32 32 22 44 32 41 44 23 44 41 11 41 11
1 23 41 33 11 32 33 22 44 32 44 44 22 44 41 11 41 44
1 22 41 33 11 33 33 23 41 32 44 44 22 44 41 14 41 44
1 22 44 33 11 33 32 33 44 32 44 44 22 41 41 11 44 44
1 23 41 33 11 33 32 23 44 22 44 44 23 44 41 11 44 41
1 22 41 33 11 32 33 23 44 32 44 44 22 44 44 14 44 44
1 23 41 31 14 22 33 22 44 32 44 41 23 41 41 44 44 44
1 23 44 33 11 33 32 22 44 33 44 44 22 44 44 14 44 44
1 22 41 33 11 33 33 22 44 32 41 44 22 44 41 11 44 44
1 33 41 31 11 32 33 23 44 22 41 44 23 41 11 14 41 41
1 23 44 31 11 33 33 23 41 32 41 44 22 41 44 14 41 44
1 23 41 31 11 33 33 33 44 33 41 41 22 44 41 11 44 44
1 22 41 31 11 33 33 22 44 32 41 44 23 44 41 14 41 44
1 23 44 31 11 33 33 23 44 33 44 44 33 44 11 11 44 44
1 23 41 33 11 32 33 22 44 32 44 41 23 44 41 14 44 44
1 22 41 31 14 32 33 22 44 32 41 11 22 41 11 44 41 44
1 22 44 33 11 33 33 23 44 32 44 44 23 44 44 14 44 44
1 22 44 33 11 32 33 23 44 32 41 41 23 44 44 14 41 44
1 23 41 33 14 32 32 23 41 32 41 44 22 41 41 14 44 41
1 23 11 31 14 32 32 33 41 22 41 41 23 44 41 14 41 44
1 22 41 31 14 32 33 23 44 32 41 44 22 44 41 11 44 41
1 22 41 11 14 22 33 23 44 33 44 44 22 44 41 11 44 44
1 33 11 31 11 22 33 33 41 33 41 44 23 41 11 14 11 11
1 22 44 33 11 33 33 22 44 32 44 44 22 44 41 14 44 44
1 22 41 31 11 22 33 33 44 33 41 44 23 11 11 44 44 41
1 22 41 31 11 33 33 22 44 33 41 44 22 44 41 14 41 44
1 22 41 31 11 33 33 22 44 33 44 44 22 44 44 44 44 44
1 22 41 33 44 33 33 22 44 22 44 44 23 44 11 14 11 44
1 23 11 33 44 33 32 33 44 32 41 41 23 41 41 44 44 44
1 23 44 31 14 33 33 23 44 33 44 41 22 11 44 11 11 41
1 22 41 31 11 33 32 23 44 32 41 44 23 44 41 14 44 44
1 23 11 33 11 33 33 22 44 32 41 44 22 44 44 11 44 44
1 23 41 31 14 32 33 23 44 33 41 44 23 44 11 44 44 44
1 23 11 33 11 32 32 23 44 22 41 41 23 44 11 14 44 41
1 22 11 31 11 32 33 23 44 22 41 41 33 44 11 14 44 44
1 22 44 31 11 33 33 22 44 32 44 44 22 44 11 11 44 41
1 23 41 33 11 22 32 23 44 32 41 41 22 44 11 14 44 44
1 23 41 31 14 33 32 23 44 32 41 44 22 44 44 14 41 44
1 23 11 33 11 32 33 33 44 32 44 44 23 44 11 14 44 44
1 23 44 33 11 33 33 22 44 32 44 44 22 44 41 11 41 41
1 23 41 31 11 32 32 22 41 32 41 44 23 41 41 44 44 41
1 23 41 33 11 32 33 23 44 33 44 44 22 44 44 44 41 44
1 33 11 11 11 32 22 23 41 32 44 41 23 11 11 44 11 44
1 22 44 33 11 33 33 23 44 22 41 44 23 44 11 11 11 44
1 22 41 33 14 33 32 23 44 32 44 41 22 44 11 11 44 44
1 22 11 33 11 33 33 22 44 32 41 44 22 44 41 11 41 44
1 22 44 33 14 33 33 23 44 32 44 44 23 44 44 14 44 44
1 22 41 11 14 22 32 22 41 32 41 44 22 41 41 14 44 41
1 23 44 31 11 22 33 22 44 32 11 44 23 41 44 11 44 44
1 23 44 33 11 33 33 22 44 32 44 44 22 44 41 11 44 44
1 23 44 31 14 32 33 33 41 32 44 44 23 44 11 14 41 41
1 33 41 31 14 32 32 33 44 22 41 44 23 44 41 44 44 41
1 22 44 31 11 33 33 23 44 32 44 44 22 44 44 44 44 44
1 22 11 33 11 22 32 23 44 33 41 41 22 44 41 11 44 41
1 22 41 33 11 33 33 22 44 33 44 44 22 41 41 11 44 44
1 22 11 31 11 22 22 33 41 32 41 11 23 44 11 44 41 44
1 33 41 31 11 33 33 23 44 32 44 44 33 44 11 14 44 11
1 22 41 31 11 32 32 23 44 32 41 41 22 44 44 14 44 44
1 23 11 31 11 32 32 33 44 32 41 44 22 44 44 11 44 44
1 22 44 33 11 33 33 22 44 33 44 44 22 44 44 11 44 44
1 22 41 33 11 33 33 22 44 33 44 44 22 44 44 14 44 44
1 23 11 11 11 32 33 23 41 32 11 44 22 11 11 44 41 41
1 22 11 33 14 32 32 23 44 32 44 41 23 11 11 14 44 41
1 23 41 11 11 33 22 22 44 33 44 41 22 44 11 14 44 44
1 22 44 33 11 33 33 23 44 32 41 44 22 44 41 14 41 41
1 22 41 33 14 33 33 23 44 33 44 44 23 44 44 14 44 44
1 22 11 31 11 32 33 23 41 33 44 44 22 44 11 11 44 44
1 23 41 31 14 32 32 23 41 32 11 41 22 41 11 14 41 44
1 23 44 31 11 32 33 23 44 32 44 44 22 44 44 11 44 44
1 33 41 11 11 33 33 23 41 32 44 44 23 41 11 44 11 41
1 23 41 31 11 33 33 22 44 33 41 41 22 44 41 14 44 44
1 22 44 33 11 33 33 23 44 32 41 44 22 41 44 14 44 41
1 23 11 33 14 22 33 23 44 32 44 41 23 41 41 44 11 44
1 33 41 11 14 32 33 23 41 32 44 44 23 44 11 14 41 44
1 33 11 11 14 22 22 33 44 22 41 41 33 44 11 44 41 41
1 22 41 11 11 33 32 23 44 33 41 44 22 44 41 14 44 44
1 22 44 31 11 32 33 22 44 32 44 44 22 44 44 11 44 44
1 22 41 33 11 32 33 23 44 33 44 44 22 44 41 11 41 44
1 22 41 33 11 33 33 22 44 33 44 44 23 44 44 11 44 44
1 33 44 33 11 22 33 23 41 22 41 44 23 41 41 44 11 44
1 22 41 31 14 22 33 33 41 32 41 41 23 44 11 14 41 44
