 rs12124550 rs267658 rs267660 rs1149064 rs267667 rs267669 rs267674 rs369715 rs6661562 rs7530417 rs910696 rs2076977 rs11807362 rs12742458 rs10915025 rs10915029 rs2376907 rs10799079 rs7541381
0 44 23 41 32 14 11 33 44 11 13 22 32 11 23 44 23 22 32 11
0 44 33 44 33 14 14 23 11 41 11 32 33 41 22 44 23 22 33 14
0 42 22 41 32 14 44 33 14 44 11 33 33 41 23 41 23 22 33 11
0 42 33 44 32 14 14 23 11 41 13 32 32 41 23 41 22 22 33 14
0 42 23 41 33 44 11 22 11 44 11 33 33 44 22 44 22 23 33 11
0 44 22 41 33 14 44 23 44 44 11 33 33 41 22 44 22 22 32 14
0 42 23 41 32 14 14 23 11 41 11 32 33 41 22 41 22 22 32 11
0 42 22 41 33 14 11 22 11 41 11 32 33 44 23 41 22 22 33 11
0 42 22 41 33 44 11 22 14 41 11 32 32 41 22 44 22 22 33 11
0 44 22 44 32 11 11 23 11 44 11 32 33 41 22 44 22 22 33 11
0 42 22 44 32 14 11 22 14 41 11 33 33 41 23 44 22 23 32 11
0 42 22 44 22 14 14 22 11 41 11 32 32 41 23 11 23 22 33 11
0 44 22 44 32 11 11 22 11 11 11 32 32 41 22 44 23 23 33 11
0 42 22 41 32 11 14 22 44 41 11 32 33 41 22 44 23 23 33 11
0 44 22 41 33 14 14 23 11 41 11 22 33 11 23 44 23 22 33 11
0 42 23 41 33 11 11 22 11 41 11 22 33 41 22 41 23 23 32 11
0 42 22 11 33 11 14 23 14 41 11 32 32 44 22 41 22 22 33 14
0 44 22 44 32 11 11 23 11 44 11 32 32 41 22 44 23 23 32 11
0 44 22 11 33 14 14 33 11 41 13 33 33 11 22 44 22 33 33 11
0 44 23 41 32 11 11 33 14 41 11 33 22 41 22 44 22 22 33 11
0 42 23 41 32 11 11 23 11 44 11 33 33 44 23 44 22 23 33 11
0 44 33 44 32 11 14 22 14 41 13 33 22 41 22 41 23 22 33 11
0 22 22 44 32 44 11 22 11 41 13 32 33 41 22 44 23 22 33 14
0 44 22 44 22 14 11 22 11 44 13 33 32 44 22 44 23 22 32 11
0 42 33 11 32 14 11 22 14 41 11 32 33 41 23 41 23 22 33 11
0 44 22 11 22 14 14 23 14 44 11 32 32 11 33 11 22 22 33 11
0 42 22 44 32 44 14 22 11 11 11 33 33 44 23 44 22 22 33 11
0 42 23 41 33 11 14 23 14 11 11 33 33 41 22 44 22 22 33 11
0 44 23 44 32 14 14 23 14 11 11 32 32 44 22 41 33 33 33 14
0 44 22 44 33 44 14 22 14 44 11 32 33 44 23 44 23 22 33 14
0 42 23 44 32 11 14 33 44 11 13 33 33 44 23 44 23 22 33 11
0 22 22 41 22 11 11 23 11 11 11 33 32 44 23 44 22 23 32 11
0 42 23 44 32 14 11 22 11 41 11 33 32 44 22 41 33 23 33 11
0 42 22 44 22 44 14 23 11 41 13 33 33 11 22 41 23 22 32 44
0 42 22 44 33 11 11 23 11 11 13 33 33 44 22 11 22 33 33 11
0 22 22 41 33 14 11 23 11 44 13 32 33 44 23 41 22 22 33 14
0 42 22 44 33 14 11 23 11 11 11 32 33 44 22 41 22 22 33 14
0 42 33 41 33 11 14 23 11 11 11 33 33 41 22 11 23 23 33 11
0 42 22 41 22 44 14 23 14 41 11 22 33 44 22 11 33 23 33 11
0 42 22 41 22 11 14 22 11 11 11 32 33 41 22 11 33 22 33 14
0 42 22 44 32 11 14 33 11 41 13 33 33 41 33 41 23 23 33 11
0 42 33 44 32 14 11 22 11 44 11 32 33 41 22 11 22 23 33 11
0 22 33 44 33 44 11 33 11 41 11 32 32 41 23 44 33 23 22 14
0 44 23 44 22 14 14 23 11 41 11 32 32 41 22 41 33 22 33 14
0 22 23 41 32 14 11 33 11 41 11 32 33 41 23 44 23 33 32 11
0 42 23 41 32 44 44 23 14 41 13 33 33 41 23 41 23 23 32 11
0 42 33 41 32 14 44 23 11 44 11 32 32 41 33 44 22 23 33 11
0 42 22 44 32 44 11 23 14 41 11 32 32 44 22 41 23 22 32 11
0 42 22 11 33 44 14 23 11 11 11 33 32 41 22 44 23 22 33 11
0 44 23 41 32 11 11 33 14 44 11 22 33 41 22 44 23 22 33 14
0 42 23 44 32 14 14 33 14 41 13 33 33 41 22 44 33 23 32 11
0 22 23 44 32 14 14 33 11 44 11 33 33 44 23 41 22 23 33 11
0 44 33 44 33 14 11 22 11 44 11 33 32 11 23 11 22 22 33 44
0 44 23 11 32 14 44 23 14 11 13 32 33 41 23 41 23 22 33 11
0 42 23 41 32 14 44 33 11 41 11 33 32 44 22 41 22 22 32 11
0 42 22 44 32 11 14 23 11 41 11 33 33 44 23 41 23 22 33 11
0 42 23 41 32 11 44 23 14 41 11 33 33 41 22 41 23 23 33 14
0 44 23 44 32 14 11 23 11 11 11 32 32 44 22 44 22 22 32 11
0 22 22 44 33 14 11 23 11 44 11 33 33 44 22 41 22 22 33 11
0 22 33 41 32 44 14 22 14 41 11 33 33 41 22 44 33 23 33 14
0 44 23 44 32 44 14 33 11 44 33 33 32 44 23 44 22 22 33 11
0 42 33 41 33 14 14 22 11 41 11 33 33 44 22 44 22 22 33 11
0 42 22 11 33 14 11 22 11 11 11 33 33 44 33 44 22 23 33 11
0 22 22 41 32 44 14 23 14 41 13 32 33 41 23 41 23 22 32 11
0 42 22 41 33 44 14 22 14 41 11 33 32 41 22 44 23 23 32 11
0 44 23 44 32 11 11 23 11 11 11 33 33 44 22 44 23 23 33 11
0 22 22 44 33 11 11 23 11 44 11 32 33 44 22 41 22 22 33 11
0 22 23 41 33 44 14 22 11 41 11 32 32 44 23 44 23 22 32 11
0 44 23 11 32 14 11 23 44 41 11 33 33 41 22 11 23 23 33 11
0 44 23 44 33 14 11 23 11 41 11 32 33 41 23 44 22 22 33 11
0 44 22 11 33 11 11 33 11 41 11 33 33 44 22 44 22 22 33 11
0 42 22 44 33 14 11 33 14 41 13 32 33 11 23 11 23 22 33 44
0 44 33 41 22 14 44 22 11 41 11 32 33 44 22 44 22 22 32 14
0 44 23 11 32 14 11 23 11 41 13 22 33 41 22 44 22 22 32 11
0 42 22 41 33 14 14 22 11 41 11 32 32 41 23 44 33 22 33 11
0 42 23 41 33 11 11 23 11 41 11 33 32 44 22 41 22 22 33 14
0 44 33 44 33 14 44 33 11 44 11 32 33 44 22 44 22 22 33 11
0 44 23 44 33 14 14 22 11 44 11 33 32 41 22 41 22 22 32 11
0 42 22 41 32 14 14 22 14 11 13 33 33 41 23 11 23 22 33 14
0 42 23 44 22 14 14 23 11 44 11 33 33 41 22 44 22 23 33 11
0 42 22 44 32 14 11 33 44 44 11 33 33 11 33 44 22 22 33 14
0 44 22 41 32 14 14 23 14 11 11 32 33 11 22 44 23 23 32 11
0 22 23 41 33 11 14 23 11 44 13 32 33 41 23 44 22 23 32 11
0 42 23 11 32 11 11 33 11 41 11 32 32 41 23 41 23 22 33 14
0 44 22 41 33 44 11 22 11 44 11 33 32 44 22 44 22 22 33 11
0 22 23 11 32 11 14 33 14 41 11 22 32 41 33 41 23 33 33 14
0 44 22 44 33 11 11 22 11 44 11 33 33 44 22 41 22 22 33 11
0 44 23 44 32 14 11 22 14 44 13 32 33 41 23 44 23 23 33 11
0 44 33 44 32 14 11 33 11 41 13 33 33 44 22 44 23 23 33 11
0 44 22 11 32 11 11 23 11 44 11 33 33 41 22 44 33 22 33 11
0 44 23 44 33 11 11 22 14 44 13 33 33 41 22 44 22 23 32 14
0 44 23 44 32 14 11 23 11 41 11 33 33 41 23 44 22 22 33 14
0 42 22 44 22 11 14 33 44 11 11 33 33 41 23 41 23 22 32 44
0 44 23 41 32 44 44 23 11 11 13 32 33 41 33 44 23 23 32 44
0 44 33 11 32 14 11 23 11 44 13 33 32 41 22 41 22 33 33 11
0 44 23 44 33 11 11 22 14 44 11 33 33 44 22 44 22 22 33 11
0 42 22 44 32 11 14 33 11 11 11 32 33 11 22 44 33 23 33 14
0 42 33 41 32 14 11 22 11 41 13 33 33 41 22 44 23 23 33 14
0 42 23 44 33 14 11 22 11 41 13 33 33 41 22 41 22 22 32 11
0 22 33 11 32 14 44 23 11 41 13 32 32 44 33 41 23 23 22 11
0 44 22 41 32 44 11 23 11 41 11 22 32 41 22 44 23 23 32 14
0 42 22 11 33 14 11 22 11 44 11 33 33 41 23 44 23 33 32 11
0 44 23 41 32 44 11 22 44 44 11 33 33 41 22 41 23 22 32 11
0 42 23 41 33 14 11 33 14 41 11 32 33 41 23 11 23 23 33 11
0 42 23 41 32 11 44 23 14 41 13 33 32 41 23 41 33 22 33 14
0 44 22 44 33 14 11 22 11 41 13 33 33 41 22 41 22 22 33 11
0 44 23 44 22 11 14 22 11 11 11 33 32 41 22 11 22 22 22 11
0 44 23 41 33 11 11 23 14 41 11 33 33 44 22 41 22 23 33 11
0 42 33 44 33 14 11 22 14 41 11 33 32 41 22 44 22 22 33 11
0 42 22 41 32 11 11 23 14 11 13 32 33 41 23 44 23 22 33 11
0 44 23 11 32 14 14 23 14 11 13 33 33 41 22 41 22 22 33 14
0 42 23 41 33 14 14 33 14 41 11 32 33 11 22 41 22 23 33 11
0 44 23 44 32 14 14 23 11 41 13 32 33 11 23 44 23 23 32 11
0 42 33 44 22 44 14 33 14 41 11 32 33 11 23 41 22 33 22 14
0 42 23 41 33 11 11 23 14 41 11 32 33 11 23 44 23 23 33 14
0 22 23 41 33 14 44 23 14 41 13 32 32 41 23 44 22 23 32 14
0 42 23 41 32 14 11 23 11 41 11 33 33 44 22 41 23 22 33 11
0 44 23 44 33 44 14 22 11 41 11 33 33 41 22 44 23 22 33 11
0 22 23 44 22 14 14 23 11 11 13 33 33 41 22 11 23 22 33 11
0 42 22 41 33 11 14 22 11 41 11 33 32 11 23 44 23 23 33 11
0 42 33 41 33 11 14 33 11 44 11 33 32 41 23 41 23 22 32 11
0 44 23 44 33 11 14 23 14 41 11 33 32 44 23 41 23 23 33 14
0 44 22 44 32 14 11 23 11 41 11 33 33 44 22 11 23 22 33 11
0 42 23 41 32 44 14 23 14 44 13 33 33 41 22 41 23 23 33 14
0 22 22 44 32 14 14 23 14 11 11 33 32 44 23 41 23 23 33 11
0 42 22 41 33 14 14 22 44 44 13 32 33 11 22 41 23 23 33 14
0 42 33 44 33 14 11 22 11 44 11 33 33 44 22 44 22 23 33 11
0 44 23 44 32 14 14 33 11 11 13 33 32 41 23 41 23 23 33 14
0 42 23 44 32 44 11 22 14 44 11 33 32 41 22 44 23 33 32 11
0 44 22 41 33 11 14 23 11 11 11 33 32 41 22 41 22 22 33 14
0 42 23 41 32 14 44 23 11 41 11 32 33 44 23 41 33 22 33 11
0 44 23 44 33 11 11 22 11 44 11 32 33 44 22 44 22 22 33 11
0 42 22 41 32 44 11 23 44 44 11 33 33 44 23 44 22 33 32 11
0 44 23 41 32 14 11 22 11 41 13 32 33 41 22 11 33 23 33 14
0 22 23 44 32 14 14 33 11 41 11 32 22 41 22 44 22 22 33 11
0 22 33 11 32 44 44 23 14 41 13 22 33 44 23 41 23 33 33 44
0 44 23 41 32 11 14 33 11 41 11 33 33 44 22 41 23 23 33 11
0 42 23 44 32 14 11 23 11 11 11 33 22 11 22 41 23 23 33 11
0 44 22 44 22 11 14 23 14 11 11 32 33 44 22 44 22 22 32 11
0 42 33 11 32 14 14 33 11 11 11 32 33 44 23 44 22 22 33 11
0 44 23 44 33 11 11 33 11 44 11 32 33 11 23 41 23 22 33 11
0 42 23 11 33 11 14 23 11 41 11 33 33 11 22 11 23 22 33 11
0 42 23 44 33 14 11 23 14 41 11 33 33 44 23 11 23 23 33 11
0 44 23 44 32 14 14 22 14 44 11 32 32 44 22 41 22 23 33 11
0 44 23 41 33 44 14 22 14 44 11 32 33 11 22 44 22 22 32 11
0 44 23 41 33 11 11 22 11 44 11 33 33 44 23 44 22 22 33 11
0 42 22 41 33 44 14 22 14 41 11 22 32 44 23 41 22 33 33 14
0 42 23 44 32 14 14 22 11 11 13 32 32 41 23 44 22 22 33 11
0 42 23 41 33 11 14 23 11 11 11 33 33 11 23 44 22 33 33 14
0 44 22 11 33 11 14 33 11 41 11 33 32 41 22 44 33 22 22 44
0 22 23 41 32 11 14 23 14 44 13 32 33 41 22 41 22 23 33 11
0 44 22 44 32 11 14 22 11 41 11 33 32 41 23 41 22 22 33 44
0 42 23 41 32 14 14 22 11 41 11 33 33 44 23 41 22 33 33 11
0 42 33 41 22 14 11 22 11 41 11 32 33 44 23 41 22 22 33 11
0 44 22 44 33 14 11 23 11 44 11 22 33 44 22 44 22 23 33 11
0 42 33 11 33 11 14 33 11 41 33 33 33 41 22 41 22 22 32 14
0 44 23 41 33 14 11 22 11 44 11 32 33 44 22 41 22 22 33 11
0 22 23 44 32 14 14 33 11 41 13 32 32 41 23 44 22 23 32 11
0 44 23 11 33 11 11 22 14 44 11 33 32 11 23 41 22 22 33 11
0 44 22 41 22 14 11 33 14 11 11 32 32 44 22 44 22 23 33 11
0 42 33 44 33 14 14 23 14 41 13 32 33 41 23 41 23 22 32 14
0 22 23 41 33 44 11 22 11 41 11 32 32 44 22 41 22 23 32 11
0 44 23 41 33 11 14 23 14 41 13 33 33 11 33 44 22 22 33 14
0 42 22 41 32 44 14 22 11 41 11 32 22 41 23 44 23 22 33 14
0 42 23 44 33 14 14 23 11 44 11 33 33 44 22 41 22 23 33 11
0 42 22 44 32 11 11 22 11 41 11 33 33 44 22 44 22 22 33 11
0 42 23 41 32 14 14 33 14 11 11 32 32 41 22 41 23 23 33 14
0 44 22 44 22 14 14 33 11 41 11 33 33 44 23 44 33 22 32 11
0 44 23 11 32 44 11 23 14 41 11 33 32 41 22 44 23 23 33 11
0 22 23 41 22 44 44 23 14 11 33 22 32 41 33 11 23 23 33 11
0 42 22 44 22 14 11 22 11 44 11 33 33 41 22 44 23 23 33 11
0 44 22 44 32 14 14 22 11 44 11 33 33 41 22 41 22 23 33 14
0 44 22 41 33 11 11 22 11 44 11 32 33 11 22 41 22 22 33 11
0 42 23 44 33 11 11 23 11 41 11 33 33 44 23 41 22 22 33 14
0 44 22 44 32 44 14 33 14 41 13 33 33 44 22 44 23 23 33 14
0 42 23 44 33 14 11 33 11 44 13 32 32 41 22 44 22 22 33 11
0 42 22 44 33 14 44 22 11 44 11 33 33 44 22 44 22 33 33 11
0 22 22 41 33 44 44 23 14 11 13 22 32 41 23 44 22 22 32 11
0 44 22 41 33 11 14 23 11 41 11 33 33 41 22 44 22 22 33 11
0 44 22 41 32 14 11 22 44 41 11 33 32 41 22 44 22 22 33 11
0 42 33 41 32 44 14 23 11 41 13 33 32 41 22 44 23 22 33 14
0 44 22 41 32 44 44 23 14 41 33 33 33 44 22 41 22 22 33 14
0 22 23 41 22 14 14 23 14 41 11 32 33 44 23 11 22 23 33 14
0 44 22 44 32 44 11 23 14 41 13 33 33 44 23 11 23 22 33 44
0 42 23 44 33 14 11 22 11 44 11 33 32 44 22 41 22 23 33 11
0 44 22 44 32 14 11 22 14 41 11 32 33 41 22 41 22 22 33 11
0 42 22 41 33 11 14 22 14 44 11 32 32 44 22 41 22 22 33 11
0 42 23 41 33 44 11 23 11 41 11 32 33 11 23 41 23 23 33 44
0 42 22 11 33 14 11 23 14 44 11 33 33 44 23 44 22 22 33 11
0 22 23 11 32 14 14 23 14 41 11 33 32 44 33 44 23 23 33 11
0 44 22 41 32 44 11 23 11 41 11 22 33 11 23 41 33 23 32 14
0 44 22 41 33 11 11 23 11 44 11 33 33 41 22 44 33 23 33 14
0 44 23 44 32 44 14 23 11 44 11 33 33 44 22 44 22 22 33 14
0 42 22 44 33 11 14 23 11 44 11 22 33 44 23 44 22 22 32 14
0 42 22 41 32 14 11 22 11 41 11 33 33 41 22 11 23 22 33 14
0 44 22 41 33 11 11 33 14 44 11 33 33 41 22 44 23 22 33 11
0 22 33 41 22 44 14 33 11 11 13 32 33 44 22 41 23 23 32 14
0 42 23 41 22 14 14 33 11 41 11 33 33 11 22 41 22 23 33 11
0 42 23 44 32 11 14 23 14 11 13 22 33 44 33 11 23 23 32 14
0 42 23 41 22 14 14 33 14 44 11 33 33 41 22 41 22 22 32 11
0 44 22 44 32 11 14 23 11 41 33 33 33 41 22 41 22 22 33 11
0 42 22 41 22 44 11 33 44 41 11 33 32 11 22 41 33 22 33 14
0 42 33 11 33 11 11 23 11 11 11 33 33 41 22 41 33 22 33 11
0 44 23 11 32 14 11 22 14 11 11 33 32 11 22 11 23 22 32 11
0 42 22 44 32 14 14 22 11 41 13 33 32 44 22 44 23 23 33 11
0 42 23 41 22 14 44 23 11 11 11 32 32 41 22 41 33 23 33 14
0 42 22 11 22 44 11 22 11 41 13 32 33 44 23 41 22 22 32 11
0 44 33 41 32 11 44 22 11 41 11 32 32 41 22 44 23 23 33 11
0 44 22 41 32 14 11 22 11 41 11 33 33 41 22 41 22 23 32 11
0 42 22 41 32 14 11 23 11 41 11 32 32 11 22 41 23 22 33 11
0 44 23 41 33 14 14 22 11 41 13 32 32 44 22 44 22 22 32 11
0 42 23 41 33 14 14 23 11 41 11 33 32 41 22 44 33 33 33 11
0 42 23 44 33 14 11 23 11 41 11 22 32 41 23 44 22 33 33 14
0 42 22 11 22 44 14 23 14 41 13 32 33 11 23 41 33 23 32 11
0 44 23 41 33 14 11 22 11 41 11 33 33 41 23 44 23 23 32 11
0 44 23 41 32 14 44 33 14 41 11 22 32 11 22 44 23 33 33 11
0 42 22 44 33 14 14 23 14 11 13 33 22 41 23 41 22 22 33 14
0 44 22 44 33 14 14 22 44 41 11 33 32 41 23 44 23 23 32 11
0 44 23 44 32 14 11 23 11 41 13 32 33 44 33 44 23 23 33 14
0 44 22 11 33 14 44 23 14 44 11 32 33 41 23 41 23 22 33 14
0 22 23 44 32 11 11 22 11 44 13 33 32 44 33 41 23 23 33 11
0 42 23 41 32 14 14 22 14 44 13 33 32 11 22 11 33 23 32 11
0 42 23 11 33 14 14 23 14 41 11 32 22 44 22 44 23 23 33 11
0 42 23 41 33 14 14 22 14 41 11 33 33 41 22 41 22 23 33 11
0 42 23 41 32 14 11 33 11 11 11 22 32 44 23 44 23 23 33 11
0 42 23 41 22 44 44 23 11 41 11 22 33 11 23 44 23 22 33 14
0 42 23 41 22 14 11 23 11 44 11 32 33 41 22 44 22 33 33 14
0 44 23 44 33 11 11 23 11 41 11 33 33 44 22 44 23 23 33 11
0 22 22 44 32 44 14 23 11 44 11 33 33 44 22 41 22 23 33 11
0 44 23 41 22 44 11 22 11 41 11 33 33 11 22 41 23 23 33 14
0 42 23 41 32 14 11 23 11 41 13 33 33 41 23 44 22 23 32 14
0 44 33 44 32 14 11 23 14 41 13 33 33 44 22 11 33 22 22 11
0 44 23 44 32 14 11 33 14 44 11 32 33 44 23 44 23 23 33 14
0 42 23 11 33 14 44 23 14 41 13 32 32 11 23 41 23 22 33 14
0 44 22 41 33 14 14 23 11 41 11 22 33 44 22 44 22 22 33 14
0 44 23 44 32 44 14 23 14 44 11 22 32 41 22 41 22 23 33 11
0 44 23 44 33 11 11 22 11 11 11 33 33 44 22 44 22 23 33 14
0 42 22 44 32 11 14 22 14 41 13 32 33 44 22 41 22 22 33 11
0 22 22 44 33 44 11 23 14 41 11 22 32 41 22 41 33 22 33 11
0 44 22 44 33 14 11 22 11 41 11 33 33 44 22 44 22 22 33 11
0 22 22 41 32 14 14 23 11 41 11 32 33 11 22 44 22 23 33 11
0 22 22 44 32 44 11 23 14 11 11 32 33 41 22 44 22 22 33 11
0 22 23 41 32 11 44 23 11 11 11 22 32 44 23 11 33 23 32 14
0 44 22 41 33 11 14 22 11 41 11 32 33 44 22 41 22 22 33 11
0 42 33 44 33 14 11 23 14 41 11 32 32 44 22 41 23 22 33 11
0 44 23 11 32 14 11 33 11 11 13 33 33 44 23 41 22 22 32 11
0 44 22 44 32 14 11 23 11 44 11 22 33 11 23 44 22 23 33 14
0 44 22 44 33 14 11 22 11 41 11 32 32 44 23 41 22 22 33 11
0 22 23 41 32 14 11 22 11 44 13 33 32 44 23 44 22 22 33 11
0 42 22 41 32 11 11 23 14 41 11 32 33 41 33 11 23 33 32 14
0 44 22 11 32 14 14 22 11 44 33 22 33 44 22 44 23 23 33 11
0 42 22 11 22 44 14 22 11 11 11 32 33 41 22 41 23 33 33 11
0 44 33 41 32 14 11 22 14 44 11 33 33 41 23 41 33 22 33 14
0 44 23 44 32 11 14 23 11 44 11 32 32 41 22 41 22 22 32 11
0 42 23 41 33 11 14 23 14 41 33 32 33 41 22 41 23 22 33 11
0 42 23 41 33 14 11 33 11 41 11 32 33 41 23 44 22 22 33 11
0 22 22 44 32 11 11 22 11 41 11 33 33 44 22 41 22 22 33 44
0 42 23 11 32 14 14 22 11 41 13 22 32 41 23 41 22 22 33 11
0 44 33 44 32 14 14 22 14 41 11 32 32 41 23 44 23 22 32 11
0 42 23 44 33 11 11 23 11 44 11 33 33 11 22 44 22 22 33 11
0 42 22 44 33 14 11 22 14 44 11 33 33 41 22 41 23 22 32 11
0 22 22 41 33 44 11 33 11 41 11 33 33 11 33 41 23 23 33 14
0 42 23 44 33 14 14 22 11 41 11 33 33 44 23 44 23 22 33 14
0 42 23 44 32 14 11 33 11 44 11 32 33 44 22 41 33 23 32 14
0 42 33 41 33 11 14 22 11 44 11 33 32 41 23 44 22 22 33 14
0 42 22 44 33 14 14 23 11 41 13 33 32 44 22 41 22 23 22 11
0 42 23 41 32 44 14 23 44 41 11 33 33 41 23 44 22 22 33 14
0 42 23 41 22 11 14 22 11 41 13 33 32 11 22 11 22 22 33 14
0 42 23 41 32 14 11 23 14 44 11 32 32 41 22 41 33 22 33 11
0 44 33 41 32 44 11 22 14 41 13 32 32 41 22 41 22 23 33 11
0 44 23 41 32 14 11 23 11 41 11 33 33 11 22 44 22 23 33 11
0 42 22 41 32 14 11 33 11 11 11 32 32 41 23 41 23 23 32 11
0 42 23 44 32 14 11 23 11 44 11 33 33 44 22 44 23 22 33 11
0 44 22 41 33 14 44 23 14 44 11 32 32 11 22 44 22 23 33 11
0 42 23 11 32 14 11 23 11 44 11 32 32 41 22 44 22 22 33 14
0 42 22 44 32 14 14 33 14 11 11 32 32 41 22 44 23 22 33 14
0 42 23 11 32 14 11 23 11 44 13 32 33 44 22 41 23 22 32 11
0 42 22 41 32 14 44 33 11 44 13 33 32 41 22 44 33 22 33 14
0 44 33 41 32 11 44 23 14 11 11 32 33 41 23 41 23 23 33 11
0 42 22 11 32 14 14 23 11 44 11 33 33 41 22 44 22 22 33 14
0 42 33 41 33 14 11 33 44 41 11 32 33 41 33 44 33 22 32 11
0 44 23 41 33 14 11 23 11 11 11 33 33 11 22 41 23 23 32 11
0 22 23 41 32 11 11 22 14 44 11 32 33 41 22 11 22 22 33 14
0 42 23 41 32 11 14 23 11 41 11 33 33 44 22 44 22 22 33 14
0 42 23 41 32 11 14 22 14 11 13 32 32 41 23 44 23 33 33 11
0 42 22 44 32 14 11 22 11 44 11 33 32 44 22 41 22 23 32 11
0 44 22 41 32 11 14 23 11 44 11 33 33 41 22 44 22 23 33 11
0 42 22 41 32 11 11 23 11 41 11 33 33 41 22 41 22 22 33 14
0 42 23 44 33 44 14 33 14 11 11 33 32 44 23 44 22 22 33 11
0 44 23 41 22 14 11 23 11 11 11 22 33 41 23 41 22 23 33 11
0 22 22 41 33 14 11 33 11 11 11 32 33 41 22 41 33 22 33 14
0 44 22 44 32 11 14 23 11 44 11 33 33 44 22 44 22 23 33 11
0 42 22 44 22 44 11 22 14 41 13 32 33 41 23 44 23 23 33 11
0 42 22 41 22 44 14 22 11 41 13 22 33 11 23 11 23 33 33 11
0 44 23 41 32 11 14 22 14 41 11 33 32 11 22 41 22 22 33 14
0 44 22 41 33 11 14 23 11 41 11 33 33 44 22 44 22 22 33 11
0 42 23 44 33 14 14 22 14 44 11 32 33 44 23 44 23 23 33 44
0 44 22 44 32 14 14 22 11 41 11 32 33 44 22 41 23 23 33 11
0 44 23 41 32 14 14 22 14 11 11 32 33 41 23 41 23 23 32 11
0 22 23 11 32 44 14 22 14 11 11 33 33 44 22 44 23 22 33 14
0 44 23 44 32 44 14 22 11 44 11 33 32 41 23 41 23 22 33 14
0 22 22 41 33 14 11 33 11 44 11 33 33 44 23 41 23 22 32 11
0 22 23 41 22 14 11 23 11 41 11 33 33 41 22 41 23 23 33 14
0 22 22 11 32 14 14 23 14 41 13 32 32 41 23 41 23 23 32 14
0 44 23 44 33 11 11 22 11 44 11 32 33 44 23 44 33 22 22 11
0 42 22 41 33 14 14 23 11 44 11 33 32 44 22 44 33 23 33 11
0 44 22 41 33 11 14 23 14 44 13 32 32 41 22 44 22 22 33 11
0 42 23 44 33 14 14 22 11 11 11 32 32 41 22 41 33 22 33 11
0 44 23 41 32 14 11 23 11 44 11 33 32 44 22 44 23 22 33 11
0 42 22 44 33 11 14 22 11 41 13 33 32 41 23 41 22 22 33 11
0 42 23 44 33 14 14 23 14 41 11 32 33 11 22 41 23 22 33 11
0 42 22 41 33 14 14 23 14 41 11 32 33 41 23 44 23 22 32 14
0 44 23 41 32 14 11 22 11 44 11 33 33 11 22 44 22 23 33 11
0 44 22 44 33 11 11 22 11 44 11 33 33 44 23 41 22 23 33 11
0 22 23 41 33 44 14 23 14 11 11 32 33 44 23 41 23 22 33 14
0 42 23 41 32 11 14 23 14 44 11 33 32 41 22 41 22 22 33 11
0 42 22 41 33 11 11 22 14 41 11 33 33 44 22 44 23 22 32 11
0 44 23 44 22 11 11 23 14 41 11 33 32 41 22 41 22 22 33 11
0 42 23 44 22 14 11 23 11 41 33 22 33 41 33 41 23 22 32 14
0 44 22 41 32 44 44 23 11 11 13 22 32 44 22 11 23 22 32 14
0 42 23 41 32 11 14 22 14 41 11 32 33 11 22 11 22 33 33 14
0 44 22 44 33 11 11 22 11 44 11 22 33 44 22 44 22 22 33 14
0 44 23 44 32 44 14 23 11 41 13 32 32 41 22 41 33 22 33 14
0 42 23 11 32 44 14 22 11 11 11 32 32 41 23 44 23 22 33 11
0 44 22 44 33 14 11 23 11 41 11 33 32 41 22 41 22 23 32 11
0 22 23 44 33 14 11 23 14 44 13 33 33 11 23 11 33 22 33 11
0 42 23 44 32 11 11 23 11 11 11 32 32 41 22 41 23 33 33 11
0 42 23 44 32 11 11 22 11 41 11 33 33 44 22 44 22 22 33 14
0 44 22 44 33 14 11 22 11 41 13 32 33 41 22 41 22 23 33 11
0 22 33 44 32 14 11 22 11 11 11 33 33 44 33 41 22 22 33 14
0 42 22 41 32 14 11 22 14 41 11 32 33 44 22 41 22 23 32 14
0 44 22 44 32 11 14 22 11 11 13 33 32 41 22 44 23 23 33 11
0 42 22 41 33 14 14 22 11 11 11 33 33 44 22 11 23 22 33 11
0 44 22 44 33 11 11 22 14 44 13 33 33 41 22 44 33 22 33 11
0 42 22 41 32 14 14 22 11 41 11 33 33 41 23 44 22 22 32 11
0 42 23 11 33 14 11 23 14 44 11 32 33 44 22 11 23 33 33 11
0 44 22 44 32 14 14 22 14 41 11 33 33 44 22 44 33 22 33 11
0 44 23 44 33 44 11 22 11 11 11 33 32 44 22 44 22 33 33 11
0 44 23 41 22 44 14 23 11 44 11 22 32 44 23 11 22 22 33 14
0 42 33 41 32 14 44 23 14 41 11 33 33 11 23 41 33 22 33 44
0 42 22 11 33 11 14 23 11 41 11 32 33 44 23 41 23 22 33 14
0 44 23 44 33 11 14 22 11 41 11 33 33 44 22 41 22 22 33 11
0 44 23 41 22 14 11 22 11 44 11 33 33 44 23 44 23 23 33 14
0 42 23 41 32 11 11 23 14 44 11 33 32 41 22 44 23 23 33 11
0 22 33 41 33 44 14 33 44 11 11 32 33 11 23 44 23 22 33 14
0 44 23 44 22 11 44 33 11 41 11 32 32 41 22 44 23 22 32 14
0 22 23 44 22 14 14 22 11 41 13 32 33 11 23 44 23 22 33 11
0 42 23 11 32 11 44 23 14 41 11 33 33 11 23 44 22 23 33 11
0 42 23 11 32 14 14 33 14 11 11 33 33 44 22 44 23 33 33 11
0 42 33 41 33 14 14 23 14 44 11 33 33 44 33 44 23 23 33 11
0 44 23 41 33 14 11 33 14 44 11 33 33 41 23 41 22 23 32 11
0 42 23 44 32 11 14 23 11 41 13 22 33 11 23 41 23 23 32 14
0 42 33 41 32 14 14 23 14 41 13 33 33 44 22 41 22 22 33 11
0 44 23 41 32 44 44 33 14 41 11 33 32 44 22 41 22 23 33 11
0 44 22 11 22 44 11 33 44 11 11 33 32 44 22 41 23 23 32 14
0 22 23 41 32 14 14 23 14 41 13 33 32 11 23 41 23 23 32 11
0 42 22 44 32 11 11 23 14 41 11 32 33 44 22 41 23 22 33 11
0 42 22 44 33 11 11 23 14 11 11 33 33 11 23 41 22 22 33 14
0 44 22 44 32 11 14 23 11 41 11 32 33 41 23 44 22 23 33 11
0 22 22 44 32 14 14 22 14 44 11 33 33 41 23 41 23 23 33 11
0 42 23 11 32 11 14 22 11 41 11 22 33 41 23 41 23 23 33 11
0 22 22 41 33 11 14 23 11 41 11 32 33 44 22 44 23 23 33 11
0 44 22 41 22 14 11 23 11 11 11 32 33 41 22 44 23 23 33 11
0 44 22 11 33 11 14 22 11 11 13 33 32 41 22 41 22 22 33 14
0 44 23 44 32 44 14 22 11 44 11 33 32 41 23 44 23 23 33 11
0 44 33 44 32 14 11 23 11 41 11 32 33 41 23 11 22 23 32 11
0 22 33 44 32 14 44 23 14 44 11 32 32 41 22 41 22 22 33 11
0 44 22 41 33 14 14 22 14 41 11 33 32 44 23 41 23 23 32 14
0 22 23 44 33 14 11 23 11 41 13 32 32 41 23 44 22 23 33 11
0 44 23 41 32 14 11 23 11 44 11 33 33 41 22 44 23 23 33 11
0 44 23 41 32 14 14 33 11 41 13 32 33 41 22 41 23 23 33 11
0 42 23 44 32 11 11 22 11 44 11 33 33 11 22 44 23 22 32 14
0 44 23 44 33 11 14 22 11 41 11 33 33 44 22 44 23 22 32 11
0 42 22 44 33 11 11 33 11 44 11 33 33 41 22 41 23 23 32 11
0 42 23 44 33 44 14 22 11 44 11 33 33 11 22 41 33 22 33 11
0 42 23 11 33 11 11 23 11 11 13 22 33 11 22 41 33 23 32 14
0 44 22 44 32 14 14 23 11 41 11 33 33 44 22 44 22 23 33 11
0 42 23 41 33 44 11 23 14 41 11 22 33 44 33 44 23 22 33 11
0 42 22 44 33 11 14 22 11 41 13 32 33 44 22 44 23 22 33 11
0 42 22 41 33 11 11 22 11 44 11 32 33 44 22 44 22 22 33 11
0 44 22 11 32 44 14 23 14 44 11 33 33 44 22 41 22 23 33 11
0 42 22 41 33 44 14 23 14 11 13 33 33 44 22 41 23 22 33 14
0 44 22 41 33 14 14 33 11 11 11 32 32 11 22 41 23 33 32 11
0 42 22 41 33 14 14 22 11 41 11 33 33 11 23 44 23 22 33 11
0 42 23 41 32 14 14 22 11 11 13 22 33 41 22 41 23 23 33 11
0 42 33 44 32 11 11 23 14 41 11 33 32 11 33 41 23 23 33 44
0 42 23 44 32 11 11 22 44 44 11 32 33 41 33 44 22 22 33 11
0 44 23 11 32 44 11 23 11 41 11 33 32 44 22 41 23 23 33 14
0 42 23 41 22 14 11 23 11 41 13 33 33 44 23 44 23 22 33 14
0 42 33 44 32 44 14 23 14 41 11 33 33 41 23 41 23 33 33 11
0 44 23 41 32 11 11 23 11 44 13 33 33 44 23 41 23 23 32 11
0 42 23 41 33 11 44 23 11 41 13 33 33 11 23 44 23 22 33 11
0 44 22 44 33 14 14 23 11 41 11 33 33 11 22 44 22 22 33 11
0 44 33 41 22 11 14 23 14 41 13 32 33 44 33 41 23 23 33 11
0 22 23 41 33 11 14 22 14 44 13 33 32 41 22 44 22 23 33 11
0 42 23 41 32 14 14 33 14 11 13 32 32 44 22 11 33 33 32 11
0 42 23 41 33 11 14 22 11 41 13 33 32 44 22 44 22 22 33 11
0 42 23 41 22 44 14 23 14 41 13 32 33 11 23 41 23 23 33 44
0 42 23 44 22 44 44 23 11 41 11 33 32 41 23 11 22 33 33 11
0 44 22 44 32 14 11 22 14 41 11 32 33 44 22 41 22 22 33 11
0 42 23 41 33 11 11 22 11 44 11 33 33 11 22 44 22 22 33 11
0 44 23 41 32 11 14 33 11 41 13 33 32 44 22 41 22 22 33 14
0 44 22 41 32 11 44 33 11 44 11 33 32 41 23 44 22 22 33 14
0 42 22 41 32 11 14 23 11 44 11 33 33 41 22 44 22 22 33 11
0 44 23 41 22 44 14 33 44 44 11 33 32 41 23 41 33 22 32 11
0 44 22 44 33 14 11 23 11 41 11 33 32 44 23 44 22 22 33 11
0 44 23 41 32 44 14 23 11 41 11 22 32 44 22 11 33 23 32 14
0 44 23 44 32 14 11 33 11 44 11 32 33 44 22 41 22 22 33 11
0 22 33 44 32 14 14 23 44 41 13 32 33 44 22 11 23 23 33 11
0 44 23 11 33 14 14 23 11 41 11 32 33 41 22 44 23 23 33 11
0 44 23 41 33 14 44 22 11 41 11 32 32 41 23 44 23 22 33 11
0 44 23 11 22 14 14 33 14 41 13 33 33 41 22 41 23 23 33 11
0 44 22 44 33 44 14 23 14 11 13 33 33 44 23 11 22 22 32 11
0 42 22 44 32 14 11 23 14 11 11 32 33 11 22 44 22 22 33 44
0 44 22 44 32 14 14 22 11 41 13 32 32 11 33 41 23 22 33 11
0 44 23 44 33 44 14 22 11 11 11 33 33 44 22 44 23 22 33 11
0 42 23 41 33 44 14 23 11 44 11 33 32 44 22 44 22 33 33 14
0 42 23 44 32 14 11 23 11 11 11 33 32 44 23 41 23 23 33 14
0 42 22 44 32 14 11 23 11 41 11 33 32 41 22 44 23 22 32 11
0 44 22 41 32 14 14 33 11 41 11 32 33 41 22 11 22 22 33 14
0 42 22 44 33 11 11 22 11 44 13 33 33 11 22 41 23 22 33 11
0 44 22 44 32 14 11 23 44 41 11 33 32 11 22 41 22 23 32 11
0 44 22 44 33 11 14 33 14 11 11 32 32 44 23 11 33 22 33 44
0 42 33 41 33 14 11 33 11 41 13 33 33 41 23 44 22 22 33 11
0 42 22 41 32 11 14 33 14 44 11 22 32 41 22 44 22 22 33 11
0 42 22 41 22 11 11 23 11 11 11 33 33 41 22 44 23 23 32 14
0 44 22 41 33 14 11 23 11 44 11 32 33 44 23 44 23 22 33 44
0 42 23 41 32 14 44 22 11 44 13 32 33 44 23 44 23 23 33 11
0 42 22 41 32 14 14 33 14 44 13 33 32 41 23 44 22 22 32 44
0 44 23 41 33 14 11 23 11 44 11 32 33 44 33 44 23 22 33 11
0 44 23 44 32 14 11 22 11 44 13 32 33 41 22 41 23 22 33 11
0 42 33 41 32 11 14 22 11 44 11 33 33 41 22 11 22 22 33 14
0 44 22 41 32 14 11 23 11 44 11 33 33 11 22 44 22 23 33 11
0 44 23 41 33 11 14 23 11 44 11 32 33 41 23 44 22 22 33 11
0 44 23 44 33 14 14 33 14 44 33 22 33 44 33 41 23 23 32 11
0 22 22 44 32 11 11 22 44 44 13 33 33 41 22 44 22 23 33 11
0 44 22 44 32 14 14 22 14 44 11 22 32 41 22 41 33 22 33 14
0 44 22 44 33 14 11 23 11 44 11 32 32 44 22 44 33 23 33 11
0 42 22 41 32 14 44 22 14 41 13 22 33 41 22 44 23 23 33 11
0 42 23 41 32 14 14 33 11 11 13 22 33 41 23 44 22 22 33 14
0 22 22 11 32 11 14 23 14 44 11 32 33 44 22 41 22 22 33 11
0 42 33 44 32 14 11 23 11 11 13 33 32 11 22 44 23 22 33 11
0 44 22 44 33 11 14 23 11 41 11 33 33 44 22 11 22 23 32 11
0 42 33 41 32 14 11 22 14 44 11 22 33 44 22 44 23 22 33 11
0 22 22 11 32 44 14 23 11 41 33 32 33 41 33 44 22 33 33 14
0 42 22 44 33 14 14 23 14 44 11 33 33 41 23 41 23 23 33 11
0 44 22 11 33 11 44 33 11 44 11 32 33 44 22 44 22 22 33 11
0 44 22 44 22 14 11 23 11 41 11 33 33 41 23 44 22 22 33 11
0 44 23 44 33 11 11 22 44 44 11 33 33 11 22 44 23 22 32 11
0 44 22 44 33 44 14 22 11 44 11 33 33 44 23 41 22 23 33 11
0 44 22 44 32 11 11 22 11 41 13 32 32 44 23 41 23 22 33 11
0 44 22 44 32 14 11 23 14 44 13 33 32 41 22 41 33 23 33 11
0 42 33 41 33 44 44 23 11 44 11 33 33 44 22 41 22 22 32 14
0 22 22 41 22 14 14 33 44 11 33 22 33 41 23 41 22 33 33 44
0 42 23 41 22 11 14 22 11 41 11 32 32 41 22 41 33 23 32 14
0 44 22 44 32 11 14 33 11 41 13 33 32 11 23 41 23 22 22 11
0 42 22 44 22 14 14 33 14 44 11 32 33 44 22 41 23 22 32 14
0 42 33 41 33 14 11 33 11 41 11 33 32 44 23 41 23 22 33 14
0 22 33 41 33 14 14 23 11 44 11 33 33 41 22 11 22 22 33 44
0 44 23 44 33 14 11 22 11 44 11 33 33 41 22 44 22 22 32 11
0 42 22 41 32 14 14 22 14 41 11 33 32 41 23 44 23 22 32 14
0 44 23 11 33 11 11 23 11 41 11 32 32 41 23 41 23 23 33 14
0 44 22 41 32 11 14 23 11 11 11 32 33 11 22 44 22 22 33 11
0 44 23 44 33 44 11 22 14 44 11 33 33 41 22 41 23 22 33 11
0 22 22 41 33 14 11 23 11 11 13 33 33 41 22 11 22 23 33 14
0 22 22 11 32 11 14 22 14 44 13 32 33 11 22 41 23 22 33 14
0 42 23 44 33 44 14 23 11 44 13 32 33 41 23 41 22 22 33 11
0 42 22 41 33 11 14 33 14 41 11 32 33 44 23 11 23 22 33 11
0 22 22 44 22 11 14 22 11 11 11 33 33 44 22 11 22 23 33 11
0 44 23 41 33 11 14 23 11 41 11 33 33 44 23 44 22 23 32 14
0 42 22 41 32 11 14 33 11 11 11 33 33 44 22 44 22 22 33 14
0 44 23 44 32 14 14 22 11 41 11 33 33 41 22 44 23 23 33 14
0 44 33 44 32 44 14 23 11 41 11 32 32 41 22 41 23 22 33 11
0 44 23 44 32 14 14 22 11 41 11 33 33 41 22 11 22 22 33 11
0 22 22 44 33 44 44 23 11 44 11 33 33 44 22 41 23 22 33 11
0 42 22 44 33 11 11 22 11 11 11 33 32 41 22 44 22 23 33 11
0 44 33 44 22 44 11 23 11 11 11 33 33 44 22 41 22 22 33 14
0 44 22 44 32 11 14 22 11 44 11 32 33 41 22 41 22 23 33 11
0 42 22 41 33 14 44 23 14 41 33 32 32 41 33 44 33 23 33 14
0 22 23 41 32 14 14 23 11 44 11 32 33 41 22 41 22 22 32 11
0 42 23 44 33 11 14 33 11 41 11 33 33 41 23 44 22 22 33 11
0 42 22 44 33 44 14 22 11 44 13 33 33 44 22 44 23 22 33 11
0 42 22 41 32 14 11 23 14 44 11 33 33 41 23 11 33 22 33 11
0 42 23 41 32 14 44 23 14 11 13 33 33 44 22 44 23 23 32 14
0 44 23 44 22 11 44 23 11 11 11 33 33 44 23 44 22 23 33 11
0 44 22 41 32 14 14 23 11 44 13 33 33 44 23 44 23 22 32 14
0 22 33 41 32 14 11 33 14 41 11 33 32 11 22 44 22 23 33 11
0 42 23 41 32 14 11 22 11 44 11 32 33 41 22 44 22 23 33 11
0 44 23 41 32 14 14 22 14 41 11 33 33 11 23 41 22 23 33 14
0 42 22 11 33 11 14 23 11 11 11 32 33 44 22 41 23 22 33 11
0 44 23 41 32 14 14 33 11 41 13 32 32 41 22 41 33 22 32 14
0 42 23 44 22 44 44 23 11 11 33 22 22 41 22 41 23 22 32 11
0 44 22 44 32 44 14 23 14 44 11 33 32 11 22 41 22 22 32 14
0 22 23 11 32 44 14 22 11 44 11 33 32 41 22 44 33 22 33 14
0 44 22 41 32 14 11 23 11 41 11 33 33 44 22 44 22 23 33 11
0 22 22 41 22 14 11 22 11 41 11 32 32 11 23 41 23 22 33 14
0 42 22 44 22 11 44 22 11 41 11 33 33 44 22 41 23 23 33 14
0 42 23 41 32 14 14 22 11 41 11 32 33 41 33 41 22 22 33 11
0 44 22 41 32 11 11 22 11 44 11 32 33 44 22 41 22 23 32 14
0 22 23 41 32 44 14 23 14 44 13 32 33 41 23 11 33 22 33 14
1 44 23 44 33 44 14 22 11 41 13 33 32 41 23 41 22 33 33 14
1 42 23 11 33 11 11 23 14 44 11 33 32 41 22 41 22 22 33 11
1 42 23 41 33 44 14 22 11 41 11 33 33 41 22 44 23 22 33 11
1 42 23 41 32 14 11 23 11 11 13 32 32 41 23 44 23 23 33 11
1 44 22 44 32 14 11 22 14 41 11 33 33 44 23 44 23 22 22 14
1 42 22 41 22 44 14 22 14 11 33 32 33 11 23 41 23 22 33 11
1 44 23 41 22 11 14 22 11 41 11 33 33 44 22 44 22 23 32 11
1 44 23 11 32 14 14 23 11 41 13 32 33 41 23 44 23 22 33 11
1 42 23 41 32 44 44 23 44 11 11 32 33 41 23 11 23 23 33 14
1 22 22 41 33 44 14 33 11 41 11 32 32 41 22 41 22 22 33 11
1 42 23 41 33 14 11 23 14 11 13 33 33 41 23 41 33 23 33 11
1 44 22 44 33 44 11 33 14 41 11 32 33 41 22 44 23 22 32 11
1 42 33 44 32 44 44 23 11 44 11 32 33 41 22 41 23 22 33 11
1 42 23 11 33 44 11 33 11 11 13 33 33 41 23 41 22 23 33 11
1 44 33 11 33 11 11 33 11 41 13 33 33 41 22 44 23 22 33 14
1 44 23 41 32 44 11 23 11 11 13 32 33 41 23 41 22 22 33 14
1 44 23 41 32 11 11 23 14 41 13 22 33 44 23 41 22 22 33 11
1 42 22 44 22 11 11 23 11 41 13 32 33 41 23 44 23 23 33 11
1 44 23 44 22 44 11 33 11 11 13 33 32 41 22 41 33 33 33 11
1 44 22 44 32 14 14 22 11 44 11 32 32 44 22 44 22 23 33 11
1 42 22 41 32 11 11 22 11 41 11 33 33 41 22 44 22 23 33 11
1 22 22 44 33 11 44 23 14 44 13 32 32 44 23 44 22 33 33 14
1 42 33 44 33 44 11 22 14 41 11 32 32 41 22 11 33 23 32 14
1 44 33 41 32 11 14 22 11 41 33 33 32 41 23 44 23 22 22 11
1 42 23 11 33 14 44 23 44 41 11 33 32 11 33 11 23 22 33 11
1 42 23 44 32 14 44 22 11 41 11 33 33 44 23 44 23 23 33 11
1 44 23 41 32 11 14 23 11 41 11 22 33 44 23 44 22 22 33 11
1 22 22 11 32 14 14 23 11 41 11 33 33 11 23 44 23 22 32 11
1 42 23 41 33 14 11 22 11 44 11 33 33 41 23 44 22 22 33 11
1 42 22 44 33 14 11 23 11 41 11 33 33 11 22 44 22 22 33 14
1 42 33 44 33 14 14 23 11 11 11 32 33 44 33 44 23 23 33 14
1 42 22 11 33 11 11 23 14 41 11 33 32 41 23 44 33 22 33 11
1 44 22 11 32 44 44 23 44 11 11 32 32 41 23 41 23 33 32 11
1 42 23 41 33 44 14 23 11 41 13 33 33 11 22 44 22 23 32 11
1 44 22 44 22 11 11 23 11 44 11 33 33 44 23 44 23 22 33 14
1 42 22 44 33 14 11 33 14 11 11 33 32 11 22 41 23 23 33 14
1 44 22 41 33 14 14 22 11 41 11 32 33 44 22 41 23 23 33 44
1 44 33 41 33 11 14 33 11 41 11 32 33 44 22 41 23 22 33 11
1 44 22 41 33 14 11 23 11 41 11 33 33 41 23 44 22 22 33 14
1 44 22 44 22 11 11 33 14 41 11 33 33 41 22 44 23 22 33 14
1 42 22 41 32 11 14 23 11 44 11 22 33 44 22 44 23 22 33 11
1 42 23 44 32 14 14 23 14 11 13 33 32 11 22 41 23 23 33 14
1 22 23 44 32 14 11 33 11 41 11 33 33 44 23 41 23 22 32 14
1 42 23 41 32 14 11 33 14 41 11 33 32 41 22 44 22 22 33 14
1 42 22 41 32 14 11 23 14 44 13 32 32 41 23 11 22 22 32 14
1 44 23 44 33 14 14 22 11 44 11 33 33 41 22 41 23 23 33 11
1 42 22 44 33 14 14 33 14 11 11 32 33 44 22 44 23 23 32 11
1 42 23 41 32 44 14 33 14 41 11 33 33 44 22 41 23 22 33 14
1 42 22 44 32 11 14 23 11 11 11 33 33 44 22 44 23 22 33 14
1 42 23 41 32 14 14 22 14 44 11 33 32 11 23 44 23 22 32 11
1 44 22 41 33 14 11 22 11 44 11 33 33 41 22 11 33 22 33 14
1 44 22 41 32 14 11 23 14 44 11 33 33 41 22 44 23 23 33 11
1 44 23 44 32 11 14 23 11 44 11 33 33 44 22 44 22 23 33 11
1 44 23 44 32 11 14 33 14 41 11 33 33 44 22 44 23 23 33 14
1 42 22 41 32 44 11 23 14 41 13 22 33 11 23 44 22 23 33 14
1 42 33 11 33 14 14 23 14 41 11 32 33 44 22 44 22 22 33 11
1 42 22 41 32 44 14 23 11 11 11 32 33 41 33 44 23 23 33 14
1 44 23 44 33 14 11 33 11 41 11 33 33 41 22 44 22 23 33 11
1 42 23 41 32 11 14 22 14 41 11 33 33 41 22 44 22 22 33 11
1 44 23 44 33 44 11 23 11 41 11 33 33 11 22 41 23 22 32 14
1 44 23 44 33 11 14 33 11 44 11 33 32 44 22 41 22 22 33 11
1 44 23 41 32 11 11 22 11 44 13 22 33 44 23 44 23 23 33 11
1 42 23 41 32 14 14 23 11 44 11 32 33 41 33 44 22 33 33 11
1 42 23 44 33 14 11 23 11 41 11 33 32 41 22 44 23 22 33 14
1 42 23 11 22 14 44 33 14 44 11 33 33 44 22 41 22 22 32 11
1 42 22 41 32 44 14 22 11 41 33 33 33 41 23 44 23 23 33 11
1 42 22 44 33 14 14 22 14 41 11 33 22 44 23 41 22 22 33 11
1 42 22 44 32 44 11 23 11 41 11 32 32 41 22 44 22 23 33 14
1 44 22 41 32 11 11 23 11 41 13 32 32 41 22 41 22 22 33 11
1 44 23 41 32 44 11 22 14 11 11 32 33 41 33 11 23 22 33 14
1 44 23 44 33 14 44 33 11 44 13 33 33 41 22 44 22 22 33 14
1 44 23 44 33 11 14 22 14 44 11 32 32 41 23 44 22 23 33 14
1 42 23 44 32 14 14 23 14 11 11 33 33 44 23 44 23 22 33 11
1 44 23 41 32 14 14 22 11 41 11 33 33 41 23 11 23 22 33 11
1 42 22 44 33 14 14 22 11 44 11 33 33 44 22 44 22 22 33 11
1 42 23 44 32 44 14 23 14 44 11 32 33 44 22 44 23 22 33 14
1 44 22 41 33 11 14 22 11 44 11 32 33 41 22 41 23 22 33 11
1 22 23 44 32 11 14 23 11 44 11 32 32 44 22 44 23 23 33 14
1 44 22 44 32 11 14 33 11 41 11 33 22 44 22 44 23 23 33 11
1 42 22 11 32 44 14 23 11 41 11 33 32 11 22 11 33 23 32 14
1 44 23 41 33 11 14 22 14 44 11 32 33 41 22 44 22 22 33 11
1 44 23 11 22 44 14 23 44 41 11 32 33 44 22 44 23 22 33 14
1 42 23 41 32 11 11 22 11 41 13 33 32 41 23 41 22 22 32 11
1 42 23 11 22 44 14 22 14 41 11 33 33 41 22 41 23 22 32 44
1 44 33 41 33 44 14 33 44 41 13 22 32 11 23 41 23 22 32 11
1 42 23 44 22 14 14 22 11 41 11 32 33 44 22 44 33 23 33 11
1 44 33 41 33 14 14 23 44 41 13 33 32 41 22 44 23 23 32 11
1 42 23 41 32 14 11 22 11 41 11 32 33 41 23 44 23 22 33 11
1 42 23 44 32 44 14 23 11 44 13 22 33 11 23 41 22 23 33 11
1 22 33 11 22 14 14 23 44 41 13 32 32 41 23 41 23 22 33 14
1 22 23 44 32 11 14 22 14 41 13 33 32 41 23 11 23 22 33 14
1 42 23 11 32 14 44 23 44 41 11 33 33 11 33 44 23 23 32 14
1 44 22 44 33 14 11 23 11 41 13 33 32 44 23 41 23 23 33 11
1 44 23 44 33 14 14 22 11 41 13 33 33 41 22 44 22 22 33 11
1 42 22 41 33 14 11 33 11 44 13 33 33 44 23 44 22 23 33 11
1 42 22 41 32 14 11 22 11 41 11 32 33 44 22 44 23 22 32 14
1 44 23 41 33 14 14 22 14 41 11 32 32 11 23 44 22 23 33 14
1 42 23 44 32 14 14 23 14 11 11 33 32 41 33 41 23 33 33 11
1 42 22 44 33 11 14 23 11 41 11 33 33 11 23 41 22 22 33 11
1 44 23 44 32 14 14 23 44 41 11 32 33 44 23 44 22 22 33 11
1 42 22 44 33 14 11 22 11 41 11 33 32 11 22 41 22 22 33 11
1 22 22 41 33 14 11 23 11 41 11 33 33 11 22 41 22 33 33 11
1 44 22 44 33 44 14 33 14 11 13 33 32 41 22 44 23 23 33 11
1 42 22 44 33 11 14 23 11 41 11 32 32 11 22 44 23 22 33 11
1 44 22 44 33 14 11 22 14 44 11 33 33 44 22 44 22 33 33 11
1 42 22 11 33 11 44 23 11 44 11 33 33 41 23 41 22 23 33 11
1 44 22 44 33 14 11 23 11 41 11 33 33 41 22 44 22 22 33 11
1 42 33 44 32 14 14 23 14 41 11 32 33 41 22 11 23 22 33 11
1 42 33 11 33 11 11 22 14 11 11 33 22 11 22 11 23 22 32 11
1 44 22 44 32 44 14 22 11 41 11 32 32 44 22 41 22 22 32 11
1 44 22 41 33 14 14 23 14 41 11 33 33 41 22 44 22 22 33 14
1 44 22 41 22 14 11 22 11 44 13 33 33 44 23 44 22 22 33 14
1 42 23 44 22 14 14 23 11 41 11 33 33 41 22 44 22 22 33 11
1 42 22 44 33 11 11 23 11 11 11 33 33 44 22 41 23 23 32 11
1 42 33 44 32 44 14 22 11 44 13 33 33 44 22 11 23 22 33 14
1 42 33 41 32 11 14 33 11 44 11 32 33 41 23 41 22 23 33 11
1 42 22 41 33 14 14 33 44 41 13 33 33 41 23 41 33 23 33 14
1 44 23 44 33 14 11 33 11 41 11 33 32 41 23 41 23 22 32 14
1 22 23 11 32 44 44 23 11 11 13 32 33 11 22 41 23 23 32 11
1 42 22 44 33 14 14 23 11 11 11 33 33 44 22 41 22 22 33 11
1 44 23 41 33 44 11 22 11 11 13 32 33 41 22 44 22 22 33 11
1 44 22 41 22 11 11 33 11 44 13 33 33 44 22 11 22 22 33 11
1 44 23 41 32 44 14 33 11 41 13 22 33 11 22 44 33 23 33 11
1 44 22 44 33 11 11 23 11 11 11 33 32 44 22 41 23 22 33 11
1 42 22 44 22 14 11 22 14 11 11 32 33 44 22 44 23 22 33 11
1 42 22 41 32 14 14 33 14 44 13 32 33 41 23 44 22 22 33 11
1 42 22 41 33 11 14 23 44 41 13 32 33 44 23 41 23 22 33 11
1 44 33 44 33 11 14 23 11 11 11 33 33 41 23 41 33 23 33 11
1 42 22 44 33 11 14 23 11 41 11 33 33 44 23 44 22 22 33 11
1 44 22 44 33 14 14 22 14 41 11 32 33 11 22 44 23 23 33 11
1 42 22 11 22 44 11 23 14 41 11 32 32 44 22 44 23 22 33 11
1 42 23 11 22 44 44 22 11 11 11 32 33 11 23 11 23 22 33 11
1 44 23 44 32 14 14 22 14 41 13 33 22 41 22 41 23 23 33 14
1 22 23 11 32 14 44 23 44 41 11 32 32 44 22 41 23 22 33 44
1 42 22 41 33 44 11 23 11 41 13 32 32 41 23 44 23 23 32 14
1 22 23 41 32 44 11 33 11 41 13 22 33 11 33 44 33 23 32 14
1 44 23 44 32 11 11 23 11 41 13 33 33 44 22 44 23 33 22 11
1 44 23 41 33 14 14 23 14 41 11 33 33 11 23 41 23 22 33 11
1 42 23 11 33 14 14 22 14 11 11 33 33 44 22 41 22 23 32 14
1 44 22 41 33 11 14 22 11 41 11 32 33 41 22 44 22 22 33 11
1 44 33 11 22 44 14 33 11 11 13 22 33 11 33 41 22 22 32 11
1 44 23 41 33 14 14 23 11 44 11 33 33 41 22 44 23 23 32 11
1 44 22 41 22 11 11 22 11 11 11 33 33 41 23 44 23 33 32 11
1 44 22 41 32 14 14 22 14 41 13 32 33 44 22 44 23 23 33 14
1 44 22 44 33 44 11 23 11 11 13 33 33 44 33 44 22 22 32 11
1 22 22 41 32 14 44 33 44 44 13 22 32 11 23 41 23 23 32 11
1 42 22 41 32 14 11 33 11 41 13 33 33 44 23 41 22 22 32 11
1 44 22 44 33 44 11 22 11 44 11 33 33 41 23 41 23 22 33 11
1 22 23 11 32 44 14 33 14 11 13 32 33 41 22 11 23 33 33 14
1 42 22 11 33 14 14 22 14 41 11 33 32 41 22 44 22 22 33 11
1 22 22 44 22 14 14 22 14 41 11 33 32 41 22 41 22 23 32 14
1 44 22 41 22 14 11 22 44 41 13 33 33 41 33 44 23 23 32 14
1 44 22 41 22 11 14 33 14 11 11 22 33 41 22 41 22 22 22 14
1 22 23 41 32 14 14 33 11 44 11 32 33 44 23 41 23 22 33 14
1 42 22 44 22 11 11 33 11 11 11 33 33 41 23 44 22 23 33 14
1 44 22 11 22 14 11 22 11 41 11 32 32 41 23 44 22 23 33 11
1 44 23 41 32 14 14 22 11 44 11 32 33 44 22 41 22 23 33 11
1 44 22 44 33 44 11 33 14 11 11 33 33 44 23 41 23 23 33 11
1 22 22 44 22 44 11 33 14 44 11 33 33 41 22 41 33 22 33 11
1 44 33 41 32 11 11 23 14 41 13 33 22 44 33 41 33 22 33 11
1 42 23 41 22 14 11 23 14 41 11 32 33 41 23 44 23 23 32 11
1 44 23 41 22 11 14 22 11 41 11 33 33 41 23 41 22 23 33 14
1 44 23 11 32 14 11 33 44 11 13 32 33 11 23 11 22 23 33 11
1 42 22 41 32 14 14 23 14 44 11 33 33 44 23 44 22 22 32 14
1 44 22 41 32 11 11 33 11 41 11 33 33 11 33 44 22 23 33 44
1 44 22 41 32 11 14 23 14 44 11 32 33 44 23 44 22 22 33 14
1 22 22 44 22 44 14 22 11 41 13 33 33 41 22 41 22 22 32 11
1 44 22 44 33 11 44 33 11 44 11 33 33 11 23 44 22 23 33 11
1 42 23 41 22 11 11 23 14 11 11 33 33 44 22 41 23 22 32 11
1 44 33 44 32 44 14 22 11 41 11 32 33 44 22 44 23 33 33 14
1 44 22 41 32 14 11 22 11 44 11 22 33 41 22 41 23 33 33 14
1 44 33 11 33 11 14 23 11 44 11 33 33 44 23 41 33 22 33 11
1 44 22 44 32 11 14 22 11 41 13 32 33 41 23 41 22 22 33 14
1 22 22 41 32 44 44 23 11 44 11 33 33 41 23 41 22 22 33 11
1 42 23 41 22 11 14 22 11 44 11 33 32 41 23 44 22 23 33 11
1 42 22 44 33 44 11 23 11 44 11 32 33 41 22 44 22 22 33 11
1 22 23 44 32 11 14 33 14 41 11 33 33 11 22 41 22 22 33 11
1 22 22 41 33 14 14 23 14 41 11 33 32 44 23 41 22 22 33 11
1 44 23 44 22 14 11 23 14 41 11 33 33 44 23 44 23 23 33 44
1 42 22 44 33 44 14 23 11 11 13 33 32 44 22 11 22 23 33 11
1 22 23 41 22 44 11 23 14 11 11 32 33 44 23 44 22 23 32 11
1 42 33 41 32 14 14 22 14 41 33 32 32 44 22 44 22 22 32 11
1 44 23 41 32 11 11 22 44 44 11 32 33 44 22 44 22 22 33 14
1 42 23 11 32 14 44 22 14 44 13 32 33 41 23 41 23 23 33 11
1 22 23 41 33 14 11 23 11 44 13 22 32 41 33 41 23 23 33 14
1 44 22 41 32 11 11 23 14 41 13 32 33 11 23 11 33 22 32 11
1 22 22 41 33 44 14 23 14 11 11 32 33 41 23 44 23 33 33 11
1 22 23 11 32 14 44 22 14 11 33 22 32 41 23 44 23 23 32 14
1 44 22 44 33 14 11 23 11 41 11 32 33 41 22 41 23 22 33 14
1 44 22 44 32 11 11 23 11 44 11 33 33 44 22 44 22 22 33 11
1 42 23 44 33 44 14 23 11 44 13 22 32 41 22 44 22 23 33 14
1 42 23 44 22 44 11 33 14 44 11 32 33 41 23 11 23 23 33 14
1 44 23 11 33 44 11 23 11 11 11 32 32 44 22 44 23 23 32 11
1 42 22 44 32 14 14 23 11 41 11 32 33 44 22 44 22 22 33 14
1 42 22 41 33 11 14 22 11 44 11 33 33 41 22 41 23 22 33 11
1 22 23 44 22 14 14 23 14 11 13 32 32 41 23 11 23 22 33 11
1 44 22 44 32 14 11 23 11 44 11 33 33 44 22 41 23 22 33 11
1 44 23 41 32 14 11 23 11 44 11 32 32 44 22 44 22 22 33 14
1 42 23 44 32 11 11 22 11 41 13 32 32 41 22 41 22 23 33 14
1 44 23 44 33 11 14 23 11 41 13 32 33 41 23 44 22 23 32 11
1 22 22 44 33 11 11 22 14 44 11 32 32 44 23 41 22 23 33 11
1 42 22 11 32 14 44 33 11 41 11 32 33 41 22 44 22 33 33 11
1 44 23 44 32 14 11 22 11 44 11 33 33 44 22 44 22 23 33 14
1 42 22 41 22 14 14 23 11 41 13 22 33 41 22 44 23 23 32 11
1 42 22 41 33 11 14 22 11 44 11 33 33 44 22 44 22 22 33 14
1 44 22 44 33 14 14 22 11 44 11 33 33 44 22 41 23 22 33 11
1 42 22 41 32 14 14 23 11 41 11 32 32 44 23 44 22 22 33 14
1 42 23 41 33 14 14 33 11 41 13 33 33 41 22 41 23 22 32 11
1 44 23 41 33 11 11 22 11 11 11 32 32 41 22 41 23 23 33 11
1 44 22 44 22 11 14 33 11 41 11 33 33 44 22 44 33 22 33 14
1 42 22 44 32 14 14 23 14 41 11 32 33 41 22 41 23 33 33 14
1 42 33 44 32 14 44 33 11 41 11 32 32 41 23 41 22 22 33 44
1 42 22 41 33 14 11 33 14 41 33 22 32 44 33 41 23 22 33 11
1 42 22 44 33 14 11 23 11 41 11 22 32 41 22 41 23 23 33 11
1 42 23 11 22 44 44 33 14 41 13 33 22 11 22 44 33 23 33 11
1 44 23 44 32 14 11 23 14 44 11 33 33 44 23 44 23 22 33 11
1 44 23 41 32 44 14 23 11 44 13 33 33 44 23 41 22 23 33 11
1 42 23 41 32 11 11 23 11 41 11 33 33 41 22 44 22 22 33 11
1 44 22 11 33 44 11 23 11 41 13 33 33 41 23 41 33 22 32 11
1 44 23 44 32 14 11 23 11 44 11 32 33 41 23 44 23 22 33 11
1 22 22 41 32 14 11 22 14 11 11 33 32 41 23 44 22 33 33 14
1 22 23 41 32 11 11 23 14 11 13 32 32 41 22 41 23 22 22 14
1 42 23 41 33 44 14 22 11 44 11 32 32 41 22 44 23 23 33 11
1 22 23 44 33 44 11 22 14 41 11 33 32 41 22 41 23 22 32 14
1 22 23 41 32 11 14 22 14 44 11 22 33 41 22 44 23 22 33 14
1 42 22 41 32 11 14 33 11 11 11 33 33 41 23 41 33 22 32 14
1 22 22 41 33 44 44 22 11 11 11 33 32 41 22 41 22 22 33 11
1 44 23 44 22 14 14 23 14 41 11 33 32 41 22 11 22 22 33 11
1 22 23 11 33 14 14 23 14 41 13 33 33 41 22 41 23 23 33 11
1 44 22 41 33 14 11 23 11 44 13 32 33 41 22 41 22 22 33 14
1 44 22 44 32 14 14 23 11 41 11 33 32 44 22 41 23 22 32 14
1 44 23 11 32 44 11 23 11 44 11 33 32 41 23 11 23 22 33 44
1 44 22 44 22 14 14 23 11 41 11 33 32 44 22 44 22 22 32 11
1 44 22 41 33 11 14 22 11 41 13 33 33 11 22 41 22 23 33 11
1 44 22 11 33 14 11 23 11 41 11 32 33 44 22 41 22 22 33 11
1 42 33 41 33 11 11 22 11 41 13 32 33 44 22 44 23 33 33 11
1 42 22 41 32 14 14 23 11 44 11 32 33 44 22 44 23 23 33 11
1 44 23 41 33 14 14 23 14 41 11 32 33 41 22 44 23 23 32 14
1 44 23 44 32 14 14 23 11 41 11 32 33 11 22 44 22 22 33 11
1 44 23 41 32 14 11 23 14 11 13 33 33 41 22 41 23 22 33 11
1 42 23 44 32 11 11 22 14 41 13 33 22 44 22 44 22 22 32 14
1 22 23 44 33 14 14 22 11 44 11 33 33 44 23 41 22 22 32 11
1 22 22 44 32 11 11 33 11 44 11 32 33 11 23 44 22 22 33 11
1 42 23 44 32 11 44 22 11 41 11 32 32 11 22 41 23 22 33 11
1 42 23 44 32 14 11 23 14 41 11 22 32 44 23 41 23 33 33 11
1 44 23 44 32 14 11 22 11 44 11 32 22 41 22 44 22 22 22 11
1 44 22 44 33 44 14 23 11 11 13 33 32 41 22 44 23 23 33 11
1 44 23 41 32 14 44 33 11 11 11 33 33 41 22 41 23 22 22 11
1 42 22 11 32 44 14 33 14 11 11 33 33 41 23 11 23 22 33 14
1 44 22 41 32 11 14 22 11 41 11 33 33 41 22 41 23 22 33 11
1 42 33 41 32 44 44 33 11 11 13 22 32 41 22 44 23 23 33 14
1 42 22 41 22 14 14 22 14 41 11 32 33 41 23 11 33 22 33 14
1 44 22 44 33 14 44 22 11 41 11 33 33 41 22 44 22 22 32 11
1 42 22 44 32 11 14 22 11 41 11 22 33 41 22 41 22 22 33 11
1 42 23 44 32 11 11 22 11 41 11 32 33 44 22 41 22 22 33 11
1 42 33 44 22 14 14 33 14 11 11 22 33 11 23 11 23 23 33 11
1 44 22 41 33 44 14 23 11 41 11 32 33 11 23 44 23 22 33 11
1 44 33 41 33 14 14 22 14 44 13 33 32 41 23 41 33 22 33 11
1 44 22 44 33 11 14 23 11 11 11 33 32 41 22 44 22 22 33 11
1 44 22 44 33 11 11 22 11 44 11 33 33 44 22 44 23 22 33 11
1 44 33 44 33 14 11 23 11 41 11 33 32 44 22 44 23 22 33 14
1 42 22 41 32 14 11 22 44 11 11 22 33 41 22 44 22 23 33 14
1 42 22 41 32 11 11 23 11 44 11 32 32 41 22 41 23 23 33 14
1 42 22 41 33 14 11 22 11 41 11 33 33 44 22 44 22 22 33 11
1 22 23 41 33 44 14 22 11 44 13 33 33 44 23 11 23 23 33 11
1 42 23 44 32 14 14 22 11 11 11 32 22 41 23 44 23 23 33 14
1 44 33 44 33 11 11 23 11 11 11 33 32 41 22 41 23 23 33 11
1 42 23 41 22 44 11 23 44 44 11 32 32 44 22 44 22 23 32 14
1 42 22 44 33 44 14 23 14 41 11 32 33 41 23 41 22 22 33 11
1 44 22 41 32 11 14 23 14 41 11 32 33 44 23 41 23 23 33 11
1 44 23 41 32 44 11 23 11 44 11 33 32 41 22 41 23 23 32 14
1 44 23 44 33 44 11 23 11 41 11 32 33 41 23 41 33 22 33 11
1 42 23 41 32 11 14 22 11 44 13 33 33 44 22 44 33 23 33 11
1 44 23 44 32 11 11 23 11 41 11 33 32 44 22 41 22 22 33 11
1 42 22 44 22 14 14 33 11 41 11 32 33 41 33 44 33 23 32 11
1 42 23 41 32 14 11 23 11 41 13 32 33 11 22 41 22 22 32 11
1 42 22 11 33 14 11 23 14 41 11 33 32 41 22 41 22 23 32 11
1 42 23 41 32 14 14 22 14 41 11 33 33 41 22 41 23 23 33 14
1 44 23 44 33 14 44 23 11 41 11 32 33 41 22 11 22 23 33 11
1 22 23 44 32 44 44 22 11 44 11 32 22 41 22 41 22 23 32 11
1 42 22 41 33 14 11 23 11 41 11 22 33 41 22 44 22 22 32 11
1 42 23 41 32 14 44 22 11 41 33 33 32 41 22 44 22 33 33 44
1 22 23 41 32 44 14 23 14 41 13 32 32 11 22 41 23 23 32 14
1 22 23 44 32 11 14 23 11 41 13 33 32 44 23 44 33 23 33 14
1 44 23 41 33 11 11 23 14 11 11 33 33 44 22 41 23 23 33 11
1 42 22 44 33 44 14 23 11 11 11 32 33 41 22 41 23 23 32 14
1 42 23 41 32 14 14 33 11 41 13 32 33 41 23 44 33 23 33 14
1 42 23 44 32 14 11 22 14 44 11 32 33 44 22 41 23 22 33 14
1 42 22 44 32 14 14 22 14 41 11 33 32 44 23 44 22 22 33 14
1 42 22 41 32 44 44 23 44 41 11 33 33 41 23 44 23 33 32 14
1 42 22 11 33 14 14 23 11 41 11 33 33 41 22 41 22 33 33 14
1 22 23 41 33 11 11 33 14 41 11 32 33 44 23 44 23 23 33 14
1 44 22 41 33 11 14 22 11 44 11 33 33 44 22 41 22 22 33 11
1 44 23 41 32 14 14 23 11 11 13 32 32 11 22 41 22 22 32 11
1 42 22 11 33 14 14 22 14 41 11 32 32 44 22 44 22 22 33 11
1 44 23 41 33 11 11 22 14 41 11 33 32 44 22 44 23 22 33 11
1 42 23 44 22 44 11 22 11 41 11 32 33 41 23 41 22 23 33 11
1 42 23 41 33 14 11 23 14 44 11 32 32 41 23 44 23 22 33 11
1 44 22 41 32 14 11 22 11 41 11 33 33 41 22 44 22 22 33 11
1 42 22 41 32 11 11 33 14 41 11 32 33 41 33 41 22 22 32 11
1 44 23 44 32 44 11 23 11 11 11 32 33 11 23 41 23 23 33 14
1 42 23 41 33 14 14 22 14 44 13 33 33 11 22 41 23 33 33 11
1 22 23 41 33 14 44 22 14 44 11 33 32 41 22 41 22 23 33 11
1 42 22 41 22 44 14 22 14 41 13 32 33 41 23 41 23 22 33 11
1 44 33 44 32 14 14 22 11 41 11 33 32 41 22 41 23 23 33 14
1 42 22 44 32 14 44 23 11 44 11 33 33 41 22 41 23 22 33 44
1 42 23 11 22 14 11 33 11 41 13 32 33 44 22 44 22 23 33 11
1 44 23 44 33 11 14 23 11 41 11 33 32 41 23 11 23 23 22 11
1 44 22 44 32 14 14 23 14 44 11 32 33 41 22 44 23 22 33 14
1 44 22 44 22 14 11 22 11 44 11 33 33 44 23 44 22 22 33 11
1 42 23 41 22 44 11 23 14 11 11 32 33 41 22 41 23 22 33 14
1 42 33 41 32 11 14 33 14 41 13 33 33 44 22 11 23 22 32 14
1 44 23 41 33 11 14 23 14 41 13 32 33 41 22 44 23 22 32 11
1 44 23 41 33 14 14 23 14 44 13 32 33 44 22 44 33 22 32 11
1 44 22 44 33 14 11 22 44 41 11 32 32 44 22 11 33 23 33 11
1 44 23 41 32 14 11 23 11 41 11 33 33 41 22 44 22 22 22 11
1 44 22 44 32 14 44 23 14 41 11 32 33 41 23 41 22 23 33 11
1 42 33 41 32 14 11 23 11 41 11 33 32 44 22 44 22 22 32 11
1 42 23 41 32 14 11 33 11 41 11 33 33 41 22 44 23 22 32 14
1 44 23 11 33 44 11 23 11 41 11 32 33 11 23 41 23 23 33 11
1 44 23 44 32 14 11 22 11 44 11 33 33 44 22 44 22 22 33 14
1 44 23 44 33 44 44 22 11 44 11 33 33 11 23 11 33 23 33 11
1 44 22 41 22 11 14 23 14 41 11 32 32 41 22 44 22 23 32 14
1 42 22 44 33 14 11 33 11 11 11 32 32 44 23 44 22 22 33 11
1 42 33 41 32 11 14 33 44 41 13 33 33 41 33 11 23 22 32 14
1 44 23 11 33 14 14 22 14 11 13 22 33 11 22 44 22 22 32 11
1 42 23 44 32 11 11 22 11 11 11 32 33 41 22 11 33 23 32 11
1 44 23 41 32 14 11 23 11 11 11 22 32 44 22 41 23 22 33 11
1 44 23 44 32 14 14 23 14 44 11 33 32 41 22 44 22 22 33 11
1 44 22 44 32 11 11 22 14 41 11 33 33 44 23 44 23 23 33 11
1 42 23 41 32 14 14 23 11 41 11 33 33 44 23 44 23 23 33 14
1 44 22 41 33 14 14 23 11 44 11 33 33 44 23 44 23 23 33 11
1 44 33 44 32 14 14 23 11 41 11 32 33 11 22 44 23 22 33 11
1 44 22 44 33 11 14 23 11 11 11 33 33 41 22 44 22 22 33 11
1 42 23 44 32 14 11 23 11 11 11 33 32 41 23 44 22 22 33 11
1 22 22 44 33 11 14 23 11 11 11 33 33 41 23 41 22 33 33 11
1 42 22 44 32 11 14 22 11 44 33 33 32 11 33 41 22 22 33 14
1 42 22 44 32 11 14 23 14 41 11 32 33 44 22 44 33 22 33 11
1 44 23 44 32 14 14 22 11 44 11 32 32 41 22 41 22 22 33 11
1 42 23 41 22 14 14 33 14 41 11 22 32 41 22 41 22 23 32 14
1 22 23 41 33 14 11 23 14 11 13 22 33 11 22 44 22 23 33 11
1 44 22 41 33 11 11 23 14 44 11 33 33 44 22 44 22 22 33 11
1 42 22 41 32 44 14 22 14 41 13 33 32 41 22 41 22 23 33 11
1 42 22 44 32 44 14 23 11 41 11 33 33 44 22 41 23 23 33 11
1 44 22 41 33 44 11 22 11 44 13 33 32 44 22 44 22 23 33 11
1 42 22 11 32 44 14 23 14 11 13 32 33 41 23 44 22 23 33 14
1 22 22 44 33 11 11 22 11 41 11 33 32 44 22 11 22 22 32 11
1 42 22 41 32 14 14 33 14 41 11 33 32 44 23 11 33 23 33 14
1 42 33 44 32 11 11 23 11 44 11 32 33 41 22 44 23 22 33 11
1 44 22 41 32 14 14 23 14 41 13 32 33 44 23 11 22 23 33 14
1 22 22 41 22 44 14 23 11 44 11 32 33 44 22 41 33 22 33 44
1 42 22 11 33 14 11 23 14 41 11 33 33 41 22 41 22 33 33 14
1 44 23 41 32 14 14 23 11 11 11 33 33 41 22 44 22 22 32 11
1 44 23 11 33 14 11 22 14 41 13 33 33 44 23 11 33 23 32 14
1 42 23 44 33 11 14 33 14 41 11 33 33 11 23 44 33 22 33 11
1 44 23 41 32 11 14 23 14 44 13 32 33 44 22 44 23 22 33 11
1 42 23 44 33 14 44 33 11 11 13 33 32 41 22 44 23 22 32 11
1 42 33 41 33 14 11 23 11 11 11 32 32 41 22 41 22 22 33 14
1 42 23 41 32 11 14 23 14 41 11 22 33 41 22 41 22 33 32 44
1 42 23 44 33 11 11 22 11 11 13 32 32 11 23 41 22 23 33 14
1 42 22 41 33 44 44 22 11 44 11 33 33 41 23 41 23 23 33 11
1 42 23 44 32 14 44 33 11 11 11 33 22 41 22 41 23 23 33 11
1 44 23 41 32 11 14 22 14 41 11 33 32 41 22 44 23 22 33 11
1 44 23 44 33 14 11 23 11 41 11 32 33 11 22 44 22 22 33 11
1 44 23 11 33 44 44 23 11 44 11 33 32 41 22 41 22 23 33 11
1 42 22 11 32 11 11 23 14 11 11 32 32 41 23 41 22 22 33 14
1 44 22 44 32 11 14 33 14 41 11 33 32 41 22 41 22 33 32 11
1 42 33 11 32 14 44 23 11 41 11 22 32 41 23 41 22 23 33 44
1 42 22 41 33 11 11 23 14 44 13 32 33 41 22 44 23 22 33 11
1 22 23 41 33 11 14 33 14 41 13 33 33 41 22 41 23 22 32 14
1 44 22 44 22 11 44 22 11 44 13 33 33 41 22 41 22 23 32 11
1 44 33 41 22 11 11 23 14 41 11 33 33 11 22 44 23 33 33 11
1 42 23 41 32 14 14 23 14 41 13 33 32 11 33 41 33 22 33 11
1 22 23 44 32 14 14 33 11 44 11 32 33 44 23 41 23 22 33 11
1 42 33 11 32 44 14 23 11 41 33 32 33 41 22 44 33 22 33 11
1 44 22 44 33 14 11 23 14 44 11 33 33 44 22 44 22 23 32 11
1 42 33 44 33 14 14 22 11 11 13 33 33 11 22 44 23 23 33 14
1 42 22 44 33 11 11 33 14 11 11 33 32 44 22 41 22 23 33 14
1 42 22 41 32 14 44 33 44 41 13 33 33 41 22 41 23 22 33 11
1 44 23 41 32 14 14 22 11 41 11 32 32 41 22 41 23 22 32 14
1 42 33 44 32 11 11 22 11 41 11 32 33 44 22 41 23 23 33 11
1 42 33 41 32 14 14 22 44 41 11 22 32 41 33 44 33 22 22 14
1 42 23 44 32 14 11 23 11 11 11 32 32 41 22 11 22 22 33 11
1 44 23 41 33 14 14 23 11 41 13 33 33 41 22 44 22 22 33 11
1 44 23 44 32 14 14 33 11 44 11 22 32 44 33 41 33 22 32 11
1 44 22 44 33 44 11 22 11 44 11 33 33 41 22 11 23 23 33 11
1 42 33 41 33 11 11 22 44 44 11 33 32 44 22 44 23 23 32 14
1 44 22 41 32 14 14 22 11 44 11 33 33 44 23 44 23 23 33 11
1 44 23 41 32 11 11 23 11 44 13 32 33 44 22 44 23 22 33 14
1 42 22 41 33 14 11 22 11 44 13 33 33 41 23 44 22 22 33 11
1 42 22 11 32 14 11 22 11 11 13 32 32 41 22 44 23 23 33 14
1 42 22 11 22 44 14 23 11 11 11 32 33 41 22 44 33 22 33 11
1 42 22 41 32 14 11 33 14 44 11 32 32 44 23 41 23 33 32 11
1 42 22 44 32 14 11 23 14 41 11 33 33 44 22 41 22 22 32 11
1 42 23 44 32 14 14 23 11 11 11 32 32 41 22 41 22 23 32 11
1 42 23 44 32 14 14 23 14 41 13 32 33 44 22 41 23 23 32 11
1 42 22 44 33 11 11 22 11 11 11 33 32 44 23 44 22 22 33 11
1 42 22 11 22 14 11 22 14 41 13 33 32 41 22 41 23 23 32 11
1 42 33 41 33 44 14 22 11 41 11 32 33 11 22 41 23 22 22 14
1 42 22 44 32 44 14 23 11 41 11 32 33 11 22 44 23 23 33 11
1 44 23 41 22 14 11 23 14 41 13 32 32 44 22 44 23 22 33 11
1 22 23 11 22 14 14 33 11 41 13 33 22 11 23 44 22 23 33 44
1 44 22 44 33 14 14 23 11 44 11 32 33 41 22 44 23 23 32 11
1 44 22 41 33 14 11 23 14 41 13 33 32 44 23 44 22 23 33 11
1 44 22 44 32 14 11 23 14 44 13 32 32 41 22 44 22 23 33 14
1 44 23 44 22 44 11 23 11 41 11 33 32 11 23 41 33 23 33 11
1 44 22 44 33 11 11 23 11 41 11 33 33 44 23 41 23 33 32 14
1 44 22 44 33 11 14 22 44 41 13 33 33 44 22 44 22 22 33 14
1 44 23 41 32 11 14 23 14 41 11 33 33 44 23 44 22 22 33 14
1 44 22 44 32 14 11 33 14 44 11 33 33 44 23 41 22 22 33 14
1 44 23 41 33 14 44 23 11 11 11 33 33 41 22 41 22 22 33 11
1 44 22 41 33 44 14 23 11 41 13 33 32 41 22 41 22 22 33 11
1 22 22 41 32 44 14 23 14 41 11 32 33 41 23 41 22 22 32 11
1 42 23 41 32 14 14 22 11 44 11 33 33 44 22 44 22 22 33 11
1 44 22 44 32 14 14 22 11 41 11 33 33 44 23 44 22 23 33 11
1 44 22 41 32 14 14 23 44 41 11 32 33 44 22 44 23 22 33 14
1 42 22 41 32 44 14 23 11 44 11 32 32 11 22 41 22 23 33 14
1 22 23 41 32 14 14 23 11 11 11 33 32 41 23 44 22 23 33 14
1 44 22 44 33 11 11 33 14 41 13 33 32 11 22 44 22 23 33 14
1 44 23 44 33 14 11 23 11 41 11 33 22 44 22 41 22 22 33 11
1 44 33 44 22 44 11 23 11 41 13 33 33 44 23 41 23 22 33 11
1 42 33 41 33 14 11 23 14 11 11 22 33 41 22 11 22 33 32 11
1 42 23 44 32 14 11 23 11 44 11 32 32 11 22 44 22 22 32 14
1 42 33 44 33 44 14 23 14 41 11 33 33 11 23 44 22 23 33 11
1 42 23 44 33 11 11 23 14 41 13 33 33 44 33 41 22 23 32 14
1 44 33 44 33 14 14 22 11 11 11 32 33 11 22 44 22 22 33 11
1 42 22 41 32 11 11 22 14 44 11 32 33 11 23 41 23 23 33 14
1 44 22 44 32 14 14 23 14 41 11 33 33 11 22 44 22 22 33 14
1 42 22 41 33 14 44 23 14 41 11 22 32 11 22 41 23 33 32 14
1 44 22 44 32 11 11 23 11 11 11 33 33 11 33 44 23 22 33 14
1 42 23 44 32 44 11 33 14 44 11 32 32 41 23 41 23 22 33 11
1 44 23 41 33 14 14 33 14 11 13 32 33 41 22 44 33 22 33 11
1 44 23 41 32 14 11 23 14 11 11 22 32 44 23 44 23 22 33 11
1 44 23 11 22 14 14 33 14 11 13 32 33 41 23 11 23 23 22 14
1 42 33 44 32 44 11 23 11 44 13 33 33 11 22 11 22 22 22 11
1 42 33 41 33 14 14 23 14 11 11 32 32 41 22 44 22 23 32 11
1 42 23 44 32 44 14 22 11 11 11 33 33 11 22 41 23 22 33 11
1 22 22 41 32 44 11 22 14 41 11 33 33 44 22 41 23 22 33 11
1 44 23 41 33 11 14 23 11 44 11 32 32 44 23 44 22 23 33 14
1 22 23 44 33 44 14 23 14 44 13 22 33 41 23 44 22 22 33 11
1 42 33 41 32 14 44 23 14 11 11 32 33 41 23 41 33 33 33 11
1 44 23 11 33 14 44 33 14 41 13 32 32 41 23 44 33 22 33 11
1 42 22 44 32 14 44 33 11 41 13 33 32 41 22 44 22 22 33 11
1 42 23 44 22 44 44 22 14 41 13 33 32 11 23 11 23 23 32 14
1 44 33 41 32 11 44 23 11 44 11 32 33 41 22 44 22 23 33 11
1 22 22 41 33 14 11 23 14 44 11 32 33 44 33 11 22 22 32 11
1 42 22 11 32 44 14 22 11 41 13 33 33 41 22 11 22 33 32 11
1 44 22 41 32 44 11 33 11 41 11 33 33 41 23 41 22 22 33 14
1 22 23 11 33 11 44 23 11 41 13 32 33 11 22 44 22 23 33 14
1 22 23 44 22 14 14 23 11 44 13 32 33 44 22 41 23 23 32 11
1 44 22 41 32 14 14 23 14 41 11 33 33 44 22 44 23 22 33 14
1 42 23 41 33 14 14 23 11 11 11 33 33 41 22 41 23 23 32 11
1 42 33 44 32 11 14 23 14 41 13 32 32 41 23 41 23 23 33 11
1 42 23 41 32 11 14 33 14 41 13 32 33 41 23 44 22 23 32 14
1 42 23 41 33 11 44 22 14 41 13 33 32 44 23 41 23 22 33 11
1 42 22 44 32 11 14 23 11 11 11 33 32 41 22 44 23 23 33 14
1 42 33 41 32 14 11 33 14 44 11 33 33 44 22 44 22 22 32 14
1 42 23 41 33 44 11 23 14 41 13 33 33 41 22 41 23 22 33 11
1 44 23 44 32 11 11 23 14 41 11 32 33 44 22 44 22 23 32 14
1 42 33 41 32 14 14 33 14 41 11 33 33 41 23 44 23 23 33 11
1 22 23 11 22 14 44 33 14 11 13 22 33 44 23 41 23 33 32 14
1 42 23 41 22 14 14 23 14 41 13 32 32 41 22 11 23 22 33 44
1 42 22 44 33 11 14 22 14 41 13 33 33 11 22 11 23 23 32 14
1 42 23 41 22 14 44 23 14 41 11 33 33 41 23 41 23 23 32 14
1 44 23 44 32 11 11 23 11 41 11 33 33 11 22 44 22 23 33 14
1 42 23 11 32 44 44 23 14 44 13 33 32 11 22 44 23 22 32 11
1 42 23 44 32 14 14 22 11 41 11 32 32 44 23 44 22 22 33 11
1 44 33 41 32 14 14 23 14 41 11 32 33 41 22 41 23 22 32 14
1 44 22 41 22 14 44 23 11 11 13 33 32 41 23 44 23 22 33 11
1 44 23 41 32 14 44 22 14 11 11 32 33 11 22 44 22 23 32 44
1 44 23 44 32 44 14 23 11 41 11 33 33 41 23 41 22 22 32 14
1 44 23 41 32 44 11 33 14 41 11 33 33 11 22 44 22 33 33 11
1 42 23 41 32 14 11 33 14 11 33 33 33 41 22 41 33 33 33 11
1 44 22 44 33 14 14 22 11 11 11 33 33 44 22 41 23 23 33 44
1 44 33 41 32 14 14 23 14 41 11 33 33 41 22 41 23 23 33 14
1 42 23 44 32 14 14 22 11 44 11 33 33 11 22 44 22 23 32 11
1 42 33 41 33 44 11 22 14 41 11 33 33 11 22 41 23 22 33 14
1 42 23 11 32 14 14 33 14 41 11 32 33 11 23 44 22 22 33 14
1 42 23 11 32 11 14 22 11 11 11 32 33 44 22 41 22 22 33 14
1 44 22 41 33 11 14 23 11 44 11 33 33 41 22 41 33 22 33 11
1 22 33 44 32 14 14 22 11 11 11 33 33 44 22 44 23 22 32 11
1 42 22 41 32 44 14 33 11 11 11 32 33 41 22 11 22 22 32 14
1 44 33 11 32 14 14 33 11 41 11 32 33 41 23 44 22 23 32 11
1 42 22 41 32 14 14 33 14 41 11 32 33 44 23 41 23 22 33 14
1 44 33 41 32 14 14 23 11 11 11 33 32 44 22 44 23 22 33 11
1 22 22 41 33 11 11 22 11 11 11 32 32 44 22 44 22 22 33 11
1 42 23 41 32 44 11 22 11 41 13 33 32 44 23 41 22 23 33 11
1 42 23 41 22 11 11 23 14 41 13 22 33 11 22 44 22 23 33 11
1 44 22 44 32 44 14 22 11 41 11 33 32 44 22 44 23 23 33 14
1 44 22 44 33 11 14 23 11 41 11 32 33 44 22 44 23 22 33 14
1 44 23 44 32 11 11 22 14 44 11 32 33 44 23 44 23 23 33 14
1 22 33 41 32 14 11 33 11 41 11 33 32 44 22 41 22 23 33 11
1 22 23 41 32 14 11 22 11 41 11 32 33 11 22 41 22 22 33 11
1 42 23 44 33 14 44 23 11 41 13 33 33 41 23 41 22 23 33 11
1 44 22 41 22 14 11 33 14 11 13 32 32 41 22 41 22 22 32 14
1 44 23 44 33 14 11 23 11 11 11 33 33 41 22 41 33 23 33 11
1 42 22 41 32 14 14 22 14 11 11 32 33 41 22 44 22 22 32 11
1 22 33 44 33 44 14 22 11 41 11 32 33 44 22 44 23 22 32 14
1 44 22 44 33 14 11 22 11 11 11 32 33 41 23 41 22 22 33 11
1 44 23 41 32 14 14 23 11 41 13 22 32 11 23 44 23 22 33 11
