 rs3128297 rs424079 rs12026349 rs2503706 rs427811 rs377283 rs385039 rs262672 rs262669 rs9442619 rs2257182 rs262663 rs262662 rs2459984 rs3123592 rs262657 rs262656 rs262654 rs262653 rs262651 rs3052 rs262641 rs2460001 rs262689 rs262688
0 32 13 42 22 24 14 14 31 32 32 14 14 33 23 23 32 44 22 13 23 32 14 33 22 13
0 33 13 44 33 22 14 11 31 32 33 11 14 22 23 22 33 24 33 11 22 33 11 23 33 11
0 33 11 44 33 22 11 11 33 33 33 11 11 22 22 22 33 24 33 11 22 33 11 23 33 11
0 32 13 44 33 24 14 14 31 32 32 14 14 23 23 23 32 24 32 11 23 32 14 23 33 13
0 33 13 44 32 22 14 14 31 32 32 14 11 22 23 23 32 24 32 13 23 33 14 23 33 11
0 33 11 44 32 22 11 14 31 32 33 11 11 23 22 22 32 22 32 13 22 33 11 22 33 13
0 33 11 44 33 22 11 11 31 33 33 11 14 23 22 23 33 22 32 11 22 33 11 22 33 11
0 33 13 44 32 22 14 14 11 33 33 11 14 23 22 22 32 24 33 11 22 33 11 22 32 11
0 33 13 42 33 22 14 14 11 33 33 11 14 22 22 23 32 24 32 11 22 33 11 33 22 11
0 33 11 44 33 22 14 11 31 33 33 11 11 22 22 22 33 24 33 11 22 33 11 22 33 11
0 32 13 42 33 22 14 14 31 33 22 11 44 33 22 22 32 24 32 11 23 33 14 23 22 13
0 32 13 42 33 24 14 14 31 32 32 11 44 33 22 22 33 44 22 33 23 33 11 23 33 13
0 22 13 44 22 22 11 14 11 32 32 14 44 23 22 22 32 44 32 13 23 32 11 33 33 11
0 33 13 44 33 22 11 44 31 33 33 11 14 22 22 22 32 22 32 13 22 33 11 22 33 11
0 32 11 44 32 24 11 44 31 32 33 11 14 23 22 22 32 24 33 11 23 32 11 23 32 11
0 33 13 44 32 22 14 14 33 33 33 11 11 22 22 22 33 22 33 11 22 33 11 22 33 11
0 33 13 42 33 22 44 14 11 32 33 11 11 23 22 23 32 24 32 13 22 33 11 23 32 11
0 32 11 42 22 24 14 44 11 32 32 14 14 23 23 23 32 24 32 13 23 32 11 33 22 13
0 33 13 44 33 22 14 14 11 33 32 11 44 22 23 22 33 44 32 11 22 33 11 23 33 11
0 33 11 44 33 22 11 11 33 33 33 11 11 22 22 22 33 22 33 11 22 33 11 22 33 11
0 32 13 44 33 22 11 14 33 33 33 11 11 23 22 22 33 24 33 13 22 32 11 22 33 11
0 32 13 42 32 22 14 14 31 32 32 11 14 23 23 23 32 24 32 13 22 33 14 23 32 11
0 33 11 44 33 22 44 11 33 33 33 11 11 22 22 22 33 24 33 11 22 33 11 23 33 11
0 33 13 42 32 22 14 14 11 33 33 11 11 22 22 22 32 22 33 13 23 33 14 22 33 11
0 32 11 44 33 22 14 44 33 32 33 11 11 33 22 23 32 24 22 13 22 33 14 23 32 11
0 33 13 42 33 24 44 11 33 33 33 11 11 22 22 23 33 24 32 13 22 33 11 22 32 11
0 33 13 42 32 22 11 14 33 33 32 11 14 23 22 23 32 24 32 11 22 33 14 23 33 11
0 33 13 44 33 22 11 44 33 33 33 11 14 22 22 22 32 22 33 11 22 33 11 23 33 11
0 32 13 42 33 22 11 14 31 33 33 11 14 22 22 23 32 22 33 11 22 32 11 23 32 11
0 33 11 44 33 22 11 11 33 33 33 11 14 22 22 23 33 24 33 11 22 33 11 22 33 11
0 32 11 42 32 24 14 14 31 32 32 14 14 22 22 23 32 24 32 13 22 32 11 23 33 11
0 33 11 44 33 22 14 14 31 33 33 11 11 22 22 22 33 24 33 11 22 33 11 23 33 11
0 33 13 44 33 22 11 14 31 33 33 14 14 23 22 22 32 24 32 11 22 33 11 23 33 11
0 33 11 42 33 22 11 14 33 33 33 11 14 22 22 22 33 22 33 11 22 33 11 23 33 11
0 33 13 44 32 24 11 14 31 33 22 11 14 33 22 23 32 24 32 11 22 33 11 23 32 13
0 33 11 44 32 22 14 14 33 33 33 11 11 23 22 22 33 22 33 11 22 33 11 22 33 11
0 22 33 42 22 24 44 44 11 22 22 11 44 33 33 33 22 44 32 33 23 22 14 33 22 11
0 32 13 22 32 44 44 44 31 32 32 14 14 23 23 23 22 24 22 13 22 32 14 23 32 13
0 33 11 42 22 22 44 14 31 33 32 11 44 33 23 22 33 24 32 11 22 33 11 23 33 11
0 33 11 44 33 24 11 14 31 33 33 11 14 23 22 22 33 24 32 11 23 33 11 22 33 13
0 33 13 44 33 22 11 11 33 32 33 11 14 22 22 22 33 44 33 11 22 33 14 22 33 11
0 22 11 44 22 22 11 44 31 32 33 11 11 22 22 23 32 24 33 11 22 32 11 23 33 13
0 33 13 44 33 22 11 14 33 33 33 11 11 22 23 22 33 22 32 11 22 33 11 23 32 13
0 33 13 42 33 22 44 44 11 32 33 11 14 23 23 22 33 24 32 11 22 33 11 33 33 11
0 32 11 44 32 24 14 14 33 32 33 11 11 23 22 23 33 24 32 11 22 33 14 23 33 11
0 33 11 42 33 22 11 11 31 33 33 11 11 22 22 22 32 22 33 11 22 33 11 22 33 11
0 32 13 22 32 22 14 14 11 22 22 44 11 23 23 33 32 44 22 13 23 32 44 23 32 11
0 33 11 42 33 22 14 14 31 33 32 11 14 22 22 23 33 24 32 11 22 33 14 22 33 11
0 33 11 44 33 22 11 11 33 33 33 11 11 22 22 22 33 24 33 11 22 33 11 22 33 11
0 22 13 42 22 44 44 44 31 32 32 11 44 23 23 23 22 44 32 13 22 33 14 23 22 13
0 32 13 44 32 22 11 14 33 33 33 11 44 23 22 23 33 22 32 11 22 32 11 23 33 11
0 33 13 44 32 22 11 14 33 33 33 11 11 22 22 22 33 22 32 11 22 33 11 23 33 11
0 33 11 44 33 22 11 14 33 33 33 11 11 22 22 22 33 22 33 11 22 33 11 23 33 11
0 33 11 42 32 22 11 14 33 33 33 11 14 23 22 22 32 22 32 11 22 33 11 23 33 11
0 32 33 44 33 24 44 14 31 33 32 11 14 22 23 22 33 24 32 11 22 32 14 23 32 11
0 33 11 22 32 22 14 14 33 33 32 11 14 22 23 23 33 24 33 11 22 33 11 23 32 13
0 33 11 42 33 22 14 44 31 33 32 11 11 23 22 22 33 22 33 11 23 33 11 23 33 11
0 32 13 22 22 44 14 44 11 33 22 14 44 33 22 22 32 44 22 33 22 33 14 33 32 11
0 33 13 44 33 22 11 14 31 33 32 11 14 22 22 23 32 22 32 11 23 32 11 23 33 11
0 33 11 42 33 22 11 14 31 32 33 11 11 22 22 22 33 22 32 11 22 33 11 23 33 11
0 22 33 42 32 22 44 14 31 32 33 14 44 23 22 22 32 44 22 11 22 33 14 23 32 11
0 32 11 22 32 24 14 14 11 22 32 11 14 33 23 23 32 44 32 13 22 32 14 23 32 13
0 33 11 44 33 22 11 11 33 33 33 11 11 22 22 22 33 22 33 11 22 33 11 22 33 11
0 22 13 42 32 22 14 11 11 22 32 11 14 33 23 23 22 22 32 11 23 32 44 33 32 11
0 32 33 42 32 22 44 14 11 33 33 11 14 23 22 22 22 24 32 13 23 33 11 23 33 11
0 32 11 44 32 22 11 14 31 33 33 11 11 23 22 23 33 22 32 11 22 33 14 23 33 11
0 32 13 42 33 24 11 14 31 33 33 11 11 22 22 23 32 24 32 11 22 33 14 23 33 11
0 32 11 42 32 24 14 14 31 33 32 14 14 23 22 23 32 24 32 13 23 32 14 23 32 13
0 32 33 42 22 22 14 14 11 32 32 14 14 23 33 23 22 24 22 13 22 32 11 23 33 13
0 32 11 44 33 22 14 14 31 33 33 11 14 22 22 23 33 22 33 11 22 33 11 23 33 11
0 32 11 44 33 24 14 14 33 33 33 11 11 23 23 23 32 24 32 11 23 33 11 23 32 11
0 33 33 22 33 24 14 14 31 32 32 11 11 23 23 22 22 24 22 11 22 33 11 33 32 11
0 32 13 42 33 22 11 11 31 33 32 11 14 22 22 22 32 24 33 13 23 33 14 23 32 11
0 33 13 44 33 24 14 14 31 33 33 14 14 22 22 23 33 24 32 11 22 33 14 33 33 11
0 33 11 44 33 22 14 44 31 33 33 11 14 22 22 22 32 24 32 11 22 33 11 23 33 11
0 32 13 42 33 22 14 14 31 32 32 11 14 23 23 22 32 24 32 11 22 33 11 22 32 11
0 32 13 42 33 22 14 11 33 33 32 11 11 22 23 23 33 24 33 13 23 33 11 23 33 11
0 33 11 44 32 24 14 14 31 33 32 11 14 22 22 23 32 24 32 11 22 33 11 22 33 11
0 33 11 44 33 22 11 14 33 33 33 11 11 23 22 22 33 22 32 11 22 33 11 22 33 11
0 33 13 22 33 22 44 44 11 33 33 14 14 23 22 22 32 44 22 13 22 33 11 33 22 11
0 33 13 44 32 22 14 14 31 33 33 11 11 22 22 22 32 22 33 11 22 33 11 23 33 11
0 32 33 42 32 24 44 44 11 32 22 14 44 23 33 23 32 24 22 13 23 32 14 33 32 33
0 32 13 42 33 22 44 14 31 33 32 14 14 23 22 22 32 24 32 13 22 33 11 33 32 13
0 33 13 44 33 22 11 11 31 33 32 11 11 22 22 22 33 44 33 11 22 33 11 22 33 11
0 32 13 42 32 24 14 14 11 33 32 14 14 23 22 23 32 24 32 11 22 33 14 23 32 11
0 33 11 44 32 24 14 14 31 33 33 14 14 23 23 23 33 22 32 11 23 33 14 23 33 11
0 32 11 42 32 24 14 44 31 32 32 11 14 22 22 22 32 24 32 13 22 32 11 33 33 13
0 33 13 44 33 22 11 14 31 33 33 11 11 23 22 22 33 24 33 11 22 33 11 22 32 11
0 33 11 44 33 22 14 11 31 33 33 11 11 23 23 22 33 22 33 11 22 33 11 22 33 11
0 33 11 44 33 22 11 11 31 33 33 11 11 23 22 22 33 24 33 11 22 33 11 22 33 11
0 32 33 44 22 24 14 14 11 33 33 11 14 22 23 23 32 24 32 33 23 33 14 33 32 11
0 33 11 44 32 22 11 14 33 32 32 11 11 22 22 22 33 22 33 11 22 33 11 33 33 11
0 33 11 44 33 22 11 14 11 33 33 11 11 22 22 22 33 22 32 11 22 33 11 23 33 11
0 33 13 42 32 22 44 44 31 33 32 11 11 33 33 22 22 44 32 13 23 32 14 33 33 11
0 33 13 44 32 22 14 14 33 33 32 11 11 23 22 23 33 24 32 11 22 33 11 22 33 11
0 32 13 44 32 24 14 14 31 32 33 14 14 23 22 23 32 24 32 13 22 32 11 23 33 11
0 33 11 44 33 22 11 11 31 33 32 11 11 22 22 22 33 22 33 11 22 32 11 22 33 11
0 33 13 22 32 22 11 44 31 32 33 11 14 23 23 23 33 24 22 13 22 33 14 22 33 11
0 32 11 44 33 22 14 14 33 33 33 11 11 22 22 22 22 22 33 11 22 33 11 22 33 11
0 33 11 44 33 24 11 11 31 33 33 11 14 22 22 22 33 24 32 11 22 33 11 22 33 11
0 32 13 42 32 22 14 14 31 32 32 11 14 23 22 22 32 24 32 13 23 33 11 23 32 13
0 32 13 42 32 24 14 14 31 32 32 14 14 23 23 23 32 24 32 13 23 32 14 23 32 13
0 22 11 42 32 24 44 14 31 32 32 14 14 33 23 23 22 44 22 13 33 32 11 23 32 13
0 33 13 42 32 24 14 14 31 33 32 11 14 23 23 22 32 24 32 11 22 33 11 23 32 11
0 33 11 44 33 22 14 11 33 33 33 11 11 22 22 23 33 24 32 11 22 33 11 22 32 11
0 32 33 44 22 24 44 44 11 32 32 14 14 33 23 23 33 44 22 13 23 32 14 33 33 11
0 33 11 44 33 24 14 14 31 33 33 11 11 22 22 22 33 22 33 11 22 32 11 22 33 11
0 32 13 42 22 22 44 44 31 32 33 11 44 23 22 23 32 44 22 13 23 32 11 33 32 11
0 32 13 44 32 22 14 44 33 32 33 11 14 22 22 23 33 22 22 13 22 33 11 33 33 11
0 33 13 44 32 22 14 14 31 33 33 11 14 23 23 22 33 24 32 11 22 33 11 23 33 11
0 32 13 42 22 24 44 14 11 22 32 14 14 33 23 23 32 44 32 13 23 32 14 23 22 13
0 33 11 44 33 22 11 14 33 33 33 11 14 22 23 23 33 24 32 11 22 33 11 22 33 11
0 33 13 44 32 22 11 14 31 33 33 11 14 22 22 23 33 22 32 11 22 33 11 23 33 11
0 32 33 22 22 44 44 44 11 22 32 14 44 23 23 33 22 44 22 13 33 32 11 33 32 13
0 32 11 44 33 22 14 44 31 33 32 11 14 23 22 22 32 24 32 13 22 33 11 22 33 11
0 33 11 44 33 24 14 14 31 33 32 11 11 22 22 22 33 24 33 11 23 33 11 23 33 11
0 22 33 42 22 24 44 14 31 32 33 11 11 22 33 23 32 24 32 11 22 33 11 33 32 11
0 32 13 42 32 24 14 44 31 33 32 14 11 22 22 22 32 24 33 11 23 33 14 23 33 13
0 32 13 42 32 24 14 14 31 33 32 11 11 23 23 23 33 24 32 11 23 33 11 23 33 13
0 32 13 42 32 24 14 14 31 32 32 14 14 23 23 23 32 24 32 13 23 33 14 23 32 13
0 32 13 42 33 22 14 44 11 33 33 11 14 23 23 22 33 22 32 11 22 33 11 33 32 11
0 33 13 22 33 22 14 44 31 32 33 11 14 23 22 22 33 44 32 11 22 32 14 23 33 11
0 33 33 42 33 24 14 11 11 32 32 14 14 22 23 23 33 44 32 13 22 33 11 33 33 11
0 33 13 44 32 22 11 14 31 33 32 14 11 22 22 22 32 22 32 11 22 33 14 33 33 11
0 32 13 42 32 24 44 14 11 32 32 11 44 23 23 23 32 24 32 13 23 33 11 23 32 11
0 33 13 42 32 22 44 14 31 33 33 11 11 23 23 22 32 44 32 13 23 33 11 23 33 11
0 32 13 42 32 24 14 11 31 32 32 11 14 23 22 23 32 24 32 13 22 33 14 23 32 13
0 32 13 22 22 44 44 44 11 32 33 11 44 33 22 23 22 44 22 33 22 32 11 33 33 11
0 33 13 44 33 22 11 14 33 33 33 11 14 22 22 22 33 22 33 11 22 33 11 33 33 11
0 32 13 42 22 22 44 44 31 22 32 14 14 23 22 33 32 44 32 13 23 32 14 33 22 13
0 33 11 44 33 22 11 11 33 33 33 11 14 23 22 22 33 22 33 11 22 33 11 22 33 11
0 33 11 44 33 22 11 14 33 33 33 11 11 22 22 23 33 22 32 11 22 33 11 22 33 11
0 33 11 44 33 22 11 44 33 33 33 11 11 22 22 22 33 22 33 11 22 33 11 22 33 11
0 33 13 44 32 22 14 14 33 32 33 11 11 22 23 22 32 22 33 13 22 33 14 23 33 11
0 32 13 42 32 24 14 14 31 33 33 11 14 23 22 23 32 24 33 11 22 33 14 23 33 13
0 32 13 42 32 22 14 14 31 32 32 14 11 23 23 23 32 22 32 11 23 33 11 23 32 11
0 33 13 44 33 24 44 14 31 33 33 11 14 23 22 22 33 44 32 11 22 32 11 23 33 11
0 33 11 44 33 22 14 11 33 33 33 11 11 22 23 22 33 24 33 11 22 33 11 23 33 11
0 33 11 44 33 22 11 11 33 33 33 11 11 22 22 22 32 22 33 11 22 33 11 22 33 11
0 33 11 44 33 22 11 11 33 33 33 11 11 22 22 22 33 22 33 11 22 33 11 22 33 11
0 33 13 42 32 22 14 44 31 33 33 11 14 22 23 22 32 24 32 13 23 33 11 23 33 11
0 33 11 44 32 24 11 44 31 33 22 11 14 23 22 22 32 24 33 13 23 33 11 22 32 11
0 32 13 42 33 22 14 14 31 32 33 14 14 23 22 23 32 44 22 11 22 33 11 33 32 11
0 32 11 44 33 22 11 11 33 33 33 11 14 22 22 22 32 44 33 11 22 33 11 23 33 11
0 33 11 42 33 22 11 11 33 33 33 11 11 22 22 22 33 22 33 11 22 33 11 22 33 11
0 32 33 42 22 22 44 44 11 33 22 14 44 23 33 22 22 24 22 11 22 33 11 33 32 11
0 33 11 44 33 22 14 14 33 33 33 11 14 22 22 33 32 22 33 11 22 33 11 23 33 11
0 33 11 42 33 22 11 14 31 33 22 11 14 23 23 22 33 24 32 13 22 33 11 23 33 11
0 33 11 42 32 24 14 44 31 33 33 14 11 23 23 22 32 22 32 11 22 32 11 23 33 11
0 33 13 42 33 22 11 14 11 33 33 11 11 23 23 22 33 24 32 13 22 33 11 23 32 11
0 33 13 42 32 24 11 14 31 33 33 14 14 23 23 23 32 24 33 11 23 33 11 23 32 13
0 33 13 44 33 22 11 11 31 33 32 11 14 23 22 22 33 24 33 11 22 33 11 23 33 11
0 32 11 44 32 24 14 44 11 33 22 44 11 23 23 22 33 44 22 33 22 33 11 33 33 11
0 33 13 42 33 22 14 14 33 32 33 11 14 22 22 22 32 44 32 11 22 33 11 23 33 11
0 33 11 44 32 22 14 14 31 32 32 11 14 23 23 22 32 24 32 11 23 33 14 33 33 11
0 33 13 42 33 22 14 44 31 33 33 11 11 22 23 22 33 44 32 11 22 33 14 33 33 11
0 33 13 44 32 24 14 14 33 33 32 11 14 23 22 22 33 24 32 13 22 33 11 23 32 11
0 32 13 42 33 22 44 44 11 33 32 14 44 22 23 22 32 24 22 13 22 33 11 23 32 11
0 33 11 44 32 22 14 14 31 33 33 11 14 23 23 22 33 22 33 11 22 33 11 23 33 11
0 32 13 22 22 22 14 44 11 32 32 11 44 22 23 22 32 44 32 13 22 32 14 33 32 13
0 33 13 42 33 22 14 14 33 32 32 14 44 22 22 23 22 24 22 33 23 33 14 23 32 11
0 33 11 44 33 22 11 11 31 33 33 11 11 22 22 22 32 24 33 11 22 33 11 22 33 11
0 33 11 42 32 22 14 14 31 32 22 11 14 23 22 22 33 24 32 11 23 33 14 23 33 11
0 32 13 22 32 24 14 14 31 32 22 14 14 33 22 23 22 44 32 11 23 32 14 33 33 13
0 32 13 42 32 24 14 44 11 32 32 14 14 23 23 23 32 24 32 33 23 32 14 23 32 13
0 32 13 22 32 24 44 44 31 22 32 14 14 33 23 33 32 24 22 33 33 33 14 33 32 11
0 33 13 42 32 22 14 14 31 33 32 14 14 22 22 23 32 22 32 11 23 33 14 23 33 13
0 32 13 44 33 22 14 14 11 33 33 11 14 23 23 22 32 22 33 11 22 33 14 23 33 11
0 33 11 44 33 22 11 11 31 32 33 11 11 22 22 23 33 24 33 11 22 33 11 23 32 11
0 33 13 42 33 22 14 11 33 33 32 14 11 22 22 22 33 24 32 11 22 33 11 22 33 11
0 32 13 42 32 22 44 14 11 32 32 11 14 23 22 22 32 24 32 11 23 32 11 33 32 13
0 32 33 42 32 22 14 44 31 33 22 14 44 23 23 23 32 44 22 11 23 33 11 33 32 11
0 32 33 42 32 24 14 14 31 32 33 11 14 23 23 23 32 22 32 11 23 32 11 23 32 13
0 32 13 42 32 22 14 14 31 33 32 11 14 23 23 23 33 24 22 13 23 33 14 33 33 11
0 33 11 22 32 22 14 44 11 33 22 14 14 23 23 23 22 44 22 13 23 33 11 23 33 13
0 32 13 42 32 22 14 14 11 33 33 11 14 23 22 22 33 24 32 13 22 33 14 33 33 11
0 33 11 44 33 22 14 14 33 33 33 11 11 22 22 22 32 24 33 11 22 33 11 22 33 11
0 33 13 44 33 22 11 14 11 33 33 11 44 33 22 22 22 24 33 11 22 32 11 23 33 11
0 32 11 44 33 24 14 14 31 33 32 11 14 23 22 22 32 22 33 11 23 33 11 23 33 11
0 33 11 44 32 22 11 14 33 33 33 11 11 23 22 22 33 22 33 11 22 33 11 23 33 11
0 33 13 44 32 22 11 14 31 33 33 14 14 22 22 22 33 24 33 11 22 33 14 23 32 11
0 33 11 44 33 22 14 11 33 33 33 11 11 22 22 22 33 22 33 13 22 33 11 22 33 11
0 32 11 44 32 22 11 14 31 33 33 11 14 23 22 22 33 24 33 13 22 33 11 23 33 11
0 33 13 44 33 22 11 14 31 33 33 11 14 22 23 22 33 22 33 11 22 33 11 22 32 11
0 33 11 44 33 24 11 14 31 32 33 14 44 22 22 22 33 22 32 11 22 33 11 22 33 11
0 32 33 22 33 22 44 14 31 32 32 11 11 22 22 22 32 44 33 11 22 33 14 23 33 11
0 32 13 44 33 22 14 14 11 32 33 11 44 22 23 33 32 24 32 11 23 33 11 33 22 11
0 32 13 42 22 22 14 14 11 33 32 14 11 23 22 22 22 24 32 13 22 33 11 23 32 11
0 33 13 44 33 22 14 11 33 32 33 11 11 23 22 22 32 44 32 11 22 33 11 23 32 11
0 33 11 44 33 24 11 14 33 33 33 11 14 23 22 23 32 22 32 11 22 33 11 33 33 11
0 33 11 44 33 22 14 11 33 33 33 11 14 22 22 22 33 22 33 11 22 33 11 23 33 11
0 33 11 44 33 22 44 44 33 32 33 11 14 22 22 23 32 44 22 11 22 33 11 33 33 11
0 33 11 44 33 22 11 11 33 33 33 11 11 22 22 22 33 22 33 11 22 33 11 22 33 11
0 33 13 42 33 22 11 14 33 33 32 11 11 22 22 22 32 24 33 11 22 33 11 22 33 11
0 32 13 42 33 22 14 14 11 33 32 14 44 23 22 22 32 22 22 13 22 33 14 23 33 11
0 33 11 42 33 22 11 44 31 33 33 11 11 22 22 22 33 24 33 11 22 33 11 23 33 11
0 32 11 44 33 22 14 14 31 33 33 11 14 23 22 22 33 22 33 11 22 33 11 23 33 11
0 32 13 44 33 22 14 14 31 33 32 11 11 23 23 22 33 24 32 13 23 33 14 23 33 11
0 33 11 42 33 22 11 44 33 33 33 11 11 22 22 22 33 44 33 11 22 33 14 23 33 11
0 33 11 44 32 22 11 14 33 33 32 11 11 23 22 22 32 24 32 11 22 33 11 33 32 11
0 33 11 42 33 24 14 14 11 22 32 11 44 23 23 33 32 44 32 11 23 33 11 23 32 11
0 32 13 42 32 22 11 14 11 32 33 11 11 22 22 22 32 22 32 13 23 33 14 23 33 13
0 33 11 44 32 22 11 14 33 33 33 11 14 23 22 22 33 24 33 11 22 33 11 22 33 11
0 33 13 42 33 24 11 14 31 32 32 14 14 22 22 22 33 24 33 11 22 33 14 23 33 11
0 33 11 42 33 22 11 14 31 33 32 11 11 22 22 22 32 22 33 11 22 33 11 22 32 11
0 32 13 44 32 24 14 14 31 32 32 11 14 23 22 23 33 24 32 11 22 33 14 23 33 11
0 33 11 44 33 22 11 11 33 33 33 11 11 22 22 22 33 22 33 11 22 33 11 22 33 11
0 22 33 42 32 22 44 44 31 32 32 14 44 33 23 33 22 44 22 13 23 32 14 23 32 13
0 33 11 44 33 22 11 14 31 32 33 11 11 22 22 23 33 22 33 11 22 33 11 23 33 11
0 32 11 44 33 22 14 14 31 33 33 11 11 22 22 23 33 24 33 11 22 33 11 23 33 11
0 33 11 44 33 22 11 11 33 33 33 11 11 22 22 22 33 24 33 11 22 33 11 22 33 11
0 33 13 44 33 24 44 44 31 33 33 11 14 22 22 22 33 44 33 11 22 33 11 33 33 11
0 32 11 44 32 22 11 14 33 33 33 11 14 22 22 22 33 22 33 11 22 33 11 22 33 11
0 33 11 44 33 22 11 11 33 33 33 11 11 22 22 22 33 22 33 11 22 33 11 22 33 11
0 32 11 42 33 22 14 11 31 33 33 11 11 22 23 22 33 22 33 13 22 33 11 22 33 11
0 33 13 44 32 22 14 11 31 33 33 11 11 23 22 22 32 24 33 11 22 33 11 33 33 11
0 33 11 44 33 22 11 11 33 33 33 11 11 23 22 22 33 24 33 11 22 33 11 22 33 11
0 33 11 44 33 24 11 11 31 33 33 11 44 23 22 22 33 24 32 13 22 33 11 33 33 13
0 32 13 44 33 22 44 44 33 33 33 11 44 23 22 22 32 24 33 11 22 33 14 33 33 11
0 33 13 42 32 24 14 14 11 33 32 44 11 22 22 23 32 24 32 13 23 32 14 33 32 13
0 32 13 42 33 22 14 14 11 32 32 11 14 23 22 22 32 24 22 11 23 33 11 23 32 11
0 33 11 44 33 22 14 11 33 33 33 11 11 23 22 23 33 24 33 11 22 33 11 23 33 11
0 33 11 44 32 22 14 11 31 33 33 14 11 23 22 22 33 24 33 13 22 33 11 22 33 11
0 32 13 42 32 24 14 14 31 32 32 14 14 33 23 23 32 24 32 11 23 32 14 23 32 13
0 33 11 44 33 22 14 14 31 33 33 11 11 22 22 22 33 22 32 11 22 33 11 22 33 11
0 32 11 44 33 22 11 14 33 33 33 11 14 22 22 22 33 44 33 11 23 33 11 23 33 11
0 33 11 44 33 22 11 14 31 33 33 14 14 22 22 22 33 24 33 13 22 33 11 22 33 11
0 33 11 44 33 22 11 14 33 33 33 11 11 22 22 22 32 24 32 11 22 33 11 22 33 11
0 33 11 44 33 22 11 11 33 33 33 11 11 22 22 22 33 22 33 11 22 33 11 22 33 11
0 32 13 42 33 22 14 14 31 33 32 11 11 23 23 22 33 22 32 11 22 32 14 23 33 11
0 33 13 44 33 22 11 11 31 33 33 11 14 22 22 22 32 24 33 11 22 33 11 23 33 11
0 32 13 22 32 24 44 44 31 32 32 44 14 33 23 23 32 24 32 13 23 32 14 33 32 13
0 33 13 44 33 22 14 11 33 33 33 11 11 22 22 22 33 24 33 11 22 33 11 23 33 11
0 33 11 44 32 22 14 14 33 33 33 11 11 23 22 22 33 24 33 11 22 33 11 23 33 11
0 32 33 42 32 24 14 14 31 33 33 14 14 23 22 22 32 24 32 11 22 32 11 23 32 13
0 33 11 44 33 22 44 11 33 33 33 11 11 22 22 22 33 22 32 13 22 33 11 22 33 11
0 32 33 44 32 24 14 44 11 32 32 11 44 33 23 33 22 44 22 11 22 32 44 33 22 11
0 33 11 44 33 22 11 11 33 32 33 11 14 22 22 22 33 24 32 11 22 33 11 23 33 11
0 33 13 42 32 24 14 44 11 33 22 14 14 23 22 23 22 44 22 11 23 33 14 33 33 13
0 33 11 44 33 22 14 14 33 33 33 11 14 22 22 23 33 22 33 11 22 33 11 23 33 11
0 32 13 44 32 24 14 44 11 32 22 14 14 23 33 33 32 24 22 13 23 32 14 33 32 11
0 33 11 44 32 22 14 14 31 33 32 14 14 23 22 23 32 24 32 13 23 33 11 23 33 11
0 32 11 44 33 22 14 11 33 33 33 11 14 22 22 22 32 24 33 11 22 33 11 23 33 11
0 33 13 42 22 22 14 44 11 32 32 14 44 23 33 33 22 44 32 13 23 33 14 23 22 13
0 33 11 44 33 22 11 14 11 33 33 11 11 22 22 22 33 22 33 11 22 33 11 23 33 11
0 33 11 44 33 22 11 11 31 33 33 11 11 23 22 22 33 22 33 11 22 33 11 22 33 11
0 33 11 42 33 22 14 44 33 33 33 11 11 22 22 22 32 24 32 11 22 33 14 22 33 11
0 33 11 44 32 22 11 11 33 33 33 11 11 22 22 22 32 24 32 11 22 33 11 23 33 11
0 33 33 22 33 44 14 44 11 32 22 11 44 33 23 33 22 44 32 11 22 33 11 23 33 11
0 33 13 42 32 22 11 44 31 32 32 11 14 23 23 23 32 24 22 11 23 33 11 23 32 11
0 32 13 42 32 24 14 44 11 22 32 14 44 33 23 23 32 44 22 33 23 32 44 33 32 13
0 33 11 42 33 22 11 11 31 33 33 11 14 22 22 22 33 22 33 11 22 33 11 22 33 11
0 33 11 44 33 22 11 14 11 33 33 11 11 22 22 22 33 24 33 11 22 33 11 22 33 11
0 33 13 42 22 24 14 44 11 32 32 14 14 33 23 33 22 24 33 13 22 33 44 23 22 13
0 33 13 44 32 22 14 11 33 33 33 11 11 22 22 22 33 24 33 11 22 33 11 22 33 11
0 32 13 44 33 22 14 14 31 32 33 11 14 22 22 23 32 24 33 13 23 33 11 23 32 11
0 22 13 42 33 24 44 44 31 33 33 11 14 23 22 23 32 24 32 13 23 33 11 22 32 13
0 33 13 44 32 24 11 14 11 33 33 11 14 23 22 22 32 24 33 11 22 33 14 22 33 11
0 33 11 44 32 22 14 11 31 33 33 14 14 22 22 22 32 22 32 11 22 33 14 23 33 11
0 33 11 44 33 22 44 14 31 33 33 11 11 22 22 22 33 22 22 11 22 33 11 23 33 11
0 33 11 42 32 24 14 14 31 32 32 14 14 22 23 22 33 22 32 11 22 32 14 23 33 11
0 32 11 42 33 22 11 11 31 33 33 11 11 22 22 22 33 22 22 11 22 33 11 22 33 11
0 33 11 44 33 22 11 11 31 33 33 11 11 22 22 22 33 24 33 11 22 33 11 22 33 11
0 33 11 44 33 22 14 11 31 33 33 11 14 23 22 22 33 22 33 11 22 33 14 22 33 11
0 33 11 44 32 22 44 44 31 33 33 11 11 23 22 22 33 24 33 11 22 33 14 23 32 11
0 33 13 44 22 22 14 14 11 32 33 11 14 23 22 23 33 44 22 11 22 33 11 23 32 11
0 32 13 42 32 24 14 44 31 32 33 11 14 23 23 23 32 24 32 13 22 33 11 23 33 13
0 32 33 42 22 24 44 44 31 33 32 14 14 23 23 22 32 44 22 11 22 33 14 33 32 33
0 32 13 42 32 24 14 14 33 32 33 11 14 23 23 23 32 24 22 13 22 33 11 23 33 13
0 22 33 22 22 24 44 44 11 32 22 11 44 23 23 23 22 44 32 33 23 22 14 33 33 13
0 33 11 42 33 22 14 14 31 32 33 14 14 22 23 23 33 24 32 11 22 33 11 33 33 11
0 33 11 44 32 22 14 14 31 32 33 11 11 23 22 23 32 24 33 11 23 33 11 33 33 11
0 33 11 44 33 22 11 14 33 33 33 11 11 22 22 23 32 22 32 11 22 33 11 22 33 11
0 33 11 44 33 22 11 14 31 33 33 11 11 23 22 22 32 22 32 13 22 33 11 23 33 11
0 33 11 42 32 22 14 14 31 32 32 14 14 23 23 22 32 24 32 11 23 32 14 23 32 13
0 33 13 44 32 22 11 14 33 33 33 11 14 22 23 22 32 24 33 11 22 32 14 33 33 11
0 33 11 44 32 22 14 14 31 33 33 11 14 23 22 22 32 22 33 11 22 33 11 33 33 11
0 33 13 44 33 22 14 11 33 33 33 11 11 22 22 22 33 24 33 11 22 33 11 22 33 11
0 32 11 44 32 22 44 44 11 22 32 11 14 23 22 23 32 24 32 13 22 33 11 23 32 11
0 33 11 44 33 22 11 11 33 33 33 11 11 22 22 22 33 22 33 11 22 33 11 23 33 11
0 32 11 42 32 24 14 11 31 33 33 11 14 23 23 22 32 24 32 11 22 33 11 23 33 11
0 33 33 42 32 24 14 44 33 33 33 14 14 23 23 23 32 24 22 11 22 32 14 23 32 11
0 33 11 22 32 24 44 44 31 22 32 14 11 23 23 22 32 44 33 11 22 33 14 23 32 11
0 32 13 42 32 22 44 14 11 33 32 11 14 22 22 23 33 22 32 11 22 33 14 33 33 11
0 33 13 44 33 22 14 14 33 33 33 11 11 22 22 22 33 22 32 11 22 33 11 22 32 11
0 33 13 44 33 22 44 11 31 33 33 11 14 23 22 22 32 24 33 11 22 33 11 22 33 11
0 32 13 44 32 22 11 14 31 33 33 14 14 22 22 23 32 24 33 11 23 33 14 33 33 11
0 32 13 44 32 22 14 14 31 33 33 11 11 23 22 23 32 24 32 13 22 32 11 23 32 13
0 32 13 42 32 24 14 44 31 32 33 14 44 23 22 23 32 24 32 33 23 33 11 23 33 33
0 22 33 42 22 44 44 14 11 32 32 11 14 23 33 23 22 44 22 33 23 32 14 33 22 13
0 33 11 42 33 22 11 14 31 33 33 11 11 22 22 22 33 22 33 11 22 33 11 22 33 11
0 33 11 44 33 22 11 11 33 33 33 11 11 22 22 22 33 24 33 11 22 33 11 23 33 11
0 33 11 44 33 22 11 14 33 33 33 11 11 22 22 22 33 22 32 11 22 33 11 23 33 11
0 32 13 44 33 22 11 11 31 33 33 11 14 22 22 23 33 24 33 13 22 32 11 23 33 11
0 33 13 22 33 24 14 14 31 33 32 11 14 22 23 23 32 24 33 11 23 32 11 22 33 11
0 32 13 22 32 22 14 14 33 32 32 11 11 22 23 23 33 44 22 11 23 33 11 33 32 13
0 33 11 44 33 22 11 11 33 33 33 11 11 22 22 22 33 22 32 11 22 33 11 22 33 11
0 33 11 44 33 22 11 11 33 33 33 11 11 22 22 22 32 24 33 11 22 33 11 33 33 11
0 33 13 44 32 22 14 14 31 32 33 11 11 22 22 22 32 24 32 11 22 33 11 23 33 11
0 32 11 42 32 22 44 44 33 33 32 11 11 23 22 23 32 44 22 13 22 33 11 22 32 11
0 32 13 42 32 22 44 14 33 33 33 11 11 22 22 22 33 22 32 13 23 33 11 23 32 11
0 33 13 44 33 22 44 14 31 33 33 11 14 33 22 23 32 24 32 13 23 32 11 22 32 11
0 33 11 42 33 22 14 14 11 33 33 11 14 22 22 22 32 44 32 11 22 33 11 23 32 11
0 33 13 44 33 22 11 11 31 33 33 11 11 22 22 22 33 24 33 11 22 33 11 22 33 11
0 33 33 42 33 24 44 44 11 32 32 11 44 23 22 22 33 24 22 13 23 32 11 33 33 11
0 33 11 44 33 22 11 11 33 33 32 11 11 22 22 22 32 24 22 11 22 33 11 33 33 11
0 32 11 44 32 22 14 14 11 33 32 11 14 33 23 22 32 22 32 13 22 33 14 23 32 11
0 33 13 42 32 22 11 44 11 32 22 11 11 22 22 22 32 22 22 11 23 33 14 23 33 13
0 33 11 44 33 22 11 14 33 33 33 11 11 22 22 22 33 22 33 11 22 33 11 22 33 11
0 32 11 44 32 22 14 14 31 32 33 14 11 22 22 22 32 24 32 11 22 32 11 33 32 11
0 33 11 44 33 22 11 11 33 33 33 11 11 22 22 22 33 22 33 11 22 33 11 22 33 11
0 33 33 44 32 24 14 14 11 32 33 14 11 22 22 23 22 24 22 11 22 32 11 23 33 11
0 33 13 44 33 22 11 44 31 33 33 11 11 23 22 33 32 24 33 13 23 33 11 23 33 11
0 32 13 42 32 22 11 14 31 32 22 11 14 23 22 23 32 44 32 13 23 33 14 23 32 13
0 22 13 42 33 44 11 14 31 32 33 11 11 23 22 22 33 24 32 11 22 33 11 33 32 11
0 33 33 42 32 22 14 44 31 32 32 11 14 22 22 23 33 24 32 11 22 33 11 22 32 11
0 32 33 42 32 24 44 44 11 22 22 44 44 23 23 33 22 44 22 13 23 33 11 33 32 33
0 33 13 44 33 24 14 14 31 33 33 14 44 23 22 22 32 24 32 13 22 33 11 33 33 11
0 32 13 44 33 22 14 11 33 33 33 11 11 23 22 23 33 24 33 11 23 33 11 23 33 11
0 33 13 22 22 44 44 14 31 22 32 14 44 22 23 23 22 24 32 11 23 33 14 23 32 11
0 33 11 44 32 22 14 14 31 33 33 11 11 22 22 22 33 22 32 11 22 33 11 23 33 11
0 33 13 44 32 22 14 11 33 33 33 11 14 23 22 22 33 24 32 11 22 33 11 23 33 11
0 32 11 44 33 22 14 14 33 33 33 11 14 23 22 23 32 22 22 11 22 33 14 22 33 11
0 33 11 44 33 22 14 44 31 33 33 11 11 22 22 22 33 24 32 11 22 33 11 22 33 11
0 33 13 42 33 22 14 14 31 32 32 11 44 33 22 22 32 24 32 13 22 33 11 23 32 11
0 33 33 42 32 24 44 11 31 32 33 14 44 22 23 22 32 44 32 13 22 33 14 33 32 13
0 32 13 42 32 24 44 44 11 22 32 11 14 33 33 23 32 44 22 13 23 22 14 33 32 13
0 32 13 42 32 24 14 44 31 32 32 11 14 23 23 23 32 24 32 11 23 32 14 23 32 11
0 32 13 42 32 24 14 44 31 32 32 14 14 23 23 33 32 24 32 13 23 32 14 23 33 13
0 33 11 44 33 22 11 11 33 33 33 11 11 22 22 22 33 24 33 11 22 33 11 22 33 11
0 33 11 44 32 22 11 44 33 32 33 11 44 22 23 22 33 24 33 13 23 33 11 23 33 11
0 22 13 44 32 24 14 44 31 33 33 11 14 23 22 22 32 24 22 11 23 32 14 33 32 11
0 33 11 44 33 22 11 11 31 33 33 11 11 22 22 22 33 24 33 11 22 33 14 22 33 11
0 33 11 44 33 22 11 11 33 33 33 11 14 22 22 22 32 22 33 11 22 33 11 22 33 11
0 33 11 44 33 22 11 11 31 33 33 11 11 22 22 22 33 22 33 11 22 33 11 22 33 11
0 33 11 44 32 22 11 11 31 33 33 11 11 22 22 22 33 22 32 11 22 32 11 23 33 11
0 32 13 44 32 24 14 14 31 33 22 11 14 23 22 23 32 24 32 13 23 33 11 23 32 11
0 33 13 42 32 24 14 14 31 32 32 11 44 23 23 23 32 24 32 13 23 32 11 33 32 13
0 32 11 44 33 22 14 11 33 33 33 11 11 22 22 22 33 24 32 11 22 33 11 23 33 11
0 33 11 44 33 22 11 11 31 33 32 11 11 22 22 23 33 24 33 11 22 33 11 22 32 11
0 33 11 44 33 22 11 11 33 33 33 11 11 22 22 22 33 22 32 11 22 33 11 23 33 11
0 32 13 44 33 22 44 44 11 32 32 11 14 33 23 22 22 44 32 11 33 33 11 33 33 13
0 33 11 22 32 22 11 11 31 33 33 11 14 22 22 22 33 22 33 11 22 33 11 23 33 13
0 32 13 42 33 24 14 44 31 22 33 11 14 23 23 23 32 24 22 11 23 32 11 22 32 13
0 33 11 44 33 22 14 14 31 33 32 11 14 23 23 22 32 24 33 11 22 33 11 23 33 13
0 33 11 44 33 22 14 11 31 33 33 11 14 22 23 22 32 22 33 11 22 33 11 22 33 11
0 33 13 44 33 22 14 11 31 32 33 11 11 23 23 23 32 24 32 11 33 33 14 23 32 11
0 33 33 44 33 22 14 14 11 33 32 14 11 22 22 22 33 44 33 11 22 33 11 33 33 11
0 32 13 44 32 22 14 14 31 32 33 14 14 22 23 22 33 24 32 11 23 33 11 23 32 11
0 33 11 44 33 22 11 11 33 33 33 11 11 22 22 22 33 22 33 11 22 33 11 23 33 11
0 33 13 44 33 22 14 11 33 33 33 11 11 22 22 22 33 24 33 11 22 33 11 22 33 11
0 33 13 42 33 22 44 44 11 33 32 14 11 23 22 33 33 22 22 13 22 32 11 33 32 11
0 33 13 44 33 22 14 14 31 33 32 14 11 22 22 22 32 22 32 11 22 33 11 23 33 11
0 33 11 42 33 22 11 14 31 32 32 11 11 23 22 22 32 44 32 11 22 33 11 23 33 11
0 32 11 42 33 22 14 14 11 33 32 11 14 22 22 22 33 24 32 11 22 33 11 23 32 11
0 32 13 42 32 24 44 44 31 32 22 14 44 33 23 23 32 44 22 13 23 32 44 33 22 11
0 33 11 44 33 24 44 44 33 33 32 11 14 22 23 22 32 22 32 13 22 33 14 23 33 11
0 32 13 42 32 24 14 14 31 32 32 14 14 23 23 23 32 24 22 13 22 33 14 33 22 33
0 33 11 44 33 22 11 11 33 33 33 11 11 22 22 22 33 22 33 11 22 33 11 23 33 11
0 33 11 42 33 44 14 44 31 32 33 11 14 33 22 23 33 22 33 11 22 33 11 33 32 11
0 32 13 42 33 24 14 14 11 33 33 11 14 22 22 22 32 22 32 13 23 33 11 33 32 13
0 33 13 44 32 22 14 44 11 32 33 11 14 23 22 23 33 24 22 13 22 33 11 23 33 11
0 33 11 44 33 22 11 11 33 33 33 11 14 22 22 22 33 24 33 11 22 33 11 23 33 11
0 33 11 44 32 22 11 14 31 33 32 14 11 22 22 23 32 44 32 11 22 33 11 23 32 11
0 33 13 44 33 22 14 14 33 32 32 11 11 22 22 23 22 24 32 11 22 33 11 22 33 11
0 33 13 42 33 24 14 14 31 33 32 11 14 23 23 22 32 24 32 13 23 32 14 33 32 13
0 32 13 42 33 24 14 44 31 33 32 14 14 23 23 23 22 44 32 13 22 32 44 23 32 13
0 33 13 42 32 22 14 44 31 33 33 11 14 23 22 33 33 44 22 11 22 33 14 23 32 11
0 33 11 22 33 22 11 11 33 33 33 11 11 22 22 22 33 24 33 11 22 33 14 22 33 11
0 32 33 44 32 22 14 14 11 33 32 11 14 23 22 22 33 44 22 13 22 32 14 23 32 11
0 33 11 44 32 22 14 14 31 33 32 11 11 22 22 23 33 22 22 11 22 33 11 23 33 11
0 33 13 42 32 22 11 14 31 32 33 14 14 22 23 22 33 24 32 13 23 33 11 33 32 11
0 33 13 42 32 22 14 14 31 32 32 14 44 23 22 33 32 44 32 13 22 33 14 33 33 11
0 33 11 44 33 22 14 11 31 33 33 11 11 22 22 22 33 24 33 11 22 33 11 22 33 11
0 33 13 44 33 24 14 11 31 32 33 11 14 22 22 22 33 24 33 11 22 33 11 23 33 11
0 33 13 42 32 22 14 14 31 33 33 14 14 23 23 22 32 22 32 13 23 32 14 23 32 11
0 32 13 44 33 22 14 11 11 33 33 11 14 22 22 22 32 24 33 11 22 33 11 23 33 11
0 33 11 44 33 22 11 11 33 33 33 11 11 22 22 22 33 22 33 11 22 33 11 22 33 11
0 32 33 42 32 24 14 14 31 32 32 11 14 23 22 22 32 44 22 13 22 32 14 23 32 13
0 32 11 42 33 44 14 14 31 33 33 11 14 23 23 22 22 24 32 11 22 33 11 23 32 11
0 33 11 44 33 22 14 11 33 33 32 11 44 22 22 23 32 24 33 11 22 32 11 22 33 11
0 33 11 44 33 22 11 14 33 33 33 11 14 22 22 22 33 24 33 11 22 33 11 22 33 11
0 33 13 44 33 22 11 14 31 32 33 11 14 33 22 23 32 22 32 11 22 33 11 22 33 13
0 33 11 42 33 22 14 14 33 33 33 11 14 22 22 23 33 24 32 13 22 33 11 22 33 11
0 33 11 44 33 22 11 11 33 33 33 11 11 22 22 22 33 22 33 11 22 33 11 22 33 11
0 33 13 42 32 44 14 14 33 33 32 11 14 33 22 23 32 24 32 11 22 32 11 23 32 11
0 32 13 42 32 24 14 14 31 33 33 11 14 22 22 22 32 22 32 13 22 33 14 23 32 11
0 22 13 44 32 44 14 44 11 33 33 44 44 23 23 23 32 24 33 11 23 33 14 23 32 11
0 33 11 44 33 22 11 11 33 33 33 11 11 22 22 23 33 24 33 11 22 33 11 23 33 11
0 33 11 44 32 22 14 11 33 33 33 11 11 22 22 22 32 22 32 11 22 33 11 22 33 11
0 22 33 42 32 44 44 14 33 32 32 11 14 23 23 23 32 44 32 13 22 33 14 23 33 11
0 33 11 44 33 22 11 11 33 33 33 11 14 22 22 22 33 22 33 11 22 33 11 22 33 11
0 32 33 42 32 22 11 14 31 33 33 11 14 23 22 23 32 24 32 13 22 33 14 33 32 11
0 32 33 42 32 22 14 14 11 32 32 11 14 33 22 23 22 44 32 33 22 33 14 23 32 11
0 22 13 22 32 24 14 44 11 33 32 14 44 23 23 23 32 44 32 13 23 22 14 33 32 11
0 33 11 42 33 22 11 14 31 33 32 11 11 22 22 23 22 24 33 13 22 33 11 23 32 11
0 33 13 44 33 22 14 14 31 32 32 11 14 23 22 23 33 24 33 11 22 33 14 23 33 11
0 33 11 44 32 22 14 14 31 33 32 11 14 23 22 23 32 24 32 13 22 33 11 22 33 11
0 32 33 42 22 24 44 44 11 22 22 14 44 33 23 33 22 44 22 13 33 32 14 33 22 13
0 32 13 22 32 22 44 44 11 33 22 11 14 33 23 23 22 44 22 33 22 33 14 33 32 11
0 33 11 44 33 22 11 11 33 33 33 11 11 22 22 22 33 24 33 11 22 33 11 22 33 11
0 33 11 22 33 22 14 14 31 32 32 11 14 23 22 22 32 22 33 13 22 33 11 23 32 11
0 32 13 44 32 22 14 44 11 32 32 14 44 23 23 23 32 24 32 11 22 32 11 33 22 11
0 32 11 42 32 22 14 14 31 32 33 11 14 23 22 22 32 24 32 11 22 33 11 23 32 11
0 32 33 42 32 24 44 11 31 33 33 11 44 22 22 22 32 44 33 11 22 33 11 23 33 11
0 32 13 22 32 44 44 44 31 32 22 14 14 23 22 23 32 24 32 11 23 32 14 23 22 11
0 32 11 44 33 24 14 14 33 33 33 11 14 23 22 23 32 44 33 11 22 33 11 23 33 11
0 33 11 44 33 22 11 11 33 33 33 11 11 22 22 22 33 22 33 11 23 33 11 22 33 11
0 33 13 22 33 22 11 14 33 33 33 11 11 23 22 22 32 44 32 13 23 33 14 33 33 11
0 33 13 44 33 22 11 11 33 32 33 11 11 22 23 22 33 24 32 11 22 33 11 23 33 11
0 33 33 44 32 22 14 44 11 32 33 11 11 33 22 23 32 44 32 11 22 33 11 33 33 11
0 33 13 44 33 22 11 11 33 33 33 11 11 22 22 22 33 24 33 11 22 33 11 22 33 11
0 32 11 44 33 22 11 14 33 33 32 11 14 22 22 23 33 24 33 11 22 33 11 23 33 11
0 33 11 42 33 22 44 14 31 33 33 11 14 22 22 22 32 22 32 13 23 33 11 22 33 13
0 33 11 44 33 22 11 11 31 33 33 11 11 22 22 22 33 22 33 11 22 33 11 22 33 11
0 33 11 44 33 22 11 14 31 33 32 11 11 22 22 22 33 44 33 11 22 33 11 23 32 11
0 33 33 22 33 22 44 14 11 32 33 14 14 23 23 22 32 24 22 11 22 33 11 33 33 11
0 33 11 44 33 22 11 14 33 33 32 11 11 22 22 22 33 24 33 11 22 33 11 22 33 11
0 33 11 44 33 22 11 11 33 33 33 11 14 22 22 22 33 22 33 11 22 33 11 22 33 11
0 33 11 44 33 22 11 11 33 33 33 11 11 22 22 22 33 22 33 11 22 33 11 22 33 11
0 32 33 42 33 22 11 14 31 33 33 11 14 22 22 22 32 24 32 11 22 33 11 23 32 11
0 33 11 42 32 24 44 14 31 32 32 11 14 23 23 23 32 24 22 13 23 32 11 23 33 11
0 33 13 42 32 22 14 14 31 32 32 11 14 23 22 22 32 24 32 11 22 33 11 23 32 11
0 33 11 44 33 22 14 44 33 33 32 11 11 22 22 22 33 24 33 11 22 33 11 22 33 11
0 33 11 44 33 22 11 11 33 33 33 11 11 22 22 22 33 22 33 11 22 33 11 22 33 11
0 33 11 44 33 22 11 11 33 33 33 11 14 22 22 22 33 22 33 11 22 33 11 22 33 11
0 32 13 42 32 24 14 14 11 33 32 14 14 23 23 23 32 44 32 13 23 32 14 23 32 13
0 33 11 42 33 22 14 11 33 33 32 11 14 22 22 22 33 22 33 11 22 33 11 22 33 11
0 32 33 44 33 22 14 14 31 33 33 11 14 33 22 23 33 44 33 13 22 33 11 22 33 11
0 32 13 44 32 24 14 44 31 32 33 11 11 22 23 22 33 24 33 11 23 33 11 23 33 11
0 33 11 44 33 22 14 14 31 33 33 11 11 22 22 23 33 22 32 11 22 33 11 23 33 11
0 33 13 44 33 22 14 14 31 32 33 11 11 23 23 23 32 24 33 11 22 33 14 23 33 11
0 22 33 22 32 24 44 44 11 22 32 14 44 33 33 33 22 44 22 13 23 32 44 33 22 11
0 33 13 42 32 22 11 44 31 33 33 11 14 23 22 23 32 44 22 11 22 33 11 23 33 11
0 33 11 44 33 22 11 14 33 33 33 11 11 22 22 22 33 22 33 11 22 33 14 22 33 11
0 33 11 42 33 22 14 14 33 32 32 14 11 23 22 22 32 44 22 13 22 33 14 33 32 11
0 32 13 42 22 44 44 14 11 33 32 44 14 23 33 23 22 44 22 11 22 32 14 23 33 33
0 33 11 42 32 22 14 11 31 33 33 14 11 22 22 23 33 24 32 11 22 33 11 22 33 11
0 32 13 42 32 24 14 14 31 33 33 14 14 23 23 23 32 24 32 13 23 33 14 33 22 11
0 32 13 44 22 24 44 44 31 33 32 14 44 33 23 23 22 44 33 13 22 33 11 33 32 13
0 33 11 44 33 22 11 11 31 33 32 11 11 22 22 22 32 22 32 11 22 33 11 22 33 11
0 32 13 42 32 24 44 44 33 32 33 14 11 33 22 23 33 44 22 33 23 33 11 33 22 11
0 33 13 44 32 22 14 11 31 32 33 11 11 22 22 22 33 24 32 13 22 33 14 23 33 11
0 32 11 44 33 22 11 11 31 33 32 11 11 23 22 22 32 44 33 11 22 33 11 23 32 13
0 22 13 22 22 24 14 14 11 32 32 11 44 33 23 23 32 44 22 13 33 32 14 33 32 13
0 33 11 44 32 22 14 11 31 33 33 11 11 22 22 22 33 22 33 11 22 33 11 23 33 11
0 33 11 44 32 22 14 11 33 33 33 11 11 22 22 22 33 22 33 11 22 33 11 22 33 11
0 32 11 44 32 22 14 14 31 32 33 11 11 22 22 22 33 24 33 11 22 32 11 22 33 11
0 32 11 42 32 22 14 14 31 32 33 14 14 23 22 22 22 22 32 13 23 33 11 23 33 11
0 33 13 42 32 22 14 14 31 32 32 14 14 23 23 23 33 24 33 13 22 33 11 23 32 11
0 33 11 44 32 22 14 11 31 33 33 11 14 22 22 22 33 24 32 11 22 33 11 23 33 11
0 33 13 42 33 22 11 11 33 33 32 11 14 23 22 23 32 22 32 13 22 33 14 23 33 11
0 33 13 42 33 22 11 11 31 33 33 11 14 22 22 22 33 22 32 13 23 33 11 22 33 11
0 22 33 42 22 44 44 44 31 32 32 14 44 23 22 33 22 44 22 13 23 32 14 33 32 13
0 33 13 22 33 22 14 14 31 33 32 11 14 22 23 22 33 44 22 13 22 33 11 23 33 11
0 33 11 44 33 22 14 14 33 33 33 11 11 22 22 22 32 22 33 11 22 33 11 22 33 11
0 33 13 44 33 22 11 44 33 33 33 11 11 23 22 22 33 22 33 11 22 33 11 23 33 11
0 33 11 44 33 22 11 11 31 33 33 11 11 22 22 22 33 22 33 11 22 33 11 22 33 11
0 33 13 44 33 22 11 14 33 33 33 11 14 22 22 22 33 24 33 11 22 33 11 22 32 11
0 33 11 44 33 22 11 11 33 32 33 11 14 22 22 22 33 22 33 11 22 33 11 22 33 11
0 32 11 44 33 22 11 11 31 33 33 11 14 22 22 22 33 44 33 11 22 33 11 22 33 11
0 32 11 44 32 24 14 14 31 32 32 14 11 23 23 23 32 24 33 13 22 33 14 23 32 13
0 33 13 42 22 24 44 14 11 32 32 11 14 22 23 23 32 24 32 11 22 32 14 33 32 13
0 32 33 42 32 22 14 14 31 32 32 14 14 23 23 22 32 24 32 13 23 33 14 23 32 13
0 33 13 42 33 22 44 44 31 33 32 11 11 23 22 22 33 44 22 11 22 32 11 23 33 11
0 32 13 42 32 24 44 14 11 32 32 14 14 23 23 23 32 24 32 13 23 32 14 33 32 13
0 32 11 42 32 24 14 14 31 32 32 11 11 23 23 22 32 44 32 13 23 32 14 33 33 11
0 33 11 44 33 22 11 11 33 33 33 11 11 22 22 22 33 24 32 11 22 33 11 23 33 11
0 32 33 42 32 22 14 44 11 32 22 11 14 22 23 23 32 44 32 13 23 22 11 33 33 11
0 33 13 42 33 22 11 11 33 33 33 11 11 22 22 23 32 24 33 11 22 32 11 22 33 11
0 33 11 44 33 22 11 11 33 33 33 11 11 22 22 22 33 22 33 11 22 33 11 22 33 11
0 33 11 44 33 22 11 14 31 33 33 11 44 22 22 22 33 44 32 11 22 33 11 23 33 11
0 33 13 42 33 22 44 44 33 33 33 11 11 23 22 22 22 24 32 11 22 33 11 22 33 11
0 22 13 42 33 24 14 14 11 32 32 11 44 23 23 22 32 24 33 13 23 33 11 23 33 11
0 33 13 42 32 22 14 14 31 33 33 11 14 23 22 22 33 24 22 11 22 32 11 23 32 11
0 32 11 44 33 22 11 11 33 33 33 11 11 22 22 22 33 24 33 11 22 33 11 22 33 11
0 32 13 44 33 24 14 14 31 32 33 14 14 22 23 22 22 44 22 13 23 33 11 22 32 11
0 33 11 44 33 22 11 11 33 33 33 11 11 22 22 22 33 22 33 11 22 33 11 22 33 11
0 33 11 44 32 24 14 11 33 33 32 11 11 22 22 22 33 44 32 11 23 32 11 23 32 11
0 33 11 44 33 22 11 44 31 32 33 11 14 23 23 23 33 24 33 11 22 33 11 23 33 11
0 33 11 44 33 22 11 14 31 33 33 11 11 22 22 22 33 22 32 11 22 33 11 23 33 11
0 33 11 42 33 22 44 11 33 32 33 11 11 22 22 22 33 24 33 11 22 33 11 23 33 11
0 33 13 44 33 22 11 14 33 33 33 11 11 22 22 22 32 22 33 11 22 33 11 23 32 11
0 33 11 44 33 22 11 11 33 33 33 11 11 22 22 22 33 22 33 11 22 33 11 22 33 11
0 33 11 42 32 22 14 11 33 33 33 11 14 22 23 22 33 24 32 11 22 33 11 22 33 11
0 33 13 44 32 22 14 14 31 33 33 11 11 22 22 22 32 22 33 11 22 33 11 22 33 11
0 33 11 44 33 22 11 14 33 32 32 11 44 22 22 22 32 24 32 11 22 33 11 33 32 11
0 32 13 42 32 24 14 14 31 32 32 14 14 23 23 22 32 24 32 11 23 33 14 23 33 11
0 33 13 44 33 22 44 14 31 33 32 11 44 22 22 22 32 44 32 11 22 33 14 23 33 11
0 32 33 42 32 22 14 44 11 32 32 44 14 22 23 33 22 44 32 11 33 33 14 33 33 11
0 22 33 42 33 22 44 44 31 22 22 11 14 23 33 33 22 24 22 33 23 32 44 33 33 11
0 33 11 42 32 22 11 11 31 33 32 11 11 22 22 22 33 24 32 13 33 33 11 33 32 11
0 33 11 44 33 22 11 14 33 33 33 11 14 23 22 22 33 22 32 11 22 33 11 22 33 11
0 22 11 22 33 24 44 44 31 32 33 11 44 23 23 23 32 44 22 11 23 33 11 33 33 11
0 33 11 44 33 22 11 11 33 33 33 11 11 22 22 22 33 22 33 11 22 33 11 23 33 11
0 32 11 44 33 22 11 11 33 33 33 11 11 22 22 22 32 24 33 11 22 32 11 23 33 11
0 32 13 44 33 22 14 14 11 32 32 14 14 22 22 23 32 24 22 13 23 33 14 22 32 11
0 33 13 42 32 22 11 14 33 32 32 11 14 23 22 22 32 24 32 11 22 33 14 23 32 11
0 33 13 42 33 24 44 11 11 33 33 11 14 33 23 22 32 24 32 13 22 33 11 33 32 11
0 33 11 44 33 22 11 11 33 33 33 11 11 22 22 22 33 22 33 11 22 33 11 22 33 11
1 33 11 44 33 22 14 14 33 32 33 11 11 22 22 23 33 24 33 11 22 32 11 22 33 11
1 33 11 44 33 22 11 11 33 33 33 11 11 22 22 22 33 22 33 11 22 33 11 22 33 11
1 33 13 44 33 22 11 14 11 32 33 11 14 33 22 22 33 24 32 11 22 33 11 23 32 11
1 32 33 22 32 24 44 44 31 33 32 14 44 33 23 33 32 44 22 33 23 33 14 23 22 33
1 33 11 44 33 22 11 11 31 33 33 11 11 22 22 22 33 22 33 11 22 33 11 22 32 11
1 32 33 22 32 44 14 44 11 33 32 11 44 33 23 23 22 44 22 11 22 32 11 33 32 13
1 33 11 44 33 22 11 11 33 33 33 11 11 22 22 22 33 22 33 11 22 33 11 23 33 11
1 33 13 44 33 22 14 14 33 33 33 11 11 23 22 22 33 24 32 11 22 33 11 23 33 11
1 33 13 42 32 22 14 11 31 33 33 11 11 23 22 23 32 24 32 11 22 33 11 23 33 13
1 22 33 44 33 22 14 44 31 33 33 11 14 22 23 22 33 44 33 11 22 33 11 33 32 11
1 33 11 44 33 22 11 14 33 33 33 11 11 22 22 22 32 22 33 11 22 33 11 22 33 11
1 33 13 44 33 22 14 44 31 33 33 11 14 22 22 22 33 22 33 11 22 33 11 22 33 11
1 33 11 44 33 22 14 14 33 33 33 11 11 22 23 22 32 22 32 11 22 33 11 22 33 11
1 33 11 44 33 22 11 11 33 33 33 11 11 22 22 22 33 22 33 11 22 33 11 22 33 11
1 32 13 42 32 22 44 14 31 33 33 11 14 23 23 22 32 24 33 11 23 22 11 33 32 11
1 33 11 44 33 22 14 14 31 33 33 14 14 22 22 22 33 24 33 11 22 33 11 33 33 11
1 33 11 44 33 22 11 11 33 33 33 11 11 22 22 22 33 22 33 11 22 33 11 22 33 11
1 32 13 42 33 24 14 14 33 33 32 11 14 23 23 22 32 24 32 13 22 33 14 23 22 13
1 33 11 44 33 22 14 44 33 33 33 11 14 23 22 22 33 22 33 11 23 33 11 33 33 11
1 32 11 44 33 22 11 14 31 32 33 11 14 23 22 23 32 24 32 13 22 33 14 23 33 13
1 33 33 42 32 24 44 44 11 33 33 11 14 22 22 22 32 44 33 11 22 33 11 33 32 11
1 32 33 42 22 24 14 14 31 22 32 44 44 33 23 23 32 44 32 13 23 32 14 33 22 11
1 33 11 44 32 22 11 11 33 32 33 11 11 23 22 22 33 22 32 11 22 33 11 22 33 11
1 22 13 44 32 22 14 14 31 32 33 11 14 33 23 22 32 24 32 13 22 32 11 23 32 11
1 33 11 44 33 22 14 14 11 33 32 14 14 22 22 23 32 44 32 13 22 33 11 23 33 11
1 22 13 42 32 22 14 14 31 22 22 11 14 33 23 23 32 44 32 11 22 33 11 23 32 11
1 32 13 42 32 24 44 14 31 32 32 11 14 23 22 23 33 24 32 13 23 32 14 23 33 11
1 33 11 44 33 22 11 11 33 33 33 11 11 22 22 22 33 22 33 11 22 33 11 22 33 11
1 33 13 44 32 22 14 14 31 33 32 11 14 23 22 23 32 24 33 11 22 33 11 23 32 13
1 33 11 44 33 22 11 14 31 33 33 11 11 23 22 22 33 22 33 11 22 33 11 22 33 11
1 32 13 42 22 22 14 14 11 32 32 11 14 23 23 33 32 24 32 11 23 32 14 33 32 13
1 33 11 44 33 22 11 14 31 33 33 11 11 22 22 22 33 24 33 11 22 33 11 22 33 11
1 33 11 44 32 24 11 14 31 33 33 14 11 23 22 22 33 22 33 11 22 33 11 23 33 13
1 33 11 44 33 22 11 11 33 33 33 11 11 22 22 22 33 24 32 11 22 33 11 22 33 11
1 33 13 42 33 24 14 14 31 32 32 14 14 23 23 23 32 24 32 11 23 32 14 23 33 11
1 33 11 44 33 22 11 11 33 33 33 11 11 22 22 22 33 22 33 11 22 33 11 22 33 11
1 33 11 44 33 22 14 14 31 33 33 11 14 22 22 22 33 22 32 11 22 33 14 22 32 11
1 33 11 44 33 22 11 11 33 33 33 11 11 22 22 22 33 24 33 11 22 33 11 22 33 11
1 33 13 42 33 22 14 11 11 33 33 11 14 22 23 23 33 22 33 11 22 33 11 33 33 13
1 33 11 44 33 22 11 14 33 32 32 11 11 23 22 23 33 22 33 11 22 33 11 22 33 11
1 32 13 42 33 22 14 14 31 33 32 11 14 22 23 23 32 24 33 13 23 32 14 23 33 13
1 22 13 22 22 24 44 14 11 32 32 14 44 23 23 23 22 44 22 13 23 33 14 33 32 13
1 33 13 42 32 24 44 14 11 32 32 11 14 33 22 23 32 22 32 13 23 22 14 23 32 13
1 33 11 44 33 22 11 14 33 33 33 11 14 22 22 22 33 22 22 11 22 33 11 22 33 11
1 32 33 42 22 24 44 44 11 32 22 14 14 23 23 23 22 44 22 13 23 32 14 33 32 13
1 32 11 44 32 22 44 44 31 32 33 14 14 33 23 23 22 24 32 13 23 33 14 23 32 13
1 32 33 22 33 22 11 44 31 33 32 11 14 23 22 33 33 24 33 11 22 33 11 23 33 13
1 33 11 44 33 22 11 11 31 33 33 11 11 22 22 22 33 22 32 11 22 33 11 22 33 11
1 32 13 44 32 22 44 14 31 33 32 11 14 22 22 22 32 24 33 11 22 33 11 23 33 11
1 33 11 44 33 22 11 14 31 32 33 11 14 22 23 22 33 24 32 13 22 33 11 22 33 11
1 33 11 44 33 22 11 11 33 33 33 11 11 22 22 22 33 22 33 11 22 33 11 22 33 11
1 32 13 44 33 24 11 44 11 33 32 11 11 22 22 22 32 24 33 13 22 33 11 33 33 11
1 33 11 42 33 22 11 11 33 33 33 11 11 22 22 23 33 22 33 11 22 33 11 22 33 11
1 33 11 44 33 24 44 14 31 33 33 11 14 22 23 23 22 44 32 11 23 33 14 22 33 11
1 33 13 44 32 24 14 14 33 33 32 11 11 23 22 22 33 24 32 11 22 33 14 23 33 11
1 32 13 42 32 22 11 14 33 32 32 11 14 23 22 23 33 24 32 13 22 32 11 23 32 11
1 32 13 42 33 24 14 14 11 32 33 11 14 22 23 22 32 24 22 11 23 33 14 33 32 13
1 32 13 42 32 24 14 14 31 32 32 14 14 23 23 23 32 24 32 13 23 32 14 23 32 13
1 33 11 44 33 22 14 11 33 33 33 11 14 22 23 23 33 24 32 11 22 33 11 23 33 11
1 33 11 44 33 22 11 11 33 33 33 11 14 22 22 22 33 24 33 11 22 33 11 22 33 11
1 33 13 44 32 22 14 14 11 33 33 14 14 23 22 23 33 24 32 11 22 33 11 33 32 11
1 33 11 42 32 22 11 11 33 33 32 11 11 22 22 23 33 24 33 11 22 33 11 23 33 11
1 32 13 42 22 24 11 14 11 32 32 14 11 23 23 23 32 44 22 13 22 32 14 33 22 11
1 32 11 42 33 22 44 44 31 33 32 14 14 23 22 23 32 24 32 13 23 33 11 23 32 11
1 33 11 44 33 22 11 11 33 33 33 11 14 22 22 22 33 24 32 11 22 33 11 23 33 11
1 33 13 44 32 22 44 44 11 33 32 11 11 23 22 22 32 24 33 11 22 32 14 33 33 11
1 33 11 44 33 22 11 14 33 33 33 11 11 22 22 22 33 24 33 11 22 33 11 22 33 11
1 33 11 44 22 22 14 44 11 33 32 11 14 23 22 23 32 24 22 13 22 33 14 33 32 13
1 33 33 22 33 24 14 14 11 33 32 14 11 33 23 33 32 44 32 13 23 32 11 22 32 11
1 33 11 44 33 22 11 11 33 33 33 11 11 22 22 22 33 22 33 11 22 33 11 22 33 11
1 33 11 44 33 22 11 11 11 33 33 11 11 22 22 22 33 22 33 11 22 33 11 23 33 11
1 33 11 44 33 22 11 11 33 33 33 11 14 23 22 22 33 22 32 13 22 33 11 22 33 11
1 32 11 44 32 22 44 44 31 33 33 11 11 33 22 23 22 44 32 11 23 33 11 33 33 13
1 33 11 44 33 22 11 11 33 33 33 11 14 22 22 22 33 24 33 11 22 32 11 23 33 11
1 32 13 22 32 44 14 44 31 32 32 11 14 23 23 23 22 44 22 33 23 32 14 33 33 13
1 33 11 42 32 22 14 14 31 33 32 11 14 23 22 22 33 22 32 11 23 32 11 23 33 11
1 33 13 42 22 22 14 11 11 33 32 11 44 23 22 22 32 22 32 11 22 33 14 22 33 11
1 33 33 44 32 22 11 11 33 33 33 11 14 22 22 22 33 24 32 11 22 33 11 23 33 11
1 33 13 44 33 24 44 14 31 33 32 11 11 23 23 23 33 24 32 11 22 33 11 23 33 13
1 33 13 22 32 44 44 44 31 32 32 14 44 33 23 33 32 44 22 13 23 32 14 33 32 11
1 33 11 44 33 22 11 14 33 33 33 11 44 22 22 22 33 22 33 11 22 33 11 23 33 11
1 32 13 44 32 24 14 14 31 33 33 11 11 23 23 23 32 24 32 13 23 33 14 23 33 13
1 33 11 44 33 22 11 11 33 33 33 11 11 22 22 22 33 22 33 11 22 33 11 23 33 11
1 33 13 42 22 44 14 14 31 32 33 11 44 22 23 23 22 24 22 33 22 33 11 33 22 11
1 32 13 22 33 22 44 44 11 32 32 11 14 23 22 22 22 22 33 13 22 32 11 23 32 11
1 32 13 44 32 24 44 14 31 33 32 11 14 22 23 22 32 24 33 11 22 33 14 22 33 13
1 33 13 44 33 22 44 11 33 33 33 11 11 22 23 22 32 22 33 11 22 33 11 23 33 11
1 33 13 44 33 22 14 14 31 33 33 11 44 22 22 22 32 24 22 11 22 33 11 23 33 11
1 32 13 42 33 24 14 44 31 33 32 11 14 23 23 23 22 44 22 13 22 33 14 23 32 11
1 32 11 42 33 22 14 14 31 33 33 11 14 23 22 22 32 22 32 11 23 32 11 22 32 11
1 33 13 44 33 22 11 11 31 33 33 11 11 22 22 22 32 24 32 11 22 33 14 23 33 11
1 33 11 42 32 22 44 44 31 32 33 11 44 22 22 22 22 44 32 11 23 32 14 33 32 11
1 32 13 42 32 24 14 14 31 32 32 14 14 23 23 23 32 24 32 13 23 32 11 23 33 13
1 33 11 44 33 24 11 14 31 33 32 11 11 22 22 22 32 22 33 11 22 33 11 23 33 11
1 33 13 44 33 24 14 14 31 32 33 11 14 23 22 23 32 22 32 13 22 33 11 23 33 11
1 22 13 42 33 24 14 44 11 32 33 14 14 23 23 33 22 24 32 11 22 33 11 33 33 11
1 32 13 42 32 24 44 14 11 32 32 14 44 33 22 33 32 24 32 11 22 32 14 33 32 11
1 32 13 22 32 24 14 14 31 33 33 11 14 33 23 22 22 44 32 13 23 33 11 23 22 13
1 22 13 42 32 24 14 44 11 22 33 44 44 23 22 33 22 24 22 13 23 32 14 33 32 11
1 32 13 22 22 44 14 44 11 33 22 11 44 33 33 33 22 44 22 13 22 32 11 33 32 13
1 33 11 44 33 22 14 11 31 33 33 11 14 22 22 22 33 24 33 11 22 33 11 23 33 11
1 32 13 42 32 24 14 14 31 32 32 14 14 23 23 23 32 24 32 13 23 33 14 23 32 11
1 33 11 44 33 22 11 44 33 33 33 11 11 23 22 22 33 22 33 11 22 33 11 23 33 11
1 32 13 42 32 24 14 44 31 32 32 14 14 23 23 22 32 24 32 11 23 33 11 23 32 11
1 33 11 44 33 22 14 14 31 33 32 11 14 22 22 22 32 22 32 13 22 32 14 23 33 11
1 32 13 42 32 22 14 44 33 32 32 14 14 23 23 33 32 44 32 13 23 32 14 33 32 13
1 33 13 42 32 22 44 11 33 32 33 11 11 23 23 23 33 44 32 11 22 33 11 23 32 11
1 32 13 42 32 24 14 14 31 32 33 11 44 22 23 23 33 24 32 13 33 32 14 23 32 13
1 33 11 44 33 22 11 14 31 33 33 11 11 22 22 22 33 22 32 11 22 33 14 23 33 11
1 32 13 42 32 24 44 44 11 33 33 14 14 33 23 23 32 24 33 11 22 33 14 33 22 11
1 33 11 44 33 22 11 11 33 33 33 11 11 22 22 22 33 24 33 11 22 33 11 22 33 11
1 33 11 44 33 22 11 11 33 33 33 11 11 22 22 22 33 22 33 11 22 33 11 23 33 11
1 32 33 44 32 24 14 14 31 32 32 11 14 23 23 23 32 24 33 13 23 32 14 23 32 13
1 33 11 44 33 22 11 14 33 33 33 11 11 23 22 22 33 22 32 11 22 33 11 22 32 11
1 32 11 42 32 24 14 14 31 33 32 11 14 23 22 22 33 22 32 11 23 32 11 23 32 11
1 33 11 44 33 22 14 14 33 33 33 11 14 22 22 23 33 24 33 11 23 33 11 23 33 11
1 33 11 42 33 22 11 14 31 33 33 11 11 22 23 22 33 22 32 11 22 32 11 22 33 11
1 33 11 44 33 22 11 11 33 33 33 11 11 22 22 22 33 22 33 11 22 33 11 22 33 11
1 33 11 44 32 22 14 14 33 33 33 11 11 22 22 22 33 24 32 11 22 33 11 23 33 11
1 33 11 44 33 22 11 14 33 33 33 11 11 23 22 22 33 24 33 11 22 33 11 22 33 11
1 33 11 44 33 22 11 11 33 32 33 11 11 22 22 22 33 24 33 11 22 33 11 23 33 11
1 33 13 42 32 22 14 44 33 32 32 11 14 23 22 22 33 24 33 11 22 33 14 23 33 11
1 33 13 42 32 24 14 44 11 33 33 11 14 22 22 23 32 22 32 13 23 32 11 23 22 11
1 33 11 44 33 22 14 11 33 33 33 11 11 22 22 22 33 22 33 11 22 33 11 22 33 11
1 33 11 44 33 22 11 14 33 32 33 11 11 22 22 22 33 22 33 11 22 33 14 22 32 11
1 32 13 42 32 22 14 14 31 32 33 11 14 22 23 22 32 24 33 11 22 33 14 22 32 13
1 33 13 42 32 22 44 14 11 32 33 11 14 23 22 23 32 24 22 13 22 32 11 33 32 11
1 33 11 44 33 22 11 11 33 33 33 11 11 22 22 22 33 22 33 11 22 33 11 22 32 11
1 33 11 44 33 22 44 11 31 33 33 11 44 22 22 23 33 22 32 11 22 33 11 23 33 11
1 32 33 42 32 44 44 44 11 32 22 11 14 33 23 23 22 44 22 33 23 22 14 23 32 13
1 32 13 44 33 22 14 11 33 33 32 11 14 22 22 22 32 24 32 11 22 33 11 23 32 11
1 33 11 44 33 22 11 11 33 33 33 11 11 22 22 22 33 24 33 11 22 33 11 22 32 11
1 32 11 44 33 22 44 14 31 33 33 11 11 22 22 22 32 22 32 11 22 33 11 22 33 11
1 33 11 44 32 22 14 44 33 33 33 11 11 22 22 22 33 24 33 11 22 33 11 22 33 11
1 33 11 44 33 22 11 11 33 33 33 11 11 23 22 23 33 24 33 11 22 33 11 23 33 11
1 32 13 22 22 24 44 14 31 22 32 11 14 33 23 33 32 44 22 33 23 33 44 33 22 11
1 32 11 44 33 22 14 14 31 33 33 11 14 22 22 22 32 24 32 11 22 32 14 23 33 11
1 32 13 44 32 24 44 44 11 22 33 11 11 23 23 23 32 24 32 13 23 32 11 23 33 11
1 33 11 42 32 22 11 14 31 33 33 11 11 22 22 22 32 44 32 11 22 32 11 22 33 11
1 33 11 44 33 22 11 14 31 33 33 11 11 22 22 22 33 24 33 11 22 33 11 23 33 11
1 33 11 44 32 22 44 44 31 33 33 11 44 22 23 22 33 24 22 13 22 33 14 33 33 11
1 33 13 42 33 22 14 14 11 33 33 11 11 23 22 22 33 22 32 11 22 33 11 22 33 11
1 33 13 42 32 22 14 14 11 32 32 11 14 22 23 23 32 24 32 13 22 33 14 23 33 13
1 33 13 42 32 22 14 14 33 32 32 11 14 33 22 23 33 24 32 11 22 33 11 22 33 13
1 33 11 44 33 22 11 11 31 33 32 11 14 22 22 22 32 22 33 11 22 33 11 23 33 11
1 33 11 44 33 22 11 14 33 33 33 11 11 23 22 22 33 22 33 11 22 33 11 23 33 11
1 33 11 42 33 22 11 11 33 33 33 11 44 22 22 23 32 24 32 11 22 33 11 33 33 13
1 33 13 44 32 22 14 14 31 33 33 11 11 22 22 23 33 24 33 11 22 33 11 22 32 11
1 33 11 44 33 22 14 14 33 33 33 11 11 22 22 22 32 22 32 11 22 33 11 23 33 11
1 32 33 42 32 24 44 44 31 32 33 14 14 23 23 23 32 24 32 11 23 33 14 33 32 11
1 33 11 42 33 22 11 14 33 32 32 14 11 23 23 22 32 24 32 11 22 33 11 23 32 11
1 33 13 42 32 24 44 44 11 32 22 11 14 22 22 22 22 24 33 13 22 32 14 33 22 13
1 32 13 42 32 24 14 14 31 32 32 14 14 23 23 23 32 24 32 13 23 32 14 23 32 13
1 33 33 42 32 22 14 14 33 33 33 11 14 22 22 22 33 22 33 11 22 33 11 23 33 11
1 32 13 22 22 24 14 44 11 22 32 14 14 33 23 33 22 24 32 13 23 33 44 23 33 11
1 32 13 44 32 22 14 14 31 32 32 11 11 23 23 23 33 24 32 11 23 33 11 23 33 11
1 32 13 42 32 22 14 14 31 32 32 11 11 23 23 22 32 22 32 13 23 32 14 23 32 13
1 33 11 44 33 22 11 14 33 33 32 11 11 22 22 22 32 24 32 11 22 33 11 22 32 11
1 32 33 22 22 24 44 44 11 22 22 14 44 23 23 33 22 44 22 13 23 22 44 33 32 13
1 33 13 42 32 24 44 14 31 32 32 11 44 23 23 23 32 24 22 11 22 33 14 22 33 13
1 32 11 44 33 22 14 14 33 32 32 11 11 22 22 22 33 24 32 11 22 32 11 23 33 11
1 32 33 22 32 22 14 44 11 32 32 11 44 22 22 22 32 44 22 11 23 33 11 33 33 11
1 33 33 42 32 22 14 14 31 33 32 11 14 22 22 22 33 24 33 11 22 33 11 23 33 11
1 32 11 42 33 22 11 14 31 33 32 11 11 22 22 22 33 44 33 11 22 33 11 23 33 11
1 33 11 44 33 22 11 11 33 33 33 11 11 22 22 22 33 22 33 11 22 33 11 22 33 11
1 33 11 44 33 22 14 11 31 33 32 11 11 22 22 22 32 22 32 11 22 33 11 33 33 11
1 32 13 42 32 44 14 14 11 32 32 44 44 23 22 23 32 44 22 33 22 32 14 23 32 11
1 32 11 42 32 24 11 14 31 33 33 11 11 23 22 23 33 22 32 11 22 33 11 23 33 11
1 33 11 42 32 24 14 14 33 33 33 11 14 23 22 23 32 24 32 11 23 32 11 22 33 11
1 32 13 42 33 24 14 14 31 32 32 14 14 23 23 23 32 24 32 13 23 33 14 23 33 11
1 33 11 44 32 24 14 14 31 33 33 11 11 22 22 22 33 24 33 11 22 33 11 23 33 11
1 32 13 42 32 24 14 14 31 32 32 14 14 23 23 23 32 24 32 13 23 32 14 23 32 13
1 33 11 44 33 22 14 11 33 33 33 11 11 22 22 22 33 22 33 11 22 33 11 22 33 11
1 33 13 44 32 24 44 44 11 32 33 11 44 23 22 22 32 44 32 33 23 33 14 23 33 11
1 33 13 44 32 22 11 11 31 32 33 11 14 22 22 23 33 22 33 11 22 33 11 23 33 11
1 32 11 44 33 22 14 14 31 32 32 11 14 23 23 22 33 24 32 13 22 32 11 23 33 11
1 33 13 44 33 22 14 14 33 32 32 11 14 22 22 23 33 44 32 11 22 33 11 33 32 13
1 33 13 42 32 22 11 11 33 33 33 11 11 23 22 22 33 24 32 11 22 33 11 33 33 11
1 33 13 44 33 22 11 14 31 32 33 11 11 22 22 22 33 24 22 11 23 33 11 23 33 11
1 33 11 44 33 22 11 11 33 33 33 11 11 22 22 22 33 22 33 11 22 33 11 22 33 11
1 33 11 44 33 22 11 11 33 33 33 11 11 22 22 22 32 22 32 11 22 33 11 22 33 11
1 32 11 42 32 22 14 44 31 32 33 14 11 22 22 23 32 24 32 13 23 32 11 23 32 13
1 32 13 42 32 24 44 14 31 33 33 11 11 22 22 22 32 24 33 11 22 32 14 23 33 13
1 33 11 42 33 22 14 11 31 32 33 11 11 23 22 22 33 44 33 11 22 33 11 23 33 11
1 33 11 44 32 22 14 14 11 33 33 11 44 23 22 22 33 24 33 11 23 33 11 33 33 11
1 32 11 44 32 24 11 14 31 33 32 14 14 23 23 23 33 24 32 11 23 33 11 23 33 11
1 33 13 42 32 24 14 11 31 33 33 11 14 23 22 22 32 22 32 11 22 33 14 23 33 13
1 33 13 42 33 22 11 14 31 33 33 11 11 22 22 22 32 24 22 11 22 33 11 23 33 11
1 33 13 42 32 22 44 44 11 33 32 14 14 22 22 23 33 24 33 13 22 33 11 23 32 11
1 33 13 42 33 22 11 14 31 32 33 11 14 22 23 22 32 24 33 11 22 33 11 23 33 11
1 33 11 44 33 22 11 11 33 33 33 11 11 23 23 22 33 22 32 11 22 33 11 23 33 11
1 33 11 44 33 22 11 11 33 33 33 11 11 23 22 22 33 22 33 11 22 33 11 22 33 11
1 33 11 44 33 22 14 44 31 33 33 14 11 22 23 22 33 22 32 11 22 33 11 23 33 11
1 33 11 42 33 22 14 14 31 33 33 11 14 22 22 22 32 24 33 11 22 33 11 22 33 11
1 33 11 42 32 22 11 14 31 33 33 11 14 33 22 22 32 22 32 13 23 33 11 23 33 11
1 33 11 44 32 22 14 14 31 33 32 11 11 23 22 22 33 22 33 11 22 33 11 22 32 11
1 33 11 42 33 22 11 14 33 33 33 11 11 22 22 22 32 22 33 11 22 33 11 22 33 11
1 33 13 44 33 22 14 11 11 33 22 11 44 22 22 22 33 44 33 13 22 33 14 22 32 11
1 33 11 44 33 22 14 11 11 33 33 11 11 22 22 22 32 22 33 11 22 33 11 23 33 11
1 33 13 42 33 22 44 44 31 33 33 11 44 23 22 23 33 22 33 11 22 33 14 23 33 11
1 32 13 42 33 24 14 14 31 33 32 14 14 23 23 23 32 44 32 13 23 32 14 23 33 11
1 33 11 42 32 24 14 14 31 33 33 11 11 22 22 22 33 24 33 13 22 33 11 23 33 11
1 33 11 42 33 22 11 11 33 33 33 11 11 22 22 22 32 22 32 11 22 33 11 23 32 11
1 32 11 42 33 22 44 44 31 32 33 11 11 23 22 23 32 22 33 11 23 33 11 33 33 11
1 33 11 44 33 22 11 44 31 33 33 11 11 22 22 22 33 24 33 11 22 33 11 23 33 11
1 22 33 22 22 44 44 44 11 22 32 14 44 33 33 33 22 44 22 11 23 32 44 33 32 33
1 32 13 44 32 22 14 14 33 33 33 11 14 22 22 22 33 44 32 11 22 32 14 22 33 11
1 33 13 44 32 22 11 44 31 33 33 11 11 23 22 22 22 24 32 11 22 33 14 33 33 11
1 32 13 42 32 24 14 14 31 33 32 11 14 23 23 22 32 24 32 13 22 32 14 23 32 11
1 32 11 42 32 24 14 14 31 32 32 11 14 22 22 23 32 24 33 11 22 33 14 23 32 11
1 33 33 42 33 24 14 11 31 33 33 14 14 22 23 23 32 24 33 11 22 33 14 33 32 11
1 32 11 42 32 22 14 14 11 33 33 11 44 23 22 23 32 24 32 11 22 33 11 23 33 11
1 22 13 42 32 24 14 14 31 32 32 14 14 23 23 23 32 24 32 13 23 32 11 33 32 13
1 33 11 42 33 22 11 11 31 33 32 11 14 23 22 22 33 22 33 11 22 33 11 23 33 11
1 32 11 44 32 22 14 14 33 32 32 14 14 23 23 33 22 24 22 33 22 32 14 33 33 11
1 33 13 42 33 22 44 14 31 32 32 11 14 23 22 23 32 24 22 13 22 33 14 23 32 11
1 33 11 44 32 22 14 44 31 33 33 11 11 23 22 22 22 24 32 11 23 33 11 33 32 11
1 22 13 22 32 22 44 11 31 33 32 11 14 23 22 23 32 22 32 13 22 33 11 23 33 13
1 32 33 42 32 24 44 44 31 32 32 14 14 33 22 23 32 44 22 13 23 33 44 33 22 33
1 33 11 42 33 24 14 14 31 33 33 11 14 23 22 22 32 24 22 11 22 33 11 23 33 11
1 33 13 44 33 22 11 14 33 33 33 11 11 22 22 22 32 22 32 11 22 33 11 22 33 11
1 33 11 44 33 22 11 11 31 33 33 14 11 22 22 22 33 22 32 11 22 33 11 22 33 11
1 33 11 44 33 22 14 11 31 33 33 14 11 22 22 22 33 24 33 11 22 33 11 23 33 11
1 33 13 42 33 22 11 14 11 33 32 11 14 22 22 22 32 24 32 11 23 33 11 23 33 11
1 33 13 42 32 24 11 14 31 32 33 11 14 23 22 22 32 24 32 11 23 33 11 23 33 11
1 33 13 44 32 22 14 14 11 32 32 11 14 22 23 22 32 44 32 11 23 33 11 33 32 13
1 33 11 44 33 22 14 44 33 32 33 11 44 22 22 22 32 22 33 11 23 33 11 23 33 11
1 33 33 44 32 24 11 14 33 33 33 11 11 23 22 23 32 24 32 11 22 33 11 23 32 11
1 33 11 42 33 22 11 14 31 33 32 11 14 22 22 22 33 24 32 11 22 33 11 23 33 11
1 33 11 44 32 22 11 14 33 33 33 11 11 23 22 22 33 24 32 11 23 33 11 22 33 11
1 33 13 44 33 22 11 11 31 33 33 11 11 22 22 22 33 22 33 11 22 33 11 22 33 11
1 33 13 44 33 22 14 11 31 32 33 11 14 23 22 22 32 24 32 11 22 33 11 33 32 11
1 33 13 42 33 22 14 14 11 33 32 11 11 22 23 22 32 24 32 11 22 22 11 33 33 11
1 33 13 44 33 22 11 44 11 33 33 11 44 22 22 22 32 22 33 11 22 33 11 33 33 11
1 32 13 42 22 24 14 44 11 33 33 11 44 33 23 23 33 24 32 11 33 33 14 33 33 11
1 33 11 44 32 22 11 11 33 33 33 11 11 22 22 22 32 24 33 11 22 33 11 23 33 11
1 32 11 42 33 22 44 44 33 32 33 11 11 22 23 22 32 24 32 33 22 32 14 23 33 11
1 33 11 44 32 22 14 14 11 33 33 11 14 23 23 23 33 44 32 11 22 32 11 23 33 11
1 32 11 42 33 22 44 14 31 32 32 14 11 22 22 23 33 24 32 13 23 32 14 23 32 11
1 33 11 44 33 22 11 11 31 33 32 11 14 22 22 22 33 22 33 11 22 33 11 22 33 11
1 33 13 44 32 24 14 14 31 33 22 11 44 33 22 23 32 24 22 13 22 33 11 33 33 11
1 33 13 42 33 22 11 11 33 33 33 11 11 22 22 22 33 22 32 11 22 33 11 22 33 11
1 33 13 42 33 24 14 14 31 32 33 11 44 22 22 23 32 44 32 11 23 33 14 33 33 11
1 33 13 44 32 22 44 11 31 33 32 11 44 23 23 22 32 24 22 11 23 33 11 23 32 11
1 32 13 42 32 24 14 44 31 32 32 11 44 23 23 22 33 44 22 11 23 32 14 33 32 11
1 33 11 44 33 22 11 14 31 33 33 11 14 22 22 22 33 24 33 11 22 33 11 23 33 11
1 33 13 44 33 22 14 44 31 32 32 11 44 22 22 23 32 22 32 13 22 33 11 23 33 11
1 33 13 42 33 22 14 44 31 32 32 11 14 33 23 23 22 22 32 11 23 33 11 23 33 11
1 32 33 42 32 24 14 14 31 33 32 11 11 23 23 23 32 24 32 11 22 32 14 33 32 11
1 33 11 44 33 22 11 14 33 33 33 11 14 22 22 22 33 22 33 11 22 33 11 22 33 11
1 33 11 44 33 22 14 14 31 33 33 11 11 22 22 22 33 24 33 11 22 33 11 23 33 11
1 33 11 44 33 22 14 14 31 33 22 11 14 23 22 22 32 22 33 11 22 33 11 22 33 11
1 33 11 44 33 22 14 11 33 33 33 11 11 22 22 22 33 22 33 11 22 33 11 23 32 11
1 33 11 42 33 22 14 14 33 33 32 11 11 22 22 22 33 22 32 11 22 32 11 22 33 11
1 33 11 44 33 22 11 11 31 33 33 11 11 22 22 22 33 22 33 11 22 33 11 33 33 11
1 32 13 42 32 24 14 14 31 32 32 14 14 23 22 23 33 24 32 13 23 32 14 23 32 11
1 33 11 44 33 22 11 14 31 33 33 11 11 22 23 22 33 24 32 11 22 33 11 23 33 11
1 33 11 44 33 22 11 44 31 33 33 11 11 22 22 22 32 22 33 13 22 33 14 23 32 11
1 33 11 44 33 22 11 14 33 33 32 11 11 22 23 23 33 24 32 11 22 33 11 22 32 11
1 33 11 44 33 22 14 11 31 33 33 14 11 22 22 22 32 24 32 11 22 33 11 23 32 11
1 32 13 42 33 22 14 14 31 33 32 14 14 23 23 23 32 44 32 11 22 33 11 33 32 11
1 33 11 42 33 22 11 14 31 33 33 11 11 22 23 22 32 24 33 11 22 33 11 22 33 11
1 32 13 42 32 22 44 14 11 32 33 14 14 23 23 23 32 24 32 13 23 32 14 23 33 13
1 32 11 44 33 22 14 14 31 32 33 11 14 22 22 23 32 24 32 11 22 33 11 33 33 11
1 33 13 42 33 22 14 14 33 33 33 11 44 23 22 22 32 22 33 11 22 33 11 22 33 11
1 33 11 44 32 22 14 14 33 33 33 11 14 22 23 23 32 24 32 11 22 33 14 23 33 11
1 33 11 44 33 22 11 11 33 33 33 11 14 22 22 22 32 22 33 13 22 33 11 23 33 11
1 32 13 42 33 22 14 11 31 33 33 11 14 22 22 23 32 24 32 11 22 33 14 23 33 11
1 33 13 42 32 24 14 14 31 33 32 11 11 23 22 22 33 24 32 11 22 33 11 23 33 11
1 33 13 44 33 22 11 11 33 33 33 11 11 22 22 22 32 22 33 11 22 33 11 23 33 11
1 33 13 22 32 22 44 14 33 32 33 11 14 23 22 23 32 22 22 11 22 33 11 23 32 11
1 32 13 42 22 22 14 44 31 33 33 14 14 23 23 22 22 24 32 11 22 33 11 23 33 11
1 22 13 42 33 24 14 44 31 33 32 14 44 23 23 22 22 24 22 13 23 33 14 23 33 11
1 33 11 42 33 22 44 14 31 32 33 11 11 23 23 22 32 24 32 11 22 33 14 22 33 13
1 33 13 42 33 22 14 44 31 33 32 11 14 22 22 22 32 24 33 13 22 33 14 22 33 11
1 33 13 42 32 22 11 14 11 33 33 11 14 22 22 22 32 24 32 11 22 33 11 33 33 11
1 33 11 44 32 22 11 11 33 33 33 11 11 22 22 22 33 24 33 11 22 33 11 23 33 11
1 32 13 44 32 22 11 14 31 33 33 11 11 22 22 22 33 24 33 13 22 33 11 22 33 11
1 33 11 44 33 22 11 11 33 33 33 11 14 22 22 22 33 22 33 11 22 33 11 22 33 11
1 33 11 44 33 22 11 11 33 33 33 11 14 22 22 22 33 22 33 11 22 33 11 22 33 11
1 33 11 44 33 22 11 11 33 33 33 11 11 22 22 22 33 22 33 11 22 33 11 22 33 11
1 33 11 44 32 22 14 14 33 33 33 11 11 23 22 22 33 22 32 13 22 33 11 23 32 11
1 33 11 44 33 22 14 11 31 33 33 11 11 22 22 22 33 24 33 11 22 33 11 22 33 11
1 33 13 42 33 22 14 14 11 33 32 14 11 33 22 22 32 22 22 11 22 33 14 33 33 13
1 32 13 42 32 24 14 44 31 32 33 11 14 23 23 22 32 24 32 11 23 32 14 23 32 13
1 33 13 42 33 22 11 11 33 32 33 11 14 23 22 22 32 24 32 11 23 33 14 23 33 11
1 33 13 42 33 22 11 14 11 33 32 11 14 22 22 33 22 44 32 11 23 33 11 33 22 11
1 33 11 44 33 22 11 14 33 33 32 11 14 22 22 23 33 24 33 11 22 33 11 23 33 11
1 33 11 42 32 24 14 14 31 32 32 11 14 22 22 22 32 22 32 11 22 33 11 23 32 13
1 32 13 42 32 24 14 14 31 33 32 11 14 23 23 22 32 24 32 11 22 33 11 23 32 13
1 33 11 42 33 22 11 14 33 33 33 11 11 23 22 22 33 22 22 11 22 33 11 23 33 11
1 32 33 42 32 24 14 14 11 32 32 14 14 23 22 23 32 24 32 13 23 32 11 23 32 13
1 33 33 44 32 22 11 14 11 32 32 11 14 33 22 23 32 44 32 13 23 33 14 23 32 11
1 33 11 44 33 22 11 14 33 33 33 11 14 22 22 22 32 22 33 11 22 33 11 22 33 11
1 33 13 22 32 22 14 44 31 22 32 11 14 23 22 23 33 44 32 11 23 33 11 33 32 11
1 33 11 44 32 22 14 11 31 33 32 11 14 23 22 22 33 24 32 11 22 33 11 23 33 11
1 33 13 44 33 24 14 14 33 33 33 14 14 22 22 22 32 24 32 11 22 33 11 23 33 11
1 33 11 44 33 24 14 14 31 33 22 11 14 22 23 33 33 22 32 11 22 33 11 23 33 11
1 33 11 44 32 22 11 11 31 33 33 11 11 22 22 22 33 22 33 13 22 33 11 22 33 11
1 33 11 44 33 22 11 14 33 33 33 11 11 22 22 22 33 24 33 11 22 33 11 23 33 11
1 33 11 22 32 24 14 14 11 32 33 11 44 22 22 23 32 22 32 11 22 33 11 33 33 11
1 33 11 44 32 22 11 14 31 33 33 11 14 22 22 23 32 22 33 11 22 33 11 23 33 11
1 32 11 42 33 22 14 14 31 32 33 11 11 23 22 23 33 22 32 13 22 33 11 23 33 11
1 33 13 44 33 22 11 14 33 32 32 11 11 22 22 22 33 22 32 13 22 33 11 22 33 11
1 32 33 42 32 24 14 14 11 32 32 14 14 23 23 22 32 22 32 13 23 33 14 33 32 11
1 32 13 42 22 24 44 44 11 32 22 14 14 22 23 23 33 24 33 13 23 33 14 33 32 13
1 33 13 42 32 22 14 11 11 33 33 11 14 23 22 22 33 22 32 11 22 33 11 22 32 11
1 33 11 44 33 24 14 14 31 33 33 11 11 23 22 23 33 22 32 11 22 33 11 23 32 11
1 33 13 44 33 22 14 14 33 33 33 11 11 22 23 22 33 24 32 11 22 33 11 23 33 11
1 33 11 44 33 22 14 11 11 33 33 11 11 22 22 22 33 22 32 11 22 33 11 22 33 11
1 32 13 42 33 24 11 14 31 33 33 11 14 22 23 22 33 22 32 11 22 33 11 23 33 13
1 33 13 44 33 22 14 14 33 33 33 11 11 22 22 22 33 24 33 13 22 33 11 22 33 11
1 33 11 42 33 24 14 14 31 32 33 11 14 22 22 22 33 24 33 11 22 33 11 23 33 11
1 33 13 42 33 22 11 11 31 33 33 11 14 22 22 22 33 22 32 11 22 33 11 22 33 11
1 33 11 44 33 22 14 11 33 33 33 14 14 22 22 22 32 22 33 11 22 33 11 23 33 11
1 32 11 44 33 22 14 14 11 32 33 11 11 23 23 22 33 24 32 11 23 33 11 23 32 13
1 33 11 44 33 22 14 14 33 33 33 11 11 22 22 22 33 22 33 11 22 33 11 23 33 11
1 22 11 42 32 22 44 14 11 33 22 14 14 23 22 23 32 44 32 13 22 33 14 23 33 11
1 32 13 22 32 22 14 11 11 32 33 14 14 23 22 22 32 22 32 11 22 33 44 33 32 11
1 32 13 42 32 24 14 14 31 32 32 11 14 23 23 23 32 24 32 13 23 32 14 23 32 13
1 33 11 42 33 22 44 44 33 32 32 11 11 22 22 22 33 24 32 13 22 33 11 23 33 11
1 33 13 42 33 22 14 14 31 32 33 14 14 23 22 22 33 24 32 11 23 32 11 33 33 11
1 33 11 44 32 22 11 11 33 33 33 11 11 22 22 22 33 22 33 11 22 33 11 22 33 11
1 33 11 44 32 22 11 44 33 33 32 14 14 22 22 22 33 24 32 11 22 33 14 23 33 11
1 33 13 42 32 24 14 44 31 33 32 14 14 23 23 23 32 24 22 33 22 32 14 23 33 13
1 33 13 44 33 22 44 44 31 32 33 11 11 22 22 23 33 24 32 13 22 33 11 33 32 11
1 33 11 42 32 22 11 14 33 33 32 11 14 23 22 23 33 22 32 11 22 32 11 23 33 11
1 33 11 42 32 22 14 11 11 32 33 14 11 23 22 22 33 44 33 11 23 33 11 22 32 13
1 32 13 42 32 22 14 14 11 32 32 14 14 23 23 23 33 44 32 13 23 33 11 23 32 13
1 32 33 42 32 24 14 14 31 32 32 14 14 23 23 23 32 24 32 13 23 32 14 23 32 13
1 32 11 42 33 22 14 14 31 33 33 11 11 22 22 23 33 22 33 11 23 33 11 23 32 11
1 33 11 44 33 22 14 14 31 33 33 11 11 23 22 22 33 22 33 11 22 33 14 23 33 11
1 33 13 44 33 22 11 14 31 32 33 11 14 22 23 22 33 22 32 11 22 33 11 22 33 11
1 32 11 44 32 24 11 14 31 33 33 11 14 22 22 23 32 24 33 11 22 33 11 23 33 13
1 33 11 44 33 22 14 14 31 32 33 11 11 23 22 23 32 22 32 11 22 33 11 23 33 11
1 32 11 44 33 22 11 11 33 32 32 11 11 22 22 22 33 22 33 11 22 33 11 23 33 11
1 33 13 42 32 22 14 14 31 32 33 11 11 23 22 22 33 22 33 13 23 33 11 23 33 11
1 32 11 44 33 22 44 14 31 32 33 11 14 23 23 22 33 44 32 11 23 33 11 22 32 11
1 32 11 44 33 24 11 11 33 32 33 11 14 22 23 23 33 24 32 11 22 32 11 23 32 11
1 32 33 42 32 24 44 14 31 32 32 44 14 23 23 33 22 44 22 11 23 32 11 33 22 13
1 33 13 42 32 22 14 14 31 32 32 11 14 23 22 23 32 24 32 11 22 33 14 23 32 13
1 33 13 44 33 22 14 14 33 33 32 11 11 22 22 22 33 22 32 13 22 33 11 22 33 11
1 33 11 42 33 24 14 14 11 33 33 11 14 22 22 22 32 24 33 11 22 33 11 23 33 11
1 32 11 42 32 22 11 14 31 33 33 11 14 22 22 22 33 22 33 11 22 33 11 23 33 11
1 33 13 44 32 22 44 14 33 33 32 11 14 22 23 22 33 24 33 11 22 32 11 22 32 11
1 32 33 42 22 24 14 44 11 33 33 14 44 23 23 22 32 44 32 13 22 32 14 33 32 11
1 32 13 42 22 22 44 14 31 32 33 11 14 23 22 23 32 44 32 33 23 32 11 23 32 11
1 33 33 42 32 24 44 44 33 32 33 14 44 23 22 33 32 24 22 13 22 33 14 33 22 11
1 32 13 42 32 24 14 14 11 32 33 11 14 33 23 23 32 22 32 13 23 32 11 22 33 13
1 33 13 44 33 22 14 14 11 33 33 11 11 23 23 22 22 24 32 13 22 33 14 23 32 11
1 33 11 44 33 22 11 14 33 33 33 11 11 22 22 22 33 22 33 11 22 33 11 23 33 11
1 33 11 42 33 22 14 44 31 33 32 11 44 23 22 23 33 44 32 11 22 32 11 23 33 11
1 32 13 44 32 24 14 14 11 33 32 11 14 23 23 23 32 24 32 11 22 33 11 23 32 11
1 32 13 42 32 24 14 44 31 33 32 14 14 33 23 23 32 24 32 13 23 32 14 33 32 13
1 32 11 42 32 22 11 14 31 32 33 11 11 23 22 23 32 24 32 11 22 32 11 23 33 11
1 33 13 44 33 22 11 14 31 32 33 11 44 23 22 23 32 24 33 13 22 33 11 23 32 11
1 33 13 42 33 22 11 14 33 32 33 11 14 33 22 23 22 22 32 11 22 33 11 23 32 11
1 33 13 44 33 22 11 11 33 33 33 11 14 22 22 22 33 22 32 11 22 33 11 33 33 11
1 33 13 42 32 22 44 44 33 33 32 11 11 23 23 23 32 24 32 11 22 32 11 23 33 11
1 33 13 44 33 22 14 14 31 33 33 11 11 22 22 22 32 22 32 11 23 33 11 33 33 11
1 33 13 42 32 24 14 14 31 32 33 11 14 22 22 22 32 24 32 13 22 33 11 23 32 11
1 33 11 44 33 22 11 11 33 33 33 14 11 22 22 22 33 22 33 11 22 33 11 22 33 11
1 33 11 44 33 22 11 11 33 33 33 11 11 22 22 22 33 22 33 11 22 33 11 22 33 11
1 33 11 44 32 22 11 14 31 33 33 11 44 22 22 22 32 24 33 11 22 33 11 23 32 11
1 32 13 42 32 22 44 14 31 32 32 14 14 23 23 23 32 24 32 13 23 33 14 23 32 13
1 33 13 22 32 22 11 14 31 33 33 11 11 22 22 23 32 22 33 11 22 33 11 33 33 11
1 32 13 42 32 22 14 14 31 32 32 11 14 22 23 22 32 44 22 11 22 33 11 23 33 11
1 33 11 44 33 22 11 11 33 33 33 11 11 22 23 22 33 22 33 13 22 33 11 22 33 11
1 33 11 44 33 22 11 11 33 33 33 11 11 23 22 22 33 22 33 11 22 33 11 22 33 11
1 32 33 42 32 24 14 44 31 32 32 14 14 33 23 23 32 24 22 13 23 32 14 23 32 13
1 33 11 42 33 24 11 14 31 32 32 14 14 23 23 22 32 24 32 13 22 33 11 23 32 13
1 32 13 42 32 24 14 44 31 32 32 11 44 33 23 23 22 24 32 13 23 33 14 33 22 13
1 32 11 44 32 22 14 14 33 33 33 11 11 22 22 22 33 24 33 11 23 33 11 22 32 11
1 33 13 44 32 22 14 14 31 33 32 11 14 22 23 23 32 24 33 11 22 33 11 23 33 11
1 33 13 44 33 22 11 11 33 33 33 11 11 22 22 22 33 22 33 11 22 33 11 23 33 11
1 33 11 44 33 22 11 14 33 33 33 11 11 23 22 22 32 24 33 11 22 33 11 22 33 11
1 33 13 44 32 22 14 14 31 32 33 11 14 22 22 22 33 24 32 11 22 33 11 22 33 11
1 32 13 42 33 24 14 44 31 22 32 11 14 23 22 23 32 22 32 13 22 32 14 23 33 11
1 33 11 44 33 22 11 11 31 33 32 11 11 22 22 22 33 22 22 11 22 33 11 23 33 11
1 32 13 42 33 22 11 14 31 32 32 14 11 23 22 33 33 22 32 13 23 33 11 33 32 11
1 33 11 44 33 24 14 14 33 33 33 11 14 22 22 23 33 24 33 11 22 33 11 22 33 11
1 33 11 44 33 22 11 14 33 33 33 11 11 22 22 22 33 22 33 11 22 33 11 22 33 11
1 32 13 22 22 44 44 44 11 32 22 14 44 23 33 33 22 44 22 13 23 33 44 33 32 33
1 32 13 42 32 22 14 14 33 32 32 11 11 23 23 23 32 24 32 13 23 32 11 23 33 11
1 32 33 42 32 22 14 44 11 32 22 44 14 23 23 23 32 44 33 13 23 33 11 33 32 13
1 33 11 44 33 22 14 14 31 33 33 11 14 22 22 22 33 22 33 11 22 33 11 22 33 11
1 32 13 44 33 22 11 14 31 33 32 11 11 22 22 22 33 22 33 11 22 33 11 22 33 11
1 33 11 44 33 22 11 11 33 33 33 11 11 23 22 22 33 22 32 11 22 33 11 22 33 11
1 33 33 42 33 22 44 14 31 33 33 11 11 22 22 23 33 22 22 13 22 33 11 33 32 13
1 33 11 44 32 22 11 14 31 33 32 11 44 22 22 23 32 24 33 11 23 33 14 33 32 11
1 32 11 42 32 22 14 11 31 32 33 11 11 22 22 22 33 22 33 11 22 33 11 23 33 11
1 33 13 42 33 22 44 14 11 22 33 14 11 33 22 23 33 24 32 11 22 33 14 33 33 11
1 33 11 44 33 22 14 14 31 33 33 11 11 22 22 23 33 22 33 11 22 33 11 23 33 11
1 32 13 42 32 22 14 14 31 32 33 14 14 23 23 23 32 24 32 13 22 33 14 23 33 13
1 32 13 42 32 24 14 14 31 33 32 14 14 23 22 23 33 22 32 11 22 33 14 23 33 11
1 32 13 42 33 22 14 14 11 33 33 11 14 22 22 22 22 22 32 11 22 32 11 33 33 11
1 33 11 44 33 22 14 14 31 33 32 11 11 23 22 22 33 22 32 11 22 33 14 22 33 11
1 33 11 44 32 22 14 14 33 33 33 11 14 22 22 22 33 22 32 11 22 33 11 22 33 11
1 33 11 44 33 22 14 11 11 33 33 11 11 22 23 22 33 24 32 11 22 33 11 22 33 11
1 32 33 22 32 24 44 44 11 32 22 14 44 33 33 33 22 44 22 33 33 32 44 33 32 13
1 32 13 42 32 24 14 14 11 32 32 11 14 23 23 22 32 24 32 13 23 32 14 23 32 13
1 32 13 42 32 22 14 14 31 32 32 11 14 22 23 22 32 24 32 11 23 32 11 23 33 13
1 33 11 42 22 22 44 14 33 33 33 14 14 23 22 33 22 24 33 33 22 33 14 23 33 11
1 33 11 42 32 22 11 14 31 33 33 11 11 22 22 33 33 24 32 11 23 33 14 33 33 11
1 32 13 42 33 24 11 14 31 32 33 11 14 23 23 23 32 24 32 13 22 32 11 23 32 13
1 33 11 44 32 22 44 14 31 33 32 11 11 23 22 22 33 24 33 11 22 33 11 22 33 11
1 32 13 44 22 22 14 44 33 32 33 11 11 22 22 22 33 44 22 13 22 33 11 33 33 13
1 32 11 44 33 24 14 11 31 33 32 11 11 22 22 23 32 22 33 13 22 33 11 22 33 11
1 32 33 42 32 24 44 44 11 32 32 14 44 23 23 23 32 44 32 11 33 32 14 23 32 13
1 33 13 42 33 22 14 44 11 32 33 14 44 22 23 22 32 44 33 33 22 33 14 33 32 11
1 33 33 42 33 22 14 14 31 32 33 11 14 22 22 22 32 22 32 11 22 33 11 23 33 11
1 33 11 44 32 24 14 14 31 33 32 11 14 23 22 22 32 24 33 13 22 32 11 23 32 11
1 33 13 44 32 22 14 14 31 33 32 11 14 23 22 22 33 22 32 11 22 33 11 22 32 11
1 33 11 44 33 22 11 14 33 32 33 11 14 22 22 22 32 24 32 11 22 32 11 23 32 33
1 33 11 44 33 22 11 14 31 33 33 11 11 23 22 22 33 24 33 11 22 33 11 23 33 11
1 33 11 44 32 22 14 44 31 33 22 11 44 23 23 23 32 24 33 13 22 33 11 33 32 11
1 33 11 44 33 22 11 14 31 33 33 11 11 22 22 22 33 22 33 11 22 33 11 22 33 11
1 33 13 42 32 22 14 14 31 32 33 11 44 22 23 22 32 24 33 13 22 33 11 23 33 11
1 33 11 42 33 22 14 14 31 32 22 14 14 23 23 22 32 24 32 13 22 32 11 23 32 11
1 32 11 44 33 22 14 11 31 32 33 11 14 22 22 23 32 24 33 13 22 33 11 23 33 11
1 33 11 42 33 24 14 14 31 32 32 11 14 22 23 22 32 24 32 13 23 32 11 23 33 13
1 33 13 42 22 24 44 44 31 32 32 14 14 23 23 33 32 24 32 13 23 32 14 33 32 13
1 33 11 44 33 22 11 11 33 32 33 11 11 22 22 23 32 22 33 11 22 33 11 23 32 11
1 33 13 22 32 24 14 44 33 32 22 11 44 23 22 23 32 24 22 11 23 33 11 23 33 13
1 33 11 44 32 22 11 11 33 33 33 11 11 22 22 22 32 24 32 11 22 33 11 22 33 11
1 32 13 44 33 44 44 44 31 33 32 11 14 33 22 23 22 24 22 13 22 33 14 33 32 13
1 33 11 44 33 22 11 14 33 33 33 11 14 22 22 22 33 24 33 11 22 33 11 22 33 11
1 32 13 22 33 22 14 14 11 33 32 11 11 23 22 22 32 24 22 11 22 33 11 23 32 11
1 32 11 44 33 22 14 14 31 32 33 11 14 23 22 23 33 22 32 13 22 33 11 23 33 11
1 33 11 44 33 22 14 14 33 33 33 11 11 22 23 22 33 22 32 11 22 33 11 23 33 11
1 32 13 42 22 24 44 44 31 22 32 14 14 33 23 23 22 44 22 33 33 32 44 33 22 13
1 33 11 44 33 22 44 11 11 33 33 11 11 22 22 22 33 24 33 11 22 33 11 22 33 11
1 33 13 42 33 22 14 14 31 33 33 11 11 23 22 23 32 24 33 11 22 33 11 23 32 11
1 33 13 44 33 22 14 14 33 33 32 14 14 22 22 22 22 22 32 11 23 33 11 23 33 11
1 32 13 42 22 24 14 44 31 32 22 14 14 23 23 33 22 22 32 11 22 32 14 23 32 11
1 33 11 44 33 22 11 11 33 33 33 11 11 22 22 22 33 22 33 11 22 33 11 22 33 11
1 32 13 42 32 24 11 14 31 32 32 14 14 23 22 23 32 24 32 11 22 33 11 23 33 13
1 32 13 42 32 24 11 11 33 32 33 14 14 23 23 23 33 24 22 11 22 33 11 23 32 11
1 32 13 42 33 24 14 14 11 32 33 14 14 23 22 23 32 24 32 11 23 32 11 23 33 11
1 32 11 44 33 22 11 44 31 33 32 11 11 22 22 22 33 22 33 11 22 33 11 23 33 11
1 33 13 44 32 22 14 14 31 32 32 11 11 23 22 22 33 24 32 11 23 32 14 23 32 13
1 33 13 42 33 22 44 11 11 32 32 11 14 23 22 22 33 24 32 11 22 32 11 33 32 13
1 33 11 44 33 22 11 14 33 33 33 11 11 22 22 22 33 22 33 11 22 33 11 22 33 11
1 33 33 44 32 22 44 44 11 32 33 11 14 22 23 22 32 44 32 11 22 33 11 23 33 11
1 33 11 44 33 22 11 11 33 33 33 11 11 22 22 22 33 24 32 11 22 32 11 23 33 11
1 32 11 44 32 22 14 14 33 33 32 14 11 22 23 23 22 24 32 11 22 32 11 23 32 11
1 33 11 44 33 24 14 14 33 33 33 11 11 23 22 23 33 24 33 11 22 33 11 23 32 11
1 33 11 44 33 24 11 14 33 33 33 11 11 23 22 23 33 24 33 11 22 33 11 23 33 11
1 33 11 44 32 22 11 14 31 33 33 11 11 23 22 22 32 22 33 11 22 33 11 23 33 11
1 32 13 42 22 24 44 44 11 32 32 14 44 23 23 33 32 44 22 13 22 32 14 33 33 13
1 33 11 44 33 22 11 14 33 33 33 11 11 22 22 22 32 22 33 11 22 33 11 23 32 11
1 33 13 42 32 22 14 44 31 32 32 11 11 22 22 23 32 24 32 11 22 33 11 22 33 11
1 33 11 44 32 22 14 14 11 33 33 11 11 23 22 23 22 44 32 11 22 33 11 23 32 11
1 33 11 44 33 22 11 14 33 33 33 11 11 22 22 22 33 22 33 11 22 33 11 22 33 11
1 33 11 42 33 22 44 14 31 33 33 11 11 22 23 22 33 22 33 11 22 33 11 22 33 11
1 33 11 44 32 22 11 11 33 33 33 11 11 22 22 22 32 24 33 11 22 33 11 22 33 11
1 33 13 44 32 24 14 14 31 33 32 14 14 23 22 23 32 24 32 13 23 32 14 23 32 13
1 32 13 44 32 22 11 14 31 33 32 11 11 22 22 22 32 24 33 11 22 33 11 23 33 11
1 33 11 44 33 22 11 11 31 33 33 11 11 22 22 22 33 22 33 11 22 33 11 22 33 11
1 32 11 44 33 24 44 44 11 33 32 11 14 23 22 23 32 44 33 11 22 32 14 33 33 13
1 33 11 44 33 22 11 14 31 33 33 11 14 22 22 22 32 22 33 13 22 33 11 23 33 11
1 32 13 44 33 22 14 14 31 32 33 14 11 23 22 23 32 22 33 13 22 33 11 23 33 11
1 33 11 22 32 24 44 44 11 32 32 11 14 22 23 22 33 44 32 11 23 33 11 33 32 11
1 32 13 42 32 22 14 14 31 32 33 11 14 23 22 22 32 24 32 13 23 33 11 23 33 11
1 33 11 44 33 22 11 11 33 33 33 11 14 22 22 22 33 22 33 11 22 33 11 22 33 11
1 33 13 42 33 22 11 11 33 33 33 11 11 22 23 22 33 24 33 11 22 33 11 23 32 11
1 33 11 44 33 22 14 14 31 33 33 11 14 22 22 22 33 22 33 11 22 33 11 22 33 11
1 33 11 42 32 22 14 14 31 33 32 11 14 22 23 33 33 44 33 11 23 33 11 33 33 11
1 32 13 42 32 22 11 14 31 32 32 11 14 23 23 22 33 24 32 11 22 33 11 23 33 11
1 22 13 42 32 22 14 44 11 32 33 11 11 23 33 33 32 44 22 13 33 33 11 33 32 11
1 33 11 44 33 22 11 14 33 33 33 11 11 23 22 22 32 22 33 11 22 33 14 23 33 11
1 32 11 42 32 24 44 14 31 32 32 14 14 22 22 23 32 24 32 11 22 32 44 23 32 11
1 33 11 42 33 22 14 11 31 33 33 11 14 22 23 23 32 22 33 11 22 33 11 22 33 11
1 33 11 44 33 22 11 11 31 33 33 11 11 22 22 22 33 22 33 11 22 33 11 22 33 11
1 32 11 42 33 24 14 44 31 33 32 11 11 22 22 22 32 24 22 11 22 33 11 22 33 11
1 33 13 42 32 24 11 14 31 22 32 14 14 23 22 22 33 44 32 13 23 33 44 33 33 11
1 33 11 42 33 22 14 14 11 32 32 11 14 33 22 22 32 44 33 11 23 33 14 33 32 11
1 33 13 44 32 22 11 14 31 33 32 14 11 23 22 23 32 24 32 11 22 33 14 23 33 11
1 32 33 22 22 24 44 44 11 32 32 11 14 33 23 33 22 44 22 13 23 22 14 33 32 13
1 32 33 42 32 22 14 14 11 32 32 44 14 33 22 23 32 44 32 13 33 32 14 23 22 11
1 33 13 44 33 22 11 14 33 33 33 11 11 22 22 22 33 22 33 11 22 33 11 23 32 11
1 32 13 42 32 24 14 14 31 32 32 11 14 23 23 23 32 24 32 13 23 32 14 23 32 13
1 32 13 42 32 24 44 14 31 32 32 11 14 23 23 33 32 24 32 11 23 33 14 33 32 11
1 32 13 42 32 22 14 14 31 33 32 11 14 23 23 23 33 22 32 13 23 33 14 23 33 13
1 32 11 42 32 22 11 11 31 33 33 11 14 23 22 22 32 24 33 11 22 32 11 23 33 11
1 32 13 42 32 44 14 44 11 22 32 44 44 23 23 33 32 44 22 33 23 32 44 33 32 13
1 33 11 44 33 22 11 11 11 33 33 11 11 22 22 22 33 22 32 11 22 33 11 22 33 11
1 32 13 44 33 24 14 11 31 32 32 11 14 22 22 23 33 22 32 13 23 32 11 23 33 13
1 32 13 42 32 22 14 14 11 33 33 14 44 22 22 23 32 24 32 11 23 32 11 23 33 11
1 32 11 44 33 22 14 11 31 33 32 14 11 23 22 23 32 24 32 11 22 33 11 23 33 11
1 32 11 44 33 24 14 14 11 32 32 11 14 33 22 23 33 44 22 11 23 33 11 23 32 11
1 32 13 44 32 24 14 14 31 33 33 11 14 23 23 23 32 22 32 13 22 33 11 23 33 11
1 33 13 44 33 22 14 11 31 32 33 11 11 22 22 22 32 22 33 11 22 33 11 23 33 11
1 33 33 42 32 22 14 14 31 32 33 11 11 23 23 23 32 22 32 11 23 32 11 23 32 11
1 32 11 44 32 24 14 14 31 32 33 11 14 23 23 22 32 22 32 11 23 33 11 23 32 13
1 32 11 44 32 24 14 14 31 32 33 14 14 22 23 22 32 24 32 11 22 32 11 22 33 11
1 33 13 44 32 22 14 14 31 32 32 11 44 23 23 23 32 24 32 13 22 33 11 33 32 13
1 32 13 42 32 22 11 14 31 33 32 11 11 23 22 22 33 22 32 11 22 33 14 23 33 11
1 32 11 42 32 22 14 44 31 32 33 11 11 22 22 22 32 24 33 11 22 33 11 22 33 11
1 32 11 44 33 22 14 14 11 33 33 11 11 22 22 22 33 24 33 11 22 33 11 22 33 11
