 rs201166 rs12126058 rs200444 rs156987 rs156984 rs3827729 rs429383 rs278020 rs278021 rs277671 rs277672 rs546126
0 44 33 44 44 11 33 41 41 41 44 24 22
0 44 33 41 44 31 32 41 44 44 44 22 33
0 44 33 44 44 33 32 44 41 44 44 22 23
0 44 33 11 44 11 32 11 11 41 22 44 23
0 44 33 44 44 33 32 44 44 44 42 22 22
0 44 33 44 44 33 32 44 44 41 42 22 23
0 44 22 11 44 31 32 41 44 44 44 22 23
0 41 32 41 44 31 32 41 41 41 42 24 33
0 11 22 11 42 11 32 11 11 41 22 24 33
0 44 32 41 44 31 32 41 41 41 42 24 23
0 44 32 41 42 33 32 11 44 41 44 22 22
0 44 32 44 44 11 33 44 44 44 42 22 22
0 44 32 44 44 31 32 11 41 11 42 24 33
0 44 32 44 44 33 33 44 44 44 44 22 23
0 44 32 44 44 33 33 44 44 11 44 24 22
0 44 32 44 44 31 32 44 41 11 42 24 22
0 44 32 44 44 31 32 44 44 44 44 22 23
0 41 32 41 42 31 32 41 41 44 42 24 23
0 44 22 41 42 33 33 41 44 44 42 22 22
0 44 32 41 42 11 32 41 44 44 22 24 33
0 44 32 44 42 31 32 11 44 41 22 22 23
0 44 33 41 44 33 33 41 44 41 22 24 22
0 44 32 44 44 33 33 44 44 44 44 22 22
0 44 32 41 44 31 33 41 44 41 42 24 23
0 41 32 44 44 31 32 44 41 44 42 24 22
0 41 32 41 42 31 32 41 44 44 42 22 23
0 44 32 44 44 31 32 41 41 44 44 24 23
0 41 33 44 44 31 33 41 44 11 44 22 33
0 44 32 44 44 33 32 44 44 44 44 22 23
0 44 32 44 44 33 32 41 44 44 44 24 33
0 44 33 44 44 33 33 41 44 44 44 22 22
0 44 33 11 44 33 32 44 44 44 42 22 33
0 44 32 44 44 33 33 41 44 44 42 24 22
0 41 32 11 42 31 32 41 41 41 22 24 33
0 44 32 41 44 31 32 44 44 41 42 24 23
0 44 32 44 44 11 32 44 41 44 44 24 23
0 41 33 44 44 33 33 44 44 44 44 22 22
0 44 22 44 44 11 32 41 44 44 22 24 23
0 44 32 44 44 31 22 11 44 11 42 44 23
0 41 33 44 44 33 33 41 44 44 44 24 22
0 44 33 44 44 33 33 44 44 44 44 22 22
0 44 32 44 44 33 33 44 44 44 44 22 22
0 44 32 11 44 31 32 41 44 44 44 22 22
0 44 33 44 42 33 33 44 44 44 44 24 22
0 41 32 41 42 31 32 41 41 41 42 24 23
0 44 32 41 44 31 22 41 41 11 42 22 22
0 44 33 44 44 33 22 41 44 11 42 24 23
0 44 33 44 44 33 33 44 44 44 44 22 23
0 44 33 41 42 31 22 41 44 44 44 24 23
0 44 33 44 44 33 33 44 44 44 44 22 22
0 44 33 44 44 33 33 44 44 44 44 22 23
0 44 33 44 44 33 33 44 44 44 44 22 22
0 41 32 11 42 31 32 41 44 41 42 24 23
0 44 32 41 42 11 22 41 44 11 22 24 33
0 44 33 44 44 33 33 44 44 44 44 22 22
0 41 22 11 44 11 32 41 41 11 42 44 23
0 44 32 44 44 31 32 11 11 11 42 22 33
0 41 32 41 42 31 32 41 41 41 42 24 23
0 44 33 41 44 33 33 44 44 44 44 24 22
0 44 32 44 44 31 33 41 44 41 42 22 23
0 41 32 41 42 31 32 44 44 41 44 24 33
0 41 32 41 42 11 32 41 41 41 42 44 23
0 44 33 44 44 33 33 44 44 44 42 22 23
0 44 33 44 44 33 33 44 44 44 44 22 22
0 44 33 44 44 33 32 44 44 44 42 22 22
0 44 33 44 44 33 33 44 44 44 44 22 23
0 44 33 44 44 33 32 44 44 44 44 22 23
0 44 32 41 42 11 22 41 11 41 22 44 23
0 44 22 41 44 11 22 44 41 44 42 22 23
0 41 32 44 44 11 22 41 44 41 42 44 23
0 41 32 44 44 31 32 41 11 41 44 24 33
0 44 32 44 44 33 33 44 44 41 42 22 33
0 44 32 41 44 33 33 44 44 41 42 22 22
0 44 33 44 44 33 33 44 44 44 44 22 23
0 41 32 41 42 11 33 41 41 41 44 44 33
0 44 32 41 44 31 32 41 44 44 42 24 33
0 44 32 41 42 11 33 41 44 41 44 44 23
0 44 33 44 44 11 22 11 41 11 42 24 23
0 44 33 41 42 11 32 11 44 41 42 24 23
0 44 22 44 42 31 32 44 11 11 42 44 23
0 44 32 44 44 31 33 44 44 41 22 22 23
0 44 32 41 44 33 33 44 41 41 44 24 23
0 44 33 44 44 33 33 41 41 41 42 22 23
0 44 32 44 44 33 33 44 44 44 44 22 22
0 44 22 11 42 33 33 11 44 41 42 22 33
0 44 32 44 44 33 33 44 44 41 44 22 22
0 44 32 41 44 31 32 41 41 41 42 24 33
0 44 32 44 44 33 32 44 44 41 42 24 23
0 44 22 11 42 31 33 41 44 44 22 22 22
0 44 32 11 44 31 32 41 44 44 42 24 23
0 44 22 44 22 31 32 41 41 11 42 44 22
0 44 32 44 44 11 32 41 41 44 44 44 23
0 41 33 44 42 31 33 41 44 44 42 22 23
0 44 33 41 44 33 32 44 44 41 42 22 22
0 44 32 44 44 31 32 41 41 41 42 24 23
0 41 32 41 44 31 32 41 41 44 42 24 23
0 44 33 44 44 33 33 44 44 41 44 22 22
0 41 32 41 22 11 32 41 41 11 22 24 23
0 44 32 11 22 33 32 11 44 41 44 24 33
0 44 32 44 42 11 22 41 44 41 42 44 33
0 44 22 41 44 11 33 41 44 11 42 44 23
0 44 32 41 44 11 22 41 44 11 42 44 33
0 44 22 41 44 33 33 41 44 44 44 22 23
0 44 33 44 44 33 33 44 44 44 44 22 22
0 41 32 44 42 31 33 41 44 41 42 24 23
0 44 32 44 44 31 33 44 41 41 42 22 23
0 41 32 41 42 31 32 41 41 41 42 24 23
0 41 32 44 44 31 32 44 44 44 44 22 23
0 44 32 41 42 31 32 41 44 41 42 24 23
0 44 33 44 44 11 22 41 44 41 44 24 22
0 44 22 11 42 31 33 44 44 41 42 24 23
0 44 33 41 44 31 32 41 44 44 42 24 23
0 44 32 44 44 33 32 41 44 44 44 22 23
0 41 32 44 44 33 33 41 41 44 44 24 23
0 41 33 44 44 31 32 44 44 41 42 22 22
0 41 32 41 44 31 32 41 41 41 44 24 23
0 44 33 44 42 31 32 44 41 41 44 24 23
0 41 32 44 44 31 32 11 44 41 44 24 23
0 44 32 44 44 33 32 41 44 44 44 22 22
0 41 33 41 44 31 33 41 44 41 44 22 23
0 44 33 44 44 33 33 44 44 44 44 22 23
0 41 32 41 44 33 33 41 44 41 42 24 33
0 44 33 44 42 31 32 41 44 44 42 24 23
0 44 33 41 44 33 32 44 44 41 44 22 23
0 44 33 44 44 33 33 44 44 44 44 22 22
0 44 32 44 44 33 33 44 44 44 44 22 22
0 44 32 41 44 11 32 11 44 41 44 24 23
0 44 33 44 44 33 33 44 44 44 44 22 22
0 44 33 44 44 33 32 41 41 41 42 24 23
0 44 32 44 42 31 22 11 41 44 42 22 33
0 44 33 44 44 33 33 44 44 44 44 22 22
0 41 33 44 42 31 32 11 41 41 44 22 33
0 44 32 41 42 31 32 41 41 11 22 44 33
0 44 32 44 44 31 32 44 44 44 22 22 22
0 44 33 44 44 33 33 44 44 41 44 22 22
0 44 33 44 42 33 33 44 44 44 44 22 22
0 44 32 44 42 31 33 41 41 41 42 24 23
0 41 22 41 22 11 22 11 11 11 42 44 33
0 41 32 41 44 31 33 44 44 41 42 22 23
0 44 32 44 44 33 33 44 44 44 42 22 22
0 44 32 44 44 31 32 41 41 11 42 24 23
0 41 33 44 44 33 33 44 41 44 22 24 23
0 44 33 41 44 33 32 44 44 44 44 22 22
0 41 32 44 44 11 32 41 41 41 42 24 23
0 41 32 11 44 11 32 41 41 41 42 24 33
0 41 32 44 44 11 32 41 41 41 42 24 23
0 44 33 44 44 33 33 41 41 44 44 24 22
0 44 33 41 44 31 33 44 44 44 44 22 22
0 41 32 41 42 11 32 11 44 11 22 22 33
0 44 33 41 44 31 32 44 41 44 44 44 23
0 44 32 44 44 33 33 44 41 44 44 22 23
0 41 32 44 42 31 32 41 41 44 22 24 33
0 44 33 44 44 11 32 44 44 44 42 24 22
0 44 22 41 42 33 32 11 41 44 42 22 33
0 41 33 44 44 33 33 44 44 44 44 22 22
0 44 33 44 44 33 32 44 44 44 44 22 22
0 44 33 44 44 33 33 44 44 44 44 22 22
0 44 32 41 44 31 33 41 44 41 42 24 33
0 44 33 44 44 11 32 44 44 44 42 24 23
0 44 33 44 44 33 33 44 44 44 42 22 23
0 44 22 44 44 11 32 41 41 44 42 24 33
0 41 33 44 44 33 33 44 44 44 44 24 22
0 44 33 44 44 31 33 41 44 44 44 22 23
0 44 33 44 44 33 33 44 44 44 44 22 22
0 44 32 41 42 31 33 41 41 41 42 24 23
0 44 22 41 44 33 33 41 44 44 44 24 23
0 44 22 44 44 31 22 41 41 44 22 22 23
0 44 32 41 44 31 32 44 41 41 44 22 23
0 41 32 41 44 11 32 41 44 41 42 24 23
0 44 32 44 44 31 33 44 44 44 44 24 23
0 44 33 44 44 31 32 41 41 44 42 24 23
0 44 33 44 44 31 32 44 44 44 44 22 23
0 44 33 41 44 33 33 44 44 44 44 22 22
0 44 32 41 42 33 22 44 44 44 44 24 22
0 44 33 44 42 33 33 44 44 44 44 22 23
0 41 33 41 44 31 32 44 41 44 42 22 23
0 44 33 44 44 11 32 41 44 44 42 22 22
0 44 32 44 44 31 33 41 44 44 42 24 33
0 41 33 41 44 11 33 44 44 41 44 22 33
0 44 32 44 44 31 32 41 44 41 44 22 22
0 44 32 44 44 33 33 44 44 44 44 22 22
0 44 22 44 44 31 32 41 41 44 42 44 23
0 44 33 41 44 31 33 41 44 41 44 22 22
0 44 33 44 44 33 33 44 44 44 44 22 22
0 44 32 44 44 31 32 44 44 41 44 24 22
0 44 33 44 44 33 33 44 44 44 44 22 22
0 44 33 44 44 31 33 44 44 41 44 22 22
0 44 33 41 44 31 33 44 41 41 42 22 23
0 44 32 41 44 33 22 44 44 44 44 24 23
0 44 33 44 44 33 33 44 44 41 44 22 23
0 44 32 41 44 33 32 44 44 41 42 44 33
0 44 33 44 44 33 33 44 44 44 44 22 22
0 41 32 41 42 31 32 41 44 41 42 22 23
0 44 32 41 42 31 33 44 44 44 42 22 23
0 41 32 41 42 31 32 41 44 41 42 24 23
0 44 33 44 44 33 33 44 44 44 44 24 23
0 44 32 44 42 31 33 41 44 44 42 22 23
0 44 33 41 44 31 32 44 44 41 44 22 23
0 44 32 44 44 33 33 44 44 44 44 22 23
0 41 22 41 42 11 32 11 41 11 22 24 33
0 41 32 41 42 11 32 41 44 41 42 24 33
0 41 33 44 42 11 32 41 44 41 42 24 23
0 44 32 11 42 31 22 41 41 41 42 24 33
0 41 32 41 44 11 32 44 41 41 42 44 23
0 44 33 44 42 31 32 41 44 41 44 24 23
0 44 22 41 42 31 22 41 41 41 42 24 23
0 44 32 44 44 31 32 44 44 41 44 22 23
0 41 32 44 44 33 33 41 44 44 44 22 23
0 44 33 44 44 33 33 41 44 44 44 22 22
0 41 32 41 42 11 22 41 44 41 42 24 33
0 41 33 41 44 31 33 41 44 44 42 22 23
0 44 32 41 44 31 32 41 41 44 44 44 23
0 44 33 44 42 31 33 44 41 44 44 24 22
0 41 33 44 42 31 33 44 44 41 44 24 22
0 11 32 44 42 11 32 44 11 41 42 44 33
0 44 32 44 44 33 33 44 44 41 42 24 33
0 44 32 41 44 31 33 41 41 41 42 22 23
0 44 33 41 44 31 33 44 44 41 44 24 22
0 44 33 44 44 31 33 44 44 44 44 22 22
0 41 33 41 42 33 32 41 41 11 42 22 23
0 44 32 44 44 31 22 44 41 41 42 24 33
0 44 33 41 42 11 32 41 41 44 42 24 22
0 44 33 44 44 33 32 44 44 44 44 22 22
0 41 32 41 44 31 32 41 11 11 42 24 23
0 44 33 44 44 31 33 44 44 44 44 22 22
0 44 33 44 42 33 33 44 44 44 44 22 22
0 44 32 41 22 11 22 41 11 11 42 24 33
0 44 32 44 44 33 32 44 44 41 42 24 22
0 44 33 44 44 31 32 44 44 41 44 22 23
0 11 32 41 42 11 32 41 41 41 42 44 23
0 44 33 44 44 33 33 44 44 44 44 22 22
0 44 33 41 44 31 33 44 41 41 42 24 33
0 44 33 44 44 33 33 41 44 44 44 22 22
0 41 22 11 44 33 22 41 11 41 42 24 23
0 44 33 44 44 31 32 41 44 44 44 22 23
0 41 32 44 44 31 32 41 44 44 42 24 33
0 44 33 44 44 33 33 44 44 44 44 24 23
0 44 32 44 44 33 33 44 44 44 22 22 23
0 44 22 44 44 31 33 41 44 41 42 22 22
0 44 33 41 44 33 32 44 41 44 44 22 33
0 44 33 44 44 31 33 44 44 41 44 22 23
0 41 33 41 44 11 32 41 41 41 42 44 33
0 44 32 44 44 31 33 44 44 11 44 22 22
0 44 32 41 42 31 32 41 41 41 42 24 23
0 44 32 44 44 31 32 41 44 41 42 24 23
0 44 33 41 44 31 32 41 41 11 42 24 22
0 41 22 44 44 11 32 41 44 41 42 22 23
0 44 32 44 42 31 32 41 41 41 42 24 22
0 44 32 41 44 31 33 44 44 41 44 44 23
0 44 32 41 22 11 32 44 41 11 42 24 23
0 44 33 44 44 31 33 44 44 44 42 22 23
0 44 33 44 44 33 33 44 44 41 44 22 23
0 44 33 44 44 33 33 44 44 41 44 22 22
0 44 33 41 44 31 32 41 44 44 44 24 22
0 41 32 44 44 33 32 41 44 11 44 24 23
0 41 33 44 42 31 32 41 41 41 42 24 22
0 41 22 41 42 31 22 41 41 44 42 24 33
0 44 32 44 44 33 33 44 44 44 44 24 23
0 41 32 41 44 31 33 41 44 11 42 22 23
0 44 33 44 44 33 33 44 44 44 44 22 22
0 44 22 41 44 31 33 11 41 44 42 24 23
0 41 32 44 44 11 33 41 44 41 42 22 22
0 44 22 41 44 31 22 41 41 11 42 24 23
0 41 33 41 42 31 32 41 41 44 42 22 23
0 41 32 44 42 31 22 41 44 41 42 24 23
0 44 32 41 42 31 32 41 44 41 42 24 22
0 44 32 41 44 31 32 41 41 44 22 24 22
0 44 22 41 42 11 32 11 44 41 22 24 22
0 41 33 41 44 31 33 41 44 41 42 24 23
0 41 33 44 44 31 33 44 44 41 42 22 33
0 44 32 41 44 31 32 44 44 44 44 24 22
0 41 33 11 42 31 22 44 41 11 22 44 23
0 44 33 41 42 11 32 44 44 41 22 24 33
0 44 32 41 42 33 33 41 44 41 22 22 22
0 44 33 44 44 31 33 44 44 41 44 24 23
0 41 33 41 42 31 33 44 41 41 44 24 33
0 44 32 44 42 31 33 41 41 44 22 24 22
0 44 32 44 44 33 33 44 44 41 44 22 23
0 44 32 44 42 31 33 41 44 41 44 44 23
0 41 32 41 44 31 22 41 11 41 42 44 33
0 44 22 41 42 11 22 44 44 41 44 22 33
0 41 22 41 42 11 22 41 41 41 42 44 23
0 41 32 41 44 33 22 41 44 44 44 24 23
0 44 22 41 42 11 32 41 41 41 42 24 33
0 44 32 44 44 33 32 44 44 44 42 24 23
0 41 22 41 42 31 32 41 41 41 42 24 22
0 44 33 44 44 33 33 44 44 44 44 24 23
0 44 22 41 44 31 32 41 11 41 42 24 33
0 41 32 44 42 31 33 41 44 41 42 24 23
0 41 33 41 44 31 32 41 44 44 42 24 23
0 41 32 41 44 31 32 11 11 11 22 24 33
0 41 22 41 22 11 32 44 41 11 44 24 33
0 44 32 44 44 31 22 44 41 44 44 24 23
0 44 32 44 44 31 33 41 44 44 44 22 22
0 44 33 44 44 33 33 44 44 44 44 24 23
0 41 32 11 42 11 32 41 41 41 42 44 23
0 44 33 44 44 33 33 44 44 44 44 22 22
0 41 32 44 44 31 32 41 41 41 42 24 23
0 41 33 41 44 31 32 44 44 41 42 24 33
0 44 32 41 44 31 32 41 41 44 42 24 23
0 41 33 41 42 33 33 41 41 41 42 44 23
0 41 32 41 42 31 32 41 41 41 42 22 23
0 44 33 44 44 33 33 41 44 44 44 22 22
0 11 32 41 42 11 32 41 41 44 22 24 33
0 44 33 44 44 33 32 44 41 44 44 24 23
0 44 33 44 44 33 33 44 44 44 44 22 22
0 44 22 44 44 31 22 41 41 41 42 22 23
0 41 32 44 42 31 22 41 44 41 42 22 22
0 44 22 44 44 31 33 41 44 44 42 22 23
0 44 32 41 44 33 32 44 44 11 42 24 33
0 44 32 41 42 31 32 41 41 11 42 24 23
0 44 32 44 44 31 33 41 41 41 42 24 22
0 41 32 44 44 31 32 44 44 41 44 24 23
0 44 32 44 44 33 33 44 44 44 42 22 23
0 44 33 44 44 33 33 41 44 44 44 22 22
0 41 32 41 44 31 32 11 11 41 42 24 33
0 44 32 44 42 31 32 41 41 44 42 22 22
0 44 33 44 44 31 32 41 44 44 44 24 22
0 44 33 44 42 33 33 44 44 41 42 22 33
0 44 32 44 44 33 33 44 44 44 44 22 22
0 44 32 44 44 33 22 44 44 44 42 24 33
0 44 32 41 44 11 33 44 41 44 44 24 22
0 41 32 41 42 11 22 11 11 41 22 22 33
0 41 32 41 42 31 32 41 44 41 44 24 33
0 44 32 44 44 33 33 41 41 44 44 22 22
0 41 32 41 44 31 32 11 44 44 44 44 23
0 44 32 44 42 31 33 44 44 44 44 22 23
0 44 33 44 44 11 33 44 44 41 44 22 23
0 44 33 44 44 33 33 44 44 44 42 22 22
0 41 33 44 44 33 33 44 44 44 44 22 22
0 44 33 44 44 33 33 44 44 44 44 22 22
0 44 32 44 44 33 33 44 44 44 44 22 22
0 41 32 44 44 31 22 44 44 44 42 24 23
0 41 22 41 42 11 22 41 41 41 42 44 33
0 41 22 11 42 11 22 44 41 11 44 24 33
0 44 33 41 42 31 32 44 41 41 44 24 33
0 41 32 44 44 33 22 44 44 44 42 24 33
0 44 32 44 44 31 32 41 41 44 42 44 23
0 44 33 41 44 11 33 41 41 41 42 24 23
0 44 33 44 44 33 32 44 44 44 42 22 22
0 44 32 41 42 33 32 44 44 41 44 24 23
0 44 32 41 42 11 33 11 44 41 22 44 33
0 41 22 41 42 31 22 41 41 41 42 24 33
0 44 33 44 44 31 33 44 44 41 44 24 22
0 44 33 44 44 33 32 44 44 44 44 22 23
0 44 33 44 44 33 32 44 44 44 44 22 23
0 44 33 44 44 33 32 44 44 44 44 22 22
0 44 32 41 44 31 32 41 41 44 42 24 23
0 44 22 41 42 33 32 41 41 44 42 22 23
0 41 32 41 44 31 33 44 41 44 42 22 23
0 44 32 44 44 31 33 44 44 41 42 44 23
0 44 33 41 44 31 33 44 44 44 44 22 22
0 44 33 44 44 33 32 44 44 44 42 22 22
0 44 33 44 44 33 33 44 44 41 44 22 22
0 44 33 44 44 33 33 44 44 44 42 22 22
0 41 32 41 22 11 32 41 11 41 22 44 33
0 44 33 41 44 31 32 44 44 44 44 24 23
0 44 33 44 44 31 32 44 41 44 44 24 22
0 44 22 41 42 31 33 44 44 41 42 24 23
0 44 32 44 44 33 33 41 44 44 42 24 22
0 44 32 44 44 31 32 44 44 44 22 22 23
0 44 33 44 44 33 33 44 44 44 44 22 22
0 44 32 44 44 31 32 41 44 41 44 22 23
0 41 33 41 42 31 32 41 41 41 42 24 23
0 41 33 44 44 33 33 41 44 44 44 22 22
0 41 33 44 44 33 33 41 44 41 44 22 22
0 44 22 11 42 11 32 44 41 41 42 44 33
0 41 32 41 42 31 22 41 41 11 22 44 33
0 44 32 41 44 31 22 44 44 44 42 44 23
0 44 33 41 44 33 33 44 41 44 42 44 23
0 41 33 44 44 33 32 41 41 41 22 44 23
0 41 32 44 44 33 32 11 44 41 42 24 33
0 44 32 44 44 31 33 44 44 41 42 22 23
0 41 32 44 44 31 22 41 44 41 42 22 23
0 44 22 41 42 31 22 44 11 11 44 44 22
0 44 32 44 44 11 32 41 44 41 42 24 23
0 41 33 41 42 31 33 41 41 44 42 22 23
0 44 32 44 44 33 32 41 44 44 42 22 22
0 44 33 41 44 31 33 44 44 41 42 24 22
0 44 33 44 44 31 32 44 41 44 44 22 23
0 44 33 44 44 33 33 44 44 44 44 22 22
0 44 33 44 44 33 33 44 44 44 44 22 23
0 41 22 41 42 11 32 41 41 41 22 22 33
0 41 22 41 44 11 32 11 11 41 22 24 23
0 44 33 44 44 31 32 44 44 44 44 24 23
0 41 33 41 42 33 32 44 44 41 42 22 23
0 41 22 41 22 11 22 11 11 11 22 44 33
0 41 33 44 44 33 22 41 41 44 44 22 23
0 44 32 41 44 33 32 44 44 41 42 24 22
0 44 32 44 44 31 33 41 44 41 42 24 23
0 44 32 44 44 31 33 41 44 44 42 22 22
0 44 33 44 44 33 33 44 44 44 44 22 22
0 41 32 44 42 31 33 41 41 41 44 22 23
0 41 32 41 42 31 32 41 41 41 42 24 23
0 44 33 41 44 33 33 44 44 41 42 24 23
0 44 33 41 44 33 33 44 44 44 44 22 23
0 44 32 41 44 11 32 44 44 41 42 22 23
0 44 32 41 44 31 32 44 41 41 42 24 23
0 41 33 44 44 33 32 44 44 44 22 24 22
0 44 32 44 44 33 33 44 44 44 44 22 23
0 44 33 11 44 33 33 41 41 44 42 22 23
0 44 32 44 44 33 33 44 44 41 42 24 23
0 44 33 44 44 31 33 44 44 44 42 24 33
0 44 32 41 44 11 32 41 44 11 42 44 33
0 41 33 44 44 33 33 44 11 11 44 24 23
0 44 33 44 44 33 33 44 44 44 44 22 22
0 44 33 44 44 31 33 44 44 44 44 22 22
0 44 32 41 42 31 32 44 41 41 44 24 23
0 11 32 41 42 31 22 41 41 11 42 24 33
0 44 32 41 42 31 22 41 11 44 22 24 23
0 44 32 44 44 33 22 41 44 44 44 24 23
0 41 32 41 44 11 33 41 44 41 42 24 33
0 44 32 44 44 31 33 41 44 41 42 22 23
0 44 32 41 44 33 33 41 44 41 42 24 33
0 44 33 44 42 33 33 44 44 44 42 22 23
0 44 33 44 44 33 33 44 44 44 44 22 22
0 44 33 44 44 31 32 41 44 41 22 24 33
0 44 32 44 44 31 33 44 44 44 44 22 23
0 44 33 41 44 31 32 44 44 44 42 44 33
0 44 33 44 44 33 33 44 44 44 44 22 23
0 44 32 44 44 31 33 44 44 41 44 44 23
0 44 33 44 44 33 33 44 44 44 44 22 23
0 44 32 44 44 31 32 41 44 44 44 22 23
0 44 32 41 42 31 32 41 41 41 44 24 23
0 44 33 44 44 33 33 44 44 44 44 22 23
0 44 33 41 44 31 33 41 44 41 42 24 23
0 44 33 44 44 33 33 44 44 44 44 22 22
0 44 32 41 44 31 33 44 44 44 44 22 22
0 44 33 44 44 33 33 44 44 44 44 24 22
0 44 33 41 42 31 33 41 44 41 42 44 23
0 41 32 44 42 31 32 41 41 41 42 24 23
0 44 33 41 44 11 33 41 44 41 44 24 23
0 44 33 41 44 31 33 44 44 44 44 22 22
0 44 33 44 44 33 33 44 44 44 44 22 22
0 44 32 11 42 31 32 41 41 11 42 44 33
0 41 32 41 44 31 22 11 44 41 42 44 23
0 41 32 11 22 11 22 41 41 11 42 24 23
0 44 32 41 42 31 32 41 41 41 42 24 23
0 44 32 44 22 31 32 44 44 41 42 24 23
0 44 32 41 44 33 33 44 44 41 42 22 22
0 44 22 41 42 31 33 44 44 41 42 24 33
0 44 32 44 44 33 33 41 44 41 42 22 22
0 44 33 44 44 33 33 41 44 44 44 22 22
0 44 22 44 44 33 33 44 44 44 44 22 22
0 44 32 41 42 31 32 41 44 41 42 24 23
0 41 33 44 44 31 33 44 44 41 42 24 23
0 41 32 41 44 11 32 41 44 41 44 24 23
0 44 32 44 44 11 32 44 41 11 22 24 33
0 44 33 44 42 11 32 41 44 41 44 24 23
0 44 32 44 44 11 32 41 41 11 42 24 33
0 44 33 41 42 31 32 41 41 41 44 24 33
0 44 33 44 44 33 33 44 44 44 44 22 22
0 44 32 44 44 31 32 41 44 44 42 24 23
0 44 33 41 44 31 33 44 44 44 44 22 33
0 44 32 44 44 31 32 41 44 44 42 24 23
0 44 33 41 44 31 33 44 44 41 44 24 23
0 44 33 44 44 33 32 44 44 11 44 22 22
0 44 33 44 44 31 33 44 44 44 44 22 22
0 44 32 44 42 31 32 44 41 41 42 24 23
0 44 33 44 44 33 32 41 44 41 44 22 23
0 44 33 44 44 33 33 41 44 41 44 24 23
0 44 22 11 42 11 32 11 11 11 22 24 33
0 41 32 41 44 31 33 44 41 41 42 24 23
0 41 32 41 42 31 32 44 41 41 22 24 23
0 44 33 41 42 33 33 44 44 44 44 22 23
0 41 22 41 42 11 22 11 41 41 42 24 33
0 44 32 44 42 31 33 44 44 44 42 22 23
0 44 22 41 44 31 32 44 44 41 22 22 23
0 44 33 41 44 31 32 41 44 11 42 24 33
0 44 33 44 44 33 33 41 44 44 44 22 22
0 44 33 44 44 31 33 44 44 44 44 22 22
0 44 33 44 44 33 33 44 44 44 42 22 22
0 41 32 41 44 31 32 11 41 44 42 24 23
0 44 32 11 22 31 32 41 44 44 22 44 33
0 41 32 41 42 31 32 41 44 11 42 24 23
0 44 33 44 44 31 32 44 44 44 44 22 22
0 44 32 41 44 31 33 41 44 44 44 24 22
0 44 33 44 44 33 33 44 44 44 44 22 23
0 44 22 41 42 31 33 44 41 11 42 24 33
0 41 32 41 44 31 32 41 41 41 42 22 23
0 44 22 44 42 31 32 41 44 41 42 24 33
0 44 32 11 44 31 33 41 44 41 42 24 23
0 41 33 44 42 33 33 41 44 41 42 22 33
0 44 33 41 44 31 33 41 44 44 42 24 23
0 41 32 41 44 31 32 44 44 41 42 22 23
0 41 22 41 42 31 32 41 41 11 44 24 33
0 44 33 44 44 31 33 44 44 44 44 22 23
0 44 22 41 44 31 22 11 44 11 22 24 33
0 41 32 41 44 31 32 41 41 41 44 22 23
0 44 33 44 44 33 33 44 44 44 44 22 23
0 11 22 41 44 11 22 41 44 11 42 44 33
0 41 33 44 44 33 32 41 41 41 42 24 23
0 44 32 41 44 11 32 11 11 11 44 24 33
0 41 32 11 42 31 32 41 44 11 44 24 23
0 41 32 41 42 31 32 11 41 11 22 44 33
0 44 33 44 44 33 32 44 44 44 44 22 23
0 11 32 11 44 11 32 44 11 11 42 24 33
0 41 32 44 44 31 33 44 41 41 44 22 23
0 44 32 44 44 31 22 41 44 41 44 22 22
0 44 33 44 44 31 33 44 44 44 44 22 23
1 44 32 44 44 33 32 41 44 44 42 22 22
1 44 33 44 44 31 33 41 41 44 42 22 22
1 44 22 11 42 11 32 41 44 41 42 22 23
1 44 22 44 44 31 33 44 41 41 44 22 23
1 44 33 44 44 33 33 44 44 44 44 22 22
1 44 33 44 44 33 33 44 44 44 44 22 22
1 41 32 11 44 31 33 41 44 41 44 22 23
1 44 32 44 42 33 33 41 44 41 42 22 23
1 44 33 41 44 31 32 44 41 41 42 24 23
1 41 32 11 44 11 22 11 44 41 22 44 23
1 44 32 41 42 31 32 41 44 41 42 24 23
1 41 32 41 44 31 33 41 41 41 42 24 23
1 44 33 41 44 33 33 44 41 44 42 22 23
1 44 33 44 44 33 33 44 41 44 44 22 23
1 44 32 44 44 31 32 11 41 44 42 44 33
1 44 32 41 44 11 33 44 44 44 42 24 23
1 44 22 44 44 11 32 44 44 44 44 24 23
1 44 22 44 44 31 32 41 44 44 42 24 22
1 44 32 44 44 33 33 44 44 44 44 22 23
1 44 22 44 44 11 33 41 44 41 44 22 23
1 41 22 41 42 31 33 41 41 44 42 24 23
1 44 33 44 42 33 33 41 41 44 44 24 23
1 44 33 41 44 11 33 44 44 44 42 24 22
1 41 32 41 44 31 32 11 44 41 22 22 23
1 44 32 44 44 11 32 44 44 44 42 44 23
1 41 22 44 44 31 32 41 44 41 42 22 23
1 44 33 44 44 31 33 11 44 41 44 24 22
1 44 33 44 42 31 33 44 44 44 42 22 23
1 11 32 41 44 11 33 41 41 44 42 24 33
1 44 33 44 44 33 33 41 44 44 42 22 23
1 44 33 44 44 31 32 44 44 41 42 22 33
1 44 32 44 42 31 32 41 44 41 22 44 33
1 44 33 44 44 33 33 44 44 44 44 22 22
1 44 32 44 44 31 33 41 41 41 22 24 22
1 44 33 44 44 31 32 41 44 44 44 24 22
1 41 32 44 44 33 32 41 44 44 42 24 22
1 44 33 44 44 33 33 44 44 44 44 24 22
1 44 32 41 44 31 32 44 41 41 42 24 33
1 41 22 44 42 31 33 44 44 44 44 22 22
1 44 32 44 42 31 32 44 44 11 22 44 33
1 44 32 11 44 31 32 41 41 41 42 24 23
1 44 33 44 44 33 33 44 44 41 44 22 22
1 44 33 41 42 33 22 41 44 44 44 24 22
1 44 33 41 44 33 32 44 44 41 44 22 22
1 41 32 44 44 11 33 41 41 44 42 22 22
1 44 33 44 44 33 32 44 44 44 44 24 22
1 44 33 44 44 31 32 44 44 41 44 22 23
1 44 32 44 44 31 33 44 44 41 42 24 22
1 44 33 41 42 31 32 11 44 44 42 44 23
1 44 32 44 44 11 33 44 44 44 44 22 22
1 41 32 41 42 31 32 44 44 41 42 24 23
1 41 32 44 44 33 22 44 44 44 22 24 23
1 44 33 44 44 33 33 44 44 44 44 22 22
1 44 22 11 44 31 32 44 44 41 42 22 23
1 44 22 41 42 31 22 11 41 41 22 24 33
1 44 32 41 42 31 32 11 44 41 42 24 23
1 44 33 41 44 33 32 44 44 41 42 22 22
1 44 32 44 44 31 32 44 44 44 42 22 23
1 44 22 41 22 11 22 11 11 41 44 24 33
1 44 33 44 44 33 32 44 44 44 44 22 22
1 44 33 44 44 33 33 44 44 44 44 22 23
1 44 32 44 44 31 33 44 41 44 42 22 23
1 44 32 41 44 31 32 41 44 41 44 24 23
1 44 32 44 44 33 33 44 44 44 44 22 22
1 44 32 41 44 33 33 41 44 44 44 24 23
1 44 32 41 44 31 33 44 44 41 44 22 22
1 44 33 44 44 31 32 44 44 41 42 22 23
1 44 32 41 42 11 32 41 41 44 22 24 23
1 44 33 44 44 33 33 44 44 44 44 22 22
1 44 33 44 44 33 33 44 44 44 44 22 22
1 41 22 41 42 11 32 41 41 11 42 44 33
1 41 32 44 44 11 32 44 44 41 22 24 33
1 41 22 41 44 31 32 41 11 41 22 24 33
1 44 33 44 44 33 33 44 44 44 44 22 22
1 44 33 44 44 33 33 44 41 44 44 22 22
1 44 33 41 44 11 33 44 11 44 42 24 33
1 44 22 41 44 11 33 44 44 41 22 24 23
1 44 33 44 44 33 33 44 41 41 44 22 23
1 41 22 41 44 33 32 41 44 11 42 24 23
1 41 32 41 22 11 22 41 41 11 22 24 33
1 44 33 41 44 33 33 11 44 41 44 24 22
1 44 32 41 44 31 33 41 41 41 42 22 23
1 41 32 41 42 11 32 41 41 41 22 24 23
1 44 33 44 42 31 33 11 44 41 44 22 22
1 44 33 44 44 11 33 44 44 44 44 22 22
1 44 33 44 44 33 33 44 44 44 44 22 22
1 41 32 41 42 11 22 11 41 41 42 44 33
1 44 33 44 44 33 32 41 41 41 44 24 22
1 44 32 44 44 31 32 44 44 41 44 22 23
1 44 22 41 44 33 22 44 44 44 44 24 33
1 44 33 41 42 31 32 41 41 44 42 44 23
1 44 22 44 22 11 22 41 41 41 22 22 33
1 44 32 44 44 31 32 44 44 44 42 22 33
1 41 22 11 42 11 32 11 41 11 44 44 33
1 11 33 44 42 31 32 41 41 11 44 24 23
1 41 33 11 42 31 32 41 44 41 42 22 22
1 44 22 44 42 31 32 41 41 41 44 44 23
1 44 32 41 42 31 33 41 41 44 42 24 23
1 44 33 41 44 33 33 41 41 44 44 22 23
1 41 32 41 42 33 33 41 44 41 44 24 22
1 44 32 41 44 31 32 41 44 41 42 22 23
1 44 22 44 44 31 33 41 44 11 44 22 23
1 44 33 41 44 31 33 44 44 41 44 22 23
1 44 33 44 44 31 32 44 44 44 44 24 22
1 44 32 41 44 11 32 41 41 41 42 24 23
1 44 33 44 44 33 32 44 44 41 44 24 23
1 44 32 11 44 31 33 44 44 44 44 24 23
1 44 33 44 44 33 32 44 44 44 42 22 22
1 44 33 44 44 11 33 44 44 41 44 24 33
1 44 33 44 44 33 32 44 44 41 44 22 23
1 41 33 44 44 33 33 41 44 44 44 22 22
1 44 33 44 44 33 32 41 41 41 42 24 23
1 44 33 44 44 33 33 44 44 44 44 22 22
1 44 33 41 44 31 32 41 44 41 44 22 23
1 44 33 41 44 31 33 41 44 41 44 22 22
1 41 22 41 22 33 33 41 41 41 42 24 33
1 44 33 44 44 33 33 44 44 44 44 22 22
1 44 33 44 44 33 32 44 44 44 42 22 22
1 44 22 44 44 33 33 41 44 11 42 22 23
1 41 33 44 44 33 33 11 44 41 22 22 23
1 41 32 44 44 31 32 41 41 44 42 24 23
1 44 33 44 44 33 33 44 44 44 44 22 22
1 44 32 41 44 31 22 44 41 41 44 24 23
1 41 22 44 42 33 22 11 11 11 42 22 33
1 44 33 44 44 33 33 44 44 41 44 22 22
1 41 32 44 44 11 33 41 41 11 42 24 33
1 44 22 41 42 31 32 11 41 41 42 44 33
1 44 33 44 44 33 33 44 41 44 42 24 23
1 44 32 44 44 33 33 41 44 44 42 22 23
1 44 22 44 44 31 32 41 41 41 44 24 23
1 44 32 44 42 11 32 11 44 41 44 24 22
1 44 33 44 44 31 32 44 44 44 44 22 22
1 44 22 41 44 11 33 41 11 41 44 22 23
1 11 32 41 44 11 22 11 11 11 22 44 33
1 44 32 41 42 31 32 44 44 41 42 24 23
1 41 32 44 42 11 32 41 41 11 22 44 23
1 44 33 41 44 31 33 41 44 41 42 22 23
1 44 33 44 44 33 33 44 44 44 44 22 22
1 44 22 41 44 33 33 41 41 44 42 22 23
1 44 33 44 44 31 32 44 44 44 44 22 22
1 41 33 41 44 31 32 41 41 44 44 22 22
1 44 32 41 44 33 33 44 44 44 42 22 23
1 44 32 44 44 31 22 44 44 41 44 24 22
1 44 32 44 44 33 32 41 44 41 42 24 23
1 44 32 41 44 31 32 41 41 41 42 22 23
1 11 22 11 44 31 32 41 11 11 44 44 23
1 44 33 44 44 31 32 44 41 44 42 22 22
1 44 22 41 42 11 22 41 41 11 44 44 23
1 44 32 41 44 31 32 44 44 41 44 22 23
1 44 32 41 44 31 32 41 41 41 42 24 23
1 41 22 41 44 31 33 41 44 44 44 24 33
1 44 32 41 42 11 22 41 41 44 44 24 33
1 41 32 11 42 31 32 41 44 11 42 44 23
1 44 32 41 44 31 33 41 44 41 44 22 23
1 41 22 41 42 11 22 44 41 11 42 44 33
1 44 33 44 44 33 33 44 44 44 44 22 22
1 41 32 41 42 31 32 41 41 11 42 24 23
1 44 33 44 44 31 32 41 44 44 44 22 23
1 44 32 44 44 31 33 44 44 44 44 22 23
1 44 33 44 44 33 32 44 44 44 44 22 22
1 41 32 11 44 11 22 41 41 11 42 24 33
1 44 33 44 44 33 33 44 41 44 44 24 22
1 44 33 44 44 31 32 41 44 41 22 24 33
1 41 32 41 42 31 32 41 41 41 42 22 23
1 44 32 44 44 33 33 44 44 44 44 22 22
1 44 32 44 44 31 32 44 41 44 42 24 23
1 41 33 44 42 11 32 41 41 44 44 24 23
1 44 32 44 44 33 33 41 44 44 44 22 23
1 41 22 44 22 31 22 41 41 11 22 44 33
1 44 33 44 44 33 33 44 44 41 44 22 22
1 44 33 44 44 31 33 41 44 11 44 22 22
1 41 33 41 42 31 32 41 41 11 42 22 22
1 44 33 44 44 31 33 44 44 44 44 22 22
1 41 32 44 44 31 22 44 44 41 42 44 23
1 41 32 44 42 31 33 41 44 44 42 22 22
1 44 32 41 44 31 22 11 41 41 44 24 23
1 41 33 41 44 31 22 41 11 11 22 24 33
1 44 33 44 44 31 32 41 44 44 44 24 22
1 44 22 11 44 11 32 11 41 11 22 44 33
1 41 32 41 42 31 32 41 41 41 42 24 23
1 44 32 44 42 31 33 44 44 41 44 24 33
1 44 32 41 44 33 33 44 44 44 42 24 22
1 44 22 41 42 33 22 44 41 11 42 24 33
1 44 22 44 44 11 33 41 44 44 44 22 23
1 44 32 41 44 31 32 44 44 44 44 22 22
1 44 33 44 44 33 33 44 44 44 42 22 22
1 41 32 11 22 31 32 41 41 41 42 24 33
1 44 32 44 44 31 33 44 44 41 42 24 33
1 44 33 44 44 31 33 44 44 44 42 22 23
1 41 32 41 42 11 33 11 44 41 22 24 33
1 44 32 41 44 33 33 41 44 41 44 22 22
1 41 32 41 44 33 33 41 44 41 42 24 22
1 44 22 44 44 33 32 44 44 41 44 22 23
1 44 22 44 42 11 32 41 44 44 44 22 23
1 44 32 44 44 33 33 44 44 41 44 22 23
1 41 22 11 44 31 22 11 44 41 42 44 33
1 44 33 41 42 31 33 44 44 44 44 22 23
1 44 33 44 44 33 33 44 44 41 44 24 22
1 44 32 44 44 33 33 44 44 44 44 22 23
1 44 33 44 44 31 33 41 44 44 42 22 22
1 44 33 44 42 33 33 41 44 44 44 22 22
1 44 33 44 42 31 33 41 41 44 42 24 23
1 41 22 11 22 11 32 11 11 11 42 44 23
1 41 32 41 42 31 32 41 41 41 42 24 23
1 41 22 41 44 31 22 41 41 11 42 24 33
1 44 22 44 44 31 33 44 44 44 44 22 23
1 41 22 44 44 11 32 41 44 44 44 24 33
1 44 33 44 44 33 33 44 44 44 44 22 22
1 11 22 11 42 11 22 11 11 11 22 44 33
1 44 33 44 42 31 32 41 44 41 42 24 23
1 41 22 41 44 11 32 41 44 11 22 22 23
1 41 22 41 42 33 22 41 41 11 42 24 33
1 41 32 44 42 31 32 41 41 44 42 22 23
1 41 33 41 42 31 32 44 44 41 44 24 23
1 44 33 41 42 31 32 44 44 11 42 22 23
1 41 22 41 44 33 32 11 44 44 44 22 22
1 44 32 41 44 31 32 44 44 41 44 22 23
1 44 32 44 22 11 32 41 44 41 42 24 23
1 44 32 41 42 31 32 41 41 41 42 24 23
1 44 32 44 44 33 33 44 41 44 44 22 23
1 44 32 41 42 31 33 41 41 41 42 24 33
1 41 32 41 44 11 22 41 44 41 42 44 33
1 41 33 44 44 33 33 44 44 44 44 22 23
1 41 32 11 42 11 33 44 44 41 42 24 22
1 44 32 44 42 31 32 41 44 11 42 24 22
1 44 22 44 44 11 33 41 41 41 22 44 23
1 44 32 41 44 31 32 41 44 44 44 44 23
1 44 32 44 44 33 33 44 44 44 44 22 22
1 44 33 44 44 31 33 44 44 44 44 22 23
1 44 33 44 42 33 32 41 44 41 42 22 22
1 44 32 44 44 31 32 41 44 44 44 24 23
1 44 33 44 44 31 33 44 44 44 44 22 22
1 44 33 44 44 31 33 44 44 41 44 22 22
1 44 33 44 44 33 33 41 44 41 42 22 22
1 44 33 44 44 31 33 44 44 44 44 22 22
1 44 33 44 44 33 33 44 41 44 44 22 23
1 44 33 41 44 31 33 44 44 41 44 24 22
1 44 33 44 44 33 32 41 44 41 44 22 23
1 44 22 41 44 31 22 11 44 41 42 24 33
1 44 32 44 44 31 33 44 44 41 44 22 22
1 44 33 44 44 33 33 41 44 44 44 22 22
1 44 32 44 44 33 32 44 44 44 44 22 23
1 41 32 41 44 31 32 41 44 41 42 24 23
1 44 33 44 44 33 33 44 44 44 44 22 22
1 44 33 44 44 33 33 44 44 44 44 22 22
1 44 33 44 44 33 33 44 44 44 44 22 23
1 44 32 11 44 31 33 41 41 41 42 24 23
1 41 33 44 44 33 33 44 44 44 44 24 23
1 41 32 11 42 33 32 41 41 41 42 24 23
1 44 32 44 42 31 33 44 44 44 44 22 33
1 44 33 44 44 33 33 44 44 44 44 24 22
1 44 32 44 44 33 33 44 44 44 44 24 23
1 44 22 44 44 11 32 11 41 41 22 24 33
1 44 33 44 44 31 33 44 44 44 44 22 22
1 44 33 44 44 33 33 44 44 41 44 22 22
1 41 22 41 44 11 32 41 41 11 44 24 22
1 41 33 44 42 31 33 44 44 44 42 44 22
1 44 33 44 44 11 33 44 44 44 44 24 22
1 44 32 44 44 33 33 44 44 41 44 24 23
1 44 22 44 44 31 33 44 44 44 44 22 22
1 44 32 11 42 11 33 11 44 11 22 44 33
1 44 33 41 42 33 32 44 44 41 44 22 22
1 44 33 44 44 33 33 44 44 44 44 22 22
1 44 33 44 44 33 33 44 44 44 44 22 23
1 44 32 44 42 33 33 11 44 44 42 22 22
1 44 32 41 22 33 22 11 41 41 42 24 33
1 44 22 41 44 11 32 41 44 44 42 22 22
1 44 33 44 42 31 32 41 44 44 42 22 22
1 44 33 41 42 31 33 41 44 41 42 24 23
1 44 22 41 44 31 32 44 41 11 44 22 23
1 44 32 44 42 11 32 44 44 44 44 22 22
1 41 32 44 44 31 32 11 41 11 42 24 23
1 41 32 44 44 33 33 44 41 41 22 22 22
1 44 32 41 44 31 22 41 11 11 22 24 22
1 44 22 11 42 31 22 11 41 41 22 24 33
1 44 32 41 44 31 32 41 41 44 42 22 23
1 41 22 41 22 31 22 41 44 41 42 44 33
1 44 33 44 44 31 33 44 44 44 42 22 22
1 44 22 41 44 31 22 44 41 44 42 22 23
1 44 32 44 42 33 32 41 41 41 42 24 23
1 44 22 41 42 31 32 41 44 44 44 24 23
1 44 22 44 42 33 32 44 44 41 44 22 23
1 41 33 41 44 31 33 41 44 41 42 22 22
1 44 32 41 42 31 22 41 41 41 44 24 23
1 44 33 44 44 33 33 44 44 41 42 22 23
1 44 32 41 44 33 33 41 44 44 44 24 23
1 44 33 41 42 31 32 41 44 44 22 24 22
1 44 22 11 44 31 22 41 41 41 42 44 22
1 44 32 44 44 31 32 11 44 41 42 24 23
1 44 33 41 44 33 33 41 44 44 44 24 23
1 44 22 44 44 33 32 44 44 41 42 24 23
1 44 32 41 44 31 32 41 41 41 22 22 33
1 44 33 41 44 31 33 44 41 44 42 24 23
1 44 33 44 44 33 33 41 44 44 42 22 22
1 44 33 44 44 33 33 44 44 41 44 22 22
1 44 33 44 44 33 33 44 44 44 44 22 22
1 44 22 41 42 11 32 41 44 44 44 22 23
1 44 33 44 44 31 33 44 44 44 44 22 23
1 41 32 44 44 31 33 41 44 41 42 24 23
1 44 32 11 42 31 22 11 41 11 22 44 33
1 41 32 41 44 31 32 41 11 44 44 24 33
1 44 33 44 44 33 33 44 44 41 44 24 22
1 41 32 41 44 11 32 44 44 44 44 24 33
1 44 32 44 44 31 33 44 44 44 44 22 22
1 44 32 44 44 33 32 44 41 41 42 24 23
1 44 32 44 44 31 32 44 44 41 44 24 22
1 41 33 41 44 11 32 44 44 44 44 22 22
1 44 33 41 44 33 33 41 41 44 44 22 22
1 44 33 44 44 33 22 44 44 41 44 24 23
1 44 33 44 44 33 33 41 44 44 44 22 23
1 44 32 44 44 31 33 44 44 44 44 22 22
1 44 33 44 44 33 33 41 44 44 44 22 23
1 44 32 44 44 33 33 44 44 44 42 24 23
1 44 33 44 44 31 33 44 41 44 44 24 22
1 44 33 44 44 31 33 44 44 44 42 24 23
1 44 32 41 44 11 32 11 44 41 42 24 23
1 11 32 11 42 11 32 41 44 11 44 44 33
1 44 32 44 44 31 32 41 44 44 44 24 23
1 44 32 41 44 33 32 41 44 11 42 24 23
1 41 32 44 44 11 32 44 44 44 44 22 33
1 44 32 44 44 33 33 44 41 44 44 22 33
1 44 32 44 44 31 33 44 44 44 44 22 23
1 44 32 44 42 31 32 41 41 44 42 24 23
1 44 33 44 44 33 33 41 44 44 44 22 23
1 44 32 41 44 31 33 41 44 41 22 24 23
1 44 32 44 44 31 33 41 44 44 44 22 22
1 44 33 41 44 11 22 41 11 41 42 44 22
1 11 22 41 22 11 32 44 44 41 22 24 23
1 44 33 44 44 31 32 44 44 44 44 22 22
1 44 32 44 44 31 33 41 41 41 22 22 23
1 44 33 44 44 31 33 44 41 44 42 22 23
1 44 32 44 44 31 33 44 44 41 42 22 22
1 44 33 44 42 31 32 44 41 41 44 24 33
1 44 32 44 44 31 22 44 41 44 42 24 23
1 44 33 41 44 31 33 41 41 44 42 44 23
1 44 33 44 44 33 33 44 44 44 44 24 22
1 44 22 41 42 31 32 44 41 41 44 24 23
1 41 32 41 44 33 32 44 41 41 44 44 33
1 44 33 44 44 33 33 41 44 44 42 24 23
1 44 32 44 44 33 32 44 41 41 42 24 23
1 44 33 44 44 31 33 41 44 44 42 22 23
1 44 33 44 44 33 33 44 44 44 44 22 23
1 44 32 41 22 33 32 41 44 44 22 24 33
1 41 22 44 44 11 22 41 41 11 42 44 33
1 44 33 44 42 33 32 41 44 41 42 22 22
1 44 32 41 44 11 32 41 44 41 44 24 22
1 44 22 41 44 11 33 41 41 44 22 44 23
1 41 32 41 42 11 22 41 41 11 22 44 23
1 44 33 44 44 33 33 44 44 44 44 22 22
1 44 33 44 42 33 33 44 41 44 44 24 23
1 44 32 44 44 33 32 44 44 44 44 22 22
1 44 32 44 44 33 32 44 44 44 44 24 23
1 44 32 41 42 33 32 41 41 41 44 24 23
1 44 32 44 44 33 33 41 44 41 42 24 33
1 11 22 44 42 11 22 41 41 11 22 44 23
1 41 32 41 42 31 33 44 41 41 42 24 22
1 41 33 44 42 31 32 44 44 41 42 24 23
1 44 33 44 44 33 33 44 44 44 44 22 22
1 11 22 11 42 11 22 11 41 41 22 24 23
1 44 33 44 42 33 32 44 44 41 42 22 22
1 44 33 41 44 33 32 44 44 41 44 22 22
1 44 32 41 44 31 32 41 41 41 42 22 22
1 41 32 41 42 33 33 41 11 41 42 24 33
1 44 33 41 44 31 32 44 44 44 44 22 22
1 41 22 41 44 31 32 41 41 41 22 44 33
1 44 33 44 42 31 33 44 44 41 42 22 22
1 41 32 44 44 11 22 41 44 41 44 44 22
1 41 32 44 44 33 32 44 44 44 42 24 23
1 41 32 44 44 33 32 41 44 41 42 22 23
1 44 33 44 44 11 32 44 44 44 42 24 22
1 44 22 44 44 11 22 44 44 41 44 22 23
1 44 33 44 44 31 33 44 44 41 44 24 22
1 44 32 44 44 31 33 41 41 44 44 22 22
1 41 22 41 42 11 32 44 44 41 44 22 23
1 41 32 11 44 11 32 11 44 41 22 24 33
1 44 33 44 44 31 32 44 44 44 44 22 33
1 44 33 44 44 33 33 44 44 44 44 22 22
1 44 32 44 44 33 33 41 41 41 44 22 23
1 44 32 41 42 31 32 11 41 44 42 44 23
1 41 32 41 44 31 32 41 44 11 44 44 23
1 44 32 44 44 33 33 41 44 44 44 22 22
1 44 32 41 44 33 22 41 41 41 22 24 23
1 41 32 44 42 33 32 44 44 41 44 22 23
1 41 32 44 42 31 22 41 11 11 42 22 22
1 44 32 41 42 11 32 41 41 41 42 24 23
1 41 22 41 44 33 32 11 44 11 22 24 33
1 41 22 44 44 33 33 41 44 44 22 24 23
1 44 33 44 44 33 33 44 44 41 44 22 22
1 41 32 41 42 31 32 41 41 41 42 24 23
1 44 32 41 44 11 32 41 11 41 42 24 23
1 41 32 44 44 31 32 44 44 44 44 24 22
1 44 33 44 44 33 32 41 44 41 44 24 23
1 41 22 41 42 31 32 11 44 11 22 24 22
1 41 32 41 44 31 32 11 44 11 44 22 23
1 41 32 41 42 31 32 41 44 41 42 22 23
1 44 32 41 44 31 22 41 44 44 44 22 23
1 44 32 41 44 31 33 44 44 44 42 24 33
1 44 32 44 44 31 33 44 41 44 44 22 22
1 41 33 44 44 33 33 44 44 44 44 24 23
1 44 32 44 44 31 32 41 41 41 44 24 22
1 44 33 44 44 33 33 44 44 44 44 24 22
1 41 33 41 42 31 22 11 41 41 22 22 33
1 41 33 41 42 33 32 41 44 11 42 24 23
1 44 33 44 44 33 33 44 44 44 44 22 22
1 44 32 44 44 33 33 44 44 44 44 22 22
1 41 22 11 42 31 22 11 41 41 22 24 23
1 44 33 41 44 33 33 44 44 44 44 24 23
1 41 32 41 42 11 22 11 44 11 22 44 33
1 44 32 44 44 33 33 44 44 11 42 22 33
1 41 22 44 44 11 32 41 11 11 22 44 33
1 44 33 11 42 31 33 41 11 44 44 44 33
1 44 33 44 44 31 33 41 44 44 42 22 22
1 44 32 41 44 31 22 41 41 11 42 24 33
1 44 32 11 22 11 22 11 11 44 22 44 33
1 44 33 44 44 33 32 41 44 41 44 24 22
1 44 32 41 44 11 33 41 44 44 44 22 23
1 41 22 41 22 11 22 11 11 11 22 24 23
1 44 32 44 44 33 33 44 44 44 44 22 22
1 44 32 44 44 31 33 44 44 41 42 22 23
1 44 22 41 42 31 32 44 41 41 22 24 33
1 41 32 41 42 31 32 41 41 41 42 24 23
1 44 22 44 42 31 33 44 44 41 22 22 22
1 44 33 44 44 33 32 44 44 44 44 22 22
1 44 32 44 44 33 33 44 44 41 44 24 23
1 44 32 41 44 33 33 41 44 44 44 24 23
1 44 33 44 44 33 32 44 44 41 42 24 23
1 41 22 41 22 11 22 44 44 41 42 24 33
1 44 33 44 42 31 22 44 44 41 44 24 23
1 44 33 44 44 33 33 44 44 41 44 22 22
1 41 32 44 42 11 32 11 11 41 42 24 23
1 44 33 44 44 11 33 41 44 44 44 22 23
1 44 33 44 44 33 32 44 44 44 42 44 23
1 41 32 41 44 31 32 41 44 44 42 24 23
1 44 22 41 22 11 32 41 41 41 22 44 33
1 44 33 44 44 31 33 44 44 41 42 22 23
1 41 22 41 42 11 32 41 41 11 22 24 23
1 41 32 44 44 31 33 44 44 44 44 22 22
1 11 32 44 44 31 33 11 41 41 22 24 33
1 11 32 41 42 11 22 41 44 11 42 44 23
1 44 32 44 44 33 33 44 44 44 44 22 23
1 44 33 44 44 31 32 44 41 44 44 22 23
1 44 22 41 42 11 33 41 41 41 22 24 23
1 44 33 41 44 33 33 44 44 11 44 24 33
1 44 32 44 44 31 32 44 41 44 44 22 33
1 44 32 41 44 31 33 41 44 41 44 22 23
1 44 33 44 42 31 33 41 44 41 42 44 23
1 44 32 41 44 31 33 11 41 44 42 22 22
1 44 32 41 44 33 33 41 44 44 44 22 23
1 41 32 41 42 31 32 41 11 11 42 44 33
1 41 32 41 42 31 32 41 41 41 22 44 33
1 44 32 41 44 31 32 41 44 41 42 22 23
1 44 33 44 42 31 32 44 41 41 22 24 23
1 44 33 44 44 33 32 41 41 44 42 22 23
1 44 22 41 44 31 22 41 41 41 22 44 23
1 41 32 41 44 33 33 41 44 11 44 44 33
1 44 32 44 44 31 32 44 44 41 42 24 23
1 44 33 44 44 33 33 44 44 44 44 22 22
1 44 33 44 42 31 33 44 44 41 44 24 23
1 44 33 44 44 11 32 44 44 44 42 22 22
1 44 32 41 42 11 33 41 41 41 44 24 23
1 44 33 44 44 31 33 44 44 41 44 22 23
1 44 32 44 42 31 32 41 41 41 42 24 23
1 41 33 44 44 31 33 41 44 41 44 24 23
1 41 32 44 42 31 32 41 41 41 22 24 22
1 44 32 41 44 31 32 41 44 44 42 24 23
1 44 32 41 44 11 32 44 41 11 22 44 23
1 44 32 41 42 11 32 41 44 41 42 22 33
1 44 33 44 44 33 33 41 41 44 44 22 23
1 41 22 41 44 33 32 41 41 44 42 24 33
1 44 33 44 42 11 22 44 44 41 44 24 22
1 44 33 44 44 33 33 44 44 44 44 22 22
1 41 22 41 42 31 33 41 41 44 22 44 23
1 41 33 44 44 31 33 41 44 44 44 24 23
1 44 33 44 44 33 33 44 44 41 44 22 22
1 44 32 44 44 31 32 41 41 44 42 22 23
1 44 33 41 44 31 33 41 44 44 22 22 23
1 44 32 44 44 31 33 44 44 44 44 22 22
1 41 22 41 44 31 32 44 41 44 42 44 33
1 44 32 41 44 33 33 41 44 41 42 24 22
1 44 33 44 44 33 32 44 44 44 44 22 33
1 44 32 41 44 33 33 41 44 41 44 24 23
1 44 33 41 44 33 32 41 44 41 44 22 23
1 44 33 44 44 33 33 44 44 44 44 22 22
1 41 32 41 44 31 32 41 41 41 42 24 22
1 44 32 41 44 31 33 41 44 44 44 24 23
1 41 22 41 42 31 32 41 11 11 22 44 23
1 44 33 44 44 33 33 44 44 44 44 24 22
1 44 33 44 44 33 33 44 44 44 44 24 22
1 44 33 44 44 33 33 41 44 44 44 24 22
1 41 32 41 42 31 32 41 41 41 42 44 23
1 44 32 44 44 33 33 44 44 44 44 22 22
1 44 32 44 42 31 32 44 44 41 42 24 23
1 41 32 11 44 31 22 44 11 41 22 24 33
1 44 32 41 44 33 32 44 44 44 44 24 23
1 44 33 44 44 33 32 44 44 44 42 22 23
1 41 32 11 44 11 32 11 41 41 42 24 33
1 44 33 44 44 31 33 44 44 44 42 24 23
1 44 33 44 44 33 33 44 44 44 44 22 23
1 44 33 44 44 33 33 44 44 44 44 44 23
1 44 32 41 42 33 32 44 41 41 42 24 23
