 rs6699706 rs2147949 rs1078895 rs4912029 rs7531434 rs6426631 rs6691481 rs7545211 rs6687825 rs12747682 rs912845 rs1570857 rs10492996 rs7537573
0 13 33 14 44 33 33 11 44 11 11 22 11 33 32
0 13 33 11 44 33 33 14 44 11 11 22 11 33 32
0 11 33 11 44 33 33 11 44 14 11 22 11 33 33
0 13 33 14 44 33 33 14 44 11 14 22 11 32 32
0 11 33 11 44 33 32 11 44 11 14 22 11 33 32
0 13 32 14 44 31 32 14 44 14 11 24 13 32 32
0 11 33 11 44 33 33 11 44 14 11 22 11 33 33
0 11 33 14 42 33 33 11 44 11 11 22 11 32 33
0 33 22 14 22 31 22 14 41 44 44 24 13 32 22
0 13 33 14 42 33 33 11 44 14 11 22 11 33 32
0 11 33 11 44 33 33 11 44 11 11 22 11 33 32
0 13 33 44 44 33 32 11 44 11 14 22 11 33 22
0 13 33 11 42 33 32 11 44 14 14 22 13 33 32
0 33 32 14 42 31 32 11 41 14 14 22 11 32 22
0 11 33 11 44 33 33 11 44 14 14 22 11 33 32
0 33 22 44 42 31 22 44 44 11 44 24 11 32 22
0 11 33 11 44 33 32 11 44 11 14 22 11 33 32
0 11 33 11 44 33 33 11 44 11 14 22 11 33 33
0 13 22 14 42 11 22 14 41 14 14 24 13 22 22
0 33 33 11 44 33 32 11 44 14 14 22 11 33 22
0 33 22 44 22 11 22 44 41 44 44 44 13 22 22
0 11 33 11 44 33 33 11 44 14 11 22 11 33 33
0 33 22 44 22 11 22 44 11 44 14 22 13 22 22
0 11 32 14 44 31 32 11 44 14 14 22 11 32 32
0 13 32 14 22 31 32 14 41 14 14 24 13 32 32
0 13 33 14 44 33 33 11 44 11 11 22 11 33 32
0 11 33 11 44 33 33 11 44 11 11 22 11 33 33
0 13 33 11 44 33 33 11 44 11 11 22 11 33 33
0 11 33 11 44 33 33 11 44 11 11 22 11 33 33
0 11 33 11 44 33 33 11 44 11 11 22 11 33 33
0 11 33 14 42 31 32 11 44 11 44 22 11 32 32
0 13 32 14 42 33 32 14 44 14 14 22 11 33 32
0 13 33 14 44 33 32 11 44 11 14 22 11 32 32
0 13 32 14 42 31 32 11 44 14 44 24 11 32 32
0 33 22 14 22 31 32 14 44 44 14 22 11 32 22
0 13 32 14 42 31 32 14 41 14 14 22 11 32 32
0 11 33 11 44 33 33 11 44 11 11 22 11 33 33
0 13 33 11 44 33 33 11 44 11 11 22 13 33 33
0 11 33 11 44 33 33 11 44 11 11 22 11 33 33
0 11 33 11 42 33 33 11 44 11 11 22 11 33 33
0 11 33 14 44 33 33 11 44 11 14 22 11 32 32
0 13 33 14 42 31 33 14 44 14 14 22 13 33 32
0 13 32 14 42 31 22 44 41 14 44 24 13 22 32
0 13 32 44 42 31 32 14 44 14 14 22 13 32 22
0 13 32 14 22 31 22 11 44 44 14 22 13 32 22
0 13 32 14 42 31 32 14 41 14 14 24 13 32 22
0 13 32 14 22 31 32 14 44 11 14 24 11 33 22
0 13 32 14 42 33 32 14 41 14 14 24 13 32 32
0 13 32 14 42 31 32 14 41 11 44 22 13 32 32
0 11 33 11 44 33 33 11 44 11 11 22 11 33 33
0 11 33 11 44 33 33 11 44 11 11 22 11 33 33
0 13 33 14 42 33 32 11 44 14 14 22 11 33 32
0 13 33 11 42 31 32 11 44 11 14 22 11 33 32
0 11 33 11 44 33 33 11 44 11 14 22 11 33 32
0 13 32 14 42 11 32 14 44 11 14 24 13 32 22
0 13 22 14 22 31 32 44 41 14 44 24 13 32 32
0 13 32 14 42 31 32 14 44 14 14 22 11 32 32
0 11 33 11 44 33 33 14 44 14 14 22 11 33 33
0 13 33 14 42 31 32 14 44 14 11 22 11 33 32
0 13 32 14 42 31 32 14 41 14 14 24 11 32 32
0 13 33 14 44 33 32 11 44 14 44 24 11 32 22
0 13 22 11 42 33 33 11 44 14 14 22 11 33 32
0 33 32 11 42 31 32 14 44 11 14 22 11 32 33
0 33 33 14 44 33 32 11 44 11 11 22 11 33 32
0 11 33 11 44 33 33 11 44 11 14 22 11 33 32
0 11 32 11 44 33 33 11 44 11 11 22 11 33 32
0 11 33 11 44 33 33 11 44 14 14 22 11 33 33
0 13 33 14 44 33 32 11 44 14 14 22 11 33 32
0 11 32 11 44 33 33 11 44 11 14 22 11 33 32
0 11 33 11 42 33 33 11 44 11 11 22 11 33 33
0 11 33 11 42 33 33 11 44 11 11 22 11 33 33
0 13 33 14 42 33 32 11 41 11 14 22 11 33 32
0 13 32 14 42 33 32 14 44 14 14 22 11 32 32
0 13 32 14 42 31 32 14 41 14 14 24 13 32 32
0 11 33 11 44 33 33 11 44 11 11 22 11 32 32
0 13 32 14 44 31 32 11 44 14 14 24 13 32 22
0 11 33 14 44 33 33 11 44 11 11 22 11 33 33
0 13 32 11 42 33 32 11 44 11 11 22 11 33 32
0 13 33 11 44 33 33 11 44 11 11 22 11 33 33
0 11 33 11 44 33 33 14 44 14 44 22 11 33 32
0 13 32 14 42 31 33 14 44 11 14 22 13 32 32
0 13 33 14 42 33 32 11 44 14 44 24 13 32 22
0 11 33 11 44 33 33 11 44 11 11 22 11 33 33
0 13 32 14 42 31 32 14 44 14 14 24 13 32 32
0 11 33 11 44 33 33 11 44 11 11 22 11 33 33
0 11 33 11 42 31 32 11 44 11 11 24 11 33 32
0 13 33 14 42 33 32 14 41 11 14 22 13 32 32
0 11 32 11 44 31 32 11 44 14 11 24 11 33 32
0 11 33 11 42 33 33 11 44 11 14 22 11 33 33
0 11 33 11 44 33 33 11 44 11 11 22 11 33 33
0 13 33 11 42 33 32 11 44 11 14 22 11 32 32
0 13 32 14 42 33 32 14 41 14 14 24 11 32 32
0 11 32 14 42 33 33 14 44 11 14 22 11 33 32
0 11 33 11 44 33 33 11 44 11 11 22 11 33 32
0 13 32 14 42 33 32 11 41 14 14 22 11 32 33
0 13 32 14 42 31 32 14 41 14 14 24 13 32 22
0 13 32 14 42 31 32 14 44 14 14 22 13 32 32
0 13 32 14 42 31 32 44 41 14 44 22 13 32 32
0 11 33 11 44 33 33 11 44 11 11 22 11 33 33
0 13 32 14 42 31 33 14 41 14 14 24 13 32 32
0 13 33 11 44 33 33 11 44 14 11 22 11 33 33
0 11 32 11 44 33 33 11 44 11 14 22 11 32 32
0 11 33 11 42 33 32 11 44 11 14 22 11 33 33
0 11 33 11 44 33 32 11 44 11 11 22 11 33 32
0 11 33 11 44 33 33 11 44 11 11 22 11 33 32
0 13 32 14 42 11 22 44 41 14 14 24 13 32 32
0 13 33 11 42 33 33 11 44 14 11 22 11 33 32
0 13 33 14 44 33 32 11 44 11 11 22 11 33 32
0 11 33 11 44 33 32 14 44 11 11 22 11 33 33
0 13 33 11 42 33 32 11 44 14 11 22 11 32 32
0 13 33 44 22 31 22 44 44 11 14 22 13 32 22
0 13 32 14 42 33 32 11 41 11 14 22 13 33 32
0 13 33 14 42 33 33 11 44 11 11 22 11 33 32
0 11 32 11 44 33 32 11 41 14 11 22 11 32 32
0 11 33 14 44 33 33 11 44 11 14 22 11 33 33
0 11 33 11 44 33 33 11 44 11 11 22 11 33 32
0 11 33 11 44 33 32 11 44 11 14 22 11 33 32
0 33 32 44 22 31 32 11 44 14 14 24 11 22 32
0 33 33 14 42 31 32 11 44 14 14 22 11 32 22
0 13 33 11 44 33 32 11 44 14 11 22 11 32 32
0 11 33 11 44 33 33 11 44 11 11 22 11 33 33
0 11 33 14 42 31 32 11 44 11 14 22 11 33 33
0 33 33 44 22 11 32 11 41 44 14 22 11 32 22
0 13 33 11 44 33 33 11 44 11 14 22 11 33 33
0 33 22 44 22 11 22 44 41 44 44 24 13 22 32
0 11 33 11 44 33 33 11 44 11 44 22 11 32 32
0 13 33 11 44 33 32 11 44 11 14 22 11 33 32
0 11 33 11 44 33 33 11 44 11 11 22 11 33 33
0 11 33 11 44 33 33 11 44 11 11 22 11 33 33
0 11 33 14 44 33 33 11 44 11 11 22 11 33 33
0 13 33 11 44 33 33 11 44 11 11 22 11 33 32
0 13 32 14 42 31 32 14 41 14 14 24 13 32 32
0 11 33 14 42 31 32 11 44 11 14 22 11 33 33
0 11 33 14 22 33 32 14 44 11 14 22 13 32 22
0 11 33 11 44 33 33 11 44 11 11 22 11 33 33
0 11 33 14 44 33 33 11 44 11 11 22 11 33 33
0 13 33 11 42 33 32 14 44 14 14 22 13 33 32
0 13 33 11 44 33 32 14 44 11 11 22 11 33 32
0 11 33 11 44 33 33 11 44 11 11 22 11 33 33
0 11 33 11 44 33 33 11 44 11 11 22 11 33 33
0 13 33 11 42 33 32 14 44 11 44 22 13 33 32
0 13 32 11 42 33 32 11 44 14 14 22 11 32 32
0 13 33 14 22 31 32 14 41 11 14 22 13 33 32
0 13 32 14 42 31 32 14 41 11 14 24 11 33 32
0 11 33 11 44 33 33 11 44 11 11 22 11 33 33
0 11 33 14 42 31 32 14 44 14 44 22 11 33 32
0 11 33 11 44 33 33 11 44 11 11 22 11 33 33
0 13 32 14 42 31 32 14 44 14 14 24 13 33 32
0 11 33 14 44 33 32 11 44 14 14 22 11 32 32
0 13 33 14 42 31 32 14 44 14 14 22 11 32 32
0 11 33 11 44 33 33 11 44 11 11 22 11 33 33
0 11 33 11 44 33 33 11 44 11 11 22 11 33 32
0 13 32 44 42 31 32 14 41 14 44 24 13 32 22
0 13 32 14 42 33 33 11 44 11 11 22 11 33 32
0 11 33 11 42 33 32 11 44 11 14 22 11 33 32
0 11 33 11 44 33 33 11 44 11 14 22 11 33 33
0 11 33 11 44 33 33 11 44 11 11 22 11 33 33
0 13 33 44 22 11 32 44 41 44 44 22 11 32 22
0 11 33 11 44 33 33 11 44 11 14 22 11 33 33
0 11 33 11 44 33 33 11 44 11 11 22 11 33 32
0 13 33 11 42 33 32 11 44 14 14 22 11 33 33
0 13 32 14 42 31 32 14 44 11 14 22 11 32 32
0 11 33 11 44 33 33 11 44 14 11 22 11 33 32
0 13 33 14 42 33 32 14 44 14 14 22 11 32 32
0 11 32 11 44 33 33 11 44 11 14 22 11 33 32
0 11 32 11 44 33 32 11 44 14 11 24 11 32 22
0 11 33 11 44 33 33 11 44 11 11 22 11 33 33
0 11 33 11 44 33 33 11 44 11 11 22 11 33 33
0 13 33 11 44 33 33 14 44 11 11 22 11 33 32
0 13 33 14 42 33 32 14 44 11 14 22 11 33 32
0 13 32 14 42 31 32 14 44 11 14 24 13 32 32
0 13 22 14 42 31 22 14 44 14 44 24 13 32 32
0 13 33 14 42 31 33 14 44 14 14 22 11 33 22
0 11 32 14 42 31 32 11 44 11 14 22 11 32 33
0 11 32 14 44 31 33 14 41 14 11 22 11 32 32
0 13 33 14 42 31 32 14 41 14 14 22 13 32 32
0 11 33 11 44 33 33 11 44 11 11 22 11 33 32
0 13 33 11 44 31 32 11 44 14 14 22 11 33 22
0 13 33 14 42 33 32 11 44 14 14 24 11 32 33
0 11 33 14 42 33 32 11 41 14 11 22 11 32 32
0 11 33 11 44 33 33 11 44 11 11 22 11 33 33
0 11 33 14 44 33 33 11 44 11 11 22 11 33 33
0 13 32 11 42 33 22 11 44 14 14 22 11 32 32
0 11 33 11 44 33 32 14 44 14 14 22 11 32 32
0 11 32 11 42 33 33 11 44 14 11 22 11 32 32
0 13 32 14 42 31 32 14 41 14 14 24 13 32 32
0 11 33 11 42 33 33 11 44 11 11 22 11 33 33
0 13 32 14 42 31 32 14 41 14 14 22 13 32 32
0 11 33 11 44 33 33 11 44 11 11 22 11 33 33
0 13 32 14 42 31 32 11 44 44 44 22 13 32 33
0 13 32 14 42 31 32 14 41 14 14 24 11 32 22
0 13 32 44 42 31 22 14 41 14 14 24 11 32 22
0 11 33 11 44 33 33 11 44 11 11 22 11 32 32
0 33 32 14 42 31 32 11 11 44 14 24 11 32 32
0 13 32 14 42 31 32 14 41 14 14 22 11 33 32
0 11 33 11 44 33 33 11 44 11 11 22 11 33 33
0 13 32 14 22 31 32 11 44 14 44 24 11 32 32
0 11 33 14 42 33 32 11 44 14 14 22 11 33 32
0 11 33 11 44 33 32 11 41 11 11 22 13 32 33
0 13 32 14 42 31 32 14 44 14 14 22 13 32 32
0 13 32 14 42 33 33 11 44 14 14 22 13 32 32
0 11 33 11 44 33 33 11 44 11 11 22 11 33 33
0 11 33 11 44 33 32 11 44 14 14 22 11 33 32
0 13 32 11 44 31 32 14 44 14 44 22 11 32 32
0 13 33 14 42 33 32 11 41 14 14 22 11 22 22
0 33 32 11 22 31 32 14 44 44 14 22 11 22 22
0 11 33 11 44 33 32 11 44 11 11 22 11 33 33
0 13 33 14 44 33 33 14 41 11 14 24 11 33 33
0 11 33 11 44 33 33 11 44 11 11 22 11 33 33
0 13 33 14 42 31 33 11 41 11 14 22 11 32 32
0 33 33 14 22 31 22 14 44 14 14 22 11 33 22
0 11 33 11 44 33 33 11 44 11 11 22 11 33 33
0 13 32 44 22 31 22 44 41 44 44 24 11 33 32
0 11 33 11 44 33 33 11 44 11 11 22 11 32 32
0 13 33 14 42 33 33 11 44 11 14 22 11 33 32
0 11 33 11 44 33 33 11 44 14 11 22 11 33 33
0 11 33 11 44 33 33 11 44 11 11 22 11 33 33
0 11 33 11 44 31 32 11 44 14 14 22 13 33 32
0 13 32 14 42 31 32 14 41 14 14 22 13 32 32
0 11 33 11 44 33 33 11 44 11 11 22 11 33 33
0 11 33 11 42 33 33 11 44 11 14 22 11 32 32
0 11 33 11 44 33 33 11 44 11 11 22 11 33 33
0 13 33 11 42 33 33 14 44 14 14 22 11 33 32
0 33 32 44 22 33 32 14 41 14 14 24 13 33 22
0 11 33 11 44 33 33 11 44 11 11 22 11 33 33
0 13 32 14 42 33 32 14 44 11 14 24 11 33 32
0 11 33 11 44 33 33 11 44 11 11 22 11 33 33
0 13 33 14 44 33 32 11 44 11 14 22 11 33 33
0 11 33 11 44 33 33 11 44 11 11 22 11 33 33
0 13 33 14 42 31 33 14 44 11 14 22 11 32 32
0 33 33 14 42 33 32 14 44 14 14 22 13 33 32
0 11 33 11 44 33 32 11 44 14 14 22 11 33 33
0 13 32 14 22 33 22 11 41 44 14 22 11 32 22
0 11 32 14 42 33 33 14 44 14 14 24 11 32 32
0 11 33 11 44 33 33 11 44 11 11 22 11 33 32
0 13 33 11 44 33 33 11 44 11 11 22 11 33 32
0 13 32 14 42 31 32 14 44 14 14 24 11 32 32
0 33 22 44 42 33 33 11 44 44 14 24 11 33 32
0 33 33 14 42 31 22 11 44 14 44 22 13 33 32
0 33 32 44 22 33 32 14 44 14 14 22 13 32 32
0 11 33 11 44 33 32 11 44 11 11 24 11 33 33
0 13 32 14 42 31 32 14 41 11 14 24 11 33 33
0 13 32 14 42 31 32 14 41 14 14 24 13 32 32
0 11 32 14 42 31 33 14 41 14 14 24 11 33 32
0 13 32 14 42 31 32 14 41 14 14 22 11 32 32
0 11 33 11 44 33 33 11 44 11 11 22 11 33 33
0 11 33 11 44 33 32 11 44 11 11 22 11 33 33
0 33 32 44 22 33 22 14 41 44 44 24 13 22 22
0 11 33 11 44 33 33 11 44 11 11 22 11 33 33
0 13 33 11 44 33 33 11 44 11 11 22 11 33 32
0 13 33 11 42 33 33 11 44 11 11 22 11 33 33
0 11 33 11 42 31 33 14 44 11 11 22 11 33 32
0 33 32 14 22 31 22 14 44 44 14 24 11 22 22
0 33 32 11 42 31 32 14 41 11 44 22 11 32 32
0 13 22 44 22 31 22 14 41 44 44 44 33 22 22
0 11 33 14 42 33 32 11 44 14 14 22 11 33 32
0 11 33 44 44 33 33 11 44 11 44 22 13 33 32
0 13 33 14 22 33 32 11 44 11 44 22 11 33 22
0 13 33 11 22 33 32 14 41 11 14 24 11 33 32
0 13 32 14 42 31 32 14 41 14 44 24 13 32 32
0 13 33 11 42 33 32 11 44 11 14 22 11 32 22
0 13 33 11 42 31 33 14 44 14 44 22 13 32 22
0 13 32 14 44 33 32 14 44 14 14 22 11 33 32
0 11 33 11 44 33 32 11 44 14 14 22 11 33 33
0 11 33 11 44 33 33 11 44 11 11 22 11 33 33
0 13 33 11 44 33 33 11 44 11 11 22 11 33 32
0 11 33 11 44 33 33 11 44 11 11 22 11 33 33
0 11 33 11 44 33 33 11 44 11 11 22 11 33 32
0 11 33 11 44 33 32 11 44 11 11 22 11 33 33
0 11 33 11 44 33 33 14 44 11 11 22 11 33 32
0 13 33 14 42 33 32 14 44 11 14 24 11 33 32
0 13 32 14 42 31 32 14 41 14 14 24 13 32 32
0 33 32 44 42 11 22 44 41 14 44 44 33 22 22
0 13 32 14 42 31 32 14 41 14 14 24 13 32 22
0 13 33 14 42 31 32 11 44 14 14 22 11 32 22
0 13 32 14 44 31 32 11 44 14 14 22 11 32 32
0 11 33 11 42 33 33 11 44 11 11 22 11 33 32
0 11 33 11 44 31 32 11 44 11 11 22 11 32 32
0 11 33 11 44 33 33 11 44 11 11 22 11 33 32
0 11 33 14 44 33 32 11 44 11 14 22 13 33 32
0 11 33 11 44 33 33 11 44 11 14 22 11 33 32
0 13 33 11 42 31 32 11 44 14 11 22 11 32 32
0 13 32 14 42 31 32 14 41 14 14 24 13 32 32
0 11 32 11 44 33 33 11 44 11 11 22 11 33 33
0 13 33 11 42 31 32 14 41 14 14 24 11 32 32
0 11 33 14 42 31 32 11 44 14 14 24 11 32 32
0 11 33 11 44 33 33 11 44 11 11 22 11 33 33
0 11 33 11 44 33 33 11 44 11 11 22 11 33 33
0 11 33 11 44 33 33 11 44 11 11 22 11 33 33
0 11 33 14 44 33 33 11 44 14 11 22 11 33 32
0 13 32 14 22 31 32 11 44 14 14 22 11 32 32
0 11 33 11 44 33 33 11 44 14 14 22 11 33 33
0 13 32 14 22 31 32 14 44 14 44 22 11 32 22
0 11 33 11 44 33 32 14 44 14 11 22 11 32 32
0 13 33 14 44 33 32 11 44 14 11 22 13 33 32
0 13 33 14 22 33 32 14 41 44 44 22 11 32 22
0 11 32 11 42 33 33 11 44 11 14 22 11 33 32
0 11 33 11 44 33 33 11 44 11 11 22 11 33 33
0 11 33 14 42 33 33 14 44 11 11 22 11 32 33
0 13 32 14 42 31 32 11 41 14 14 22 13 32 32
0 11 32 11 44 33 33 11 44 14 11 22 11 33 32
0 11 33 14 42 33 33 11 44 14 11 22 11 33 32
0 13 33 14 44 31 32 11 44 11 14 22 11 33 32
0 13 32 14 42 31 32 14 41 14 14 24 13 32 32
0 11 33 11 44 33 33 11 44 11 11 22 11 33 32
0 13 32 11 42 33 33 11 44 14 14 22 11 33 32
0 13 33 11 44 33 33 11 44 11 14 22 11 33 33
0 13 33 14 42 31 32 11 41 11 14 24 11 32 32
0 13 33 14 42 33 33 11 44 14 14 24 11 32 32
0 13 33 14 44 11 32 14 44 11 44 24 11 32 22
0 13 32 14 42 33 32 14 44 14 14 22 11 32 22
0 33 22 44 42 11 22 14 11 44 44 24 13 22 22
0 33 32 44 42 11 22 44 41 44 14 24 13 22 22
0 11 32 11 44 33 32 14 44 11 14 22 11 32 32
0 11 33 11 42 33 32 14 44 11 14 22 11 32 32
0 11 33 11 44 33 33 11 44 11 11 22 11 33 33
0 11 33 11 44 33 32 11 44 11 14 22 11 33 32
0 11 33 11 44 33 33 11 44 11 14 22 11 33 33
0 13 32 14 42 31 32 14 41 14 14 24 11 32 32
0 11 33 11 42 33 33 11 44 14 11 22 11 33 33
0 13 32 44 22 11 22 14 44 14 44 24 13 22 22
0 13 32 14 42 31 32 14 41 14 14 24 13 32 32
0 11 32 11 42 33 32 14 44 14 11 22 11 33 32
0 11 33 11 44 33 33 11 44 14 11 22 11 33 32
0 11 33 11 44 33 33 11 44 11 11 22 11 33 32
0 13 32 14 42 31 22 11 44 14 44 22 13 32 22
0 33 32 14 22 33 32 11 44 14 44 24 11 32 22
0 11 33 14 44 33 32 11 44 11 11 22 11 33 33
0 11 32 44 22 31 32 14 41 14 44 24 13 22 32
0 11 33 11 44 33 33 11 44 11 11 22 11 33 32
0 13 32 14 44 31 33 14 44 14 14 22 11 32 22
0 11 33 11 44 33 33 11 44 11 11 22 11 33 33
0 33 22 44 22 33 22 14 44 44 44 24 33 32 22
0 13 33 14 42 31 33 11 44 14 14 22 11 33 32
0 11 33 11 44 33 33 11 44 11 11 22 11 33 32
0 13 22 44 22 31 32 44 41 44 44 22 11 22 22
0 11 33 11 44 33 33 11 44 11 11 22 11 33 33
0 33 22 44 22 31 32 14 44 44 44 24 13 32 22
0 13 33 11 44 33 32 11 44 11 11 22 11 33 33
0 13 32 14 44 33 33 11 44 11 14 24 11 32 32
0 13 32 44 22 33 32 14 44 14 14 22 13 32 22
0 13 33 14 42 31 32 14 41 14 14 24 13 32 32
0 33 32 44 22 31 32 14 44 44 14 22 11 22 22
0 13 33 11 44 33 33 11 44 11 11 22 11 33 33
0 13 33 14 42 33 32 11 44 14 14 22 11 32 32
0 11 33 11 44 33 33 14 44 11 14 22 11 33 22
0 33 32 44 22 31 32 14 44 44 14 22 11 32 32
0 11 33 11 44 33 33 11 44 11 11 22 11 33 33
0 11 33 11 44 33 32 11 41 11 11 22 11 33 22
0 11 33 11 44 33 33 11 44 11 11 22 11 33 33
0 11 33 11 44 33 33 11 44 11 11 22 11 33 32
0 11 33 11 44 33 33 11 44 11 14 22 11 32 33
0 13 32 14 42 31 32 14 41 14 14 22 11 32 32
0 13 32 14 42 31 32 14 41 14 14 24 13 32 32
0 11 33 11 44 31 33 11 44 11 11 22 11 33 33
0 13 33 44 42 33 32 14 44 11 14 22 11 32 32
0 11 33 14 44 33 32 14 44 14 14 22 11 33 32
0 13 32 14 42 31 32 14 41 14 14 22 13 32 32
0 33 22 44 22 11 22 14 44 44 44 44 13 32 22
0 13 32 14 42 33 32 14 41 14 14 22 13 32 32
0 11 33 11 42 31 32 11 41 14 11 22 11 32 32
0 33 33 44 22 11 22 14 41 14 44 24 11 32 22
0 13 33 44 42 31 22 14 44 14 14 22 13 32 22
0 11 33 11 44 33 33 11 44 11 11 22 11 33 32
0 11 33 11 44 33 33 11 44 11 11 22 11 33 33
0 13 32 14 42 31 32 11 44 14 14 22 13 32 32
0 13 33 14 42 31 32 11 44 44 44 24 11 22 32
0 33 33 14 44 33 32 11 44 14 11 22 11 33 32
0 11 33 11 44 33 33 11 44 11 11 22 11 33 33
0 13 33 14 42 31 32 14 44 11 14 22 11 32 32
0 13 33 11 42 33 32 14 44 11 11 22 11 33 32
0 13 32 14 42 33 32 14 44 14 14 24 11 32 33
0 33 32 14 44 31 32 44 11 14 44 22 11 22 32
0 13 33 11 44 33 33 11 44 11 11 22 11 33 33
0 11 33 11 42 33 32 14 44 11 11 24 11 32 32
0 11 33 14 44 33 32 11 44 11 11 22 11 33 33
0 11 33 11 44 33 32 11 44 11 14 22 11 33 32
0 33 22 14 22 11 22 44 41 44 44 24 13 22 22
0 11 33 11 44 33 32 14 44 11 14 22 11 32 32
0 11 33 11 44 33 33 11 44 11 11 22 11 33 33
0 11 33 11 42 33 32 11 44 11 14 22 11 33 32
0 11 33 11 44 33 33 11 44 11 11 22 11 33 22
0 13 32 14 42 31 32 14 44 14 14 24 11 32 22
0 11 33 11 44 33 33 11 44 11 11 22 11 33 33
0 13 33 14 44 33 33 11 44 11 11 22 11 33 33
0 13 33 14 22 31 22 14 44 44 44 24 11 22 22
0 13 33 44 42 31 22 14 44 14 44 24 13 33 22
0 13 33 14 44 31 32 14 44 14 14 22 13 32 22
0 11 33 11 44 33 33 11 44 11 11 22 11 33 33
0 13 32 11 42 31 32 11 44 14 14 24 11 32 32
0 11 33 11 44 33 33 14 44 11 14 22 11 33 33
0 13 33 11 44 33 32 14 44 14 14 22 11 32 32
0 11 33 11 44 33 33 11 44 11 11 22 11 33 33
0 13 32 11 44 31 32 11 44 11 11 22 11 33 32
0 11 33 11 44 33 33 11 44 11 11 22 11 33 33
0 13 32 14 42 33 32 14 44 14 14 22 11 32 32
0 11 33 11 44 33 33 11 44 11 11 22 11 33 33
0 13 32 14 42 31 32 14 41 44 44 24 13 22 22
0 11 33 11 44 33 33 11 44 11 11 22 11 33 33
0 13 32 44 22 31 32 11 44 14 44 24 13 32 22
0 11 32 14 42 33 33 14 41 14 14 24 13 32 32
0 33 32 14 44 31 32 14 44 14 44 22 13 33 22
0 13 33 11 42 33 33 11 44 14 14 22 11 33 32
0 13 32 14 42 33 32 11 44 14 14 22 11 33 32
0 13 32 14 44 33 32 14 44 11 14 22 11 32 33
0 13 32 14 42 31 32 14 44 11 14 24 13 32 32
0 13 32 44 22 31 32 44 41 14 14 24 13 32 22
0 11 33 14 44 31 33 11 44 11 11 22 11 33 33
0 11 32 14 42 33 32 14 44 11 14 22 11 32 32
0 13 32 14 42 31 32 14 41 14 14 24 13 32 32
0 13 32 14 42 31 32 14 41 14 14 22 13 32 32
0 11 33 11 44 33 33 11 44 11 14 22 11 33 33
0 11 33 14 44 33 33 14 44 11 11 22 11 33 33
0 11 33 11 44 33 32 11 44 11 14 22 11 33 32
0 11 32 14 42 31 32 11 44 11 11 22 11 33 32
0 33 33 44 22 11 22 14 44 44 44 22 11 32 32
0 11 32 14 44 33 32 14 44 14 14 22 11 32 32
0 13 32 14 44 33 32 11 41 14 14 22 11 32 32
0 33 33 44 22 33 32 14 44 14 14 22 13 32 32
0 11 33 11 44 33 32 11 44 11 11 22 11 33 33
0 13 32 14 42 31 32 14 41 14 14 24 13 32 32
0 11 33 11 44 33 33 11 44 11 11 22 11 33 32
0 13 33 44 42 31 32 11 44 14 14 22 11 32 32
0 11 32 11 44 33 33 14 44 11 14 22 11 33 22
0 11 33 11 44 33 33 11 44 11 11 22 11 33 33
0 13 33 14 42 31 33 11 44 14 14 22 11 32 22
0 11 33 11 44 33 33 11 44 11 11 22 11 33 32
0 33 33 44 42 33 22 14 44 44 44 22 11 32 22
0 13 32 14 42 31 33 14 44 11 11 22 11 32 32
0 13 33 11 44 33 33 11 44 11 11 22 11 33 32
0 11 33 11 44 33 32 11 44 11 14 22 11 33 33
0 11 33 11 44 33 33 11 44 11 11 22 11 33 33
0 13 33 14 44 33 32 11 44 11 14 22 11 33 32
0 11 33 11 44 33 33 11 44 11 11 22 11 33 32
0 13 33 14 42 33 33 11 44 14 14 22 11 32 32
0 13 33 14 44 33 33 11 44 11 14 22 11 33 33
0 11 33 11 44 33 32 11 44 11 11 22 11 33 33
0 13 33 11 44 33 33 11 44 11 11 22 11 33 33
0 11 33 11 44 33 33 11 44 11 11 22 11 33 33
0 33 22 44 22 11 22 44 41 44 44 24 33 22 22
0 13 33 14 42 31 32 11 41 14 14 22 13 32 32
0 11 33 11 44 33 33 11 44 11 11 22 11 33 33
0 11 33 11 44 33 33 11 44 11 11 22 11 33 33
0 11 32 11 44 33 32 11 44 14 14 22 11 33 32
0 11 33 11 44 33 33 11 44 11 11 22 11 33 33
0 13 32 14 42 33 33 14 44 14 14 24 11 33 32
0 13 32 14 42 31 32 14 41 14 14 24 13 22 32
0 11 33 11 44 33 32 11 44 11 11 22 11 33 33
0 13 32 44 22 31 32 11 41 14 14 24 11 22 32
0 13 33 11 44 33 32 11 44 11 11 22 11 33 33
0 11 33 11 44 33 33 11 44 11 11 22 11 33 33
0 11 33 11 44 33 33 11 44 11 11 22 11 33 33
0 13 33 11 42 33 32 11 44 14 11 22 11 32 33
0 11 33 11 44 33 33 11 44 14 11 22 11 32 33
0 11 33 14 44 33 33 11 44 11 11 22 11 33 32
0 11 33 14 42 33 33 11 44 14 11 22 11 33 32
0 11 33 11 44 33 33 11 44 11 11 22 11 33 32
0 33 32 44 44 31 32 14 41 44 44 44 13 32 22
0 11 33 11 44 33 33 11 44 11 11 22 11 33 33
0 11 33 44 42 33 22 14 44 14 14 22 11 32 22
0 13 32 14 42 31 32 14 41 14 14 24 13 32 32
0 13 33 11 44 31 33 11 44 14 14 22 11 32 32
0 13 32 14 42 33 32 14 44 14 14 24 11 32 32
0 11 33 11 44 31 32 11 44 11 14 22 11 33 32
0 13 32 11 44 33 22 11 44 11 11 24 11 33 22
0 33 33 44 42 33 22 11 11 14 14 24 13 33 32
0 13 32 14 22 31 32 14 41 14 14 24 13 32 32
0 11 32 11 42 31 22 11 44 14 11 22 11 32 22
0 11 33 11 44 33 32 11 44 11 11 22 11 33 32
0 11 33 11 44 33 33 11 44 11 11 22 11 33 33
0 13 32 14 42 31 32 14 41 14 14 24 11 32 32
0 11 32 11 42 33 33 14 44 11 14 22 11 33 32
0 11 33 11 44 33 33 11 44 11 11 22 11 33 32
0 13 32 14 42 31 32 14 44 14 14 24 13 33 32
0 13 32 14 42 31 32 14 41 14 14 24 13 32 32
0 11 32 14 44 33 32 11 44 11 11 22 11 32 33
0 11 33 11 42 33 33 11 44 11 11 22 11 33 33
0 33 32 44 42 31 32 14 41 14 14 24 13 32 22
0 13 33 14 44 31 32 11 44 14 11 22 11 32 32
0 13 33 11 42 33 33 11 44 11 11 22 11 33 32
0 13 33 14 44 33 33 11 44 11 14 22 11 32 32
0 11 33 11 44 33 33 11 44 11 11 22 11 33 33
0 11 33 11 44 33 33 11 44 11 11 22 11 33 33
0 11 33 11 44 31 33 11 44 11 14 22 11 33 33
0 11 33 11 44 33 33 11 44 11 11 22 11 33 33
0 11 33 11 44 33 32 11 44 14 44 22 11 33 33
0 13 33 14 44 33 33 14 44 11 14 22 11 33 22
0 11 33 14 42 33 33 11 44 14 14 22 13 33 32
0 33 33 14 42 33 22 11 44 11 44 22 11 32 22
0 13 32 14 42 31 32 14 41 14 44 22 13 32 32
0 11 33 11 44 33 33 11 44 11 11 22 11 33 33
0 13 33 14 42 33 33 11 44 14 14 22 11 33 32
0 13 32 44 22 33 22 11 44 44 14 22 13 22 22
0 11 33 11 42 33 33 14 44 14 11 22 13 33 32
0 13 33 14 44 33 33 44 44 14 11 22 11 32 32
0 13 32 11 22 33 33 11 44 11 44 22 11 33 22
0 13 22 14 22 33 22 14 44 14 11 24 11 22 32
0 33 32 11 42 31 22 14 44 44 14 22 11 32 22
0 13 33 14 42 31 32 11 44 14 14 22 11 32 32
0 11 33 11 44 33 33 11 44 11 11 22 11 33 33
1 11 33 11 42 31 33 11 44 11 11 22 11 33 33
1 11 33 11 42 33 33 11 44 11 14 22 11 33 33
1 13 22 44 22 31 32 14 41 44 44 24 13 22 22
1 13 32 14 44 31 32 11 41 14 14 24 11 33 32
1 13 33 14 42 31 32 11 41 14 14 22 13 32 32
1 13 33 11 42 33 33 11 44 11 11 22 11 33 33
1 11 33 11 44 33 33 11 44 11 11 22 11 33 33
1 13 33 11 42 33 32 11 41 11 14 22 11 33 32
1 13 33 14 44 33 32 11 44 14 44 22 11 33 22
1 13 32 14 44 33 32 11 44 14 14 22 11 32 32
1 13 33 44 22 33 33 14 44 11 14 22 11 22 22
1 33 32 14 44 31 32 14 44 14 14 24 11 33 32
1 11 33 11 44 33 33 11 44 11 14 22 11 33 32
1 13 32 14 42 31 32 14 41 14 14 24 13 32 32
1 11 33 14 44 33 33 11 44 11 11 22 11 33 33
1 11 33 11 44 31 33 11 41 11 11 22 11 33 32
1 13 33 11 42 33 32 11 44 11 11 22 11 33 22
1 13 32 11 22 33 32 14 44 14 14 22 13 32 33
1 13 33 14 42 33 32 11 41 14 14 22 11 33 32
1 33 32 14 42 31 32 14 41 44 44 24 13 32 22
1 13 32 14 42 31 32 14 41 14 44 24 13 32 32
1 11 33 11 44 33 33 11 44 11 11 22 11 33 33
1 33 32 11 44 31 32 14 44 14 14 22 11 32 32
1 11 33 11 44 33 32 11 44 14 14 22 11 33 33
1 13 32 44 42 11 22 14 44 14 44 24 11 22 22
1 13 32 14 44 31 32 14 41 14 14 22 11 33 32
1 11 33 11 44 33 33 11 44 11 11 22 11 33 33
1 11 33 11 44 33 33 11 44 11 11 22 11 33 33
1 13 32 44 42 33 32 14 41 14 14 24 11 32 32
1 13 32 14 42 31 32 14 41 14 14 24 13 32 32
1 11 33 44 44 33 33 11 44 11 11 22 11 32 33
1 13 32 14 42 31 32 14 41 14 14 24 13 32 32
1 11 33 11 44 33 33 11 44 11 11 22 11 33 33
1 13 32 14 42 31 32 14 41 14 14 22 11 32 32
1 11 33 11 44 33 33 11 44 11 14 22 11 33 33
1 11 33 11 44 33 33 11 44 11 11 22 11 33 33
1 11 33 11 44 33 33 11 44 11 11 22 11 33 33
1 13 32 11 42 33 32 11 44 11 14 22 11 33 22
1 13 33 11 44 33 32 11 44 11 14 22 11 32 32
1 13 33 11 42 33 33 11 44 14 14 22 11 33 22
1 33 22 44 22 31 22 14 44 14 44 24 33 32 22
1 11 33 14 42 33 33 11 44 14 14 24 11 33 32
1 13 33 14 44 33 32 11 44 14 11 22 11 32 32
1 11 33 11 44 33 32 14 44 11 14 22 11 33 33
1 11 33 11 44 31 33 11 44 11 11 22 11 33 33
1 13 32 14 42 31 32 14 41 14 14 24 13 32 32
1 11 32 11 44 33 33 14 44 14 11 22 11 32 33
1 11 32 11 44 33 32 11 44 14 14 22 11 33 33
1 11 33 11 44 33 33 11 44 11 11 22 11 33 33
1 13 32 14 42 31 32 14 44 14 14 24 11 32 32
1 11 32 14 42 33 32 11 44 14 14 22 11 32 22
1 11 32 14 22 31 32 11 41 44 44 22 11 33 22
1 13 33 14 42 31 32 11 44 11 14 22 13 32 32
1 11 33 11 44 33 33 11 44 11 11 22 11 33 32
1 13 32 14 44 33 32 11 44 11 11 22 11 33 32
1 13 32 14 42 31 32 14 41 14 14 22 13 32 32
1 11 33 11 44 33 33 11 44 11 11 22 11 33 33
1 11 33 11 44 33 33 11 44 11 11 22 11 33 33
1 11 33 14 44 33 32 11 44 11 14 22 11 33 33
1 11 33 11 44 33 32 11 44 11 11 22 11 33 33
1 11 33 14 44 33 32 11 44 11 11 22 11 33 32
1 11 33 11 44 33 33 11 44 11 11 22 11 33 33
1 11 33 11 44 33 33 11 44 11 11 22 11 33 33
1 13 33 14 42 33 32 14 44 11 14 22 13 32 22
1 33 32 14 42 31 32 11 41 14 14 22 13 32 32
1 13 32 14 42 31 32 14 41 14 14 24 13 32 32
1 33 33 44 42 31 32 14 44 11 44 22 11 33 22
1 11 33 44 22 33 32 11 44 44 14 22 11 32 22
1 11 33 11 44 33 33 11 44 11 11 22 11 33 33
1 11 33 11 44 33 32 11 44 14 11 22 11 33 32
1 13 33 14 42 33 33 11 44 14 14 22 11 33 33
1 33 33 14 42 31 32 44 44 14 14 22 11 33 22
1 13 32 14 42 31 33 14 41 14 14 22 11 32 32
1 13 32 14 42 33 32 11 44 14 14 22 13 32 22
1 11 33 11 44 33 33 11 44 11 14 22 11 33 33
1 11 32 14 44 33 33 11 44 11 11 22 11 33 32
1 13 33 44 42 33 32 11 44 14 44 22 11 32 32
1 11 33 14 42 33 32 11 44 11 14 22 11 32 32
1 13 32 14 42 31 22 14 41 14 14 22 13 32 32
1 13 32 14 42 31 33 14 11 11 14 22 13 33 32
1 11 33 14 42 31 32 14 41 11 14 22 11 32 32
1 11 33 11 44 33 33 11 44 11 11 22 11 33 32
1 11 33 11 42 33 32 14 44 44 11 22 11 33 32
1 11 33 11 44 33 33 11 44 11 11 22 11 33 33
1 13 33 14 44 33 22 11 44 11 14 22 11 32 32
1 13 33 11 42 33 32 11 44 11 14 22 11 33 32
1 13 33 11 44 33 32 11 44 11 11 22 11 33 32
1 13 32 11 42 31 32 14 44 14 14 22 13 32 32
1 11 33 14 44 33 33 11 44 11 11 22 11 33 33
1 33 32 44 22 11 22 14 41 44 14 24 13 22 32
1 11 33 11 44 33 33 11 44 11 11 22 11 33 33
1 11 33 11 44 33 33 11 44 11 11 22 11 33 33
1 13 33 14 42 31 33 11 44 14 14 22 11 33 32
1 33 32 11 42 31 32 14 41 44 44 22 11 32 22
1 11 33 11 44 33 33 11 44 11 11 22 11 33 32
1 11 33 11 44 33 33 11 44 11 11 22 11 33 33
1 13 33 14 42 31 33 14 44 11 11 22 11 33 32
1 11 33 11 42 33 33 11 44 11 11 22 11 32 32
1 33 32 11 44 33 22 14 44 14 11 22 13 32 22
1 13 32 14 42 31 32 14 41 14 14 24 11 22 32
1 11 33 14 44 31 32 11 44 14 14 22 11 32 22
1 11 33 11 44 33 33 11 44 11 14 22 11 33 33
1 13 33 14 44 33 32 11 44 11 14 22 11 32 32
1 13 33 14 44 33 33 11 44 14 14 22 11 32 32
1 13 32 14 22 33 32 14 44 14 44 22 11 32 32
1 13 33 11 44 33 33 14 44 11 11 22 11 33 32
1 13 32 14 42 31 32 14 44 14 14 24 13 32 22
1 33 32 44 42 33 32 14 44 44 44 24 11 22 22
1 11 33 14 44 33 33 11 44 14 11 22 11 32 32
1 11 33 11 44 33 32 14 44 14 14 22 11 33 32
1 13 33 14 44 33 32 14 44 14 14 22 11 32 32
1 33 22 44 22 31 22 44 11 44 44 24 13 33 22
1 11 32 14 44 31 33 14 44 11 14 22 11 32 22
1 13 33 14 44 33 33 11 41 14 14 22 13 32 32
1 11 33 11 44 33 33 11 44 11 11 22 11 33 33
1 33 22 44 22 11 22 14 11 44 44 44 33 22 22
1 11 33 11 44 33 32 11 44 11 14 22 11 32 33
1 13 32 14 42 31 32 14 41 14 14 24 11 32 32
1 11 33 11 44 33 33 11 44 11 11 22 11 33 33
1 13 32 14 42 31 32 14 44 14 14 22 11 32 32
1 11 33 11 44 33 33 11 44 11 11 22 11 33 33
1 11 33 14 44 31 32 14 41 14 14 24 11 32 32
1 13 32 14 44 31 33 14 44 14 14 24 11 33 32
1 13 33 11 42 33 32 11 44 14 14 22 11 33 22
1 13 32 14 42 31 32 14 44 14 14 24 13 32 32
1 11 33 14 44 33 33 11 44 14 11 22 11 32 33
1 13 32 14 42 33 33 11 44 14 11 22 13 32 32
1 11 33 11 44 33 33 11 44 11 11 22 11 33 33
1 11 33 11 44 33 32 14 44 11 14 22 11 32 33
1 11 32 14 44 33 33 11 44 14 14 22 11 32 33
1 11 33 11 44 33 32 11 44 14 11 22 11 33 32
1 13 33 14 42 31 32 11 41 14 14 22 11 33 32
1 13 32 14 44 33 32 14 41 14 14 22 11 32 32
1 13 32 14 42 31 32 14 41 14 14 24 13 32 32
1 13 33 14 42 31 32 14 44 14 14 24 11 33 32
1 11 33 14 44 33 33 11 44 11 11 22 11 33 33
1 13 33 11 44 33 32 14 44 14 14 22 11 33 32
1 33 22 44 22 31 22 44 41 44 44 44 13 22 22
1 13 33 11 42 33 32 14 41 14 14 24 11 32 32
1 33 32 44 22 33 22 14 44 44 44 24 33 22 22
1 11 33 11 44 33 33 11 44 11 11 22 11 33 33
1 11 33 11 44 33 33 11 44 11 11 22 11 33 33
1 13 32 14 42 31 32 14 41 14 14 22 11 32 22
1 11 33 11 44 33 33 11 44 14 11 22 11 33 33
1 11 32 14 42 31 32 11 44 14 44 24 13 33 32
1 11 33 11 44 33 33 11 44 11 11 22 11 33 33
1 11 33 11 44 33 33 11 44 11 11 22 11 33 32
1 11 33 14 44 33 33 11 44 11 11 22 11 33 32
1 11 33 14 42 33 33 11 44 11 14 22 11 33 33
1 33 32 11 42 31 32 11 44 44 11 22 11 33 32
1 13 32 14 42 33 32 11 44 14 14 22 11 33 32
1 13 33 11 42 33 32 11 44 14 14 22 13 32 32
1 11 33 11 44 33 33 11 44 11 11 22 11 33 32
1 13 32 11 44 33 33 11 44 11 11 22 11 33 32
1 11 33 14 44 33 32 11 44 11 14 22 11 32 33
1 11 33 11 44 33 33 11 44 11 11 22 11 33 33
1 11 33 14 44 33 33 11 44 11 11 22 11 33 33
1 13 22 44 42 33 22 14 41 44 44 24 13 32 22
1 13 33 14 22 33 33 11 44 14 44 22 13 32 22
1 11 33 11 42 33 33 11 44 14 14 22 11 32 32
1 33 32 44 42 31 22 44 44 44 44 22 13 22 22
1 11 33 14 42 31 32 14 44 44 44 22 11 32 22
1 33 22 44 22 11 22 44 41 44 44 44 13 22 22
1 13 33 14 42 31 22 11 44 11 14 22 11 33 22
1 13 33 14 44 31 32 11 44 11 14 22 11 32 32
1 13 33 44 42 31 33 14 44 14 14 24 13 32 22
1 11 32 14 44 33 32 14 44 11 11 22 11 32 22
1 13 33 11 42 33 32 14 44 14 14 22 11 32 32
1 13 33 14 42 33 33 11 44 11 14 22 11 32 33
1 11 33 14 44 33 32 11 44 11 14 22 11 32 32
1 33 32 14 42 31 32 14 41 14 44 24 33 32 22
1 13 33 11 42 33 32 11 44 14 14 22 11 32 32
1 33 33 14 22 11 22 14 41 14 14 24 13 32 33
1 13 32 14 42 31 32 14 41 14 14 24 13 32 32
1 13 32 14 42 31 32 14 41 14 14 22 13 32 22
1 11 33 11 44 33 33 11 44 11 11 22 11 33 33
1 11 33 11 44 33 33 11 44 11 11 22 11 33 33
1 13 33 11 42 33 33 11 44 11 11 22 11 33 32
1 11 33 11 44 33 33 11 44 11 11 22 11 32 32
1 13 33 14 42 31 32 14 44 14 44 22 11 22 32
1 13 32 14 44 33 33 14 44 14 14 22 13 33 33
1 13 33 11 42 33 32 11 44 14 14 22 11 32 32
1 11 33 14 44 33 32 11 44 14 14 22 11 32 32
1 13 32 14 42 31 32 14 41 14 14 24 13 32 32
1 13 32 14 42 31 32 14 44 14 44 24 13 32 22
1 11 33 11 44 33 33 11 44 11 11 22 11 33 33
1 33 32 14 42 31 32 14 44 14 14 24 13 32 32
1 13 33 11 44 33 33 11 44 11 14 22 11 32 33
1 11 33 14 42 33 33 11 44 14 44 22 11 32 32
1 11 33 11 42 33 33 11 44 11 11 22 11 33 33
1 13 33 11 42 33 32 11 44 14 14 22 11 33 33
1 11 33 11 44 33 33 11 44 14 11 22 11 33 33
1 13 33 14 42 33 32 11 44 11 14 22 11 32 32
1 11 32 14 42 33 32 14 44 14 14 22 11 32 32
1 11 33 11 44 33 33 11 44 11 11 22 11 33 33
1 11 33 11 42 33 33 11 44 11 11 22 11 33 33
1 11 33 11 44 33 33 11 44 11 11 22 11 33 33
1 11 33 11 44 33 33 11 44 11 14 22 11 33 32
1 11 33 11 42 33 33 11 44 11 11 22 11 33 33
1 13 33 14 44 31 33 11 41 11 11 22 11 32 22
1 13 33 11 44 33 32 14 44 11 11 22 11 32 33
1 13 32 14 44 31 32 14 41 14 14 22 11 32 32
1 11 33 14 42 33 33 11 44 14 11 22 11 33 32
1 13 32 14 42 31 33 11 41 14 14 22 11 22 32
1 11 33 11 42 33 33 11 44 11 11 22 11 33 33
1 11 33 11 44 33 33 14 44 11 11 22 11 33 32
1 11 33 14 44 33 32 11 44 11 14 22 11 33 33
1 11 33 11 44 33 33 11 44 11 14 22 11 33 33
1 11 33 11 44 33 33 11 44 11 11 22 11 33 33
1 11 33 14 44 33 33 11 44 11 11 22 11 33 22
1 11 33 14 42 33 32 11 44 14 14 22 11 32 33
1 11 33 11 44 33 33 11 44 11 14 22 11 32 33
1 13 32 44 42 31 22 14 41 14 44 24 13 32 22
1 33 32 44 22 31 22 14 41 14 44 22 13 22 22
1 11 33 11 44 33 33 11 44 11 11 22 11 33 33
1 11 32 14 42 31 33 11 44 14 14 22 11 33 32
1 11 33 14 42 33 32 11 44 11 14 22 11 32 32
1 11 33 11 42 33 33 11 44 14 11 22 11 32 33
1 11 33 11 44 33 33 11 44 11 11 22 11 33 33
1 11 33 14 44 33 33 11 44 11 11 22 11 33 33
1 13 22 44 42 31 22 14 41 44 44 44 11 22 32
1 11 33 14 44 33 32 11 44 11 14 22 11 32 32
1 13 32 11 44 33 32 11 44 14 14 24 11 32 32
1 11 33 11 44 33 33 11 44 14 14 22 11 32 32
1 13 33 14 44 31 32 14 44 11 11 22 11 32 32
1 13 33 11 44 33 32 11 44 11 11 22 11 32 32
1 13 32 14 42 33 32 14 44 11 14 22 11 32 22
1 33 33 44 22 31 22 11 11 14 14 22 11 22 22
1 11 33 11 42 33 33 11 44 11 11 22 11 32 32
1 33 32 14 22 31 22 14 44 11 44 24 13 32 32
1 13 33 44 42 33 22 44 44 44 44 24 13 33 22
1 13 32 14 22 31 32 14 41 14 44 24 13 32 32
1 13 33 11 42 31 33 11 44 14 44 22 11 33 32
1 13 32 14 42 31 33 11 41 14 14 22 11 32 22
1 13 33 11 44 31 33 14 44 14 14 22 11 33 32
1 33 33 44 42 31 32 14 41 44 14 24 13 32 22
1 11 33 11 44 33 33 11 44 11 11 22 11 33 33
1 11 33 11 42 33 32 11 44 14 14 22 11 32 33
1 13 33 14 44 33 32 14 41 44 14 22 11 32 22
1 13 32 44 42 31 32 14 44 14 44 24 13 22 32
1 13 33 11 42 31 33 14 44 11 14 22 11 33 32
1 13 33 14 42 31 22 14 41 14 14 24 13 32 22
1 11 33 11 44 33 32 11 44 11 14 22 11 33 33
1 11 33 14 44 33 33 11 44 11 11 22 11 33 33
1 11 33 11 44 33 33 11 44 11 11 22 11 33 33
1 11 33 11 44 33 33 11 44 11 11 22 11 33 33
1 11 33 11 44 33 33 11 44 11 11 22 11 33 33
1 11 33 11 44 33 32 11 44 11 11 22 11 33 33
1 13 32 14 22 33 32 14 41 14 44 44 11 22 22
1 33 33 11 42 33 32 14 41 14 14 24 11 22 32
1 13 33 14 44 31 32 11 44 11 14 22 11 32 32
1 11 33 11 44 31 33 11 44 11 11 22 11 33 32
1 11 33 11 44 33 33 11 44 11 11 22 11 33 33
1 13 32 14 42 31 22 11 44 14 44 24 11 32 22
1 11 33 11 44 33 32 11 44 11 11 22 11 33 33
1 11 33 11 44 33 33 11 44 11 11 22 11 33 33
1 13 32 14 42 31 32 14 41 14 14 22 13 32 32
1 11 33 11 44 33 33 11 44 14 11 22 11 33 33
1 13 33 14 44 33 33 11 44 11 14 22 11 32 33
1 13 32 14 42 31 32 14 41 14 14 24 13 32 32
1 13 22 44 22 31 22 14 44 44 44 24 13 22 22
1 13 33 11 44 33 32 14 44 14 11 22 11 32 22
1 33 22 44 22 11 22 44 41 44 44 44 13 22 22
1 13 33 14 42 31 32 14 41 14 14 24 11 32 32
1 11 33 11 44 33 33 11 44 11 11 22 11 33 33
1 13 32 14 42 31 32 14 44 14 44 24 11 32 32
1 11 33 11 44 33 33 11 44 11 11 22 11 33 33
1 11 33 14 44 33 33 14 44 14 11 22 11 33 32
1 11 33 11 44 31 33 11 44 11 11 22 11 33 33
1 33 32 44 42 31 22 14 41 14 44 24 13 22 32
1 13 33 14 42 31 32 14 44 44 44 24 33 22 22
1 33 32 44 42 31 32 11 44 14 44 24 13 32 22
1 11 33 14 42 31 32 11 44 14 14 22 13 32 22
1 13 33 14 42 31 33 14 41 14 14 24 11 32 32
1 11 33 11 44 33 33 11 44 11 11 22 11 33 33
1 33 22 44 22 31 22 14 41 44 44 24 33 22 22
1 13 33 11 42 33 33 11 44 11 44 24 11 32 32
1 13 33 11 44 33 33 11 44 11 14 22 11 33 33
1 13 32 14 42 31 32 14 41 14 14 24 13 32 32
1 13 32 14 42 31 32 11 41 14 44 24 13 33 32
1 11 33 11 44 33 33 11 44 11 11 22 11 33 33
1 11 33 11 42 33 33 11 44 11 11 22 13 33 33
1 33 33 44 44 33 22 11 41 14 44 22 11 32 32
1 11 33 11 44 33 33 11 44 11 11 22 11 33 33
1 33 32 14 44 31 22 14 44 14 11 22 11 22 22
1 11 33 11 44 33 33 11 44 11 11 22 11 33 33
1 33 22 44 22 11 22 44 11 44 44 22 13 22 22
1 11 33 11 44 33 33 11 44 11 11 22 11 33 33
1 13 33 14 42 33 32 14 44 14 14 22 13 33 22
1 13 33 14 42 31 32 14 41 14 14 24 13 32 32
1 33 22 44 22 11 22 44 41 44 14 22 13 22 22
1 13 33 14 42 31 32 11 44 14 14 22 11 32 32
1 33 32 44 22 11 32 44 11 14 44 24 13 22 22
1 13 33 14 42 33 32 11 44 44 44 22 11 32 32
1 13 33 14 42 31 32 11 44 14 14 22 11 33 32
1 11 32 11 44 33 33 11 44 11 11 22 11 33 33
1 13 33 14 42 31 32 11 41 14 44 22 13 33 32
1 11 33 14 44 33 33 11 44 11 11 22 11 33 22
1 11 33 11 42 33 32 11 44 11 11 24 11 33 32
1 11 33 11 44 33 33 11 44 14 11 22 11 33 32
1 13 32 14 42 31 32 14 41 14 14 24 11 32 32
1 11 33 14 44 33 33 11 44 11 11 22 11 32 33
1 13 32 14 42 31 32 11 44 14 11 24 11 33 32
1 13 32 14 44 33 22 11 44 14 14 22 11 32 32
1 11 33 11 44 33 32 14 44 11 44 22 11 33 32
1 13 33 14 42 33 32 11 44 11 14 22 11 32 32
1 13 32 14 42 31 32 14 41 14 14 24 11 32 32
1 11 33 11 44 33 32 14 44 14 14 22 11 33 32
1 13 33 14 44 31 33 11 41 14 11 22 11 33 32
1 11 33 11 44 33 33 11 44 11 11 22 11 33 32
1 13 33 11 44 33 33 11 44 11 11 22 11 33 33
1 11 32 14 42 33 32 14 44 14 14 22 11 32 32
1 13 33 11 44 33 32 14 44 11 14 22 11 33 33
1 11 33 11 44 33 33 11 44 11 11 22 11 33 33
1 11 33 11 44 33 33 11 44 11 11 22 11 33 33
1 13 32 14 42 33 32 14 44 11 14 22 11 32 22
1 13 32 14 42 31 32 14 44 14 14 22 13 32 32
1 11 33 14 44 33 33 11 44 11 14 22 11 32 32
1 13 32 11 44 33 32 11 44 11 14 22 11 33 33
1 11 33 11 44 33 33 11 44 14 14 22 11 33 32
1 13 32 11 42 33 32 14 44 11 14 22 11 33 32
1 13 33 14 42 31 32 14 41 11 11 22 11 32 32
1 13 32 14 42 31 22 14 41 14 14 22 13 32 32
1 11 33 11 44 33 33 11 44 11 11 22 11 33 33
1 11 33 11 44 33 33 11 44 11 11 22 11 33 33
1 13 32 14 44 31 32 14 41 11 14 22 11 32 32
1 13 32 14 42 31 32 11 41 14 14 22 11 32 32
1 13 32 14 42 31 32 14 41 14 14 24 13 32 32
1 33 32 44 42 31 32 14 41 14 14 24 13 32 32
1 11 33 11 44 33 32 11 44 11 11 22 11 33 32
1 13 33 14 42 31 32 11 44 11 14 22 11 32 32
1 13 33 14 42 33 32 11 44 14 14 22 11 32 22
1 11 33 11 42 33 33 11 44 11 11 22 11 33 33
1 11 33 11 44 33 33 11 44 11 14 22 11 33 33
1 11 33 11 44 33 33 11 44 11 11 22 11 33 33
1 11 33 11 44 33 33 11 44 11 11 22 11 33 32
1 11 33 11 44 33 32 11 44 11 11 22 11 32 32
1 13 33 14 42 33 33 14 41 14 44 22 11 32 32
1 13 32 14 42 31 32 14 44 14 14 22 11 32 22
1 13 33 14 44 33 33 11 44 11 14 22 11 33 33
1 13 32 14 42 31 32 14 41 14 14 24 13 32 32
1 11 33 11 44 33 33 11 44 11 14 22 11 32 32
1 13 32 14 42 31 32 14 41 14 44 24 13 32 32
1 13 32 14 42 31 32 14 41 44 14 22 13 32 32
1 11 33 11 44 33 33 11 44 11 11 22 11 33 33
1 11 33 11 22 33 32 44 44 11 11 22 11 32 33
1 13 33 14 42 31 32 14 44 14 11 22 11 32 32
1 11 33 11 44 33 32 11 44 11 14 22 11 33 33
1 11 33 11 44 33 33 11 44 11 11 22 11 32 33
1 11 33 11 44 33 32 11 44 11 14 24 11 32 32
1 13 33 14 44 33 32 11 44 44 11 22 11 33 32
1 33 33 44 42 31 22 11 41 14 44 22 13 22 22
1 11 33 11 44 33 33 11 44 11 11 22 11 33 33
1 33 22 44 22 11 22 44 41 44 44 44 13 22 22
1 11 33 11 44 33 33 11 44 11 11 22 11 33 32
1 11 33 11 44 33 33 11 44 14 11 22 11 33 32
1 13 33 11 44 33 33 11 44 14 11 22 11 33 33
1 11 33 11 44 33 33 11 44 11 11 22 11 33 32
1 13 32 44 42 31 32 11 41 11 44 22 13 32 32
1 13 33 44 42 31 32 14 44 11 44 24 13 32 32
1 13 33 11 44 33 32 11 44 11 14 22 11 33 33
1 13 32 11 44 33 32 14 44 14 14 22 11 33 32
1 13 32 14 42 33 32 14 41 14 14 22 13 32 32
1 13 33 14 42 31 32 14 44 14 14 22 13 32 32
1 13 32 11 42 31 32 11 41 14 14 22 11 32 32
1 33 33 44 42 33 33 11 44 14 14 22 11 33 22
1 11 32 44 42 33 32 44 44 11 44 22 11 33 32
1 13 33 11 44 33 33 11 44 11 11 22 11 33 33
1 33 22 14 22 33 32 44 41 44 44 24 13 22 22
1 11 33 11 44 33 33 11 44 11 11 22 11 33 33
1 33 22 44 42 31 22 44 41 44 44 24 13 22 22
1 13 32 14 22 31 32 14 44 14 44 22 13 33 22
1 11 33 11 44 33 33 11 44 11 11 22 11 33 33
1 11 33 11 44 33 33 11 44 11 11 22 11 33 33
1 33 33 44 44 33 22 14 41 14 11 22 11 22 22
1 13 32 14 42 31 32 14 44 14 14 22 11 33 32
1 13 33 14 42 31 32 14 44 11 14 22 11 32 22
1 11 33 11 42 33 33 11 44 11 14 22 11 33 32
1 11 33 11 44 33 33 11 44 11 11 22 11 33 33
1 11 33 11 44 33 33 11 44 11 11 22 11 33 33
1 11 33 11 42 33 32 11 44 14 11 22 11 33 33
1 11 33 14 44 33 33 44 44 11 44 22 11 32 32
1 13 33 14 42 31 32 11 41 14 14 24 13 32 32
1 33 32 14 42 31 32 44 44 44 14 22 11 32 22
1 13 32 14 44 33 33 11 44 11 14 22 11 33 32
1 13 32 14 42 31 32 14 41 14 14 22 13 32 32
1 33 32 44 42 31 32 14 41 14 14 44 13 32 22
1 11 33 11 44 33 33 11 44 11 11 22 11 33 33
1 11 33 14 42 33 33 11 44 11 11 22 11 33 33
1 13 32 44 44 31 32 14 41 44 11 24 13 32 32
1 11 32 11 44 33 32 11 44 11 11 22 11 33 32
1 13 33 14 42 33 32 11 41 14 44 24 11 22 32
1 13 32 14 42 31 32 14 41 14 14 24 13 32 22
1 11 33 11 42 33 33 11 44 11 14 22 11 33 33
1 11 33 11 44 33 33 11 44 11 11 22 11 33 33
1 13 32 11 42 31 32 14 44 14 44 22 11 22 33
1 11 32 11 42 33 33 11 44 11 11 22 11 32 33
1 11 33 11 44 33 33 11 44 11 11 22 11 33 32
1 11 32 11 44 33 32 11 44 11 14 22 11 33 32
1 11 33 11 44 33 33 11 44 11 11 22 11 33 33
1 11 33 14 44 33 32 11 44 11 11 22 11 33 33
1 11 32 14 44 33 32 11 44 14 14 22 11 33 32
1 13 33 14 42 31 33 11 44 11 44 22 11 33 32
1 33 32 14 42 33 32 14 44 11 14 22 13 32 22
1 33 32 44 22 31 22 44 11 14 44 24 13 22 22
1 11 33 11 44 33 32 11 44 11 11 22 11 33 32
1 33 32 44 42 31 22 14 41 44 44 22 13 32 22
1 11 33 11 44 33 33 11 44 11 11 22 11 33 33
1 11 33 11 42 33 32 11 44 11 11 22 11 32 22
1 13 33 11 44 33 33 11 44 11 11 22 11 33 32
1 11 32 14 42 33 32 11 44 14 14 22 11 33 32
1 11 33 14 42 31 32 11 41 14 14 22 11 32 32
1 11 33 11 44 33 33 11 44 11 11 22 11 33 33
1 11 33 14 44 33 33 11 44 11 11 22 11 33 32
1 13 33 11 44 33 33 11 44 11 14 22 11 32 32
1 33 33 11 42 31 32 11 44 14 14 22 11 22 32
1 11 33 11 44 33 33 11 44 11 14 22 11 33 33
1 11 33 11 44 33 33 11 44 11 11 22 11 33 33
1 11 33 11 44 33 33 11 44 11 11 22 11 33 33
1 33 32 14 44 33 32 14 44 11 14 22 11 33 32
1 11 33 11 44 33 33 11 44 11 14 22 11 33 32
1 13 33 14 42 31 33 11 44 14 14 22 11 32 32
1 13 33 14 42 31 32 14 44 14 14 22 11 33 22
1 11 33 11 44 33 33 11 44 11 11 22 11 33 32
1 11 33 11 44 33 33 11 44 11 11 22 11 33 32
1 13 33 14 42 33 32 11 44 11 14 22 11 32 32
1 13 32 14 42 33 32 11 44 11 14 22 11 33 32
1 33 33 11 44 31 33 11 44 11 11 22 11 33 32
1 11 33 11 44 33 33 11 44 11 11 22 11 33 33
1 11 32 14 42 33 32 14 44 14 14 22 11 33 32
1 11 33 11 44 33 32 11 44 11 14 22 11 32 22
1 11 33 11 44 31 33 11 44 44 11 22 11 33 32
1 11 33 11 44 33 32 11 44 11 11 22 11 33 33
1 13 32 14 42 31 32 14 41 14 14 22 11 32 22
1 11 33 11 44 33 33 11 44 11 11 22 11 33 33
1 11 33 11 44 33 33 11 44 11 11 22 11 33 33
1 11 33 14 42 31 33 11 44 11 14 22 11 33 32
1 11 33 11 44 33 33 11 44 11 11 22 11 33 32
1 13 33 14 44 33 33 11 44 11 11 22 11 32 32
1 11 33 11 44 33 33 11 44 11 11 22 11 33 32
1 11 33 14 42 33 32 14 44 14 14 22 11 33 32
1 33 32 44 44 33 32 14 44 14 14 24 13 32 32
1 13 32 14 42 31 32 14 41 14 14 24 13 32 32
1 13 32 14 42 31 32 11 44 14 14 24 13 32 32
1 33 22 11 44 33 22 11 11 14 14 22 13 33 32
1 11 33 11 44 33 33 11 44 11 11 22 11 33 33
1 13 33 11 44 33 32 11 44 14 11 22 11 33 33
1 11 33 11 44 33 33 11 44 11 11 22 11 33 33
1 13 33 11 42 33 32 14 44 14 11 24 11 33 32
1 11 33 11 44 33 33 11 44 11 11 22 11 33 33
1 11 33 11 44 31 32 14 44 14 11 22 11 32 32
1 13 32 11 44 33 32 11 44 14 14 22 11 33 33
1 11 33 11 44 33 33 11 44 11 11 22 11 33 33
1 13 33 14 44 33 33 11 41 14 14 22 11 33 32
1 11 33 11 44 33 33 11 44 11 11 22 11 33 33
1 11 33 14 42 33 33 11 44 11 14 22 11 33 22
1 11 33 11 44 33 33 11 44 11 11 22 11 33 32
1 11 33 11 44 33 32 11 44 11 11 22 11 33 33
1 13 32 14 42 31 32 14 44 14 14 24 13 32 32
1 13 32 14 42 31 32 14 41 14 14 24 13 32 32
1 13 32 11 42 33 32 11 44 14 44 22 11 32 22
1 13 33 11 44 33 32 11 44 11 11 22 11 33 33
1 11 32 11 44 33 32 11 44 11 14 22 11 22 32
1 11 33 11 44 33 33 11 44 11 11 22 11 33 33
1 13 33 11 44 33 33 11 44 11 11 22 11 33 32
1 11 33 11 44 33 33 11 44 11 11 22 11 33 33
1 13 32 11 42 33 32 14 41 14 14 24 33 32 32
1 13 33 44 22 31 22 11 44 11 11 22 11 22 22
1 13 33 14 42 33 32 14 41 14 14 24 13 32 32
1 33 22 44 42 11 22 44 41 44 44 22 13 22 22
1 13 33 11 44 33 33 11 44 11 11 22 11 33 33
1 11 33 14 44 33 33 11 44 11 44 22 11 33 22
1 13 32 14 42 31 32 14 41 14 14 24 13 32 32
1 13 32 14 42 33 32 14 41 14 14 22 11 32 32
1 13 32 14 42 31 32 14 41 14 14 22 13 32 32
1 11 33 11 44 33 33 11 44 11 11 22 11 33 33
1 33 32 14 22 11 22 14 41 14 44 22 33 22 22
1 33 32 14 42 31 32 44 44 14 14 24 13 32 32
1 11 33 14 44 33 33 11 44 11 11 22 11 33 32
1 13 32 14 42 33 32 14 44 14 14 22 13 32 32
1 11 33 11 44 33 33 11 44 11 11 22 11 33 33
1 11 33 11 42 33 33 11 44 11 11 22 11 33 33
1 33 22 44 42 31 22 14 41 44 44 24 33 32 22
1 13 33 11 42 31 33 11 44 11 11 22 11 33 32
1 11 33 11 44 33 33 11 44 11 11 22 11 33 33
1 13 32 14 42 31 32 14 44 14 14 24 13 32 32
1 11 33 11 44 33 33 11 44 11 11 22 11 33 33
1 33 32 44 22 33 22 44 44 11 44 24 11 32 22
1 33 32 14 42 33 32 11 44 14 14 22 11 32 22
1 33 32 44 42 11 32 44 41 44 44 24 13 22 22
1 11 33 11 44 33 33 11 44 11 11 22 11 33 33
1 11 33 11 44 33 33 11 44 14 11 22 11 33 33
1 11 33 11 44 33 33 11 44 11 11 22 11 33 33
1 13 32 44 22 31 22 14 41 14 44 24 13 32 22
1 11 33 11 44 33 33 11 44 11 11 22 11 33 33
1 11 33 11 44 33 33 11 44 11 11 22 11 33 33
1 11 33 11 44 33 33 11 44 11 11 22 11 33 33
1 13 33 11 44 33 33 14 44 11 11 22 11 32 33
1 13 33 11 22 33 32 14 44 44 14 24 11 32 32
1 11 33 11 44 33 32 11 44 11 14 24 11 33 22
