 rs12409413 rs2001142 rs1894654 rs2071924 rs17350193 rs6662782 rs11120896 rs9660884 rs12410983 rs10489142 rs17346094 rs7530939 rs12128469 rs12402763 rs7543711
0 22 32 22 44 32 11 44 41 14 11 44 33 32 11 32
0 23 33 22 41 32 11 41 44 14 14 14 32 32 41 32
0 23 33 22 41 33 14 44 44 14 11 14 32 32 41 32
0 23 33 22 44 22 11 11 41 14 11 11 32 33 44 22
0 23 33 22 41 33 11 44 44 11 11 14 32 33 41 32
0 23 33 23 41 33 14 41 44 14 11 14 32 32 41 33
0 22 33 22 44 32 11 44 41 14 11 44 32 33 41 32
0 23 32 22 41 32 11 41 41 11 11 11 33 33 44 32
0 22 33 22 41 32 11 44 41 14 11 11 33 33 44 22
0 23 33 23 44 32 14 44 11 14 11 14 32 33 41 32
0 22 33 22 41 32 11 44 41 11 11 14 33 33 41 33
0 23 33 22 41 22 11 41 44 14 11 14 33 33 41 33
0 23 32 22 44 32 11 41 44 14 14 11 33 33 44 32
0 22 32 22 41 33 11 44 41 11 11 11 32 32 41 33
0 22 33 22 41 33 11 44 11 14 11 44 22 33 44 22
0 23 33 23 44 33 14 41 41 14 14 11 33 33 44 33
0 22 33 22 41 32 44 41 41 11 11 14 32 32 44 22
0 22 32 22 41 32 11 41 41 14 11 44 32 33 44 33
0 33 22 22 44 33 14 41 41 11 11 11 22 33 44 32
0 23 32 22 44 32 11 44 11 11 14 11 33 33 44 22
0 23 33 22 44 32 14 44 44 11 14 11 33 32 11 33
0 22 33 23 44 33 11 44 44 14 11 14 32 33 44 32
0 22 32 22 41 22 11 44 41 11 11 14 32 33 44 32
0 22 32 22 41 33 11 44 44 11 11 44 33 33 41 33
0 23 33 22 41 33 11 44 41 44 11 11 33 33 44 33
0 23 33 22 44 32 14 44 44 11 14 14 32 33 44 33
0 33 33 22 41 22 14 44 41 44 11 11 33 33 41 32
0 22 33 22 44 32 11 44 44 11 11 44 33 33 41 22
0 23 33 22 41 33 11 41 44 14 11 44 33 33 41 32
0 33 32 22 44 33 11 44 41 11 11 11 33 32 44 22
0 22 32 22 41 33 11 41 41 14 11 14 32 32 44 32
0 23 32 22 44 32 14 41 41 14 14 14 22 33 44 32
0 23 32 22 41 22 11 41 41 14 11 14 32 33 44 32
0 23 32 23 44 32 11 41 41 11 11 11 32 33 44 33
0 33 32 22 41 22 11 11 41 14 14 11 22 33 41 33
0 22 22 22 44 33 11 44 41 11 11 44 33 33 44 33
0 23 33 22 41 32 11 44 41 11 11 14 33 33 41 33
0 33 32 22 44 33 11 44 41 14 11 14 33 32 41 33
0 22 33 22 41 33 14 44 44 11 14 14 33 33 44 32
0 23 32 33 41 22 14 41 41 11 14 11 32 32 44 32
0 23 32 22 44 33 11 44 41 14 14 44 33 33 44 32
0 33 32 22 44 32 11 41 11 11 14 44 33 33 41 22
0 23 32 22 41 22 11 44 41 11 11 44 33 33 41 32
0 22 33 22 41 32 11 44 41 11 11 14 33 33 41 32
0 22 33 22 44 32 11 41 41 14 11 44 33 33 41 33
0 23 32 23 44 32 11 41 41 14 11 14 32 32 41 33
0 23 33 22 41 32 11 44 11 11 11 14 33 32 44 22
0 33 33 22 41 32 11 44 11 11 11 11 22 33 41 33
0 23 33 22 41 33 11 44 41 11 14 14 33 33 44 32
0 23 32 22 44 32 11 41 41 11 14 14 32 33 41 32
0 22 33 23 11 32 11 41 11 11 11 11 33 33 44 33
0 23 33 22 44 32 11 44 41 11 11 11 33 32 44 32
0 22 33 22 41 33 11 41 11 11 11 14 32 32 44 32
0 23 32 23 41 32 11 44 44 14 14 14 33 33 41 22
0 33 32 22 41 32 11 41 44 14 11 14 32 33 11 32
0 23 33 22 41 33 11 44 41 14 11 14 33 33 44 32
0 22 32 22 44 32 11 44 41 14 11 11 32 32 41 32
0 23 32 23 41 33 14 44 41 44 14 44 33 33 44 33
0 23 33 22 41 33 11 44 41 11 14 44 33 33 41 32
0 23 33 22 44 22 14 44 44 14 11 14 32 33 44 32
0 22 32 33 44 33 14 44 41 11 11 14 33 32 41 32
0 23 32 23 44 22 14 44 44 11 11 14 33 33 44 32
0 22 32 23 44 32 11 41 44 11 11 11 32 33 44 32
0 22 33 22 44 33 11 41 44 14 11 11 33 33 44 33
0 22 33 22 44 32 14 41 41 14 11 14 33 33 44 32
0 23 33 23 44 32 11 41 11 44 11 14 33 33 44 32
0 22 33 23 41 33 14 41 41 11 11 44 33 33 44 22
0 23 32 22 44 33 11 44 41 14 11 14 32 33 44 32
0 23 22 22 44 22 11 41 41 11 11 14 33 32 41 32
0 22 33 22 41 22 11 41 11 14 14 11 32 33 44 33
0 22 22 23 11 22 14 41 41 11 11 44 32 32 44 22
0 33 33 22 41 32 14 44 44 11 11 44 33 33 41 22
0 22 33 22 44 33 14 41 41 11 11 11 33 32 41 33
0 23 22 22 44 32 11 44 44 11 11 11 32 32 41 33
0 23 33 22 41 33 11 41 44 11 14 44 33 33 11 32
0 23 33 22 41 32 11 11 41 44 44 44 33 32 44 33
0 22 32 22 11 32 44 41 41 14 11 44 32 33 41 32
0 33 33 22 11 32 11 44 44 11 11 44 33 33 41 32
0 33 33 22 44 33 11 44 44 14 14 14 32 33 44 32
0 23 32 22 44 32 11 41 44 14 11 14 33 32 41 32
0 23 33 23 11 33 11 44 44 14 11 44 33 32 41 32
0 23 32 22 41 22 11 44 44 11 11 11 32 33 41 22
0 33 33 22 41 22 11 44 41 11 11 14 32 32 41 32
0 22 33 22 41 22 11 41 41 11 11 14 22 33 44 32
0 23 33 22 41 32 11 44 44 14 11 11 22 33 41 33
0 22 22 22 41 32 14 44 41 14 14 14 33 32 41 33
0 23 33 22 41 32 11 41 11 11 11 11 33 32 41 32
0 33 33 22 41 33 11 44 41 14 14 14 33 33 44 32
0 23 32 22 41 32 11 44 11 14 14 14 33 33 41 32
0 33 33 22 41 32 11 44 41 14 11 14 32 33 44 32
0 22 33 22 44 33 14 44 44 11 14 11 32 32 44 33
0 23 32 22 44 32 11 41 44 11 14 14 33 33 41 22
0 33 33 22 41 33 14 41 44 11 11 14 33 33 44 32
0 22 32 23 41 22 11 41 41 14 11 14 32 33 41 33
0 33 33 22 44 32 11 41 44 14 14 14 32 32 41 33
0 22 33 22 41 32 14 41 44 14 14 14 33 32 41 32
0 23 33 22 11 33 11 41 44 14 11 14 32 32 41 22
0 23 32 22 41 22 11 44 41 11 11 14 33 33 41 22
0 23 33 22 41 32 11 41 44 11 11 14 32 32 41 32
0 23 33 22 44 32 11 44 11 11 11 11 22 32 41 22
0 22 33 23 11 32 14 41 41 11 14 14 33 33 41 33
0 22 33 23 44 33 11 44 41 14 11 11 33 33 44 32
0 22 33 22 11 33 11 41 44 14 11 14 32 33 41 33
0 33 33 22 44 32 11 44 44 11 14 44 22 33 41 32
0 23 33 22 44 33 11 41 44 11 11 14 32 33 41 22
0 23 32 22 44 32 14 44 44 11 11 14 32 32 44 22
0 33 33 23 11 33 11 41 41 11 11 14 32 33 44 32
0 33 33 22 41 22 11 44 41 11 11 11 32 33 44 32
0 23 33 22 11 22 11 44 44 14 14 14 32 33 44 22
0 23 32 23 44 22 14 44 44 11 14 11 33 32 41 22
0 33 33 22 44 32 11 44 11 11 11 11 33 33 44 33
0 22 33 23 44 32 11 44 44 11 11 44 33 33 11 22
0 22 33 22 41 33 11 44 44 14 11 11 33 33 41 32
0 22 32 23 44 33 14 41 41 14 11 14 22 33 44 33
0 33 33 23 41 22 11 44 41 11 11 11 32 33 11 32
0 23 33 22 41 32 11 44 11 11 11 14 33 32 44 33
0 23 32 22 41 32 11 44 41 11 11 14 22 33 41 32
0 23 33 22 44 32 11 44 41 11 11 14 32 33 41 22
0 23 33 22 41 32 11 44 41 44 11 11 32 32 44 33
0 33 32 23 44 32 14 44 41 11 11 11 32 33 44 33
0 23 33 22 41 32 11 44 11 14 14 11 33 33 11 33
0 23 22 22 44 32 14 44 41 11 11 11 33 32 44 32
0 33 33 22 41 22 11 41 44 11 11 14 33 33 41 32
0 22 32 22 44 32 11 41 41 14 11 44 32 33 44 32
0 22 33 22 41 22 14 44 41 11 11 44 33 22 44 32
0 22 32 23 41 32 11 11 44 11 11 14 33 33 41 33
0 33 32 22 44 32 44 11 41 11 14 11 33 32 44 33
0 23 32 22 44 33 11 44 44 11 11 44 32 32 41 33
0 22 33 23 41 32 11 41 44 11 11 11 33 32 44 32
0 23 33 22 41 33 14 44 44 14 11 14 32 33 44 22
0 23 32 23 11 32 11 41 44 44 14 11 33 32 44 22
0 22 32 22 41 32 11 44 44 14 11 11 33 33 44 32
0 22 33 23 44 32 11 44 41 11 11 14 33 33 44 33
0 23 32 22 44 32 11 41 41 14 14 11 33 33 41 32
0 22 32 22 41 22 14 41 44 11 11 11 33 32 44 33
0 23 32 22 44 32 11 44 41 11 11 44 33 33 44 33
0 22 32 22 44 22 14 41 44 11 11 14 33 33 44 33
0 23 32 22 44 32 11 41 41 14 11 11 33 33 44 22
0 22 33 22 44 22 11 41 41 11 11 44 33 33 44 33
0 23 32 22 44 32 14 41 44 14 11 14 32 32 44 22
0 22 33 33 11 32 14 41 44 14 14 44 22 33 41 22
0 22 33 22 44 22 11 41 44 11 14 14 32 32 44 32
0 22 33 22 41 33 11 44 44 11 14 11 32 32 41 33
0 23 33 22 44 22 11 44 44 11 11 11 33 32 41 32
0 33 32 22 41 32 14 44 11 14 11 14 32 33 44 32
0 33 32 22 44 33 11 41 41 14 11 14 32 22 44 32
0 23 33 23 44 33 11 44 11 11 14 11 32 33 44 32
0 23 33 22 41 32 11 44 44 14 11 14 33 33 44 32
0 23 32 23 44 32 11 44 41 11 11 14 32 33 41 22
0 22 33 23 44 22 11 44 41 14 11 11 32 33 41 32
0 23 33 22 41 22 14 41 41 11 11 14 32 32 44 32
0 33 33 22 41 32 14 44 44 11 11 11 33 33 44 32
0 22 33 22 44 32 11 44 44 11 11 14 33 32 41 33
0 23 32 22 41 32 14 41 44 44 11 44 33 33 44 32
0 22 33 22 41 33 14 41 41 11 11 14 33 33 44 32
0 22 33 22 44 32 11 44 41 14 11 14 33 33 44 33
0 22 33 22 41 32 11 44 44 14 11 11 33 33 11 32
0 22 32 22 44 32 11 44 41 11 11 11 32 33 44 32
0 22 33 22 41 33 11 44 41 44 11 11 22 33 41 33
0 22 32 23 44 32 14 11 11 11 11 11 33 32 41 32
0 23 22 22 44 33 11 41 11 14 11 44 32 32 44 33
0 33 33 22 41 33 11 44 44 44 14 11 33 33 11 32
0 22 33 22 44 33 11 44 41 11 11 14 32 33 44 33
0 22 33 23 44 32 11 44 44 11 14 44 32 32 44 32
0 23 22 22 41 33 11 41 11 11 11 44 32 33 41 32
0 23 33 22 44 32 11 11 44 14 11 14 33 33 44 32
0 22 33 22 44 32 14 44 44 14 11 14 32 32 41 33
0 22 32 23 44 32 11 41 41 14 11 44 33 33 44 32
0 23 33 22 41 32 14 44 44 11 14 14 33 32 11 22
0 22 33 22 44 32 14 44 44 11 11 14 33 33 41 32
0 22 32 22 44 32 11 44 44 14 14 14 33 33 44 32
0 22 32 22 44 33 11 44 44 11 14 11 33 33 41 33
0 33 33 22 41 32 14 44 41 11 11 11 33 33 41 32
0 23 32 22 41 33 11 44 41 11 11 44 33 33 44 33
0 22 32 23 11 33 11 44 44 14 11 14 32 33 44 33
0 33 32 22 41 33 11 41 44 44 11 11 33 33 41 33
0 22 32 23 44 32 11 44 41 14 11 14 32 33 44 33
0 22 33 22 41 22 11 44 41 11 11 14 33 33 44 32
0 22 32 23 41 32 11 44 44 14 14 11 33 32 41 33
0 23 32 22 41 22 11 44 41 11 11 11 32 32 41 32
0 23 33 23 11 33 14 44 44 14 11 14 32 33 11 32
0 23 32 22 44 32 11 41 41 11 14 14 33 33 41 32
0 23 33 23 41 32 11 41 41 44 11 14 33 32 44 33
0 23 32 22 44 33 11 41 44 44 11 11 32 33 44 33
0 22 33 23 44 22 11 44 44 14 11 11 32 33 41 32
0 23 33 22 41 32 14 41 44 14 11 11 32 33 44 32
0 22 32 22 41 32 14 44 41 11 11 14 22 32 41 32
0 33 33 22 41 22 11 41 44 14 14 44 32 33 44 32
0 23 32 23 41 33 11 41 44 11 14 11 32 33 44 22
0 23 32 22 41 22 11 44 41 11 11 44 33 32 41 22
0 22 33 22 11 33 14 44 44 14 14 14 32 33 44 32
0 22 32 22 41 33 11 41 41 11 11 44 33 33 41 32
0 22 33 22 41 32 11 41 41 11 11 11 33 32 41 32
0 23 33 22 44 32 11 44 41 11 11 11 33 22 44 33
0 33 33 22 44 33 11 41 41 11 14 11 33 32 44 32
0 23 32 22 41 32 11 44 11 11 14 14 32 33 44 22
0 22 33 22 44 33 11 44 44 11 11 44 33 22 41 33
0 23 32 23 44 32 11 41 44 11 11 11 33 32 44 33
0 23 32 22 41 33 11 41 44 11 11 14 33 33 41 33
0 33 33 22 41 33 11 44 11 44 11 14 33 33 41 22
0 23 33 22 41 32 11 41 41 11 11 14 33 22 11 33
0 22 33 22 44 32 11 41 41 11 14 14 33 33 41 33
0 33 33 23 41 32 11 44 44 11 11 11 32 33 41 32
0 33 33 22 44 33 11 44 44 14 14 44 32 33 44 32
0 23 33 22 44 32 11 41 44 11 11 14 33 33 44 33
0 23 33 22 44 32 11 41 41 44 11 11 33 33 44 32
0 23 22 22 41 32 11 41 11 44 11 14 33 22 41 32
0 33 33 23 41 22 14 41 41 14 14 14 33 33 44 33
0 23 33 23 11 33 11 41 41 14 11 11 33 32 44 32
0 22 33 22 44 22 11 44 44 14 14 14 33 33 44 33
0 22 33 33 41 32 11 41 41 14 11 14 32 33 41 32
0 23 32 22 44 32 11 41 44 11 14 44 33 33 44 32
0 23 33 22 41 32 11 44 44 14 11 11 32 32 41 33
0 22 33 22 44 33 11 44 41 11 11 14 33 33 44 33
0 23 32 23 44 33 14 41 41 14 11 14 33 32 41 32
0 22 33 22 41 32 11 44 41 14 11 14 33 33 44 33
0 22 33 22 41 32 11 44 41 14 11 14 32 33 44 32
0 23 32 22 41 33 11 44 44 14 11 11 33 32 44 33
0 23 32 22 41 33 11 41 41 11 11 14 32 33 41 22
0 33 33 22 44 32 11 41 41 11 11 44 33 22 44 22
0 23 33 22 44 33 11 41 41 14 11 14 32 22 41 33
0 33 33 22 41 22 11 44 41 11 11 44 33 33 44 22
0 33 33 23 41 33 11 11 44 11 11 14 33 22 41 22
0 23 32 22 41 22 11 41 41 44 11 14 32 33 44 32
0 23 33 22 41 33 11 44 44 11 11 44 33 33 11 33
0 22 32 22 41 33 11 44 44 11 11 11 33 22 41 32
0 23 33 22 41 32 11 44 44 14 11 11 33 32 41 32
0 22 33 22 11 32 11 44 11 11 11 11 32 32 44 33
0 22 33 23 41 22 11 41 44 44 11 14 33 32 41 33
0 22 33 22 41 33 11 41 41 14 14 11 32 32 44 33
0 23 32 22 11 33 11 44 11 44 11 11 32 32 41 33
0 23 32 23 44 32 11 44 41 11 11 14 32 32 44 33
0 33 32 22 41 32 11 44 41 44 11 14 33 32 44 33
0 33 33 22 41 32 11 44 44 11 11 11 33 33 44 33
0 23 33 22 44 33 14 44 44 14 11 44 33 33 44 22
0 33 33 22 11 33 11 44 44 11 14 44 22 32 44 32
0 22 33 22 44 32 14 44 44 14 11 44 32 33 41 22
0 22 33 22 11 33 11 41 41 11 11 11 33 33 41 32
0 33 32 22 41 33 14 41 44 14 11 14 33 33 44 32
0 23 33 23 41 32 14 44 41 14 11 14 33 33 41 32
0 33 33 22 41 33 11 44 44 44 14 14 22 32 44 22
0 23 32 22 44 33 14 44 41 14 11 44 32 33 44 32
0 22 33 23 44 32 11 41 11 11 14 11 33 33 44 32
0 33 33 22 44 33 11 41 41 14 14 11 33 32 41 33
0 23 33 22 41 33 14 41 41 14 11 11 33 33 44 33
0 33 32 22 41 33 14 41 44 14 11 44 32 33 41 32
0 23 33 22 41 32 14 44 44 14 11 11 33 32 11 22
0 33 33 22 44 33 11 41 41 11 11 11 33 33 44 32
0 23 32 22 41 32 11 41 41 14 11 11 32 32 44 22
0 33 32 22 44 33 11 44 44 11 11 14 33 33 44 32
0 23 32 22 44 33 14 44 44 11 11 14 32 32 44 33
0 22 32 23 44 33 11 44 41 11 11 44 32 33 41 32
0 33 33 22 44 32 11 41 41 11 11 14 32 32 44 33
0 22 33 23 41 32 11 44 44 11 11 11 32 33 44 33
0 22 32 22 44 33 11 44 11 11 14 14 33 32 44 33
0 33 33 22 41 32 11 44 41 11 11 14 32 32 44 32
0 23 32 22 44 22 14 41 41 11 11 14 33 33 41 32
0 33 33 22 41 33 11 44 44 11 11 14 33 33 11 32
0 33 32 22 44 33 11 11 44 11 11 11 32 33 41 33
0 23 32 22 44 32 11 41 41 11 11 14 32 33 44 22
0 23 33 22 44 22 14 44 44 14 11 11 33 33 44 33
0 23 33 22 11 33 11 41 11 14 11 14 33 33 44 32
0 23 32 22 44 33 11 41 44 14 11 14 33 33 41 32
0 23 33 22 11 33 11 41 11 14 11 14 33 32 11 32
0 23 33 23 44 33 11 44 41 11 11 11 32 33 44 32
0 23 33 23 44 32 14 44 41 14 11 11 33 33 41 32
0 23 32 22 41 33 11 41 41 11 11 11 33 32 41 22
0 23 33 22 41 33 14 44 41 14 11 11 33 32 44 32
0 33 33 22 41 32 11 44 41 11 14 11 33 33 11 33
0 22 32 23 41 32 11 11 41 11 11 14 33 33 44 22
0 23 33 22 41 33 11 44 41 11 11 14 32 33 41 33
0 33 32 22 44 32 11 41 41 14 11 11 32 33 41 32
0 22 33 23 44 33 11 41 41 11 11 44 32 32 44 32
0 33 33 22 44 33 14 44 41 11 11 44 33 33 41 32
0 23 32 22 44 33 14 44 41 11 14 44 33 32 44 32
0 33 33 22 41 33 14 41 41 11 11 11 33 33 44 32
0 23 33 22 44 33 11 44 44 11 11 14 33 33 44 32
0 23 32 22 44 32 11 41 41 14 11 44 33 22 41 32
0 23 33 22 44 32 11 44 41 11 11 14 33 33 44 32
0 23 32 23 44 22 11 44 44 11 14 11 32 33 41 32
0 22 33 22 44 32 11 44 44 14 14 44 33 33 44 33
0 23 33 22 41 32 11 41 41 14 11 11 33 33 41 22
0 23 33 22 41 32 14 11 41 14 11 14 32 33 11 33
0 33 33 22 44 33 11 41 41 44 11 14 33 32 44 22
0 23 33 22 41 22 11 44 44 11 11 11 33 33 11 22
0 23 33 22 44 32 11 44 44 14 11 14 33 33 11 32
0 23 32 22 44 33 11 41 44 11 11 14 33 33 44 22
0 23 33 22 41 32 11 44 41 11 11 11 32 33 41 32
0 33 32 23 44 32 14 44 41 14 11 11 33 32 44 22
0 23 33 22 11 22 11 41 41 11 14 14 32 33 44 33
0 23 33 22 41 33 11 44 41 14 11 14 33 33 44 33
0 33 33 23 44 22 14 44 41 14 11 14 33 33 41 32
0 23 33 22 41 22 11 11 41 11 11 11 22 32 44 32
0 23 33 22 44 32 14 41 11 14 11 14 32 33 44 32
0 22 32 22 11 32 11 44 41 11 14 14 33 33 44 33
0 33 33 22 44 32 11 44 44 44 11 14 33 32 44 33
0 33 33 22 41 32 11 44 44 14 11 11 32 33 44 32
0 22 32 22 44 22 11 41 44 14 11 11 33 33 41 33
0 22 33 22 44 33 11 44 41 14 14 11 33 33 41 22
0 33 33 22 44 22 11 44 41 11 14 11 33 33 41 32
0 23 33 22 41 22 11 41 41 14 11 14 32 33 44 32
0 23 33 22 41 33 14 44 44 11 11 11 33 32 11 33
0 22 33 22 11 33 11 44 44 11 11 11 33 33 44 22
0 33 32 22 44 22 14 41 44 11 11 14 32 33 44 33
0 22 32 22 44 33 11 41 44 44 14 11 32 33 41 32
0 23 32 22 41 32 14 41 41 14 11 44 33 32 44 32
0 23 32 22 41 32 14 41 44 11 11 44 32 32 44 33
0 22 33 22 44 33 11 11 11 14 11 44 33 32 44 32
0 33 32 22 44 32 14 44 44 11 11 11 32 33 44 32
0 23 33 22 44 33 11 41 44 11 11 14 33 33 44 33
0 22 33 22 44 33 11 44 11 11 11 11 32 33 44 32
0 23 33 23 11 32 11 11 44 14 11 14 33 32 44 32
0 23 32 22 11 32 11 44 44 14 11 14 33 33 41 22
0 33 33 22 41 32 11 44 41 11 11 14 32 32 44 32
0 23 33 22 41 32 11 44 41 11 11 44 33 32 41 32
0 23 33 22 41 32 11 44 41 11 11 11 32 32 41 33
0 33 32 22 41 33 11 44 11 14 11 44 22 22 41 32
0 23 33 23 44 32 11 41 11 11 11 14 33 22 44 33
0 23 33 23 41 33 11 44 41 11 11 14 33 32 44 22
0 23 32 22 44 32 11 41 44 11 11 14 33 33 44 32
0 23 33 22 41 33 11 41 41 11 11 11 33 33 44 22
0 33 22 22 44 33 11 44 41 14 11 14 33 33 41 32
0 22 32 22 41 32 11 41 41 14 11 44 33 32 44 22
0 22 33 22 11 33 11 41 41 11 14 11 32 33 44 32
0 33 33 23 41 33 11 44 44 14 11 11 33 32 41 32
0 22 33 22 44 33 11 41 44 11 11 44 33 33 44 33
0 22 33 22 44 33 11 44 41 14 11 11 33 32 41 33
0 23 33 22 11 22 11 41 11 14 11 14 32 33 11 32
0 22 33 22 41 32 11 44 44 14 14 14 33 32 44 32
0 23 33 22 44 32 11 44 44 11 11 14 22 33 44 33
0 23 33 22 44 32 11 44 44 14 14 14 33 33 44 32
0 22 33 22 41 33 11 41 41 11 14 44 33 22 41 32
0 23 33 22 41 32 11 44 44 11 11 14 33 32 44 32
0 33 33 22 41 22 11 41 44 14 14 14 32 32 41 32
0 22 33 23 41 22 11 41 41 14 11 11 33 33 41 32
0 22 33 22 44 32 11 41 44 11 11 11 33 32 41 32
0 23 33 22 41 22 11 44 44 11 14 44 33 33 44 32
0 23 32 22 44 32 11 41 44 11 11 11 32 33 11 32
0 22 33 22 41 33 44 44 44 11 11 14 33 33 44 33
0 22 33 22 44 32 14 44 44 11 11 14 32 33 41 32
0 22 32 22 41 33 11 41 41 11 11 14 33 33 11 33
0 23 22 22 41 32 14 44 11 11 11 14 33 33 11 32
0 22 33 22 41 33 14 44 41 11 11 14 33 33 44 22
0 33 33 22 41 32 14 41 44 14 11 44 33 33 44 32
0 23 32 23 11 32 11 44 44 14 11 14 33 32 41 32
0 23 32 23 44 33 14 44 44 14 14 11 33 33 44 22
0 22 33 22 41 32 11 44 41 14 11 11 33 33 44 33
0 33 33 22 11 32 14 44 41 11 14 44 33 33 41 32
0 33 33 22 44 32 11 44 41 11 11 14 33 33 44 32
0 33 33 22 44 33 11 44 44 11 14 14 33 32 44 32
0 23 33 22 41 32 11 41 41 44 14 11 32 32 44 32
0 33 22 22 44 32 11 44 41 14 11 11 33 33 41 22
0 23 32 23 41 22 11 44 41 11 11 14 33 33 44 33
0 23 32 22 44 22 11 44 11 11 11 14 32 33 44 32
0 23 33 23 41 22 11 44 41 11 11 14 22 32 41 32
0 33 33 23 44 32 11 41 44 14 11 44 32 33 11 33
0 33 33 22 41 33 11 41 44 14 11 11 32 33 44 33
0 23 33 23 44 22 11 41 41 14 11 11 33 33 44 32
0 23 32 33 41 33 11 44 44 14 11 44 32 33 44 32
0 22 33 22 41 32 11 41 44 44 11 14 32 33 44 33
0 22 33 22 41 33 11 41 41 14 14 14 33 32 44 33
0 23 33 22 41 32 14 41 41 14 14 11 33 22 41 32
0 22 33 23 11 32 11 44 44 11 11 44 33 33 11 32
0 23 33 22 11 32 11 44 41 11 11 14 33 33 44 33
0 22 32 22 44 33 11 41 11 11 11 11 33 33 44 22
0 33 22 22 41 32 11 44 44 14 11 14 33 33 44 33
0 23 32 22 44 22 11 44 41 11 14 44 32 33 44 32
0 23 33 22 41 32 11 44 41 44 14 14 32 33 44 33
0 33 32 22 41 22 11 44 44 11 11 44 33 33 44 33
0 23 33 22 44 32 11 44 41 44 14 44 32 33 44 32
0 22 32 22 41 32 11 44 41 11 11 14 33 33 41 33
0 23 32 22 11 22 44 44 44 14 11 11 33 33 44 32
0 33 33 23 41 32 11 41 41 44 11 11 33 22 41 32
0 23 32 22 44 33 11 41 44 14 14 14 33 22 41 33
0 23 33 22 44 32 11 44 44 14 11 11 33 32 41 33
0 23 32 22 44 32 11 44 44 11 11 14 33 32 44 32
0 22 33 22 44 32 11 41 44 14 11 11 33 32 11 22
0 33 33 22 44 22 11 41 41 44 11 14 33 33 44 32
0 22 22 22 41 32 11 41 41 11 11 44 33 33 44 22
0 22 33 22 44 32 14 44 41 11 11 11 32 33 44 33
0 33 33 22 44 32 11 11 41 14 11 14 33 33 41 32
0 22 33 22 44 33 11 44 44 11 14 11 32 33 44 32
0 23 33 22 41 22 11 41 44 11 11 14 33 32 44 33
0 23 32 22 44 32 11 44 41 14 11 11 32 32 41 33
0 23 32 23 44 22 14 11 41 14 11 14 33 32 11 32
0 23 33 22 41 22 11 44 41 44 11 14 33 33 44 33
0 33 32 22 41 32 11 44 41 14 11 44 22 33 44 32
0 23 33 22 44 32 14 44 41 11 14 44 33 33 41 33
0 23 33 22 44 22 14 41 11 14 11 11 32 33 44 33
0 23 32 22 41 22 11 11 44 44 11 14 32 22 41 32
0 22 33 22 44 33 14 41 41 14 11 14 33 32 41 32
0 22 22 22 44 22 11 11 41 44 11 14 33 33 41 32
0 22 33 22 44 33 11 41 44 14 11 11 32 32 41 22
0 33 33 22 11 33 11 11 41 11 11 14 32 33 41 22
0 23 32 22 44 32 11 41 44 14 11 14 33 33 41 33
0 33 33 22 44 32 11 41 44 11 11 14 32 33 44 32
0 23 33 23 41 22 11 44 44 14 11 14 33 32 41 22
0 22 32 22 44 32 11 44 41 11 11 44 33 33 44 33
0 23 32 23 44 22 11 41 11 14 11 14 33 32 41 22
0 23 33 23 41 22 11 11 11 11 11 14 33 32 41 33
0 23 33 23 41 33 11 41 11 11 11 14 32 32 44 32
0 23 33 22 41 33 11 44 41 14 11 14 33 32 44 32
0 23 33 23 41 32 11 44 44 11 11 11 33 33 41 33
0 23 32 22 44 32 11 41 41 14 11 14 33 32 41 32
0 23 32 22 41 33 14 44 11 44 11 11 33 32 44 33
0 23 32 22 11 32 11 44 11 11 14 11 33 33 44 22
0 22 32 22 41 33 11 44 41 44 11 11 32 32 44 33
0 23 33 22 44 22 14 41 44 11 11 14 32 33 44 32
0 23 33 22 44 32 11 41 41 14 11 14 33 33 44 32
0 22 33 22 44 32 11 44 41 11 11 14 32 33 44 32
0 22 22 22 41 32 11 41 11 14 11 14 32 32 41 33
0 23 33 22 44 22 11 44 44 14 14 11 33 33 44 32
0 23 33 23 44 33 14 41 41 14 14 11 32 33 41 22
0 23 32 22 41 32 11 44 41 11 11 11 32 33 41 33
0 23 22 22 44 32 11 41 41 11 11 14 32 33 44 32
0 23 33 23 41 33 11 44 41 14 11 11 32 32 44 32
0 23 32 23 41 33 14 41 44 14 11 14 33 33 41 32
0 22 22 22 44 32 14 41 41 14 14 14 32 32 44 32
0 33 33 22 44 32 11 11 44 14 11 14 32 33 44 32
0 33 33 22 44 32 11 44 44 11 11 44 33 32 44 33
0 23 33 22 44 32 11 11 41 11 44 14 32 33 44 32
0 23 33 22 44 32 14 41 44 14 44 14 32 33 41 32
0 22 33 22 41 32 11 44 44 14 11 14 33 33 41 32
0 23 32 22 41 33 11 41 41 14 11 11 22 33 44 32
0 23 32 22 44 32 14 44 44 11 11 14 32 33 41 32
0 22 33 22 41 33 14 11 41 14 11 14 32 33 44 32
0 33 32 22 44 33 14 44 41 11 11 14 33 32 44 33
0 23 33 23 41 32 14 41 44 44 11 11 32 32 44 32
0 22 32 22 44 32 11 44 44 14 11 14 33 33 44 33
0 23 32 23 44 33 11 44 44 11 11 14 32 33 44 33
0 33 33 22 41 22 11 44 44 14 11 14 33 32 44 32
0 23 32 22 44 32 11 41 44 11 11 11 32 33 11 22
0 33 33 22 41 32 11 41 41 14 11 14 33 33 44 33
0 23 32 33 41 33 11 44 44 11 11 14 33 22 44 22
0 33 33 23 44 32 11 44 44 14 14 14 33 32 41 22
0 33 33 22 44 32 11 44 44 14 11 44 32 33 41 22
0 22 33 22 44 22 11 44 11 11 11 44 22 33 41 32
0 22 32 22 44 32 11 44 41 11 11 44 32 32 44 22
0 22 33 23 44 33 11 41 44 11 11 14 32 33 44 33
0 23 33 22 44 32 11 44 44 11 14 11 32 33 41 32
0 23 33 22 41 33 11 44 41 14 11 44 33 33 41 32
0 33 32 22 44 32 14 44 44 11 11 14 33 33 44 32
0 23 33 22 41 32 11 41 44 11 11 44 33 33 44 22
0 22 32 22 41 33 11 44 41 11 11 14 32 32 11 32
0 23 32 22 41 22 11 41 44 14 11 14 32 33 44 32
0 33 33 22 44 33 11 44 41 14 11 44 22 33 44 33
0 23 33 22 44 33 14 44 41 11 11 14 33 32 41 33
0 33 32 22 44 33 11 41 11 11 14 14 33 32 41 32
0 22 33 22 41 33 11 44 44 14 11 11 32 33 44 22
0 23 32 22 41 32 44 44 41 11 11 11 33 33 11 22
0 23 32 22 44 32 11 44 44 44 14 11 33 33 44 32
0 22 33 22 41 32 11 41 41 11 11 14 33 33 44 33
0 22 32 22 44 32 11 41 11 11 11 14 32 33 44 32
0 23 33 22 41 33 11 44 44 11 11 11 33 33 44 32
0 23 33 22 44 32 11 11 11 14 11 14 32 32 41 32
0 23 33 22 41 32 14 41 41 11 14 11 32 22 44 32
0 23 33 22 44 33 14 11 41 14 11 44 33 33 44 33
0 23 33 22 44 32 11 41 44 11 11 14 32 33 41 32
0 22 33 22 44 33 11 11 41 14 11 14 33 22 44 22
0 22 33 22 44 33 11 44 11 11 11 44 33 33 41 32
0 33 33 22 44 33 11 41 44 11 11 14 32 32 44 22
0 22 33 22 44 22 11 44 41 14 11 11 32 32 41 33
0 22 33 22 41 32 11 44 41 11 11 11 32 32 44 22
0 22 32 22 41 32 11 44 44 11 14 11 33 33 44 32
0 23 32 22 41 32 11 44 41 11 11 11 33 33 44 22
0 23 33 22 41 33 11 44 44 11 14 14 33 32 41 22
0 33 33 22 41 33 14 44 41 11 11 11 32 32 41 22
0 22 32 22 44 32 11 41 11 11 11 14 33 33 41 32
0 33 33 22 44 33 11 41 41 44 11 14 32 33 44 32
0 22 33 22 41 32 11 41 41 11 14 11 32 33 41 32
0 23 32 22 44 32 14 44 41 14 11 14 33 33 44 32
0 23 32 22 44 33 11 41 44 14 14 14 32 33 44 32
0 23 22 22 41 32 11 44 41 44 11 14 33 33 41 32
0 22 32 22 41 32 11 41 41 44 11 14 33 33 41 33
0 22 32 22 41 33 11 44 41 11 11 14 32 33 41 33
0 23 33 22 44 22 11 41 44 44 11 11 33 22 44 32
0 33 33 22 41 32 14 41 11 14 11 14 33 33 44 33
0 22 33 22 41 33 14 44 11 11 11 44 33 33 41 33
0 23 33 22 44 33 11 41 41 11 14 11 32 32 41 33
0 33 33 33 41 33 11 41 44 44 14 11 33 32 41 22
0 33 32 22 41 32 11 44 41 14 11 14 32 32 41 22
0 23 33 22 44 33 14 41 41 14 11 14 32 33 41 32
0 22 33 22 41 22 11 44 41 11 11 14 32 32 44 22
0 23 33 23 41 22 11 44 44 11 11 14 33 33 44 33
0 22 33 22 41 32 11 11 41 11 11 11 33 32 44 32
0 23 32 22 44 33 11 44 44 14 11 11 33 33 44 33
0 22 33 23 41 32 14 41 41 44 11 14 33 33 41 32
0 33 33 22 11 32 11 41 44 14 11 14 33 33 44 22
0 23 33 22 44 32 11 44 44 44 11 44 33 33 11 32
0 22 32 22 44 33 11 44 41 11 11 14 33 32 11 33
0 23 33 22 44 32 11 44 41 11 11 14 33 33 44 33
0 22 33 22 11 32 11 44 44 14 11 14 33 33 44 32
0 23 32 23 44 22 11 41 44 11 14 14 33 33 44 32
0 23 33 22 44 32 11 44 41 14 14 11 33 33 44 32
0 22 32 23 41 33 11 41 41 14 11 44 33 32 44 32
0 23 32 23 41 33 11 44 41 44 14 14 32 33 44 32
0 22 33 22 41 32 11 44 41 11 11 44 33 33 41 22
0 23 32 22 41 22 11 44 44 11 11 44 33 33 44 33
0 22 32 22 44 32 14 41 41 14 11 11 33 33 41 32
0 22 33 23 11 33 11 44 11 14 11 11 32 33 44 22
1 33 33 22 11 32 11 41 11 14 11 44 33 33 41 22
1 23 33 22 44 32 11 44 44 11 11 14 33 22 41 33
1 23 33 22 41 22 11 44 44 14 11 11 33 32 44 33
1 33 32 22 41 32 11 41 41 11 11 14 33 32 44 33
1 22 33 22 44 32 11 44 44 14 11 44 33 33 41 32
1 23 33 33 44 33 11 41 11 11 11 11 32 32 44 32
1 33 33 23 41 32 11 44 41 11 11 14 33 32 44 32
1 23 32 22 41 33 11 41 41 14 11 14 33 22 41 33
1 22 33 23 44 33 14 44 41 11 11 14 32 33 41 33
1 33 32 22 44 32 11 44 44 11 11 11 33 33 44 33
1 22 33 22 41 32 11 44 41 11 11 14 33 32 41 33
1 23 32 23 41 32 11 11 44 14 11 14 33 33 41 22
1 22 33 22 44 33 11 44 41 11 14 44 33 33 41 32
1 23 33 22 11 32 11 44 44 14 14 14 33 33 41 32
1 23 33 23 44 22 11 41 11 14 11 44 32 32 44 33
1 23 33 22 41 33 11 44 41 11 11 11 33 33 44 33
1 22 32 22 44 32 11 41 41 14 11 11 33 33 44 33
1 33 33 22 11 33 11 11 41 14 14 14 33 33 41 32
1 33 32 22 41 22 11 44 44 44 11 14 33 33 44 32
1 33 33 22 41 22 11 41 44 11 14 11 32 33 44 22
1 23 33 22 11 32 14 44 41 14 14 14 33 33 44 22
1 23 33 22 44 32 14 44 44 11 11 44 33 33 41 32
1 23 33 33 41 33 11 44 41 14 11 11 22 33 11 32
1 22 32 22 41 32 11 41 11 14 14 11 33 33 11 22
1 33 33 22 44 32 14 44 44 11 11 44 33 33 44 32
1 23 32 22 44 32 14 44 41 14 14 44 32 32 41 22
1 23 33 22 44 33 11 44 11 14 11 44 33 33 44 32
1 22 22 22 44 32 11 41 41 11 11 11 33 33 41 33
1 23 32 22 41 32 11 44 41 14 11 11 33 33 44 32
1 22 32 22 41 32 11 44 44 44 11 14 32 33 44 22
1 33 33 22 44 32 11 44 44 14 11 14 33 32 41 33
1 23 32 23 44 33 11 41 44 44 11 11 33 33 41 32
1 33 33 22 41 22 11 44 44 44 11 44 33 32 11 22
1 23 33 22 44 32 11 41 41 14 14 14 33 33 44 33
1 23 32 22 44 32 11 44 41 11 11 11 33 32 44 32
1 23 33 22 44 32 11 44 44 11 14 44 33 32 44 32
1 23 32 22 41 33 11 41 41 11 14 14 33 33 41 33
1 23 33 22 41 33 11 41 41 14 11 11 32 32 44 33
1 23 32 22 41 22 11 44 44 14 11 14 33 33 41 33
1 23 32 23 11 32 11 44 41 11 14 11 32 33 41 33
1 23 32 22 41 22 14 44 41 14 11 14 33 32 41 32
1 22 22 22 44 22 11 44 44 11 11 14 33 32 41 32
1 23 33 22 41 33 14 44 41 11 44 11 32 33 44 33
1 33 32 23 44 33 14 44 44 11 14 11 33 32 11 33
1 22 33 22 41 33 14 44 44 14 44 11 33 32 44 22
1 33 33 23 41 32 14 41 44 11 11 44 33 32 44 32
1 22 32 22 41 22 14 44 44 14 11 11 32 33 44 32
1 23 33 22 11 33 11 44 41 11 11 11 33 33 44 33
1 22 32 22 41 32 11 44 41 14 14 14 33 32 44 33
1 22 33 22 44 32 14 44 44 44 14 11 33 33 44 33
1 23 22 22 41 33 11 41 41 11 11 11 32 33 44 32
1 22 33 22 41 33 11 44 44 11 14 11 33 33 41 32
1 23 33 22 41 33 11 41 41 11 14 11 33 33 44 33
1 23 33 22 41 33 11 44 44 14 11 14 33 33 44 22
1 22 33 23 41 33 11 41 11 11 11 14 33 33 41 22
1 23 22 23 41 33 11 44 41 11 11 14 33 32 44 22
1 23 33 22 41 32 11 44 44 11 11 11 33 33 44 22
1 22 32 22 41 32 11 44 41 44 11 14 33 33 41 33
1 33 32 22 41 33 11 44 11 11 11 11 33 33 41 32
1 22 33 22 44 33 11 41 41 11 11 11 32 32 11 33
1 22 33 22 44 32 11 41 41 14 11 14 33 33 41 33
1 23 32 22 44 22 11 44 11 11 11 11 33 33 41 32
1 23 33 22 44 22 11 44 41 11 11 14 32 33 41 33
1 22 33 22 44 32 14 44 44 11 11 14 33 33 41 33
1 23 33 22 44 32 11 44 41 11 11 11 33 33 44 32
1 23 33 22 41 32 11 44 44 11 14 11 33 33 41 33
1 33 33 22 44 22 11 44 41 11 11 11 32 33 41 32
1 23 33 22 11 33 11 44 11 11 11 44 32 33 44 32
1 23 33 22 44 22 11 44 41 11 14 11 22 33 44 32
1 33 32 22 41 32 11 41 44 14 11 14 33 33 44 33
1 23 33 22 41 32 14 41 41 11 11 14 32 33 44 32
1 22 33 22 44 32 11 44 44 11 11 14 33 32 44 32
1 23 33 22 41 33 11 44 44 11 11 14 33 33 44 32
1 22 33 22 44 33 11 44 41 14 11 11 32 33 44 22
1 23 32 22 41 33 11 41 11 11 11 14 32 33 44 32
1 22 33 22 44 32 11 41 41 14 11 14 33 33 41 32
1 23 33 23 41 22 11 41 44 14 11 44 32 33 41 33
1 23 32 23 44 32 11 41 41 11 11 11 32 32 44 33
1 23 33 23 11 32 11 41 44 11 11 11 32 33 41 32
1 33 33 22 44 32 11 44 44 14 11 44 33 33 41 32
1 33 33 22 11 22 11 41 41 14 11 14 33 32 44 33
1 23 32 22 41 32 11 44 11 14 14 14 33 33 41 22
1 33 33 22 41 33 11 44 44 11 14 11 33 33 41 33
1 23 32 22 44 32 14 11 11 11 11 11 33 33 41 32
1 22 32 23 41 22 11 44 41 14 11 44 32 33 44 22
1 33 33 22 44 33 11 44 41 11 11 44 32 32 11 33
1 23 22 22 44 32 11 44 41 14 14 14 33 33 44 33
1 23 32 22 44 22 14 44 44 14 11 11 33 33 41 33
1 23 33 22 41 33 11 44 11 14 11 11 32 32 41 32
1 23 32 22 44 32 11 41 41 14 11 14 33 33 44 32
1 23 22 22 41 32 11 41 41 44 14 14 33 32 44 33
1 33 33 22 44 32 11 41 44 14 11 14 33 32 44 32
1 33 33 22 44 32 11 41 11 11 14 14 33 22 41 22
1 23 33 22 41 32 11 44 44 11 11 11 32 32 11 32
1 23 33 22 41 22 11 44 11 14 11 44 32 33 41 33
1 23 32 22 41 22 14 41 44 44 14 14 32 32 11 32
1 22 33 22 41 33 11 44 41 14 11 14 33 33 11 33
1 23 32 22 41 22 14 44 41 11 14 14 33 33 41 32
1 22 32 22 41 32 11 44 41 11 11 11 33 33 44 33
1 23 32 22 44 32 11 44 41 14 11 14 33 32 41 32
1 23 33 22 41 33 11 41 44 14 11 14 33 32 44 33
1 23 33 22 44 32 11 44 11 44 11 14 33 32 44 22
1 23 33 22 41 32 14 41 11 44 14 11 33 33 41 33
1 33 33 22 41 33 14 41 11 14 14 14 33 33 44 32
1 23 32 22 41 22 11 41 44 14 11 11 33 33 41 32
1 23 32 22 44 32 11 41 41 11 11 14 33 33 44 32
1 23 32 22 44 33 11 41 44 11 14 14 32 33 44 33
1 33 32 23 44 32 14 44 11 11 11 14 32 33 44 22
1 22 33 22 44 32 14 44 44 11 11 14 33 33 44 32
1 23 33 23 44 33 11 41 41 44 11 14 33 32 44 22
1 33 33 23 44 22 11 44 44 14 14 44 33 33 41 33
1 22 33 22 44 33 11 44 41 11 11 14 33 32 44 33
1 23 33 22 11 33 14 44 44 44 11 14 32 33 41 32
1 22 33 22 44 33 11 41 44 14 11 14 32 33 44 33
1 22 33 22 44 32 11 44 41 11 11 14 32 33 41 22
1 23 33 22 41 33 11 44 44 44 11 14 32 33 44 22
1 22 32 22 41 22 11 11 44 14 14 11 33 33 44 32
1 23 33 22 44 33 14 41 41 11 11 11 33 33 44 33
1 33 33 23 41 22 11 41 41 11 11 11 33 33 44 32
1 22 32 22 41 32 14 41 11 11 11 14 33 33 41 22
1 23 33 23 44 32 11 41 44 11 14 44 33 32 44 32
1 23 32 22 41 32 14 44 41 14 11 11 33 32 44 32
1 22 33 22 41 32 11 44 11 14 11 11 22 33 11 33
1 23 33 22 41 32 14 11 44 14 11 11 32 33 41 32
1 33 32 23 44 32 14 44 41 44 11 14 32 22 44 32
1 22 33 22 44 32 11 41 44 14 11 11 33 33 41 32
1 23 32 22 11 33 11 41 41 11 14 14 22 33 41 32
1 22 32 22 41 32 44 41 41 14 11 14 33 33 41 22
1 23 33 22 44 33 11 41 41 11 14 14 32 33 11 33
1 23 33 22 44 32 11 44 44 11 14 14 33 33 44 32
1 23 33 22 44 32 14 41 41 14 11 44 32 33 44 32
1 33 33 22 44 33 11 44 44 11 11 14 33 33 44 32
1 33 32 22 41 22 11 41 41 14 11 11 32 32 44 22
1 33 32 22 44 22 11 44 41 11 11 11 22 33 44 32
1 23 32 22 41 33 11 44 44 11 14 14 32 33 41 32
1 33 32 23 44 33 11 41 41 11 11 14 32 32 41 22
1 33 33 23 44 32 11 41 44 11 11 44 22 32 44 33
1 23 33 22 44 32 14 41 44 14 11 14 33 32 41 32
1 22 33 23 44 22 11 41 44 11 11 11 33 33 41 33
1 23 32 22 44 32 14 44 41 11 11 11 33 22 44 33
1 22 32 22 44 33 11 41 44 14 11 14 33 32 41 32
1 22 33 22 44 32 14 41 11 11 11 44 32 32 44 32
1 22 32 22 41 32 11 11 11 14 14 11 32 33 41 32
1 22 32 23 11 32 11 41 44 11 11 11 33 32 44 33
1 22 33 22 41 32 14 44 41 11 14 14 33 33 41 22
1 22 32 22 11 32 11 44 44 14 11 11 32 33 41 22
1 33 22 22 41 33 11 44 41 11 11 11 33 33 44 33
1 23 32 22 41 32 11 41 41 14 11 14 33 33 44 33
1 22 33 22 44 32 11 44 44 14 14 14 33 32 41 22
1 23 33 22 44 33 11 44 44 11 11 14 32 33 41 22
1 33 32 22 11 22 44 41 41 11 14 11 32 32 41 22
1 23 32 22 44 33 11 41 41 11 11 14 32 33 41 32
1 22 33 23 11 33 11 44 41 14 11 14 22 32 44 32
1 33 33 23 41 22 11 41 41 14 11 44 33 33 41 33
1 22 33 22 44 32 11 11 11 14 11 14 33 32 44 33
1 23 32 23 41 32 11 44 11 14 11 14 33 32 44 33
1 23 33 22 44 32 11 11 44 14 11 14 32 32 41 32
1 23 33 23 11 33 11 41 41 11 11 44 33 33 41 32
1 23 33 22 41 32 11 44 44 11 11 14 33 33 44 32
1 23 33 23 44 32 14 44 44 11 11 14 32 33 44 22
1 23 33 22 44 32 11 44 11 11 11 11 33 33 44 32
1 33 33 22 44 33 11 41 44 14 11 14 33 33 41 32
1 22 33 22 44 32 14 41 44 44 11 44 33 33 41 32
1 23 33 22 44 33 11 41 41 11 11 11 33 32 44 32
1 23 32 23 41 33 11 41 44 11 11 11 33 33 44 32
1 23 32 22 11 32 11 44 44 14 11 44 33 32 44 32
1 23 32 22 41 32 14 44 41 11 11 14 32 33 41 32
1 33 32 22 44 32 11 44 41 14 11 14 33 33 44 32
1 22 33 23 44 32 11 44 44 11 11 44 33 33 44 32
1 22 33 22 44 32 11 41 41 11 11 14 33 33 41 33
1 23 33 22 41 32 11 44 41 11 11 11 33 33 41 32
1 23 33 22 44 33 14 44 41 14 11 11 33 33 44 32
1 33 32 22 41 22 14 41 44 14 14 11 33 22 44 32
1 33 33 23 41 32 11 44 41 14 11 14 33 32 44 33
1 23 32 22 44 22 11 44 44 14 11 11 32 32 41 22
1 22 33 22 44 22 11 41 44 11 11 11 33 33 44 22
1 22 33 22 44 32 11 44 41 11 11 44 33 33 44 33
1 22 33 23 44 32 11 11 41 11 11 11 33 33 41 32
1 22 32 22 44 33 11 41 44 14 11 14 32 32 41 32
1 23 33 22 41 33 14 44 41 14 14 44 33 33 41 22
1 23 33 22 41 33 11 41 41 14 11 11 22 33 44 22
1 23 33 22 44 33 14 41 11 11 11 11 33 33 44 22
1 33 33 22 41 33 11 44 41 11 11 11 32 33 44 32
1 23 32 22 41 22 11 41 41 11 14 11 32 33 41 22
1 22 32 22 41 32 11 41 44 11 14 14 33 32 44 33
1 23 22 22 44 33 11 41 44 11 11 14 32 33 44 22
1 23 32 23 41 22 11 44 41 11 11 14 32 33 41 32
1 33 32 22 44 22 11 11 41 44 11 11 32 32 41 22
1 33 33 22 41 32 14 44 44 14 11 14 32 33 41 22
1 22 33 22 44 32 11 41 41 14 11 14 33 33 44 32
1 23 32 22 41 32 11 44 41 11 11 44 32 33 44 33
1 22 33 22 11 33 14 44 44 11 11 14 32 32 41 33
1 23 32 22 44 22 11 11 44 14 11 14 33 33 41 32
1 23 33 22 41 33 11 44 44 11 11 11 32 32 44 33
1 23 32 22 41 33 11 44 41 11 11 14 33 32 44 32
1 22 33 22 41 32 11 44 41 14 11 11 32 33 44 33
1 23 33 22 44 32 11 44 44 44 14 14 32 32 44 33
1 22 32 22 11 33 14 44 41 11 11 11 33 33 44 32
1 33 33 23 44 33 11 44 44 11 11 14 22 32 11 33
1 22 32 23 41 32 11 44 44 14 14 44 33 32 41 32
1 33 32 23 41 32 11 41 44 11 11 14 33 33 44 32
1 23 33 22 41 33 11 41 41 11 11 14 32 22 44 33
1 23 32 22 44 33 11 44 41 11 14 14 32 33 11 22
1 33 32 22 41 33 11 41 41 11 14 11 33 33 41 22
1 23 32 22 44 32 14 41 11 11 11 44 33 32 41 33
1 23 32 22 41 32 11 44 44 11 11 14 33 33 11 32
1 33 22 23 44 22 11 41 41 14 14 11 33 32 44 22
1 22 33 23 44 32 11 41 41 14 14 11 22 22 41 32
1 22 33 23 44 22 11 44 41 11 14 14 32 33 44 22
1 23 33 22 41 22 11 41 41 11 11 44 33 32 44 33
1 23 32 22 41 32 14 44 41 11 11 14 33 33 41 32
1 22 33 22 41 22 14 44 11 14 11 44 33 32 44 32
1 23 32 22 44 32 11 44 41 14 14 44 33 33 44 22
1 33 33 22 41 33 11 44 41 11 14 14 33 32 44 32
1 33 33 22 44 32 11 44 44 11 11 44 33 32 44 22
1 23 33 22 41 32 11 44 44 11 11 11 33 22 41 33
1 23 33 23 44 22 11 41 11 14 14 11 32 33 41 33
1 23 33 22 41 33 11 44 44 44 11 14 32 33 44 33
1 22 33 22 41 33 11 44 44 14 11 44 33 33 41 22
1 23 33 23 11 33 11 44 44 14 11 44 32 33 44 33
1 22 33 22 44 32 11 41 41 14 11 11 33 33 44 32
1 22 33 22 44 32 11 44 44 11 11 44 33 32 44 32
1 23 32 22 41 22 11 44 44 14 11 44 32 32 41 33
1 33 32 22 44 33 14 41 44 14 11 11 32 33 41 32
1 23 33 22 41 22 11 41 11 14 11 44 32 33 11 33
1 22 32 22 44 32 11 44 44 11 11 14 33 33 44 32
1 33 22 22 41 32 11 44 11 11 11 44 32 33 41 32
1 22 22 22 41 32 11 44 41 11 11 11 33 33 41 33
1 22 33 22 41 33 11 44 44 11 11 14 33 33 41 33
1 33 32 22 44 33 11 44 44 11 11 14 32 32 44 33
1 22 33 23 41 32 14 44 41 14 14 14 32 32 11 33
1 22 32 22 44 32 14 41 41 14 11 44 32 33 44 32
1 33 33 22 11 33 14 44 41 14 14 14 32 32 44 33
1 23 32 22 11 32 11 41 41 11 11 11 32 32 44 32
1 23 33 23 44 22 11 11 44 11 11 14 33 32 41 22
1 22 32 22 41 22 11 44 44 11 11 14 33 33 41 33
1 23 33 22 41 32 11 41 44 14 11 14 33 33 44 33
1 23 32 22 41 22 11 44 44 14 11 14 33 33 44 32
1 23 32 22 44 33 14 41 44 11 11 11 32 33 44 33
1 22 32 22 44 33 11 44 41 14 14 11 33 33 44 33
1 23 33 22 41 33 14 44 44 14 14 14 33 32 41 32
1 33 33 22 11 32 11 11 41 14 11 14 33 32 44 32
1 22 32 22 41 32 14 44 44 11 14 11 33 32 41 33
1 22 33 22 44 32 14 11 41 11 11 11 32 33 44 33
1 23 33 22 41 32 11 44 41 14 11 11 33 32 44 32
1 22 32 22 41 32 44 44 44 11 11 14 33 32 44 32
1 23 33 22 41 32 14 44 44 11 11 11 32 32 44 22
1 22 33 33 44 33 11 44 44 14 11 44 33 33 41 22
1 22 33 22 44 32 11 41 41 11 14 11 32 33 44 22
1 23 33 23 41 32 11 44 41 11 11 14 33 32 41 32
1 23 33 22 41 22 11 41 41 14 14 44 33 32 44 22
1 23 33 23 44 33 11 44 41 14 14 14 33 33 44 32
1 23 32 22 44 32 11 44 44 11 14 14 32 33 41 32
1 23 33 22 44 22 11 44 44 11 14 11 33 32 44 22
1 23 32 22 11 32 11 44 41 14 11 14 33 32 44 32
1 33 32 23 44 32 14 41 41 11 11 11 33 33 41 32
1 33 33 22 41 33 14 44 41 11 11 14 32 32 44 33
1 22 33 22 11 32 14 44 41 11 11 11 32 33 44 32
1 22 32 22 44 32 11 41 41 11 14 14 33 32 44 32
1 23 32 22 44 33 11 44 41 11 11 11 33 32 44 33
1 23 33 22 41 33 11 11 41 11 14 14 32 33 44 32
1 23 32 22 41 32 11 41 44 14 11 11 33 32 41 22
1 33 32 22 44 22 11 44 41 14 11 11 33 32 41 32
1 23 32 23 44 32 14 41 44 11 11 14 33 33 41 32
1 33 33 22 44 33 11 41 11 11 11 14 32 33 41 32
1 33 33 22 41 33 11 41 44 11 11 44 32 33 44 32
1 33 33 23 11 32 11 44 41 11 11 14 32 33 41 32
1 23 33 22 41 22 11 41 44 14 11 11 33 33 44 32
1 33 32 22 44 22 11 44 41 11 11 11 33 32 44 33
1 23 32 22 44 22 11 44 44 44 11 11 32 33 44 22
1 33 32 22 41 32 11 41 44 14 11 14 32 33 44 22
1 23 33 22 44 33 11 44 44 11 11 44 33 33 41 33
1 23 33 22 44 32 11 41 44 14 11 14 33 33 44 33
1 23 33 22 41 32 11 11 41 11 11 11 33 33 44 32
1 33 22 22 44 32 11 41 44 14 11 14 33 32 44 33
1 23 33 22 11 33 11 41 41 11 14 14 33 32 44 22
1 33 33 22 41 33 11 41 41 11 11 11 32 33 41 22
1 33 33 22 41 32 11 41 41 11 14 14 32 33 11 33
1 23 32 22 44 32 11 41 41 14 11 11 32 33 44 32
1 22 33 23 41 32 11 41 44 14 11 14 33 32 44 22
1 33 32 22 44 33 11 44 44 14 11 14 32 32 44 32
1 23 32 22 41 32 14 41 44 44 14 14 33 32 11 32
1 23 33 22 44 33 11 44 44 11 11 14 32 33 44 32
1 23 32 23 44 32 11 44 11 14 14 11 32 33 41 33
1 23 33 23 44 33 11 44 41 11 11 11 33 32 11 32
1 23 32 22 41 33 14 41 41 11 11 44 33 33 44 33
1 22 33 22 41 32 11 41 44 11 11 14 32 33 44 32
1 33 33 22 44 33 11 41 41 14 11 14 32 33 44 32
1 23 32 22 41 32 11 41 44 14 11 14 33 33 44 22
1 22 33 22 44 33 11 44 41 14 11 44 32 33 44 32
1 22 33 22 44 33 14 41 44 11 14 44 32 32 41 33
1 23 32 22 44 32 11 44 44 14 11 11 32 32 44 32
1 23 32 22 44 32 11 44 44 11 14 11 33 33 44 33
1 23 33 23 41 32 11 41 44 11 14 44 33 33 44 33
1 22 33 22 44 32 11 41 41 14 11 14 33 32 44 32
1 23 33 22 41 33 11 41 44 11 44 14 33 33 44 32
1 33 33 22 41 32 11 41 41 14 11 11 33 32 41 32
1 23 33 23 44 33 11 44 41 14 14 14 33 33 44 33
1 22 32 22 44 22 11 44 44 11 11 44 32 33 41 33
1 23 32 22 41 33 14 41 44 11 11 14 32 33 44 32
1 23 33 22 44 32 11 11 41 44 11 14 32 32 44 22
1 33 33 22 41 32 11 41 11 14 14 14 32 33 44 22
1 33 33 22 41 32 11 44 44 11 11 11 33 33 41 32
1 33 33 22 41 33 44 41 44 11 44 11 33 33 44 33
1 33 33 23 41 32 11 41 44 11 11 44 32 33 44 32
1 33 33 22 44 33 14 41 41 14 14 14 33 33 44 33
1 22 33 22 44 32 44 44 11 11 11 14 33 32 44 22
1 22 33 22 44 33 14 41 41 44 11 14 33 33 41 32
1 22 33 22 41 33 11 44 44 44 11 44 33 33 44 32
1 23 32 22 44 33 11 41 41 11 11 14 32 32 41 33
1 33 33 23 41 32 11 44 11 11 11 11 33 32 44 33
1 23 33 22 41 33 11 44 41 14 11 11 32 33 41 33
1 23 33 22 41 32 44 44 44 11 11 11 33 32 41 33
1 23 32 22 44 32 14 41 44 14 11 11 33 33 44 33
1 33 33 23 44 32 14 44 44 14 11 11 33 32 44 33
1 22 32 23 11 32 14 44 11 11 11 14 32 32 44 33
1 23 33 22 44 22 11 11 44 11 14 11 32 33 41 33
1 22 33 23 44 33 11 41 44 11 11 14 33 33 44 22
1 22 33 22 41 33 11 44 41 11 11 44 33 32 44 32
1 22 32 23 44 33 11 41 44 14 14 11 33 32 44 32
1 23 32 22 44 33 14 44 44 14 14 44 33 33 44 33
1 23 33 22 44 32 14 44 11 11 11 14 22 33 44 33
1 33 33 22 41 33 14 44 44 11 14 11 33 32 41 33
1 23 33 23 41 33 11 41 41 11 14 14 33 33 44 33
1 22 32 22 41 33 11 44 41 11 11 11 33 32 41 22
1 33 33 23 44 33 11 41 44 14 11 14 33 33 41 33
1 33 33 22 41 32 11 41 44 11 11 11 33 33 44 32
1 33 32 22 44 33 14 44 41 14 14 11 33 32 44 22
1 33 32 22 44 32 11 41 41 11 11 14 32 33 44 33
1 33 33 22 44 32 14 41 44 11 11 14 33 33 41 33
1 23 33 22 11 33 14 44 44 14 11 14 32 33 41 32
1 22 22 22 41 32 14 44 44 14 11 11 33 33 44 22
1 23 33 22 41 33 11 41 41 11 11 14 32 33 44 32
1 23 32 22 41 32 11 44 44 14 14 14 33 33 11 32
1 22 33 22 41 32 11 41 41 11 11 11 32 33 41 33
1 22 33 23 11 33 11 44 11 11 11 11 33 32 41 33
1 23 32 22 41 32 11 44 11 44 14 14 33 32 41 32
1 33 33 22 11 32 14 44 41 11 14 11 33 33 44 32
1 22 33 22 41 33 11 11 44 11 11 14 33 33 44 33
1 33 32 22 41 33 11 44 44 14 11 11 33 32 44 32
1 23 33 23 44 33 11 44 44 11 11 14 33 33 44 33
1 23 32 22 41 33 14 11 41 11 11 11 33 33 44 33
1 22 32 22 41 33 11 44 44 11 11 14 33 33 44 32
1 23 32 22 41 33 14 44 44 11 14 14 33 32 41 32
1 22 33 22 41 32 11 44 41 11 11 14 33 33 44 32
1 23 33 22 41 32 11 44 44 11 11 44 33 32 41 33
1 23 33 22 44 33 11 44 44 14 11 11 22 33 44 33
1 22 33 22 44 32 11 41 41 11 14 14 33 32 44 32
1 22 32 22 41 33 14 44 44 14 14 14 32 33 44 32
1 33 33 23 44 22 11 41 41 11 14 14 32 33 41 33
1 33 33 22 44 33 14 44 44 11 11 44 32 33 44 32
1 22 22 22 44 32 14 44 44 14 11 11 32 33 41 22
1 22 32 22 44 33 11 44 41 14 44 11 33 32 41 32
1 23 22 22 44 22 11 41 44 14 11 14 33 33 44 33
1 23 33 22 41 32 11 41 41 11 11 14 33 33 44 32
1 22 33 22 44 33 11 44 44 14 14 14 33 33 41 32
1 22 33 22 41 33 11 44 11 11 11 11 33 33 44 32
1 22 33 22 44 22 11 41 41 44 11 14 33 32 41 32
1 23 33 22 44 33 11 44 44 44 11 44 32 22 44 22
1 23 33 22 44 22 11 41 41 11 11 11 33 33 44 32
1 33 33 23 41 33 11 44 41 14 11 14 33 32 44 32
1 33 33 23 41 22 11 44 41 44 11 14 33 32 41 33
1 23 33 22 41 32 11 41 41 11 11 44 33 33 44 32
1 23 32 22 41 33 11 44 44 14 11 11 33 33 44 32
1 23 33 22 41 33 11 44 41 11 11 11 33 33 44 32
1 23 32 22 41 22 11 44 44 14 11 44 33 33 44 32
1 23 33 22 41 32 11 41 41 11 44 44 32 33 44 22
1 23 33 22 44 32 11 44 44 14 11 14 22 32 41 32
1 22 33 22 41 33 14 41 41 11 11 14 32 33 41 32
1 33 32 22 44 22 11 44 44 11 11 14 32 33 44 33
1 33 22 22 44 33 14 41 44 14 11 44 33 33 41 33
1 33 33 22 44 33 14 44 44 14 11 14 32 33 44 32
1 23 33 22 44 33 11 11 41 11 11 11 32 33 44 32
1 33 22 22 41 32 14 41 44 11 11 14 33 32 41 33
1 22 33 23 44 32 11 44 41 11 11 11 32 33 44 22
1 23 33 22 41 22 14 11 44 11 11 44 33 32 41 22
1 23 32 22 41 32 11 11 44 11 44 14 32 32 44 33
1 22 32 22 44 32 11 41 44 14 11 44 33 32 44 32
1 33 22 22 44 32 11 44 41 14 11 14 33 33 41 33
1 23 33 22 41 22 11 41 11 11 11 14 32 32 44 33
1 33 32 22 41 32 11 44 44 44 14 14 32 33 41 33
1 23 33 22 41 32 14 44 11 14 14 11 33 33 44 32
1 22 33 23 11 32 11 41 44 14 11 11 32 22 44 32
1 33 32 22 11 22 14 44 41 11 11 14 33 33 44 32
1 33 32 22 44 32 14 41 41 14 11 11 33 33 41 22
1 22 32 22 41 32 11 41 44 14 14 11 33 33 41 32
1 22 32 22 44 32 11 44 41 11 11 44 32 33 44 33
1 22 33 22 44 32 11 41 44 11 11 44 32 22 44 33
1 23 33 22 41 32 11 44 41 14 14 11 33 33 44 22
1 23 33 22 44 32 11 41 41 11 11 14 32 33 44 22
1 23 33 23 44 32 11 44 41 11 11 14 33 33 41 22
1 23 32 22 44 32 11 41 11 14 11 44 32 33 44 22
1 22 33 23 41 32 11 41 44 14 11 11 32 33 44 33
1 22 33 22 44 22 14 44 41 11 11 14 33 33 44 32
1 22 33 22 44 33 11 44 44 14 11 14 33 33 41 32
1 23 33 23 41 32 14 41 44 14 11 11 32 32 41 33
1 22 33 22 41 32 11 44 44 11 11 14 33 33 44 32
1 22 33 23 44 22 11 41 41 11 11 44 22 32 11 32
1 22 33 22 44 32 11 41 44 11 11 11 33 33 41 32
1 23 32 22 41 22 11 44 41 11 11 14 33 33 44 33
1 22 33 23 11 32 11 44 41 14 14 11 32 32 41 32
1 33 33 22 44 33 11 44 11 11 14 44 22 32 41 22
1 23 32 22 41 22 14 41 44 14 11 11 33 32 44 33
1 23 33 22 44 32 11 41 44 11 14 44 32 32 44 22
1 22 33 22 44 32 11 44 44 14 14 14 32 22 11 32
1 23 33 22 41 22 11 41 41 14 11 11 33 32 41 22
1 33 32 22 44 32 11 11 41 14 11 44 32 33 44 32
1 33 33 22 41 22 11 44 44 14 11 11 33 33 44 22
1 23 33 22 41 33 11 41 44 14 14 14 32 33 44 22
1 33 33 22 44 32 11 41 44 11 11 14 32 32 44 33
1 23 33 22 11 33 14 41 44 14 11 11 33 33 44 32
1 23 22 22 41 33 11 44 44 11 11 14 33 32 41 33
1 22 32 22 41 33 14 44 44 14 11 11 32 32 41 32
1 22 32 22 44 32 11 41 41 11 11 11 33 33 44 32
1 23 33 23 44 32 11 41 44 14 11 14 33 32 41 32
1 22 33 22 41 33 11 41 44 11 14 14 33 33 44 33
1 22 32 22 44 32 11 44 44 11 11 11 33 33 41 22
1 22 33 22 11 33 11 44 41 11 11 14 32 32 44 33
1 23 33 22 44 32 14 41 44 14 14 44 33 32 41 22
1 23 33 22 41 33 11 41 41 14 11 44 33 32 44 32
1 23 33 22 11 22 11 41 41 11 11 11 32 33 44 22
1 23 32 22 44 32 11 41 41 14 11 44 32 32 11 32
1 23 32 22 44 33 11 44 41 14 11 14 33 33 41 33
1 22 33 22 44 22 11 44 44 11 11 14 32 22 44 33
1 33 32 22 41 32 14 41 44 14 11 14 32 33 44 32
1 33 32 22 41 33 14 41 41 11 14 44 33 32 41 32
1 22 33 22 44 33 11 11 41 14 11 11 33 33 44 33
1 23 33 22 44 32 11 41 41 11 11 14 33 32 41 33
1 23 33 22 41 33 11 41 11 11 11 14 32 22 41 22
1 23 32 23 44 22 11 41 11 14 11 14 33 32 44 22
1 23 33 23 41 33 11 44 11 11 14 44 32 33 44 32
1 23 32 22 41 33 14 44 41 11 14 11 22 32 44 33
1 23 32 22 41 32 11 41 41 11 11 44 33 32 44 33
1 22 22 23 11 33 11 11 44 14 14 11 33 33 44 32
1 23 32 22 41 32 11 44 44 14 11 11 33 32 44 32
1 23 33 22 41 32 11 41 41 14 11 11 33 22 44 22
1 23 32 23 41 22 11 44 41 11 11 11 22 32 44 33
1 33 33 22 11 32 11 41 41 14 14 11 32 32 44 32
1 33 32 22 44 33 14 44 44 14 11 14 33 32 44 32
1 33 33 23 41 33 11 44 41 14 14 44 32 33 41 32
1 22 32 22 41 32 11 41 11 44 11 44 32 32 44 32
1 23 33 22 41 32 11 44 41 11 11 14 32 33 44 33
1 23 33 22 44 32 14 41 44 11 11 14 33 33 41 32
1 33 33 23 41 33 11 44 44 11 11 14 33 33 44 32
1 22 33 22 44 32 14 41 44 11 11 11 33 33 44 22
1 33 33 22 44 33 11 41 41 11 11 14 33 32 44 32
1 23 33 22 11 22 11 41 44 11 11 44 32 32 41 33
1 23 32 22 44 33 11 44 44 11 44 11 33 33 44 33
1 23 33 23 44 33 11 44 41 14 11 11 33 32 44 32
1 33 32 22 41 33 11 44 44 11 14 11 33 32 41 32
1 22 33 22 41 33 11 44 41 11 14 14 33 33 41 33
1 33 33 22 44 33 11 44 41 11 14 14 32 33 41 22
1 23 33 22 44 32 11 44 41 14 14 14 33 33 41 32
1 22 32 22 44 32 14 44 44 11 11 44 33 32 41 33
1 33 32 22 41 32 14 41 44 11 11 11 33 32 41 33
1 23 33 23 41 32 11 44 44 14 11 11 33 33 44 32
1 23 33 22 44 32 14 41 41 11 14 14 32 33 44 22
1 23 33 22 41 22 11 41 41 11 14 11 33 22 41 32
1 33 32 22 41 32 11 44 41 11 11 14 33 32 44 33
1 22 33 23 44 32 14 41 41 44 11 44 33 33 41 32
1 22 32 23 44 32 11 41 44 11 11 14 32 32 44 33
1 33 33 22 44 33 11 44 41 11 11 14 33 33 44 33
1 23 33 23 41 33 11 41 41 44 11 14 32 33 44 32
1 22 33 22 41 22 11 44 11 11 14 14 33 33 44 32
1 23 33 22 41 32 14 11 41 14 11 14 33 32 11 32
1 33 33 22 44 32 11 11 41 44 11 14 32 33 44 33
1 33 33 22 44 33 11 41 41 11 11 14 32 32 44 22
1 22 22 22 44 32 11 41 44 14 11 11 33 32 41 32
1 33 33 22 44 32 11 44 41 11 11 44 33 32 44 32
1 22 32 23 41 22 11 11 44 14 11 11 33 33 44 33
1 33 32 22 11 33 11 44 41 11 11 11 32 33 44 33
1 22 33 22 44 33 11 41 11 14 11 14 33 33 41 33
1 33 32 22 41 22 11 11 44 14 11 11 33 32 44 22
1 23 32 22 44 22 11 44 44 11 11 11 33 32 44 22
1 33 32 22 11 32 11 44 11 14 11 14 32 33 11 32
1 22 33 22 41 33 14 41 41 14 14 14 32 33 41 32
1 22 33 22 44 32 11 44 41 11 11 14 33 33 44 32
1 23 33 23 11 32 11 44 41 11 11 11 33 33 44 32
1 23 32 22 41 33 14 44 44 11 11 14 33 33 44 32
1 23 33 22 44 22 11 44 44 11 14 11 32 33 41 32
1 23 33 22 11 32 11 41 41 14 11 44 33 33 41 22
1 23 33 22 41 33 11 41 44 14 11 14 33 33 44 22
1 22 33 22 44 32 11 44 11 14 14 11 33 22 44 22
1 23 32 22 41 22 11 11 44 11 11 14 33 32 44 32
1 23 32 22 41 33 11 41 41 14 14 11 33 33 41 32
1 22 33 22 44 33 11 44 41 14 11 44 33 32 44 32
1 22 33 22 41 32 11 11 44 11 14 14 32 33 41 22
1 22 32 22 44 32 11 44 41 14 11 14 33 33 44 33
1 22 32 22 41 32 11 44 41 14 11 14 33 32 44 32
1 23 33 22 44 32 11 44 41 11 11 11 33 33 44 32
1 22 33 22 44 33 11 44 44 44 44 11 33 33 44 32
1 23 32 22 41 32 11 11 41 14 14 11 33 33 44 22
1 33 32 22 41 33 11 41 44 11 11 14 33 32 44 22
1 22 33 22 41 33 11 44 41 14 11 14 32 32 44 33
1 23 32 22 41 33 11 44 11 11 14 14 33 33 44 33
1 23 33 22 44 32 14 44 44 11 11 14 33 32 11 22
1 33 22 22 44 33 11 44 41 14 11 11 32 32 41 22
1 33 33 22 41 32 11 44 11 14 14 44 32 32 41 32
1 22 33 22 41 22 11 44 41 14 11 11 33 33 44 33
1 23 33 23 41 32 14 44 41 11 11 14 22 33 44 33
