 rs242056 rs2071999 rs242058 rs3820250 rs3820251 rs12085854 rs3820253 rs242044 rs242050 rs732801
0 11 11 33 42 33 33 44 11 44 44
0 11 33 32 22 33 32 41 11 44 41
0 11 13 32 42 32 32 44 11 44 44
0 11 13 33 44 22 33 44 11 11 44
0 14 11 33 42 33 32 41 11 41 44
0 11 11 33 22 32 32 41 11 44 44
0 11 13 33 42 32 32 44 11 44 44
0 11 11 32 42 32 33 44 11 41 44
0 14 13 33 42 32 33 44 44 41 44
0 11 11 33 44 22 33 44 14 41 44
0 11 11 33 44 32 33 44 11 41 44
0 14 13 33 42 33 33 44 11 44 44
0 11 13 33 42 33 33 44 11 41 44
0 14 13 33 44 32 33 44 14 41 44
0 11 13 32 44 33 22 44 11 11 44
0 11 33 33 44 33 32 44 14 44 44
0 14 13 22 44 32 32 44 11 41 44
0 11 13 33 44 33 33 44 11 41 44
0 11 13 33 44 22 32 44 11 11 44
0 11 13 33 42 22 33 44 14 41 44
0 11 13 33 22 32 32 41 14 44 44
0 14 13 33 42 32 32 41 14 44 41
0 11 33 33 42 22 33 44 11 44 44
0 14 33 32 42 32 33 44 11 41 44
0 11 13 33 44 33 33 44 11 44 44
0 11 13 32 22 33 32 44 11 44 44
0 14 13 33 42 32 32 11 11 41 44
0 14 33 33 44 32 33 44 14 41 41
0 11 13 33 44 33 33 44 11 41 44
0 11 11 33 44 32 33 44 11 44 44
0 11 13 33 44 32 33 41 14 41 44
0 11 11 32 44 32 32 11 11 11 41
0 11 13 33 44 32 33 44 14 41 44
0 11 13 32 42 32 33 44 11 41 44
0 11 13 32 42 22 32 41 14 41 11
0 11 13 32 42 33 32 44 14 41 44
0 11 13 33 44 32 33 44 11 41 11
0 11 33 32 42 33 32 44 11 44 44
0 11 33 33 44 22 33 44 14 41 41
0 11 11 33 44 33 33 44 14 41 44
0 11 11 33 42 33 33 44 11 44 44
0 14 11 33 44 32 33 41 11 44 44
0 11 33 33 44 22 32 41 44 11 44
0 11 11 33 44 22 32 44 14 41 41
0 11 13 33 44 33 33 41 11 41 41
0 14 11 33 44 32 33 44 11 41 44
0 11 11 33 44 32 33 44 11 41 44
0 14 13 33 42 22 33 44 11 41 44
0 44 13 32 42 22 33 11 14 41 44
0 14 11 33 44 32 33 44 44 44 44
0 11 13 33 42 33 33 44 11 44 44
0 11 13 33 44 33 33 44 11 41 44
0 14 11 32 44 33 33 44 14 44 44
0 11 13 33 44 33 22 44 11 41 44
0 11 11 33 44 32 33 41 11 44 44
0 11 11 33 22 32 33 41 11 11 44
0 11 13 32 42 33 32 44 11 11 44
0 11 11 32 22 33 33 44 14 44 41
0 14 13 32 42 33 32 44 11 41 41
0 11 13 33 42 22 33 41 11 41 44
0 14 13 33 44 32 32 44 11 41 41
0 11 11 33 42 32 32 44 11 41 41
0 11 13 32 42 32 33 41 11 41 41
0 14 13 33 42 33 33 44 11 41 44
0 11 13 33 44 33 32 44 11 41 44
0 14 11 33 44 33 33 44 14 44 44
0 11 11 33 42 32 32 44 14 11 44
0 14 11 33 42 33 32 44 11 41 41
0 11 11 33 44 33 33 41 11 41 44
0 11 13 33 44 33 33 44 14 44 44
0 11 13 32 44 32 32 41 44 41 44
0 11 13 33 44 32 33 44 14 41 44
0 11 11 33 44 32 32 44 11 11 44
0 11 13 33 42 33 33 44 11 44 44
0 11 33 33 42 32 22 44 11 44 44
0 11 33 33 44 33 33 41 44 41 41
0 11 13 33 42 33 33 44 11 41 44
0 11 13 33 42 33 22 44 11 41 44
0 14 11 33 44 33 33 44 11 44 44
0 14 13 33 42 32 33 44 14 41 44
0 11 13 32 44 33 33 44 11 11 44
0 11 13 33 42 32 22 44 11 41 41
0 14 13 33 42 22 33 44 11 41 41
0 11 13 33 44 33 33 44 14 41 44
0 11 33 33 42 22 32 44 14 41 44
0 11 33 32 44 32 33 44 11 41 44
0 14 11 32 44 33 33 44 11 41 44
0 11 13 33 44 32 33 44 11 41 44
0 11 11 33 42 32 32 44 14 41 41
0 11 13 33 42 33 33 41 14 44 44
0 11 11 33 44 32 33 44 11 44 44
0 11 11 33 22 32 32 44 14 44 41
0 11 11 33 44 33 33 44 11 41 44
0 14 13 33 44 32 32 44 14 41 44
0 14 33 32 44 33 33 41 14 41 41
0 11 11 33 44 32 33 44 11 44 44
0 11 13 33 44 32 33 44 11 11 44
0 14 11 33 44 32 32 44 11 41 44
0 11 13 32 44 33 33 44 11 44 44
0 11 13 32 42 32 32 44 14 41 41
0 11 13 32 42 32 33 44 11 41 44
0 11 13 32 42 22 32 44 14 11 44
0 14 33 33 42 33 33 44 11 41 44
0 11 11 32 42 33 33 41 11 41 44
0 11 33 33 42 33 33 41 11 41 44
0 14 13 33 44 32 32 44 11 44 44
0 14 11 32 44 33 33 44 11 44 44
0 11 13 33 44 32 33 44 11 11 44
0 11 13 33 42 32 32 44 11 41 41
0 11 13 32 42 22 33 44 11 44 44
0 11 33 33 44 32 33 44 11 44 44
0 11 11 33 44 32 32 44 14 44 44
0 11 33 32 44 32 32 44 14 41 41
0 11 13 33 44 32 32 44 14 41 44
0 11 11 33 42 33 32 44 11 41 41
0 14 13 33 44 22 33 44 11 41 44
0 11 13 33 44 33 33 44 11 41 44
0 14 33 33 42 32 32 44 14 44 11
0 11 11 33 44 33 32 41 11 41 41
0 11 11 33 22 32 32 41 14 44 44
0 11 11 33 42 32 32 44 14 44 44
0 11 13 33 42 32 33 44 14 44 41
0 11 13 32 42 22 33 41 14 44 44
0 11 33 32 44 33 33 11 11 44 41
0 11 13 33 42 33 33 44 11 44 44
0 11 13 22 42 32 32 44 14 11 41
0 11 13 33 44 32 33 44 11 41 41
0 11 33 33 42 33 33 41 11 41 44
0 11 11 22 44 32 32 44 14 11 44
0 14 33 32 42 22 32 44 11 44 44
0 11 13 33 44 32 33 44 11 44 44
0 11 13 33 42 32 33 44 11 41 44
0 14 13 33 42 32 33 44 11 41 41
0 14 13 33 44 33 32 44 11 11 44
0 11 11 33 44 33 33 44 14 41 41
0 11 11 32 42 32 32 44 11 41 44
0 11 13 33 44 33 32 41 11 44 44
0 11 33 33 42 22 33 44 14 11 11
0 14 13 32 44 22 32 41 11 41 44
0 11 13 33 44 33 32 44 11 11 44
0 11 33 33 44 32 33 41 44 11 44
0 11 13 33 44 32 33 41 11 41 44
0 11 11 32 22 32 33 44 11 44 41
0 11 11 32 42 33 33 44 14 44 44
0 11 13 33 22 33 33 41 11 41 44
0 14 11 33 42 32 33 44 11 44 41
0 11 11 33 44 22 33 44 11 41 44
0 11 11 32 44 32 32 41 14 11 44
0 11 13 32 42 33 32 44 14 41 44
0 11 11 33 44 33 33 44 14 44 44
0 11 11 33 42 32 32 44 11 41 44
0 11 11 33 44 33 32 44 14 11 44
0 11 11 33 44 33 32 41 11 41 44
0 11 13 33 22 33 32 44 11 41 11
0 11 13 33 44 33 33 41 11 11 44
0 11 11 33 44 32 33 44 11 41 44
0 11 11 33 44 33 33 44 11 41 44
0 11 13 33 42 22 33 44 11 41 44
0 11 11 33 44 32 33 44 11 44 44
0 14 11 32 44 22 32 41 11 11 44
0 11 11 32 44 22 33 44 11 41 44
0 11 33 33 42 32 33 41 14 41 41
0 11 11 22 42 22 33 41 14 41 41
0 11 11 33 44 33 32 44 11 41 41
0 14 11 33 44 32 33 44 11 41 41
0 11 11 33 42 32 33 44 44 41 44
0 11 11 33 44 22 33 44 11 41 44
0 11 11 33 44 33 33 44 11 41 44
0 14 13 33 22 33 33 44 11 11 44
0 11 13 33 42 32 22 44 14 41 44
0 11 13 33 44 32 32 44 14 41 44
0 11 11 32 44 32 33 44 11 44 44
0 11 13 33 44 32 33 44 11 44 44
0 11 11 33 44 33 33 44 11 11 41
0 14 13 32 42 22 33 44 14 11 41
0 11 13 33 42 22 32 44 11 11 44
0 14 13 33 42 32 33 44 11 41 44
0 14 13 32 44 33 33 41 44 41 44
0 11 13 33 44 33 33 44 11 41 44
0 11 11 33 44 32 33 41 11 44 41
0 14 33 33 22 22 32 44 11 41 41
0 11 33 33 42 32 33 44 11 41 44
0 14 13 33 44 32 33 44 11 41 41
0 11 33 33 42 33 33 44 11 44 44
0 11 13 32 44 32 33 44 14 41 44
0 11 13 32 44 33 32 44 11 44 44
0 11 13 33 44 32 33 41 11 41 44
0 11 11 33 44 22 33 44 14 41 44
0 11 13 33 42 33 33 44 11 44 44
0 11 33 33 44 32 32 44 11 44 44
0 11 13 32 42 22 32 41 11 11 44
0 11 11 33 44 32 33 41 14 41 44
0 11 11 33 44 32 33 44 11 44 44
0 14 11 33 42 32 33 44 11 44 44
0 11 33 33 42 22 32 44 14 41 44
0 11 13 33 42 32 32 44 14 11 44
0 11 13 32 22 32 33 41 14 11 44
0 11 13 33 44 32 33 11 14 41 44
0 11 13 33 44 32 33 44 14 11 44
0 11 33 33 42 32 33 44 11 11 44
0 11 13 33 44 33 32 44 14 41 44
0 11 13 33 44 32 33 44 11 44 44
0 11 13 33 42 33 32 44 14 44 44
0 11 13 22 42 33 32 44 14 41 44
0 14 33 33 42 32 33 44 11 44 44
0 11 11 32 44 33 33 44 11 11 44
0 11 13 33 44 32 33 44 11 41 44
0 14 11 33 42 32 22 41 14 11 44
0 14 11 33 44 32 33 44 11 41 44
0 11 11 32 44 32 33 44 14 44 44
0 11 11 33 44 33 32 44 11 44 44
0 11 13 33 42 33 33 44 11 41 44
0 11 33 32 42 32 33 44 11 41 44
0 11 13 33 42 33 33 44 11 41 44
0 11 33 33 44 33 33 44 11 41 44
0 11 33 33 44 32 33 44 11 44 44
0 11 13 33 42 32 33 44 44 11 44
0 14 13 33 22 32 33 41 14 11 11
0 11 13 33 42 22 33 44 11 41 44
0 11 33 33 42 33 32 44 14 41 44
0 44 13 33 44 33 33 44 11 41 41
0 44 13 33 42 32 33 44 11 41 44
0 11 33 22 22 32 32 44 44 44 44
0 11 11 33 42 32 33 44 11 41 44
0 11 33 32 42 33 33 41 11 41 41
0 11 33 33 44 33 33 44 11 41 44
0 11 13 32 44 32 33 44 11 41 41
0 11 11 32 44 33 22 44 14 44 41
0 14 11 32 42 33 33 41 11 41 44
0 11 33 33 42 33 32 44 11 41 44
0 11 13 33 44 33 33 44 11 41 44
0 14 13 33 42 32 33 41 11 44 44
0 11 13 33 44 33 33 44 11 41 41
0 11 11 33 44 33 33 44 11 41 44
0 11 13 33 42 32 33 41 11 44 44
0 11 13 33 42 22 33 44 11 41 44
0 11 13 33 42 33 33 44 11 44 44
0 11 13 32 42 32 33 41 14 41 44
0 11 13 32 42 32 32 41 14 11 41
0 11 13 33 42 32 32 44 14 41 44
0 14 11 33 42 32 32 44 14 44 44
0 11 13 33 42 32 33 44 14 41 44
0 11 11 33 44 32 32 44 14 11 44
0 11 13 33 42 22 22 41 11 41 44
0 11 33 33 44 32 33 44 11 44 44
0 11 11 33 42 33 22 44 44 44 44
0 11 11 32 44 22 33 44 11 44 44
0 11 11 33 42 33 32 44 11 11 44
0 11 11 33 44 22 32 44 14 41 44
0 11 13 33 42 32 33 44 14 11 44
0 11 13 33 44 33 32 44 14 44 44
0 14 11 33 44 32 33 44 11 11 44
0 14 11 22 42 32 32 41 11 44 44
0 11 13 32 42 33 33 44 14 44 41
0 11 11 33 42 32 33 44 11 44 44
0 14 13 33 42 32 33 44 11 11 44
0 11 11 33 42 32 32 44 11 41 41
0 11 33 33 44 33 33 44 11 44 44
0 11 11 33 44 32 32 44 11 41 44
0 11 11 33 44 32 32 44 11 41 44
0 14 13 33 42 33 33 44 11 44 44
0 11 11 33 44 32 33 44 11 44 44
0 14 13 33 44 33 33 41 14 11 44
0 11 13 33 44 33 33 44 14 41 44
0 14 13 33 44 32 33 41 14 44 44
0 14 13 32 44 32 33 44 11 11 44
0 14 13 32 42 22 33 41 44 11 41
0 11 13 33 44 33 33 44 11 11 44
0 11 13 33 22 32 33 41 14 11 41
0 11 33 22 44 22 33 44 11 41 44
0 11 13 33 22 32 33 44 11 41 44
0 11 33 33 44 33 32 44 11 11 11
0 14 33 33 44 22 33 41 14 11 44
0 11 13 33 44 32 33 44 14 44 44
0 11 11 33 22 33 32 41 14 41 44
0 11 11 33 44 22 33 44 11 41 44
0 11 11 32 44 22 22 44 11 11 44
0 11 13 32 44 33 33 44 11 41 44
0 11 13 33 44 32 32 41 11 44 44
0 14 11 33 42 33 33 44 14 41 41
0 11 13 33 44 32 33 44 14 41 44
0 11 13 32 44 33 33 44 11 44 44
0 11 13 33 42 32 32 44 11 41 44
0 14 11 33 42 33 33 44 11 41 41
0 14 11 33 44 32 33 44 11 41 44
0 11 13 33 44 33 32 44 11 44 44
0 14 13 32 42 32 22 44 14 41 44
0 14 11 33 22 33 33 41 11 11 44
0 44 13 33 44 32 33 44 11 44 44
0 11 11 33 42 32 33 41 11 41 44
0 11 13 33 44 33 33 44 14 41 44
0 11 33 33 44 22 33 44 11 41 44
0 11 13 33 44 33 32 44 44 44 44
0 11 33 32 44 22 33 44 11 41 44
0 11 13 22 42 22 33 44 14 41 44
0 11 13 33 44 33 33 44 11 11 44
0 11 11 32 42 33 33 44 11 44 41
0 11 13 33 44 32 33 44 11 44 41
0 11 11 32 42 32 33 44 11 44 44
0 11 11 32 42 32 33 41 14 44 11
0 11 33 33 42 32 33 44 14 41 41
0 11 11 22 22 22 33 44 14 44 44
0 11 13 33 42 22 33 44 14 41 44
0 11 11 33 42 33 33 44 14 41 41
0 14 13 33 44 32 32 41 11 11 44
0 11 13 32 42 33 33 41 11 44 44
0 11 11 33 44 33 33 44 11 44 44
0 11 11 33 44 22 32 41 11 41 44
0 11 13 33 44 33 33 44 11 44 41
0 14 33 33 44 22 33 44 11 41 44
0 11 13 33 44 22 32 44 44 41 44
0 11 11 33 44 32 33 44 14 41 44
0 14 13 33 44 32 33 41 11 41 44
0 11 11 33 44 33 33 44 11 44 44
0 11 13 33 44 32 33 41 11 41 44
0 14 13 32 42 33 22 44 11 41 44
0 11 11 33 42 33 33 44 11 44 44
0 11 13 33 44 33 33 44 11 41 41
0 11 13 33 44 32 33 44 14 41 41
0 44 33 33 42 32 33 44 14 41 44
0 11 13 32 42 32 33 44 11 41 44
0 14 33 33 22 32 32 44 14 44 41
0 11 11 33 42 32 32 44 11 44 44
0 11 13 33 42 32 32 41 11 44 41
0 11 13 32 44 32 33 44 44 44 44
0 11 13 33 44 32 32 41 14 11 44
0 11 13 33 42 33 33 44 14 41 44
0 11 11 32 42 33 33 44 11 41 44
0 11 13 33 44 33 33 44 11 44 44
0 14 13 33 42 32 33 44 11 11 44
0 11 13 33 42 33 33 44 11 41 44
0 14 13 33 42 32 32 44 14 44 44
0 11 11 33 44 33 33 44 11 44 44
0 14 13 33 42 32 32 44 14 11 44
0 14 33 32 42 22 33 41 11 41 41
0 11 13 32 44 33 32 44 11 41 11
0 11 11 33 42 33 33 44 11 44 44
0 11 11 33 42 33 32 44 14 11 44
0 14 13 33 42 32 33 41 11 44 44
0 11 11 33 44 33 33 44 11 41 44
0 11 13 33 42 32 33 41 14 11 41
0 11 11 32 44 32 22 41 11 41 41
0 11 11 32 22 32 32 44 14 41 44
0 14 33 32 44 32 33 44 11 41 44
0 11 33 32 42 33 33 44 11 41 41
0 11 13 33 44 32 33 44 11 41 44
0 11 13 33 44 33 32 44 11 41 44
0 11 13 33 44 33 32 44 11 41 44
0 11 13 33 42 33 33 44 14 41 44
0 11 33 33 44 32 32 11 14 41 44
0 14 13 33 44 32 33 44 11 44 44
0 11 11 33 44 32 33 44 11 44 44
0 11 33 33 44 32 32 44 11 44 44
0 11 13 33 42 32 32 44 11 41 44
0 14 11 32 42 32 33 44 11 41 44
0 14 13 33 44 32 32 44 11 11 41
0 11 33 33 44 33 33 44 11 41 41
0 11 11 32 44 33 33 44 11 41 44
0 11 13 33 44 32 33 44 14 44 44
0 11 13 33 42 32 32 44 11 11 41
0 11 13 33 42 32 33 44 14 44 41
0 11 11 32 42 33 33 44 14 44 44
0 11 11 33 22 32 33 44 11 41 44
0 11 33 32 42 33 33 44 11 41 41
0 11 13 33 42 32 32 44 14 41 44
0 14 33 33 42 33 33 44 11 44 41
0 11 13 33 44 33 33 44 14 41 44
0 11 13 33 44 33 33 44 11 44 44
0 14 11 22 44 22 33 41 11 41 44
0 11 11 33 42 33 33 44 11 44 44
0 14 33 33 42 32 32 44 14 41 44
0 11 11 33 42 33 33 44 11 44 41
0 11 11 33 42 33 33 11 14 41 44
0 11 11 33 44 33 33 44 11 41 41
0 11 11 33 42 22 32 44 11 41 41
0 11 13 33 44 33 32 44 14 44 44
0 11 11 33 44 33 33 44 11 44 44
0 11 11 33 44 32 33 44 11 44 44
0 14 13 32 44 22 32 44 11 44 44
0 11 11 33 42 33 33 44 11 11 41
0 11 11 33 42 32 33 44 11 41 44
0 11 11 33 44 32 33 44 14 44 44
0 14 11 33 44 32 33 41 14 41 44
0 11 11 32 44 32 33 44 11 44 44
0 11 13 32 44 32 33 44 11 41 44
0 11 33 32 42 33 22 44 11 11 41
0 11 13 32 42 32 33 44 11 41 44
0 14 13 33 42 32 33 41 14 41 44
0 14 33 33 44 32 33 44 14 41 44
0 11 13 33 42 32 33 44 11 44 44
0 11 11 33 44 32 33 41 11 44 44
0 11 33 32 42 33 33 44 11 41 41
0 11 13 33 44 32 32 41 14 11 44
0 44 13 33 44 33 33 41 44 44 44
0 14 13 33 44 33 32 44 11 11 41
0 11 13 33 42 32 32 44 14 41 44
0 11 11 33 44 22 33 44 11 44 41
0 11 13 33 42 33 32 44 11 11 44
0 11 11 32 44 22 32 11 11 44 44
0 11 13 33 42 33 33 44 11 44 44
0 11 13 33 42 33 33 41 14 44 44
0 14 13 33 44 33 33 44 11 41 44
0 11 13 33 44 22 32 44 11 44 44
0 14 13 33 44 32 33 41 11 41 44
0 11 33 32 42 32 32 44 14 41 44
0 11 33 33 44 33 33 41 11 41 41
0 11 11 32 42 22 32 44 11 44 44
0 11 11 32 42 32 33 44 11 41 44
0 11 33 33 44 33 32 44 11 41 44
0 11 33 32 44 32 33 44 14 11 44
0 11 11 33 44 33 33 44 11 44 11
0 14 13 33 44 33 33 44 11 44 41
0 11 13 33 44 32 33 44 11 44 44
0 44 11 33 44 22 33 44 14 44 41
0 14 13 32 42 33 33 44 11 41 44
0 11 11 33 44 32 33 44 11 44 44
0 11 13 32 22 33 33 44 11 44 44
0 11 11 33 42 33 33 44 11 44 44
0 11 11 33 44 33 33 44 14 41 44
0 11 13 32 44 22 33 44 14 44 44
0 14 13 33 44 32 33 44 11 41 44
0 11 11 33 44 33 33 44 11 41 41
0 11 13 33 44 33 33 44 11 44 44
0 11 11 33 42 33 33 44 11 11 44
0 11 11 33 42 33 33 41 11 44 44
0 11 13 33 42 33 33 44 11 44 44
0 11 33 32 42 32 33 44 11 41 44
0 11 11 33 44 33 33 44 11 44 44
0 11 13 33 44 32 32 44 11 41 44
0 11 33 33 44 33 33 41 11 41 44
0 11 13 33 44 32 33 44 14 44 44
0 11 11 32 44 32 32 41 11 11 44
0 14 11 32 44 33 33 41 11 11 44
0 11 13 32 44 32 33 44 11 41 41
0 11 11 33 44 32 33 44 14 41 44
0 11 13 32 44 33 33 44 14 44 44
0 11 33 33 44 32 32 44 14 44 44
0 14 11 33 42 33 33 41 11 44 44
0 11 11 33 44 32 33 44 11 44 44
0 14 33 22 44 32 32 44 14 41 11
0 11 11 33 44 33 32 44 11 41 44
0 11 11 33 42 32 33 44 11 41 44
0 11 13 33 42 32 33 41 11 41 44
0 11 11 33 42 22 33 41 11 44 44
0 11 13 33 44 33 33 44 11 44 44
0 14 13 32 42 22 32 41 14 44 44
0 11 11 33 44 32 33 44 11 41 44
0 14 13 33 44 33 33 44 11 11 41
0 11 13 33 44 33 33 44 11 44 41
0 11 13 33 42 33 33 44 14 44 44
0 14 33 33 42 33 32 44 14 41 41
0 11 13 33 44 33 33 44 14 11 44
0 11 13 33 22 32 33 44 14 41 44
0 11 13 32 42 32 32 44 11 41 41
0 11 11 33 22 32 33 41 11 41 44
0 11 13 33 44 32 33 44 11 41 44
0 11 13 33 22 32 22 41 14 44 41
0 11 11 32 42 33 32 44 11 11 44
0 11 11 33 42 32 32 44 14 11 44
0 11 13 33 42 33 33 41 11 44 44
0 14 13 33 44 32 33 44 11 41 44
0 14 13 33 42 32 33 44 11 41 44
0 11 13 33 44 33 32 44 11 44 44
0 11 13 33 42 32 33 41 14 44 44
0 11 11 33 44 32 32 44 14 11 41
0 11 11 32 42 32 33 44 11 11 41
0 11 13 33 42 32 32 44 11 11 44
0 11 33 33 44 33 32 41 11 44 44
0 11 11 32 44 32 33 44 11 41 44
0 11 13 33 42 32 32 44 14 44 41
0 11 13 33 44 32 33 44 11 41 44
0 14 33 33 42 32 32 44 14 44 44
0 11 13 33 44 22 33 41 11 41 44
0 11 11 32 44 32 33 44 11 11 44
0 11 13 32 44 33 33 44 11 41 44
0 14 33 32 44 32 32 41 11 11 44
0 11 13 32 44 32 33 44 11 41 41
0 14 13 33 44 22 32 44 11 11 11
0 11 11 33 44 32 32 44 11 41 44
0 11 33 33 44 32 33 44 11 41 44
0 11 13 33 42 32 33 44 11 41 41
0 11 33 33 44 22 33 44 14 41 44
0 11 11 33 22 22 33 44 11 11 44
0 14 11 33 42 32 22 44 14 41 44
0 14 11 33 44 22 33 44 11 41 44
0 11 11 33 44 32 33 44 11 41 44
0 14 13 33 22 32 33 44 11 41 44
0 14 11 33 44 32 33 44 11 44 41
0 14 13 33 42 33 33 44 11 44 44
0 11 13 33 44 33 32 44 44 41 44
0 11 11 33 42 33 32 44 11 44 41
0 14 11 33 42 33 32 41 14 41 41
0 11 11 33 44 32 32 44 11 41 44
0 14 13 33 42 33 33 44 44 41 44
0 11 11 33 22 22 32 44 11 41 41
0 11 11 33 42 33 33 44 11 44 44
0 11 13 32 44 32 33 44 11 41 44
0 11 11 33 44 32 32 44 14 41 44
0 14 13 32 42 32 33 44 44 11 41
0 11 13 32 42 22 32 44 11 11 44
1 11 11 33 44 33 33 44 11 41 44
1 14 13 33 22 22 32 44 44 41 44
1 11 13 33 44 33 32 44 11 44 44
1 11 33 32 44 32 33 44 14 11 44
1 14 13 33 42 32 32 44 11 44 44
1 11 11 33 42 33 33 44 14 41 44
1 14 11 33 42 32 32 44 11 11 44
1 11 11 33 22 22 32 44 14 44 44
1 11 13 33 44 22 33 44 14 44 41
1 14 11 33 42 22 32 44 11 41 44
1 14 13 33 44 33 33 44 11 44 44
1 11 33 33 42 22 33 44 11 44 44
1 11 11 33 44 32 33 44 11 44 44
1 11 13 33 44 32 32 44 14 41 41
1 11 11 33 42 22 33 44 44 41 44
1 11 11 22 44 32 33 41 14 44 41
1 11 13 33 44 33 33 44 11 44 44
1 11 13 33 42 32 32 44 14 44 41
1 11 13 32 42 32 33 44 11 41 41
1 11 13 33 44 22 33 44 11 44 44
1 11 11 33 44 22 33 41 11 44 44
1 11 33 32 42 33 33 44 14 11 11
1 11 11 33 44 33 33 44 11 11 44
1 11 13 33 44 33 32 44 14 41 44
1 11 11 33 44 32 33 44 11 41 44
1 11 13 32 44 22 33 44 11 41 44
1 11 33 33 44 32 33 41 11 41 44
1 11 13 33 44 32 33 44 11 41 44
1 11 11 33 44 33 33 44 11 41 44
1 11 11 33 44 33 33 44 11 41 44
1 11 11 22 44 32 33 44 11 41 41
1 11 13 33 44 32 33 41 14 44 41
1 11 13 33 42 33 32 44 11 41 44
1 11 13 32 44 33 33 44 11 41 41
1 11 11 33 42 32 32 44 14 41 44
1 14 11 33 42 32 22 44 11 44 44
1 11 11 33 44 32 33 44 11 41 44
1 11 13 33 44 32 33 44 11 44 44
1 11 13 32 42 33 33 44 14 11 44
1 11 11 33 44 33 33 44 11 44 44
1 11 13 33 44 33 33 44 14 41 44
1 14 13 33 44 22 33 41 11 41 44
1 11 11 33 42 32 33 44 11 41 44
1 14 13 32 44 32 33 41 11 41 44
1 11 13 33 44 32 33 44 11 41 44
1 11 13 33 44 32 32 44 11 11 41
1 11 13 33 42 32 33 44 11 44 44
1 11 13 33 44 22 33 44 14 41 44
1 11 33 32 44 32 32 44 11 41 44
1 11 13 32 44 33 33 44 14 41 41
1 11 11 32 22 32 33 44 14 41 41
1 11 11 33 44 32 33 44 11 44 44
1 14 11 33 44 32 33 41 11 41 44
1 11 11 33 44 33 33 44 14 44 44
1 11 11 33 44 22 32 41 14 44 44
1 11 13 33 22 33 32 44 14 11 44
1 11 11 33 44 33 33 44 14 44 44
1 11 33 33 44 32 33 44 14 44 44
1 11 13 32 44 33 33 44 11 11 41
1 11 11 33 42 32 32 44 14 11 41
1 11 11 33 42 33 33 41 11 41 44
1 11 13 33 22 32 33 44 14 41 41
1 11 13 33 44 32 33 44 11 44 44
1 11 33 33 44 33 33 44 11 41 44
1 11 11 33 44 33 33 44 11 41 44
1 11 13 33 22 22 22 44 14 11 44
1 11 11 33 42 33 32 44 11 41 41
1 11 11 33 44 32 33 44 11 41 44
1 14 13 33 42 32 32 44 11 41 44
1 11 11 32 44 32 33 44 11 44 44
1 11 13 33 42 33 33 44 11 44 44
1 11 11 33 44 33 33 44 11 44 44
1 11 11 33 44 22 33 44 14 11 44
1 11 11 33 44 33 32 44 11 41 44
1 11 11 33 44 32 33 44 11 41 44
1 14 33 32 22 33 33 44 14 41 44
1 11 33 33 42 33 33 44 14 44 44
1 11 13 32 42 33 32 44 14 41 44
1 11 13 33 42 33 33 44 11 44 44
1 11 33 33 44 33 33 44 14 11 44
1 11 11 33 42 22 32 41 14 44 44
1 11 13 33 44 22 33 44 11 41 44
1 11 11 33 44 32 33 41 11 11 44
1 11 13 32 42 22 32 44 11 44 44
1 11 11 33 22 32 32 44 11 41 44
1 11 11 33 44 32 33 44 11 44 44
1 11 11 33 44 32 33 44 11 44 44
1 44 13 32 44 32 33 44 11 44 41
1 11 11 33 44 33 32 44 11 41 44
1 11 11 32 42 32 32 44 14 41 44
1 11 13 33 42 32 32 44 14 11 44
1 14 33 33 44 22 32 44 14 41 44
1 14 11 32 44 32 33 41 11 44 41
1 11 13 32 42 32 33 41 14 41 44
1 11 11 33 42 32 33 44 14 41 44
1 11 33 32 44 32 32 41 44 41 44
1 14 11 33 42 33 33 44 14 11 44
1 11 11 33 44 33 33 44 11 41 44
1 11 11 33 42 32 33 44 11 11 44
1 11 11 33 42 33 33 44 11 44 44
1 11 13 22 42 32 33 44 14 41 44
1 11 11 33 44 32 33 41 11 41 41
1 11 33 33 44 33 33 44 11 44 44
1 11 11 33 42 32 33 44 14 41 44
1 11 11 33 44 32 33 41 11 41 44
1 11 11 33 44 33 33 44 11 44 44
1 11 11 33 42 33 32 44 11 44 44
1 14 33 32 44 33 32 41 11 11 44
1 11 13 22 44 32 22 41 11 44 44
1 11 33 33 42 33 33 44 11 11 44
1 11 11 33 44 33 33 44 11 41 44
1 11 13 33 42 32 33 44 11 41 44
1 11 11 32 44 32 33 44 11 41 44
1 11 11 33 44 33 33 44 11 41 44
1 11 33 32 42 33 32 44 11 44 44
1 11 11 33 44 33 33 44 11 44 44
1 11 13 33 44 32 32 41 11 44 44
1 11 11 33 22 33 33 44 11 44 44
1 11 11 33 44 22 32 44 11 11 11
1 14 13 33 44 33 33 44 11 44 44
1 14 33 32 22 22 33 44 11 11 41
1 11 13 32 42 32 33 41 11 41 44
1 11 11 33 44 33 33 44 11 44 11
1 11 33 32 42 33 32 11 11 41 44
1 14 13 33 44 22 33 44 11 11 44
1 11 11 33 44 32 32 44 11 41 44
1 11 11 33 44 33 33 41 11 44 44
1 14 13 33 44 32 32 44 11 44 44
1 11 11 33 42 32 33 44 11 41 44
1 11 13 33 44 32 33 41 11 41 41
1 14 11 32 42 32 32 44 14 41 41
1 11 13 32 42 22 33 44 11 11 41
1 14 13 33 44 32 32 44 14 44 44
1 11 11 33 44 33 33 44 11 41 44
1 11 11 33 44 32 33 44 11 41 44
1 11 13 33 44 32 33 41 14 41 41
1 11 13 33 44 22 32 44 11 44 44
1 11 13 33 22 32 33 44 11 41 44
1 11 11 33 42 22 32 44 11 41 44
1 11 11 33 44 32 33 44 14 41 44
1 11 11 33 44 33 33 44 11 44 44
1 11 11 33 44 33 32 44 11 44 44
1 11 11 33 42 32 33 44 44 41 41
1 14 11 33 42 33 33 44 11 41 44
1 11 13 33 42 33 33 44 11 44 44
1 11 11 33 44 32 33 44 14 41 41
1 11 11 33 44 32 33 44 11 41 44
1 14 13 33 44 32 33 44 11 41 41
1 11 13 33 22 33 22 41 11 44 44
1 11 11 33 42 32 33 44 14 41 44
1 11 11 33 44 33 32 44 11 41 44
1 11 11 32 42 22 33 44 11 44 44
1 14 13 33 42 33 32 44 14 11 44
1 14 11 33 42 32 33 44 14 41 44
1 11 13 33 44 32 33 44 14 44 44
1 11 11 32 44 32 33 44 11 44 41
1 11 33 32 44 32 22 44 11 41 41
1 14 11 33 42 32 33 44 11 44 44
1 11 11 33 44 33 33 44 14 44 44
1 11 33 33 42 32 32 44 11 41 44
1 11 13 33 22 33 32 44 11 11 44
1 11 11 33 42 32 32 44 11 41 44
1 11 13 33 42 22 33 41 14 11 41
1 14 13 33 42 32 32 41 14 11 44
1 44 11 32 44 32 22 44 11 41 41
1 11 33 33 42 32 32 44 14 41 44
1 11 13 33 44 32 33 44 11 41 41
1 11 11 32 44 32 32 41 11 44 41
1 11 13 33 44 32 32 44 11 44 44
1 14 11 33 44 33 32 41 14 44 44
1 11 33 33 42 32 32 44 11 41 41
1 14 33 32 44 33 32 44 14 41 41
1 11 33 33 44 22 33 11 11 41 44
1 11 33 32 44 22 33 44 11 44 44
1 11 11 33 42 33 32 44 11 11 41
1 11 13 33 44 22 33 44 14 41 44
1 11 11 33 44 32 33 44 14 44 41
1 11 13 33 44 32 33 44 11 41 44
1 11 33 33 44 33 33 44 11 44 44
1 11 33 32 42 22 32 44 11 41 41
1 14 13 33 42 32 32 41 11 11 44
1 11 11 33 22 32 22 44 11 41 44
1 11 13 33 42 22 32 44 11 41 44
1 11 13 32 44 33 33 44 14 41 44
1 14 13 33 44 32 32 44 11 11 44
1 11 33 32 44 32 32 41 14 11 44
1 11 11 33 44 32 33 44 11 44 44
1 11 11 32 42 32 33 44 11 41 44
1 11 11 33 44 32 33 41 14 11 44
1 11 11 33 44 33 33 44 11 41 44
1 11 13 32 42 22 33 41 14 41 44
1 11 13 33 44 33 32 44 11 41 44
1 11 13 33 44 33 32 44 14 41 44
1 11 13 33 42 32 33 41 11 11 44
1 14 11 33 22 32 32 44 11 11 44
1 14 11 32 44 33 33 44 11 41 44
1 11 13 32 44 32 32 41 14 11 41
1 11 11 33 44 33 33 44 11 44 44
1 11 11 22 22 33 33 44 11 41 44
1 11 13 33 44 33 32 44 11 44 41
1 11 11 33 44 32 33 44 11 44 44
1 11 13 33 44 22 32 44 11 11 41
1 14 13 32 42 32 33 44 14 41 44
1 14 13 33 22 32 32 44 11 11 44
1 14 33 32 42 32 33 41 11 11 44
1 14 33 33 42 22 32 44 11 44 44
1 14 11 33 44 33 33 44 11 11 44
1 11 13 33 44 33 33 44 11 41 44
1 11 13 33 22 33 33 44 44 11 41
1 14 13 33 42 33 33 44 14 41 44
1 14 11 32 44 32 33 44 11 41 44
1 14 33 33 44 33 33 44 11 44 41
1 11 33 33 22 32 32 41 14 11 44
1 11 11 33 44 32 33 41 11 11 44
1 11 11 33 44 33 33 44 11 44 44
1 11 11 33 44 32 33 44 11 41 44
1 11 11 33 44 32 33 41 14 41 44
1 14 13 33 42 32 33 44 11 41 41
1 11 13 33 42 22 33 44 11 41 41
1 11 33 33 44 32 33 41 11 44 41
1 11 13 33 44 32 32 44 11 41 41
1 14 13 33 44 33 32 44 11 11 41
1 11 11 33 44 32 33 44 11 44 44
1 11 11 33 42 33 33 44 11 44 44
1 14 11 33 44 22 32 44 14 11 44
1 14 11 32 44 32 33 44 11 41 44
1 11 13 33 44 33 33 44 44 44 44
1 44 13 33 44 32 33 41 11 11 44
1 11 13 32 44 32 32 41 14 11 41
1 11 11 33 44 33 33 44 11 44 44
1 11 13 33 44 32 33 41 11 44 11
1 11 13 33 42 33 32 44 14 41 41
1 14 13 33 44 33 33 44 44 41 44
1 14 13 33 22 22 33 44 11 44 41
1 11 13 33 42 32 33 41 14 41 41
1 14 33 22 42 33 33 44 14 41 44
1 11 33 33 42 32 33 44 14 41 44
1 11 11 33 44 22 33 41 11 41 44
1 14 11 32 22 32 32 41 11 44 44
1 44 13 33 44 32 33 44 14 41 41
1 11 13 33 44 33 33 41 11 41 44
1 11 13 32 44 33 32 41 11 41 44
1 11 33 32 44 33 32 44 11 41 44
1 11 13 33 22 33 33 44 11 44 44
1 11 11 32 42 33 33 44 11 41 11
1 11 13 33 44 32 33 44 11 44 44
1 11 13 33 42 22 22 44 11 44 41
1 11 33 33 42 33 32 41 11 44 41
1 11 13 32 42 32 32 44 11 44 44
1 11 11 32 42 33 33 44 14 11 44
1 14 33 32 42 32 32 41 14 41 44
1 14 11 33 44 33 33 44 14 44 44
1 11 11 33 44 32 33 44 11 44 44
1 11 13 33 42 32 22 44 14 41 11
1 11 11 33 42 33 22 44 14 41 41
1 14 13 33 44 22 33 44 11 41 41
1 14 13 32 44 32 33 44 11 41 41
1 11 13 33 44 33 33 44 11 44 44
1 11 11 33 44 22 33 44 14 44 41
1 11 11 33 44 32 33 41 11 11 44
1 11 11 33 42 32 32 44 11 41 44
1 11 11 33 44 33 32 41 11 44 44
1 11 33 33 44 32 32 41 11 44 41
1 11 11 33 42 33 33 44 11 44 41
1 14 13 33 22 32 32 44 14 41 44
1 14 11 33 44 33 33 44 11 41 44
1 11 13 33 42 32 32 44 14 41 41
1 11 13 33 42 32 32 44 11 41 41
1 11 11 33 44 32 32 44 11 41 44
1 11 11 33 42 33 32 44 11 44 44
1 11 33 33 42 32 33 44 11 41 41
1 11 11 33 44 32 33 44 11 44 44
1 11 13 33 44 22 33 44 14 44 44
1 11 11 33 44 32 33 41 14 41 44
1 44 13 33 44 22 32 44 14 41 44
1 11 33 33 44 33 33 44 11 41 44
1 14 33 32 42 33 33 44 14 41 41
1 11 13 33 42 32 32 44 11 11 41
1 11 11 32 42 33 33 44 11 11 44
1 11 33 33 42 22 33 41 11 11 41
1 11 33 33 44 32 32 44 14 44 44
1 14 13 33 42 32 33 44 11 44 44
1 11 33 32 22 32 32 44 14 11 44
1 11 33 33 42 33 33 44 11 41 44
1 11 13 33 22 33 33 44 14 44 44
1 11 11 33 42 33 33 41 11 41 41
1 11 13 33 44 33 33 41 11 44 41
1 11 13 32 44 33 22 44 11 41 44
1 11 13 33 44 33 33 44 11 11 44
1 11 13 33 44 32 33 44 11 41 44
1 14 11 32 42 22 32 44 44 44 44
1 11 13 32 42 33 33 44 11 41 41
1 11 11 33 44 33 33 44 11 44 41
1 11 33 32 42 32 32 41 11 41 44
1 11 11 33 44 33 33 44 11 41 44
1 14 33 33 22 33 33 44 11 41 44
1 14 13 33 44 32 32 44 11 11 44
1 11 11 32 42 33 32 44 11 44 44
1 11 13 33 44 33 32 44 11 44 44
1 11 13 32 42 32 32 44 14 41 44
1 11 13 33 42 32 32 41 11 44 44
1 11 11 33 42 32 32 44 11 41 44
1 11 11 33 44 32 33 44 11 11 44
1 14 13 32 44 33 33 44 11 41 41
1 11 13 32 44 33 32 44 11 41 44
1 11 11 33 42 33 33 41 11 11 41
1 14 13 33 22 32 33 44 11 44 44
1 11 11 33 44 33 33 44 11 44 41
1 11 11 32 44 22 22 41 11 44 44
1 11 13 33 22 33 32 41 14 41 44
1 14 13 33 44 33 33 44 14 41 44
1 11 13 33 22 32 32 44 11 41 41
1 11 11 33 42 33 33 44 14 44 41
1 11 13 32 42 22 32 44 11 11 44
1 11 13 33 42 33 32 44 11 44 44
1 11 11 33 44 32 33 44 14 44 44
1 11 11 33 42 32 33 44 11 41 44
1 11 11 32 44 32 32 41 11 11 44
1 14 11 32 42 32 33 44 11 11 41
1 11 11 33 44 32 33 44 14 41 44
1 44 33 33 44 32 33 44 11 44 44
1 11 11 33 44 33 33 44 11 44 44
1 11 13 33 44 33 33 44 11 41 44
1 11 13 33 42 32 33 44 11 41 44
1 14 13 33 42 22 33 44 44 41 44
1 11 13 33 42 32 32 44 11 11 44
1 11 11 33 44 32 33 44 11 44 44
1 14 13 33 22 32 32 41 11 44 44
1 14 13 33 44 32 33 44 11 41 44
1 11 33 33 44 33 33 44 11 44 41
1 11 13 33 44 32 32 44 14 11 44
1 11 11 32 44 33 33 44 11 44 44
1 14 11 32 44 33 33 44 14 11 44
1 11 11 33 42 22 33 44 11 11 44
1 11 13 33 44 32 32 44 11 44 44
1 11 33 33 44 32 32 44 11 44 41
1 14 33 33 44 33 33 44 11 44 44
1 11 11 33 44 32 33 44 11 44 44
1 14 13 33 42 32 33 44 11 41 44
1 11 11 33 44 32 33 44 11 41 44
1 11 13 32 42 33 33 44 11 44 41
1 11 13 32 44 22 32 41 14 11 44
1 11 11 33 44 33 33 44 14 41 44
1 11 33 33 44 22 33 44 11 11 44
1 11 11 33 44 33 33 44 11 41 44
1 11 13 33 42 22 32 44 14 41 41
1 11 33 32 42 33 33 44 44 44 44
1 11 13 33 44 33 32 44 11 44 44
1 11 11 33 44 33 33 44 14 44 44
1 11 11 33 42 32 33 44 11 44 44
1 11 13 33 42 32 32 44 14 44 44
1 11 33 33 44 32 33 44 14 41 44
1 11 13 33 44 32 32 44 11 41 44
1 11 11 33 42 32 33 44 11 41 44
1 11 33 33 44 33 22 44 11 41 41
1 14 13 33 42 33 32 44 11 44 44
1 11 11 33 44 33 32 44 11 41 41
1 11 11 33 44 33 32 41 11 41 41
1 11 13 32 42 33 33 44 11 11 44
1 11 13 33 44 32 33 44 14 41 41
1 14 11 33 44 33 32 41 11 41 11
1 11 11 33 42 22 33 44 11 11 44
1 14 33 33 42 32 33 44 14 44 44
1 14 13 33 44 33 33 44 11 44 44
1 11 13 33 42 32 33 44 11 41 44
1 14 13 33 44 33 32 44 11 41 44
1 11 13 33 22 32 22 44 14 11 44
1 11 11 32 42 33 33 44 14 44 44
1 11 33 33 44 32 32 44 14 44 44
1 11 33 33 42 33 22 44 11 44 44
1 11 11 33 44 33 33 44 11 41 44
1 11 13 33 44 32 33 44 11 44 44
1 11 13 32 42 22 32 41 11 41 41
1 11 33 33 42 32 32 44 11 44 41
1 11 13 22 42 33 33 44 11 41 44
1 11 11 33 44 32 33 44 11 44 44
1 11 11 32 42 32 33 44 14 11 44
1 11 11 32 44 33 33 44 11 44 44
1 11 13 32 44 32 33 44 14 41 44
1 14 13 33 44 33 33 44 11 41 44
1 11 33 33 42 33 33 44 11 44 44
1 11 13 33 42 32 32 44 11 11 41
1 14 33 33 42 32 32 41 11 44 44
1 11 11 33 42 32 33 44 11 41 44
1 11 13 33 44 33 33 44 11 41 44
1 11 33 33 44 33 33 41 14 44 41
1 11 11 33 44 33 33 41 11 41 44
1 11 11 33 42 32 33 41 11 41 44
1 14 33 33 22 32 32 44 11 44 41
1 11 13 33 42 33 33 44 14 41 44
1 14 11 32 44 32 33 44 14 41 44
1 11 13 33 44 33 22 44 14 11 41
1 11 11 33 44 32 32 44 11 44 44
1 11 13 33 44 32 32 44 14 41 44
1 11 33 33 44 32 32 44 11 41 44
1 11 13 33 42 22 32 44 11 44 44
1 11 33 33 42 32 32 44 11 11 44
1 11 13 33 44 33 33 44 11 44 44
1 14 33 33 42 22 33 44 11 41 41
1 11 11 33 22 32 33 41 11 11 44
1 11 11 33 44 32 33 41 11 44 41
1 11 11 33 22 32 33 44 14 44 41
1 11 13 33 44 33 33 44 11 44 44
1 14 11 33 22 33 33 44 11 44 44
1 11 13 33 44 33 32 44 11 44 44
1 11 33 33 42 32 32 41 14 11 41
1 11 11 33 44 33 33 41 11 11 44
1 11 11 32 22 32 32 44 14 44 44
1 14 13 32 42 33 33 44 11 44 44
1 14 33 33 42 32 33 41 14 41 44
1 11 11 32 42 22 32 41 14 41 44
1 11 11 33 44 32 33 44 11 41 44
1 11 13 33 42 33 33 44 14 41 41
1 11 11 33 42 32 33 44 14 44 44
1 11 11 33 42 33 33 41 14 44 41
1 11 13 33 42 33 33 44 14 41 44
1 11 11 33 44 33 32 44 14 44 44
1 11 33 32 42 32 32 44 11 11 41
1 14 13 22 44 32 22 44 11 41 41
1 14 33 33 44 33 32 44 11 41 44
1 11 13 32 44 32 33 44 44 41 44
1 11 13 33 44 22 32 44 11 44 44
1 11 33 32 42 33 32 44 11 41 44
1 14 11 33 42 32 33 11 14 41 44
1 14 11 32 44 32 33 41 11 11 44
1 11 13 33 42 32 33 44 11 44 44
1 11 13 33 42 33 33 44 14 44 41
1 11 13 33 42 32 32 44 11 41 44
1 14 11 22 42 32 33 44 14 41 41
1 14 13 33 44 33 33 44 11 11 44
1 11 11 33 42 32 32 44 14 41 44
1 11 11 33 22 32 33 44 11 41 41
1 11 11 33 44 33 33 44 11 44 44
1 11 11 33 44 33 33 44 11 41 44
1 11 13 32 44 33 33 41 11 44 44
1 11 33 33 44 32 33 44 11 41 41
1 11 13 33 44 33 33 44 11 41 41
1 11 13 32 44 32 33 44 11 41 44
1 11 13 33 42 33 32 44 14 41 44
1 11 11 32 42 22 33 44 11 41 44
1 11 33 33 44 33 32 41 11 41 44
1 11 13 32 44 32 33 44 14 44 41
1 11 11 32 42 33 33 44 11 41 41
1 11 13 33 42 33 33 44 11 41 44
1 11 11 33 44 33 33 44 11 44 44
1 14 11 33 44 33 33 44 11 44 44
1 14 33 32 42 33 33 44 11 11 44
1 14 11 32 42 33 32 44 11 41 41
1 11 11 33 44 32 33 44 11 44 44
1 14 33 32 42 32 32 44 11 11 44
1 11 11 33 44 22 33 44 14 41 44
1 11 13 33 44 32 33 44 14 44 44
1 11 13 33 42 33 33 44 14 41 44
1 11 33 33 42 33 32 44 11 41 44
1 11 13 33 44 33 33 44 11 41 44
1 11 33 33 44 32 33 44 11 11 44
1 11 13 33 44 32 33 44 11 44 44
1 11 11 33 42 33 33 44 11 44 44
1 11 11 22 42 32 22 44 14 41 44
1 14 11 33 42 33 32 44 11 41 41
1 11 13 33 44 32 33 44 11 41 44
1 44 13 32 42 32 33 44 11 11 44
1 11 11 33 42 33 33 41 14 44 44
1 11 13 32 42 32 33 44 11 41 44
1 11 13 33 44 32 33 44 11 41 44
1 14 13 32 22 22 33 44 11 41 44
1 11 33 32 44 22 32 44 14 44 44
1 11 13 33 22 33 32 44 11 11 44
1 11 13 33 44 22 33 44 14 41 41
1 14 33 32 44 33 32 44 14 41 44
1 14 13 33 44 22 33 44 11 44 41
1 11 11 32 42 32 32 44 11 11 44
1 11 11 33 42 32 33 44 11 41 44
1 14 11 33 44 33 32 44 14 44 44
1 11 13 33 44 33 33 41 11 44 41
1 11 33 33 42 33 32 44 11 41 44
1 11 11 33 44 33 32 41 11 41 44
1 11 11 33 44 33 33 44 14 44 41
1 11 13 33 44 32 33 44 11 41 44
1 11 11 32 44 32 32 44 11 11 44
1 11 11 33 42 33 33 44 11 44 41
1 11 13 32 44 32 32 41 44 41 44
1 11 13 32 44 32 32 44 11 41 44
1 11 13 33 22 22 32 44 11 41 41
1 14 11 33 42 32 33 44 14 41 44
1 11 13 33 42 32 33 44 11 44 41
1 11 13 33 42 22 22 44 11 41 44
1 11 13 33 22 22 33 41 14 44 44
1 11 11 33 44 32 33 44 11 41 44
1 11 11 33 42 33 33 44 14 44 41
1 14 11 33 44 32 33 44 14 44 41
1 11 13 33 44 32 33 44 11 11 44
1 11 11 33 42 33 33 44 11 41 41
1 11 13 33 42 32 32 44 11 44 41
1 11 13 33 44 22 32 44 11 41 44
1 14 11 33 42 32 32 44 14 44 41
1 11 33 33 44 32 32 44 14 44 41
1 11 11 32 42 22 33 44 14 44 44
1 11 33 33 42 22 33 44 11 41 11
1 14 33 33 44 32 32 44 11 41 44
