 rs2294528 rs201151 rs3789572
0 22 23 11
0 32 23 31
0 33 22 11
0 22 22 31
0 32 23 31
0 33 23 11
0 22 22 11
0 32 23 33
0 33 22 11
0 22 23 33
0 32 22 31
0 32 23 33
0 22 23 31
0 33 22 33
0 32 23 11
0 32 23 31
0 22 23 31
0 22 33 31
0 32 23 31
0 22 33 11
0 22 23 33
0 22 33 11
0 33 23 31
0 32 23 31
0 32 22 33
0 32 22 11
0 32 22 33
0 22 23 31
0 33 23 11
0 32 33 31
0 32 22 11
0 33 23 31
0 32 23 33
0 22 23 31
0 33 23 31
0 33 22 31
0 33 23 33
0 32 23 33
0 33 22 11
0 22 22 11
0 22 23 11
0 33 22 11
0 32 23 31
0 33 22 31
0 33 22 31
0 22 23 31
0 22 22 11
0 32 23 11
0 32 33 31
0 33 22 31
0 22 23 31
0 32 33 31
0 33 22 11
0 33 22 31
0 32 33 31
0 32 23 33
0 22 22 11
0 32 22 33
0 32 23 31
0 33 22 31
0 33 23 31
0 33 22 33
0 32 23 31
0 32 23 11
0 33 23 11
0 32 23 31
0 32 33 11
0 33 23 31
0 33 23 31
0 32 22 31
0 32 33 31
0 22 22 31
0 32 22 33
0 32 23 33
0 32 23 31
0 32 22 31
0 33 22 11
0 32 23 33
0 22 23 31
0 33 23 33
0 33 22 31
0 33 22 31
0 32 22 31
0 33 22 33
0 32 22 33
0 22 23 31
0 33 22 33
0 33 22 33
0 32 23 11
0 32 23 33
0 32 22 31
0 32 23 31
0 22 23 31
0 32 22 31
0 33 23 33
0 32 23 31
0 32 23 31
0 32 33 33
0 22 23 33
0 33 22 33
0 33 23 33
0 32 23 31
0 32 23 31
0 33 23 33
0 33 23 11
0 32 22 33
0 33 33 31
0 22 33 31
0 33 22 31
0 32 23 31
0 32 22 31
0 32 22 31
0 22 22 31
0 32 22 33
0 33 22 33
0 32 22 11
0 22 33 11
0 32 22 11
0 32 22 31
0 22 33 31
0 32 23 33
0 33 22 31
0 32 22 11
0 33 22 31
0 32 33 31
0 22 23 11
0 32 22 31
0 33 22 33
0 33 22 33
0 32 23 33
0 32 22 31
0 32 33 31
0 33 23 31
0 32 22 11
0 33 23 33
0 33 23 31
0 22 22 31
0 32 33 11
0 22 22 31
0 32 23 11
0 33 22 31
0 32 22 11
0 32 22 33
0 22 22 11
0 32 33 31
0 22 23 31
0 33 23 33
0 32 23 31
0 33 33 31
0 22 23 31
0 33 23 31
0 33 22 31
0 32 23 33
0 33 22 33
0 22 22 31
0 32 22 33
0 32 23 11
0 22 22 11
0 22 23 31
0 22 23 33
0 22 23 33
0 33 22 33
0 32 22 11
0 22 22 33
0 33 22 33
0 33 23 31
0 33 23 11
0 33 23 11
0 33 22 33
0 33 23 33
0 33 22 31
0 32 23 31
0 32 22 33
0 33 22 31
0 32 22 31
0 22 22 31
0 32 23 11
0 32 23 33
0 32 22 31
0 33 22 33
0 22 23 11
0 32 23 33
0 32 22 31
0 32 23 31
0 32 23 31
0 33 22 31
0 33 22 33
0 33 23 33
0 33 23 11
0 32 22 31
0 32 22 33
0 22 23 31
0 22 33 33
0 22 23 31
0 32 23 31
0 32 22 11
0 32 22 31
0 33 23 31
0 22 33 33
0 33 23 31
0 22 22 31
0 32 33 31
0 22 22 11
0 33 22 33
0 32 23 31
0 32 33 11
0 22 22 31
0 22 33 11
0 33 23 11
0 22 22 11
0 32 22 31
0 32 23 11
0 22 33 31
0 22 23 11
0 32 22 31
0 32 22 31
0 33 23 33
0 22 22 31
0 33 22 31
0 22 23 31
0 33 23 33
0 32 23 11
0 32 22 31
0 32 23 11
0 32 23 31
0 33 33 11
0 32 22 11
0 33 23 31
0 32 22 31
0 33 23 31
0 33 22 33
0 32 22 31
0 32 22 31
0 33 22 31
0 32 23 11
0 32 33 31
0 32 22 31
0 32 22 33
0 33 23 31
0 32 22 11
0 32 23 31
0 32 22 31
0 33 22 33
0 33 23 11
0 33 23 33
0 33 23 33
0 33 23 33
0 32 23 11
0 22 22 33
0 33 22 31
0 33 23 31
0 32 23 11
0 32 22 33
0 32 23 31
0 32 23 31
0 33 23 31
0 32 22 33
0 32 22 31
0 22 22 31
0 32 22 33
0 32 22 11
0 32 23 11
0 32 23 33
0 32 23 31
0 33 22 33
0 33 22 31
0 32 33 11
0 32 23 31
0 32 22 31
0 22 22 33
0 22 23 33
0 33 22 31
0 32 23 31
0 32 33 33
0 22 33 11
0 32 22 31
0 32 22 31
0 32 33 31
0 22 22 11
0 32 33 31
0 33 22 31
0 32 22 11
0 32 23 11
0 33 22 31
0 33 23 31
0 32 22 33
0 22 22 33
0 33 22 11
0 32 22 33
0 32 23 31
0 22 22 33
0 32 22 31
0 33 23 31
0 22 23 33
0 33 22 31
0 32 22 31
0 32 23 31
0 32 23 11
0 32 23 33
0 33 22 31
0 33 22 33
0 33 23 31
0 32 22 33
0 33 22 33
0 32 33 33
0 32 23 31
0 33 33 11
0 32 22 31
0 32 33 31
0 32 22 31
0 33 22 33
0 32 23 11
0 33 23 33
0 32 23 33
0 32 23 31
0 33 33 31
0 32 23 31
0 33 23 31
0 33 22 33
0 32 23 33
0 32 23 31
0 22 23 31
0 32 23 31
0 32 23 31
0 33 23 33
0 33 22 31
0 32 33 33
0 33 22 11
0 33 33 33
0 33 23 11
0 32 23 31
0 33 22 31
0 32 33 33
0 22 23 11
0 32 22 33
0 32 22 31
0 32 23 11
0 33 22 11
0 32 22 11
0 33 22 31
0 22 23 31
0 32 22 33
0 33 22 33
0 32 22 31
0 33 23 33
0 32 22 31
0 33 22 31
0 33 33 11
0 32 33 11
0 33 23 31
0 32 22 31
0 33 23 31
0 22 23 31
0 32 22 11
0 22 22 31
0 33 23 31
0 22 23 33
0 32 23 31
0 32 22 11
0 33 22 31
0 32 22 31
0 32 22 11
0 32 22 33
0 32 23 31
0 32 22 33
0 32 22 33
0 32 22 31
0 22 23 33
0 32 22 31
0 33 22 11
0 32 22 33
0 33 22 33
0 32 33 33
0 32 23 31
0 33 22 31
0 32 23 11
0 32 33 31
0 32 22 33
0 22 22 31
0 32 23 33
0 32 22 11
0 33 22 33
0 32 22 31
0 32 22 31
0 22 22 31
0 32 23 31
0 32 22 31
0 33 33 31
0 32 33 31
0 32 33 33
0 22 23 31
0 33 33 33
0 33 33 31
0 33 23 31
0 33 22 11
0 22 23 33
0 32 23 31
0 32 23 31
0 32 22 31
0 32 23 31
0 22 22 11
0 32 23 33
0 32 22 33
0 32 22 33
0 22 23 31
0 32 22 31
0 22 23 31
0 32 22 33
0 32 33 11
0 32 23 31
0 32 22 11
0 32 22 31
0 33 22 31
0 32 23 11
0 32 23 31
0 22 23 31
0 32 23 31
0 32 22 11
0 32 22 33
0 22 23 31
0 32 23 31
0 32 22 33
0 32 23 33
0 33 22 31
0 33 22 31
0 22 22 11
0 33 23 31
0 33 22 31
0 32 33 31
0 32 22 31
0 33 22 11
0 32 23 31
0 32 23 33
0 32 22 11
0 32 23 31
0 32 22 31
0 32 23 11
0 32 33 11
0 33 23 33
0 33 23 33
0 33 22 33
0 32 22 31
0 22 22 33
0 32 22 31
0 32 22 31
0 22 23 33
0 33 23 31
0 22 22 33
0 33 22 31
0 32 23 31
0 32 33 11
0 32 22 11
0 32 22 33
0 32 22 31
0 22 22 33
0 33 23 31
0 32 23 11
0 33 22 33
0 32 22 11
0 32 22 31
0 33 22 33
0 33 22 31
0 32 23 11
0 32 23 33
0 32 23 31
0 33 22 31
0 32 23 33
0 32 22 31
0 33 22 33
0 22 23 31
0 32 23 31
0 33 33 31
0 33 23 11
0 32 22 31
0 32 23 31
0 22 23 11
0 33 33 31
0 32 23 11
0 32 23 11
0 32 23 31
0 32 23 33
0 33 33 11
0 32 23 31
0 22 22 33
0 32 33 31
0 33 23 31
0 32 22 33
0 32 23 33
0 33 23 33
0 33 23 33
0 32 23 11
0 32 23 31
0 22 23 33
0 32 22 31
0 32 22 11
0 32 22 11
0 33 23 33
0 33 22 33
0 33 23 31
0 32 23 31
1 22 23 11
1 22 23 31
1 32 23 33
1 33 22 31
1 33 23 31
1 22 23 11
1 22 22 31
1 33 22 31
1 32 22 11
1 32 22 31
1 22 22 31
1 32 23 31
1 32 22 11
1 33 22 31
1 32 23 31
1 22 22 33
1 33 23 31
1 33 23 11
1 32 23 11
1 22 22 31
1 32 33 31
1 33 22 33
1 32 33 11
1 33 33 31
1 32 23 31
1 32 23 11
1 32 23 31
1 22 22 31
1 32 23 33
1 22 22 11
1 32 23 33
1 33 23 31
1 33 22 31
1 32 23 33
1 32 22 31
1 32 22 31
1 33 22 33
1 33 23 33
1 33 23 11
1 22 33 31
1 32 23 31
1 32 22 31
1 32 22 31
1 22 23 33
1 32 22 33
1 33 22 31
1 32 22 31
1 22 23 31
1 22 23 33
1 32 23 33
1 22 22 31
1 32 22 31
1 32 22 33
1 22 23 31
1 32 22 11
1 22 23 31
1 32 23 11
1 33 23 11
1 22 23 33
1 33 22 33
1 33 22 33
1 33 22 33
1 32 23 31
1 33 22 31
1 32 23 31
1 22 33 11
1 33 23 33
1 32 33 11
1 32 23 31
1 32 22 33
1 33 22 33
1 32 33 31
1 32 23 31
1 22 33 31
1 32 23 11
1 22 22 11
1 33 33 31
1 33 22 33
1 33 22 11
1 32 23 11
1 32 23 11
1 32 23 31
1 33 22 31
1 32 22 31
1 32 33 11
1 32 33 31
1 22 23 31
1 22 22 31
1 33 23 33
1 33 23 11
1 22 22 31
1 33 22 33
1 22 23 33
1 32 23 33
1 32 23 11
1 22 23 31
1 33 23 31
1 22 22 33
1 32 22 33
1 33 22 31
1 33 22 33
1 32 22 11
1 32 23 11
1 33 22 31
1 32 23 11
1 33 22 31
1 32 22 11
1 32 22 33
1 33 23 11
1 22 23 31
1 32 33 31
1 32 23 33
1 32 33 31
1 32 23 31
1 22 22 33
1 33 23 11
1 32 23 31
1 32 23 11
1 32 22 11
1 32 33 31
1 32 23 31
1 32 23 31
1 22 22 31
1 32 23 11
1 32 22 11
1 33 23 33
1 32 23 31
1 32 22 33
1 33 23 33
1 32 23 31
1 32 23 31
1 33 23 31
1 32 23 31
1 32 22 31
1 33 23 33
1 32 23 31
1 32 23 11
1 32 23 11
1 33 33 31
1 32 23 31
1 33 23 11
1 33 22 31
1 32 23 11
1 32 22 33
1 22 23 31
1 32 33 33
1 22 23 33
1 33 22 31
1 32 22 11
1 33 23 31
1 33 23 31
1 32 22 31
1 33 22 31
1 33 23 31
1 33 23 33
1 33 22 11
1 33 23 31
1 33 22 33
1 33 23 31
1 33 22 33
1 32 22 33
1 33 23 31
1 33 23 31
1 33 22 11
1 32 22 33
1 32 33 31
1 22 23 31
1 32 33 31
1 32 22 33
1 32 23 31
1 33 22 11
1 32 23 11
1 33 22 11
1 32 23 31
1 32 22 31
1 22 33 11
1 32 33 31
1 33 22 33
1 32 22 11
1 32 22 31
1 33 33 11
1 33 23 31
1 22 23 11
1 32 22 33
1 33 23 11
1 32 23 33
1 33 22 33
1 32 23 31
1 33 22 31
1 22 22 31
1 22 22 31
1 33 22 33
1 33 23 11
1 32 22 31
1 32 23 31
1 32 33 11
1 22 33 31
1 32 22 33
1 33 22 11
1 22 23 31
1 22 22 11
1 32 22 31
1 22 22 31
1 32 22 31
1 22 23 31
1 32 23 31
1 33 33 33
1 32 23 33
1 32 22 31
1 22 22 31
1 32 23 11
1 22 23 11
1 32 23 31
1 32 22 31
1 33 22 31
1 22 23 31
1 32 22 11
1 33 23 33
1 33 23 33
1 33 33 31
1 22 33 31
1 32 33 31
1 32 22 31
1 33 22 31
1 32 23 31
1 33 33 11
1 32 22 11
1 32 22 11
1 33 22 31
1 33 23 33
1 32 22 31
1 33 23 31
1 22 23 33
1 33 23 33
1 33 23 33
1 32 23 31
1 33 22 11
1 33 23 11
1 22 33 31
1 32 23 31
1 32 22 31
1 33 23 33
1 32 23 31
1 33 23 11
1 32 23 31
1 32 22 31
1 22 23 11
1 32 23 31
1 33 33 33
1 22 23 11
1 32 23 33
1 32 22 31
1 32 22 33
1 33 23 31
1 22 23 33
1 33 22 31
1 32 23 33
1 32 33 33
1 32 22 11
1 22 23 33
1 33 22 11
1 22 22 31
1 33 33 31
1 32 22 31
1 32 22 31
1 33 22 11
1 32 23 31
1 33 22 11
1 32 22 33
1 33 22 33
1 32 23 33
1 32 23 33
1 33 23 33
1 32 23 11
1 32 22 31
1 33 23 11
1 33 23 11
1 32 22 11
1 33 22 33
1 33 22 33
1 32 22 33
1 32 23 31
1 22 23 33
1 33 33 33
1 33 22 11
1 22 22 11
1 32 22 31
1 32 23 11
1 32 23 31
1 22 23 33
1 32 22 31
1 33 22 31
1 33 23 33
1 32 23 31
1 32 22 33
1 32 22 31
1 33 22 33
1 32 22 31
1 33 23 33
1 32 33 11
1 32 23 31
1 32 23 33
1 33 23 31
1 32 22 31
1 32 22 31
1 22 23 11
1 32 22 11
1 33 22 31
1 33 23 31
1 22 22 33
1 22 23 31
1 32 23 31
1 33 22 31
1 32 22 31
1 32 33 11
1 33 33 31
1 22 23 31
1 32 33 11
1 33 22 33
1 22 22 31
1 32 33 11
1 32 22 31
1 32 23 33
1 32 22 31
1 32 33 11
1 32 23 31
1 32 22 31
1 32 22 31
1 33 22 33
1 32 23 31
1 22 23 33
1 32 22 31
1 22 23 33
1 22 23 31
1 32 22 31
1 33 23 33
1 32 22 11
1 32 23 11
1 32 22 33
1 32 33 11
1 33 23 33
1 32 23 11
1 33 33 31
1 33 22 31
1 33 22 33
1 32 23 31
1 22 22 11
1 33 22 31
1 33 23 11
1 22 23 31
1 33 22 31
1 32 23 31
1 33 23 31
1 32 23 31
1 33 22 31
1 33 22 33
1 32 22 33
1 32 23 11
1 32 23 31
1 33 33 31
1 33 22 33
1 32 22 11
1 22 33 31
1 32 23 31
1 22 23 31
1 32 23 31
1 32 22 31
1 33 22 33
1 32 23 33
1 22 23 31
1 32 23 31
1 32 23 11
1 32 22 33
1 33 22 31
1 33 22 31
1 33 22 31
1 32 23 31
1 32 23 31
1 33 22 33
1 33 23 31
1 22 22 11
1 33 23 31
1 33 22 31
1 33 23 31
1 33 22 31
1 32 23 31
1 33 22 33
1 33 22 11
1 32 22 33
1 32 22 31
1 32 22 31
1 22 22 11
1 22 23 31
1 33 22 31
1 32 23 11
1 22 23 31
1 32 22 33
1 32 23 33
1 33 22 11
1 33 22 31
1 33 22 31
1 33 22 33
1 32 22 31
1 33 22 31
1 32 33 11
1 33 23 31
1 33 33 31
1 32 23 31
1 33 22 11
1 32 33 31
1 32 23 31
1 22 23 11
1 32 33 33
1 33 22 33
1 32 33 31
1 22 22 31
1 22 33 31
1 33 22 11
1 32 23 31
1 22 33 31
1 32 23 31
1 32 22 31
1 32 22 31
1 32 23 31
1 32 23 31
1 32 23 11
1 32 23 31
1 32 23 11
1 33 23 11
1 22 22 31
1 32 23 33
1 22 23 33
1 32 22 31
1 22 23 31
1 32 23 33
1 32 22 33
1 32 23 11
1 32 22 31
1 32 23 33
1 32 22 31
1 22 33 31
1 32 22 31
1 33 23 31
1 33 22 31
1 22 23 31
1 32 23 33
1 33 23 31
1 32 23 11
1 32 23 31
1 33 22 33
1 33 33 31
1 32 22 31
1 32 22 31
1 33 22 33
1 32 23 31
1 33 23 31
1 32 22 31
1 32 23 31
1 32 22 33
1 32 23 11
1 32 23 31
1 22 22 11
1 33 23 33
1 33 22 31
1 33 22 31
1 22 23 11
1 33 23 31
1 22 23 31
1 33 22 33
1 33 22 11
1 32 23 31
1 32 23 11
1 33 22 31
1 32 23 31
1 32 22 31
1 22 33 11
1 33 23 31
1 33 23 11
1 32 23 31
1 33 22 31
1 32 22 31
1 32 23 33
1 32 22 11
1 33 22 31
1 33 23 31
1 22 23 11
1 32 23 31
1 33 22 31
1 22 23 11
1 32 22 33
1 32 23 31
1 32 23 11
1 32 23 31
1 33 33 11
1 33 22 31
1 33 22 31
1 32 22 11
1 32 23 31
1 22 22 31
1 22 23 31
