 rs3094315 rs3131972 rs3131969 rs1048488 rs12562034 rs12124819 rs4040617
0 22 32 33 23 11 11 11
0 23 32 32 23 44 14 11
0 22 22 33 33 44 14 44
0 22 33 33 23 41 11 14
0 23 32 32 22 41 11 14
0 23 33 33 23 11 11 11
0 23 32 32 23 41 14 14
0 22 22 32 23 41 11 14
0 22 33 32 23 44 11 11
0 22 32 33 23 44 14 11
0 23 33 33 22 41 14 14
0 33 22 33 23 41 11 11
0 22 22 33 33 44 14 11
0 22 32 33 23 41 44 44
0 23 32 32 23 44 11 11
0 22 22 33 22 41 11 11
0 22 33 33 33 41 11 44
0 22 32 33 33 41 11 11
0 22 32 33 23 41 11 14
0 23 22 33 23 41 14 11
0 22 33 33 22 41 11 11
0 22 32 33 33 44 11 14
0 23 32 33 23 41 11 11
0 22 33 32 22 41 14 14
0 22 32 33 23 41 11 14
0 23 32 33 23 41 11 14
0 22 32 33 22 11 14 14
0 22 32 32 22 44 11 11
0 23 32 32 23 44 14 11
0 22 22 33 23 41 11 11
0 22 32 33 23 44 11 11
0 22 32 33 22 44 14 11
0 23 33 33 33 41 11 11
0 22 32 33 22 44 14 11
0 23 22 32 23 41 11 14
0 23 32 32 23 44 44 11
0 22 33 33 23 44 11 14
0 22 32 33 22 44 11 14
0 22 22 33 23 41 14 11
0 22 33 33 23 44 11 11
0 22 32 33 33 41 11 11
0 22 32 33 23 44 11 14
0 23 33 33 22 11 14 44
0 22 33 33 23 11 11 14
0 22 32 33 23 44 11 11
0 23 32 32 23 41 14 14
0 33 32 33 23 41 11 11
0 22 32 32 23 44 14 11
0 22 22 33 23 44 11 14
0 23 32 33 23 44 14 11
0 33 32 32 33 44 11 14
0 22 32 33 33 44 11 11
0 22 22 33 23 41 11 44
0 23 32 33 23 44 11 14
0 33 32 33 23 44 11 11
0 22 33 32 22 44 44 11
0 22 33 32 22 44 11 11
0 23 32 33 23 11 11 11
0 23 32 33 33 44 14 14
0 22 32 33 23 44 14 11
0 22 32 33 23 44 11 11
0 23 32 32 33 11 11 11
0 22 22 32 23 44 14 11
0 22 33 32 23 44 14 11
0 22 32 32 23 44 11 11
0 22 32 32 22 41 11 11
0 22 33 33 33 44 14 44
0 22 32 33 33 41 11 14
0 22 32 33 33 11 44 11
0 22 32 33 33 11 11 11
0 22 22 33 23 41 11 11
0 33 33 33 33 44 14 44
0 22 33 33 23 44 11 11
0 23 33 32 33 41 14 11
0 23 32 32 23 11 14 11
0 23 33 33 23 11 11 14
0 33 32 32 23 41 11 11
0 22 32 33 23 41 11 11
0 23 32 32 22 41 14 11
0 22 32 33 33 44 11 11
0 33 33 33 22 41 11 14
0 33 32 33 23 44 11 11
0 22 22 33 22 11 11 14
0 22 33 33 22 11 11 11
0 33 32 32 33 11 44 14
0 22 33 33 23 41 11 11
0 22 32 32 23 44 11 11
0 22 32 33 23 44 14 11
0 22 33 33 23 44 11 14
0 33 32 32 23 41 14 11
0 22 32 32 23 44 44 11
0 22 32 33 33 41 11 14
0 22 32 33 22 44 11 14
0 22 33 33 33 44 14 11
0 22 33 33 23 44 14 11
0 23 33 32 23 41 11 11
0 22 33 33 23 44 14 11
0 22 22 33 23 44 11 11
0 23 32 33 22 44 11 11
0 22 33 32 33 41 14 11
0 22 33 33 33 44 11 11
0 23 33 33 22 44 11 14
0 22 32 32 22 44 14 14
0 23 32 33 22 44 11 11
0 22 32 33 23 41 11 11
0 22 32 32 23 44 11 11
0 23 32 32 23 44 14 11
0 23 32 33 23 44 14 11
0 22 22 33 23 41 14 11
0 22 32 33 23 41 11 11
0 22 33 33 23 44 11 11
0 22 32 33 23 44 14 14
0 22 32 33 22 44 11 11
0 22 32 33 23 41 11 11
0 23 32 33 33 44 11 11
0 23 32 32 23 41 11 14
0 23 33 22 23 44 14 11
0 23 32 33 23 41 11 11
0 22 32 33 23 44 11 11
0 22 33 33 22 41 11 11
0 23 33 33 23 41 11 11
0 33 32 32 22 44 14 11
0 22 32 33 33 41 11 11
0 23 32 33 22 41 11 11
0 22 32 32 22 44 11 14
0 22 33 33 23 41 14 11
0 22 33 33 23 11 11 14
0 23 32 32 22 41 11 11
0 22 32 33 23 44 14 11
0 22 33 33 33 44 11 11
0 23 22 33 33 44 11 11
0 22 22 33 23 41 14 11
0 23 33 33 33 41 11 14
0 22 32 33 22 44 14 11
0 23 33 33 23 44 11 11
0 22 33 33 22 41 14 11
0 22 32 33 23 41 11 11
0 23 32 32 22 44 11 11
0 22 22 32 22 41 14 11
0 22 22 32 23 11 11 11
0 22 22 32 23 41 11 11
0 22 22 33 22 41 11 11
0 22 32 33 22 41 11 14
0 23 32 32 33 44 14 14
0 23 33 33 23 44 11 44
0 22 32 33 22 41 11 11
0 22 33 33 22 44 11 14
0 22 32 32 33 11 14 14
0 22 33 33 23 44 14 11
0 23 32 32 33 44 14 11
0 22 32 32 23 41 14 14
0 23 32 33 22 44 14 11
0 33 32 33 22 44 11 11
0 23 33 32 23 41 14 11
0 22 33 33 33 44 14 11
0 23 32 32 23 44 11 11
0 22 22 33 33 44 14 11
0 23 33 32 23 41 44 11
0 22 32 33 33 41 11 11
0 22 22 33 33 44 11 11
0 22 33 33 23 11 11 14
0 22 33 32 23 41 11 11
0 22 33 33 23 44 11 44
0 22 32 33 22 44 14 11
0 22 33 33 33 44 11 11
0 22 33 33 33 41 11 11
0 22 33 33 23 41 14 11
0 22 22 33 23 44 11 14
0 22 32 33 23 41 44 11
0 22 32 33 33 41 14 11
0 23 22 33 23 41 11 11
0 22 32 33 33 44 11 14
0 23 33 33 23 44 11 11
0 22 32 32 33 44 14 11
0 22 33 33 23 44 11 11
0 22 32 33 22 44 14 11
0 33 22 22 23 41 44 14
0 22 33 32 23 44 11 11
0 22 33 32 23 41 14 11
0 22 32 33 23 44 14 14
0 22 32 32 33 44 14 11
0 22 33 33 23 41 14 11
0 22 22 33 22 41 14 11
0 22 32 33 22 11 11 11
0 23 32 32 33 44 14 14
0 22 32 33 22 11 14 11
0 22 32 33 23 41 11 11
0 23 32 33 23 41 14 11
0 22 33 33 33 41 44 14
0 22 22 33 23 41 11 11
0 23 32 33 23 41 14 11
0 22 33 33 22 44 11 14
0 23 22 33 23 41 14 11
0 33 32 33 22 44 14 11
0 22 32 33 33 41 11 11
0 22 32 33 33 41 11 14
0 22 33 33 23 11 11 11
0 23 33 33 23 44 11 11
0 23 33 33 23 41 11 14
0 22 32 33 22 44 11 11
0 23 32 33 33 44 14 11
0 22 22 32 22 44 11 11
0 23 32 33 22 41 11 11
0 22 32 33 23 11 11 14
0 23 33 33 23 11 11 14
0 22 32 33 33 41 11 11
0 23 32 33 22 11 11 11
0 22 32 33 22 41 11 14
0 22 32 33 23 44 11 14
0 22 22 32 23 41 14 14
0 22 32 33 22 44 11 14
0 22 32 32 23 41 14 14
0 22 32 33 22 44 11 11
0 23 32 33 33 44 11 11
0 23 32 33 23 41 14 11
0 22 32 33 22 41 14 11
0 23 32 33 23 41 14 11
0 22 32 33 22 41 11 14
0 22 32 22 23 44 14 14
0 22 32 33 33 41 11 11
0 22 33 33 22 44 14 11
0 22 33 32 22 41 14 11
0 23 33 33 23 41 11 11
0 22 32 33 22 41 14 11
0 22 32 33 23 44 44 11
0 22 33 33 23 44 11 11
0 22 32 32 23 44 11 11
0 23 32 33 22 11 11 11
0 23 32 33 23 11 14 14
0 22 22 33 22 44 11 11
0 23 32 32 23 41 11 11
0 23 22 33 23 44 11 11
0 22 33 33 23 41 11 11
0 22 32 33 23 41 14 11
0 22 32 32 33 41 14 11
0 22 33 33 22 44 11 11
0 22 32 33 23 44 11 11
0 22 33 32 22 41 14 11
0 22 32 33 22 44 11 11
0 22 33 32 22 44 11 11
0 22 22 33 33 41 11 11
0 22 33 33 23 44 11 11
0 23 33 33 23 41 14 11
0 22 32 33 23 44 14 11
0 23 22 32 22 41 14 11
0 23 33 32 33 11 14 14
0 22 33 33 23 11 11 14
0 22 22 32 23 41 11 11
0 22 33 33 23 44 14 11
0 22 32 33 23 11 14 14
0 22 32 32 23 44 14 11
0 22 32 32 23 44 11 11
0 22 32 33 23 41 11 11
0 22 33 33 23 44 11 11
0 23 33 33 22 44 11 11
0 23 32 32 23 41 11 11
0 22 33 33 22 44 11 14
0 22 22 33 22 11 11 14
0 22 22 32 23 11 14 11
0 22 32 33 33 44 11 11
0 22 32 33 23 41 11 11
0 23 33 32 23 41 14 11
0 22 22 33 22 44 11 11
0 22 22 33 23 41 11 14
0 22 32 33 23 41 14 11
0 23 32 33 23 41 11 11
0 22 22 33 23 44 11 11
0 22 33 33 23 41 11 14
0 22 22 33 22 44 14 14
0 22 33 33 23 44 11 14
0 22 22 33 23 41 14 11
0 22 22 33 23 44 11 11
0 22 32 32 33 44 14 11
0 23 22 33 23 44 11 14
0 22 33 33 22 44 11 11
0 22 33 33 23 44 14 11
0 23 33 33 33 41 14 14
0 22 32 33 33 41 14 11
0 22 22 32 23 11 11 11
0 22 32 32 22 41 44 14
0 22 22 32 33 44 14 14
0 23 32 32 33 44 11 14
0 22 22 33 23 44 11 11
0 23 32 33 23 41 11 14
0 33 33 33 23 44 11 14
0 22 22 32 23 41 14 14
0 22 32 32 23 44 11 11
0 22 32 33 23 41 11 14
0 22 32 32 23 44 11 11
0 22 22 33 23 41 11 11
0 22 32 33 22 44 14 11
0 23 32 33 33 44 14 14
0 22 33 33 22 44 11 14
0 23 32 33 23 41 11 11
0 23 32 33 22 11 11 11
0 22 33 33 23 41 11 11
0 22 33 22 23 44 11 11
0 22 32 33 22 41 11 11
0 22 32 33 23 41 11 11
0 22 33 33 33 41 11 11
0 22 33 32 23 11 11 14
0 22 33 33 22 11 11 14
0 23 32 33 23 44 11 11
0 23 32 33 22 41 11 14
0 22 32 33 22 41 11 14
0 22 33 33 23 41 14 11
0 22 33 33 23 41 11 14
0 22 22 33 23 44 14 14
0 23 32 33 33 44 11 11
0 23 32 33 22 44 11 11
0 23 33 32 23 41 11 11
0 22 32 33 33 44 11 14
0 22 32 32 22 44 14 14
0 33 32 33 33 41 11 11
0 22 32 33 33 11 11 14
0 22 32 32 23 44 11 11
0 22 32 32 22 41 14 44
0 22 32 32 23 44 11 14
0 22 33 32 22 44 44 14
0 22 33 33 22 44 44 14
0 22 33 33 23 44 11 14
0 23 33 33 22 41 11 11
0 22 32 33 22 44 11 11
0 22 32 33 23 41 14 11
0 23 33 33 23 44 14 11
0 22 33 32 22 41 14 11
0 33 32 33 23 41 14 11
0 23 32 33 22 41 11 14
0 22 33 33 33 41 11 11
0 23 22 33 23 41 44 11
0 22 32 32 23 11 11 14
0 23 33 32 33 44 44 11
0 22 22 33 22 44 11 14
0 23 22 32 23 41 11 14
0 22 33 33 23 41 11 14
0 23 33 32 22 44 11 11
0 22 32 32 23 11 14 14
0 22 33 32 22 41 44 11
0 23 32 33 33 41 11 11
0 22 32 32 23 44 11 14
0 22 33 33 23 41 14 11
0 22 22 32 33 11 11 11
0 22 32 22 22 41 14 11
0 22 32 33 22 44 14 11
0 22 32 33 33 41 14 11
0 22 22 33 33 44 11 14
0 22 33 33 23 41 11 11
0 22 32 33 23 44 14 14
0 22 33 32 33 41 14 14
0 22 32 33 23 44 11 11
0 22 32 32 33 11 14 14
0 23 22 32 23 44 11 14
0 22 32 32 33 44 11 11
0 22 22 33 23 44 11 11
0 22 33 33 22 44 11 11
0 22 33 33 23 41 14 14
0 22 33 33 23 44 14 11
0 22 32 33 23 44 11 11
0 22 32 22 23 41 14 14
0 23 33 33 22 41 11 11
0 22 32 33 23 41 11 44
0 23 33 33 23 44 11 11
0 22 33 33 23 44 11 11
0 22 32 33 23 41 14 14
0 22 33 33 33 44 11 11
0 33 32 33 23 41 11 11
0 22 32 33 23 41 11 11
0 22 22 33 23 11 11 11
0 22 32 32 23 41 11 11
0 23 22 33 22 41 14 11
0 23 22 33 33 41 11 14
0 23 32 22 22 44 11 11
0 22 22 33 23 44 11 14
0 22 22 33 33 11 11 14
0 33 32 33 23 44 11 11
0 22 22 33 22 41 11 11
0 22 32 33 23 44 14 14
0 22 32 33 33 41 14 11
0 22 22 32 22 44 11 14
0 33 22 32 23 44 11 11
0 22 33 32 23 44 11 11
0 22 33 33 22 44 44 11
0 22 32 33 22 44 11 11
0 22 33 33 23 44 11 11
0 23 32 32 23 44 11 14
0 22 32 33 23 41 14 11
0 22 32 33 33 41 14 11
0 23 32 33 23 41 14 14
0 22 32 33 22 44 44 14
0 22 33 33 22 44 14 11
0 23 33 33 22 41 11 11
0 22 32 33 23 44 11 11
0 22 32 32 23 41 14 11
0 22 33 33 23 44 11 11
0 23 32 32 22 44 11 14
0 23 22 33 23 44 14 11
0 23 22 32 23 44 44 14
0 23 32 33 23 44 11 11
0 23 32 32 22 44 11 14
0 22 33 33 23 41 11 11
0 22 33 33 33 44 14 11
0 22 22 33 23 44 14 11
0 22 33 33 22 44 11 14
0 22 33 33 23 11 44 11
0 22 32 33 23 41 14 14
0 22 33 33 22 44 14 11
0 23 22 32 23 44 11 11
0 23 33 33 23 41 14 11
0 22 22 33 23 41 11 14
0 23 32 33 23 11 11 11
0 22 33 32 23 44 14 11
0 23 32 33 22 41 11 14
0 22 32 33 23 44 11 14
0 22 32 33 23 44 14 11
0 22 32 33 23 44 11 11
0 22 32 32 22 41 11 14
0 23 32 33 23 44 11 11
0 22 22 33 22 44 11 11
0 22 22 32 23 41 11 44
0 22 22 33 22 41 11 11
0 23 33 33 23 41 11 11
0 23 32 33 23 44 11 44
0 22 33 33 22 44 11 14
0 22 32 32 23 11 14 14
0 22 33 33 22 41 11 14
0 22 22 33 23 44 14 14
0 22 32 33 23 41 11 14
0 23 33 33 22 44 11 11
0 23 33 32 33 41 14 14
0 22 33 32 22 44 11 11
0 23 33 33 23 44 11 11
0 22 32 33 23 44 11 11
0 22 22 32 23 41 11 11
0 22 32 33 22 41 11 11
0 22 33 33 22 41 11 11
0 33 32 32 23 11 14 14
0 23 32 33 22 41 14 11
0 23 22 33 23 44 14 14
0 33 32 33 23 44 14 11
0 23 32 32 22 44 11 11
0 23 22 33 23 41 11 14
0 22 33 33 33 41 14 11
0 22 32 32 33 41 14 14
0 22 22 32 23 44 14 14
0 23 32 33 33 41 11 14
0 23 33 33 23 44 11 11
0 22 22 22 23 44 11 11
0 22 22 33 23 41 11 14
0 22 32 33 23 44 11 11
0 23 22 32 33 11 14 11
0 23 33 33 22 44 11 44
0 23 32 32 23 41 14 14
0 22 32 33 23 44 11 11
0 23 22 33 23 41 14 11
0 22 32 33 22 44 11 14
0 22 32 33 33 44 11 44
0 23 22 33 23 41 14 14
0 22 33 33 22 41 14 14
0 22 32 33 23 44 14 11
0 23 33 33 33 44 11 11
0 22 22 33 23 44 11 14
0 23 32 32 33 44 14 11
0 22 22 33 23 41 14 14
0 33 33 33 33 41 11 11
0 33 32 32 22 41 11 14
0 23 32 33 23 41 11 11
0 22 22 33 23 44 44 14
0 22 32 33 23 41 14 44
0 22 33 33 23 44 14 11
0 22 32 33 23 44 11 11
0 22 33 32 23 44 11 11
0 23 33 33 33 44 14 14
0 23 32 33 33 41 11 14
0 23 32 32 33 41 11 11
0 22 22 32 23 44 11 11
0 22 22 32 33 41 14 14
0 23 33 33 23 41 11 11
0 23 22 33 23 41 44 14
0 22 32 32 33 41 14 11
0 22 33 33 22 41 11 14
0 22 32 33 33 41 11 11
0 22 32 33 23 11 14 14
0 23 22 32 33 44 14 11
0 23 22 32 22 41 11 14
0 23 32 33 33 44 14 11
0 23 32 33 23 11 14 44
0 23 32 33 23 44 11 14
0 22 22 32 22 41 11 11
0 22 33 32 22 41 11 11
0 33 32 32 23 41 11 11
0 23 33 33 33 44 11 14
0 23 33 33 23 41 11 11
0 22 22 33 23 44 14 11
0 22 33 33 22 44 11 11
0 23 32 33 23 41 11 14
0 23 32 33 33 44 11 14
0 22 32 32 23 44 11 11
0 22 32 33 22 44 14 11
0 33 32 33 33 44 14 11
0 22 33 33 22 44 11 11
1 22 22 32 33 41 11 11
1 23 32 33 22 11 14 14
1 22 32 33 23 44 11 11
1 23 32 33 23 41 14 11
1 22 32 33 22 41 14 14
1 22 32 33 22 44 11 11
1 22 32 33 33 41 11 14
1 23 22 33 23 11 14 11
1 23 33 33 23 44 14 11
1 22 32 32 22 44 14 11
1 22 33 33 23 44 11 11
1 22 33 33 22 41 14 11
1 22 32 32 23 41 14 14
1 22 22 33 22 41 11 11
1 23 22 33 33 11 14 11
1 22 33 33 22 41 11 14
1 22 33 33 22 41 14 14
1 22 32 33 23 41 14 14
1 23 32 33 33 44 11 14
1 22 22 33 23 41 11 11
1 22 32 33 33 44 11 11
1 22 32 33 23 41 14 11
1 22 32 33 23 44 14 11
1 22 22 32 22 11 11 14
1 23 33 33 23 44 14 11
1 23 32 33 23 41 14 14
1 22 33 32 22 44 11 11
1 22 33 33 23 41 11 14
1 23 32 32 33 41 14 14
1 23 32 33 22 44 14 11
1 22 33 32 23 11 11 11
1 23 32 33 23 41 14 14
1 22 32 32 23 41 11 14
1 23 32 33 33 44 11 11
1 22 32 33 23 11 11 14
1 22 33 33 23 44 11 11
1 23 33 33 23 44 14 11
1 23 33 33 22 41 14 11
1 23 32 33 22 41 14 11
1 22 33 33 22 44 11 11
1 22 32 33 22 41 11 14
1 22 33 33 22 41 14 14
1 22 32 33 33 44 11 11
1 22 32 33 22 44 14 11
1 23 33 33 23 41 14 11
1 22 33 33 22 44 11 14
1 23 33 33 23 44 11 14
1 22 33 32 23 44 11 11
1 22 22 33 22 44 11 14
1 22 32 33 22 44 11 11
1 22 32 33 33 11 14 14
1 23 32 32 23 44 14 11
1 22 32 33 22 11 14 14
1 23 33 32 23 41 14 11
1 22 32 33 22 44 11 14
1 22 32 32 23 44 14 11
1 22 22 33 23 41 11 44
1 22 32 33 33 44 14 11
1 23 32 32 33 11 44 14
1 22 32 33 23 44 11 11
1 22 33 33 22 44 11 14
1 23 33 33 22 11 14 11
1 23 33 32 22 41 11 11
1 22 32 32 23 44 11 11
1 23 33 33 33 41 11 44
1 22 32 33 23 41 11 11
1 23 32 33 23 41 11 11
1 23 33 33 23 44 14 11
1 23 32 33 23 44 14 14
1 22 32 33 23 44 11 11
1 23 32 33 23 41 14 14
1 22 33 33 23 41 11 11
1 22 32 32 23 41 14 11
1 23 32 33 22 41 11 11
1 22 32 33 23 41 11 11
1 33 22 32 23 44 14 14
1 22 33 33 33 41 11 11
1 22 22 33 33 41 14 11
1 22 33 33 33 41 14 11
1 23 32 33 23 41 14 14
1 22 32 32 33 44 11 14
1 22 33 33 23 11 11 11
1 22 33 33 23 41 11 11
1 22 33 33 23 41 14 11
1 23 33 32 22 41 14 11
1 22 32 33 22 44 11 11
1 22 33 33 23 41 11 14
1 33 32 33 23 44 11 14
1 22 22 32 23 44 14 14
1 22 33 22 33 41 11 11
1 33 32 33 33 44 11 11
1 23 32 33 23 41 14 11
1 23 22 33 33 44 14 11
1 22 32 33 22 41 11 11
1 22 22 33 23 44 11 11
1 23 32 33 22 11 11 14
1 22 32 33 33 41 14 11
1 22 32 33 33 41 11 11
1 22 33 33 33 44 11 11
1 22 32 32 23 44 11 11
1 23 33 33 22 44 11 11
1 23 32 33 23 41 11 11
1 22 22 32 23 44 11 11
1 22 32 33 33 44 14 14
1 22 22 33 22 41 11 11
1 23 33 33 22 11 11 11
1 23 22 22 33 41 11 44
1 22 33 33 23 44 11 11
1 22 33 33 22 44 14 11
1 22 33 33 33 11 11 11
1 23 32 33 22 41 44 11
1 22 32 33 23 41 11 11
1 22 33 33 22 41 14 11
1 23 33 33 22 44 11 11
1 23 33 33 22 41 14 11
1 23 22 33 23 44 11 11
1 22 33 33 22 44 11 11
1 22 22 32 33 41 44 11
1 22 32 33 33 41 11 11
1 23 32 32 23 41 14 44
1 22 32 33 23 44 14 14
1 23 33 33 22 11 14 11
1 23 33 33 23 41 11 11
1 22 22 33 33 41 11 14
1 22 32 33 33 44 14 11
1 22 22 33 22 41 11 11
1 23 32 32 22 44 11 14
1 23 32 33 23 41 11 14
1 23 32 32 33 44 14 11
1 23 33 32 23 44 11 11
1 22 33 33 22 44 11 11
1 22 32 32 22 44 11 14
1 22 32 32 22 41 11 11
1 22 22 33 22 41 11 11
1 33 33 33 23 44 11 14
1 22 33 32 22 44 11 11
1 22 32 33 23 44 11 11
1 23 32 32 23 44 11 11
1 22 32 33 22 44 11 11
1 23 33 33 23 44 11 14
1 23 22 33 22 41 44 11
1 22 22 33 22 44 11 14
1 23 32 32 33 11 11 14
1 23 32 32 33 41 14 11
1 22 22 33 33 41 14 11
1 23 22 22 23 11 11 14
1 22 32 32 22 41 14 11
1 22 32 32 23 44 11 11
1 22 22 32 33 41 11 11
1 23 32 32 22 44 11 11
1 22 32 33 23 44 11 11
1 22 22 33 23 44 11 11
1 22 33 33 23 41 11 11
1 22 33 32 33 11 11 44
1 22 32 32 23 11 11 14
1 23 32 22 22 41 44 14
1 22 32 33 23 44 11 11
1 22 32 32 23 41 14 14
1 23 33 33 23 44 11 11
1 22 32 33 23 44 44 14
1 23 22 32 23 41 11 11
1 22 32 33 23 44 14 11
1 22 32 33 23 44 11 14
1 22 32 33 23 41 11 11
1 23 22 33 22 44 11 14
1 22 32 32 33 41 14 14
1 33 22 32 23 44 11 11
1 23 33 33 23 41 11 14
1 22 32 33 23 44 11 14
1 22 32 32 23 41 11 14
1 22 32 33 33 44 14 11
1 22 33 33 23 44 14 11
1 22 33 33 22 44 11 11
1 22 33 33 23 44 44 11
1 22 32 32 23 44 11 14
1 22 32 33 33 44 11 11
1 23 22 32 23 44 14 14
1 22 22 32 23 44 14 14
1 22 33 33 33 44 11 11
1 22 33 32 22 44 11 11
1 23 32 32 23 41 11 11
1 22 32 33 33 41 11 11
1 22 22 32 33 44 14 14
1 22 33 33 23 11 11 14
1 22 33 32 22 41 11 14
1 22 22 33 23 41 11 14
1 22 22 33 22 44 11 11
1 23 32 33 22 41 11 11
1 22 33 32 23 41 11 11
1 22 32 33 23 41 11 11
1 22 32 33 22 41 11 11
1 22 32 32 22 44 14 11
1 33 33 33 23 44 11 11
1 22 33 33 22 41 11 14
1 22 33 33 23 41 11 11
1 22 32 33 23 41 14 11
1 22 33 32 23 44 11 11
1 22 33 33 23 11 14 11
1 22 32 33 23 41 11 11
1 23 22 32 33 11 11 14
1 22 33 33 23 44 14 11
1 23 32 33 23 44 11 11
1 22 33 32 23 44 11 11
1 22 33 33 22 44 11 11
1 23 22 32 33 44 11 14
1 23 32 33 23 41 11 11
1 22 32 33 22 44 11 11
1 33 33 33 22 41 11 14
1 22 32 33 33 41 11 11
1 23 22 32 33 41 44 11
1 22 32 33 33 44 11 11
1 22 33 33 23 41 11 14
1 22 33 32 33 41 14 11
1 22 33 32 33 44 14 11
1 23 33 33 23 41 14 11
1 22 33 33 33 44 14 11
1 22 33 22 23 41 44 11
1 33 32 33 33 41 14 11
1 23 22 33 23 41 11 11
1 23 32 32 22 11 11 11
1 22 22 32 23 41 14 14
1 23 33 33 33 41 11 14
1 22 22 33 33 41 11 11
1 22 22 33 23 11 11 11
1 23 32 33 22 44 11 11
1 22 32 33 23 44 11 11
1 22 33 33 23 44 14 11
1 22 33 32 22 44 14 11
1 22 32 33 33 41 14 11
1 23 32 32 33 41 11 11
1 22 22 33 23 44 11 11
1 22 22 33 22 44 11 14
1 22 22 33 23 44 11 14
1 22 32 33 23 11 11 11
1 22 32 33 22 41 11 11
1 22 32 33 23 41 11 11
1 22 32 33 23 11 11 14
1 22 32 32 23 44 11 14
1 22 33 33 22 41 14 11
1 23 22 33 23 44 14 11
1 23 32 32 33 41 14 11
1 22 33 33 23 44 14 11
1 22 22 33 23 44 11 14
1 22 22 33 23 41 14 11
1 23 32 33 23 44 14 14
1 22 32 33 22 11 14 11
1 22 22 32 22 44 14 11
1 22 32 33 22 44 14 14
1 22 33 33 33 11 11 11
1 22 22 32 23 41 11 14
1 23 32 32 23 41 11 14
1 22 32 33 23 41 11 14
1 22 32 33 33 44 11 11
1 22 32 33 23 44 11 11
1 33 22 33 22 41 14 14
1 23 32 32 23 44 11 11
1 22 32 33 23 11 11 11
1 22 33 33 22 44 11 11
1 22 33 33 22 41 11 11
1 23 33 33 22 41 11 11
1 23 33 32 22 44 14 44
1 22 32 33 22 41 11 11
1 22 32 33 22 44 11 11
1 22 33 32 23 11 14 11
1 23 22 33 23 11 11 11
1 22 32 33 23 44 11 11
1 22 33 32 23 41 14 14
1 23 22 33 33 41 14 11
1 23 32 33 33 11 44 14
1 22 32 22 23 44 11 14
1 23 32 32 33 11 11 14
1 22 32 33 33 44 11 11
1 22 22 32 23 11 11 44
1 22 32 33 23 41 11 11
1 22 22 32 33 11 11 11
1 22 32 33 33 11 11 11
1 22 32 32 23 44 11 11
1 23 22 32 23 44 14 14
1 22 32 32 23 44 44 14
1 22 33 22 22 44 11 11
1 23 22 32 23 44 14 14
1 22 33 33 22 41 11 14
1 22 33 33 33 41 11 11
1 22 33 32 22 41 11 11
1 22 33 32 22 44 44 11
1 33 32 33 23 11 14 44
1 23 33 33 33 41 44 44
1 23 33 33 23 11 14 11
1 22 32 32 23 44 11 11
1 22 33 33 23 41 11 14
1 22 33 32 33 41 11 14
1 23 32 33 23 41 14 11
1 22 22 33 22 44 11 11
1 22 32 33 22 11 14 11
1 23 22 33 23 41 11 11
1 22 32 33 23 44 11 11
1 22 32 33 23 41 11 11
1 22 32 33 23 41 14 11
1 22 32 33 33 41 14 14
1 22 33 32 33 44 11 11
1 23 33 33 23 44 44 11
1 22 32 33 23 44 11 44
1 22 32 33 22 11 11 14
1 23 22 33 22 44 11 11
1 22 33 33 22 44 11 11
1 22 33 33 23 44 14 11
1 22 33 33 22 44 11 44
1 22 32 33 23 44 11 11
1 22 32 33 23 44 11 14
1 22 33 33 23 44 11 11
1 22 32 32 22 44 14 14
1 22 22 33 23 41 44 11
1 23 32 33 33 44 14 11
1 23 33 33 23 44 11 14
1 23 32 33 33 41 14 14
1 23 32 32 23 41 11 44
1 23 32 33 33 41 14 14
1 33 22 32 33 11 44 14
1 23 33 33 22 41 11 11
1 22 22 33 22 41 14 11
1 22 33 33 33 41 11 11
1 22 32 33 33 41 11 14
1 22 33 33 23 44 14 11
1 22 22 33 22 41 11 14
1 22 32 33 23 44 14 11
1 22 32 33 33 41 11 11
1 22 32 33 23 44 11 11
1 22 32 33 22 44 11 11
1 22 33 33 33 44 11 11
1 22 32 32 22 44 44 11
1 23 33 33 22 41 11 14
1 23 33 33 33 44 11 11
1 22 33 32 23 41 14 11
1 22 22 32 33 41 14 14
1 22 32 33 33 41 11 11
1 33 32 32 33 44 14 44
1 23 32 33 23 44 14 44
1 22 33 33 23 44 11 14
1 22 33 33 23 44 11 14
1 22 22 33 23 44 11 11
1 22 22 33 23 41 11 11
1 22 33 33 23 44 11 11
1 22 22 33 23 44 14 11
1 22 22 33 23 44 11 11
1 22 33 33 22 41 14 11
1 22 33 22 23 44 11 11
1 22 33 32 23 41 11 14
1 22 32 33 33 44 11 14
1 22 32 32 22 11 11 11
1 22 22 32 33 11 14 11
1 23 33 32 33 11 11 11
1 22 22 32 22 44 14 11
1 22 22 33 23 41 14 11
1 22 33 32 33 11 44 11
1 22 22 33 22 44 11 11
1 22 32 33 22 11 14 11
1 22 32 32 23 41 11 11
1 23 33 33 33 41 14 14
1 22 33 33 22 44 11 14
1 22 22 33 33 41 11 11
1 22 32 33 23 44 11 11
1 22 32 33 23 44 11 11
1 22 32 33 23 44 14 14
1 22 33 33 33 11 11 11
1 22 32 33 22 44 11 11
1 22 22 33 23 44 11 14
1 23 33 33 23 41 44 14
1 22 33 32 22 41 14 11
1 22 32 32 23 44 14 14
1 23 33 33 23 41 11 14
1 22 33 33 33 44 11 11
1 22 33 33 33 44 14 11
1 22 32 32 33 11 11 11
1 23 32 33 23 44 11 14
1 23 33 33 23 44 11 11
1 23 22 33 33 41 14 14
1 22 33 33 22 44 11 14
1 22 33 32 23 44 14 11
1 23 32 33 23 11 14 11
1 22 22 33 23 41 11 11
1 23 22 32 33 11 44 11
1 22 32 32 23 41 11 14
1 22 33 33 33 41 11 11
1 22 32 33 23 44 11 11
1 23 32 33 22 44 11 11
1 22 22 32 23 44 11 14
1 22 33 33 23 11 14 11
1 23 32 33 22 44 11 14
1 22 32 33 23 44 11 11
1 23 33 32 23 44 14 11
1 23 33 33 22 41 11 11
1 22 32 33 23 44 14 14
1 22 33 32 22 44 11 11
1 23 33 32 23 41 11 11
1 22 32 33 23 41 14 14
1 22 33 33 23 44 11 11
1 22 32 33 23 44 11 11
1 22 32 32 23 11 11 11
1 22 33 33 23 41 11 11
1 22 33 33 22 41 11 11
1 23 33 33 23 44 11 11
1 22 33 33 23 44 11 44
1 22 33 32 22 41 11 11
1 22 32 33 33 41 11 11
1 22 33 33 22 44 11 11
1 23 32 33 23 44 11 11
1 22 32 33 23 41 11 11
1 33 33 32 33 41 14 11
1 22 32 33 22 44 11 11
1 23 32 33 22 41 11 11
1 22 33 33 23 41 14 11
1 33 33 32 33 44 11 11
1 22 32 32 22 11 11 11
1 22 33 33 22 41 14 11
1 22 32 33 23 41 11 11
1 22 32 32 23 44 14 11
1 22 32 32 23 41 11 11
1 22 33 33 23 44 44 11
1 23 33 33 23 44 14 44
1 22 33 33 33 44 14 11
1 22 22 33 33 44 14 11
1 23 32 32 22 41 14 11
1 22 32 22 23 11 11 11
1 23 33 33 22 44 11 14
1 23 22 33 23 41 11 14
1 22 33 32 23 44 11 11
1 23 22 33 33 41 11 14
1 22 32 33 23 44 11 14
1 22 33 33 22 44 11 14
1 22 32 33 23 44 14 14
1 33 32 32 33 11 14 44
1 23 33 33 23 41 14 11
1 23 32 33 23 11 11 11
1 22 22 33 23 44 14 14
1 22 33 32 23 44 11 11
1 22 32 33 23 44 11 11
1 22 33 32 23 41 11 14
1 22 22 33 23 44 11 11
1 23 32 32 23 11 11 11
1 33 22 33 23 41 14 14
1 22 32 32 23 44 11 11
1 22 32 32 33 44 14 14
1 22 32 33 23 11 14 14
1 22 33 33 23 44 14 11
1 22 33 33 22 41 11 11
1 23 33 33 23 41 14 11
1 22 33 33 22 44 11 11
1 22 33 33 33 41 11 11
1 22 33 33 23 44 11 11
1 22 33 32 22 44 11 14
1 22 33 33 23 41 14 11
1 22 32 32 22 44 11 11
1 23 32 33 23 44 11 14
1 22 33 33 22 44 14 11
1 22 32 33 23 41 11 11
1 23 32 33 23 44 14 14
1 22 32 33 33 44 11 14
1 33 32 33 23 44 11 14
1 22 33 33 22 44 11 11
1 22 32 32 23 41 11 14
1 22 32 33 22 44 11 11
1 22 32 33 22 44 11 11
1 22 32 33 23 41 11 11
1 23 32 33 23 41 14 11
1 23 32 32 22 41 14 11
1 23 33 33 23 41 11 44
1 22 32 32 33 41 14 14
1 22 33 33 22 41 11 11
1 22 32 33 23 11 44 14
1 22 32 33 23 44 14 11
1 23 33 32 23 41 11 11
1 22 22 32 23 11 14 11
1 22 32 33 23 41 11 14
1 23 32 22 23 41 14 14
1 22 22 33 23 44 11 11
1 23 22 33 23 41 14 14
1 23 33 33 23 44 14 11
1 22 32 33 33 41 14 11
1 23 32 33 23 41 11 14
1 22 32 33 23 44 11 14
1 22 33 32 22 41 14 11
1 23 33 33 22 44 14 11
1 22 32 33 23 44 11 11
1 23 32 33 33 41 14 14
1 23 32 33 22 44 11 14
1 22 33 33 22 44 14 14
1 22 32 32 23 41 44 11
1 23 32 32 23 41 11 14
1 22 33 33 22 44 14 11
1 22 32 33 22 41 11 11
1 22 22 33 23 41 11 11
1 22 33 32 22 44 11 11
1 23 22 33 23 41 11 11
1 22 33 32 22 44 11 11
1 23 33 32 23 44 11 14
1 23 32 33 23 44 14 14
1 22 32 33 23 41 14 11
1 22 32 32 23 11 11 11
1 22 32 33 23 41 11 14
1 23 32 32 22 11 11 14
