 rs2841087 rs4920344 rs6697715 rs11261065 rs4920537 rs4920538 rs7549129 rs7533384 rs12566799 rs11261073 rs12042960 rs11261074 rs7418296 rs4075770 rs6603912 rs7411042 rs7411058 rs7417542 rs11261075 rs7521204 rs12063142 rs4920545 rs6686865 rs11261081
0 33 44 22 13 33 23 33 41 44 32 41 41 44 11 11 44 14 44 41 22 32 11 14 31
0 33 44 44 33 33 23 33 41 41 33 44 44 44 11 11 41 11 44 44 23 33 11 11 33
0 22 44 24 33 33 23 32 44 44 33 44 41 44 14 11 41 11 44 44 22 33 11 14 33
0 32 41 24 13 32 23 32 41 44 33 41 41 41 14 11 41 14 41 41 22 32 14 14 33
0 33 44 22 11 33 22 33 44 44 33 41 44 44 11 11 44 11 44 41 22 32 11 11 33
0 33 44 22 11 33 22 33 44 44 33 44 44 44 11 11 44 11 44 44 22 33 11 11 33
0 33 44 22 13 33 22 33 44 44 33 44 44 44 11 11 41 11 44 41 22 33 11 11 33
0 22 41 24 13 32 23 33 41 41 32 41 41 41 11 14 41 14 41 41 22 32 11 14 31
0 32 44 24 13 33 22 33 44 44 33 44 44 44 11 14 44 11 44 44 22 33 11 11 31
0 33 44 22 11 33 22 33 44 44 33 44 44 44 11 11 44 11 44 44 22 33 11 11 33
0 22 11 44 33 32 33 32 11 41 22 11 41 11 14 11 41 44 41 11 22 22 44 44 11
0 33 44 22 33 33 22 33 44 44 22 41 44 44 11 11 44 14 44 44 22 32 11 11 33
0 33 44 22 13 33 22 33 41 44 32 44 44 44 11 11 44 11 44 41 22 33 11 11 33
0 33 41 24 13 33 23 33 41 41 32 41 44 41 14 14 41 11 44 41 22 32 11 14 31
0 32 44 24 13 33 23 33 44 41 32 44 44 44 11 11 44 14 41 44 23 32 11 11 31
0 33 44 44 13 33 23 33 41 44 22 44 44 11 14 11 41 44 41 44 23 33 44 11 33
0 32 44 24 13 32 33 33 41 44 32 41 41 41 14 14 41 14 44 41 23 33 11 14 33
0 32 41 24 13 33 23 33 41 41 32 41 44 41 14 11 41 14 44 41 23 32 14 14 31
0 33 41 22 11 33 22 33 41 41 33 44 44 11 11 11 41 14 44 44 22 33 11 11 33
0 32 41 22 13 32 22 33 44 44 33 44 41 41 11 11 41 11 41 44 22 32 14 11 11
0 33 44 24 11 33 23 33 44 44 33 44 44 44 11 11 11 14 44 44 22 33 11 11 33
0 33 44 24 13 33 22 33 44 44 33 44 44 44 14 11 41 11 44 41 22 33 11 44 33
0 22 41 24 33 22 33 33 11 41 32 41 44 41 11 11 11 44 44 41 22 22 11 44 11
0 32 44 22 11 33 22 33 41 44 32 41 41 41 11 14 44 11 41 44 22 33 14 11 33
0 32 41 24 33 33 23 32 41 44 33 41 41 41 14 11 41 11 41 41 23 32 14 14 31
0 32 41 24 13 32 23 33 41 41 32 41 41 41 14 14 11 14 41 41 23 32 11 14 31
0 33 44 22 11 32 22 33 41 44 33 44 44 41 11 11 44 11 44 44 22 33 11 11 33
0 33 41 24 11 33 22 33 44 44 33 44 44 44 11 11 44 11 44 44 22 33 11 11 33
0 33 44 24 11 32 33 33 41 44 32 41 44 41 11 11 44 14 41 44 22 33 14 11 33
0 32 44 22 13 33 22 33 41 44 33 41 44 41 14 11 44 14 44 44 22 33 11 11 33
0 32 11 44 13 32 33 32 11 11 33 11 41 41 11 14 41 14 41 44 33 32 11 14 11
0 32 41 22 13 32 23 33 41 44 32 41 44 44 14 14 44 11 41 44 23 32 11 14 31
0 32 11 44 33 32 23 33 11 11 32 41 41 41 44 44 11 11 11 41 33 22 44 14 11
0 22 41 24 33 32 23 32 41 44 33 41 44 11 44 11 41 11 44 41 22 33 14 11 33
0 33 44 22 13 33 23 33 44 41 22 41 44 44 14 11 44 14 44 44 22 33 14 14 33
0 33 44 22 13 33 23 33 41 41 33 41 44 44 11 11 44 11 44 44 22 33 11 11 31
0 22 44 44 13 32 33 33 41 41 33 11 41 41 44 11 41 14 41 44 23 32 14 14 31
0 32 44 22 11 33 22 33 44 44 33 44 44 44 11 11 44 11 44 44 22 33 11 14 33
0 32 41 24 13 33 22 33 41 41 33 44 44 41 11 11 41 11 44 44 23 32 14 11 33
0 33 44 24 33 33 23 33 44 11 32 41 44 41 11 11 41 11 44 44 23 32 11 14 33
0 32 44 24 13 33 22 32 44 44 32 44 44 41 11 11 44 14 41 44 23 32 14 14 33
0 32 44 24 33 32 33 33 44 41 33 41 44 41 14 11 41 14 44 44 22 32 11 14 11
0 33 44 24 11 33 22 33 44 44 33 44 44 44 11 11 44 11 44 44 22 33 11 11 31
0 32 41 44 33 32 22 32 41 41 32 44 41 44 14 11 44 11 41 41 22 22 14 14 11
0 32 41 24 11 32 23 33 41 41 33 41 41 41 14 11 11 14 41 41 22 32 11 14 11
0 33 41 24 13 33 33 33 11 44 22 41 44 41 11 11 44 14 41 44 22 33 44 14 11
0 32 44 24 13 33 23 33 41 44 32 44 44 44 14 11 41 11 44 44 22 33 11 11 33
0 32 41 24 13 33 23 32 41 41 32 41 44 41 11 14 44 14 44 41 23 33 14 11 31
0 22 41 44 33 22 33 32 11 41 32 41 41 44 14 14 41 44 11 11 23 22 14 44 31
0 33 44 22 11 33 22 33 44 44 33 44 44 44 11 11 44 11 44 44 23 33 11 11 33
0 33 41 44 33 32 23 33 41 44 22 41 41 41 11 11 44 44 44 44 22 33 14 11 31
0 33 11 22 33 33 23 33 44 44 32 41 44 11 11 11 44 14 44 44 23 33 11 11 31
0 33 41 24 33 33 22 33 41 41 32 41 41 41 14 11 41 11 41 41 23 32 14 14 31
0 22 41 24 13 22 33 22 41 41 22 41 44 41 44 14 44 44 11 41 22 32 11 14 31
0 32 44 44 13 33 22 32 44 44 33 41 44 44 11 11 44 14 44 44 22 33 11 11 33
0 32 41 24 11 32 23 32 41 41 32 41 41 41 14 11 41 14 41 44 23 32 11 14 31
0 33 44 22 11 33 22 33 44 44 33 41 44 41 11 11 44 11 44 44 22 33 11 11 33
0 32 41 44 33 32 23 33 41 41 32 11 41 41 14 14 41 14 44 41 23 32 14 14 31
0 33 44 22 11 33 22 33 44 44 33 44 44 44 11 11 44 11 44 44 22 33 11 11 33
0 32 41 24 13 33 22 33 41 44 33 41 44 44 11 11 44 14 41 41 22 33 11 11 33
0 32 41 24 13 32 23 33 41 41 32 41 44 41 11 14 41 14 41 41 23 32 14 14 31
0 22 41 24 13 32 33 33 41 41 22 11 11 11 44 14 11 44 41 41 23 32 44 11 11
0 32 44 24 13 33 23 33 44 44 33 44 41 41 14 14 44 14 44 44 22 32 11 14 33
0 22 44 24 11 33 22 33 41 44 22 44 44 44 11 11 44 14 44 44 22 33 11 11 31
0 22 44 44 11 33 23 33 41 44 32 44 44 44 14 11 41 11 44 44 22 33 14 11 33
0 22 41 44 13 32 23 32 41 41 32 11 41 41 14 14 41 14 41 41 23 33 14 44 31
0 32 41 44 13 33 22 33 41 44 32 41 44 41 14 11 41 11 44 44 22 33 11 11 31
0 33 44 24 11 33 22 33 44 44 33 41 44 44 11 11 44 11 44 44 22 33 11 14 33
0 32 41 24 13 33 22 33 41 44 33 44 44 41 11 14 44 14 44 44 23 33 11 11 31
0 32 44 24 13 33 23 33 44 44 33 41 44 44 11 11 44 11 44 44 22 33 11 11 31
0 33 44 22 11 33 23 33 44 44 33 44 44 44 11 11 44 14 44 44 22 33 11 11 33
0 33 44 24 13 33 23 32 41 44 33 44 44 11 11 11 41 14 44 44 22 33 11 11 31
0 33 41 24 33 32 23 32 44 41 33 41 41 41 14 11 44 11 44 44 22 32 14 11 33
0 33 44 24 11 32 23 33 44 44 33 41 44 44 11 11 44 44 44 44 22 22 11 11 31
0 22 44 22 13 33 22 33 44 41 32 41 44 41 14 11 44 14 11 41 22 33 11 14 31
0 22 44 44 33 22 22 32 41 41 22 44 41 41 14 11 11 11 41 41 23 33 14 11 31
0 32 41 24 33 33 23 32 44 41 32 41 44 41 14 11 41 14 41 44 22 33 11 11 33
0 32 11 24 13 33 23 33 44 41 32 11 44 41 14 14 41 11 41 41 23 33 14 11 31
0 33 44 22 13 33 22 33 41 44 33 44 44 44 11 11 44 11 44 44 22 33 11 11 33
0 32 41 24 13 33 23 32 41 41 32 41 44 44 11 14 41 11 44 44 23 32 14 14 31
0 33 44 22 13 33 22 33 44 44 33 41 44 44 11 11 44 11 44 44 22 33 11 11 33
0 22 11 44 33 32 23 32 41 11 22 41 41 11 14 14 11 44 41 41 23 32 14 14 11
0 33 44 24 13 33 22 33 41 44 33 44 44 44 11 11 44 11 44 44 22 32 11 11 33
0 32 44 22 11 32 23 33 41 44 33 44 44 41 11 11 41 11 44 44 22 32 44 14 11
0 32 44 24 13 33 22 33 41 44 33 44 44 44 11 11 44 11 44 44 22 33 11 11 31
0 32 41 24 33 33 22 33 44 44 32 11 44 44 11 11 44 14 44 44 22 32 14 11 31
0 32 44 24 13 32 23 33 41 41 32 41 44 41 14 11 41 14 41 44 23 32 11 11 31
0 33 11 24 13 22 23 33 41 44 22 11 41 44 44 11 41 14 41 11 23 32 14 14 11
0 32 44 22 11 33 23 33 41 41 32 44 44 44 11 11 41 11 44 44 22 33 11 11 33
0 22 41 44 33 22 33 33 11 11 22 11 41 11 44 14 11 44 11 11 33 22 44 44 11
0 32 44 44 13 33 23 33 44 41 32 44 44 11 11 14 44 14 44 44 22 33 11 11 31
0 32 41 24 13 32 23 33 41 44 33 41 44 41 14 11 44 14 41 44 23 32 11 11 31
0 33 41 24 13 32 33 32 44 44 32 44 41 41 11 11 41 14 44 44 22 32 11 11 31
0 33 44 22 11 33 23 33 44 41 33 44 44 44 11 11 44 11 41 41 22 33 14 11 31
0 22 11 44 33 32 23 32 11 41 22 11 44 11 14 11 41 11 41 44 23 32 14 14 11
0 33 44 22 11 33 22 33 44 44 33 44 44 44 11 11 41 11 44 44 22 33 11 11 33
0 33 44 22 11 33 22 33 44 44 33 44 44 41 11 11 44 11 44 44 22 33 11 11 33
0 32 41 44 13 33 33 33 11 41 32 41 44 41 14 11 41 14 41 41 33 32 14 44 33
0 32 44 22 11 33 23 32 44 44 32 41 44 44 14 11 44 14 44 44 23 33 11 11 33
0 33 44 24 13 33 23 33 44 44 33 44 44 41 11 14 44 11 44 44 22 33 11 11 31
0 32 41 44 33 33 23 32 41 41 22 41 41 44 11 14 41 14 44 41 23 22 14 44 31
0 32 41 24 11 33 22 33 41 41 33 41 44 41 11 11 44 14 44 44 22 32 11 11 31
0 32 44 44 33 32 22 33 11 41 32 44 44 41 11 11 44 14 41 44 22 32 11 14 11
0 32 41 44 33 22 23 32 11 41 22 44 44 11 14 11 41 44 41 44 22 32 44 11 31
0 33 44 22 11 33 22 33 44 44 33 44 44 44 11 11 44 11 44 44 22 33 11 11 33
0 32 41 24 33 32 23 33 11 44 33 41 44 41 11 14 44 14 44 44 23 22 14 14 31
0 32 41 22 13 33 22 33 44 41 33 44 44 44 14 11 41 11 44 44 22 33 44 11 33
0 32 11 44 33 22 33 33 44 11 22 11 44 41 14 44 44 44 41 41 23 32 44 44 31
0 33 41 44 13 33 22 33 44 44 32 41 44 44 14 11 44 14 44 44 23 32 11 11 33
0 33 44 24 11 33 22 33 44 44 33 44 44 41 11 11 41 11 41 44 22 33 11 11 31
0 22 11 24 33 32 33 32 44 41 22 41 41 11 44 11 41 44 41 41 22 22 11 14 11
0 32 11 44 33 32 23 32 41 41 22 11 44 41 44 44 41 44 11 44 23 22 14 14 11
0 33 44 22 33 33 23 33 11 44 32 41 41 41 11 11 44 14 44 44 22 33 11 44 33
0 33 41 24 13 33 23 33 41 44 32 41 44 44 11 11 44 11 11 44 22 32 11 11 11
0 32 44 44 11 33 22 32 41 44 32 11 41 11 11 14 11 14 44 44 23 33 14 14 33
0 32 44 22 11 33 22 33 44 44 33 41 44 44 11 11 44 11 44 44 22 33 11 11 33
0 32 41 24 11 33 23 33 44 44 32 44 44 44 11 11 44 11 44 44 22 22 11 14 31
0 32 44 44 13 33 33 32 41 44 32 44 41 44 14 14 41 14 44 44 22 32 11 44 33
0 32 44 24 33 32 23 33 41 44 33 44 44 44 14 11 44 14 41 41 22 22 14 11 31
0 33 44 24 13 33 22 33 44 41 32 41 44 44 14 11 41 11 44 44 22 33 11 11 33
0 33 44 24 13 33 23 33 41 44 33 44 44 44 11 11 44 14 44 44 23 33 11 14 33
0 32 44 24 13 32 22 33 44 44 32 41 44 41 14 14 44 11 44 44 22 32 11 11 33
0 32 44 24 33 32 33 33 44 44 32 41 41 41 14 14 41 14 44 41 23 32 11 14 33
0 22 44 44 33 32 33 33 11 41 32 11 44 11 14 14 11 14 41 11 22 32 11 44 11
0 32 44 44 13 33 23 33 41 41 33 44 41 41 11 11 44 14 44 44 33 32 11 11 33
0 32 44 24 11 33 22 33 44 41 33 41 44 41 14 11 44 11 41 41 22 33 14 14 31
0 32 44 24 13 32 23 33 41 41 33 41 41 44 11 11 44 14 44 41 22 33 11 11 31
0 32 44 24 13 33 23 32 41 41 32 41 41 41 14 14 41 14 44 44 23 32 14 11 31
0 33 44 24 33 33 23 33 41 44 33 44 44 41 11 11 11 14 44 44 22 33 11 11 33
0 32 44 24 13 33 23 32 41 44 32 41 41 41 11 11 41 14 11 44 22 33 11 44 31
0 33 41 22 13 33 22 33 44 44 33 44 44 41 11 11 44 11 44 44 23 33 11 11 31
0 32 41 24 13 33 23 32 41 44 32 41 41 41 11 14 11 14 44 41 22 32 14 14 31
0 33 44 24 13 32 23 33 44 44 22 41 44 11 14 14 41 14 41 44 22 33 14 14 31
0 22 41 24 13 33 23 33 41 41 22 11 41 41 14 11 41 14 41 41 23 32 14 14 11
0 22 41 24 33 32 33 32 11 41 32 41 44 44 11 44 44 14 11 44 22 32 14 11 31
0 33 44 24 33 32 23 33 44 44 33 11 44 44 11 11 44 11 44 44 22 33 11 14 33
0 33 44 24 13 33 23 33 11 44 32 11 44 44 14 14 44 14 44 41 22 33 11 14 31
0 32 11 24 13 32 33 33 44 44 22 11 44 44 11 11 44 14 44 41 23 22 14 14 11
0 32 44 24 13 32 23 22 11 41 22 41 41 41 11 14 11 14 44 44 22 33 11 44 33
0 33 44 22 11 33 22 33 44 44 33 44 44 44 11 11 44 11 44 44 22 33 11 11 33
0 33 44 24 13 33 22 33 41 44 32 44 44 44 14 11 44 11 44 44 22 33 11 14 31
0 32 44 22 13 33 23 33 44 44 32 41 41 44 11 11 44 11 44 44 22 32 11 11 31
0 32 41 24 33 33 22 32 11 11 22 41 44 44 14 11 41 14 41 44 23 32 14 44 33
0 33 44 22 11 33 22 33 44 44 33 44 44 44 11 11 44 11 44 44 22 33 11 11 33
0 33 44 24 13 32 22 33 41 41 33 41 44 44 11 11 41 11 44 41 23 32 14 11 33
0 32 41 24 13 33 23 33 41 44 32 44 44 41 14 14 41 14 44 41 23 32 14 11 31
0 32 41 24 33 33 33 32 41 44 32 44 44 11 14 11 41 11 41 41 22 33 14 14 31
0 33 41 22 11 33 23 32 44 41 32 11 44 41 44 11 11 11 11 41 23 33 11 11 33
0 22 41 44 13 32 23 33 41 41 33 41 44 11 11 11 44 14 44 41 23 33 11 14 31
0 32 41 24 13 32 23 33 44 44 32 44 44 44 14 11 41 11 44 44 22 33 11 11 11
0 32 44 22 13 33 22 33 44 44 33 41 44 44 11 11 44 11 44 44 22 33 14 11 33
0 32 41 24 11 32 23 33 41 44 33 41 41 44 11 14 44 11 41 44 23 33 11 14 31
0 33 41 44 33 32 33 32 41 44 22 11 11 41 14 44 11 44 41 44 33 22 44 44 31
0 33 44 44 13 33 23 33 44 41 32 44 44 41 11 11 44 11 44 44 22 33 11 11 31
0 33 44 24 13 33 22 32 41 44 32 41 41 44 11 11 44 11 44 44 22 32 14 11 33
0 33 44 24 13 32 33 33 44 44 33 41 44 41 11 11 44 11 44 44 22 33 11 11 33
0 32 44 24 11 33 22 32 44 44 33 41 44 44 14 11 44 14 44 44 22 33 11 14 33
0 32 41 44 33 22 33 32 11 41 32 11 41 11 14 14 41 14 44 41 23 22 14 14 31
0 32 41 22 13 32 23 33 11 44 32 41 44 41 11 11 41 11 41 44 23 33 14 44 33
0 32 44 44 11 33 23 33 11 44 32 41 44 41 14 14 44 14 44 44 22 32 11 11 31
0 32 44 44 13 33 23 33 41 41 32 41 44 41 14 14 44 14 44 41 22 22 14 11 33
0 32 44 44 33 32 33 33 41 44 33 41 44 41 11 11 41 14 41 44 22 33 11 11 31
0 32 41 24 13 32 23 32 41 44 32 44 44 44 11 11 41 11 44 44 23 32 11 11 33
0 32 44 44 33 33 33 33 41 44 22 11 44 41 11 11 44 14 44 44 22 33 11 14 31
0 22 41 44 33 32 33 32 41 41 22 11 44 41 11 14 41 44 41 41 22 22 14 44 11
0 32 41 24 13 33 22 33 11 41 22 41 44 44 14 11 41 11 41 41 23 32 14 44 11
0 32 44 24 13 33 23 33 41 41 32 41 44 44 11 11 41 14 41 44 23 32 11 14 31
0 32 41 24 13 32 23 32 41 41 32 41 44 44 14 11 41 14 41 41 23 32 14 14 31
0 32 44 24 13 32 23 33 41 41 33 41 44 41 14 14 41 14 41 44 22 33 11 14 31
0 22 41 44 33 32 23 33 41 44 32 11 41 11 14 44 11 14 41 41 23 22 14 14 11
0 33 41 24 13 32 23 32 44 44 32 41 41 11 14 14 41 44 44 44 22 32 11 14 31
0 32 11 24 13 22 33 22 41 41 32 11 41 41 14 14 11 14 44 11 22 32 14 44 31
0 32 41 44 33 22 33 22 11 41 22 11 11 11 44 14 41 44 11 41 33 22 14 44 31
0 32 41 44 13 22 22 32 41 41 32 41 41 41 14 11 41 14 41 44 22 32 11 44 33
0 22 41 24 13 33 23 33 41 41 32 44 41 41 14 14 44 14 41 41 22 32 14 14 31
0 32 44 44 13 33 23 32 44 44 22 11 44 41 14 11 41 11 41 44 22 33 11 11 31
0 22 11 24 13 32 23 32 41 41 33 41 44 41 14 11 41 14 44 41 22 32 11 44 11
0 32 41 24 13 32 33 33 41 41 32 41 41 41 44 11 41 44 44 41 22 32 11 14 31
0 32 41 24 13 32 23 33 44 41 22 41 41 44 11 14 41 14 41 44 23 32 44 14 31
0 33 44 24 11 33 22 33 41 44 32 44 44 44 14 11 44 11 44 41 22 33 11 14 33
0 33 11 24 13 33 23 33 41 44 33 11 44 44 11 11 44 14 44 44 22 32 14 14 33
0 32 44 22 13 32 33 33 41 41 32 41 44 44 14 11 44 14 41 44 22 32 11 11 31
0 22 44 44 33 33 23 32 41 44 32 11 41 41 11 14 41 11 44 44 23 22 14 44 11
0 33 44 24 11 32 23 33 44 41 32 44 44 41 11 11 44 11 44 44 22 33 11 11 31
0 33 44 24 11 33 22 33 44 44 33 44 44 44 11 11 44 11 44 44 22 33 11 11 33
0 32 44 22 33 32 23 33 41 41 32 41 44 41 11 11 41 14 41 44 23 32 11 44 33
0 33 44 24 11 33 22 33 44 44 33 44 44 44 11 11 44 11 44 44 22 33 14 11 33
0 22 11 24 33 32 33 32 41 41 32 11 41 11 14 14 41 14 41 41 23 32 14 14 31
0 33 41 24 33 32 33 33 44 41 33 41 44 11 14 14 41 14 44 44 22 32 11 14 31
0 22 41 24 13 32 33 33 11 41 32 11 44 44 14 14 41 11 41 41 23 32 11 14 11
0 32 44 24 11 33 23 33 44 44 33 44 41 44 14 11 44 11 44 44 22 33 11 11 33
0 32 41 44 13 33 22 33 44 44 33 44 44 44 11 11 44 11 44 44 22 33 11 14 31
0 32 41 44 33 33 23 33 41 44 33 41 41 11 44 14 41 14 44 41 23 32 11 14 31
0 33 44 24 11 33 22 33 44 44 33 44 44 44 11 11 44 44 44 44 22 33 11 11 33
0 32 41 24 33 33 22 33 44 41 32 41 44 41 11 11 44 14 44 44 22 33 11 11 33
0 32 44 24 13 33 22 33 44 41 32 44 41 41 11 14 44 11 44 44 22 33 11 11 31
0 32 41 24 13 33 23 33 44 44 32 41 44 44 14 11 44 44 44 44 22 33 11 11 33
0 33 41 24 11 33 23 33 41 44 33 44 44 44 14 11 44 14 44 44 22 33 11 14 33
0 33 44 22 11 33 22 33 44 44 33 44 44 44 11 11 44 11 44 44 22 33 11 11 33
0 33 41 44 11 33 33 33 41 44 32 44 41 41 11 11 44 14 44 44 23 33 11 14 31
0 32 11 24 33 32 33 32 41 44 32 41 41 11 14 14 44 14 41 41 22 33 11 14 11
0 33 44 24 11 33 23 33 44 44 33 44 44 44 14 11 44 11 44 44 22 33 11 11 33
0 33 44 24 13 32 23 32 41 44 32 41 44 11 14 11 44 44 44 44 22 32 11 14 33
0 32 41 22 33 33 22 33 44 44 32 41 44 44 11 11 44 11 44 44 22 32 11 11 33
0 33 44 24 11 33 23 33 41 44 32 41 44 44 11 11 41 11 44 44 22 32 11 11 33
0 33 44 22 13 33 23 32 44 44 32 44 44 44 11 11 44 11 44 44 22 33 11 11 33
0 33 44 24 33 33 22 33 44 44 32 41 41 44 14 11 44 14 44 44 22 33 11 14 33
0 32 44 44 11 33 33 33 41 41 32 44 44 11 44 14 44 14 44 41 23 32 44 11 31
0 32 41 44 33 32 22 22 11 44 22 41 44 41 11 11 44 14 41 44 22 22 14 44 31
0 32 44 22 11 33 23 33 44 44 33 44 44 44 14 14 44 11 44 44 22 33 11 11 33
0 33 44 22 13 33 23 33 41 44 33 11 44 44 11 11 44 11 44 44 22 33 11 11 31
0 33 41 24 13 33 33 33 41 44 32 41 44 41 14 11 41 11 44 44 22 33 11 14 31
0 32 44 44 13 22 23 33 44 44 33 44 44 41 44 11 44 14 41 41 22 33 11 11 11
0 22 41 24 33 32 33 33 11 11 22 11 11 41 14 11 41 14 41 11 33 22 44 44 11
0 32 44 24 11 33 23 33 41 44 33 41 44 41 14 11 44 11 44 44 22 32 14 11 33
0 33 44 24 13 32 23 33 41 44 33 41 44 41 44 11 44 11 44 44 23 33 14 14 11
0 32 41 24 11 32 23 33 41 41 32 41 44 41 14 11 41 14 44 44 23 33 14 14 11
0 32 44 44 33 33 33 32 44 41 32 41 44 41 11 11 41 14 41 44 23 32 11 44 11
0 33 44 44 11 33 22 33 44 44 33 41 44 44 11 11 44 11 44 44 22 32 11 11 33
0 32 44 24 11 33 22 33 41 44 32 41 44 44 11 11 44 14 44 44 22 32 14 11 33
0 22 41 44 33 32 33 32 11 41 33 41 41 41 14 14 44 14 41 41 23 32 44 44 31
0 32 44 22 11 33 23 32 44 44 33 41 44 44 11 11 44 11 44 44 22 33 11 11 33
0 32 44 22 33 33 22 33 44 44 33 44 44 44 11 11 44 11 44 44 22 33 11 14 31
0 32 41 24 13 32 33 33 11 41 22 11 41 11 11 11 41 44 44 41 33 22 14 14 11
0 33 44 22 13 32 23 33 44 41 32 44 44 41 11 11 44 11 44 44 23 33 44 14 33
0 32 44 24 13 32 33 33 11 44 32 44 41 44 44 11 44 11 44 44 22 33 11 14 33
0 32 11 24 13 32 33 33 41 44 32 11 41 11 14 14 44 14 41 44 23 32 44 14 11
0 32 44 44 11 33 23 33 41 44 32 41 41 44 11 11 44 14 44 44 33 33 11 14 31
0 33 44 22 11 33 23 33 44 44 33 44 44 44 11 14 44 11 44 44 22 33 11 11 31
0 32 41 44 13 33 33 32 11 41 22 11 41 11 14 14 44 44 11 41 23 32 11 44 11
0 33 44 22 11 33 23 33 41 44 33 44 44 11 11 14 44 11 44 41 22 32 11 11 31
0 33 44 22 33 22 22 33 44 44 32 44 41 44 11 11 44 11 44 41 22 32 14 11 33
0 33 11 24 13 33 33 33 41 41 32 41 41 11 14 11 41 14 41 41 22 33 14 11 33
0 33 44 22 11 33 22 33 44 44 33 44 44 44 11 11 44 11 44 44 22 33 11 11 31
0 33 44 22 11 33 22 33 44 44 33 44 44 44 11 11 44 11 44 44 22 33 11 11 33
0 32 11 44 33 32 33 33 41 11 22 11 41 11 44 14 11 44 41 41 33 32 44 44 31
0 32 44 22 13 32 33 33 41 41 33 41 41 41 11 11 44 11 44 44 23 32 11 14 33
0 32 41 22 13 32 23 33 41 44 33 41 44 44 44 11 41 14 44 41 22 32 11 14 33
0 33 44 22 11 33 23 33 44 44 33 44 44 44 11 11 44 11 44 44 22 33 11 11 33
0 22 11 44 33 32 33 33 11 44 22 41 11 11 14 11 41 14 41 44 33 33 11 14 11
0 33 44 22 11 33 23 33 44 44 33 44 44 44 11 11 44 11 44 44 22 33 11 11 33
0 32 44 44 13 33 33 33 41 41 32 41 44 41 11 11 11 11 41 44 22 32 14 14 33
0 33 44 22 13 33 23 33 44 44 33 41 44 41 11 11 44 11 41 44 22 33 11 11 33
0 33 44 44 13 33 23 33 44 41 33 44 44 44 14 11 41 14 44 44 23 32 14 11 31
0 32 41 24 11 33 23 33 44 44 32 44 44 41 11 11 44 14 41 44 22 33 11 11 11
0 32 41 44 13 32 33 32 41 44 33 11 41 41 11 44 11 14 44 41 23 32 14 11 11
0 33 44 22 11 33 23 32 44 44 33 44 44 41 11 11 44 11 44 44 22 32 11 11 33
0 32 11 22 11 32 33 33 41 44 32 41 44 41 14 14 44 14 44 41 22 22 14 11 31
0 33 44 22 11 32 23 33 44 44 32 44 44 41 11 11 44 11 44 44 22 33 11 11 33
0 33 41 44 33 22 33 33 41 41 22 41 11 41 14 11 41 44 41 44 33 32 14 11 11
0 22 44 44 33 32 33 33 41 44 33 44 41 44 14 11 41 14 44 41 23 22 14 11 31
0 32 44 22 11 33 22 33 41 44 33 44 44 44 11 11 44 11 44 44 22 33 11 11 33
0 32 44 44 13 32 23 33 41 41 32 41 44 44 14 14 44 14 44 41 23 32 11 14 31
0 32 44 22 13 32 23 32 41 41 32 41 44 44 14 11 41 14 44 41 22 32 11 14 33
0 32 11 44 33 32 33 22 41 44 22 11 41 41 14 11 41 14 41 41 23 33 14 14 31
0 33 44 24 13 33 23 33 44 44 33 41 44 41 14 11 44 11 44 44 22 32 11 11 31
0 33 44 24 33 32 33 33 41 44 32 41 41 11 11 14 41 14 44 44 22 33 11 14 33
0 32 44 24 11 32 33 33 11 44 22 44 44 44 14 11 41 11 44 44 23 33 11 11 33
0 33 41 24 13 32 22 33 41 44 32 41 41 41 11 11 41 11 41 41 23 32 14 14 31
0 33 44 24 11 32 23 33 11 44 32 44 44 44 11 11 41 14 41 44 23 33 14 11 31
0 33 44 24 11 33 23 33 44 44 33 44 44 44 11 11 11 14 44 44 22 33 14 14 33
0 22 41 24 13 32 23 32 44 44 32 41 41 41 14 11 41 14 41 41 22 33 11 14 31
0 22 44 24 13 33 22 33 44 44 22 41 44 44 14 44 44 44 44 44 22 32 11 11 31
0 33 44 24 11 33 22 33 44 44 32 44 44 44 11 14 44 11 44 44 22 33 11 14 31
0 32 41 22 13 32 23 33 44 44 32 41 41 41 14 14 44 11 44 11 22 32 11 14 31
0 32 41 24 11 33 33 33 41 44 32 41 41 11 11 11 41 14 41 44 23 33 11 14 31
0 33 44 24 13 33 23 33 44 44 33 44 44 44 11 11 44 11 44 44 22 32 14 11 33
0 32 44 44 13 33 22 33 41 44 33 44 44 41 11 14 44 11 44 41 23 33 11 11 33
0 22 44 44 33 33 33 33 41 44 22 11 41 11 14 44 41 14 11 11 33 32 14 14 31
0 32 44 24 13 33 23 32 41 41 32 41 41 41 14 11 44 14 41 41 23 32 11 14 31
0 22 11 44 33 32 33 32 41 11 32 41 41 11 44 11 41 14 41 44 22 22 14 44 11
0 33 44 24 33 33 33 33 44 44 32 44 44 41 14 11 44 14 44 41 22 33 11 11 31
0 32 44 22 13 33 22 33 44 44 33 41 44 41 14 11 44 11 44 44 22 32 11 11 31
0 33 44 22 33 33 22 33 44 44 22 44 44 44 11 11 44 14 44 44 22 33 11 11 33
0 32 44 24 33 33 33 32 41 44 32 41 44 41 11 11 44 11 41 44 22 32 14 44 11
0 33 44 24 11 33 22 33 44 44 33 44 44 44 11 11 44 11 44 44 22 32 11 14 33
0 32 41 24 13 33 23 32 41 41 32 41 41 41 11 11 41 14 44 41 23 32 14 14 31
0 33 44 24 11 33 23 32 44 41 32 41 41 41 44 11 44 14 44 41 22 33 11 14 33
0 33 11 24 13 33 33 33 44 11 32 44 44 44 11 11 44 11 44 44 22 33 11 11 33
0 32 44 44 13 32 22 33 41 44 32 44 44 41 14 14 41 14 44 41 22 32 14 11 31
0 32 44 22 13 33 23 33 44 44 33 44 44 41 11 11 41 11 44 41 22 33 11 11 31
0 33 44 24 11 33 22 33 44 44 33 44 44 44 11 11 44 11 44 44 22 33 11 11 33
0 33 44 24 13 33 22 33 44 44 33 41 44 41 11 14 44 11 44 44 22 33 11 11 33
0 32 44 44 33 32 23 33 41 44 33 41 44 11 11 14 44 14 44 44 22 32 11 14 11
0 32 44 24 13 32 23 33 44 41 32 44 41 41 14 14 41 14 44 44 23 33 14 14 31
0 33 44 24 11 33 23 33 41 44 32 41 44 41 11 11 44 11 44 44 22 33 14 44 31
0 33 44 24 11 32 23 33 11 44 32 41 41 41 14 11 44 14 44 41 22 32 11 14 11
0 22 41 44 13 32 33 33 11 41 22 11 41 41 14 44 41 14 41 44 23 32 11 14 31
0 33 41 24 33 22 33 33 41 44 32 11 11 11 14 11 41 14 41 41 22 32 14 14 31
0 33 44 24 11 33 23 33 44 44 33 44 44 44 11 11 44 14 44 44 22 33 11 14 33
0 33 41 24 13 33 33 33 11 11 32 11 44 11 11 11 44 44 44 44 22 33 11 11 31
0 33 44 22 11 33 22 33 44 44 33 44 44 44 11 11 44 11 44 44 22 33 11 11 33
0 33 41 24 33 33 23 33 41 41 32 41 44 41 14 14 44 14 44 44 23 33 14 14 31
0 32 44 22 13 33 22 33 44 44 33 44 44 44 11 11 44 11 44 44 23 33 11 11 33
0 33 44 22 33 33 23 33 44 44 33 41 44 44 14 11 44 14 44 41 22 32 11 11 31
0 33 41 44 13 32 23 33 41 41 22 11 44 41 14 14 44 14 41 41 23 32 14 11 33
0 32 41 24 13 33 33 33 11 41 32 11 41 41 14 11 41 14 41 41 23 32 14 14 11
0 33 44 22 11 33 22 33 44 44 33 44 44 44 11 11 44 11 44 44 22 33 11 11 33
0 33 41 44 13 33 23 33 44 44 32 44 41 41 11 11 44 14 44 44 22 33 11 11 33
0 22 11 44 33 32 33 33 41 41 32 11 41 41 14 44 11 44 41 41 33 32 14 14 11
0 33 41 44 13 32 23 32 44 11 32 41 41 41 14 11 44 14 41 44 23 33 14 14 31
0 22 11 44 13 32 33 32 11 11 32 11 41 41 14 44 41 44 41 11 23 22 14 44 11
0 33 44 22 11 33 22 33 44 44 33 41 44 44 11 11 44 11 44 44 22 33 11 11 33
0 33 44 22 11 33 23 33 41 41 32 44 44 41 11 11 44 11 44 44 22 33 11 11 33
0 32 44 24 11 32 23 33 41 41 32 44 44 44 11 11 41 11 44 44 23 22 11 14 31
0 32 41 22 11 32 22 33 41 44 32 44 44 11 14 11 44 14 44 44 22 33 11 14 33
0 32 44 24 13 32 22 32 41 44 33 44 44 44 11 11 44 11 44 44 22 32 11 11 33
0 33 41 24 13 32 23 33 44 41 32 41 44 41 11 11 44 11 44 44 22 32 11 11 33
0 33 44 24 33 33 22 33 44 41 33 41 44 44 11 11 44 14 44 44 22 33 11 11 33
0 32 41 24 13 32 33 32 41 41 22 41 44 41 14 11 44 14 41 41 23 33 14 14 31
0 33 44 22 11 33 22 32 41 44 32 44 44 44 11 11 44 11 44 44 22 33 14 11 33
0 33 44 22 11 33 22 33 44 44 33 41 44 44 11 11 44 11 44 44 22 33 11 11 33
0 33 41 24 13 33 22 33 44 44 33 44 41 41 14 11 44 11 44 44 22 33 11 14 31
0 33 44 22 11 33 23 33 44 44 33 44 44 44 11 11 44 11 44 44 22 33 11 11 33
0 33 44 24 13 33 23 33 41 41 32 44 41 41 11 11 44 11 44 44 23 33 11 11 31
0 32 44 24 13 32 33 33 41 44 33 41 44 44 11 14 44 11 44 41 23 33 11 14 33
0 22 41 24 33 33 33 33 41 41 22 41 41 44 11 14 41 14 44 44 22 32 14 14 31
0 33 44 22 11 33 23 33 44 44 33 44 44 41 11 11 44 11 44 44 22 32 11 11 33
0 22 41 44 13 33 33 32 41 41 22 41 41 11 11 14 41 14 44 41 22 32 14 14 31
0 33 44 22 11 33 23 33 44 44 33 44 44 44 11 11 44 11 44 44 22 33 11 11 31
0 33 44 24 13 32 33 33 44 44 33 44 44 44 14 14 44 11 44 44 23 33 11 14 31
0 32 41 22 11 32 22 33 44 41 32 41 44 41 11 11 44 11 44 41 22 33 11 11 33
0 32 41 24 13 33 22 33 44 41 33 44 44 11 14 11 44 14 44 44 23 32 14 11 31
0 22 41 24 13 32 23 33 41 44 22 41 44 41 14 14 41 14 44 41 23 32 11 11 33
0 33 44 22 11 33 23 33 41 44 33 44 44 44 14 14 44 14 44 44 22 33 11 11 33
0 32 41 24 11 32 23 33 41 44 32 41 44 41 14 11 44 14 44 44 23 33 11 14 31
0 33 44 24 13 33 23 32 44 41 33 41 41 41 14 14 41 14 41 41 22 22 14 11 31
0 33 44 22 11 33 22 33 44 44 33 44 44 44 11 11 44 11 44 44 22 33 11 11 31
0 32 44 44 13 33 33 33 41 41 32 11 44 41 14 11 41 14 44 44 22 33 14 14 33
0 33 44 24 11 33 23 33 44 44 33 41 44 41 11 11 44 11 44 44 22 32 14 11 33
0 22 11 24 33 32 33 32 11 41 22 41 41 11 44 14 41 44 11 41 33 33 11 14 11
0 32 11 44 13 22 23 32 41 41 32 41 41 41 14 11 41 14 11 41 33 32 14 14 31
0 22 11 44 33 22 33 22 11 11 22 11 11 11 14 14 41 44 44 41 33 22 44 14 11
0 33 41 24 13 32 23 33 41 44 32 44 44 44 11 14 44 14 44 44 22 32 14 14 31
0 33 41 22 13 33 22 33 44 44 32 44 44 41 11 11 44 11 44 44 22 33 11 11 31
0 33 44 22 11 33 22 33 44 44 33 44 44 44 11 11 44 11 44 44 22 33 11 11 33
0 32 41 24 33 32 22 33 44 44 22 44 44 44 44 11 41 11 44 44 23 32 11 14 11
0 22 11 24 33 33 33 32 41 11 22 11 44 41 14 14 41 14 11 44 22 22 11 14 31
0 32 44 24 13 33 22 33 44 44 33 11 41 44 44 11 44 44 44 41 22 33 11 11 33
0 22 11 24 33 32 23 32 11 44 32 11 44 44 14 11 11 14 44 41 22 32 11 14 31
0 33 44 24 11 33 22 32 44 41 33 44 44 44 11 11 44 11 44 44 22 33 11 11 33
0 33 44 24 13 32 33 33 44 44 32 41 41 41 11 14 41 14 44 41 22 32 14 14 31
0 33 44 22 11 33 22 33 44 44 33 44 44 44 11 11 44 11 44 44 22 33 11 11 33
0 32 11 22 13 32 22 32 11 44 32 44 44 41 11 11 41 44 44 11 23 32 14 14 31
0 32 11 44 13 32 33 33 44 41 33 41 44 11 14 11 41 11 41 41 23 32 11 14 33
0 33 44 24 13 33 22 33 44 44 33 44 44 44 11 11 44 11 44 44 22 32 11 11 33
0 22 41 24 13 33 33 33 11 41 32 11 44 11 14 14 41 44 41 41 23 32 14 14 31
0 32 41 44 13 32 23 33 41 44 32 11 44 41 14 11 41 44 44 44 22 32 14 11 33
0 33 44 24 11 33 22 33 41 44 32 41 44 44 11 11 44 14 44 44 22 33 11 11 33
0 33 41 24 13 33 33 33 41 44 33 44 44 41 14 11 41 11 44 41 22 32 14 11 31
0 32 44 24 11 33 23 33 44 44 33 44 44 44 14 11 41 14 44 41 22 33 11 14 31
0 32 41 44 33 32 23 33 41 11 32 41 41 44 14 14 41 14 44 44 23 22 11 14 33
0 32 41 24 33 32 23 33 44 41 22 41 44 44 14 14 41 44 41 41 23 32 11 14 31
0 32 44 24 13 32 23 32 41 41 33 41 41 41 14 14 11 14 11 41 23 32 14 14 31
0 33 44 22 11 33 22 33 44 44 33 44 44 44 11 11 44 11 44 44 22 33 11 11 33
0 33 41 24 13 33 23 33 41 41 32 44 44 44 11 14 41 11 44 41 22 33 14 11 33
0 32 41 44 11 33 23 33 44 44 33 41 41 44 14 14 41 14 44 41 22 33 14 11 11
0 33 44 44 13 33 23 33 44 44 33 41 44 44 11 11 44 14 44 44 22 32 11 14 33
0 33 44 24 13 32 23 33 41 41 32 44 41 41 11 11 44 14 44 41 23 32 14 14 31
0 22 41 44 33 22 23 33 11 41 22 11 11 11 44 14 11 44 41 44 33 22 44 44 31
0 32 44 24 13 32 23 33 41 41 32 41 44 41 14 14 41 14 41 44 22 33 14 14 33
0 22 41 24 33 32 23 32 41 44 32 41 41 41 44 14 41 44 41 41 23 22 14 14 31
0 33 44 22 13 33 22 33 44 44 33 41 44 44 11 11 44 14 44 44 22 33 11 11 33
0 32 44 24 11 33 23 33 44 44 33 44 41 41 11 14 44 11 44 44 23 32 14 11 31
0 32 41 24 13 33 23 33 41 44 32 41 44 44 14 14 41 14 44 44 23 33 14 11 31
0 22 41 24 13 32 33 33 41 41 32 44 44 44 11 11 41 11 44 41 23 32 11 14 33
0 33 44 22 13 33 22 33 44 44 33 41 44 41 11 11 44 11 44 44 22 32 11 11 33
0 32 44 24 11 32 23 32 44 44 33 44 44 41 14 11 41 11 44 44 22 33 11 44 31
0 22 41 24 13 32 23 32 11 44 33 41 44 44 14 14 41 44 44 41 22 32 14 14 33
0 32 44 24 13 32 33 33 44 44 33 44 44 41 11 11 44 11 44 44 22 33 11 11 31
0 33 44 24 11 33 22 33 44 44 33 41 44 44 11 11 44 11 44 44 22 33 11 11 33
0 32 41 44 13 32 33 33 44 44 33 41 41 41 44 11 44 14 44 44 22 33 11 14 33
0 33 41 22 11 33 23 32 44 41 32 44 44 44 11 11 44 11 44 41 22 33 11 14 33
0 33 44 22 11 33 22 33 44 44 33 44 44 44 11 11 44 11 44 44 22 33 11 11 33
0 33 44 24 13 32 22 33 41 44 32 44 44 44 11 11 44 11 44 44 22 33 11 11 31
0 33 44 24 13 33 23 32 44 41 32 11 44 41 11 11 41 14 44 44 23 33 14 11 33
0 33 44 22 13 33 22 33 41 44 33 44 44 44 11 14 44 14 44 44 23 33 11 11 33
0 32 44 24 13 33 33 32 41 44 22 44 44 44 11 11 41 14 44 44 23 32 11 14 11
0 22 41 44 11 33 22 32 44 44 33 44 44 44 11 14 44 14 44 41 23 32 11 14 33
0 32 41 22 11 33 23 33 41 44 22 41 44 41 11 11 41 11 44 41 23 32 11 11 31
0 32 44 22 11 33 22 33 44 44 33 44 44 44 11 11 44 11 44 44 22 33 11 11 33
0 32 41 24 13 33 33 33 11 44 32 41 44 44 11 11 41 14 44 44 23 33 14 14 33
0 32 44 44 13 33 33 32 44 44 33 41 41 11 11 11 44 11 44 44 22 33 11 11 33
0 32 44 24 13 32 22 32 41 44 32 44 44 44 11 11 44 11 41 41 22 32 11 11 33
0 32 41 44 13 32 33 33 41 44 33 41 44 44 11 11 44 11 44 44 22 33 14 11 33
0 32 41 24 13 32 23 22 41 41 32 41 41 41 14 11 44 11 41 44 22 32 11 11 31
0 32 41 44 33 32 23 33 11 44 22 44 41 41 11 11 11 14 44 44 22 33 11 11 33
0 32 41 24 33 32 33 33 41 41 22 11 44 41 14 14 41 14 11 41 23 22 14 14 31
0 33 44 24 33 33 23 33 44 44 32 44 44 44 11 11 44 11 44 44 22 33 11 11 33
0 32 44 44 13 33 23 33 44 11 33 44 44 41 14 14 44 14 44 41 22 33 11 11 33
0 33 41 24 13 33 23 33 44 44 33 41 41 41 14 14 41 14 44 41 22 33 14 14 11
0 33 44 24 13 33 23 33 41 44 32 44 44 44 11 11 41 11 44 44 22 32 11 14 33
0 33 44 22 11 33 22 33 44 44 33 44 44 44 11 11 44 11 44 44 22 33 11 11 33
0 22 41 44 33 22 33 32 11 41 32 11 11 11 44 14 41 44 41 41 33 22 44 44 31
0 33 41 24 13 33 23 33 44 44 32 41 44 44 11 11 44 11 44 41 22 33 11 11 31
0 32 41 24 13 32 23 32 41 44 33 44 41 41 11 14 41 14 41 41 22 32 14 14 11
0 33 41 22 13 33 23 33 44 44 33 44 44 44 11 11 44 11 44 44 22 33 11 11 33
0 33 44 24 13 33 23 33 44 44 32 41 44 44 11 14 41 11 44 44 23 33 11 11 33
0 22 44 44 13 33 23 33 41 41 32 41 41 44 11 14 41 14 41 44 22 32 11 11 11
0 33 41 24 13 33 23 33 41 44 33 41 44 41 14 11 44 14 44 44 22 33 14 11 33
0 33 44 24 33 32 23 33 41 41 22 41 44 41 11 11 44 14 44 44 23 32 14 11 31
0 32 44 22 11 33 23 33 44 44 33 44 44 44 11 11 44 11 44 44 22 33 11 14 33
0 32 41 24 33 22 22 32 11 44 22 41 41 11 14 14 11 44 41 11 22 32 14 44 11
0 32 41 44 33 22 33 33 11 41 22 44 44 11 44 14 41 14 44 44 22 32 14 44 31
0 32 41 24 33 33 33 33 11 44 32 44 41 41 14 44 41 14 44 41 23 22 14 44 31
0 32 44 24 13 33 23 33 11 41 32 44 41 44 14 14 41 14 44 44 22 33 11 11 33
0 22 41 24 13 33 23 33 41 41 32 41 41 41 11 44 44 14 41 44 22 32 14 14 31
0 33 41 22 13 33 23 33 11 44 33 44 44 41 11 11 41 11 44 44 22 33 14 11 31
0 33 41 44 33 32 22 32 44 41 33 41 44 41 14 11 44 14 44 44 22 33 11 11 33
0 32 44 24 13 32 33 33 41 44 32 11 44 41 14 11 44 14 44 44 23 32 11 14 31
0 32 41 24 13 33 23 33 41 44 32 44 44 41 11 11 44 14 41 44 23 33 11 11 33
0 33 44 44 13 22 23 33 44 41 22 11 41 41 14 14 41 44 44 41 22 32 11 14 31
0 33 41 24 11 32 23 33 41 41 32 41 41 41 14 14 41 14 44 44 23 32 14 11 33
0 33 44 22 11 33 22 33 44 44 33 44 44 44 11 11 44 11 44 44 22 33 11 11 33
0 22 11 44 33 22 33 22 11 11 22 11 11 11 44 44 11 44 11 41 33 22 14 44 11
0 32 41 24 13 32 22 33 11 44 22 11 44 41 11 14 44 44 41 44 33 33 11 11 31
0 22 11 44 33 22 33 32 11 41 32 41 44 41 11 11 44 14 41 44 23 32 11 14 11
0 32 41 24 13 32 23 33 41 41 32 41 44 41 14 11 41 14 41 41 23 32 14 14 31
0 33 44 44 11 33 33 33 41 44 33 41 44 41 14 11 41 14 44 44 22 32 11 14 33
0 32 41 44 33 33 23 33 41 44 33 41 44 44 44 11 44 14 44 11 23 32 11 44 31
0 33 44 44 11 33 22 33 44 44 33 41 44 44 14 11 41 11 44 44 22 33 11 11 33
0 32 11 44 11 33 33 33 41 41 33 41 44 41 44 11 44 11 44 44 22 32 14 44 33
0 32 11 24 13 32 23 33 41 41 22 41 44 41 11 11 44 14 41 41 22 32 14 14 11
0 32 41 24 33 33 33 33 44 41 32 44 44 41 11 14 44 14 44 41 23 32 11 11 33
0 32 41 24 11 32 23 33 41 44 32 41 41 41 14 11 41 14 41 44 22 32 14 11 31
0 33 41 44 13 33 22 32 11 41 33 41 44 41 14 14 44 14 44 41 23 32 14 44 33
0 32 41 22 11 32 22 32 41 41 32 44 44 44 14 14 41 11 44 41 22 32 14 11 33
0 33 41 44 33 32 33 33 44 41 32 41 11 11 14 14 11 44 41 41 23 22 11 44 31
0 33 44 44 11 33 22 33 41 44 32 41 44 44 14 14 44 14 44 44 22 33 11 11 33
0 22 11 24 33 22 33 32 44 41 22 41 44 11 44 14 41 14 41 41 23 22 44 44 33
0 22 44 24 33 33 22 33 41 41 32 41 41 41 14 11 41 44 41 41 22 32 14 14 11
0 32 44 22 13 33 23 33 44 44 33 44 44 41 14 11 44 14 44 44 23 33 11 11 33
0 22 41 44 33 32 23 32 11 11 32 41 41 11 44 14 41 44 41 41 23 32 14 14 11
0 33 44 44 13 32 33 33 44 44 33 44 44 44 11 11 44 11 44 44 23 33 11 11 31
0 33 41 22 11 33 22 33 41 44 32 41 44 44 14 11 44 11 41 44 22 33 11 11 31
0 33 41 24 13 33 23 33 44 44 33 44 41 41 14 11 44 14 44 44 22 33 14 11 33
0 33 44 22 13 33 22 33 44 44 32 44 44 44 14 11 44 11 44 41 22 32 11 14 33
0 32 41 44 33 33 23 33 41 44 32 44 44 44 11 11 44 14 44 44 22 32 11 14 33
0 22 44 44 13 32 23 33 41 41 33 11 44 41 14 11 44 14 44 41 23 33 11 14 11
0 33 44 22 13 33 22 33 41 44 32 41 44 44 11 11 44 11 44 44 22 33 11 11 33
0 33 44 22 13 33 22 33 41 44 33 41 44 44 14 14 44 14 44 44 22 33 11 11 31
0 22 41 44 13 32 33 33 41 41 22 11 44 41 14 14 41 44 41 44 33 33 14 44 31
0 32 41 44 13 32 23 32 41 11 32 11 41 11 14 11 41 14 41 11 23 32 14 44 11
0 33 44 24 13 33 22 32 44 44 33 44 41 44 11 11 44 14 44 44 22 32 14 11 33
0 32 44 22 13 33 23 33 44 44 33 44 44 44 11 11 44 44 44 44 22 33 11 11 31
0 32 41 24 13 33 33 32 44 41 32 41 41 41 11 14 44 11 41 44 23 32 11 11 31
0 32 41 24 13 33 23 32 44 44 32 44 44 41 14 11 44 11 44 41 22 33 11 11 31
0 33 44 22 13 33 23 33 44 41 33 41 41 41 14 14 41 14 44 41 22 33 11 14 33
0 33 41 22 13 33 22 33 44 41 32 44 44 44 11 11 41 11 44 44 22 33 11 14 33
0 32 41 24 13 32 23 32 41 44 32 11 41 41 14 14 41 14 41 11 23 33 14 14 11
0 32 44 24 11 33 23 33 44 44 33 44 44 41 11 11 44 11 44 44 22 33 11 11 31
0 32 44 44 33 32 33 33 41 44 22 41 44 11 44 11 41 14 44 44 22 32 14 14 11
0 32 44 24 13 33 23 33 44 44 32 41 44 41 14 14 41 14 44 44 23 32 14 14 31
0 33 41 22 13 33 22 33 44 44 33 44 44 41 11 11 44 11 44 44 22 33 11 11 33
0 32 44 24 13 32 22 32 44 41 32 41 44 41 11 14 44 14 44 41 22 33 11 14 31
0 33 44 22 11 33 22 33 41 44 33 44 44 44 11 11 44 11 44 44 22 33 11 11 33
0 22 41 24 13 33 22 32 41 41 22 44 44 11 11 14 41 14 41 44 22 32 11 14 33
0 33 41 24 13 32 22 32 44 41 32 44 44 41 11 14 41 14 44 44 22 33 14 11 33
0 32 44 44 13 33 33 33 41 41 22 11 41 44 11 14 44 14 44 44 23 33 14 14 31
0 32 41 22 13 33 23 32 41 41 22 41 41 44 14 11 41 14 41 41 23 32 14 14 31
0 33 44 24 11 33 23 33 41 44 33 44 41 41 14 14 44 11 41 44 22 32 11 11 31
0 33 44 24 11 32 23 32 44 44 33 44 44 44 14 11 44 11 44 44 22 33 11 14 31
0 32 44 22 13 33 23 33 44 44 22 11 44 44 14 14 44 14 44 41 22 32 14 11 11
0 33 41 44 13 32 23 33 41 44 32 41 41 41 14 11 41 11 41 41 23 32 14 14 31
0 33 41 24 11 33 23 33 41 44 33 41 41 44 14 11 41 14 44 44 22 33 11 44 33
0 33 44 24 13 33 23 33 44 44 32 44 44 44 11 14 44 14 44 44 22 32 11 11 11
0 33 44 22 11 33 22 33 44 44 33 44 44 44 11 11 44 11 44 44 22 33 11 11 33
0 33 41 24 13 32 23 32 41 41 32 41 41 11 14 14 41 14 44 41 23 32 14 14 31
0 32 44 22 11 33 22 33 44 44 33 44 44 44 11 11 44 11 44 44 22 33 11 11 33
0 33 44 24 33 32 23 33 44 41 32 41 41 41 14 11 44 14 44 44 22 33 11 14 33
0 32 44 24 13 33 23 32 44 44 33 41 44 11 14 11 44 11 41 44 22 32 11 11 31
0 32 41 24 33 32 33 33 11 41 32 11 44 11 44 14 44 44 44 41 23 33 14 14 31
0 32 44 22 11 33 22 33 44 44 33 11 44 44 11 11 44 11 44 44 22 32 11 11 33
0 33 44 22 11 32 22 33 44 44 32 44 44 41 11 11 44 14 44 44 22 33 11 11 31
0 32 41 24 13 32 33 33 41 41 22 11 44 41 14 14 41 44 41 44 33 32 11 44 31
0 32 41 44 33 22 33 33 44 44 22 41 44 41 11 11 41 11 44 41 22 32 11 14 31
0 33 41 44 13 32 23 32 44 41 32 41 44 11 11 11 44 14 44 44 22 32 14 14 33
0 32 44 24 11 32 23 33 41 44 33 41 44 44 14 11 11 11 41 44 23 32 11 11 31
0 33 44 24 11 33 22 33 44 44 33 44 41 44 11 11 41 11 44 44 22 33 11 11 33
0 33 44 44 13 33 33 22 41 44 22 11 44 11 14 44 44 14 44 44 22 22 11 14 31
0 22 41 44 33 32 33 32 41 41 22 44 41 41 11 14 44 44 44 44 23 22 11 14 31
0 22 41 24 33 32 23 32 11 41 33 41 41 11 44 14 41 14 41 41 23 32 44 44 31
0 32 41 24 11 33 33 33 41 41 33 11 44 41 14 44 41 14 44 41 22 33 11 14 33
0 32 44 22 33 33 23 32 44 44 32 44 44 44 11 11 41 11 44 44 22 33 11 11 33
0 33 44 24 11 33 22 33 44 44 32 44 41 44 14 11 44 11 41 41 22 32 14 14 33
0 32 41 24 33 32 33 32 41 11 32 41 41 11 14 14 41 44 41 44 23 32 14 14 31
0 33 44 24 11 32 22 33 41 44 33 41 44 41 11 11 44 14 44 44 22 32 14 11 31
0 33 41 24 13 33 23 33 41 44 33 41 44 41 14 14 41 11 41 44 23 32 11 11 31
0 33 11 44 33 32 33 33 44 44 32 11 44 41 11 14 41 14 44 44 22 32 14 14 33
0 33 44 22 11 33 23 33 44 44 33 44 44 41 14 11 44 14 44 44 22 33 11 14 33
0 32 44 22 11 33 23 33 44 44 32 11 41 44 14 14 44 14 44 44 23 33 11 44 11
0 32 11 44 13 33 33 32 41 44 33 41 41 41 11 11 41 14 44 44 22 33 14 14 31
0 32 41 24 13 32 23 32 11 11 32 41 41 41 14 14 41 14 11 41 23 32 14 14 31
0 33 44 24 11 32 23 32 44 44 33 41 44 11 14 11 44 11 44 44 22 33 44 14 31
0 33 44 24 13 33 23 33 44 44 33 44 44 44 14 14 44 11 44 44 22 33 11 11 33
0 32 41 44 13 33 33 32 41 41 32 41 41 41 11 11 41 11 41 41 22 32 14 11 31
0 22 41 44 13 32 23 32 41 11 22 11 44 41 44 44 11 44 11 44 23 32 44 44 11
0 33 44 24 13 33 23 33 44 44 32 41 44 44 11 11 41 14 44 44 22 32 14 14 31
0 32 44 24 13 32 23 33 11 44 32 11 44 44 14 11 44 14 44 44 22 33 11 11 31
0 33 44 24 11 33 22 33 44 44 32 41 44 44 11 11 44 11 44 44 23 33 11 11 33
1 33 44 22 11 33 23 33 44 44 33 44 44 44 11 11 44 11 44 44 22 33 11 11 33
1 32 11 24 13 32 23 32 11 41 32 41 41 41 44 14 44 14 44 41 22 32 14 14 31
1 32 44 24 13 32 23 33 44 44 32 44 44 41 14 11 44 44 41 44 22 33 11 14 33
1 33 44 22 13 33 23 33 44 44 33 41 41 44 14 11 44 11 44 44 22 33 11 11 31
1 22 44 24 13 33 33 33 44 44 32 41 44 11 14 14 44 11 44 41 22 32 11 44 11
1 22 41 24 13 32 23 32 11 41 32 41 44 41 14 14 41 14 41 41 33 33 11 14 31
1 33 41 24 13 32 23 32 41 44 22 41 44 41 14 14 41 14 41 41 23 32 14 14 31
1 33 41 44 13 32 33 33 11 41 32 41 44 11 11 14 44 14 41 41 22 32 44 44 11
1 33 44 24 11 33 22 33 41 44 32 44 44 41 11 11 44 14 41 44 23 33 11 11 31
1 22 44 44 33 33 23 32 11 44 33 41 11 11 11 11 41 14 44 41 23 32 44 11 31
1 32 41 24 11 33 23 33 41 41 32 44 44 41 14 11 44 14 44 44 22 33 14 14 33
1 32 44 24 13 33 22 33 11 44 33 44 44 44 11 11 44 11 44 44 23 33 11 11 31
1 33 44 22 13 33 22 33 44 44 33 44 44 41 14 11 44 11 44 44 22 33 11 11 33
1 33 44 22 11 32 22 33 44 44 33 44 44 44 11 11 41 11 44 44 23 33 11 14 33
1 22 44 44 13 32 23 32 11 44 32 41 41 44 11 14 41 14 41 44 23 33 11 14 31
1 32 44 22 11 33 22 33 41 44 33 41 44 41 11 11 44 14 44 44 23 33 11 14 31
1 33 44 44 11 33 23 33 44 44 33 44 44 44 11 11 44 11 44 44 22 33 14 14 33
1 33 44 24 11 33 23 33 41 44 33 41 44 41 14 11 44 14 44 44 22 33 11 14 31
1 22 41 22 13 33 23 33 41 41 33 11 44 44 11 11 44 11 44 44 22 33 11 11 33
1 32 44 22 11 33 23 33 44 44 33 11 44 44 14 11 41 11 44 44 22 33 14 14 31
1 32 41 24 11 33 23 33 44 44 32 41 41 44 11 11 44 14 44 44 22 32 11 11 33
1 32 41 22 33 33 23 22 41 11 22 41 41 41 11 11 41 14 44 41 22 22 11 11 31
1 32 11 24 13 32 23 32 11 41 32 41 41 41 14 14 41 14 41 41 23 32 14 14 33
1 32 44 44 13 32 33 32 41 41 33 44 41 41 14 14 41 44 41 41 23 33 14 14 33
1 32 44 22 13 32 23 33 41 44 33 44 44 44 11 11 44 11 44 44 22 33 11 11 33
1 32 41 24 13 33 33 33 44 41 33 44 44 44 14 11 44 11 44 44 22 33 11 14 31
1 33 44 24 33 33 23 33 44 41 32 41 44 41 14 14 44 11 44 44 22 32 11 11 31
1 32 41 24 13 32 23 32 41 44 32 41 41 44 11 11 41 11 41 44 23 33 11 14 31
1 33 41 24 13 33 22 33 44 44 32 44 44 44 11 11 44 11 44 44 22 33 14 11 33
1 22 41 44 33 32 33 33 41 11 32 44 44 11 44 11 41 14 41 41 22 32 44 14 31
1 32 44 22 11 33 22 33 41 44 33 44 44 44 11 14 44 11 44 44 22 33 11 11 33
1 32 41 44 33 22 33 33 41 41 32 11 44 11 14 44 44 44 44 44 23 33 14 44 11
1 33 44 24 13 32 22 33 44 41 33 44 44 44 11 11 44 11 44 44 23 33 11 11 33
1 33 41 22 11 33 22 33 44 44 33 44 44 44 11 11 44 11 44 44 22 33 11 14 33
1 32 44 24 13 33 23 33 44 44 33 44 44 44 11 11 44 11 44 44 22 33 11 11 33
1 22 11 44 13 32 23 32 11 11 32 41 41 41 14 14 41 44 41 41 23 32 11 14 31
1 32 44 44 13 22 23 32 41 44 32 41 44 11 14 11 41 14 41 11 33 33 11 14 31
1 22 41 24 13 33 23 33 41 41 33 41 41 11 14 11 41 14 41 44 22 32 14 11 11
1 33 44 22 11 33 22 33 44 44 33 41 44 44 14 11 44 11 44 44 22 33 14 11 31
1 33 41 24 33 32 23 33 44 41 33 44 44 44 11 14 44 11 44 44 22 33 14 14 31
1 32 41 44 33 22 33 32 11 41 22 41 41 41 44 14 44 14 41 41 33 33 14 14 31
1 33 41 24 13 33 33 32 11 44 32 41 44 44 11 14 41 14 41 41 33 22 14 44 31
1 33 44 22 33 33 33 33 41 44 32 44 44 44 11 11 44 14 44 44 22 32 11 14 33
1 33 44 22 11 33 22 33 44 44 33 44 44 44 11 11 44 11 44 44 22 33 11 11 33
1 33 11 44 13 33 23 32 41 41 32 41 41 41 11 14 44 14 41 41 23 32 14 14 33
1 32 44 24 13 32 23 32 11 44 33 41 44 41 11 11 44 14 44 44 22 33 11 14 31
1 22 41 44 33 32 23 32 41 11 22 11 11 41 44 14 41 44 41 41 23 32 14 14 11
1 33 41 44 13 32 23 33 11 41 33 11 44 41 44 11 41 11 41 41 23 22 14 44 31
1 32 41 24 13 32 23 33 41 41 32 41 41 41 14 14 41 14 41 41 23 32 14 14 31
1 32 11 24 13 32 33 33 41 41 32 11 41 41 14 11 44 14 41 44 23 32 14 14 31
1 33 41 24 13 32 23 33 41 41 32 44 44 41 14 11 44 14 44 44 23 32 11 11 31
1 22 41 24 13 32 23 33 11 41 32 41 44 11 44 14 41 14 41 44 23 32 14 14 11
1 32 44 24 13 33 33 32 41 44 22 11 41 41 11 14 41 11 44 41 23 32 11 11 31
1 32 44 44 33 32 23 33 11 11 22 11 11 41 14 11 44 44 41 44 23 22 11 14 11
1 33 41 24 13 33 23 33 11 44 32 41 44 44 11 14 44 14 41 44 22 33 11 11 31
1 33 44 22 11 33 22 33 44 44 32 44 44 41 11 11 44 11 44 44 22 33 11 11 33
1 22 44 44 33 32 33 32 41 44 32 41 44 41 44 14 41 14 44 44 22 32 14 44 11
1 33 44 22 11 33 22 33 44 44 33 41 44 44 11 11 44 11 44 41 22 33 11 11 33
1 33 44 24 33 33 23 33 41 41 32 44 44 41 14 11 41 11 44 44 23 32 11 14 31
1 32 41 24 13 32 23 32 41 41 32 41 41 41 14 11 44 14 44 41 23 22 14 14 31
1 32 44 22 11 33 22 33 44 44 33 44 44 44 11 11 44 11 44 44 22 33 14 11 33
1 32 44 24 11 33 22 33 44 41 33 44 44 44 11 11 41 14 44 44 22 33 11 14 33
1 32 11 44 33 32 33 33 11 41 32 11 41 11 14 11 41 44 44 41 22 22 44 44 11
1 32 41 22 13 32 23 33 11 44 33 41 44 44 14 11 41 14 41 44 22 32 11 11 33
1 32 44 24 13 32 33 33 11 44 33 44 44 41 14 14 44 11 44 44 23 33 11 11 31
1 33 44 22 13 33 22 33 41 44 22 41 44 44 14 11 44 11 44 44 22 33 11 11 31
1 33 44 22 11 33 22 33 44 44 33 44 44 44 11 11 44 11 44 44 22 33 11 11 33
1 33 44 22 11 32 22 33 44 44 32 44 44 41 11 11 44 11 44 44 22 33 11 11 33
1 32 44 24 13 33 23 33 44 44 32 41 44 41 11 11 44 14 44 44 23 32 11 11 31
1 33 44 22 11 33 23 33 41 44 33 41 44 44 11 14 44 14 44 44 23 33 11 14 33
1 32 41 22 13 33 22 33 41 41 32 41 44 44 14 11 44 11 44 44 22 32 11 11 33
1 33 41 24 33 32 22 33 44 44 32 44 41 44 11 11 41 11 44 44 22 32 11 14 11
1 32 44 24 11 33 22 33 44 44 32 11 44 44 14 11 41 14 41 44 23 33 11 14 31
1 32 41 22 11 33 22 33 44 44 33 44 44 44 11 14 44 11 44 41 23 33 11 11 33
1 32 44 24 13 32 23 33 41 41 32 41 44 41 14 14 41 14 41 41 22 32 11 11 31
1 32 44 44 13 32 23 33 41 44 32 41 44 41 11 11 44 14 44 44 33 33 14 14 33
1 33 44 22 11 33 22 33 41 44 32 44 44 44 14 14 44 11 44 44 23 32 14 11 33
1 32 41 44 33 22 33 32 11 41 22 41 44 41 14 44 41 44 41 41 23 22 14 44 11
1 33 41 24 13 32 22 33 41 44 32 44 44 44 11 11 44 11 44 44 23 33 11 11 33
1 33 44 22 13 33 22 33 44 44 33 44 44 41 14 11 44 11 44 44 22 33 11 11 33
1 32 44 44 13 33 23 33 44 41 32 41 44 44 11 11 44 14 44 44 22 33 14 14 31
1 33 41 24 11 32 22 33 44 44 22 44 44 41 14 11 44 11 44 44 22 33 11 11 33
1 22 11 44 13 32 33 33 44 41 22 11 41 44 44 44 41 14 11 41 22 22 11 14 11
1 32 41 24 13 33 33 33 41 41 22 41 41 44 44 11 41 11 41 44 23 32 11 44 31
1 33 44 22 11 32 22 33 44 44 33 44 44 44 11 11 44 11 44 41 22 33 14 11 33
1 33 44 24 13 33 22 33 41 44 33 44 44 44 11 11 44 14 44 44 22 33 11 14 31
1 22 41 44 33 33 23 33 41 44 33 41 44 11 14 14 41 14 11 41 22 32 44 44 31
1 33 44 24 13 32 23 33 44 44 32 41 44 41 11 11 44 11 44 44 22 33 11 14 33
1 32 44 24 13 33 22 33 41 44 33 41 44 41 11 11 41 14 44 44 22 32 14 14 33
1 32 44 24 13 32 23 32 41 41 32 41 41 41 14 11 41 14 41 41 22 32 11 11 31
1 33 41 22 13 33 23 33 44 44 33 41 44 44 11 11 44 11 44 44 22 33 11 11 33
1 33 44 24 11 33 22 33 44 44 32 41 44 44 11 11 44 14 44 44 22 32 11 11 33
1 22 44 22 13 33 22 32 44 44 33 41 44 44 14 11 44 11 44 44 22 33 11 11 33
1 33 44 22 11 33 23 33 44 44 33 44 44 41 11 11 44 14 44 44 22 33 11 11 33
1 33 44 24 13 33 22 33 41 44 32 44 44 44 14 11 41 11 44 44 22 33 11 14 33
1 32 44 24 13 32 22 32 41 44 33 44 41 44 14 14 44 11 44 44 22 33 11 11 33
1 32 11 44 33 22 23 32 11 41 22 41 44 41 44 14 11 44 41 41 22 32 14 44 31
1 22 41 24 13 32 23 32 44 41 32 11 44 41 11 11 44 14 44 41 22 32 11 11 31
1 32 41 24 13 32 23 33 41 41 32 41 41 41 14 11 41 14 44 44 23 32 14 14 31
1 33 44 24 11 33 22 33 44 44 33 44 44 44 11 11 44 11 41 44 23 33 11 11 33
1 33 44 22 13 32 22 33 44 44 33 41 44 41 11 11 44 11 41 41 22 33 11 11 33
1 33 44 22 11 33 22 33 44 44 33 44 44 41 11 11 44 11 44 44 22 33 11 11 33
1 33 44 24 13 33 23 33 41 41 32 11 44 41 11 14 44 14 44 44 22 33 11 11 11
1 33 44 44 13 33 23 32 41 44 32 11 44 11 14 14 41 14 41 41 22 32 14 14 31
1 32 44 24 13 33 22 33 44 44 33 41 44 41 11 11 44 11 44 41 22 33 14 14 33
1 33 41 24 13 33 23 33 41 44 32 41 44 41 14 14 41 14 44 44 22 33 14 11 33
1 33 41 24 33 33 33 32 41 44 22 41 11 41 44 14 41 11 41 41 22 22 44 14 31
1 32 44 24 11 33 23 33 44 44 32 44 44 44 14 11 41 14 41 44 22 32 11 11 31
1 33 41 44 33 33 33 33 41 44 32 11 44 41 11 11 44 14 44 41 23 32 14 14 31
1 32 44 24 13 33 23 33 44 41 33 41 44 44 11 11 41 11 41 44 23 33 11 14 31
1 33 44 22 13 33 23 32 44 44 33 44 44 44 11 11 44 11 44 44 22 33 11 11 33
1 33 44 22 13 33 23 33 41 44 32 41 41 44 14 14 41 11 44 44 22 32 11 11 31
1 32 44 22 13 33 23 33 44 44 32 44 44 41 11 11 44 14 44 41 22 33 11 14 33
1 32 41 24 13 32 23 33 41 11 32 41 41 41 11 14 41 11 41 41 33 33 14 14 11
1 32 44 24 33 33 23 33 44 41 22 41 44 41 14 11 44 11 44 44 22 33 11 11 33
1 32 44 22 13 32 22 33 44 44 33 44 44 44 11 11 44 14 44 44 22 33 11 11 33
1 32 41 24 13 22 23 33 41 44 32 11 44 11 14 11 44 11 44 44 33 33 11 11 31
1 32 41 24 13 32 23 33 41 41 32 41 44 41 14 14 41 44 44 41 23 32 14 44 11
1 32 44 24 13 33 23 32 41 41 32 11 44 41 14 14 41 44 44 41 23 32 14 11 33
1 32 41 24 13 32 23 32 41 41 32 44 41 41 14 11 41 11 41 44 23 33 11 14 31
1 33 44 24 11 33 22 33 44 44 33 41 44 44 11 11 44 11 44 44 22 33 11 11 33
1 32 44 22 11 33 22 33 44 44 33 41 44 44 11 11 44 11 44 44 22 32 11 14 33
1 33 44 22 11 33 23 33 44 44 33 44 44 44 11 11 44 11 44 44 22 33 11 11 33
1 22 44 24 33 33 23 33 44 44 33 41 41 41 14 11 11 14 41 44 22 33 11 14 11
1 32 41 24 13 32 23 32 41 41 32 41 41 41 14 14 41 14 41 41 23 32 14 14 31
1 33 44 22 13 33 23 33 41 44 33 44 44 41 11 11 44 11 44 44 22 33 11 11 33
1 33 44 24 11 33 22 33 44 44 33 41 44 44 14 11 44 11 44 44 22 33 11 14 31
1 33 44 24 13 33 22 33 44 44 32 44 41 44 11 11 41 11 44 44 22 32 11 11 33
1 33 44 22 13 33 23 33 41 44 33 44 44 41 11 11 41 11 44 44 22 33 11 14 31
1 32 44 24 13 33 23 33 44 44 32 44 44 44 11 11 44 11 44 44 22 33 11 14 33
1 32 41 24 13 32 33 22 11 11 22 41 11 11 14 14 41 14 41 41 23 32 14 14 11
1 32 11 24 33 22 33 32 41 41 22 11 11 41 14 14 11 14 44 41 22 32 44 44 11
1 33 44 22 13 33 23 33 41 44 32 44 44 44 11 11 44 11 44 44 22 33 11 11 33
1 32 44 22 13 33 22 32 41 44 33 44 44 41 11 11 44 11 44 44 22 32 11 11 33
1 32 41 44 13 22 33 32 11 41 22 41 44 11 14 11 41 14 41 44 23 32 11 44 11
1 22 41 44 11 33 33 32 11 41 32 11 41 41 44 44 11 44 41 41 23 32 11 44 31
1 32 44 24 33 32 22 33 44 44 32 44 44 41 14 11 44 14 44 44 22 33 11 14 33
1 22 11 44 33 22 33 32 11 11 22 41 44 11 14 14 11 14 44 41 22 33 14 11 31
1 32 41 22 13 33 22 32 44 44 32 44 44 41 11 11 44 14 44 41 22 33 11 14 33
1 33 44 22 13 33 23 33 41 44 32 41 44 41 14 14 44 14 44 44 22 33 14 14 31
1 32 44 22 13 32 23 33 41 44 33 44 44 11 14 11 44 14 44 44 23 32 11 14 31
1 33 11 44 13 32 33 33 41 41 32 41 11 41 14 11 44 44 41 41 23 22 14 44 31
1 32 44 44 11 33 33 33 41 41 22 41 44 44 11 11 44 11 44 44 33 32 11 11 31
1 33 44 24 13 32 23 33 41 44 33 41 44 44 11 11 44 14 44 44 22 32 11 14 31
1 22 41 24 33 33 33 32 11 41 32 11 11 44 14 14 11 11 11 44 33 32 44 44 31
1 32 44 24 13 32 23 33 41 41 33 44 44 11 14 11 44 14 44 44 22 33 14 14 31
1 32 41 24 33 22 33 33 41 41 22 11 44 11 11 11 41 11 41 41 23 32 44 44 11
1 32 41 24 11 33 33 33 11 44 33 41 44 41 14 14 44 14 41 41 23 32 14 11 33
1 33 41 24 13 33 23 33 44 44 32 44 44 44 11 11 41 14 44 44 22 33 11 14 33
1 33 41 24 13 33 22 33 44 44 33 41 44 44 11 11 44 14 41 44 23 32 14 11 31
1 32 41 24 13 22 23 33 11 41 32 44 44 44 11 11 41 11 41 41 23 22 14 14 33
1 32 41 24 13 33 23 32 41 41 32 41 44 41 14 11 44 14 44 41 23 32 11 14 31
1 33 44 22 11 33 22 33 41 44 33 44 44 44 11 11 44 11 44 44 22 33 11 11 33
1 32 41 44 13 32 23 32 11 44 32 44 44 41 11 14 44 11 41 44 23 32 11 14 31
1 32 41 44 11 33 23 33 41 41 32 41 44 41 14 11 41 14 41 44 22 33 14 11 31
1 33 41 44 13 33 22 33 41 44 33 44 44 41 11 11 44 11 44 44 22 32 11 11 31
1 33 44 24 33 33 23 33 41 44 32 41 41 44 11 11 44 14 44 44 23 33 11 14 33
1 33 44 22 11 33 22 33 44 41 33 11 44 41 11 11 41 11 44 44 22 33 14 14 33
1 22 41 24 33 33 33 32 41 44 33 11 41 11 14 11 41 44 41 44 23 32 14 44 11
1 33 44 24 11 33 22 33 44 44 33 44 41 44 11 11 44 11 44 44 22 33 11 14 33
1 22 41 44 33 33 23 33 41 44 32 41 44 11 14 14 41 14 41 41 22 33 14 11 11
1 32 41 44 33 32 23 32 41 41 32 41 41 41 14 14 44 14 44 44 22 32 14 14 31
1 32 41 44 13 33 23 33 41 44 33 11 44 44 11 11 44 14 44 44 22 32 11 14 33
1 32 44 24 13 33 23 33 41 44 32 41 44 44 14 14 41 14 44 44 22 33 11 14 31
1 32 41 24 33 32 23 32 41 11 33 41 41 11 44 14 44 14 41 41 22 22 11 14 31
1 32 44 22 13 22 23 33 41 44 33 44 44 41 11 11 44 11 44 44 22 32 11 11 33
1 32 44 24 11 33 23 33 41 41 32 41 44 44 11 11 41 11 44 44 22 33 44 11 33
1 32 41 24 33 33 33 32 11 44 32 44 44 44 14 11 41 11 41 44 23 32 14 44 31
1 32 41 24 13 33 23 32 44 41 32 41 41 41 11 11 44 14 41 44 22 32 11 14 33
1 32 41 24 13 32 33 33 11 44 33 41 44 44 14 11 44 14 41 41 22 22 11 11 11
1 32 44 24 13 33 22 33 41 44 32 41 41 41 11 14 44 14 44 44 22 33 14 14 31
1 22 44 24 11 32 23 33 41 44 33 41 44 11 14 14 41 11 41 44 23 33 11 11 31
1 32 41 24 13 33 23 33 44 41 32 44 44 44 14 11 41 44 44 41 23 33 11 14 31
1 22 44 44 13 33 33 33 11 44 32 41 44 11 14 11 44 14 41 44 22 32 14 14 33
1 22 41 44 13 22 33 32 41 41 22 11 11 11 44 14 41 14 41 41 33 32 44 44 11
1 33 44 22 11 33 22 32 44 44 33 44 44 44 11 11 44 11 44 41 22 33 11 11 33
1 33 41 24 11 32 22 32 41 44 32 41 41 44 14 14 44 14 41 44 22 32 14 11 33
1 33 41 24 11 33 22 33 44 44 32 44 44 41 11 11 44 11 44 44 22 33 11 14 33
1 33 44 24 11 32 23 33 44 44 32 41 44 44 11 11 44 11 44 44 22 33 11 11 33
1 32 41 24 11 32 23 33 41 41 22 41 44 41 44 11 44 14 44 44 23 32 14 11 31
1 32 44 24 33 33 23 33 41 44 33 11 41 41 14 14 44 14 44 44 22 32 11 14 31
1 32 41 44 13 33 23 33 41 41 22 44 11 41 44 14 41 44 11 41 23 32 14 14 31
1 32 41 44 33 32 33 32 41 41 32 44 44 41 11 14 41 14 11 41 33 33 14 44 33
1 32 41 22 11 32 22 33 41 44 32 11 44 44 14 14 41 44 44 44 22 32 14 14 31
1 32 44 24 13 33 23 33 41 44 33 44 44 41 14 11 44 11 44 44 22 33 11 11 33
1 32 44 22 33 33 23 33 44 41 33 41 44 41 14 11 41 11 41 44 22 33 11 11 33
1 32 41 24 13 32 23 33 41 44 32 41 44 41 14 14 11 11 41 41 23 32 14 11 31
1 33 41 22 13 33 23 33 44 44 33 44 44 44 14 11 41 14 44 44 22 33 11 14 31
1 33 44 24 11 32 22 33 44 44 33 44 44 41 11 11 44 14 44 44 22 32 11 11 33
1 33 44 24 13 33 23 33 44 44 33 41 41 44 14 11 44 11 44 44 22 33 11 11 33
1 33 44 24 13 32 23 33 44 44 32 44 44 44 11 11 44 11 44 44 22 33 11 11 33
1 32 41 44 13 33 23 33 41 44 22 41 44 41 14 11 44 44 44 44 23 33 11 11 33
1 33 44 24 13 32 33 33 11 44 32 41 44 44 44 11 44 11 44 44 22 32 11 11 33
1 32 41 22 13 32 23 33 41 44 32 41 44 41 14 14 41 11 44 44 22 32 14 11 33
1 22 41 44 33 32 33 33 41 44 22 41 41 11 11 14 44 44 41 41 22 32 11 14 11
1 33 44 24 13 32 23 32 41 44 33 41 44 41 11 14 44 14 44 44 23 33 11 11 31
1 33 44 24 33 32 23 33 44 44 32 44 44 41 11 11 44 14 44 44 22 32 11 11 33
1 33 44 24 11 33 23 32 41 44 32 41 44 41 14 11 44 14 44 44 22 32 11 11 33
1 32 41 24 33 32 23 33 41 41 22 44 44 41 14 14 41 44 41 44 22 33 11 14 33
1 32 41 44 13 33 23 32 41 41 33 44 41 41 14 11 11 14 41 44 23 32 14 14 11
1 32 44 24 13 33 23 32 44 44 32 41 41 44 14 11 44 11 44 41 22 33 11 14 31
1 32 41 24 13 32 33 33 41 44 32 41 41 44 14 11 41 14 41 44 23 32 14 14 31
1 32 11 24 13 33 23 32 11 41 32 41 41 44 14 11 41 11 44 41 23 32 14 11 33
1 32 41 44 33 32 23 33 44 41 32 41 41 41 11 11 41 44 41 41 23 32 11 14 31
1 33 44 44 13 32 33 33 41 44 32 41 41 41 14 11 41 11 44 44 23 32 14 14 31
1 33 44 22 13 33 22 33 11 44 32 44 44 44 11 11 44 44 41 44 22 33 11 11 31
1 32 44 24 13 32 33 33 44 44 32 44 44 41 11 11 41 14 44 41 22 32 11 14 33
1 33 44 22 13 32 22 33 44 44 33 44 44 44 11 14 44 11 44 44 22 33 11 14 31
1 32 11 44 33 32 23 32 41 11 32 11 41 11 11 14 41 14 44 44 23 32 11 14 31
1 32 44 24 13 32 23 33 41 41 32 41 44 41 14 11 44 14 41 41 23 32 14 14 31
1 33 44 24 13 33 23 32 41 44 33 44 44 44 11 11 44 11 44 44 22 33 14 14 33
1 32 44 22 11 33 22 33 44 44 33 44 44 44 11 11 44 11 44 44 22 33 11 11 33
1 33 44 24 11 33 22 33 44 44 32 44 44 44 11 11 44 14 44 41 22 33 14 14 33
1 32 41 22 13 33 23 33 44 44 33 44 44 44 11 14 41 11 44 44 23 33 14 14 33
1 33 41 22 11 32 23 33 41 41 32 41 41 41 11 11 44 14 44 41 22 32 11 14 31
1 33 44 24 33 33 22 33 44 44 33 41 44 44 14 11 44 11 44 44 22 33 11 11 33
1 33 44 22 13 32 23 33 44 44 32 41 44 41 14 11 41 11 44 44 22 32 14 14 33
1 33 44 22 13 33 22 32 41 44 33 41 44 41 11 11 44 11 44 44 22 33 11 14 33
1 32 41 24 13 33 23 32 41 41 32 41 41 41 14 14 44 14 41 41 23 32 11 11 31
1 33 44 22 13 33 22 33 44 44 33 44 44 44 11 14 44 11 44 44 22 33 11 11 33
1 33 41 24 11 32 33 32 41 44 33 11 44 41 11 14 41 14 44 41 23 32 14 14 31
1 33 41 24 13 33 22 33 11 44 33 41 44 44 14 11 44 14 44 44 22 33 11 11 31
1 32 41 44 13 32 22 33 41 44 32 41 44 44 11 11 41 14 44 44 22 32 11 11 31
1 33 41 44 33 32 23 33 41 11 22 41 11 11 14 11 11 14 41 41 23 32 14 11 31
1 32 41 24 11 32 23 33 41 41 32 44 44 44 14 11 44 11 44 44 23 33 11 11 31
1 33 41 24 13 33 23 33 44 41 32 41 44 44 14 11 44 14 41 41 22 33 11 11 33
1 32 44 24 13 33 22 33 44 44 32 44 44 44 11 11 44 14 44 41 22 33 11 14 31
1 22 11 24 33 32 23 32 41 44 32 41 41 11 44 14 41 14 44 41 22 32 11 14 31
1 33 44 24 11 33 22 33 44 44 32 44 44 44 11 11 44 11 44 44 22 33 11 14 33
1 33 44 22 11 33 22 33 41 44 32 44 44 44 11 14 44 11 44 44 22 33 11 11 33
1 32 11 44 13 32 22 33 41 44 33 41 41 44 14 14 41 14 41 41 33 32 14 14 33
1 33 44 24 11 33 23 33 44 44 33 41 44 44 14 11 44 11 44 44 23 32 11 11 33
1 32 41 44 13 33 22 32 41 44 32 11 41 41 11 11 11 14 44 41 23 32 14 14 11
1 32 41 24 33 33 23 33 11 41 22 11 11 11 14 14 41 14 41 41 22 33 14 14 31
1 33 41 24 13 33 23 33 44 44 32 11 44 44 14 14 44 14 44 44 22 33 11 11 33
1 33 41 22 13 33 23 33 44 44 32 44 41 44 14 11 41 14 44 44 23 32 14 14 31
1 33 44 24 13 33 23 33 44 41 32 11 44 44 14 11 44 11 41 41 22 32 11 14 31
1 33 44 24 11 33 22 33 44 44 33 41 44 41 14 11 41 11 44 44 22 33 11 11 33
1 22 44 24 13 32 23 32 41 41 22 44 11 41 14 14 11 14 41 41 23 32 11 11 31
1 33 44 22 11 33 22 33 44 41 33 44 44 44 11 11 44 11 44 44 22 33 11 11 33
1 32 44 24 33 22 33 33 41 44 33 11 44 11 14 14 44 14 44 44 23 32 44 44 31
1 33 41 24 13 33 23 32 41 41 32 44 44 11 14 11 41 14 41 44 22 22 14 11 33
1 32 11 44 33 32 33 32 11 11 32 11 41 11 14 44 11 14 11 41 33 22 14 44 11
1 32 44 22 11 33 23 33 44 44 33 44 44 44 11 11 44 11 44 44 22 33 11 11 31
1 33 44 44 11 33 23 33 44 44 33 44 44 44 14 11 44 44 41 44 22 33 11 11 31
1 33 44 24 11 33 23 33 44 44 33 41 44 41 11 11 44 14 44 44 22 33 14 14 33
1 32 41 44 13 32 23 33 41 11 22 41 41 11 14 14 41 44 41 41 23 32 14 14 11
1 33 44 24 11 33 22 33 11 41 33 41 44 44 11 14 41 11 41 44 22 33 14 11 33
1 33 41 44 11 33 22 33 44 44 32 41 44 41 14 11 44 14 44 44 22 32 11 14 31
1 32 44 24 13 33 22 33 44 44 33 44 44 44 14 14 44 11 41 44 22 33 11 11 33
1 33 44 22 13 33 22 33 44 44 32 44 44 41 11 11 44 14 44 44 22 33 11 11 33
1 32 41 22 11 32 23 33 41 44 32 41 44 41 11 11 44 11 44 41 23 33 11 11 33
1 32 44 24 13 32 22 33 41 41 32 44 41 41 14 11 41 14 44 44 22 32 14 14 31
1 33 44 24 13 33 23 33 44 44 33 44 44 41 11 11 44 14 44 44 22 32 11 14 31
1 22 11 24 13 33 22 33 11 41 22 44 44 11 14 11 41 44 44 44 22 32 44 44 31
1 32 41 44 13 32 23 32 41 41 32 41 41 44 14 11 41 14 41 41 23 32 14 14 31
1 33 44 24 13 33 22 33 44 44 33 44 44 44 11 11 44 14 44 44 22 33 11 14 31
1 33 41 24 13 33 23 33 44 41 33 41 44 41 11 11 44 14 44 44 22 33 11 11 33
1 32 44 24 11 32 23 33 41 44 32 41 44 41 14 14 41 11 44 44 22 33 11 11 33
1 32 41 44 33 32 23 32 41 41 32 41 41 41 14 14 11 14 41 41 22 32 14 14 31
1 33 44 22 11 33 22 33 44 44 33 44 44 44 14 11 44 14 44 44 22 33 11 11 33
1 33 44 24 13 33 22 33 41 44 33 41 41 41 14 11 41 14 41 41 22 33 14 11 31
1 22 44 24 13 33 22 33 44 44 33 44 44 41 14 14 41 11 44 41 22 33 14 11 31
1 32 44 24 13 33 23 33 44 44 32 41 44 41 14 11 44 14 41 44 23 33 11 14 31
1 32 44 24 33 33 23 33 44 44 33 41 41 41 14 14 44 11 44 44 22 33 11 11 33
1 33 44 22 11 33 33 32 44 44 32 44 44 44 11 11 44 11 44 44 22 33 14 14 31
1 33 41 24 33 33 23 33 41 41 22 11 44 41 14 14 41 14 41 44 23 32 11 14 11
1 33 44 44 13 33 22 33 11 44 33 44 44 41 14 11 44 11 44 44 22 33 11 11 31
1 33 44 22 13 33 22 33 44 44 33 41 44 44 11 11 44 11 44 44 22 33 11 11 33
1 33 44 22 11 33 22 33 41 44 33 44 44 41 11 11 44 14 44 44 22 32 11 11 33
1 22 11 44 33 32 23 33 11 41 32 11 11 41 14 11 11 14 44 11 23 22 14 14 11
1 32 41 22 13 32 23 32 11 44 32 44 44 44 11 11 41 11 44 41 23 32 14 14 31
1 22 41 44 33 32 33 32 11 41 22 11 44 41 14 14 44 14 44 41 23 22 14 14 31
1 32 44 24 13 32 23 32 44 44 32 41 44 44 14 11 44 14 44 44 22 32 11 11 31
1 33 44 44 13 22 33 33 44 41 33 41 44 41 44 11 44 11 44 41 22 33 11 14 31
1 32 44 24 13 33 22 33 41 44 32 44 44 44 11 11 44 11 44 44 23 33 11 11 33
1 33 44 24 11 33 22 33 41 44 33 44 44 44 11 11 44 11 44 44 22 33 11 11 33
1 32 41 24 13 22 33 33 11 41 32 41 41 41 44 14 41 44 44 41 23 32 14 14 31
1 22 11 44 33 22 33 22 11 41 22 11 44 11 44 14 11 14 11 11 33 22 14 44 11
1 22 44 24 33 33 23 32 11 41 32 44 44 44 44 14 44 14 41 41 23 33 11 14 31
1 32 44 24 13 32 22 33 44 44 33 41 44 41 14 14 44 14 44 41 22 32 14 44 33
1 32 41 24 11 22 22 33 41 41 32 41 41 44 11 14 44 14 44 41 23 32 11 14 31
1 33 44 22 11 33 22 33 44 44 33 44 44 44 14 11 44 11 44 44 22 33 11 11 33
1 33 44 22 11 33 33 33 41 44 32 44 44 44 11 11 44 11 44 44 22 33 11 11 33
1 22 41 44 33 32 33 22 11 41 32 11 11 11 11 44 41 44 41 41 33 32 44 44 11
1 22 41 24 13 33 23 33 44 44 33 44 44 41 11 11 44 14 41 44 22 32 14 14 33
1 22 41 44 33 32 33 32 11 41 22 44 11 41 44 44 41 44 41 11 33 32 14 44 31
1 32 41 24 13 32 23 32 44 41 32 41 44 41 14 14 44 11 44 44 23 33 11 11 31
1 22 44 24 13 32 33 33 41 41 33 44 41 41 14 11 44 11 44 44 22 33 11 14 33
1 32 41 44 13 32 33 33 41 44 22 11 41 41 14 44 11 44 44 41 23 22 11 11 11
1 33 11 44 13 22 23 33 11 44 32 11 41 11 14 14 41 14 44 41 23 32 44 44 31
1 32 44 44 13 32 22 33 41 44 22 41 41 44 14 11 11 11 41 44 23 22 11 11 33
1 33 41 24 13 33 23 33 44 44 33 41 44 41 11 11 44 11 44 44 22 33 11 11 33
1 32 41 24 13 32 23 33 41 44 33 41 44 41 14 11 44 14 11 44 22 33 11 11 31
1 22 11 24 33 32 33 33 11 44 22 11 41 44 44 11 41 14 44 41 23 33 14 44 31
1 32 44 24 13 32 23 33 41 41 32 44 41 44 14 14 44 14 41 44 23 32 11 11 33
1 33 44 44 11 32 23 33 41 44 33 44 44 41 11 11 44 11 44 44 22 32 11 11 33
1 32 44 22 13 32 22 33 41 41 22 11 41 41 11 11 41 11 44 41 22 32 11 14 33
1 33 41 24 13 32 23 33 41 44 33 41 44 41 14 11 44 11 44 44 23 22 11 14 31
1 33 44 22 13 33 23 22 41 44 33 44 44 11 14 11 41 11 44 44 22 22 11 14 33
1 32 44 22 11 33 23 33 41 44 33 44 44 44 11 11 44 11 44 44 22 33 11 11 33
1 33 44 22 13 33 22 33 44 44 33 44 44 44 11 11 44 14 44 44 22 33 11 11 33
1 32 44 24 33 33 22 33 41 41 32 41 44 44 14 11 41 44 44 44 22 33 11 11 33
1 32 44 24 33 22 33 33 44 41 33 41 44 41 14 11 41 14 44 44 22 33 11 14 31
1 22 41 24 33 33 33 32 11 41 22 11 44 11 44 14 41 14 11 11 22 32 14 14 31
1 32 41 24 33 33 23 32 41 44 32 44 44 44 11 11 44 11 44 44 23 32 14 14 33
1 32 11 44 11 33 33 33 41 41 33 44 44 44 14 11 44 14 44 44 23 22 14 14 31
1 32 44 22 13 33 23 33 41 44 33 41 44 11 14 14 41 11 44 44 22 32 11 14 31
1 33 44 24 13 32 33 33 41 44 32 41 44 41 14 11 44 44 41 44 23 33 11 14 33
1 33 44 24 11 33 22 33 44 44 33 41 44 44 11 11 44 11 44 44 22 33 11 11 33
1 32 41 44 13 32 33 33 11 11 33 11 44 41 14 14 41 44 44 41 22 32 11 11 31
1 32 44 44 13 33 23 33 44 41 33 41 44 41 11 11 41 14 44 44 23 32 11 14 33
1 32 44 22 33 32 22 33 44 44 33 44 41 41 11 11 44 11 44 44 22 33 14 11 31
1 33 41 22 11 33 22 33 44 44 32 41 44 44 11 11 44 11 44 44 22 32 14 14 33
1 33 44 24 11 33 22 33 44 44 33 44 44 44 11 11 44 11 44 44 22 33 11 11 33
1 32 41 24 13 32 23 32 41 44 32 44 44 41 14 11 44 11 44 44 22 33 14 11 33
1 33 44 24 33 22 33 32 11 44 32 11 44 11 44 44 44 44 44 41 22 33 11 44 33
1 22 44 44 33 32 33 32 11 44 32 41 41 41 11 14 44 14 44 41 23 22 11 14 31
1 32 44 24 13 33 23 32 41 44 32 41 44 44 14 11 44 14 44 44 22 33 14 14 33
1 33 44 22 13 33 22 33 44 44 33 44 44 44 11 11 44 14 44 44 22 33 11 11 33
1 32 44 24 13 32 33 33 41 41 33 11 44 11 14 14 44 44 41 44 23 32 14 14 33
1 33 44 44 13 33 23 33 44 44 22 44 44 44 14 11 44 14 44 44 22 32 11 11 33
1 32 44 22 13 33 22 33 44 41 32 41 44 44 14 11 44 11 44 44 22 33 11 14 31
1 33 44 24 11 33 22 33 44 44 33 44 44 44 11 11 44 11 44 44 22 33 11 11 33
1 32 41 24 13 33 23 33 41 44 33 44 41 44 11 11 44 11 44 44 22 32 11 14 31
1 33 41 24 13 32 23 33 44 41 32 44 44 44 11 11 44 11 44 44 22 33 14 11 33
1 32 44 24 13 33 23 33 44 44 33 44 44 44 14 11 44 14 44 44 22 33 11 11 33
1 32 44 22 33 33 23 33 44 41 32 44 44 41 11 14 44 14 44 41 23 32 14 11 31
1 33 44 22 13 33 22 33 44 44 33 44 44 44 11 11 41 11 44 44 22 33 11 11 33
1 33 41 24 11 33 22 33 44 44 33 44 44 44 11 11 44 11 44 44 22 33 11 11 33
1 33 41 24 13 33 23 32 11 44 33 44 44 41 11 11 44 14 44 44 22 32 14 14 31
1 33 41 24 33 33 23 33 44 44 32 41 41 41 14 11 41 14 44 44 23 32 14 14 33
1 32 41 44 33 32 33 32 11 41 22 11 11 11 14 44 11 44 11 41 33 32 44 44 31
1 32 41 44 33 32 23 32 41 41 22 41 41 41 14 14 41 14 41 41 23 32 14 14 31
1 22 41 24 11 33 22 33 44 11 33 41 41 41 11 11 11 11 41 41 22 33 14 11 31
1 33 44 44 13 33 22 33 44 44 33 44 44 41 11 11 44 14 44 41 22 33 11 14 33
1 22 44 44 33 32 33 32 11 41 22 11 44 41 14 11 41 44 44 11 23 32 11 44 31
1 32 41 22 13 33 23 33 41 41 33 41 41 41 14 11 41 14 44 44 22 32 14 14 31
1 32 41 24 13 32 23 33 41 41 32 44 44 44 14 11 41 14 44 41 23 32 14 14 33
1 32 44 22 13 33 22 33 44 44 33 44 44 41 11 11 44 11 44 44 23 33 11 11 31
1 32 11 44 13 32 33 32 41 41 32 44 44 41 44 11 41 14 41 44 23 22 14 14 31
1 33 44 22 13 33 22 33 44 44 32 44 44 44 11 11 44 11 44 44 22 33 11 11 33
1 32 41 44 13 33 23 33 41 44 33 44 41 44 14 11 41 11 44 41 22 32 14 14 31
1 33 44 24 13 33 23 33 44 44 33 44 44 44 14 11 41 11 44 44 22 33 11 44 33
1 22 44 22 33 33 22 33 44 44 33 41 44 44 11 11 44 14 44 44 22 33 14 11 33
1 22 44 22 11 33 23 33 44 41 33 44 44 44 11 11 44 11 44 44 22 32 11 11 31
1 32 44 24 13 32 23 33 44 44 33 41 44 44 11 14 41 11 44 44 23 32 11 11 33
1 33 44 44 33 33 23 22 11 41 32 11 41 11 14 14 11 14 11 44 23 32 14 44 11
1 22 41 24 13 33 23 32 41 41 33 44 44 41 14 14 41 44 41 44 22 32 14 14 31
1 32 44 22 33 33 22 33 44 44 33 41 44 11 11 11 44 11 44 44 22 33 11 11 31
1 33 41 24 11 33 23 33 41 44 32 44 44 44 11 11 41 11 44 44 22 33 11 14 33
1 32 41 44 13 32 33 32 41 41 22 41 41 41 14 14 41 14 41 41 23 32 14 14 31
1 32 41 24 13 33 22 32 44 44 32 44 41 44 14 11 41 14 41 41 22 33 14 11 31
1 33 44 22 13 32 23 33 44 44 33 44 44 41 11 11 44 11 44 44 22 33 11 11 33
1 33 44 24 13 32 33 33 44 44 33 44 41 41 14 14 41 11 44 44 22 33 11 11 31
1 33 44 22 13 32 23 33 41 44 33 11 44 44 14 14 41 11 44 44 22 33 11 11 33
1 32 41 24 13 33 23 32 41 41 32 41 41 41 14 14 44 11 44 44 22 32 11 14 31
1 32 41 44 11 32 23 32 41 44 32 41 41 44 14 11 41 11 44 41 23 32 44 14 11
1 32 44 24 11 32 23 32 11 44 32 44 44 41 14 11 44 11 41 41 23 32 11 44 11
1 32 44 24 33 33 23 32 11 41 22 41 41 41 14 14 11 44 41 41 22 33 11 14 31
1 33 44 22 11 33 22 33 44 44 33 41 44 44 11 11 44 11 44 44 22 33 11 11 33
1 32 44 22 11 33 22 33 41 44 32 44 44 44 11 11 44 14 44 44 22 33 11 11 33
1 32 44 24 11 33 23 33 44 44 33 41 44 44 11 11 44 11 44 44 22 33 11 11 33
1 32 44 22 13 33 33 33 41 44 33 41 44 44 11 11 41 11 44 44 23 33 14 11 33
1 33 44 22 11 33 23 33 44 44 32 44 44 41 11 11 44 11 44 44 22 33 11 11 33
1 32 11 24 13 33 23 33 44 44 22 41 44 11 11 11 41 11 44 44 22 33 14 14 33
1 33 44 24 11 33 23 33 44 44 32 44 44 44 11 11 44 11 44 44 22 33 11 11 33
1 32 41 24 13 33 33 32 11 44 22 11 44 41 11 11 44 11 41 44 23 33 11 14 31
1 33 44 24 11 33 23 33 41 44 32 41 44 41 11 11 44 11 44 44 22 33 11 11 31
1 33 44 22 33 33 22 33 41 44 32 44 44 44 11 11 44 14 44 44 22 33 11 11 33
1 33 44 24 13 32 23 32 41 44 33 41 44 44 14 11 44 11 44 44 22 33 11 11 31
1 33 44 44 33 33 33 33 41 44 32 41 44 11 14 11 41 11 44 41 23 32 14 11 31
1 33 44 24 13 33 22 33 41 41 32 44 44 44 11 11 44 11 44 44 22 33 11 14 33
1 22 41 24 13 22 33 32 41 41 32 41 41 11 14 14 41 14 41 41 23 32 44 44 31
1 33 44 22 33 33 23 33 44 41 22 11 44 41 14 11 41 14 44 44 23 22 11 11 33
1 32 44 24 13 32 33 32 41 41 32 41 41 41 14 11 44 14 44 41 22 32 14 11 33
1 32 44 22 13 33 22 33 41 41 32 44 44 41 11 14 44 14 44 41 22 32 44 14 31
1 33 44 22 13 33 33 33 41 44 33 44 44 41 11 11 41 11 44 44 23 33 11 11 33
1 32 44 22 13 32 23 22 41 41 22 41 41 41 14 11 11 44 41 41 22 22 14 11 31
1 33 44 22 11 32 22 33 44 44 33 44 44 44 11 11 44 11 44 44 22 33 11 11 33
1 33 44 24 13 32 22 33 41 41 32 41 44 41 11 14 41 11 41 41 22 33 11 14 31
1 33 44 24 33 33 23 32 41 41 32 11 41 41 14 11 41 14 41 41 23 32 14 14 31
1 33 44 24 13 32 23 33 44 41 32 11 44 41 14 14 41 14 41 44 23 32 14 11 31
1 32 44 22 13 32 23 32 41 44 22 41 41 41 11 14 41 14 41 44 22 22 11 44 33
1 32 44 24 33 33 22 33 41 44 32 11 44 11 11 11 44 14 44 41 22 32 11 11 11
1 22 41 44 13 32 22 32 41 41 33 41 41 11 11 14 44 14 44 41 23 32 11 14 31
1 32 11 24 13 33 23 33 11 41 32 11 41 11 44 11 44 14 44 44 22 32 14 44 31
1 32 41 22 33 32 23 33 41 44 32 41 41 41 14 14 41 14 44 41 22 32 11 11 31
1 32 41 24 13 33 23 32 41 44 32 41 44 44 14 11 41 11 44 44 23 33 14 11 31
1 33 44 22 33 32 22 33 44 41 32 41 44 44 11 11 41 44 44 41 22 33 11 14 33
1 32 44 24 13 33 23 32 41 44 32 41 41 11 14 11 41 14 41 41 22 32 11 11 31
1 32 11 24 13 32 23 32 41 41 32 41 41 11 14 14 11 14 41 41 23 32 14 14 31
1 32 41 22 11 33 22 33 44 41 33 41 44 41 11 14 44 11 44 41 22 33 11 11 31
1 32 41 24 13 32 23 32 41 41 32 41 41 44 11 14 41 14 41 41 23 32 14 14 31
1 22 44 24 33 32 22 33 44 11 22 44 44 11 14 11 41 14 41 44 22 32 11 14 11
1 32 44 24 13 33 22 33 11 44 32 44 41 44 14 11 44 11 41 44 22 33 14 14 31
1 32 41 22 13 33 23 32 41 41 32 41 41 44 11 11 44 11 44 44 23 32 11 11 33
1 33 44 24 11 33 23 33 41 44 32 41 44 44 11 11 44 14 44 44 22 33 14 14 33
1 22 41 24 13 22 33 32 41 41 22 11 44 11 14 11 11 11 44 11 23 22 44 44 11
1 33 41 22 13 32 23 33 41 44 33 41 44 41 11 11 41 11 44 44 22 33 14 14 31
1 32 41 24 13 32 33 22 41 44 32 44 41 41 44 11 41 14 44 41 23 32 11 44 33
1 22 11 24 13 32 22 33 41 44 32 41 44 44 14 14 44 44 41 44 22 33 11 14 31
1 33 44 24 11 33 22 33 41 44 32 44 41 41 11 11 41 11 44 44 22 33 11 11 33
1 22 41 44 33 33 23 32 41 41 22 41 41 44 14 11 41 11 41 41 23 33 44 44 11
1 32 44 22 11 33 22 33 44 44 33 44 44 44 11 11 44 14 44 44 22 33 11 11 33
1 22 44 24 13 33 23 33 44 44 33 44 44 41 11 11 44 11 44 44 22 33 14 11 33
1 32 44 44 33 22 23 32 44 41 32 44 41 41 44 11 44 11 11 44 23 33 11 14 31
1 32 44 24 13 33 22 32 44 44 22 41 44 41 11 11 44 11 41 41 23 33 11 11 31
1 33 44 22 13 33 23 33 44 44 33 44 44 44 11 11 44 11 44 44 22 33 11 11 33
1 22 44 44 13 32 23 33 41 44 32 41 44 41 11 11 44 14 44 41 22 33 11 11 33
1 33 44 24 33 33 23 33 44 44 33 41 44 41 44 11 41 11 44 41 23 33 11 11 31
1 32 44 24 13 32 23 32 41 44 33 41 44 41 14 14 41 14 44 41 22 32 14 14 31
1 33 44 22 13 33 22 33 44 44 32 41 44 44 11 11 44 11 44 44 22 33 11 11 33
1 32 44 22 13 32 23 33 41 44 22 44 41 44 11 11 44 14 44 41 22 33 14 11 33
1 32 41 24 13 33 23 32 41 44 33 41 41 11 14 11 41 14 41 44 22 32 11 14 31
1 33 44 22 13 33 22 33 44 44 33 44 44 44 11 11 41 11 44 44 22 33 11 11 33
1 32 41 24 11 33 23 33 44 44 33 44 44 44 11 11 44 14 44 44 22 33 11 11 31
1 33 44 24 33 33 23 33 41 44 33 41 44 41 11 11 44 11 44 44 22 32 11 14 33
1 33 44 22 33 33 23 33 41 44 32 44 44 41 11 14 44 11 44 44 22 33 14 11 33
1 33 11 22 13 33 33 33 41 44 33 44 41 44 14 11 44 14 44 44 23 33 14 14 33
1 32 41 44 33 32 23 32 44 44 32 41 44 41 14 11 44 11 44 44 23 22 11 11 31
1 32 44 22 13 33 23 33 41 44 32 44 44 44 11 11 44 14 44 44 22 33 11 11 33
1 33 41 44 13 32 33 33 11 41 32 41 11 11 14 11 44 14 44 41 23 32 14 11 31
1 32 11 24 13 33 23 33 11 44 33 44 41 41 14 14 41 14 44 41 23 32 11 11 31
1 32 41 44 13 33 23 33 41 41 22 11 44 44 14 14 41 14 41 44 23 33 11 14 31
1 33 11 44 13 32 23 32 41 44 32 41 41 41 14 14 11 44 41 41 23 32 14 14 11
1 33 41 24 13 33 23 33 44 44 33 41 41 41 11 14 44 11 44 44 22 33 11 11 33
1 33 44 22 13 33 22 33 44 44 33 41 44 44 11 11 44 11 44 44 22 32 11 11 31
1 33 44 22 11 33 22 33 44 44 33 44 44 44 11 11 44 11 44 44 22 33 11 11 33
1 32 44 22 13 32 22 32 44 44 32 11 44 41 11 14 44 14 44 41 23 32 11 14 33
1 33 44 22 11 33 22 33 44 44 33 44 44 44 11 11 44 14 44 44 22 33 11 11 31
1 32 41 44 13 33 23 33 41 44 32 41 44 41 14 11 41 11 44 44 23 32 14 11 33
1 33 44 24 13 33 22 33 44 44 33 44 44 41 11 11 44 11 44 44 22 32 11 11 33
1 32 41 44 13 32 23 33 41 44 32 44 44 41 44 14 44 11 44 41 23 33 14 14 31
1 32 41 44 13 33 23 33 41 41 32 11 41 41 14 11 41 44 41 44 23 33 11 11 31
1 33 41 22 11 33 22 33 41 44 32 41 44 44 11 11 41 14 44 44 22 32 11 11 33
1 33 44 22 13 33 22 33 44 44 33 44 44 41 14 11 41 11 44 44 22 32 11 14 33
1 33 44 22 11 33 23 33 41 44 33 41 44 41 11 11 44 11 44 44 22 33 11 11 33
1 33 44 24 11 33 22 33 41 44 33 44 44 44 11 11 44 11 44 44 22 33 11 11 33
1 33 41 24 13 33 23 33 44 44 33 44 44 41 11 11 44 11 44 44 22 33 11 11 31
1 22 41 44 33 22 33 32 41 41 22 11 41 11 44 44 41 14 44 41 22 22 14 44 31
1 32 41 24 33 32 23 32 41 41 32 11 41 11 14 11 41 14 41 41 23 33 11 14 31
1 33 41 24 11 32 33 33 44 44 33 41 41 41 11 11 44 44 44 44 22 32 11 11 33
1 22 44 44 33 33 33 32 41 11 32 41 44 11 44 14 41 44 41 44 23 22 44 44 11
1 32 41 44 33 32 33 32 11 11 22 11 41 11 44 44 41 44 11 44 23 32 14 44 11
1 33 41 22 13 33 23 33 44 44 32 41 44 44 11 11 44 14 44 44 22 33 14 11 33
1 22 41 24 13 32 23 33 41 44 32 41 44 41 11 14 41 11 44 44 22 32 14 14 31
1 22 44 24 11 33 23 22 41 44 22 41 44 11 11 11 41 11 41 44 23 32 11 14 11
1 32 41 24 13 32 23 32 41 41 32 41 41 41 14 14 41 14 44 41 23 32 14 14 31
1 33 44 22 11 33 22 33 41 44 33 44 44 44 11 11 44 11 44 44 22 33 11 11 33
1 22 44 44 33 33 33 32 41 11 22 11 41 41 14 14 11 44 41 41 23 32 44 14 11
1 33 41 22 33 33 23 33 11 44 32 41 44 11 14 14 11 11 44 44 23 22 44 11 31
1 33 44 22 13 33 23 33 41 41 33 41 44 41 11 11 44 14 44 44 22 33 11 11 33
1 33 44 22 11 33 23 33 44 44 33 44 44 41 11 11 44 11 44 44 22 32 11 11 31
1 33 44 22 13 33 23 33 44 44 33 41 41 11 14 11 41 11 44 44 22 33 11 11 33
1 32 44 22 33 32 23 32 11 11 32 11 44 11 14 14 44 14 41 44 22 32 44 11 31
1 32 41 44 13 32 33 32 41 41 32 11 41 11 44 14 41 44 41 44 22 32 44 14 31
1 32 41 44 13 22 33 33 41 41 33 41 41 41 11 14 41 14 41 44 23 22 11 44 31
1 33 44 24 13 33 22 32 44 44 32 41 44 41 11 14 44 11 44 44 22 33 14 11 31
1 32 44 44 13 33 23 33 44 41 33 41 44 41 11 11 44 11 44 44 22 33 11 11 33
1 33 44 22 11 33 23 33 44 41 33 44 44 44 11 11 44 11 44 44 23 32 11 11 33
1 32 44 24 13 32 23 32 44 44 33 41 41 41 14 11 44 14 44 44 22 32 14 11 31
1 32 41 24 13 32 22 33 44 44 22 41 44 44 14 11 44 11 44 44 22 33 11 11 33
1 33 44 24 11 33 23 33 44 44 33 44 44 44 11 11 44 11 44 44 22 33 14 11 33
1 33 41 22 11 32 23 33 44 44 33 44 44 44 11 11 44 11 44 44 23 33 11 11 31
1 33 11 44 13 32 23 33 44 44 32 41 44 41 11 11 44 14 44 41 23 33 11 11 31
1 32 41 24 11 32 23 32 41 41 32 41 41 41 14 11 44 14 44 44 22 32 14 11 31
1 22 41 44 13 32 23 32 41 44 22 41 41 11 11 14 44 11 44 11 23 33 11 14 31
1 32 44 44 33 32 23 33 41 44 22 44 44 41 14 44 41 11 44 41 22 32 11 11 33
1 32 44 24 13 33 22 33 41 44 33 44 44 44 11 11 44 11 44 44 22 33 11 14 33
1 22 11 24 13 32 23 32 41 41 22 11 44 41 11 14 41 44 41 11 22 32 14 44 31
1 32 44 24 13 33 23 33 41 41 32 41 44 41 11 14 41 44 44 41 22 33 44 44 31
1 33 44 44 13 33 23 32 41 44 32 44 44 44 11 11 41 11 44 44 22 33 14 14 33
1 33 41 44 13 33 23 33 44 41 33 44 41 44 11 14 44 11 41 44 22 32 14 11 31
1 33 44 24 11 33 22 33 41 44 33 44 44 44 11 11 44 11 44 44 22 33 11 14 33
1 33 44 22 11 33 22 33 41 44 32 44 44 44 11 11 44 14 44 41 22 33 11 11 33
1 32 44 22 33 32 33 33 41 41 32 41 44 41 14 14 41 14 44 41 22 32 11 11 33
1 32 41 22 33 33 33 33 41 41 32 11 44 44 44 11 41 14 44 41 22 32 11 44 31
1 33 44 22 13 33 22 33 44 44 33 44 44 44 11 11 44 11 44 44 22 33 11 11 33
1 33 44 22 11 33 22 33 44 44 33 41 44 44 11 11 44 11 44 44 22 33 11 11 33
1 22 11 24 13 32 33 32 41 11 22 11 41 41 14 14 41 14 44 41 22 22 14 14 31
1 33 41 22 13 32 23 33 41 41 33 44 44 41 11 11 44 11 44 41 22 33 11 11 31
1 32 41 24 13 32 33 33 11 41 32 41 41 41 14 14 41 14 44 41 23 32 44 11 11
1 32 41 24 33 32 23 33 41 41 32 44 44 41 14 11 44 11 41 44 22 33 11 44 31
1 22 11 44 33 22 33 32 11 11 22 11 44 11 44 14 11 14 44 11 23 32 14 44 11
1 33 44 22 11 33 22 33 44 44 33 44 44 44 11 11 44 11 44 44 22 33 11 14 33
1 33 44 22 33 33 22 32 41 44 33 11 44 41 14 11 41 11 44 44 23 33 11 14 33
1 32 44 44 33 33 23 33 11 44 32 41 44 41 14 11 41 14 41 41 33 33 11 14 11
1 32 41 44 13 33 33 33 44 44 32 11 44 11 11 11 41 11 44 41 23 33 11 14 31
1 32 41 44 13 33 33 32 41 44 33 11 44 44 44 14 11 11 44 44 33 32 14 11 31
1 22 41 44 33 32 23 32 41 41 33 11 44 41 11 14 41 44 41 44 33 22 14 14 11
1 32 44 44 13 33 33 33 41 44 33 41 41 41 11 11 41 14 44 44 23 33 11 11 33
1 33 44 22 11 33 23 33 44 44 33 44 44 44 11 11 44 11 44 41 22 33 11 11 33
1 33 41 24 13 33 23 32 41 44 32 41 44 44 14 11 44 14 44 44 22 33 14 11 31
1 33 41 24 13 33 23 32 41 44 32 44 44 41 14 14 41 14 41 44 23 32 14 11 31
1 33 41 24 13 33 23 33 44 41 32 44 44 44 11 11 41 11 44 44 22 33 11 11 33
1 32 44 24 11 33 23 33 44 44 32 41 44 44 14 11 41 11 44 44 23 22 11 14 33
1 32 41 24 33 22 23 32 11 41 33 11 41 41 14 14 41 14 41 41 22 32 14 14 31
1 33 41 22 11 33 22 33 44 44 33 44 44 41 11 11 44 11 44 44 22 33 11 11 33
1 22 41 44 33 33 33 22 11 41 32 41 41 41 14 14 41 11 41 44 22 33 14 14 31
