 rs619719 rs2103694 rs10803288 rs520064 rs1295787 rs1344418 rs7542378 rs11579756 rs761192 rs10927473 rs16850635 rs6690160 rs2294888 rs10927475 rs34645579 rs11589844 rs2038164 rs761191 rs705582 rs1009735 rs2871581 rs10737900 rs3737686 rs6429673 rs4661514 rs4661300 rs7516095 rs12136961 rs1569635
0 23 32 31 44 33 33 31 23 44 24 44 11 33 23 11 32 41 11 33 22 44 44 14 44 41 42 42 44 41
0 22 32 33 44 33 13 33 33 44 24 41 13 33 22 41 33 44 14 11 23 14 14 14 44 41 44 44 44 44
0 23 32 31 44 33 33 31 33 41 44 41 13 33 22 11 32 11 14 13 22 44 14 14 11 41 44 44 41 41
0 22 33 31 41 33 11 33 23 44 22 44 11 33 22 41 22 41 11 11 23 14 11 14 44 44 44 44 41 44
0 22 33 33 44 33 11 31 22 44 22 44 11 32 33 41 33 44 11 11 23 14 14 14 41 44 42 44 44 11
0 22 33 33 41 33 13 31 22 44 24 44 11 33 22 41 33 11 11 11 22 11 11 11 44 44 42 44 44 41
0 22 33 11 44 33 33 33 23 44 22 41 11 33 33 41 22 41 14 11 22 11 14 14 44 44 42 44 41 41
0 22 32 31 41 33 11 31 33 41 24 41 13 33 23 41 22 44 11 13 22 44 14 11 41 11 42 44 41 41
0 33 33 11 44 31 13 31 33 44 22 44 11 33 33 11 32 44 11 13 23 14 14 11 41 41 42 42 41 11
0 23 33 31 44 33 13 11 23 11 22 44 33 33 33 41 33 41 11 13 23 11 44 11 41 41 44 44 41 44
0 22 33 33 41 33 13 31 23 44 22 41 13 32 23 41 33 44 11 13 23 14 11 14 41 44 42 44 41 41
0 22 33 33 41 31 11 33 23 44 22 44 11 32 23 41 33 44 11 11 22 11 11 14 41 44 44 44 44 44
0 23 33 31 44 33 11 31 23 44 24 44 11 33 33 44 33 11 11 11 23 14 11 14 11 41 42 44 41 44
0 22 33 31 44 33 13 31 22 44 22 44 11 33 22 41 33 44 11 11 22 11 11 11 44 44 44 44 44 44
0 22 33 31 44 31 13 31 23 41 24 41 13 33 33 44 32 41 11 11 22 14 14 14 41 41 42 42 44 41
0 22 33 31 44 33 13 33 23 44 22 11 13 33 22 41 22 41 11 11 23 14 14 11 44 44 44 44 41 44
0 22 32 31 44 31 11 31 23 41 24 41 13 33 33 41 32 44 11 13 22 14 14 11 11 44 42 44 41 44
0 23 32 11 44 31 33 11 33 44 24 41 13 22 23 11 22 41 44 13 33 44 14 14 41 41 44 44 41 44
0 23 33 11 44 33 13 33 33 44 24 41 13 32 23 11 22 44 14 13 23 14 11 11 41 41 42 44 44 41
0 23 33 31 41 31 13 31 33 44 22 44 13 33 33 41 22 44 14 13 23 11 14 14 44 11 22 44 41 41
0 23 32 31 44 31 13 31 23 41 22 44 13 32 23 41 32 11 11 11 23 11 11 11 41 44 42 42 41 44
0 22 32 11 44 31 13 33 23 44 22 44 33 32 23 41 22 41 14 13 33 14 14 11 41 41 42 42 41 11
0 33 32 11 44 31 13 31 33 41 24 41 13 33 23 11 22 11 44 13 23 11 14 14 44 11 42 44 41 44
0 22 33 33 44 33 11 33 23 44 22 44 11 33 22 41 33 44 11 11 22 14 11 11 41 41 44 44 41 41
0 22 33 31 41 31 11 33 33 44 24 44 13 32 23 44 22 44 11 11 22 14 14 11 44 41 42 44 44 41
0 22 33 31 44 31 11 11 22 44 22 41 11 33 33 44 32 11 11 11 23 11 11 11 44 44 44 44 41 41
0 22 33 11 44 33 33 33 23 44 22 44 11 33 23 41 22 44 11 11 23 14 11 11 41 44 44 44 44 44
0 22 33 33 44 33 13 31 23 41 24 11 13 33 33 41 22 44 11 33 23 14 11 11 11 44 44 44 41 11
0 23 32 33 44 31 13 33 33 44 24 41 13 33 23 41 32 44 11 11 22 14 14 11 41 11 44 44 44 44
0 22 33 33 44 33 11 31 22 44 22 44 13 33 23 44 33 44 11 11 22 14 11 11 44 44 44 42 44 41
0 22 33 31 44 33 11 31 22 44 22 44 11 33 23 44 33 41 11 11 22 11 14 14 41 11 44 44 44 44
0 22 33 31 44 31 11 31 33 44 22 41 13 33 22 11 33 44 11 11 22 11 14 11 41 44 42 44 41 41
0 22 33 33 44 11 33 33 23 44 22 41 13 33 33 41 22 44 14 11 33 11 11 14 44 44 42 44 41 44
0 23 32 31 44 31 33 31 23 44 24 41 13 32 33 11 22 11 11 13 22 14 14 11 41 44 22 42 11 11
0 22 33 31 44 33 13 31 22 44 22 44 13 33 33 41 33 44 11 11 22 14 11 11 44 41 42 42 44 41
0 23 33 11 41 33 13 31 33 44 24 41 13 32 33 11 32 41 11 13 22 44 14 11 41 11 42 42 11 41
0 22 33 31 44 33 13 31 23 44 22 41 11 33 22 44 33 44 11 11 22 11 11 11 44 44 44 44 41 41
0 22 32 33 44 33 13 33 22 44 22 44 11 33 23 41 33 41 11 11 22 14 14 11 44 44 44 44 44 41
0 23 33 11 44 31 11 11 22 44 24 44 33 33 33 11 32 41 11 13 23 44 11 14 11 41 42 42 11 41
0 33 33 31 44 33 13 11 22 41 24 41 33 32 23 41 22 41 14 13 33 44 11 14 11 44 42 44 41 41
0 23 32 31 44 33 13 33 33 44 22 41 33 33 33 41 32 44 44 11 33 14 14 44 11 44 42 44 41 41
0 22 33 33 44 31 11 33 23 44 22 41 13 33 23 41 33 41 14 13 22 11 14 14 44 41 44 44 41 41
0 23 32 31 44 11 13 31 33 44 22 41 13 32 23 41 22 11 14 13 22 44 14 11 44 11 22 44 41 41
0 22 32 11 44 31 33 33 22 44 24 44 13 22 23 44 33 41 11 11 23 44 11 11 11 41 44 42 41 11
0 22 33 31 44 31 13 31 22 41 24 41 11 32 33 44 32 41 11 13 22 14 14 11 41 11 42 42 44 11
0 23 32 11 44 33 13 33 33 44 22 11 11 33 22 11 32 11 14 13 23 11 11 14 41 41 42 44 44 41
0 22 32 11 44 33 13 33 23 44 22 11 11 22 23 41 22 44 11 33 33 11 11 14 41 41 44 44 44 41
0 23 32 33 44 33 33 33 23 44 44 41 11 33 23 11 32 44 14 11 23 14 14 11 44 41 42 44 41 41
0 22 33 11 44 33 13 33 22 44 22 44 11 33 22 41 33 44 11 11 22 11 11 11 44 44 44 44 44 41
0 22 33 11 44 33 13 31 22 44 24 44 13 33 22 44 32 41 11 11 22 11 14 11 44 44 44 44 44 41
0 33 32 31 41 31 33 31 22 41 24 44 13 32 23 41 22 41 14 13 23 14 11 14 44 44 42 44 44 41
0 23 32 11 44 31 33 31 33 41 22 41 13 32 33 11 32 11 11 13 23 14 11 11 41 11 22 44 41 11
0 22 33 33 41 33 33 31 23 41 24 41 13 32 22 41 33 41 11 13 23 11 14 11 11 41 44 44 41 44
0 22 32 31 44 31 11 33 33 44 24 44 11 32 23 44 22 44 11 11 22 11 11 11 44 11 44 44 41 44
0 23 32 31 41 33 11 33 23 41 24 44 13 33 23 11 32 11 11 11 22 11 11 11 44 41 42 44 44 41
0 22 33 31 44 33 33 31 33 11 24 41 13 32 23 44 33 11 11 11 23 14 11 14 41 41 44 22 44 44
0 22 33 33 44 33 13 33 23 44 24 44 11 33 33 44 32 41 11 33 22 14 14 14 11 44 22 42 11 41
0 23 32 11 41 31 13 33 22 44 22 11 13 33 22 44 32 41 14 11 22 44 11 14 11 41 44 42 44 44
0 23 32 11 44 33 13 31 23 41 22 41 11 32 23 41 32 41 11 13 22 14 14 14 41 41 22 44 41 44
0 22 32 33 44 33 33 31 23 44 22 41 11 22 23 44 32 41 11 11 22 44 14 11 41 44 44 44 41 44
0 22 32 31 41 11 13 31 22 41 24 41 13 33 23 11 22 41 14 33 23 44 14 11 44 11 22 44 41 11
0 22 32 31 44 33 11 31 22 44 22 41 11 33 22 11 22 44 11 13 23 14 14 14 44 44 42 44 44 41
0 23 32 31 44 31 13 11 23 41 22 41 33 32 33 44 33 44 14 11 23 14 11 14 41 41 44 42 11 41
0 22 33 33 44 31 13 33 22 44 22 44 13 33 23 44 22 44 11 11 22 11 11 11 44 44 44 44 41 41
0 22 33 11 41 31 13 11 33 11 22 41 13 33 33 11 22 11 44 13 33 14 14 44 11 41 22 42 11 11
0 23 33 33 44 33 33 31 23 41 22 41 11 33 23 44 33 41 11 11 22 11 11 11 41 44 44 44 41 44
0 23 32 31 41 33 13 31 33 11 22 44 13 22 23 41 32 41 14 33 23 14 14 14 41 41 44 44 11 41
0 22 33 33 44 31 13 33 23 44 22 44 11 33 22 44 22 11 11 11 33 44 11 14 44 41 44 44 11 41
0 22 33 33 44 31 33 33 33 11 44 11 13 32 23 44 22 41 44 33 23 14 44 11 41 11 42 44 11 11
0 23 32 11 44 31 11 31 22 44 22 44 13 33 22 44 22 44 14 13 23 11 11 14 41 44 42 42 44 41
0 22 33 33 44 33 13 31 22 44 24 41 11 33 23 41 32 41 14 13 22 11 11 11 41 11 44 44 44 44
0 23 33 31 41 33 13 31 23 44 22 44 13 32 33 41 32 11 14 13 23 44 11 11 41 41 22 44 44 44
0 22 33 33 44 33 13 31 22 44 22 44 11 33 33 44 33 41 11 11 22 11 14 14 44 41 22 44 41 11
0 22 32 31 44 33 33 31 23 41 22 44 11 32 22 44 33 41 11 11 22 14 11 11 44 44 42 44 41 44
0 22 32 31 44 31 11 31 22 44 22 44 33 33 33 41 32 44 11 11 22 14 11 14 44 11 44 44 41 41
0 23 32 31 44 31 13 33 23 44 22 41 11 33 23 41 33 41 11 11 22 14 11 11 41 44 44 44 44 44
0 22 32 33 44 33 13 33 22 44 22 41 13 33 33 11 22 44 14 13 23 14 14 14 44 44 42 44 41 41
0 22 33 11 44 31 33 31 23 44 22 44 13 33 23 41 33 44 14 11 23 14 11 11 44 41 22 42 41 44
0 23 33 31 44 11 13 11 23 41 24 44 33 22 22 44 33 11 44 11 33 14 44 14 41 11 44 44 41 44
0 22 32 31 44 31 33 31 23 44 24 41 33 22 23 41 32 41 11 33 23 14 11 14 41 41 22 44 41 41
0 22 32 31 44 31 11 31 23 44 44 41 13 32 22 11 22 11 14 13 23 44 14 14 41 44 44 42 41 41
0 22 33 33 44 33 13 11 23 44 22 41 11 32 23 44 32 44 11 11 22 14 14 11 41 44 44 44 41 41
0 22 33 11 44 33 13 31 22 44 22 41 11 22 22 11 33 41 14 13 23 14 14 14 41 44 42 44 44 11
0 22 33 33 44 33 13 33 22 44 22 44 11 33 22 41 33 44 11 11 22 11 11 11 44 44 44 44 44 44
0 23 33 33 44 31 11 33 23 44 22 44 11 33 33 44 22 41 11 13 22 11 14 11 44 44 44 42 44 44
0 23 32 31 41 31 33 31 23 44 24 41 13 33 23 41 32 44 14 13 23 14 44 14 41 41 42 42 41 41
0 23 33 33 44 11 13 33 33 44 22 41 13 33 22 11 32 44 11 11 23 14 44 14 41 44 44 44 41 41
0 22 33 11 41 31 13 31 23 44 22 44 33 33 23 11 22 44 14 11 23 14 14 44 41 41 22 44 41 11
0 22 33 33 44 33 13 33 22 44 22 44 13 33 23 44 32 44 11 11 22 14 14 11 41 41 44 44 41 11
0 22 33 11 44 33 33 31 23 44 44 41 13 33 22 11 22 44 11 11 22 11 14 11 44 41 42 42 11 41
0 23 32 31 44 11 33 11 23 11 24 11 11 32 23 11 22 11 11 13 23 14 14 11 41 11 42 22 41 44
0 22 33 33 41 33 11 33 22 44 24 41 11 32 23 41 32 41 14 13 22 14 14 11 41 41 44 42 44 44
0 22 32 33 44 31 11 31 23 44 22 41 33 33 22 41 22 11 14 11 22 11 14 11 44 44 42 44 44 11
0 22 33 33 44 31 13 11 23 44 22 41 13 32 23 41 32 41 11 11 22 44 44 11 41 41 44 44 44 44
0 23 32 33 44 33 11 31 33 41 22 41 11 33 33 41 32 44 11 11 23 11 11 11 41 41 42 44 44 41
0 22 33 33 41 33 13 31 23 44 22 44 33 33 23 41 32 44 11 11 23 44 14 11 41 44 44 44 44 41
0 22 32 31 44 33 13 31 22 44 24 44 11 33 23 41 32 41 11 13 22 14 14 11 44 44 42 44 11 41
0 22 32 11 41 33 13 33 23 44 22 41 11 32 22 11 33 41 11 13 22 44 11 44 44 41 44 44 11 44
0 23 22 31 41 31 13 31 23 44 44 44 11 22 23 41 32 41 14 13 23 44 11 14 41 11 22 44 44 41
0 23 33 31 41 31 33 11 33 41 24 41 13 32 23 44 22 41 14 33 22 14 44 14 44 11 22 42 44 41
0 22 33 31 44 33 13 33 22 44 24 44 13 32 22 41 33 41 11 11 22 44 14 14 41 44 44 44 44 41
0 22 22 11 41 33 33 33 33 44 24 44 11 33 23 11 33 44 11 11 22 11 14 11 44 41 44 44 41 44
0 22 33 31 44 31 13 31 23 44 24 41 13 33 23 41 33 44 44 13 22 11 11 11 41 44 44 44 41 11
0 22 33 31 44 33 11 31 23 44 24 44 11 33 23 41 32 41 11 11 23 11 14 14 44 41 44 44 41 41
0 23 32 31 44 33 13 31 23 44 24 41 13 32 23 41 32 44 14 13 23 14 14 11 44 41 42 44 11 41
0 22 33 33 41 11 13 33 33 44 24 11 13 33 33 11 32 41 14 13 23 14 11 14 41 41 42 44 11 11
0 22 33 31 44 33 11 33 23 44 22 44 11 32 22 44 32 41 14 11 23 11 11 11 44 41 42 44 44 44
0 23 32 31 44 33 11 33 22 44 22 41 13 33 22 41 33 41 11 11 22 11 11 14 44 44 42 44 41 44
0 22 33 11 44 31 11 33 23 44 44 44 13 33 22 44 32 41 14 13 22 11 11 11 44 44 44 44 11 11
0 22 33 33 44 33 11 33 22 44 22 44 11 33 22 44 33 41 11 11 23 14 11 11 44 44 44 44 44 41
0 22 33 31 44 31 13 31 23 41 22 44 11 32 23 41 33 41 14 13 23 14 11 11 41 44 42 22 41 11
0 23 33 11 44 33 13 31 22 41 22 44 11 32 22 44 33 41 11 13 23 14 14 14 44 41 42 44 44 41
0 23 32 11 41 31 13 11 23 44 24 44 11 32 22 11 32 41 14 11 22 44 14 14 41 41 42 44 41 41
0 22 33 31 44 33 13 31 23 44 24 44 13 33 23 41 33 44 11 11 22 11 11 11 44 41 44 42 44 41
0 22 33 11 44 33 13 31 23 44 22 41 11 32 22 44 32 44 11 11 22 14 14 14 11 11 44 44 44 41
0 23 33 11 44 31 33 11 23 11 24 44 33 32 33 44 33 41 11 13 33 11 11 44 41 11 42 44 11 41
0 22 33 33 44 33 13 11 33 44 24 41 11 33 23 11 33 44 14 13 23 14 11 14 41 41 44 44 11 11
0 22 33 31 44 31 11 33 22 44 22 41 11 32 22 41 32 44 11 11 22 14 11 11 44 44 42 42 44 44
0 33 32 31 44 33 33 33 23 41 24 41 11 33 33 41 22 41 11 13 23 14 14 14 41 41 22 44 11 41
0 22 33 31 41 33 13 31 23 44 24 11 11 32 22 41 32 41 11 13 22 44 11 14 41 11 42 44 11 44
0 22 22 31 44 33 13 31 22 44 24 44 11 33 22 11 33 44 11 13 22 14 14 11 44 41 44 44 44 44
0 22 33 33 44 33 11 31 23 44 22 44 11 33 22 44 33 44 11 11 23 14 14 11 44 44 44 44 44 41
0 22 32 31 44 31 11 31 22 44 22 41 13 33 33 44 33 41 11 13 22 14 11 14 41 44 44 42 41 44
0 22 33 11 44 31 11 31 23 11 44 41 11 32 23 44 22 11 11 13 23 14 14 11 41 41 42 44 44 41
0 22 33 33 44 33 13 31 23 41 22 44 11 33 22 41 32 41 11 11 22 14 14 11 44 41 42 44 41 44
0 23 33 11 44 31 13 11 22 44 22 44 11 33 23 11 33 41 11 13 23 11 14 11 41 41 22 44 44 44
0 22 33 31 44 33 11 31 22 44 22 44 11 32 23 44 32 41 11 11 22 11 11 11 44 44 44 44 44 44
0 23 33 11 41 33 13 31 23 41 44 41 13 33 33 41 32 41 14 13 22 44 14 44 41 44 42 44 44 41
0 23 32 11 44 33 13 11 22 44 24 41 11 32 23 44 22 11 14 11 23 14 14 14 44 41 44 44 41 11
0 22 33 31 41 33 13 33 22 44 22 44 13 33 22 41 33 44 11 11 22 14 14 11 41 41 44 44 44 44
0 22 33 31 44 31 13 31 22 44 24 44 13 33 23 41 22 44 11 13 23 14 14 11 41 11 44 44 44 11
0 22 33 31 44 31 33 31 22 44 22 41 13 33 33 41 33 41 11 13 23 11 11 11 41 44 44 44 44 44
0 22 32 31 44 33 11 31 23 41 22 41 11 33 23 41 33 44 11 11 33 44 44 14 44 44 22 44 44 41
0 22 33 31 44 33 13 31 23 44 44 44 11 33 33 41 22 41 14 11 22 11 11 11 41 41 42 44 41 44
0 22 32 31 41 31 13 31 22 44 22 41 13 33 23 41 32 41 11 13 22 11 11 11 44 44 42 44 11 41
0 22 33 31 44 33 13 33 22 44 22 44 11 33 23 41 32 44 11 11 23 14 11 11 41 44 44 42 41 44
0 22 33 11 44 33 11 33 22 41 24 41 33 32 33 44 33 11 11 11 22 44 11 11 41 41 42 42 41 44
0 23 32 11 11 31 13 31 33 41 24 41 33 33 23 11 22 11 14 13 22 14 11 11 11 41 42 44 41 41
0 23 33 11 41 31 33 31 22 41 24 44 13 33 22 41 33 44 11 13 22 44 14 44 44 41 42 44 44 41
0 22 33 31 44 33 13 33 22 44 22 44 11 33 23 44 33 44 11 11 22 11 11 11 44 44 44 44 44 41
0 23 33 33 11 31 33 31 22 44 22 41 13 32 23 41 32 41 14 11 22 14 11 11 41 44 22 42 44 44
0 22 33 11 41 31 11 31 23 44 24 41 33 32 23 44 22 41 14 13 23 11 14 11 41 41 44 42 44 11
0 23 32 31 44 31 13 31 22 44 24 11 33 33 22 41 22 41 14 11 23 14 44 11 41 44 42 44 41 41
0 23 33 31 44 33 13 31 23 44 22 41 11 33 23 44 32 41 14 33 22 14 14 14 44 41 42 44 41 41
0 22 33 11 41 33 13 31 22 44 22 44 11 33 33 44 33 11 11 13 22 14 14 14 44 41 22 44 11 41
0 22 33 31 44 31 33 33 22 41 24 41 11 33 23 41 32 11 14 13 22 44 14 11 44 41 44 44 44 11
0 22 33 31 44 33 13 33 22 44 22 41 13 32 22 41 22 44 14 11 22 44 11 11 11 11 44 44 41 44
0 22 33 33 44 33 33 31 23 44 24 41 13 33 23 44 32 41 11 11 22 14 14 11 44 44 44 44 44 44
0 22 33 31 44 33 13 11 23 44 22 44 13 33 23 11 32 41 11 11 22 14 11 14 44 44 42 44 41 41
0 22 32 33 44 33 11 33 23 44 24 41 11 33 33 11 32 44 11 11 23 11 11 11 44 44 44 44 44 11
0 23 32 33 44 33 13 31 23 44 22 11 11 33 22 41 32 41 11 11 23 14 14 14 44 44 44 44 41 41
0 23 33 11 44 33 13 31 33 44 22 41 13 33 33 41 33 41 11 11 33 14 14 11 11 44 42 44 44 41
0 22 33 33 44 33 11 33 22 44 22 41 11 33 23 41 33 41 11 13 23 14 14 11 44 41 44 44 44 44
0 22 32 31 41 31 11 31 23 44 24 41 13 32 22 41 22 41 11 11 22 11 11 11 44 41 42 44 44 41
0 23 22 31 44 11 33 31 23 44 44 41 11 32 23 41 22 11 14 33 22 44 14 14 41 41 44 44 41 11
0 22 32 31 44 33 33 31 23 41 24 11 13 33 23 11 32 41 11 13 22 14 14 14 41 41 22 44 41 41
0 23 32 31 44 33 33 31 23 44 44 11 13 33 33 41 33 44 14 13 23 14 44 14 41 44 44 44 44 44
0 22 33 31 44 33 33 11 23 41 24 44 33 33 33 11 32 44 14 11 22 11 14 14 44 41 42 44 41 41
0 23 32 33 44 33 11 31 23 44 22 44 13 32 23 41 32 41 14 11 23 44 14 11 11 44 42 42 41 44
0 22 33 31 41 31 11 11 23 41 22 44 11 33 22 44 33 44 11 11 23 44 14 11 41 44 44 42 44 44
0 22 32 31 44 31 13 11 23 44 22 44 11 32 33 11 32 11 11 33 33 11 14 11 44 41 44 44 41 44
0 33 33 11 41 11 33 11 33 41 44 41 33 32 23 41 22 11 44 33 33 14 44 14 11 11 42 22 41 41
0 22 32 11 44 33 13 33 22 44 24 44 13 33 23 41 32 41 11 11 23 14 14 11 44 44 44 44 44 41
0 22 33 31 44 33 33 31 33 44 22 11 11 33 23 41 22 41 14 33 23 11 11 44 41 41 42 44 11 44
0 22 33 31 44 31 33 31 23 41 22 44 11 33 23 41 32 44 11 11 22 11 14 11 44 44 42 44 44 44
0 23 32 31 44 31 13 31 23 44 22 41 11 32 23 41 32 41 44 11 23 14 11 14 11 11 22 42 41 41
0 22 32 11 44 33 13 31 23 41 22 41 13 33 23 41 32 41 14 13 22 14 44 14 44 41 44 44 44 44
0 23 32 31 41 33 33 31 22 44 24 41 33 32 23 41 22 44 14 33 22 14 11 14 41 11 42 42 41 44
0 22 33 31 44 31 13 33 22 41 24 44 11 32 22 41 32 41 11 13 23 14 11 14 41 44 44 44 41 41
0 23 33 11 44 31 33 31 33 44 24 41 13 32 23 41 32 41 14 13 23 44 14 44 41 11 44 44 44 11
0 33 32 11 41 33 33 11 23 44 24 41 13 32 23 11 22 44 44 13 23 44 11 44 44 44 42 44 41 41
0 23 32 33 44 33 11 31 22 44 24 44 13 33 23 41 22 11 11 11 22 14 11 14 44 44 44 44 44 44
0 22 22 31 44 33 33 31 22 41 24 44 33 33 23 41 32 44 44 13 22 44 14 14 44 41 44 44 41 41
0 22 32 11 41 33 13 31 23 41 22 44 13 33 33 41 32 41 11 13 22 11 14 11 11 41 42 44 41 41
0 22 33 11 44 31 13 33 23 44 22 44 11 32 33 44 33 41 11 11 23 14 14 11 44 44 22 44 41 44
0 22 33 31 41 31 33 33 22 44 24 44 11 33 33 11 32 41 11 33 23 44 11 14 41 11 44 42 41 41
0 22 33 11 44 31 13 11 23 44 24 41 13 33 22 44 32 11 11 11 23 11 14 14 44 41 42 44 44 41
0 22 33 33 44 33 13 31 22 44 22 41 13 33 23 44 32 44 11 11 22 11 14 14 41 41 44 44 41 41
0 23 32 31 44 33 13 11 23 44 24 41 13 33 22 11 33 41 14 13 33 14 14 11 41 41 42 44 44 44
0 22 33 11 44 33 11 31 33 44 22 41 11 33 22 41 32 41 11 13 22 14 11 11 44 41 44 42 41 41
0 22 32 11 44 31 13 33 23 44 22 41 13 22 23 41 22 41 14 13 22 44 14 14 11 41 42 44 11 41
0 22 32 31 41 31 33 31 23 44 24 41 33 33 33 11 32 44 11 11 23 44 11 14 41 41 22 44 44 44
0 22 32 11 44 11 13 11 33 41 24 41 13 33 23 11 32 11 14 11 33 14 14 14 44 41 44 42 41 41
0 22 33 31 44 33 11 33 23 44 24 44 11 33 22 44 33 44 14 11 22 11 11 11 44 44 44 44 44 44
0 22 33 33 41 31 13 31 22 44 22 44 13 33 23 41 32 41 11 11 22 11 11 11 41 44 44 44 41 44
0 22 33 33 44 33 33 31 22 44 22 44 11 33 22 44 33 41 11 11 23 14 11 11 44 41 44 44 41 41
0 22 33 31 44 31 13 31 23 44 22 44 13 33 23 11 32 44 14 11 23 14 14 11 41 41 42 42 44 44
0 22 33 31 41 33 13 31 23 44 24 44 33 32 23 44 33 41 11 11 23 11 14 14 11 44 44 44 44 44
0 22 32 31 44 31 33 31 33 41 24 44 13 32 23 11 33 41 11 11 23 11 14 11 44 41 42 44 11 41
0 23 33 33 44 33 33 31 22 44 24 41 13 32 23 41 32 41 14 11 22 14 14 14 41 41 42 44 41 41
0 22 32 31 44 33 11 33 23 44 22 44 13 33 23 44 32 44 11 11 22 14 14 11 11 41 44 44 44 44
0 23 33 31 44 31 13 31 33 41 24 44 13 32 23 41 33 44 14 13 23 14 11 11 11 44 42 44 41 44
0 22 33 33 44 31 11 33 33 44 24 44 11 32 23 41 33 11 14 13 22 11 14 14 44 44 42 42 44 41
0 22 33 11 41 31 13 11 22 44 22 44 11 32 23 41 32 41 11 11 22 11 11 14 41 41 44 44 41 44
0 22 33 33 44 33 11 33 22 44 44 41 11 33 23 41 32 44 11 11 22 11 14 14 44 44 44 44 41 44
0 23 33 31 11 31 13 31 23 41 24 41 33 33 33 44 22 11 14 13 23 11 11 44 41 44 44 44 44 11
0 23 33 33 44 33 13 31 33 44 22 41 11 33 23 41 32 11 14 13 22 44 11 11 41 44 42 42 41 11
0 33 33 33 44 33 13 33 23 44 24 41 33 33 23 11 22 41 14 13 23 44 14 14 44 41 42 42 41 41
0 22 33 11 44 33 13 33 22 41 22 44 13 32 23 41 22 41 11 11 23 14 14 11 41 41 42 44 44 41
0 22 33 33 44 33 13 31 23 44 22 41 11 33 23 44 33 41 11 11 23 14 11 11 41 44 42 44 41 41
0 22 33 11 44 33 13 31 23 44 22 41 11 33 22 41 32 41 11 13 23 44 11 14 44 44 44 44 44 41
0 22 33 33 44 33 11 33 22 44 22 44 11 32 22 44 32 41 11 11 33 11 11 11 44 44 42 44 44 44
0 23 33 31 44 33 13 31 33 44 24 11 33 33 23 41 32 44 14 13 22 14 14 11 41 44 22 44 11 41
0 22 33 31 41 33 33 11 23 44 24 41 13 32 33 41 33 44 11 11 23 14 44 11 44 44 42 44 44 11
0 22 33 33 44 33 11 31 33 44 24 44 13 33 23 41 32 41 11 11 23 11 11 14 44 41 42 42 44 41
0 22 33 33 44 33 13 31 33 44 44 11 33 32 33 41 22 44 11 33 33 14 14 14 11 44 42 42 44 44
0 23 32 31 44 11 13 31 23 44 44 41 13 33 23 41 33 41 44 13 33 11 14 14 41 41 42 42 41 11
0 23 33 33 44 31 33 31 23 11 24 44 11 33 23 41 32 11 14 13 23 14 14 14 41 41 22 44 41 41
0 22 32 31 41 31 13 33 23 44 44 41 13 22 22 11 32 11 44 11 23 14 11 14 11 44 42 44 44 11
0 22 33 11 41 33 13 33 23 44 22 41 11 33 33 41 22 44 14 11 22 11 11 11 44 44 42 42 41 44
0 23 33 31 44 33 11 31 23 44 24 41 13 33 33 44 32 44 11 11 23 11 14 44 41 41 44 44 44 41
0 22 33 33 44 33 33 33 33 44 24 44 11 33 23 44 33 41 11 11 22 14 11 11 44 44 44 44 44 41
0 22 33 33 44 33 11 31 22 44 22 41 11 33 23 41 33 41 11 13 23 14 11 11 44 44 44 44 44 44
0 22 33 33 11 33 13 11 22 11 22 41 33 22 22 41 22 41 14 11 33 14 11 11 41 11 42 44 41 41
0 22 33 33 44 33 13 31 22 44 22 44 13 33 22 44 32 41 11 11 22 11 11 11 44 41 44 42 44 41
0 22 32 33 41 31 11 31 33 41 22 44 13 33 23 41 32 41 11 13 23 44 14 11 41 44 44 44 41 44
0 22 32 11 44 33 11 31 23 44 22 11 11 33 23 44 33 41 14 13 33 11 11 14 44 44 22 44 41 11
0 22 33 11 44 33 11 31 33 44 22 44 11 22 23 44 32 44 14 13 22 14 11 11 44 41 42 42 41 44
0 22 33 33 44 33 11 31 23 44 24 44 13 33 23 44 32 44 11 11 22 11 14 11 41 44 42 44 44 41
0 23 22 31 44 31 13 31 23 44 44 41 33 33 23 44 33 41 14 11 23 14 11 11 41 44 44 44 11 41
0 23 33 31 44 33 33 31 23 44 22 44 11 33 22 44 32 41 11 11 22 11 11 11 44 41 44 42 44 41
0 22 33 31 44 33 11 33 23 44 22 44 13 32 23 41 33 44 11 11 22 11 11 11 44 44 44 44 41 41
0 23 33 31 44 31 13 31 23 41 22 44 33 33 23 41 32 41 11 11 23 14 11 14 44 44 22 44 11 41
0 22 33 33 44 33 11 11 22 44 22 41 13 32 23 41 32 41 44 11 23 14 14 14 11 41 42 44 44 44
0 23 32 31 44 31 11 33 23 44 44 44 13 33 23 11 22 41 11 11 23 11 11 14 41 41 44 42 11 44
0 23 32 33 44 33 33 31 23 41 24 41 13 33 23 44 32 44 11 13 23 11 14 14 41 41 42 42 44 41
0 23 33 31 44 33 11 31 23 41 24 41 33 33 23 11 22 44 14 13 33 14 44 11 44 41 42 22 41 11
0 22 33 33 44 33 33 33 23 41 24 41 11 33 23 41 32 41 11 13 22 11 11 14 41 41 44 42 41 41
0 22 32 33 44 33 13 33 23 41 22 44 11 33 22 11 32 44 14 13 22 14 11 11 44 44 44 44 44 41
0 22 33 31 44 33 13 31 23 44 22 41 11 33 22 41 33 44 11 11 22 11 11 14 41 41 44 44 41 44
0 23 32 31 41 33 11 31 22 44 24 44 11 33 23 41 32 41 11 33 33 14 14 14 44 44 22 44 44 41
0 22 33 31 44 33 11 31 22 44 22 41 33 32 33 11 22 44 11 13 23 11 14 44 44 41 22 42 11 41
0 23 33 11 44 33 11 31 22 44 22 44 11 33 22 41 33 11 11 13 22 14 11 11 41 41 44 42 44 41
0 22 33 33 44 31 33 31 22 41 22 44 11 33 22 41 33 44 14 13 23 11 11 14 41 44 44 44 41 44
0 22 32 33 41 33 13 31 22 44 24 44 11 33 22 41 32 44 11 11 22 44 11 11 41 41 44 42 44 11
0 23 22 31 44 31 13 11 23 41 44 41 13 33 33 41 22 41 14 33 23 14 44 44 11 41 42 22 41 11
0 22 33 31 41 11 13 31 23 44 22 44 13 32 23 41 33 41 11 11 23 14 14 11 41 41 42 42 41 41
0 22 32 31 44 33 13 11 22 44 22 44 13 33 23 11 33 44 44 11 22 14 11 14 41 44 42 44 44 44
0 22 33 31 44 31 11 33 23 44 24 41 13 32 23 41 33 41 14 11 22 44 14 11 41 41 42 42 44 41
0 22 32 33 41 33 13 31 22 44 24 44 13 33 23 41 32 44 11 11 22 14 11 11 44 41 44 44 11 41
0 23 33 11 41 33 33 11 33 44 22 41 13 32 33 41 32 41 14 13 33 44 44 14 41 44 22 42 41 41
0 22 33 31 44 31 13 11 23 44 22 41 33 33 23 41 32 41 11 13 22 44 11 11 11 44 22 42 11 44
0 22 32 31 41 33 13 11 33 44 22 44 13 33 22 44 33 41 14 13 23 11 14 14 44 41 42 44 41 11
0 23 33 31 44 33 13 31 23 44 22 11 11 33 22 41 32 41 11 13 22 11 14 14 11 44 42 44 41 44
0 23 33 11 41 31 13 33 23 44 22 11 13 32 33 11 32 11 14 33 23 14 44 11 11 41 44 42 41 11
0 22 33 31 44 33 13 33 23 44 22 44 13 33 23 11 32 41 11 33 22 14 11 11 11 41 42 44 41 44
0 23 32 33 44 11 13 31 23 41 44 41 33 32 33 41 22 41 14 13 23 11 11 14 41 11 22 22 41 41
0 22 33 31 44 33 13 31 23 41 24 41 13 32 23 11 22 11 14 13 22 14 14 44 41 41 42 44 44 41
0 22 32 31 44 33 13 31 23 41 24 44 13 32 33 41 32 41 11 13 22 14 14 14 44 41 42 44 41 44
0 22 33 31 44 31 11 33 23 44 22 41 13 33 22 44 32 44 11 13 22 11 11 11 44 44 44 44 11 41
0 23 32 11 41 31 13 31 23 44 22 41 13 32 23 41 32 44 14 13 23 14 14 11 11 41 42 42 41 44
0 22 33 33 41 33 11 33 23 41 22 41 13 32 22 44 33 41 14 11 22 11 11 14 41 44 44 44 44 41
0 22 22 11 44 31 13 33 22 44 44 41 11 33 33 41 32 11 11 13 33 14 44 11 41 41 42 22 41 41
0 23 32 31 41 33 33 33 23 41 24 11 13 32 23 41 22 11 44 33 23 14 14 14 41 44 42 44 11 41
0 22 33 33 44 31 13 33 23 44 22 41 11 33 33 41 32 41 11 11 23 14 11 14 41 11 42 44 44 44
0 22 33 31 11 33 13 33 33 41 24 41 13 32 23 44 22 41 14 13 22 11 14 14 11 41 22 44 41 44
0 23 33 11 11 33 13 31 23 41 24 44 13 32 23 41 22 41 44 13 22 11 14 11 44 44 22 42 11 41
0 23 33 11 44 33 13 33 23 44 44 11 11 33 23 11 22 41 11 11 33 14 14 14 41 41 42 42 11 41
0 23 33 11 44 33 13 31 23 44 24 44 11 33 22 11 33 44 11 11 22 11 14 14 11 44 42 44 11 41
0 23 33 31 44 33 13 33 22 44 22 44 13 33 33 11 32 44 14 11 23 14 14 11 41 44 44 44 44 41
0 23 33 31 44 33 33 33 33 41 24 41 13 33 23 41 22 41 11 11 23 14 11 14 41 44 44 44 44 41
0 23 32 11 41 33 33 11 33 41 24 11 13 32 23 11 32 44 14 11 22 11 11 14 11 41 44 44 44 41
0 22 32 11 44 33 33 11 33 44 22 41 11 33 23 44 33 41 14 11 23 14 11 11 41 44 42 44 44 44
0 22 33 33 44 33 11 11 22 44 22 41 11 33 23 44 33 44 11 11 22 11 14 11 44 41 44 44 44 44
0 22 33 31 41 33 13 33 22 41 24 41 33 32 22 41 33 41 11 13 22 44 11 14 41 41 42 44 41 44
0 22 33 31 44 33 13 31 22 44 24 44 13 32 23 41 32 41 14 11 22 11 14 11 41 44 44 42 41 44
0 23 32 31 44 31 13 31 33 41 24 41 11 33 23 41 32 41 14 11 22 14 14 11 44 41 42 44 44 44
0 22 22 31 44 33 13 31 33 41 22 41 13 33 33 41 22 41 11 11 22 14 11 11 44 11 42 42 44 41
0 23 32 31 44 33 13 33 23 44 22 44 11 33 22 41 32 44 11 13 22 44 11 11 41 44 42 44 44 44
0 22 33 33 44 33 13 31 33 44 22 41 11 33 23 41 33 44 11 13 23 44 44 14 44 44 44 42 11 41
0 23 33 33 44 33 33 31 22 44 22 41 13 32 22 41 33 41 11 11 23 44 11 14 44 44 42 44 41 41
0 23 33 31 44 31 13 31 22 44 22 41 11 33 23 41 32 41 14 11 23 14 11 14 44 11 42 44 41 41
0 22 32 11 41 31 33 31 33 41 22 44 13 32 23 44 22 41 11 33 23 14 44 14 11 11 42 44 41 41
0 23 33 11 44 33 13 33 33 44 24 44 11 22 22 11 22 41 11 33 22 14 14 11 44 44 22 44 44 41
0 22 22 11 41 31 33 31 23 11 44 11 13 33 23 11 22 11 11 13 23 44 14 11 11 41 42 44 11 41
0 23 33 31 44 33 33 31 23 11 24 44 11 33 22 44 32 44 11 33 23 14 14 11 41 44 44 44 41 41
0 22 33 11 44 33 11 33 23 41 44 11 13 22 22 41 22 44 14 11 23 14 14 11 11 44 42 44 41 41
0 22 32 11 44 33 13 31 33 41 22 44 11 32 33 41 22 44 11 11 23 11 11 11 44 41 42 44 11 41
0 22 33 31 44 33 33 33 22 44 22 41 11 33 22 41 33 44 11 11 22 14 14 11 44 41 42 44 44 41
0 23 32 31 44 33 33 33 23 41 22 41 13 33 23 41 32 44 14 13 23 14 11 11 41 11 42 44 11 41
0 22 32 33 44 33 13 33 23 44 22 11 11 33 22 41 33 41 11 11 23 11 11 11 41 41 44 44 44 44
0 22 33 33 44 31 33 31 23 41 24 44 11 32 22 41 32 41 11 11 23 14 44 11 44 44 44 44 41 44
0 22 32 31 44 11 13 31 23 44 44 44 13 33 22 41 32 44 14 13 23 44 14 14 41 41 44 44 41 41
0 23 33 31 44 11 13 33 33 44 24 44 11 22 23 41 22 11 14 13 23 14 14 11 41 11 42 44 41 41
0 22 33 31 44 33 11 33 23 41 22 44 11 33 22 11 32 44 11 13 22 14 44 11 44 44 42 42 41 41
0 23 33 33 41 31 13 11 33 44 22 41 13 33 23 41 32 44 14 11 23 11 14 14 41 41 44 42 41 41
0 22 33 33 44 31 13 33 23 44 22 44 11 33 33 44 22 44 11 13 22 14 14 11 41 44 44 44 11 44
0 22 33 33 41 31 13 31 23 41 24 44 13 33 22 44 32 41 11 11 22 11 11 11 44 41 42 44 44 44
0 22 33 33 41 33 13 33 23 44 24 44 13 33 23 44 22 11 14 11 23 14 14 14 44 41 44 44 44 41
0 22 32 31 41 33 13 31 22 44 44 44 33 33 33 41 33 44 11 11 22 14 14 11 11 41 44 44 41 11
0 22 33 31 44 33 33 31 22 44 22 44 11 33 23 41 33 41 11 11 22 14 11 11 44 41 22 44 11 41
0 22 33 11 44 31 13 11 23 11 24 11 13 33 23 11 22 41 11 13 22 44 44 14 11 11 22 44 41 41
0 22 32 31 44 31 13 31 23 44 24 44 11 33 23 41 32 41 11 11 22 11 11 14 41 44 44 44 11 44
0 23 33 31 41 33 33 31 33 41 24 11 11 33 23 41 32 44 14 11 22 44 44 14 41 41 44 22 41 41
0 22 33 33 44 33 13 31 22 44 22 44 11 33 22 44 33 44 11 11 23 14 11 11 41 44 44 44 41 41
0 23 33 31 44 31 13 31 22 44 44 41 13 32 33 44 32 44 11 11 22 44 14 14 41 44 42 44 44 11
0 23 33 33 44 33 33 31 33 44 24 41 13 32 23 41 33 41 14 11 23 14 44 14 44 41 44 42 41 44
0 23 33 31 44 33 11 33 22 44 22 44 11 33 22 41 22 41 11 13 23 11 11 11 44 41 44 42 44 44
0 33 33 31 41 33 13 33 33 44 22 44 13 32 23 41 32 44 14 13 22 44 14 11 41 41 42 44 11 44
0 23 33 31 44 33 11 33 33 44 22 41 13 33 23 41 33 41 14 13 22 14 44 11 41 44 42 44 44 41
0 23 32 31 44 31 13 33 23 41 22 41 13 32 33 41 32 11 11 33 23 14 14 11 41 44 42 44 44 44
0 23 22 31 41 33 13 31 33 44 22 41 13 32 23 41 32 44 11 13 22 11 14 11 41 41 44 44 44 41
0 22 32 31 44 31 13 33 22 44 22 44 11 32 22 41 33 41 11 13 23 11 14 11 44 44 44 42 41 44
0 33 33 31 41 31 33 31 33 41 44 44 13 33 23 44 32 11 14 11 22 11 11 11 41 44 42 42 44 41
0 23 32 33 41 33 33 11 23 44 44 44 13 33 23 44 22 44 11 13 23 14 44 14 41 11 42 44 41 41
0 22 33 33 44 33 11 33 23 41 24 11 13 32 23 11 32 41 14 13 22 44 11 14 41 41 44 42 44 41
0 33 33 11 44 33 33 31 22 44 44 41 33 33 33 41 22 11 14 13 33 44 44 14 41 41 22 42 44 11
0 22 32 31 44 31 13 31 22 44 22 44 11 33 23 44 33 44 14 13 22 11 14 11 41 44 42 44 11 41
0 22 33 31 44 31 11 31 22 44 22 41 11 33 33 41 32 41 11 13 23 11 14 11 41 41 44 44 41 44
0 22 32 31 44 31 13 31 23 44 24 44 13 33 23 41 22 41 14 33 23 11 14 14 44 41 44 42 44 41
0 22 33 31 44 31 11 31 33 44 22 44 11 32 23 11 32 41 11 13 23 11 14 14 11 41 44 44 44 41
0 22 33 31 41 33 13 31 23 41 22 44 13 32 23 41 32 41 11 13 23 11 14 14 41 44 42 22 44 11
0 23 33 31 41 31 33 33 23 44 24 41 13 33 33 11 32 11 11 11 22 14 14 14 41 44 42 44 44 41
0 23 32 31 41 33 13 31 23 41 22 11 33 33 23 41 22 41 11 11 22 44 14 11 41 11 42 44 41 11
0 22 33 33 44 33 13 31 23 41 22 41 11 33 33 41 33 44 11 13 22 14 14 11 11 41 42 44 41 44
0 23 32 31 44 33 13 31 33 44 24 44 13 33 22 41 33 41 11 33 22 11 11 14 44 44 44 44 44 44
0 22 22 31 44 31 33 33 23 44 24 41 13 33 23 44 32 44 14 13 23 44 44 14 44 44 42 44 41 44
0 23 32 11 44 33 33 33 22 44 24 44 11 32 23 41 22 41 11 13 22 11 11 11 11 41 22 42 11 11
0 22 32 31 44 33 33 31 23 41 24 11 13 33 33 11 32 41 14 11 23 14 11 11 41 41 44 44 41 11
0 23 33 33 44 33 33 33 22 44 22 44 13 33 23 44 32 41 11 13 23 11 14 11 44 41 42 44 41 41
0 22 33 31 41 33 33 11 23 44 24 44 11 32 22 44 22 44 11 11 22 11 11 11 11 41 44 44 41 11
0 33 32 33 11 31 13 31 23 41 22 11 13 32 33 11 32 41 11 13 33 11 14 14 11 41 42 44 11 41
0 22 33 31 44 33 11 33 23 44 22 44 11 33 23 41 33 44 11 11 23 11 14 11 44 41 42 44 44 44
0 22 33 33 44 31 13 31 22 44 22 44 11 33 22 41 32 44 11 11 22 11 11 11 41 41 44 44 41 41
0 22 33 33 44 33 13 33 22 41 22 44 11 33 23 44 22 44 11 13 23 14 14 14 41 44 42 44 44 41
0 23 32 11 44 31 33 33 33 41 24 11 33 32 22 44 32 41 14 11 23 11 11 11 41 11 22 44 41 41
0 22 33 31 41 33 13 31 23 41 24 44 33 33 33 44 32 41 14 13 23 14 14 14 11 11 42 44 11 41
0 22 33 31 44 33 13 11 23 44 22 41 13 32 22 41 32 41 11 33 22 11 11 11 41 44 42 44 44 44
0 22 33 33 44 33 11 33 22 44 22 44 13 33 33 41 32 41 11 11 23 11 14 14 41 11 42 42 44 41
0 23 33 31 41 33 33 31 33 44 22 44 33 33 23 41 32 41 11 11 33 14 14 11 44 11 42 44 11 41
0 23 33 31 44 33 11 33 22 44 24 44 11 33 22 44 33 44 11 11 22 14 11 11 44 44 42 44 44 41
0 22 33 31 44 31 13 31 22 41 44 41 11 33 23 41 32 44 14 13 33 11 14 11 44 41 42 44 44 44
0 22 33 33 44 33 11 31 23 44 22 44 13 33 22 44 33 44 14 11 23 11 11 11 44 44 42 44 44 41
0 22 32 31 11 31 33 31 33 41 44 41 13 33 33 41 22 11 11 13 33 44 14 14 11 11 22 44 41 41
0 22 33 31 41 31 13 31 33 44 24 44 11 33 23 41 32 11 14 13 22 11 14 44 11 44 22 44 41 41
0 22 22 31 44 33 13 11 23 44 22 44 13 33 23 41 33 41 11 13 22 11 14 11 44 44 42 22 44 41
0 22 32 33 41 11 33 11 33 44 24 41 13 32 23 41 32 11 11 13 23 14 14 11 41 41 42 42 41 44
0 22 32 11 44 33 13 33 33 44 22 44 11 33 22 41 33 44 11 11 22 14 11 11 44 44 44 44 44 41
0 22 33 31 44 33 11 33 22 44 22 44 11 33 22 41 33 44 11 11 22 11 14 14 44 44 44 44 44 44
0 22 22 33 41 33 33 33 23 41 24 41 11 33 23 41 22 41 11 33 23 11 14 11 41 41 44 44 11 11
0 22 33 11 44 33 13 31 33 41 22 44 13 33 23 41 22 44 14 33 22 14 11 11 44 41 42 44 41 41
0 23 33 31 44 31 13 31 23 41 22 44 13 22 33 41 33 41 14 13 23 14 14 14 41 41 42 42 11 44
0 23 33 31 44 31 13 31 23 44 22 41 33 32 23 41 32 44 11 33 23 11 11 14 41 41 42 44 11 41
0 22 33 11 41 31 13 31 22 41 22 41 11 33 22 41 32 44 14 11 22 44 11 14 41 41 44 42 44 41
0 33 33 31 44 31 13 31 23 41 44 11 13 32 23 41 32 41 11 13 23 14 14 14 41 44 22 42 41 41
0 22 33 11 44 33 13 33 23 44 22 44 11 22 23 44 32 44 11 11 22 44 14 11 44 44 44 44 44 41
0 22 33 33 44 33 11 31 23 41 22 41 11 33 33 11 33 44 11 11 22 11 11 11 44 44 44 44 44 44
0 23 33 33 41 31 33 11 22 44 22 44 13 33 23 11 33 41 14 13 22 44 11 14 44 41 42 44 11 44
0 22 32 33 44 33 13 31 23 44 24 44 11 33 23 41 32 44 11 13 22 14 11 14 11 44 42 22 44 41
0 22 33 33 44 33 11 33 22 44 44 44 11 33 23 44 22 41 11 11 22 14 11 11 44 44 42 44 44 44
0 22 33 31 41 31 11 33 22 44 24 44 11 33 22 41 22 44 11 13 23 14 14 11 44 44 44 44 41 44
0 23 32 33 44 31 11 31 23 44 22 44 11 33 23 41 32 41 14 13 23 11 11 14 44 44 42 44 41 44
0 22 33 31 44 33 33 31 23 44 22 41 13 32 23 11 33 41 14 13 33 14 11 11 41 44 44 42 11 41
0 23 33 33 41 33 13 33 33 44 24 41 13 33 23 44 22 41 11 11 23 14 14 14 41 41 42 42 41 41
0 22 32 31 44 33 13 33 23 44 22 41 33 32 23 44 33 41 11 13 23 44 14 14 11 41 42 44 44 41
0 22 32 11 44 33 33 31 23 41 22 41 11 33 22 44 33 44 11 11 23 14 14 14 41 41 44 42 44 11
0 23 22 31 41 31 13 31 33 11 22 44 33 22 23 11 32 41 14 11 23 44 44 11 11 11 42 22 41 44
0 22 32 31 44 33 33 11 22 44 22 44 11 33 33 41 32 41 11 11 23 11 11 14 44 44 22 42 41 44
0 23 32 11 44 31 33 33 23 41 24 44 11 33 23 41 33 41 14 13 23 44 14 11 41 11 42 44 44 41
0 23 33 33 44 31 13 31 22 41 22 44 13 22 22 11 32 44 14 13 33 14 11 14 44 41 42 44 41 44
0 22 32 33 44 33 11 31 22 41 22 44 13 32 23 41 33 41 11 11 22 14 11 11 11 44 42 42 44 44
0 23 22 31 44 31 33 11 33 41 24 41 13 33 23 11 22 11 14 33 23 14 44 11 44 41 42 22 41 41
0 23 33 31 44 31 13 31 23 44 22 44 13 32 23 41 22 11 11 13 23 14 11 11 44 11 44 44 41 41
0 22 32 31 44 33 13 31 23 44 24 44 13 32 33 44 32 44 14 11 23 14 11 14 44 41 42 42 44 11
0 23 33 11 44 33 11 33 23 44 44 11 33 33 23 44 32 44 11 11 22 11 14 14 44 11 42 44 41 44
0 23 32 11 44 33 11 33 23 44 24 41 11 32 23 41 22 44 11 11 22 11 14 14 41 41 22 42 41 41
0 22 33 33 44 33 11 31 23 44 24 44 11 33 22 44 22 44 11 11 23 11 14 11 11 41 44 44 41 41
0 22 32 33 41 31 11 11 23 44 22 44 13 33 23 41 22 44 11 13 22 14 14 14 11 41 44 44 11 44
0 22 32 31 41 31 11 31 33 41 22 44 11 33 22 44 32 44 14 13 22 11 44 14 41 44 42 44 41 41
0 22 32 33 41 33 11 11 23 44 22 44 11 33 22 44 32 44 11 13 22 14 11 11 44 44 44 44 44 41
0 23 33 31 41 31 11 31 22 41 24 44 11 32 23 41 32 41 11 13 23 14 11 14 41 11 22 44 44 41
0 22 32 33 44 33 11 31 22 44 22 41 13 33 23 41 33 44 11 11 22 14 11 11 44 41 44 44 44 44
0 23 33 33 44 33 13 31 22 41 22 44 13 33 22 44 32 11 11 13 22 11 11 11 41 44 44 42 44 41
0 22 33 33 44 33 11 33 22 44 22 41 11 32 23 44 32 44 11 11 22 11 11 11 44 44 44 44 44 44
0 22 33 31 44 33 33 31 23 44 24 41 11 33 23 44 32 41 11 13 22 14 11 14 44 44 44 44 41 44
0 23 22 11 44 31 13 11 23 44 24 11 33 32 23 41 32 44 11 13 23 14 11 11 11 44 44 42 44 41
0 23 32 31 44 33 13 33 22 44 24 44 13 33 23 41 32 41 11 13 23 11 14 14 44 41 44 44 44 41
0 22 32 11 44 33 13 33 23 44 22 44 11 32 33 11 32 44 11 11 22 11 11 11 41 44 44 42 44 41
0 23 33 33 44 33 13 31 23 44 22 41 13 32 23 41 32 41 11 13 22 14 14 14 41 41 44 44 44 41
0 22 32 31 44 33 11 31 23 44 22 44 11 32 22 41 32 41 14 13 23 44 11 11 41 44 22 44 41 44
0 22 32 31 44 33 33 31 33 44 22 44 13 33 33 44 33 41 11 11 22 11 14 11 44 41 44 44 44 11
0 23 33 11 41 33 33 31 23 41 22 44 13 32 23 41 32 44 11 33 33 11 11 14 11 41 42 44 44 44
0 23 33 33 44 31 33 31 23 44 24 44 11 33 23 41 22 44 11 13 22 14 14 11 41 44 42 42 44 44
0 22 33 33 44 33 13 11 23 44 24 44 13 33 33 44 22 41 11 11 23 11 14 14 44 44 42 44 11 41
0 23 32 31 44 31 13 31 33 41 24 41 11 33 23 44 33 44 11 13 23 14 11 11 41 44 42 44 44 11
0 22 32 33 44 31 13 31 22 44 24 41 11 32 23 44 33 41 14 11 23 14 14 11 44 41 42 44 11 44
0 33 33 11 44 31 13 31 22 44 24 41 33 32 23 44 33 41 14 11 22 11 44 11 41 44 22 44 41 11
0 22 33 31 44 33 33 31 22 44 22 44 11 32 22 44 32 44 11 11 22 11 11 11 44 44 42 44 41 44
0 22 32 11 41 33 33 31 23 41 44 41 13 22 33 11 32 41 11 33 22 44 11 14 41 11 42 42 41 41
0 23 32 31 41 33 33 31 23 44 24 41 13 32 22 11 22 11 11 13 23 44 14 44 41 11 22 44 44 44
0 22 33 31 44 31 33 33 22 41 22 11 11 33 23 41 22 44 11 11 22 11 11 14 44 44 44 44 41 41
0 22 33 33 41 33 11 31 33 41 22 44 13 33 23 11 32 41 11 11 22 44 14 11 44 41 42 44 44 44
0 22 32 31 44 31 11 33 22 44 24 44 13 33 22 44 33 44 11 13 23 14 14 11 44 44 42 44 41 44
0 22 33 33 44 33 13 33 33 44 22 44 11 33 23 41 32 41 11 11 22 14 11 14 41 44 44 44 44 44
0 23 33 31 44 33 33 33 22 41 22 41 13 33 23 41 32 41 14 11 33 14 11 11 44 41 42 44 44 41
0 23 32 31 41 33 13 31 23 44 22 44 11 33 23 44 32 41 11 13 33 14 44 14 11 41 44 44 11 11
0 22 33 31 44 31 13 33 23 44 24 41 11 33 23 41 32 41 11 13 22 14 11 11 41 41 44 44 41 41
0 23 33 33 44 33 11 33 23 44 22 44 11 33 23 44 32 44 11 13 23 11 11 11 44 44 44 44 41 44
0 23 32 31 44 11 13 31 33 41 44 41 13 32 33 11 32 41 14 13 23 14 44 11 41 11 42 42 41 41
0 22 22 31 41 33 13 31 22 41 22 41 13 33 23 41 32 41 14 13 23 14 11 11 41 41 42 42 41 41
0 23 32 33 44 33 11 33 33 44 22 44 11 33 23 44 33 41 14 13 22 14 14 11 44 41 44 44 41 41
0 22 33 33 44 33 11 33 23 44 22 41 11 33 22 44 33 41 11 11 22 44 11 11 41 44 44 44 41 41
0 22 32 33 41 31 33 33 22 44 22 41 11 22 23 41 32 11 11 11 22 14 11 11 41 44 42 44 44 41
0 33 33 31 41 33 33 31 33 44 22 41 11 32 22 11 33 44 11 11 22 11 11 11 44 41 44 44 41 44
0 23 33 31 41 33 11 31 22 44 24 44 33 33 23 44 32 44 11 13 22 14 11 11 44 44 44 44 44 44
0 22 32 33 44 33 11 33 23 44 22 41 11 33 23 44 32 41 11 11 22 11 11 11 41 41 44 44 44 41
0 23 32 31 44 11 13 33 23 44 22 44 11 32 33 41 33 41 11 11 23 14 11 14 11 11 42 42 11 41
0 23 33 31 41 31 33 31 22 11 24 11 33 33 23 41 32 44 11 11 22 14 14 14 11 44 44 44 44 11
0 22 33 31 44 31 11 31 33 44 22 41 11 32 23 41 22 41 14 11 22 11 11 44 11 44 42 44 44 44
0 22 33 31 44 33 33 33 23 44 22 41 11 33 33 41 33 41 11 11 22 14 14 11 44 44 44 42 44 41
0 23 33 33 41 33 13 33 23 44 24 41 13 32 23 44 22 41 11 13 23 44 11 14 41 41 42 42 44 44
0 23 33 31 41 31 13 33 23 44 24 41 13 33 23 11 22 41 14 11 22 14 14 11 41 44 42 44 41 41
0 23 33 33 44 31 13 11 23 44 22 41 11 22 22 41 32 44 14 11 23 14 14 14 41 41 44 44 41 41
0 33 32 31 41 31 13 31 33 44 24 41 33 32 23 41 32 41 11 11 23 44 44 11 44 41 42 44 41 11
0 23 32 11 11 33 13 31 23 41 24 44 13 32 33 11 32 41 11 33 22 14 14 11 11 11 44 44 44 41
0 23 33 33 41 33 13 33 23 44 22 41 13 32 23 44 33 44 14 13 23 14 11 44 44 41 44 44 44 41
0 22 33 33 44 33 13 33 22 44 22 44 11 33 22 41 32 44 14 11 22 14 14 11 44 44 44 44 44 44
0 23 33 31 44 33 13 31 33 44 22 41 13 33 22 44 32 41 11 11 23 44 11 11 11 44 44 44 44 44
0 22 22 31 44 31 11 31 22 41 22 44 11 33 23 41 22 44 14 13 22 44 44 11 44 41 42 44 44 11
0 23 32 31 44 33 11 33 22 44 22 44 13 32 22 41 32 41 11 11 22 14 11 11 41 44 44 44 11 44
0 23 32 31 41 11 13 31 33 44 24 41 13 32 33 41 22 41 11 13 23 11 14 11 11 41 22 42 44 41
0 22 32 11 41 31 33 11 22 41 22 41 11 22 23 41 22 11 14 11 22 14 44 14 11 41 44 44 41 11
0 23 33 31 41 33 13 11 22 44 24 44 11 33 23 41 32 44 11 11 22 14 14 11 41 44 22 42 41 41
0 22 33 31 44 33 33 33 22 41 24 41 13 33 23 11 33 41 11 13 23 14 14 14 41 41 44 44 41 41
0 23 33 31 44 31 13 11 22 41 22 41 13 33 23 44 33 44 11 13 23 14 11 11 44 41 42 44 44 41
0 22 33 31 44 33 33 33 23 44 22 41 13 33 23 44 33 44 11 11 22 14 11 11 44 44 44 44 41 44
0 23 33 31 41 31 13 31 23 41 44 44 11 32 23 11 22 44 11 13 22 14 44 44 41 41 42 42 41 44
0 22 32 33 44 33 33 33 23 44 22 41 13 33 23 41 33 44 14 11 23 11 11 14 44 41 42 44 44 11
0 23 22 31 44 33 33 31 22 41 22 41 11 32 23 11 22 41 11 13 23 14 14 11 11 41 42 42 11 41
0 23 32 31 44 33 13 33 23 44 22 44 13 32 23 44 32 41 14 13 23 11 44 11 41 41 22 44 41 11
0 23 33 31 44 11 13 33 23 11 24 41 13 33 23 41 32 41 11 11 23 11 14 14 41 41 22 44 41 44
0 23 32 31 44 31 13 11 33 41 24 11 13 33 33 41 32 11 14 13 23 11 14 11 11 41 42 44 41 11
0 22 22 11 44 33 13 11 33 44 44 41 13 32 22 41 22 41 11 13 23 44 44 11 11 41 42 44 11 41
0 23 32 31 44 31 13 31 33 44 24 41 11 32 23 44 33 44 11 11 23 14 14 14 44 41 42 44 41 44
0 22 32 31 41 33 13 31 22 11 44 41 13 33 22 41 22 41 14 13 33 11 14 14 41 41 22 44 41 41
0 33 32 31 44 33 13 31 22 44 24 44 11 33 22 11 32 44 14 33 22 11 14 44 44 41 42 44 11 11
0 22 33 31 44 31 33 31 23 41 24 11 11 32 33 41 22 41 14 13 23 44 14 14 44 41 42 44 41 11
0 23 33 11 41 33 33 31 23 44 24 11 33 32 33 11 22 41 14 13 23 44 44 14 44 11 42 42 41 41
0 23 33 11 41 33 13 33 23 44 22 41 11 33 22 44 32 44 11 11 23 14 14 14 41 44 42 42 44 44
0 23 32 11 44 33 11 31 22 44 22 11 13 32 22 11 22 44 11 13 23 14 14 44 41 44 44 44 11 41
0 22 32 33 44 31 13 33 33 44 44 11 11 33 23 11 32 44 11 13 22 44 14 14 41 44 44 44 41 41
0 22 33 33 44 31 13 33 23 44 22 44 11 33 23 41 32 44 11 13 22 14 11 11 44 41 42 44 41 41
0 22 33 31 44 31 13 31 22 41 22 44 11 32 23 41 22 41 11 11 23 14 11 11 41 41 44 44 44 44
0 23 33 11 11 11 33 11 33 44 22 44 13 32 23 11 22 11 14 13 33 44 14 44 11 41 42 42 11 11
0 22 32 31 44 33 13 31 23 44 24 44 13 33 33 41 32 44 11 13 22 11 14 14 44 11 42 44 41 41
0 23 33 33 44 33 11 33 22 41 24 44 13 33 23 41 22 44 11 11 22 11 11 11 44 44 44 44 41 11
0 22 33 31 44 33 11 33 22 44 22 44 11 33 22 44 33 44 11 11 22 44 11 11 44 44 44 44 44 44
0 23 33 31 44 31 13 31 23 41 24 41 11 32 23 41 32 41 11 11 22 14 11 14 44 44 42 42 41 11
0 22 33 31 44 33 13 33 23 44 22 44 13 32 23 41 22 41 14 13 22 14 11 11 44 41 44 44 44 41
0 22 32 11 44 31 33 33 23 44 22 41 11 33 23 41 32 41 44 13 22 14 11 11 44 41 42 42 41 44
0 23 33 31 44 33 11 11 22 41 22 41 11 32 23 41 22 44 11 13 22 14 44 14 11 41 44 44 11 41
0 23 32 31 44 31 13 33 22 44 24 44 11 32 23 41 32 41 14 11 23 14 11 14 41 41 42 42 44 41
0 22 32 11 44 33 33 31 23 41 22 44 33 33 33 11 32 44 11 13 22 44 14 14 41 41 22 44 11 11
0 22 32 31 44 31 11 33 22 44 22 41 13 22 33 41 33 11 14 13 23 14 11 14 41 41 42 22 44 44
0 22 32 33 44 33 13 33 23 44 24 41 11 33 23 41 32 41 14 11 23 14 44 11 11 41 42 44 41 41
0 22 33 11 44 31 13 33 33 41 44 41 13 33 33 44 32 41 11 33 22 11 11 11 41 44 44 22 44 11
0 23 32 33 44 31 33 31 23 41 24 41 13 33 33 11 32 41 14 11 23 14 44 11 44 44 42 44 41 41
0 22 33 31 44 31 11 33 22 44 22 41 13 33 23 44 32 11 14 11 22 14 11 11 11 41 42 44 41 41
0 23 32 31 44 31 33 31 23 44 44 41 33 33 23 44 33 44 14 13 22 44 11 14 11 11 42 44 41 11
0 22 33 31 44 33 33 31 22 44 22 44 11 33 23 44 32 11 11 13 22 14 11 11 44 41 42 44 41 44
0 22 33 33 44 33 11 33 23 44 22 41 11 33 22 44 32 41 11 11 22 44 14 14 41 41 22 44 11 11
0 22 33 33 44 31 33 33 22 44 24 41 11 33 22 41 32 41 11 13 22 11 14 11 44 44 42 44 44 41
0 22 33 33 44 33 11 33 22 44 22 44 11 33 22 44 32 44 11 11 23 44 11 11 44 44 44 44 44 44
0 22 32 33 41 33 13 31 22 44 24 44 11 33 22 44 33 41 11 13 23 11 11 11 44 44 44 44 41 41
0 22 33 33 41 33 11 33 23 41 22 41 11 33 23 41 33 41 11 11 22 14 14 11 44 41 42 42 11 41
0 22 32 11 41 33 13 11 23 44 22 41 33 22 23 11 22 41 14 33 22 14 14 14 41 11 42 42 41 41
0 23 33 11 44 33 13 33 22 44 22 44 11 32 22 41 33 41 11 13 22 14 11 11 41 44 42 44 44 44
0 23 32 11 44 33 13 31 23 44 24 41 13 32 22 11 22 11 11 11 22 14 14 11 41 44 44 42 44 41
0 23 33 31 44 33 13 31 22 44 24 41 11 33 23 44 32 41 11 13 22 14 11 14 41 41 42 44 41 41
0 22 33 31 44 33 11 33 22 44 22 44 13 33 22 11 32 44 14 11 22 14 14 11 44 41 44 44 44 44
0 22 33 33 44 33 11 31 22 44 22 44 11 33 23 41 33 44 11 11 22 11 11 11 44 41 42 44 44 41
0 22 32 31 44 31 11 31 33 44 22 11 13 32 23 11 22 11 14 33 23 14 44 14 41 44 22 22 41 41
0 22 32 33 41 31 13 11 22 44 24 44 11 33 23 11 22 41 11 11 22 14 11 11 41 44 42 42 44 41
0 22 33 31 44 33 13 33 22 44 22 11 11 33 22 44 33 44 11 11 22 14 11 11 44 11 44 44 41 44
0 22 32 11 41 33 13 11 23 44 24 11 13 33 23 44 22 41 14 13 33 44 44 11 41 41 42 42 41 41
0 22 32 11 44 31 11 33 22 44 24 41 13 33 22 44 33 44 11 33 22 11 11 11 41 41 44 44 44 11
0 22 33 11 41 11 33 33 23 44 24 41 13 22 23 11 33 41 11 13 22 44 44 44 44 41 42 22 41 44
0 22 32 31 44 33 13 33 22 44 22 44 11 33 22 41 22 44 11 11 22 11 11 14 41 44 42 44 41 44
0 22 33 33 44 31 33 31 23 44 24 41 13 32 23 41 22 11 11 11 22 11 44 14 44 41 22 42 44 41
0 22 32 31 41 33 13 11 22 41 24 41 33 32 33 11 32 41 14 11 23 44 14 14 44 44 42 42 41 11
0 23 33 31 44 31 13 31 23 41 24 44 13 33 23 11 22 44 14 11 23 11 14 44 44 11 42 44 44 41
0 22 33 31 41 33 13 31 23 44 22 41 13 33 23 44 32 41 11 11 22 14 11 11 41 41 22 44 44 41
0 22 33 33 11 33 13 33 33 44 24 44 13 32 23 41 32 41 14 11 22 14 11 14 41 41 42 44 41 41
0 23 32 11 44 33 13 11 23 44 24 44 13 32 23 44 33 41 14 11 23 14 14 14 11 41 42 42 44 44
0 22 32 31 44 33 13 31 23 44 24 44 11 33 22 44 22 11 11 11 22 44 14 14 44 44 42 44 41 41
0 22 33 33 44 33 11 33 22 44 22 44 11 33 22 44 32 44 14 11 22 14 14 14 44 41 44 44 41 44
0 22 33 31 44 33 13 33 23 44 22 44 13 22 23 44 32 44 11 13 23 44 14 11 11 44 42 44 44 41
0 23 22 31 44 33 13 33 22 41 22 44 13 33 33 44 32 41 11 11 23 11 11 11 41 11 44 44 41 41
0 23 33 11 44 33 13 33 23 41 24 44 13 32 23 44 33 44 11 13 22 11 11 14 41 41 44 42 41 41
0 23 33 11 44 33 11 33 22 44 24 41 13 32 33 44 22 11 11 11 23 14 11 11 11 41 44 44 44 44
0 22 33 31 44 33 33 33 23 41 22 41 11 32 33 41 32 41 14 13 22 14 14 11 41 44 42 44 41 41
0 22 32 33 44 31 13 31 23 44 22 41 11 33 23 41 32 44 14 11 22 11 14 44 44 44 42 42 44 41
0 23 33 31 44 33 11 31 22 41 22 44 11 32 23 44 32 44 11 13 22 11 11 11 41 44 44 44 41 41
0 22 32 33 41 31 11 33 22 44 44 44 13 32 33 44 32 41 11 11 23 14 11 11 44 44 44 42 44 41
0 22 33 31 44 33 13 33 23 44 22 11 33 33 23 44 33 44 11 11 23 11 11 11 44 44 44 44 44 44
0 22 32 11 44 11 33 31 33 44 24 11 13 33 33 41 32 11 11 11 33 14 44 14 44 44 22 44 44 44
0 22 32 31 44 33 13 31 33 44 24 41 13 33 33 44 32 41 14 11 23 44 11 11 44 44 42 44 44 44
0 23 33 33 41 33 33 33 33 44 22 41 11 32 23 41 22 41 11 33 23 11 14 11 41 11 42 44 41 41
0 23 33 31 44 33 13 31 22 44 22 44 11 33 23 44 33 41 11 11 22 11 11 14 44 44 44 42 44 41
0 23 33 31 41 33 13 31 23 41 24 11 11 33 22 11 22 44 14 13 23 14 14 14 41 44 42 44 41 41
1 23 33 33 44 33 11 31 23 41 22 44 11 32 22 44 32 44 14 11 22 44 14 14 44 44 44 44 41 44
1 22 32 33 44 31 11 31 22 44 22 41 11 33 23 44 32 44 11 13 23 14 14 14 41 41 42 42 44 41
1 23 32 11 44 33 13 33 22 44 44 44 11 33 23 44 32 41 11 11 23 11 11 11 41 41 44 44 11 44
1 22 33 33 44 33 13 31 22 44 22 41 11 33 22 44 32 44 11 11 22 11 11 11 41 44 42 42 44 41
1 23 33 31 41 33 13 31 23 44 24 44 13 33 23 41 22 11 14 13 22 44 11 11 41 11 44 44 44 11
1 22 33 33 44 31 11 31 33 44 22 44 11 33 23 44 32 41 11 13 22 11 14 14 44 41 42 44 44 41
1 23 32 33 44 31 13 31 23 44 22 44 33 32 23 11 32 11 14 13 23 11 14 11 11 41 42 44 41 41
1 22 32 31 41 11 11 31 23 41 22 41 13 33 23 41 33 41 11 11 22 11 14 11 41 44 44 44 11 11
1 23 33 11 44 33 33 33 23 44 24 44 33 33 23 41 33 41 14 11 22 14 11 11 41 11 42 44 11 44
1 22 22 11 44 31 33 31 23 41 24 41 13 33 22 44 22 44 14 11 22 14 11 14 11 44 22 44 41 11
1 22 33 31 44 33 13 31 22 44 22 41 13 33 33 44 32 44 11 11 22 44 11 14 44 41 42 42 44 41
1 22 33 31 44 33 13 33 22 44 22 44 11 33 23 44 33 41 11 11 23 11 11 11 44 44 44 42 44 44
1 33 33 11 11 11 33 11 33 11 24 41 13 32 33 41 32 11 44 13 33 44 14 14 41 41 22 44 44 41
1 22 33 31 44 33 13 31 22 44 22 44 11 33 22 44 32 44 11 13 22 14 44 11 44 44 44 44 41 44
1 22 33 33 44 31 13 33 22 44 22 44 11 33 22 44 33 41 14 33 23 11 11 11 44 44 44 44 44 41
1 22 32 11 44 31 33 31 22 44 22 41 11 32 33 41 22 11 11 11 33 14 11 11 44 44 22 44 44 41
1 23 22 31 44 31 33 11 23 44 24 44 11 32 22 11 32 11 14 13 23 44 44 44 11 41 44 42 41 11
1 22 33 33 41 33 13 33 22 44 22 41 13 33 23 44 22 41 11 33 22 44 14 11 41 44 42 44 41 44
1 22 32 33 41 33 33 31 23 44 22 44 11 33 33 41 33 41 14 11 23 14 44 11 41 41 22 42 11 41
1 22 32 33 41 33 33 31 33 41 22 41 13 32 23 41 32 41 11 13 22 11 14 11 41 41 42 42 41 11
1 22 32 11 41 33 13 31 23 44 24 44 11 33 33 11 22 41 14 13 23 11 14 14 11 41 42 42 41 41
1 22 32 31 41 33 13 31 23 44 22 44 11 33 23 11 32 44 11 13 22 11 14 11 44 41 42 44 41 11
1 22 22 11 44 33 13 11 33 44 22 11 11 32 23 11 32 41 11 13 23 14 14 14 41 44 22 42 41 41
1 23 33 33 44 33 13 31 23 44 24 41 13 33 22 41 22 41 14 11 22 14 14 11 41 41 22 42 41 41
1 22 33 31 44 33 13 11 22 41 22 44 11 33 23 44 32 44 14 13 23 11 11 14 44 44 44 42 44 41
1 22 33 31 41 33 33 31 23 44 24 44 13 33 22 11 22 44 14 11 22 14 11 14 44 41 42 44 44 41
1 22 33 31 41 31 13 33 23 44 24 44 13 32 33 44 32 41 11 13 23 14 14 11 44 41 44 42 41 41
1 22 32 33 11 33 13 33 23 44 24 44 11 33 23 11 32 41 14 11 22 11 11 14 41 41 42 44 44 44
1 22 33 31 44 33 11 31 22 44 22 44 13 32 22 41 33 44 11 11 22 14 14 14 44 44 42 44 44 44
1 23 33 31 41 31 33 31 23 44 24 11 11 32 33 11 22 41 14 13 33 14 14 44 11 41 44 44 41 44
1 23 33 31 44 31 13 31 23 44 22 41 13 33 23 41 22 41 14 13 23 14 11 11 44 41 42 44 41 44
1 22 33 33 44 31 33 31 23 44 22 44 11 32 23 41 33 41 11 11 22 11 14 11 44 44 44 44 44 44
1 22 33 31 44 31 11 33 23 44 24 41 33 33 23 41 32 41 11 13 22 11 11 14 44 44 44 42 44 44
1 22 33 31 44 33 13 33 22 41 22 44 13 33 23 41 32 44 11 11 22 14 11 11 11 44 44 42 44 44
1 23 32 11 44 33 13 33 22 41 22 41 11 33 33 41 32 11 11 11 33 14 14 14 44 44 42 44 41 41
1 22 33 33 44 33 13 33 22 44 22 44 11 33 23 41 32 11 11 13 23 14 14 11 41 41 42 44 44 41
1 22 33 31 44 33 13 31 23 44 24 44 11 33 22 41 32 41 11 11 23 44 14 14 44 41 42 44 44 44
1 22 33 31 44 31 33 31 23 41 22 44 13 33 33 41 32 41 11 13 23 11 11 14 41 41 42 44 44 41
1 23 33 31 44 31 13 11 23 41 22 41 11 33 23 44 33 41 11 11 23 11 14 44 44 44 22 42 41 41
1 23 33 11 44 33 11 31 23 44 24 44 13 33 33 41 32 11 11 11 33 14 14 44 41 41 22 44 11 41
1 23 33 33 44 31 13 31 23 44 24 41 11 32 23 41 32 41 14 33 23 14 11 44 41 41 22 44 41 44
1 22 33 33 44 31 33 31 22 41 24 44 33 33 33 41 33 41 11 13 23 11 11 11 44 44 44 44 41 44
1 22 33 11 44 33 11 33 33 44 24 44 11 33 33 11 33 11 14 11 22 14 14 14 41 41 44 42 41 41
1 23 33 11 44 31 13 11 33 41 22 11 33 22 23 44 22 41 14 33 33 14 14 14 41 11 42 22 41 11
1 23 32 31 44 33 13 33 22 44 22 44 11 33 22 44 33 41 14 11 33 11 11 14 11 41 42 44 44 41
1 22 33 33 44 33 13 31 23 44 22 41 13 33 23 41 32 41 11 11 23 14 14 11 41 41 44 44 41 44
1 23 32 11 44 11 33 31 33 41 44 11 33 22 33 11 22 44 44 11 33 44 14 44 44 41 42 44 41 11
1 22 33 31 41 33 33 31 23 44 22 11 33 32 23 11 33 44 11 13 23 14 14 11 41 41 42 44 41 41
1 22 32 33 44 31 33 11 33 44 44 41 11 32 33 11 22 41 14 13 23 44 14 14 41 11 42 42 41 41
1 22 22 11 41 33 13 31 33 44 24 41 11 33 22 41 22 11 14 13 33 14 14 14 11 44 42 42 11 41
1 23 33 11 44 31 33 33 22 44 24 11 11 33 23 41 22 11 11 11 23 14 14 11 11 41 42 44 41 11
1 33 33 11 44 31 13 11 22 44 24 11 11 33 23 11 33 41 11 13 22 14 14 44 41 41 42 44 41 44
1 22 33 31 44 33 13 33 23 44 24 41 11 33 23 11 22 41 14 11 23 44 14 14 11 41 44 44 44 11
1 22 33 31 44 31 11 33 23 44 22 44 11 32 33 41 32 44 14 13 22 14 11 14 44 44 44 44 44 44
1 22 32 31 44 33 13 33 23 44 22 44 11 32 23 41 22 44 11 11 22 44 11 11 11 41 42 42 41 44
1 22 33 31 44 33 11 31 22 41 24 41 11 33 23 11 22 41 14 11 22 11 11 11 44 44 42 44 41 44
1 22 32 33 44 33 11 33 22 44 22 44 13 32 23 41 32 11 11 33 23 14 11 14 41 44 44 42 41 41
1 22 33 33 44 33 11 33 22 44 22 44 13 33 22 41 33 41 11 11 22 11 11 14 44 44 44 44 44 44
1 22 32 31 41 31 13 33 22 44 22 44 11 32 22 41 32 44 14 13 22 14 14 11 41 41 44 42 44 41
1 23 22 31 44 31 13 31 23 41 44 41 33 32 23 41 22 41 11 13 23 11 14 11 44 41 44 42 41 41
1 22 33 33 44 33 33 31 33 44 22 41 13 33 23 41 33 41 14 33 23 11 44 11 44 41 42 44 44 41
1 23 32 11 44 33 11 31 23 44 24 44 13 33 22 44 33 11 11 11 33 44 14 11 41 41 42 44 41 41
1 22 32 31 11 33 13 31 23 41 24 41 11 32 33 41 32 41 11 13 22 11 14 14 11 41 22 22 11 41
1 22 33 33 44 33 11 31 23 44 24 41 11 33 22 44 32 44 11 11 22 11 11 11 41 44 44 44 44 41
1 23 33 31 44 31 33 31 22 44 22 44 13 33 23 11 22 41 11 13 23 14 14 11 11 41 44 42 11 44
1 23 32 11 44 33 13 31 33 44 22 44 13 33 33 41 32 41 11 11 33 44 14 14 41 41 42 44 44 44
1 22 33 31 44 33 13 33 22 44 22 44 11 33 23 41 33 44 11 11 22 11 11 11 41 44 44 44 44 41
1 22 33 31 44 31 33 33 23 41 24 41 11 32 33 44 32 41 14 13 33 14 44 11 41 41 42 42 41 41
1 23 32 11 44 33 33 31 23 44 24 11 11 32 23 44 33 44 11 11 22 44 14 11 44 44 44 44 41 44
1 22 33 33 44 31 13 31 22 44 22 41 13 32 22 44 32 44 14 13 22 11 11 11 11 44 44 44 41 41
1 22 33 31 41 33 33 31 33 44 22 41 11 33 22 41 32 41 14 13 22 14 11 11 44 41 44 42 41 44
1 23 33 11 44 33 33 33 22 41 22 44 13 33 23 41 33 41 11 33 22 44 11 44 41 41 44 44 41 44
1 22 33 11 41 33 13 33 33 44 22 44 11 33 22 41 22 41 11 13 22 14 14 44 41 44 44 44 41 44
1 23 32 11 41 31 33 31 33 41 22 41 33 33 23 41 33 11 14 13 23 14 11 14 41 41 22 44 41 41
1 22 33 33 44 33 13 31 22 44 24 44 13 33 23 44 32 41 14 13 22 44 14 44 41 41 44 22 41 44
1 22 32 31 11 33 11 11 23 41 22 44 13 33 33 41 32 11 44 13 23 14 44 11 41 41 22 44 41 41
1 22 33 33 41 33 11 33 22 41 24 44 13 33 22 41 32 41 11 11 22 14 14 11 11 44 42 44 41 41
1 23 32 31 44 31 13 33 33 11 22 41 11 33 33 41 32 44 11 13 22 14 11 14 41 44 44 42 11 41
1 22 32 31 41 33 33 31 23 41 22 44 11 33 33 44 32 44 11 13 22 44 14 11 44 44 42 44 44 44
1 22 22 31 44 33 13 33 23 44 24 11 11 33 23 44 32 41 11 11 22 14 14 14 44 44 44 42 44 41
1 22 33 31 44 33 11 33 22 44 22 44 11 33 23 44 32 41 11 11 22 11 14 11 41 44 42 44 44 44
1 22 32 31 41 33 13 31 22 44 22 11 11 33 22 41 32 41 11 11 22 14 11 11 44 41 44 44 44 44
1 22 33 31 44 33 13 31 33 44 24 44 13 33 23 44 33 11 14 13 22 11 11 14 44 41 44 44 44 41
1 22 33 33 44 33 11 33 22 44 22 41 11 32 23 41 22 44 11 11 22 11 14 14 44 44 44 44 41 44
1 22 32 33 41 31 13 31 23 44 24 11 11 33 22 11 32 44 11 11 33 14 11 14 41 41 42 44 11 11
1 22 32 31 44 33 13 33 22 44 24 44 13 33 23 44 33 44 11 11 23 11 11 14 44 11 44 44 44 44
1 22 32 31 44 31 13 31 23 44 22 44 13 33 23 41 32 41 11 11 23 14 11 14 44 44 42 44 41 44
1 22 33 33 44 33 11 33 22 44 22 44 11 32 23 11 32 11 11 13 22 44 14 11 44 41 22 44 44 11
1 23 32 31 44 31 13 31 33 44 24 41 11 22 22 44 22 44 11 11 22 14 11 11 41 41 22 44 41 44
1 22 32 11 44 33 13 31 23 44 22 41 11 32 23 44 22 11 14 13 33 14 11 44 41 41 42 42 11 41
1 22 32 33 41 11 11 33 33 44 24 41 11 33 23 44 32 44 11 13 22 14 14 11 41 44 44 44 44 41
1 23 33 11 44 33 13 31 23 41 22 44 13 32 22 41 32 41 14 13 23 44 14 11 41 44 42 44 41 41
1 23 32 31 44 33 13 31 33 44 24 41 33 32 22 11 32 41 14 11 23 44 11 14 41 41 22 42 41 44
1 23 22 31 41 31 33 33 23 11 24 41 13 33 23 11 33 41 14 11 23 44 11 14 41 11 42 44 44 41
1 22 33 31 41 33 11 31 23 44 22 41 11 32 23 11 33 44 11 11 22 11 11 11 44 41 44 44 41 44
1 22 22 11 44 33 13 11 23 44 22 44 11 33 23 41 22 41 11 33 23 14 11 11 41 41 42 44 44 44
1 23 22 31 44 31 33 31 33 41 22 41 33 32 33 41 22 41 11 13 22 14 11 14 41 44 42 44 41 44
1 22 32 31 44 33 13 31 23 44 24 11 11 33 33 44 22 44 11 13 22 14 11 14 44 44 44 42 44 44
1 22 33 33 44 33 11 33 23 44 22 44 13 33 22 41 32 44 11 11 22 14 11 14 44 44 44 44 44 44
1 23 33 33 44 33 11 31 23 41 44 41 33 22 33 11 32 11 14 11 23 44 11 44 41 41 42 42 44 41
1 22 32 31 44 31 11 33 23 44 24 44 11 33 22 44 32 44 11 11 22 14 11 11 41 44 44 44 44 44
1 22 33 31 44 33 13 31 22 44 24 44 11 32 22 41 33 41 14 11 22 11 11 11 41 44 44 44 41 44
1 22 33 11 44 31 11 31 33 44 44 44 33 33 33 41 32 41 11 13 23 14 44 14 41 41 42 44 41 11
1 22 33 31 41 33 13 31 23 41 24 41 11 33 33 41 32 41 11 13 23 14 14 14 41 44 44 42 41 44
1 22 32 31 44 33 13 33 22 41 22 41 11 32 33 41 22 44 11 11 22 14 44 11 44 44 44 44 41 44
1 22 32 33 41 31 33 33 33 41 24 44 13 22 23 41 33 41 44 13 23 14 14 11 44 41 42 42 41 41
1 23 32 11 44 31 13 31 33 44 44 41 11 32 33 44 22 41 11 33 23 14 44 44 41 11 22 22 11 41
1 22 33 33 44 33 13 11 33 44 22 44 11 33 33 11 22 41 14 13 23 14 11 11 41 11 44 44 41 41
1 22 33 31 41 33 33 33 23 41 24 11 13 33 23 41 32 41 11 11 22 14 14 11 44 41 42 44 41 41
1 22 32 11 44 11 13 31 23 44 22 11 13 32 23 41 32 44 11 11 23 44 14 14 11 11 22 42 41 41
1 22 32 31 44 33 13 33 23 44 22 11 11 33 22 41 33 41 14 11 22 11 14 11 41 11 44 44 44 41
1 22 33 33 44 33 11 33 23 41 24 44 11 33 33 44 33 44 11 13 22 11 14 11 41 44 44 44 44 44
1 23 33 33 44 33 11 33 33 44 22 44 11 32 22 41 22 11 11 11 22 11 14 11 41 41 42 44 41 44
1 22 33 31 44 33 13 11 23 44 22 41 13 32 23 44 32 41 11 11 22 11 14 14 44 44 42 44 41 41
1 22 32 33 41 33 11 33 23 41 44 41 13 32 23 44 22 41 14 13 22 44 14 44 44 11 42 44 44 41
1 22 33 31 44 33 11 33 22 44 22 44 13 33 23 44 33 44 11 11 22 11 11 11 44 41 42 44 44 44
1 22 33 11 44 31 13 33 23 41 22 44 13 33 22 44 32 44 11 13 22 14 11 11 11 41 44 44 44 41
1 23 33 31 41 31 11 33 23 44 24 41 11 32 22 44 32 41 11 11 23 44 11 11 41 41 22 44 41 44
1 23 32 31 41 33 33 31 23 44 44 41 13 33 22 41 32 41 14 11 22 11 11 14 44 44 44 44 41 41
1 23 32 31 44 33 13 33 23 44 24 44 11 33 33 44 22 41 44 33 22 11 11 11 41 41 42 22 41 41
1 22 33 31 44 11 11 33 23 44 24 44 33 33 23 11 32 41 11 13 22 14 11 14 41 41 42 44 11 41
1 23 33 33 44 33 13 31 22 44 22 41 13 33 22 41 33 41 11 11 23 14 14 11 41 44 42 42 44 44
1 23 33 31 44 33 13 31 23 41 22 41 11 33 23 41 32 41 11 13 22 14 44 11 41 44 44 44 11 41
1 22 33 31 44 33 13 33 22 44 22 41 13 33 23 41 32 44 14 13 22 14 11 11 41 41 44 42 11 44
1 22 33 31 44 11 13 31 23 44 22 44 11 33 22 44 22 41 11 11 23 14 11 14 11 44 42 42 44 41
1 23 33 11 11 31 33 31 33 44 22 41 11 32 33 41 22 44 14 13 23 11 14 14 41 11 44 42 44 11
1 22 32 11 41 33 33 33 23 41 22 41 11 32 23 44 32 11 11 13 23 14 14 11 44 44 44 44 11 44
1 22 33 31 41 33 11 33 23 44 22 41 11 33 22 44 32 41 14 11 23 11 14 14 44 41 44 44 44 41
1 22 22 11 41 11 11 31 23 44 24 41 13 33 33 41 32 41 14 11 22 44 14 14 11 11 42 42 11 44
1 23 33 11 44 31 13 31 22 44 44 44 11 33 22 41 32 44 11 11 22 14 11 14 11 41 42 44 41 11
1 22 33 33 44 31 13 33 22 41 22 44 11 33 22 41 22 44 11 11 22 14 44 14 44 41 44 44 44 44
1 23 33 31 44 33 13 33 33 41 22 44 11 33 23 44 32 44 14 13 23 11 14 11 44 41 44 44 44 44
1 23 22 11 44 33 33 31 33 41 22 41 11 33 23 41 32 41 14 13 22 14 14 11 44 44 22 44 41 41
1 22 32 33 41 33 11 31 23 44 24 41 13 33 23 44 32 41 11 13 22 11 14 11 44 41 44 44 44 44
1 23 33 31 44 31 13 31 23 41 22 41 11 32 23 41 22 44 14 13 22 14 11 14 41 44 44 44 44 41
1 22 33 11 44 31 33 31 22 44 24 41 13 22 23 41 33 41 11 11 22 14 14 14 44 11 42 44 41 44
1 22 33 31 41 33 13 31 22 44 24 41 11 32 33 41 32 41 14 11 23 14 14 14 44 44 44 44 41 44
1 33 32 33 44 33 11 31 22 44 24 44 33 32 23 41 32 44 11 11 23 11 11 14 41 44 44 44 41 44
1 22 32 31 44 33 11 31 22 44 24 44 11 33 23 41 32 41 44 11 22 14 11 14 44 44 42 42 11 44
1 22 32 31 44 31 13 33 23 41 22 44 13 33 22 41 33 44 11 13 23 14 14 11 41 11 42 42 44 11
1 22 33 31 44 33 11 31 22 44 24 41 33 32 22 41 33 44 14 11 22 11 11 11 44 41 44 44 44 41
1 22 33 31 44 33 33 33 22 44 22 44 13 33 22 11 32 44 14 11 23 11 14 11 41 44 44 44 41 41
1 22 32 11 44 31 13 31 33 41 24 41 13 32 22 41 33 44 11 13 22 44 44 14 11 44 44 42 41 11
1 23 33 31 41 33 33 11 23 44 44 41 13 33 23 41 33 44 14 33 22 14 14 14 41 41 22 42 41 41
1 22 33 11 44 31 33 31 23 41 24 41 13 33 23 41 32 44 11 11 23 44 14 14 11 11 42 42 41 11
1 22 33 33 44 33 33 11 22 44 24 41 11 33 22 44 33 44 11 13 23 14 11 11 44 44 42 44 41 41
1 22 33 31 44 33 13 11 23 44 22 44 11 33 23 44 33 41 11 13 23 44 11 14 41 44 42 42 41 41
1 22 33 11 41 31 33 31 23 44 24 44 11 33 23 11 22 41 11 11 22 44 44 14 41 44 42 44 11 11
1 23 33 31 44 33 11 11 23 41 24 41 11 33 23 41 33 41 14 13 23 14 14 11 41 41 42 44 41 44
1 23 32 31 44 33 33 11 23 41 22 44 11 32 33 41 32 44 44 13 23 14 14 14 44 44 42 44 44 11
1 22 32 31 41 31 13 33 23 44 22 41 33 33 33 41 22 41 14 11 22 11 11 11 44 44 42 44 44 11
1 23 33 31 41 31 13 33 23 44 22 41 11 33 22 41 32 11 11 11 23 14 14 14 44 41 42 44 41 11
1 22 33 31 11 33 33 11 33 44 22 41 11 33 33 41 32 41 11 11 33 14 14 14 41 11 42 42 41 41
1 22 33 31 44 33 11 31 22 44 22 44 11 33 23 44 33 41 11 11 22 11 11 11 44 44 44 44 44 44
1 33 32 11 44 33 11 31 23 44 24 41 13 32 23 44 33 41 11 33 23 11 14 11 41 44 42 42 11 11
1 22 33 33 41 11 33 33 22 41 22 41 13 33 23 44 32 41 11 11 23 14 14 14 11 44 42 44 41 41
1 22 32 11 44 31 13 33 23 44 24 41 11 33 23 41 32 11 11 11 22 14 11 11 41 44 42 44 11 44
1 22 33 33 44 33 13 33 22 44 22 11 11 22 22 44 22 41 11 13 22 14 14 11 44 44 44 44 41 44
1 22 33 11 44 33 11 33 22 44 22 44 11 33 22 44 33 41 11 11 22 11 11 11 44 44 44 42 41 44
1 22 33 31 44 33 11 11 23 44 24 11 11 33 23 44 33 44 11 13 22 11 11 11 41 41 44 44 41 44
1 22 22 11 44 31 13 11 23 44 24 41 11 33 23 11 22 41 14 11 23 44 11 11 44 41 44 44 41 41
1 22 33 31 41 31 33 31 33 41 24 11 11 22 33 41 22 41 14 11 22 11 14 14 41 41 22 42 41 41
1 22 33 31 41 33 11 33 23 44 24 41 13 32 23 41 22 44 11 13 23 14 11 11 41 41 42 42 41 41
1 23 32 31 44 31 11 31 23 44 22 44 13 33 23 11 33 11 11 11 22 14 14 11 41 41 44 44 41 41
1 22 33 11 41 31 33 33 22 44 22 41 11 33 33 41 32 41 11 13 22 14 14 14 41 44 22 44 41 44
1 22 33 31 44 33 33 33 22 41 22 44 11 32 23 41 32 44 44 11 22 14 11 14 44 11 44 42 44 44
1 23 33 11 44 31 33 31 33 41 24 41 33 33 23 41 33 11 11 33 33 11 11 14 44 41 42 44 41 11
1 22 33 31 44 33 13 11 22 41 24 44 11 33 33 41 33 41 14 11 23 14 11 11 44 44 44 42 44 44
1 23 32 31 44 11 33 11 23 41 24 44 33 33 23 11 22 11 14 33 23 14 14 44 41 41 22 22 41 41
1 22 22 33 44 33 13 33 33 44 24 44 11 33 22 41 33 41 11 13 23 11 14 11 41 44 44 44 44 44
1 22 32 11 44 33 13 31 33 44 24 11 33 32 33 11 22 11 14 11 23 14 44 11 11 41 42 44 44 41
1 22 22 11 44 31 13 11 23 41 24 44 11 33 22 44 32 44 11 33 33 11 44 14 41 44 42 22 41 11
1 22 33 31 44 33 11 33 22 44 24 44 11 33 23 41 33 11 14 11 22 14 11 11 41 41 44 44 44 44
1 23 33 31 44 33 11 31 22 44 24 44 13 33 23 44 32 44 11 11 22 11 14 11 44 41 22 44 44 41
1 22 33 33 44 33 11 31 23 44 24 44 11 33 23 41 32 41 11 11 22 11 11 11 44 44 42 44 41 41
1 23 33 11 41 31 33 31 23 44 24 44 11 33 33 41 22 41 11 33 23 14 14 44 44 41 22 42 41 11
1 22 33 33 44 33 11 31 22 41 22 41 13 33 22 41 22 41 11 11 23 14 14 14 44 41 44 42 41 44
1 23 33 33 44 33 13 31 23 44 22 44 13 33 22 44 32 44 11 11 22 11 44 14 41 44 42 44 41 44
1 23 32 33 41 33 13 33 23 44 22 41 11 33 23 41 32 41 11 13 22 44 14 11 44 41 44 44 41 44
1 23 32 31 44 31 13 33 22 41 24 41 13 32 23 41 33 41 11 13 22 14 11 44 44 41 44 42 41 44
1 23 22 11 44 33 13 11 33 41 44 41 11 33 23 41 22 41 14 13 23 14 44 14 44 11 22 44 11 44
1 22 33 31 44 33 13 31 23 44 24 41 13 22 23 41 32 41 14 11 23 44 44 11 44 44 42 44 44 41
1 22 33 11 44 31 13 11 23 41 24 41 11 33 23 11 22 41 14 13 23 14 44 44 41 44 42 44 44 44
1 22 33 31 41 31 13 11 23 44 24 41 13 32 23 41 32 44 11 13 23 14 14 11 41 41 42 42 44 41
1 22 32 31 44 33 11 11 22 44 24 41 13 33 22 44 32 41 11 11 22 11 14 11 44 44 42 44 44 11
1 23 32 11 44 11 13 11 33 41 44 41 11 22 23 11 32 41 14 33 33 14 44 44 44 41 42 22 11 41
1 22 32 33 44 33 13 33 22 44 24 44 11 33 33 11 32 44 11 11 23 14 11 11 11 44 44 42 44 41
1 33 32 31 44 33 33 31 23 44 44 41 11 33 23 44 22 41 44 13 33 14 11 11 41 41 44 42 41 44
1 22 33 33 44 33 11 33 22 44 22 44 11 33 23 11 33 44 11 13 22 11 14 11 41 44 44 44 41 41
1 22 32 31 41 31 13 11 22 41 24 41 33 33 23 11 32 41 14 13 23 14 11 14 41 41 42 44 44 41
1 22 33 31 44 33 11 33 23 44 44 44 33 33 23 41 32 44 11 13 22 14 11 11 41 44 44 44 44 44
1 23 33 11 41 33 13 31 33 44 24 44 11 32 23 11 22 41 11 33 23 14 11 14 11 41 44 44 41 41
1 33 33 31 41 31 33 33 23 44 22 44 13 33 23 11 33 44 11 13 22 14 14 11 44 11 22 42 41 11
1 22 33 33 44 33 13 33 22 44 22 44 11 33 22 41 33 44 14 13 22 14 14 11 44 44 44 44 44 44
1 22 33 31 44 33 13 11 23 44 24 41 13 33 23 44 22 41 11 33 23 14 14 11 44 11 22 42 11 44
1 23 22 31 41 33 33 33 23 44 22 44 13 33 22 11 32 44 11 13 23 11 11 11 44 44 44 44 44 41
1 22 33 33 41 31 13 11 33 44 22 41 33 32 33 41 33 41 11 11 23 14 14 11 44 44 42 44 41 44
1 22 33 11 41 33 13 31 33 41 22 44 13 33 23 41 32 44 14 13 22 11 14 14 41 11 44 44 41 44
1 33 22 31 44 33 33 31 22 44 22 41 13 33 33 41 32 41 11 13 22 14 14 11 11 44 42 42 41 41
1 23 33 11 44 31 11 33 22 44 22 41 11 33 22 44 22 44 11 11 23 14 11 14 44 44 42 44 41 44
1 22 32 31 44 33 11 33 22 41 22 44 13 33 23 44 33 44 11 13 22 14 14 11 44 41 42 44 44 44
1 23 32 31 44 31 13 31 23 44 22 11 11 22 22 41 22 41 14 13 23 44 11 14 41 44 44 44 41 11
1 22 33 11 44 33 13 31 22 41 24 44 11 33 22 41 32 41 11 13 23 44 14 14 44 11 42 44 41 41
1 23 32 31 41 31 13 11 23 41 24 41 13 33 23 11 22 11 14 11 23 14 14 44 44 41 42 42 41 41
1 22 33 33 41 33 13 33 23 44 24 41 13 33 23 44 32 41 11 13 23 11 14 11 44 44 44 44 41 41
1 23 33 33 44 31 13 33 23 44 24 11 13 33 33 44 32 41 11 13 22 44 11 14 11 41 44 44 44 44
1 23 33 33 44 31 11 33 23 44 22 44 11 33 23 41 32 41 14 11 23 11 14 11 41 44 44 44 44 41
1 22 33 31 44 11 33 31 33 41 24 41 13 33 23 41 22 41 11 13 22 14 14 44 41 11 22 42 11 44
1 23 33 33 41 11 13 31 33 41 24 44 11 33 33 44 33 41 11 13 22 44 14 11 44 11 44 42 41 41
1 22 33 31 44 33 13 31 23 41 22 44 13 32 23 41 22 41 14 13 23 44 11 14 44 44 44 44 41 41
1 22 33 31 44 33 13 33 22 44 44 44 11 32 23 44 33 44 44 11 22 14 11 14 11 44 42 44 41 44
1 23 22 31 44 33 13 33 23 41 44 11 33 33 33 41 32 44 44 11 23 14 14 14 41 11 42 42 11 44
1 22 22 31 44 33 33 31 23 44 22 41 13 33 23 44 32 44 11 13 23 44 14 11 11 44 22 44 41 44
1 22 33 33 41 33 33 31 22 44 22 44 13 33 22 44 33 41 11 11 33 11 14 11 41 44 44 44 44 44
1 23 32 31 44 33 13 33 23 41 22 44 11 33 22 41 33 44 11 13 22 14 11 11 44 41 44 44 44 44
1 22 33 31 44 33 11 31 22 44 22 41 11 32 23 41 33 41 11 13 22 14 11 11 11 44 42 44 41 44
1 22 33 31 44 33 13 31 23 41 44 41 33 33 23 41 22 11 11 13 22 14 14 14 41 44 42 44 41 41
1 22 33 33 44 31 11 31 22 44 22 41 11 33 22 44 22 44 11 13 23 11 11 14 44 44 44 44 44 44
1 22 33 31 41 33 33 31 33 44 24 41 13 33 33 44 22 44 14 13 22 14 14 14 41 41 42 44 44 41
1 22 32 11 44 31 13 33 22 41 22 41 11 32 22 41 33 41 14 13 23 11 44 14 44 44 44 44 44 44
1 22 33 11 44 33 13 31 33 41 22 41 11 33 23 11 32 44 14 11 22 14 14 11 11 41 44 44 41 41
1 22 33 33 44 33 11 33 22 44 22 44 11 33 22 44 33 44 11 11 22 11 11 11 44 44 44 44 44 41
1 23 32 31 44 31 33 31 23 41 22 44 13 32 23 44 32 41 14 11 23 11 14 14 44 44 42 44 41 41
1 22 33 33 44 33 11 31 22 44 22 44 11 33 23 44 33 44 11 33 22 44 14 11 44 41 42 44 11 44
1 22 33 31 44 33 13 33 22 44 24 44 11 33 22 44 32 44 11 11 22 14 14 11 44 44 42 44 44 41
1 23 22 31 44 31 13 31 33 41 24 44 11 32 22 11 32 41 11 33 22 14 14 14 11 41 42 42 41 41
1 22 33 31 44 31 33 33 23 44 22 41 13 32 22 41 33 44 11 13 23 11 11 11 44 44 44 44 44 44
1 23 22 11 44 11 33 33 22 44 24 41 13 33 23 41 22 44 11 13 22 44 44 11 41 44 44 42 11 41
1 22 33 33 44 33 33 33 23 41 22 44 11 33 22 44 32 41 14 13 22 14 11 14 41 44 44 44 44 44
1 22 33 11 44 31 13 31 22 44 24 44 33 33 23 41 22 41 11 11 33 14 44 14 41 41 44 44 41 11
1 23 33 31 44 33 11 31 22 44 44 41 13 32 33 41 32 44 44 11 22 11 14 11 44 11 42 44 41 11
1 23 33 33 44 33 11 31 23 44 22 41 11 33 23 41 32 41 14 11 22 14 11 11 44 41 44 42 44 44
1 22 33 31 41 31 33 33 23 44 22 44 11 33 22 44 32 41 44 33 22 44 14 14 41 44 42 44 41 41
1 22 33 31 44 31 13 31 23 44 22 41 11 33 33 41 22 11 11 11 23 44 14 11 44 11 44 44 41 41
1 22 32 33 44 31 13 33 23 44 22 11 13 32 23 44 22 11 44 11 23 11 11 14 11 11 42 44 44 41
1 23 32 11 44 11 13 31 33 41 24 41 13 33 23 41 32 41 14 13 23 44 11 14 11 41 22 42 41 41
1 22 33 11 44 31 11 33 22 44 24 41 11 33 22 41 33 44 11 11 22 14 11 11 44 44 42 44 44 44
1 22 33 11 44 31 33 31 23 44 22 41 13 33 33 41 32 11 14 33 33 11 14 14 41 41 42 44 11 44
1 22 33 31 44 33 11 33 22 44 22 44 13 33 22 44 33 44 14 33 22 11 11 14 44 41 44 44 11 41
1 23 32 31 41 31 13 31 23 41 24 11 13 33 23 11 32 41 14 13 22 44 14 14 11 44 44 44 44 44
1 22 33 31 41 31 13 33 22 44 24 44 13 33 23 41 32 44 11 13 23 14 14 44 41 41 44 42 41 44
1 22 33 11 44 31 33 31 23 41 22 41 13 33 23 41 22 41 11 13 22 11 14 14 41 11 22 44 41 11
1 22 33 31 44 33 13 33 22 44 22 44 13 33 23 44 32 11 14 13 22 14 11 11 41 41 44 44 41 44
1 22 33 31 44 11 33 31 33 44 24 41 13 22 22 11 22 41 11 11 22 14 14 14 44 41 44 44 11 44
1 22 33 33 44 33 11 33 23 44 22 44 11 33 23 41 32 41 11 11 22 11 11 11 44 41 44 42 41 44
1 22 32 31 44 31 13 31 23 44 22 41 11 33 22 11 32 41 11 11 23 14 14 14 41 41 44 44 44 11
1 22 33 11 44 31 11 31 23 44 24 44 11 32 23 11 32 11 11 11 23 14 11 11 41 44 44 44 41 44
1 33 33 31 41 33 11 31 22 44 22 44 13 33 33 44 32 44 11 11 23 14 11 11 44 41 42 44 44 41
1 22 33 33 44 33 11 33 22 44 22 41 11 33 22 44 33 44 11 11 22 11 11 11 44 44 44 44 44 44
1 22 33 11 41 33 33 31 23 41 22 44 33 33 23 41 32 41 11 13 33 44 11 11 44 11 42 44 41 44
1 23 33 33 41 31 11 11 23 44 22 41 11 33 23 41 32 41 14 13 22 44 11 14 44 41 42 42 11 41
1 22 32 31 44 31 13 11 23 41 44 11 13 33 33 11 32 11 14 33 23 14 11 14 44 11 42 42 11 44
1 23 33 31 44 33 11 31 23 44 24 41 11 32 33 41 22 11 11 13 22 11 14 11 44 44 42 42 41 44
1 23 32 31 44 31 13 31 22 44 22 44 13 33 23 44 32 41 14 33 33 44 44 14 44 44 42 42 44 41
1 22 32 33 44 33 33 31 23 44 24 41 13 33 23 44 22 41 11 33 23 11 14 11 44 44 42 44 44 44
1 23 33 33 44 33 13 33 33 44 24 41 11 33 23 41 33 41 11 11 23 11 14 11 41 41 44 44 44 44
1 22 33 31 44 33 13 31 23 44 22 41 11 32 22 41 33 11 11 13 23 11 11 11 11 41 44 42 11 11
1 23 33 11 41 31 13 31 33 41 24 41 13 32 33 11 32 11 11 33 33 44 14 11 44 41 44 44 41 11
1 23 33 33 11 31 13 31 23 44 24 41 11 32 33 41 32 41 11 13 23 14 14 44 44 11 42 44 11 44
1 23 33 33 44 33 13 33 22 44 22 44 11 33 23 41 33 44 14 13 23 14 14 11 44 44 44 44 44 44
1 22 32 31 44 31 13 31 33 44 24 41 11 32 23 41 32 41 11 11 22 11 14 14 41 44 42 44 41 41
1 22 32 33 41 33 11 33 23 44 22 41 11 33 23 11 32 44 44 11 22 14 11 14 41 44 42 42 44 41
1 22 33 31 44 31 33 31 23 41 24 44 11 32 23 11 32 41 14 13 33 44 11 44 44 41 42 42 44 44
1 22 33 31 44 33 13 31 23 44 24 44 11 33 22 41 33 41 11 11 22 11 11 14 44 41 44 42 41 41
1 22 32 33 44 33 13 11 22 44 24 41 13 22 23 41 32 11 14 11 23 14 14 14 41 44 44 42 41 41
1 23 33 31 44 31 33 31 33 44 44 41 33 33 23 11 32 41 14 11 23 14 14 44 41 41 42 44 41 44
1 22 33 11 44 33 33 31 23 44 22 44 33 33 22 41 32 44 14 13 23 14 14 11 44 11 22 44 11 11
1 22 33 33 44 33 13 33 23 44 22 44 11 33 23 44 32 44 11 11 22 11 11 11 44 44 44 44 41 41
1 22 33 31 44 31 11 31 23 41 24 44 13 32 23 41 33 41 11 13 33 14 11 14 41 44 42 22 41 41
1 22 33 33 44 33 13 33 22 44 22 44 13 33 22 44 32 44 14 11 22 11 11 14 44 44 44 42 44 44
1 23 32 33 44 31 13 31 23 44 22 44 11 32 22 41 32 41 11 13 22 14 11 11 41 41 44 44 44 11
1 22 22 33 44 31 11 31 22 41 22 11 11 32 33 41 32 44 11 11 22 14 11 11 44 44 42 44 41 11
1 22 33 31 44 33 13 31 23 44 22 44 11 33 22 41 32 44 11 11 23 14 14 14 41 41 44 44 41 41
1 22 33 33 41 31 13 33 33 44 22 44 33 33 23 44 32 44 14 13 23 44 11 14 41 41 42 44 41 41
1 22 32 31 44 31 11 33 22 44 24 44 13 33 23 41 33 44 11 11 22 11 14 11 41 41 44 44 44 44
1 22 32 31 44 31 33 33 23 44 44 11 13 32 23 41 32 41 44 13 23 14 14 44 41 11 42 44 41 44
1 23 32 11 44 11 33 31 33 44 24 41 13 22 33 11 22 44 14 13 23 44 14 11 41 11 42 42 44 11
1 22 33 31 41 33 11 31 23 44 22 44 11 33 22 41 32 44 11 11 33 11 11 11 41 41 44 44 44 44
1 22 33 33 44 33 33 33 23 44 22 44 11 33 22 41 22 41 14 11 22 14 14 11 41 11 44 42 41 41
1 22 33 31 44 33 13 33 22 44 24 44 13 33 22 44 33 41 11 11 22 11 11 11 44 44 44 44 44 44
1 22 32 31 44 31 13 31 22 44 22 41 11 33 23 41 32 44 11 13 22 44 14 14 41 41 44 44 41 41
1 23 33 31 44 31 13 31 23 44 22 44 13 33 22 41 32 41 11 13 23 14 14 11 41 44 44 44 44 41
1 22 33 33 41 33 11 33 22 44 22 41 11 33 22 11 33 44 11 13 22 11 11 14 44 44 44 44 44 44
1 22 32 33 44 33 11 33 23 41 22 41 11 33 22 41 32 11 11 11 22 11 14 11 44 44 42 44 41 11
1 23 32 31 44 31 33 31 22 44 22 41 11 32 22 11 32 41 14 13 23 44 14 14 44 41 42 44 41 44
1 23 33 31 44 33 13 33 23 44 22 41 11 33 23 41 33 41 11 11 23 44 14 11 11 41 42 42 44 44
1 23 32 33 44 33 33 31 33 44 22 41 11 33 23 41 32 11 11 13 22 14 14 11 41 41 44 44 41 41
1 22 33 31 44 31 13 31 22 41 22 41 13 33 23 11 32 11 11 11 23 14 14 11 44 44 44 42 41 41
1 22 33 31 44 33 11 31 23 44 22 44 11 33 23 11 32 44 14 11 23 44 11 11 41 41 44 44 44 41
1 22 33 33 44 33 11 31 23 44 24 44 11 32 23 41 32 41 11 13 22 14 14 14 41 44 44 42 44 41
1 23 32 31 41 31 33 31 23 11 24 44 13 32 22 41 32 41 11 11 23 14 14 14 41 41 42 42 41 41
1 22 32 33 44 33 11 31 23 44 22 44 13 33 23 11 33 11 14 13 23 14 11 11 44 44 42 42 11 41
1 22 32 31 44 33 11 33 23 44 22 41 11 32 23 44 32 11 11 13 23 44 11 11 41 44 22 44 44 44
1 23 32 33 44 33 13 31 23 44 44 41 11 33 33 41 32 11 11 11 22 11 14 14 44 41 42 44 11 41
1 23 33 31 44 33 13 33 23 41 22 44 11 33 22 41 22 41 11 13 23 11 44 11 44 44 42 44 41 44
1 22 33 11 44 31 11 33 33 44 24 44 13 33 23 44 33 11 11 11 22 11 14 14 44 41 42 44 44 44
1 22 32 31 44 33 13 31 23 44 22 44 13 32 23 44 22 41 11 13 22 14 11 14 44 41 42 44 44 44
1 22 33 33 44 33 13 31 22 44 44 44 13 33 23 11 33 44 11 11 22 11 11 11 44 44 42 44 44 41
1 22 32 33 44 33 13 31 22 44 22 41 13 33 23 11 32 44 11 11 22 11 14 14 44 44 42 42 44 44
1 22 33 33 44 33 13 31 23 41 22 44 11 33 22 44 32 44 14 11 22 11 11 11 41 41 44 44 44 44
1 22 33 31 41 33 11 31 22 44 24 44 13 33 23 11 32 41 14 11 23 14 11 11 44 41 44 42 41 41
1 23 32 31 44 33 13 33 23 44 22 44 33 32 23 41 32 44 14 11 22 14 11 11 41 44 44 44 44 44
1 23 32 11 11 31 13 11 33 41 22 41 13 32 23 11 32 41 11 13 23 44 44 44 44 11 42 42 41 11
1 23 33 33 44 33 13 31 33 41 24 41 11 33 23 11 22 44 11 13 22 44 44 11 44 41 42 44 41 44
1 23 33 11 44 33 13 33 23 44 22 41 11 33 22 41 33 41 11 11 23 14 11 11 44 44 44 44 41 41
1 22 32 33 44 33 11 33 22 44 22 44 11 32 23 44 33 11 11 11 23 11 11 14 11 41 44 44 41 44
1 23 33 31 44 33 11 31 22 44 22 44 11 33 22 11 33 44 11 11 22 11 11 11 44 44 42 44 44 44
1 22 33 31 44 33 11 11 22 44 22 44 13 33 23 44 32 41 14 11 23 11 11 11 44 44 42 44 44 44
1 23 32 31 44 33 13 31 22 41 24 44 11 33 23 44 32 41 11 13 22 11 11 11 44 44 42 44 44 44
1 22 32 31 44 33 11 33 22 44 22 44 13 33 22 41 32 41 11 11 22 14 11 11 41 44 42 44 41 41
1 23 33 11 41 31 13 33 22 44 22 41 11 33 33 41 32 41 44 13 23 11 14 11 44 44 42 44 41 44
1 22 33 33 44 33 11 33 23 44 22 41 11 33 22 44 32 44 14 33 23 11 11 14 44 41 44 44 44 44
1 23 32 33 44 33 13 31 23 41 22 44 13 32 23 11 22 44 11 33 23 14 11 14 44 11 42 44 41 41
1 22 33 33 44 33 13 31 23 44 22 44 13 22 22 44 22 11 11 11 22 11 14 14 44 44 44 44 41 44
1 22 33 31 44 33 13 33 23 44 24 44 11 33 23 44 22 41 11 11 22 14 11 14 41 44 44 44 41 11
1 22 32 11 44 33 13 31 23 44 24 41 13 33 22 41 32 11 11 11 23 14 14 11 44 44 44 44 41 41
1 23 33 31 44 31 13 11 33 44 22 44 11 33 22 11 33 41 11 11 22 11 44 14 44 41 44 44 41 41
1 22 32 33 44 33 33 31 33 41 24 44 13 22 23 11 32 44 14 11 23 11 11 11 44 41 44 44 11 41
1 22 32 31 44 33 11 31 23 44 22 44 11 33 22 41 32 41 11 11 23 11 11 11 44 41 42 42 44 44
1 22 33 33 44 33 13 31 23 44 24 41 13 32 23 41 22 11 11 11 22 14 14 11 11 41 42 44 41 41
1 22 32 31 44 33 33 33 23 44 24 41 13 33 23 41 32 41 14 13 22 14 44 14 11 11 44 44 44 41
1 23 33 31 44 33 13 31 22 44 24 44 11 33 22 44 22 44 14 33 22 11 11 11 44 41 42 44 41 41
1 33 22 31 41 33 33 11 23 11 22 11 13 32 22 11 22 11 14 13 23 44 14 11 44 41 42 42 11 41
1 23 33 33 44 33 13 11 22 44 22 44 11 33 22 44 32 44 11 13 23 14 14 11 44 44 44 42 44 44
1 23 32 11 44 31 33 11 33 11 24 41 13 32 33 11 32 11 44 33 23 44 44 44 11 11 42 42 11 41
1 22 33 31 44 31 11 33 23 44 24 44 11 33 22 44 33 44 11 13 22 44 11 11 44 44 42 44 41 44
1 23 32 31 44 33 13 31 22 44 24 44 13 32 23 44 32 44 11 11 22 14 11 11 41 41 44 44 41 41
1 22 33 31 44 33 11 31 23 41 22 41 11 33 23 41 33 41 11 13 22 14 44 14 44 41 44 42 41 44
1 22 33 31 44 31 13 33 23 41 24 41 11 32 22 41 33 44 11 11 22 14 11 11 41 41 44 44 44 41
1 23 33 31 41 33 33 31 23 44 24 44 33 33 33 41 33 11 14 11 23 44 44 14 41 41 44 44 41 41
1 22 33 31 44 33 11 33 22 44 22 41 13 33 22 44 33 44 11 11 33 14 11 11 44 41 44 44 44 44
1 22 32 31 44 31 11 33 22 44 22 41 11 33 22 41 22 44 11 13 22 14 11 11 44 44 44 44 44 41
1 23 32 11 44 33 13 11 23 44 22 11 11 22 22 44 22 41 14 13 23 14 11 14 41 11 42 44 41 11
1 22 33 31 41 33 13 31 22 44 24 44 13 33 23 11 33 44 14 11 22 14 14 11 41 44 44 44 41 41
1 23 22 31 44 31 13 33 23 41 24 41 13 32 33 11 22 11 44 13 33 14 14 14 11 41 22 44 41 44
1 22 32 33 41 33 11 33 22 41 22 41 11 33 22 41 33 44 11 11 23 14 11 11 41 41 44 44 44 41
1 23 33 31 44 31 11 33 22 44 22 44 11 33 23 44 32 44 11 11 22 44 11 14 41 41 44 44 41 41
1 23 33 31 41 31 13 31 33 44 24 41 11 33 23 41 32 41 14 11 23 44 14 14 41 44 44 42 41 41
1 22 33 31 44 33 13 11 22 44 22 44 11 32 23 41 32 41 11 11 23 14 11 14 41 44 42 44 41 44
1 23 33 31 41 11 13 31 23 11 24 41 13 33 23 44 22 41 14 13 33 14 11 14 44 44 42 44 41 41
1 33 33 31 44 31 11 11 23 44 24 11 11 32 23 11 22 41 14 13 33 14 14 11 11 41 44 44 44 11
1 33 32 11 44 31 13 31 33 44 24 44 13 32 23 41 33 41 11 11 33 14 14 11 44 41 42 42 41 41
1 22 33 11 44 31 13 31 22 44 22 44 13 33 22 41 22 41 11 13 23 11 11 11 41 41 44 44 44 44
1 22 33 31 44 31 11 33 22 44 22 44 13 33 22 41 32 44 11 13 22 11 11 11 44 44 44 44 44 41
1 23 33 33 41 31 13 11 23 41 24 41 11 32 23 44 22 41 11 33 23 11 14 14 11 41 22 42 44 44
1 22 33 33 44 31 11 33 22 41 24 41 13 33 22 44 22 41 11 11 22 14 11 11 11 41 44 44 44 41
1 22 33 31 44 33 33 33 22 44 22 44 13 33 23 41 33 44 11 13 23 11 11 11 41 44 44 42 44 41
1 22 32 33 41 33 13 31 23 41 22 44 11 33 22 41 33 41 14 11 22 14 14 11 41 41 42 42 41 41
1 23 33 31 44 31 13 31 23 44 22 11 13 32 23 41 32 41 11 11 23 11 11 14 41 41 42 42 41 44
1 23 33 31 41 31 13 31 22 44 44 44 13 32 23 41 22 41 11 11 23 14 14 14 11 41 44 44 44 41
1 22 33 33 44 33 33 33 33 44 22 44 13 33 33 11 33 44 11 11 23 11 11 11 11 44 44 44 44 44
1 33 33 11 44 11 13 11 33 44 22 44 33 33 22 41 32 41 11 13 22 44 11 44 11 41 42 44 41 41
1 23 33 31 41 33 13 11 23 41 24 44 13 33 23 41 32 41 14 13 23 44 11 11 41 41 42 44 44 41
1 22 33 11 41 33 11 31 23 41 24 41 11 33 23 11 33 44 11 11 33 14 14 14 44 44 42 42 44 44
1 22 33 31 44 33 11 31 33 41 24 44 11 33 23 41 22 11 44 11 23 14 14 14 41 41 42 42 41 41
1 22 32 31 44 31 13 31 23 44 22 44 13 33 22 41 32 44 14 11 23 11 14 11 44 44 42 44 41 41
1 22 33 33 44 33 11 33 22 44 24 44 13 32 23 41 22 44 11 13 23 14 14 14 41 41 44 44 44 44
1 23 32 31 41 31 13 11 22 44 22 11 11 32 23 41 32 41 11 11 22 11 11 11 44 44 42 44 41 41
1 22 32 11 41 31 33 33 33 41 44 44 13 32 33 11 22 41 11 13 22 14 11 11 11 44 42 42 41 44
1 23 33 31 44 33 13 33 22 44 24 44 11 33 23 41 32 44 11 13 22 11 14 14 41 41 44 44 41 44
1 22 33 33 44 33 13 31 33 44 22 44 13 33 23 41 33 41 11 13 22 44 11 11 44 44 42 44 41 44
1 22 33 33 41 33 11 31 23 44 22 44 13 33 22 44 33 44 11 13 23 11 14 14 44 44 44 44 44 11
1 22 32 11 44 33 11 11 23 44 24 44 13 33 22 11 22 44 14 11 23 14 11 14 41 11 42 44 44 11
1 22 22 33 41 31 33 31 33 44 22 11 33 32 33 11 22 11 14 33 33 14 44 11 41 41 44 22 11 44
1 22 33 31 44 11 13 33 33 11 24 11 33 32 33 11 22 11 11 11 33 14 11 11 11 41 42 44 44 41
1 23 33 11 41 33 33 31 33 41 24 41 13 22 23 41 32 11 14 13 22 44 14 14 11 11 22 44 41 41
1 22 33 31 44 33 13 33 23 44 24 41 11 33 22 44 22 41 11 13 22 11 14 11 44 41 42 44 44 44
1 23 33 33 44 31 13 33 23 44 22 41 11 33 23 44 33 44 11 11 22 11 11 11 41 44 44 44 11 44
1 22 32 33 44 33 13 11 33 41 22 44 11 32 33 11 22 41 11 11 22 44 11 14 44 41 44 44 41 41
1 22 33 33 41 33 33 33 23 44 24 41 13 33 33 44 22 11 11 13 22 14 11 11 44 41 22 44 41 44
1 22 33 33 44 33 13 33 33 44 22 44 11 33 22 41 22 41 14 11 22 11 14 11 44 44 42 44 44 44
1 22 33 33 44 31 13 31 23 44 22 41 13 33 23 11 32 41 14 33 23 14 11 11 44 44 44 44 41 11
1 23 32 11 11 11 13 31 23 44 22 41 13 32 23 11 22 44 14 13 23 14 14 44 44 11 22 44 41 41
1 23 33 33 44 33 11 33 22 44 22 41 11 33 23 41 33 44 14 11 22 14 11 11 41 41 44 42 41 44
1 23 32 33 41 31 33 31 33 41 24 41 33 33 23 41 22 11 44 33 23 44 14 11 41 41 42 44 41 11
1 22 33 11 44 33 11 31 22 41 22 41 11 32 22 41 32 44 14 11 23 11 11 11 41 41 42 42 44 44
1 22 33 31 44 31 13 11 23 41 24 44 13 32 33 41 32 44 11 11 22 14 11 11 44 44 44 44 44 44
1 22 32 31 44 33 13 31 22 44 24 44 11 32 22 44 33 41 11 11 22 14 14 11 41 44 22 42 41 41
1 23 33 31 44 33 13 31 23 44 22 41 11 33 22 44 32 44 11 11 23 11 11 11 44 44 44 44 44 44
1 22 32 31 41 31 13 11 22 44 22 44 11 33 23 41 32 41 11 13 23 44 11 11 41 44 44 22 41 41
1 22 33 33 44 31 11 33 22 44 24 41 11 33 22 44 32 44 11 11 22 11 11 11 44 41 42 42 41 41
1 22 32 33 41 33 13 33 23 44 22 41 11 32 23 41 33 41 11 11 22 11 11 14 41 44 44 44 44 44
1 23 33 31 44 33 33 31 23 44 44 44 13 33 22 44 22 44 11 11 23 14 14 14 41 44 22 44 41 41
1 22 33 33 44 31 33 11 23 44 22 11 11 33 22 41 32 41 11 13 22 14 11 14 44 41 44 44 41 44
1 22 33 11 41 33 11 31 33 44 22 41 13 33 23 44 33 41 14 13 23 14 11 11 44 41 42 44 11 11
1 23 22 31 44 33 13 33 33 11 22 44 11 33 22 41 32 44 11 11 23 44 14 11 41 44 42 42 41 41
1 23 33 11 41 31 13 33 33 44 24 41 13 32 33 41 22 11 11 13 33 44 44 14 11 41 42 42 41 41
1 23 33 31 44 33 13 33 33 44 24 41 13 33 23 41 32 44 14 11 23 11 14 11 41 41 44 44 44 44
1 22 32 11 41 33 11 33 23 44 24 11 13 33 22 41 32 44 11 13 22 44 14 11 41 41 22 44 44 41
1 23 33 33 41 33 13 31 22 44 24 44 13 33 22 41 33 41 11 13 23 14 14 14 41 41 44 44 44 41
1 23 22 11 44 31 33 33 23 44 24 44 13 32 23 44 32 44 14 11 22 14 44 11 11 11 42 44 44 11
1 23 33 31 44 31 11 31 23 44 24 41 11 32 22 41 32 41 14 11 22 14 14 11 41 11 42 44 44 44
1 23 33 33 44 33 13 33 22 41 22 44 11 32 22 11 32 41 11 13 23 11 44 11 44 44 44 44 44 44
1 23 33 31 44 33 11 31 23 44 22 44 11 33 22 44 22 44 11 11 23 11 14 11 44 44 44 44 44 41
1 23 33 31 11 33 33 31 23 44 24 44 13 32 23 11 33 41 11 13 23 11 11 14 11 44 22 42 44 11
1 23 33 33 41 31 13 31 33 44 24 11 13 32 22 41 33 11 14 33 33 11 14 44 41 41 42 42 11 41
1 22 33 31 44 33 11 33 22 44 22 44 13 33 23 11 32 44 11 11 22 11 11 14 41 44 44 42 41 44
1 22 32 31 41 33 13 33 23 44 44 44 33 32 22 41 22 41 14 33 22 14 14 11 41 41 42 42 44 41
1 22 33 31 44 33 33 33 23 44 24 44 11 33 22 44 32 44 11 11 22 44 44 11 44 44 44 42 41 44
1 23 33 31 44 31 13 33 23 41 22 11 13 33 23 11 32 41 11 13 22 14 44 14 11 41 42 42 44 41
1 23 32 33 44 33 11 31 23 44 22 44 11 33 22 44 32 44 11 13 33 14 11 11 44 41 42 44 41 44
1 22 33 33 44 33 13 33 23 44 22 44 13 33 22 44 33 44 11 11 22 14 11 11 44 41 42 44 44 44
1 22 33 33 44 33 11 33 23 44 22 44 11 32 23 44 33 41 11 11 22 11 11 11 44 44 44 44 44 41
1 22 33 33 44 33 13 31 22 44 22 44 13 32 23 11 22 41 11 11 23 44 11 11 44 44 42 42 44 41
1 22 33 33 44 33 11 31 23 44 24 44 11 33 23 44 33 44 11 13 22 14 14 11 44 44 44 42 41 41
1 23 22 33 44 31 11 31 33 44 22 44 13 22 33 41 32 41 14 13 23 14 11 14 41 41 42 44 44 44
1 22 33 33 44 31 13 31 23 44 24 11 11 33 23 44 33 41 11 11 22 14 14 11 44 41 44 42 41 44
1 22 33 33 44 31 11 31 22 44 22 41 11 33 22 44 32 44 14 13 23 11 14 11 41 44 44 44 41 44
1 22 33 33 44 33 13 33 22 44 22 44 13 33 22 11 22 11 11 13 22 11 11 11 41 44 42 44 44 41
1 22 33 31 44 31 11 11 23 44 24 41 13 33 23 41 32 41 14 11 22 14 11 11 41 41 44 42 44 41
1 22 33 33 44 31 13 31 23 44 22 44 11 33 22 44 22 41 11 11 22 14 11 14 44 44 44 44 44 41
1 23 33 31 44 31 13 31 22 11 24 44 13 32 23 44 32 11 14 13 23 44 14 44 41 44 42 44 11 44
1 22 32 11 44 33 33 31 22 44 24 44 13 33 23 11 32 41 11 13 33 11 11 44 41 41 42 44 11 44
1 22 33 33 44 33 11 33 23 44 24 41 11 33 23 11 32 41 14 13 22 11 11 14 41 11 42 22 11 44
1 23 33 33 44 33 13 31 22 44 22 44 13 32 22 41 32 11 11 13 22 14 14 11 44 41 42 44 44 44
1 22 32 33 44 33 11 31 22 44 22 44 13 33 23 44 33 44 11 11 22 11 14 11 41 44 44 44 41 44
1 33 33 31 44 33 33 11 33 41 44 11 13 32 33 41 22 41 11 11 22 44 44 11 41 41 22 44 11 44
1 23 32 11 44 31 11 33 22 44 22 41 13 33 22 44 32 44 14 11 22 11 14 11 41 44 44 44 41 41
1 22 33 33 44 33 11 31 22 41 22 44 11 33 22 44 33 41 11 13 23 44 11 11 41 44 42 44 41 41
1 33 33 31 41 33 13 31 33 41 22 44 13 32 33 11 33 44 11 13 23 11 11 11 41 41 44 44 41 44
1 22 32 33 11 31 11 33 33 44 24 44 11 32 23 41 32 44 11 13 23 11 14 11 44 41 42 42 41 41
1 33 33 33 44 31 13 33 23 41 22 41 13 32 23 11 22 11 11 13 22 44 14 44 44 44 42 44 41 11
1 22 32 33 44 33 11 31 22 44 22 44 11 33 22 44 22 44 11 11 23 11 11 11 44 44 44 44 41 44
1 23 33 11 41 31 13 11 22 44 24 44 13 32 23 41 22 41 14 13 22 11 14 14 44 41 22 44 41 41
1 22 32 33 41 33 13 31 22 44 24 41 13 33 22 41 33 41 11 13 23 11 11 11 44 41 42 44 41 44
1 22 33 33 44 31 13 31 23 41 24 41 13 33 23 44 32 41 11 13 22 44 11 11 41 41 42 42 44 41
1 23 33 31 41 11 13 31 23 41 22 44 13 33 33 44 32 11 11 13 22 14 14 11 41 41 42 42 41 41
1 22 33 31 44 33 33 31 23 44 24 41 33 32 33 41 32 41 14 13 33 14 14 44 44 41 42 44 41 44
1 22 32 31 44 33 11 31 23 44 22 44 11 32 22 41 32 41 11 11 23 14 14 11 44 41 44 44 41 41
1 22 33 11 44 31 13 11 33 11 24 41 13 33 23 11 32 44 14 11 22 11 44 14 44 41 44 42 41 41
1 23 33 31 44 33 13 31 23 44 22 44 11 33 23 41 22 44 11 11 22 14 11 11 41 44 42 44 44 11
1 22 33 31 44 33 13 31 23 44 24 44 13 33 23 11 22 41 11 11 22 14 14 11 44 44 22 44 41 41
1 22 22 31 41 33 33 33 23 41 24 41 11 32 23 44 22 41 14 13 23 14 14 11 41 41 22 44 44 11
1 22 32 11 41 33 13 11 33 11 44 41 13 32 23 11 22 11 44 33 23 14 11 14 41 41 22 42 41 41
1 23 32 11 44 11 33 31 23 41 22 41 13 32 33 41 32 41 14 13 33 44 11 14 11 44 22 42 41 11
1 23 33 31 44 31 13 11 33 41 22 11 33 32 33 41 32 11 11 33 22 14 44 14 41 44 42 42 41 41
1 23 33 33 44 31 11 11 23 44 22 44 13 32 33 44 22 44 11 11 23 11 14 14 11 11 42 44 44 11
1 23 22 31 44 33 33 31 33 44 24 11 11 32 33 41 32 41 14 13 22 14 44 11 44 11 42 42 11 11
1 22 33 31 44 33 33 11 23 44 22 41 11 33 23 41 32 41 11 11 22 14 14 14 44 41 44 42 44 44
1 22 33 11 44 33 13 11 22 44 24 41 11 32 23 44 32 44 11 11 23 11 11 11 44 44 44 42 41 41
1 22 33 33 41 33 11 33 23 44 22 44 11 33 23 44 33 41 11 11 23 11 14 11 11 41 44 44 44 44
1 33 33 33 41 33 13 33 23 44 24 44 13 33 33 44 32 11 11 11 22 44 11 44 41 41 44 44 11 44
1 22 33 31 44 33 11 33 22 41 22 44 11 32 22 44 33 44 11 11 23 14 11 44 44 44 42 42 41 41
1 23 32 31 41 31 13 33 23 44 24 44 13 33 33 41 33 44 11 13 33 11 14 14 41 44 42 44 44 44
1 22 32 33 44 31 13 33 23 41 24 44 13 22 33 41 32 44 11 13 22 14 14 14 44 41 44 42 41 11
1 23 32 31 44 33 11 11 22 44 44 11 11 33 23 11 32 41 11 13 22 14 44 14 41 41 44 44 44 11
1 22 32 31 44 11 11 31 22 44 24 44 33 32 23 44 32 41 11 11 22 14 11 14 41 41 44 44 44 41
1 22 32 33 44 33 11 33 22 41 22 41 11 33 23 44 33 41 11 11 22 14 11 14 44 41 44 44 44 44
1 23 33 31 44 33 11 33 22 44 22 41 11 33 22 41 33 44 11 13 22 11 11 11 41 44 44 44 44 41
1 22 32 11 41 31 11 33 22 44 22 41 13 32 22 44 22 44 11 13 22 14 14 11 44 44 44 44 44 41
1 33 33 31 44 33 13 31 23 44 22 41 11 33 33 44 22 41 11 13 23 44 14 11 41 44 42 44 41 41
1 22 33 31 44 33 11 31 23 44 22 44 13 33 23 44 32 44 11 13 22 11 14 14 44 44 44 44 41 44
1 33 32 31 41 31 13 31 23 44 22 44 11 33 23 41 32 11 11 11 23 14 14 11 44 41 44 42 44 44
1 33 33 11 41 33 13 11 33 44 24 41 11 22 33 41 22 41 14 13 23 14 14 14 41 41 42 42 11 41
1 23 32 33 44 31 11 31 23 44 22 44 13 33 23 41 32 41 14 11 22 14 14 11 41 44 44 44 44 44
1 22 33 31 44 11 11 11 22 41 24 41 13 33 22 41 32 41 14 11 23 11 44 44 44 11 42 44 44 41
1 22 33 11 44 33 13 33 22 44 24 41 13 33 33 44 32 11 11 11 22 11 14 44 41 11 22 44 11 41
1 23 33 33 44 33 13 33 22 44 24 44 13 33 22 41 32 41 14 11 23 14 14 11 44 41 22 42 41 41
1 22 32 11 44 31 33 31 22 44 24 11 13 33 33 11 32 41 14 13 33 14 14 14 41 41 42 44 41 41
1 22 33 33 44 33 33 33 23 44 22 44 13 33 23 41 33 11 11 13 23 14 11 11 11 44 44 44 41 44
1 22 22 31 44 33 13 11 33 44 24 41 13 33 22 11 32 44 11 13 23 44 14 11 44 41 42 44 41 44
1 22 32 11 44 33 13 31 22 44 22 44 13 33 23 11 22 11 11 11 22 14 14 11 11 44 44 44 41 41
1 23 32 11 44 31 13 31 23 44 22 41 33 32 23 41 33 44 14 33 23 14 11 44 41 44 42 42 11 44
1 23 33 33 44 31 33 31 23 44 24 41 13 33 22 41 22 41 14 11 23 14 14 14 11 44 44 42 11 44
1 23 33 11 44 33 33 33 33 44 22 11 11 32 23 41 22 41 14 13 23 11 11 11 44 44 42 44 44 11
1 22 32 11 44 31 13 31 23 44 22 44 13 32 23 44 33 44 14 13 23 11 11 11 41 41 42 44 41 11
1 22 33 11 41 33 13 31 33 44 22 44 13 33 23 44 33 41 14 11 22 11 11 11 44 41 42 42 41 44
1 23 33 11 44 33 33 31 33 44 24 44 11 33 22 44 32 41 11 11 22 44 11 11 44 41 42 42 41 41
1 22 33 31 44 31 13 33 33 44 22 41 11 33 23 41 22 44 11 13 22 44 11 11 44 11 42 44 41 41
1 22 33 31 44 33 13 33 22 44 24 44 11 32 22 11 32 41 11 13 22 14 11 11 44 44 44 44 41 44
1 23 32 31 44 33 13 31 23 41 22 41 13 32 33 41 32 41 11 33 22 14 14 14 11 41 44 44 41 11
1 33 32 11 41 33 13 31 23 44 22 44 13 22 23 11 22 41 11 13 23 14 14 11 41 41 22 44 41 11
1 23 33 33 41 11 33 31 22 41 44 11 13 33 33 11 32 44 11 11 23 14 14 14 41 11 42 44 41 41
1 22 33 31 44 33 33 33 23 44 22 44 11 33 33 44 32 41 14 11 22 14 11 14 41 44 42 44 44 41
1 23 32 31 41 31 33 33 33 41 24 41 11 32 23 11 22 41 14 33 23 14 14 14 41 41 42 44 41 41
1 22 33 11 44 11 13 31 23 44 44 11 13 32 23 11 22 41 14 13 33 44 14 14 41 44 22 44 41 11
1 22 33 31 44 33 11 33 22 44 24 44 11 32 23 44 32 44 11 11 23 14 14 11 41 44 44 42 44 41
1 22 33 33 44 31 33 33 22 41 22 44 11 33 22 44 33 41 11 13 22 11 11 44 44 44 44 44 44 44
1 22 33 33 44 33 11 33 22 44 24 41 11 33 22 41 33 41 11 13 22 11 44 11 44 44 44 42 44 41
1 23 32 31 44 33 13 31 23 41 22 41 13 32 33 41 32 11 11 13 22 14 14 44 44 44 42 44 44 41
1 22 33 31 44 33 33 31 23 44 22 44 11 32 22 41 22 44 11 11 23 11 11 11 11 41 44 44 44 11
1 22 32 33 44 31 33 33 23 41 22 44 11 33 22 41 32 44 14 11 22 14 14 44 41 44 42 44 11 41
1 22 33 31 44 31 11 33 22 44 24 44 11 32 23 44 32 41 11 11 22 14 11 11 41 44 22 44 44 44
1 23 33 33 11 33 13 31 22 44 24 41 11 33 23 41 32 41 14 11 23 14 11 14 44 44 44 44 41 41
1 22 33 11 44 31 13 11 22 44 24 11 13 33 23 44 32 41 14 33 23 44 14 11 41 41 42 44 11 44
1 22 33 11 44 31 13 31 22 44 24 44 11 33 22 41 22 41 11 33 22 14 11 14 44 41 42 42 41 11
1 22 33 31 41 31 13 31 33 44 24 11 13 32 23 41 32 11 11 13 22 14 14 44 11 41 42 42 41 11
1 22 33 31 44 33 11 33 23 44 44 41 11 32 23 41 32 44 11 13 22 14 11 11 41 41 42 44 44 44
1 23 32 11 41 33 13 11 23 44 24 11 13 32 33 11 32 41 14 11 22 11 14 14 41 41 42 44 11 44
1 22 33 31 44 33 13 33 23 41 22 41 13 32 23 44 32 44 11 11 22 11 14 11 11 41 44 44 41 41
1 22 32 11 44 31 13 33 23 44 44 41 13 33 22 41 32 44 14 11 22 11 11 11 41 41 22 42 41 41
1 23 32 11 41 31 13 11 33 44 44 41 33 32 33 11 32 11 14 13 23 44 44 14 41 41 42 42 11 11
1 22 32 31 44 33 11 31 22 44 22 41 11 32 22 41 33 44 11 13 23 14 14 14 44 44 42 44 41 41
1 22 33 33 44 31 11 33 22 44 22 44 11 33 23 41 33 44 11 13 22 11 14 11 44 44 44 44 44 44
1 22 32 31 41 31 13 33 23 44 22 44 11 32 22 11 32 44 14 13 23 14 11 11 44 44 44 44 41 41
1 23 33 31 44 33 13 33 33 44 22 44 13 33 23 11 32 44 14 13 23 11 11 11 41 11 44 42 44 41
1 22 33 33 44 33 33 33 33 44 44 44 11 32 23 41 22 44 11 11 22 14 11 14 44 44 22 44 44 44
1 22 33 31 41 33 33 33 23 44 24 44 11 33 22 41 32 41 11 11 22 14 11 14 41 11 44 44 44 44
1 33 32 31 44 31 13 31 22 41 24 41 13 33 33 11 32 41 11 13 22 11 14 11 44 41 42 42 41 44
1 23 33 33 44 31 13 33 23 41 22 44 11 32 22 44 33 41 11 11 23 11 11 11 44 44 44 44 44 44
