 rs12117956 rs12117705 rs6598875 rs12753649 rs6687674 rs17162492 rs10751722 rs11247626 rs10794500 rs10902652 rs6598877 rs7540961 rs4440880 rs7530701 rs4460661 rs17262181
0 11 13 22 32 11 11 44 32 22 33 11 42 42 32 11 44
0 14 13 33 33 44 41 44 32 33 22 44 42 42 33 14 41
0 11 11 33 32 44 41 41 33 33 23 44 44 44 22 11 41
0 11 11 32 33 41 41 44 32 33 23 44 44 44 32 14 44
0 14 33 32 32 11 11 41 32 32 33 11 22 22 32 14 44
0 14 11 33 32 44 41 44 33 33 22 44 42 42 32 11 44
0 14 13 32 33 41 41 41 32 32 33 44 42 22 32 14 41
0 11 33 22 33 41 11 41 32 32 23 44 42 42 32 14 44
0 14 11 32 33 44 44 41 32 32 22 41 44 42 32 11 44
0 11 13 33 32 41 44 41 33 32 22 44 42 44 32 14 41
0 14 11 32 32 41 11 44 32 33 22 44 44 44 32 11 44
0 11 11 33 33 44 44 44 33 33 22 44 44 44 33 11 44
0 11 11 33 33 41 41 44 32 32 23 44 42 42 32 11 41
0 11 11 32 33 44 44 44 33 33 23 44 44 42 32 11 44
0 11 11 33 33 44 41 44 33 32 23 44 42 44 33 14 44
0 11 11 33 32 44 44 44 33 32 33 44 44 42 32 14 44
0 11 13 22 33 11 41 41 22 33 23 44 42 42 22 11 41
0 14 11 32 33 41 44 44 32 33 23 44 44 44 32 11 41
0 14 11 32 32 41 41 44 22 22 23 41 44 42 32 14 11
0 11 33 32 32 11 41 41 22 32 33 44 22 22 32 14 41
0 11 11 33 33 41 44 41 32 32 22 44 44 42 33 11 44
0 11 11 32 33 44 44 44 33 33 22 44 44 44 33 11 44
0 11 11 32 32 44 44 44 33 32 22 44 42 44 32 11 44
0 11 13 32 33 41 41 41 33 32 22 44 44 42 32 14 44
0 14 13 33 33 41 41 41 33 32 23 44 42 42 32 14 41
0 14 33 32 32 11 41 44 22 32 33 44 44 22 22 44 41
0 11 13 22 32 11 41 44 32 22 33 41 42 22 32 14 44
0 11 13 32 33 41 41 44 22 32 23 44 44 44 32 11 44
0 14 11 22 33 11 11 41 32 22 33 41 22 42 22 14 44
0 14 13 22 32 11 41 41 22 32 23 41 42 42 22 14 41
0 14 11 32 33 44 44 44 33 33 23 44 44 22 32 11 44
0 11 13 22 32 11 41 41 32 33 33 44 42 44 22 44 44
0 11 11 22 33 11 11 41 33 32 23 44 42 22 32 14 41
0 14 13 33 33 44 41 41 32 32 23 44 44 44 32 11 44
0 11 11 33 32 44 41 44 33 33 22 44 44 44 33 11 44
0 14 13 32 32 41 11 44 22 32 23 44 42 42 32 44 41
0 14 33 32 32 11 11 41 32 22 33 41 42 22 22 44 41
0 14 13 22 33 41 41 44 32 33 23 41 42 42 22 11 44
0 11 11 33 32 41 41 44 33 33 22 44 44 42 33 11 41
0 11 11 33 33 44 41 44 32 32 23 44 42 44 32 14 41
0 11 11 33 33 41 44 44 32 33 22 44 44 42 32 44 41
0 14 11 32 33 44 44 44 33 33 23 44 44 44 33 14 44
0 11 13 32 32 41 41 41 22 32 33 11 22 42 32 14 44
0 11 11 32 32 41 44 44 33 33 22 44 42 44 32 11 44
0 11 11 33 33 44 44 44 33 32 22 44 44 44 33 11 44
0 11 33 32 33 11 11 44 32 33 33 44 22 22 22 14 41
0 44 11 22 33 41 41 44 32 32 33 44 42 22 22 44 11
0 11 11 33 33 44 44 44 33 32 22 41 44 44 33 11 44
0 14 13 33 32 41 41 44 33 32 23 44 42 42 32 11 44
0 11 13 32 32 11 11 44 22 33 33 44 42 22 22 11 41
0 11 13 33 32 41 11 44 33 33 22 44 44 42 32 11 44
0 14 13 33 32 41 11 41 32 33 23 44 44 42 32 14 41
0 11 11 33 33 44 41 44 33 32 22 44 44 44 32 11 44
0 11 13 33 32 41 44 41 32 33 23 44 42 42 33 14 44
0 14 11 32 33 44 44 44 33 33 22 44 42 44 33 11 44
0 11 13 32 32 41 41 44 32 32 23 44 42 42 32 14 44
0 14 13 33 33 11 41 44 33 32 23 44 42 42 32 14 44
0 11 13 32 33 41 41 44 33 32 22 44 44 44 32 14 44
0 44 13 32 33 44 44 44 22 33 23 44 42 44 33 11 44
0 44 33 32 33 41 44 41 32 32 23 41 22 42 22 14 44
0 11 11 32 33 44 44 44 33 33 22 44 42 44 33 14 44
0 11 13 33 33 41 41 44 32 33 23 44 42 44 32 11 44
0 11 13 22 33 41 11 44 33 32 23 44 44 42 32 14 44
0 14 13 22 33 44 11 41 22 33 22 41 22 44 33 14 41
0 11 11 32 33 41 41 44 33 32 23 44 44 44 33 14 44
0 11 13 22 33 41 41 41 32 33 23 41 42 42 32 14 44
0 11 11 32 33 11 41 44 33 33 22 44 22 42 22 14 44
0 14 13 32 22 41 41 41 32 32 22 41 44 42 32 14 41
0 11 13 22 32 41 41 41 33 33 23 44 42 44 32 11 41
0 11 13 33 33 44 41 44 32 33 33 44 44 44 33 14 44
0 14 11 32 33 44 41 44 32 32 23 44 42 42 32 14 44
0 11 13 32 32 44 44 44 33 32 23 44 42 42 32 11 44
0 14 33 32 32 41 11 44 32 32 23 41 42 42 32 14 44
0 14 13 32 33 44 41 44 32 32 23 44 22 44 33 14 44
0 14 11 32 33 41 41 44 33 33 23 44 42 42 32 11 44
0 11 13 32 33 41 41 41 22 32 22 44 22 42 33 14 44
0 11 13 32 33 11 41 44 22 22 23 41 22 42 32 14 44
0 11 13 32 33 44 41 44 32 32 23 44 42 42 32 11 44
0 11 11 22 33 44 41 44 33 32 22 44 44 44 32 11 44
0 11 11 32 32 41 41 11 32 32 23 44 22 22 22 14 41
0 11 11 33 33 44 44 44 33 33 22 44 44 44 32 11 44
0 14 33 32 33 44 41 44 32 32 33 41 44 44 33 11 44
0 14 13 32 32 11 44 44 32 22 33 44 22 22 22 44 44
0 11 13 33 33 11 44 44 33 33 23 41 42 44 32 11 41
0 11 13 32 33 44 11 44 32 32 22 44 42 22 32 11 44
0 14 11 22 32 11 11 41 32 32 23 41 42 42 32 11 41
0 14 11 32 32 44 41 44 33 32 23 44 44 42 22 14 44
0 11 11 32 32 41 44 44 33 33 22 44 44 44 33 11 44
0 11 11 32 33 44 44 44 33 33 23 44 44 44 32 11 44
0 11 11 33 33 41 44 44 33 33 23 44 44 44 32 11 44
0 11 11 32 32 44 41 44 33 22 23 44 44 42 33 11 44
0 44 13 32 32 41 41 41 32 32 33 44 42 42 32 14 44
0 14 11 22 33 11 41 41 33 32 23 44 44 44 32 11 44
0 11 11 32 33 44 44 44 32 32 22 44 44 42 32 14 41
0 44 11 33 33 41 41 41 22 32 22 44 42 42 32 11 41
0 11 11 33 33 41 44 44 32 33 23 44 42 44 33 14 44
0 11 11 33 33 44 44 44 32 33 22 44 44 44 33 11 44
0 11 33 22 33 41 44 44 32 32 33 44 22 42 22 14 44
0 11 11 32 33 41 44 44 32 33 22 41 42 42 32 11 44
0 14 13 22 32 41 41 44 32 32 23 44 42 44 32 44 44
0 14 13 33 33 41 44 44 32 32 23 44 44 22 32 14 44
0 44 33 32 33 41 11 41 32 22 23 41 42 22 32 44 41
0 14 33 32 32 11 41 44 32 33 22 44 42 44 32 14 44
0 14 13 32 33 41 44 41 22 32 33 41 44 42 33 44 41
0 14 13 32 33 41 41 41 32 33 23 44 42 42 22 11 44
0 11 11 32 33 41 11 41 32 33 33 41 44 22 32 11 44
0 11 13 22 33 11 41 41 22 32 23 44 42 42 22 14 41
0 11 11 33 33 11 41 41 32 32 22 41 44 42 32 11 44
0 11 13 32 33 41 41 44 33 33 22 44 44 42 33 14 44
0 14 11 32 33 41 41 44 33 32 23 44 42 42 32 11 41
0 44 13 32 33 11 11 44 32 33 33 44 22 42 22 14 41
0 11 11 32 33 41 41 41 33 33 33 41 44 42 32 14 44
0 11 11 33 33 44 44 44 32 33 22 44 44 42 33 11 44
0 11 11 32 32 44 44 44 32 33 23 44 44 44 33 14 41
0 11 13 33 33 41 44 44 33 32 23 44 44 42 32 11 44
0 14 11 33 33 44 41 44 22 33 22 44 42 42 32 11 44
0 14 13 32 33 41 11 44 33 32 23 44 42 44 32 14 44
0 11 13 33 33 44 44 44 33 33 33 44 44 42 33 11 44
0 11 11 32 33 41 41 44 32 32 23 44 22 42 32 11 44
0 11 13 33 22 41 11 44 32 32 23 44 42 42 32 14 44
0 11 11 32 32 41 41 44 32 33 33 44 44 42 32 11 44
0 14 13 32 32 41 11 41 32 32 33 41 42 42 32 14 11
0 14 13 33 33 44 44 44 32 32 23 44 42 42 33 11 44
0 14 33 32 32 41 41 41 32 33 23 44 42 22 22 11 41
0 14 11 32 33 41 44 41 32 33 22 41 42 42 32 11 41
0 11 11 32 33 41 41 44 33 32 33 44 42 44 33 11 44
0 11 11 32 33 44 41 44 33 33 22 44 44 44 33 11 44
0 14 13 32 33 41 41 44 33 32 23 44 44 42 33 11 44
0 11 11 32 33 41 41 44 32 22 23 41 44 42 32 14 44
0 14 13 33 32 41 41 44 32 33 23 41 42 22 22 11 41
0 11 11 32 33 11 44 44 32 33 22 44 42 44 32 14 41
0 14 13 32 32 41 41 44 32 32 33 44 44 22 22 14 44
0 14 11 22 32 44 41 44 33 33 22 44 44 42 32 14 44
0 11 11 22 33 41 41 11 22 32 33 41 22 42 22 44 41
0 11 11 32 33 11 41 44 32 32 22 44 44 22 33 11 44
0 14 33 22 32 41 41 41 32 22 23 41 42 42 32 44 41
0 14 13 22 32 11 11 44 22 22 23 44 44 22 22 44 44
0 11 11 32 33 41 44 44 32 32 23 44 44 42 32 14 44
0 11 11 33 32 41 41 41 22 33 33 41 44 44 32 44 44
0 11 11 33 33 41 44 44 33 33 22 44 44 44 22 11 44
0 11 13 33 33 41 44 44 33 32 22 41 44 44 32 11 44
0 14 11 32 33 41 41 44 32 33 33 44 44 42 32 14 44
0 11 11 32 33 41 44 44 32 33 22 44 44 44 22 14 41
0 11 11 32 32 44 41 41 33 32 23 44 44 44 32 11 44
0 11 11 32 33 11 41 44 33 32 22 44 42 42 33 11 44
0 11 11 33 33 44 44 44 33 33 22 44 44 44 33 11 44
0 14 13 32 33 41 41 44 33 22 23 11 44 44 22 11 44
0 44 13 22 33 41 41 41 32 32 23 11 22 42 32 14 41
0 44 13 22 33 41 44 44 32 32 23 41 42 42 32 11 41
0 14 13 22 22 11 41 41 22 22 33 41 22 42 22 14 41
0 11 13 32 33 41 44 44 32 33 33 41 44 42 22 14 41
0 14 13 32 32 41 41 44 33 32 23 44 42 42 33 14 44
0 11 13 32 33 11 41 44 32 32 33 44 42 44 32 11 41
0 11 13 33 32 41 44 44 32 33 23 44 44 42 33 11 44
0 14 13 32 32 41 44 44 32 33 22 44 44 42 33 11 44
0 11 11 33 33 44 41 44 33 32 23 44 44 42 22 11 44
0 11 11 32 33 41 44 44 32 33 22 44 42 44 33 11 41
0 11 11 33 33 44 41 44 33 33 22 44 44 42 22 11 44
0 11 11 32 33 41 41 44 32 33 22 44 44 44 32 11 44
0 44 33 22 32 44 11 41 33 33 23 41 22 42 32 14 44
0 11 11 33 32 44 44 44 33 33 23 44 42 42 33 11 44
0 11 11 33 33 41 44 44 33 33 22 44 44 44 33 11 44
0 11 11 33 33 41 44 41 32 32 22 44 44 42 32 14 41
0 14 11 33 33 44 41 41 32 33 33 44 42 42 32 14 41
0 11 11 33 33 41 41 44 32 33 23 41 44 44 33 14 44
0 11 13 32 33 44 41 44 32 33 22 44 44 44 33 14 44
0 11 13 32 32 11 44 44 22 32 23 44 44 44 32 14 41
0 14 33 33 22 44 41 41 22 32 33 44 22 22 32 14 11
0 11 11 33 33 41 41 44 33 33 22 44 44 42 33 11 44
0 11 13 32 33 11 41 44 32 22 22 41 22 44 32 11 44
0 11 11 32 33 41 44 44 33 33 33 44 42 44 22 11 44
0 14 33 32 33 41 44 44 32 32 23 41 44 42 22 14 41
0 11 13 33 32 44 44 44 32 33 33 44 42 44 32 11 44
0 14 13 32 32 41 41 41 32 32 23 41 42 22 22 14 41
0 14 13 22 32 41 41 44 22 22 23 41 44 22 22 14 44
0 11 13 22 32 41 41 44 32 32 23 44 42 42 32 14 44
0 14 13 32 32 41 41 41 33 32 23 44 42 42 22 44 44
0 14 33 32 32 41 44 44 22 32 33 41 22 22 22 44 41
0 14 11 32 33 41 44 44 32 33 22 44 42 44 33 11 44
0 11 11 32 33 41 41 41 22 22 23 41 42 42 32 14 44
0 14 11 32 32 44 41 44 32 33 22 44 22 44 32 11 11
0 11 11 32 32 44 44 44 33 32 22 44 44 44 33 14 44
0 11 11 33 33 44 44 44 33 33 22 44 44 44 32 11 44
0 11 13 32 33 41 44 44 33 33 22 44 42 42 32 14 44
0 11 33 33 33 44 41 44 33 33 22 44 44 44 33 11 44
0 11 11 33 33 44 44 44 33 33 22 44 42 44 32 14 44
0 11 33 32 32 44 41 41 32 33 23 44 42 42 22 14 44
0 11 13 22 33 41 41 44 33 32 22 41 42 42 22 14 41
0 11 13 32 33 11 41 44 32 32 23 44 22 42 22 11 44
0 11 13 33 32 44 44 44 33 33 22 44 44 42 33 11 44
0 11 11 32 33 44 44 44 33 33 22 44 44 42 33 11 44
0 11 33 32 33 41 41 44 22 33 23 44 42 42 32 11 44
0 14 11 33 33 44 44 44 33 33 23 44 44 44 32 14 44
0 14 13 32 33 41 41 44 33 32 33 41 44 42 33 14 44
0 11 11 22 33 41 41 44 32 32 22 44 44 42 32 14 44
0 11 13 33 32 41 44 44 32 33 23 44 42 44 32 14 44
0 14 11 22 32 41 41 41 32 32 23 41 42 42 32 14 41
0 11 13 32 33 44 44 44 33 33 22 44 44 44 33 11 44
0 14 11 33 32 44 41 44 32 33 22 44 42 42 32 14 44
0 14 11 32 32 44 44 44 32 33 23 44 44 42 32 11 44
0 11 11 33 33 41 41 41 32 32 22 44 42 42 33 11 44
0 11 13 32 33 44 44 44 32 33 23 44 44 44 32 11 44
0 11 13 22 33 41 11 41 32 33 22 44 22 44 32 11 41
0 14 11 22 33 11 44 44 33 33 23 44 42 44 32 44 44
0 11 13 33 32 41 44 41 32 32 23 44 42 44 33 11 44
0 11 13 33 33 41 44 44 32 33 22 44 42 42 32 14 41
0 11 11 33 33 44 44 44 33 33 22 44 42 44 32 11 44
0 11 13 32 32 41 41 41 32 33 22 41 42 42 33 14 44
0 14 13 32 32 41 41 44 22 32 23 41 44 42 32 11 44
0 14 13 32 33 41 41 41 22 32 23 44 44 42 22 14 44
0 11 13 32 33 44 41 44 32 33 22 41 44 44 32 11 44
0 11 11 32 33 44 44 44 32 33 23 44 44 44 32 11 41
0 11 11 33 33 44 44 44 33 33 22 44 44 44 33 11 44
0 11 11 33 32 41 41 41 32 32 22 44 42 44 32 11 44
0 11 11 32 33 44 41 44 32 32 23 44 44 44 33 11 44
0 11 11 32 32 41 41 44 32 32 23 44 44 42 32 14 44
0 11 13 33 33 44 41 44 33 33 22 44 44 44 32 14 41
0 11 11 33 32 41 44 44 33 33 22 44 44 44 22 11 44
0 14 13 32 33 11 11 41 22 32 23 41 22 42 32 14 41
0 14 11 22 32 11 11 41 33 32 23 41 42 42 32 14 41
0 11 11 33 33 41 44 44 33 33 22 44 44 42 33 11 44
0 11 11 33 32 41 44 44 33 33 22 44 44 42 32 11 44
0 14 13 33 33 41 41 44 33 32 23 41 42 42 32 14 44
0 11 11 32 33 41 44 44 33 33 22 44 42 44 22 11 44
0 44 33 22 32 11 11 11 32 32 33 11 22 22 22 14 41
0 11 13 32 33 44 41 44 33 33 23 44 22 44 32 14 44
0 14 13 32 32 41 41 44 32 22 23 41 22 44 22 11 44
0 11 13 33 32 44 44 44 33 33 22 44 44 44 32 11 44
0 11 13 33 33 41 44 44 33 22 22 44 44 22 33 14 44
0 14 13 32 32 41 44 44 33 32 23 44 44 44 32 11 44
0 44 13 22 32 41 41 44 22 32 23 41 42 22 22 14 11
0 14 13 32 33 41 44 44 32 32 33 41 42 44 32 14 41
0 14 11 22 22 11 11 41 32 32 23 44 42 42 32 44 44
0 11 33 22 22 41 11 41 22 22 23 41 22 42 22 44 44
0 11 13 33 32 41 44 41 33 33 33 44 42 42 32 14 41
0 11 13 32 33 11 41 44 32 33 23 44 42 42 22 11 44
0 11 11 22 33 44 41 41 33 32 22 44 44 44 32 11 44
0 14 13 32 32 41 41 44 32 33 23 44 44 44 33 14 41
0 11 13 32 33 44 41 44 33 33 23 44 44 42 33 14 44
0 14 11 32 32 41 41 41 32 33 22 41 44 22 32 14 11
0 11 11 33 33 44 44 44 33 33 22 44 44 44 33 11 44
0 11 11 33 32 41 11 44 22 33 33 44 42 22 32 44 41
0 14 13 33 32 11 44 41 22 32 22 44 44 42 32 14 44
0 11 13 32 32 11 44 41 32 33 23 41 42 42 22 11 44
0 14 13 33 33 44 11 44 33 32 22 44 42 42 33 14 44
0 11 13 33 33 41 11 44 32 32 23 44 44 44 22 11 41
0 11 13 33 32 44 41 44 32 32 23 44 44 42 33 11 44
0 14 13 32 33 41 44 44 32 33 23 44 44 44 32 14 44
0 14 13 22 32 44 41 41 32 32 23 41 42 42 32 11 44
0 11 11 32 32 41 41 41 33 32 22 41 42 42 33 14 44
0 11 11 33 33 44 44 44 33 32 22 44 44 44 33 11 44
0 14 13 22 32 41 41 41 32 22 23 41 42 22 32 14 11
0 14 11 33 33 44 44 44 33 33 22 44 42 44 32 11 44
0 11 11 32 22 11 44 44 32 32 23 44 42 22 33 11 44
0 11 11 22 33 44 44 44 32 32 23 41 42 42 33 11 44
0 11 13 32 22 41 44 41 22 22 23 44 22 22 32 11 11
0 11 11 33 33 41 44 44 33 33 22 44 44 42 33 11 44
0 14 33 33 32 11 41 44 32 22 33 41 22 22 32 11 44
0 11 11 33 33 44 44 44 33 32 23 41 44 42 33 11 44
0 11 11 33 33 44 44 44 33 33 22 44 44 44 32 11 44
0 11 13 33 22 41 41 44 32 33 33 11 44 42 22 11 44
0 44 13 32 22 41 11 44 32 22 23 44 22 22 32 11 44
0 11 13 22 33 44 44 44 33 32 23 44 42 42 33 11 44
0 11 11 33 33 44 44 44 32 33 23 44 44 44 33 11 44
0 11 13 22 32 41 41 41 32 33 23 11 42 22 32 14 41
0 11 11 32 33 41 41 44 33 32 23 44 44 42 32 14 41
0 11 11 33 33 41 41 44 33 33 23 44 44 42 32 14 44
0 14 11 32 33 41 41 44 33 33 23 44 44 44 33 11 41
0 11 13 33 33 44 44 44 33 33 22 44 44 44 33 11 44
0 14 11 22 33 41 41 44 32 32 23 41 42 42 22 11 11
0 44 33 22 32 41 41 44 22 32 23 41 22 44 32 44 11
0 11 11 22 33 41 41 44 33 33 23 44 42 42 32 14 41
0 11 11 32 33 41 44 41 32 32 22 41 44 22 32 14 44
0 11 13 32 33 44 44 44 33 33 22 44 44 44 32 11 44
0 11 11 33 33 44 44 44 33 33 22 44 44 44 33 14 44
0 44 11 32 32 41 11 41 32 33 33 41 42 22 33 11 44
0 44 13 22 33 41 41 44 32 22 23 44 22 42 32 14 44
0 14 13 32 32 11 41 44 33 33 22 44 42 44 32 11 44
0 14 33 33 33 44 41 44 32 33 33 44 44 42 32 11 11
0 14 13 33 32 41 44 41 32 32 22 44 42 42 33 11 44
0 14 13 22 33 41 41 41 32 32 33 41 42 42 32 14 41
0 14 11 33 32 44 44 44 33 33 22 44 44 44 32 11 44
0 11 13 32 33 41 41 44 33 32 22 44 44 42 33 11 44
0 11 11 32 33 44 44 44 33 32 23 44 42 42 33 11 44
0 14 13 32 33 41 44 44 32 32 33 44 44 22 22 14 44
0 14 13 22 22 41 41 44 33 22 33 41 42 22 22 44 41
0 11 13 32 32 41 41 44 32 32 23 44 42 42 32 11 44
0 14 11 33 33 44 44 44 32 33 23 44 44 42 32 11 41
0 11 13 32 32 41 44 41 32 32 23 41 42 22 32 14 41
0 11 13 33 33 44 44 44 33 33 23 44 44 44 33 14 44
0 11 11 33 32 44 44 44 32 22 23 44 42 44 32 11 41
0 44 11 32 32 41 41 41 32 22 22 44 22 42 32 44 44
0 11 11 33 33 41 41 44 32 32 22 44 44 44 33 11 44
0 14 13 32 33 44 41 44 33 33 22 44 44 44 32 14 44
0 14 13 32 32 11 11 44 22 32 23 44 42 42 33 14 44
0 14 13 32 33 41 41 44 33 33 23 44 44 44 32 14 44
0 14 13 22 32 11 11 41 32 22 23 41 42 22 22 44 41
0 14 13 32 33 11 11 44 22 33 23 41 42 42 32 14 41
0 11 13 32 33 44 44 44 32 33 23 44 42 44 33 11 44
0 11 11 32 33 44 11 44 33 33 23 41 44 42 33 11 44
0 44 13 32 33 41 41 44 22 32 23 41 42 42 22 14 44
0 11 11 32 33 41 41 44 32 32 33 41 42 42 32 44 41
0 11 11 32 33 44 41 44 32 33 22 44 44 44 33 11 44
0 11 11 33 33 41 44 44 33 33 23 44 44 44 33 11 44
0 11 13 33 33 41 11 41 32 32 23 44 42 42 33 11 44
0 11 11 33 33 41 41 44 32 32 22 41 44 44 22 14 41
0 11 13 22 33 44 44 44 32 32 23 41 42 42 33 14 44
0 14 11 32 32 44 41 41 32 32 23 44 44 42 33 11 41
0 14 11 22 32 41 44 41 32 22 33 41 44 42 32 14 41
0 11 13 33 32 41 41 41 32 32 23 41 42 42 32 11 44
0 14 11 32 33 11 11 41 32 32 23 41 44 44 32 11 44
0 14 13 32 33 41 41 44 32 32 23 41 44 44 32 14 44
0 11 13 33 32 44 44 44 33 32 22 44 44 44 33 11 44
0 44 11 32 32 41 44 41 33 22 33 41 42 22 22 14 44
0 11 11 33 33 44 41 44 32 32 22 44 42 44 32 11 44
0 44 33 22 22 11 11 41 32 33 33 41 44 42 22 44 11
0 14 11 32 33 41 44 44 33 33 23 44 44 42 32 11 44
0 14 13 33 33 44 44 44 33 32 22 41 44 44 33 11 44
0 44 33 22 32 11 41 11 32 32 23 41 42 42 32 14 41
0 11 13 33 33 44 44 44 33 33 23 44 44 42 32 11 44
0 14 11 32 33 44 44 44 33 33 22 41 44 44 32 44 44
0 44 13 32 33 11 11 44 32 33 23 44 42 44 22 11 41
0 11 13 22 33 44 41 44 33 33 22 41 42 42 32 11 44
0 14 33 33 32 41 44 44 32 32 23 41 42 42 32 11 41
0 14 13 32 33 41 41 44 33 33 22 44 44 44 33 11 44
0 11 13 33 32 44 11 41 33 32 33 41 42 22 32 14 41
0 44 11 33 33 44 44 44 33 32 22 44 44 44 33 14 41
0 14 13 22 33 41 41 41 32 32 23 41 42 42 22 14 41
0 11 13 33 33 44 41 44 33 22 22 44 44 44 33 11 44
0 11 11 33 33 41 44 44 33 33 23 44 44 44 32 11 44
0 11 33 32 33 11 11 41 22 22 33 44 22 42 22 44 11
0 11 13 22 33 41 41 44 22 33 23 44 44 42 33 11 44
0 11 11 32 33 41 41 41 32 33 22 44 44 42 32 14 41
0 11 11 32 33 44 11 44 32 32 23 44 44 44 33 14 44
0 14 13 32 33 11 41 44 32 32 23 44 42 42 22 14 41
0 11 11 33 33 44 44 44 33 33 22 44 44 44 33 11 44
0 11 11 32 33 41 41 44 32 32 23 41 42 42 22 11 44
0 44 33 22 22 41 41 41 22 22 33 44 22 22 22 14 41
0 11 11 33 32 44 44 44 33 33 22 44 44 44 32 11 41
0 11 13 32 33 41 44 44 33 32 23 44 42 22 32 14 44
0 11 11 33 33 44 44 44 33 33 22 44 44 44 33 11 44
0 14 11 32 33 41 41 44 33 33 23 44 42 44 32 14 44
0 11 11 32 33 44 41 44 33 33 22 44 44 44 32 14 41
0 11 11 33 33 41 44 44 32 32 22 41 42 44 33 11 44
0 11 13 22 32 41 11 44 32 32 33 41 22 22 22 11 41
0 11 11 33 33 44 44 44 33 32 22 44 42 44 32 11 44
0 44 33 32 33 41 41 41 32 33 23 44 42 42 33 14 41
0 14 13 32 32 41 11 41 32 33 23 44 42 42 22 11 41
0 14 13 32 33 11 41 44 32 33 33 44 42 44 33 11 44
0 44 13 22 33 11 11 41 32 32 33 44 42 22 32 14 11
0 11 13 32 32 44 44 44 32 33 22 44 42 44 32 11 44
0 14 33 32 32 41 11 44 32 22 23 41 44 22 22 14 41
0 11 13 22 33 44 44 41 33 22 23 44 42 42 32 11 41
0 11 11 22 32 41 44 44 32 32 23 41 42 22 22 14 41
0 14 13 22 32 11 41 11 32 22 33 44 22 22 22 14 41
0 11 13 33 32 41 44 44 32 33 23 44 44 42 32 14 44
0 11 13 32 32 44 41 41 32 32 23 44 42 42 32 14 41
0 14 11 33 33 44 41 44 32 32 22 41 42 44 32 44 41
0 11 11 32 33 41 44 44 32 32 23 41 22 44 32 11 44
0 14 13 22 32 11 41 41 33 32 33 44 22 42 33 14 41
0 11 11 22 33 41 44 44 32 32 22 44 44 42 33 11 44
0 14 33 32 33 41 11 44 32 32 33 44 22 44 32 14 41
0 11 11 33 32 44 44 44 33 32 23 44 42 42 32 14 41
0 11 13 33 33 41 41 44 33 33 23 44 44 44 33 11 44
0 14 11 33 33 41 41 44 33 33 22 44 42 42 32 14 44
0 14 33 32 32 11 11 44 32 33 23 44 22 44 32 11 41
0 14 13 22 32 41 11 44 32 32 23 41 22 42 32 14 41
0 14 11 32 33 44 44 44 33 32 23 44 44 44 32 11 44
0 11 11 33 33 44 44 44 33 32 23 44 44 42 32 11 44
0 14 33 22 33 11 41 44 32 33 33 44 44 44 32 14 44
0 14 33 33 32 44 41 41 22 32 33 41 22 42 32 14 44
0 14 13 32 32 41 11 44 22 22 33 41 42 22 32 14 41
0 14 11 32 33 44 44 44 33 33 22 44 42 42 33 11 44
0 44 13 22 32 41 41 41 32 22 33 44 22 42 22 14 41
0 14 11 32 33 41 41 41 32 32 23 44 42 42 32 14 41
0 11 11 32 32 41 41 44 32 33 33 41 42 42 32 14 44
0 11 33 22 33 41 41 44 22 32 23 44 44 22 22 14 11
0 11 11 32 33 41 44 41 33 33 23 44 42 44 33 11 44
0 11 11 33 33 44 44 44 33 33 22 44 44 44 33 11 44
0 14 13 22 32 41 41 41 32 22 23 11 42 42 32 44 41
0 11 13 33 33 41 11 44 32 32 22 44 42 44 33 11 44
0 11 11 33 33 41 41 44 33 32 22 44 44 44 32 11 44
0 14 13 22 32 11 41 44 33 32 23 44 42 44 32 11 44
0 14 13 32 33 44 44 44 33 32 23 41 42 44 32 14 44
0 11 33 32 32 11 41 41 32 32 23 41 42 42 32 14 41
0 14 13 32 33 41 41 44 32 33 22 41 42 42 32 11 44
0 11 11 33 33 44 41 41 32 22 23 44 42 42 32 14 44
0 14 11 33 32 11 41 44 32 32 22 44 42 42 33 11 44
0 11 11 22 33 11 41 44 33 33 22 44 42 42 22 11 44
0 11 11 22 33 41 41 44 33 22 22 44 44 44 32 11 44
0 14 11 32 33 44 44 44 32 33 22 44 42 44 32 11 44
0 14 13 32 32 11 11 44 22 22 23 41 44 42 32 44 41
0 11 13 33 33 44 41 44 33 33 22 41 44 44 32 11 44
0 11 11 32 33 44 44 44 33 33 23 44 42 44 22 44 44
0 11 13 33 33 44 44 44 33 33 22 44 44 44 33 11 44
0 14 13 22 32 44 41 44 32 32 33 44 42 22 32 14 44
0 11 11 32 33 44 44 44 22 33 22 44 44 42 33 14 44
0 11 13 22 33 41 11 44 32 22 22 44 44 42 33 14 44
0 11 11 33 33 41 44 44 32 33 22 44 42 42 33 11 44
0 14 13 33 33 41 11 41 32 32 22 44 42 42 22 11 44
0 14 13 32 32 41 41 44 22 22 23 41 42 42 32 14 41
0 14 11 32 32 11 41 41 32 32 33 41 42 22 22 14 41
0 11 11 22 32 11 41 41 32 32 33 41 42 22 32 44 41
0 11 13 33 33 44 41 44 32 32 22 44 44 44 32 14 44
0 14 13 32 33 41 41 44 32 32 33 44 42 42 22 11 44
0 14 11 32 33 44 44 44 33 32 22 41 44 42 32 14 44
0 14 13 32 32 41 41 44 33 32 23 44 44 42 32 14 44
0 11 11 32 33 44 44 44 32 33 22 44 42 44 33 14 44
0 44 11 22 32 41 11 11 32 32 33 44 22 22 22 14 11
0 11 33 33 33 44 44 44 33 33 33 44 42 44 33 11 44
0 11 13 22 33 11 44 44 33 33 23 11 42 42 32 14 44
0 11 11 33 32 11 11 44 22 33 22 44 44 22 33 11 44
0 11 13 33 33 44 44 41 32 32 22 44 42 42 33 14 44
0 11 11 33 33 41 44 44 32 32 23 44 42 44 32 11 44
0 11 11 33 32 44 41 44 33 32 22 44 44 42 32 11 44
0 14 13 32 32 41 41 41 33 32 23 44 44 44 33 14 41
0 11 13 33 33 41 44 44 33 33 33 44 44 42 32 11 44
0 11 11 32 33 41 44 44 32 33 23 44 44 42 33 11 44
0 11 33 32 33 11 41 44 33 32 23 41 22 44 22 11 41
0 11 33 32 32 11 41 44 22 32 33 11 42 42 22 14 44
0 11 11 22 33 44 41 44 33 33 22 44 44 44 33 14 44
0 11 13 33 33 44 11 41 32 22 22 41 22 44 22 14 44
0 11 13 32 33 41 11 44 33 33 33 11 44 44 22 14 41
0 11 13 33 33 41 44 44 32 33 22 44 44 42 33 11 44
0 11 33 32 33 41 44 44 22 33 22 44 44 42 32 14 41
0 11 11 33 33 41 44 44 32 32 33 44 44 42 32 11 44
0 11 11 33 33 41 44 44 33 33 22 44 44 44 33 11 44
0 14 13 32 33 11 41 44 32 33 23 44 44 42 33 11 44
0 44 13 32 32 41 41 41 32 32 33 44 44 42 32 14 44
0 14 11 33 33 44 44 44 32 33 23 44 42 44 33 14 44
0 11 11 33 33 41 41 41 33 33 22 41 42 44 33 14 41
0 14 13 32 33 11 41 44 33 32 23 44 42 44 32 11 44
0 11 13 33 33 41 41 41 33 32 22 44 44 42 32 11 44
0 44 33 22 22 11 11 41 22 22 33 11 22 22 22 14 41
0 14 13 32 33 41 44 41 32 32 23 41 44 42 22 11 44
0 14 13 32 32 41 41 44 32 32 23 41 42 42 32 14 11
0 11 13 33 33 44 44 44 33 33 22 41 44 44 33 11 44
0 14 13 32 32 41 11 44 32 32 23 44 42 42 32 14 41
0 11 11 32 22 41 41 44 32 32 23 44 44 42 32 11 44
0 14 13 33 33 44 41 44 32 32 22 44 44 44 32 14 44
0 14 13 32 33 41 44 41 33 33 23 44 42 44 32 11 44
0 14 11 33 33 41 41 44 33 32 22 44 44 44 32 14 44
0 44 13 32 33 41 41 44 32 33 23 44 44 22 33 14 44
0 14 33 22 32 11 41 44 22 32 22 41 44 22 22 14 41
0 14 13 22 33 41 44 41 33 32 23 41 44 42 22 11 44
0 14 11 33 33 44 44 44 32 33 22 44 42 44 32 11 44
0 14 13 32 32 41 41 41 33 32 23 41 22 42 33 44 44
0 11 11 33 32 41 41 44 33 32 22 41 42 42 32 11 44
0 11 11 33 32 41 11 44 33 33 23 44 44 42 22 11 44
0 11 11 32 33 44 44 44 33 33 22 44 44 42 22 11 44
0 11 11 32 33 41 44 44 22 33 22 41 42 44 32 14 44
0 11 13 33 33 44 44 44 33 33 23 44 44 44 33 11 44
0 11 13 32 32 11 11 41 33 32 23 44 42 42 32 14 44
0 11 11 32 32 41 44 44 33 33 23 44 44 44 33 14 44
0 14 33 22 32 41 41 41 32 32 23 41 42 22 22 14 41
0 11 13 32 33 41 11 44 32 33 23 41 22 44 32 11 41
0 14 13 32 22 41 41 41 33 22 23 41 42 42 22 14 44
0 11 13 32 33 41 41 41 33 33 22 41 42 42 32 14 44
0 11 13 32 33 41 11 44 32 32 33 44 44 42 22 44 44
0 14 11 32 32 11 11 44 32 33 23 11 44 42 22 11 44
0 14 13 22 33 41 41 41 33 33 23 41 42 42 32 14 41
0 11 11 32 33 44 41 41 32 32 23 41 42 42 32 14 41
0 11 11 32 33 41 44 44 33 32 23 41 44 44 32 11 41
0 11 13 33 33 41 44 44 32 32 23 44 42 42 32 14 41
0 44 33 22 32 11 11 41 32 22 33 44 44 42 32 14 41
0 11 33 32 32 41 41 44 22 32 23 44 42 44 32 11 44
0 14 13 32 33 44 44 44 32 32 23 41 42 42 22 11 44
0 11 11 33 32 44 44 44 33 33 22 44 42 44 33 11 44
0 11 11 33 33 44 44 44 33 33 23 44 44 44 32 11 44
0 11 13 33 33 41 11 44 32 33 33 44 22 42 33 14 44
0 14 11 32 33 44 41 44 33 32 23 41 44 42 33 14 44
0 11 11 32 32 41 41 41 32 32 23 41 42 22 32 44 44
0 11 13 33 33 44 41 44 32 33 23 41 42 44 32 11 44
0 44 13 22 32 11 41 44 32 33 33 44 22 22 33 14 44
0 11 11 32 32 41 41 44 22 33 22 44 42 42 22 44 41
0 11 13 32 33 41 41 41 22 32 23 44 42 44 33 44 41
0 14 13 32 33 41 44 41 33 33 22 44 44 44 33 11 41
0 14 13 22 33 41 41 11 22 22 23 41 42 42 32 14 11
0 11 11 33 33 41 41 44 33 33 23 44 44 44 33 11 44
0 14 13 32 32 44 44 44 32 33 22 41 42 44 33 11 44
0 14 13 32 32 41 44 41 22 32 23 41 44 42 22 44 44
0 11 11 32 32 44 44 44 33 33 22 44 44 44 33 11 44
0 14 11 22 33 44 41 44 32 32 23 41 42 42 22 14 44
0 11 13 33 33 44 44 41 33 33 22 44 44 44 32 11 44
0 11 11 33 33 44 44 44 33 33 22 44 44 44 33 11 44
0 14 13 22 32 41 41 41 32 32 23 41 42 42 32 14 41
0 11 13 32 33 41 41 41 22 32 23 41 42 44 32 14 41
0 11 13 33 33 44 44 44 32 32 23 44 42 42 32 11 44
0 11 11 33 33 44 44 44 33 33 22 44 44 44 32 11 44
0 14 13 33 33 41 41 41 32 22 23 44 42 42 32 14 44
0 14 13 32 32 41 44 44 32 22 23 44 42 42 32 14 41
0 14 11 22 33 11 41 41 33 33 33 44 44 42 22 14 44
0 11 11 32 32 41 44 44 32 33 22 44 44 42 33 11 44
0 11 13 32 33 44 41 44 33 32 23 44 42 42 32 11 44
0 14 13 32 32 41 11 44 32 32 22 44 42 42 22 14 41
0 14 13 22 33 41 44 44 33 32 23 44 42 22 22 14 44
0 11 11 33 33 44 44 44 33 33 22 44 44 44 33 11 44
0 11 11 33 33 44 44 44 33 33 22 44 44 44 33 11 44
0 11 11 33 33 44 44 44 32 32 23 44 42 44 32 11 44
0 11 11 32 33 44 41 44 33 33 22 44 44 44 33 14 44
1 11 13 32 33 44 44 44 33 33 22 44 44 44 33 11 44
1 14 33 32 32 41 11 44 22 22 33 41 42 22 22 14 41
1 11 11 33 33 44 44 41 32 32 22 44 44 44 33 11 44
1 11 13 33 33 44 41 44 32 32 22 41 44 22 33 11 44
1 11 11 32 33 44 44 41 32 32 33 44 22 44 33 11 44
1 14 11 22 33 41 41 44 32 33 23 44 42 22 22 11 11
1 11 33 32 33 41 44 44 32 33 23 44 44 44 33 11 44
1 11 13 33 32 44 41 44 33 32 22 44 44 44 32 11 44
1 11 11 32 33 41 41 44 32 33 23 41 42 42 32 14 44
1 14 13 32 32 41 41 41 32 32 23 44 42 42 32 11 44
1 44 13 32 32 41 11 41 33 32 23 41 42 42 33 14 41
1 11 13 33 33 41 41 44 22 33 23 41 44 42 32 11 41
1 11 11 33 33 44 44 44 33 33 22 44 44 44 32 11 44
1 11 11 32 33 44 41 44 33 32 22 44 44 42 32 11 44
1 11 11 33 33 44 44 44 33 32 22 41 42 44 32 11 44
1 11 33 32 32 41 41 41 32 33 23 41 42 42 33 14 44
1 14 33 32 33 41 44 41 32 32 33 44 42 42 33 14 44
1 11 11 22 33 41 41 44 32 33 23 44 44 42 32 11 44
1 14 13 22 32 41 41 41 22 32 23 41 22 42 22 14 41
1 11 13 33 32 44 44 44 33 32 22 41 44 22 32 11 41
1 14 13 33 32 41 44 44 32 32 23 44 42 42 32 11 44
1 11 13 32 33 44 44 44 33 33 22 44 44 44 22 11 44
1 11 11 32 33 44 44 44 32 32 22 41 42 44 33 11 44
1 14 11 22 32 41 41 44 32 32 23 44 22 42 22 14 44
1 11 11 33 33 44 44 44 33 32 22 44 44 44 33 11 44
1 14 11 32 33 41 41 44 33 32 23 44 44 42 22 11 41
1 11 11 33 33 41 44 44 33 33 23 44 42 44 33 11 44
1 14 13 33 32 41 41 41 32 32 23 41 44 42 22 14 41
1 11 11 32 33 41 41 44 33 32 23 44 42 42 22 11 41
1 44 11 32 33 41 41 44 33 33 22 44 44 42 32 14 44
1 11 11 33 33 44 41 44 32 32 23 44 42 44 33 14 41
1 11 11 33 33 41 44 41 33 32 23 41 42 44 33 11 41
1 11 11 33 33 44 41 44 33 33 22 44 44 44 33 11 44
1 11 13 32 22 44 11 11 22 32 23 44 22 42 32 11 44
1 11 11 33 33 41 41 44 33 33 22 44 44 44 33 11 44
1 11 33 22 33 41 41 44 22 33 22 44 44 42 33 11 44
1 14 13 32 33 41 44 41 32 32 33 44 42 42 32 14 44
1 11 11 33 32 44 44 44 32 33 33 44 42 44 32 14 41
1 11 11 33 33 41 44 44 33 33 22 44 44 44 33 11 44
1 14 13 32 32 44 41 41 32 32 23 44 42 42 32 11 44
1 44 33 22 22 11 41 41 32 22 23 41 42 42 22 14 11
1 11 11 32 33 44 44 44 33 32 22 44 44 44 32 11 44
1 14 33 22 32 11 41 11 32 32 33 11 22 22 22 44 41
1 11 11 32 33 41 44 41 33 33 22 44 44 22 32 11 44
1 11 11 32 33 44 44 44 33 32 22 44 44 44 33 14 44
1 11 11 33 33 44 44 44 32 33 23 44 44 44 32 11 44
1 11 13 32 33 11 44 41 32 33 23 44 44 42 32 11 41
1 14 13 32 33 41 41 44 33 32 23 41 42 44 32 11 41
1 11 11 32 32 44 44 44 32 33 23 44 42 44 22 14 44
1 14 13 33 33 41 44 41 33 22 33 44 44 44 32 11 44
1 44 33 22 22 11 11 11 22 32 33 11 42 22 22 14 11
1 44 11 32 33 41 41 44 32 33 23 44 44 42 33 11 44
1 14 13 32 33 44 44 44 33 32 23 41 42 42 32 14 41
1 11 11 33 33 41 41 44 33 33 23 44 44 44 33 11 41
1 11 11 33 33 41 41 44 32 33 22 44 44 44 22 14 44
1 11 11 33 33 44 44 44 33 33 22 44 44 42 33 11 44
1 11 11 32 33 11 41 44 32 22 33 41 42 42 22 14 44
1 11 13 33 33 44 41 41 32 32 23 44 44 44 22 14 44
1 14 11 32 33 41 41 44 33 33 33 41 44 44 32 11 44
1 11 33 32 33 41 41 44 32 32 33 44 44 42 33 11 41
1 11 13 32 33 44 44 44 32 32 23 44 42 44 33 11 44
1 14 33 32 32 11 11 44 32 22 33 11 42 42 22 14 44
1 14 11 33 33 41 41 41 33 32 22 44 42 44 32 14 44
1 11 13 32 32 41 44 41 32 33 22 44 42 44 33 11 41
1 11 11 32 33 41 44 44 33 33 23 44 44 42 33 11 44
1 44 33 33 33 11 11 44 33 32 22 41 44 22 22 44 44
1 14 13 32 32 41 41 41 32 32 23 41 42 42 32 14 41
1 11 11 33 33 44 41 41 33 33 22 44 44 44 22 11 44
1 11 11 22 32 11 41 41 33 33 23 41 42 42 33 11 44
1 11 11 33 33 44 44 44 33 33 22 44 44 42 33 11 44
1 11 13 32 33 41 41 41 32 32 23 41 42 42 33 14 44
1 14 13 32 33 41 44 44 22 33 23 41 42 42 22 14 44
1 11 11 33 33 44 41 44 32 33 23 44 42 42 33 11 44
1 11 11 32 33 41 41 44 32 33 33 44 44 44 32 14 44
1 11 11 33 32 41 44 44 32 33 22 44 44 44 33 11 44
1 14 11 32 33 41 44 44 33 33 22 44 44 42 32 11 44
1 14 13 32 33 41 41 44 32 32 23 41 44 42 33 14 44
1 11 13 32 33 41 44 44 33 33 23 44 42 44 32 14 44
1 14 11 33 33 44 41 44 32 33 23 44 42 44 32 11 44
1 11 11 33 33 41 44 44 33 32 22 44 44 44 33 11 44
1 44 33 22 22 11 11 41 32 22 33 44 22 22 22 11 11
1 11 11 33 33 44 44 44 33 33 22 44 44 44 33 11 44
1 14 13 22 32 11 41 41 32 32 23 41 42 42 32 44 44
1 14 11 32 33 44 41 44 33 33 22 44 44 44 32 11 41
1 14 13 22 22 41 41 44 32 32 23 44 42 22 33 14 44
1 14 11 32 33 44 44 44 33 33 23 41 44 42 33 11 44
1 11 11 33 33 44 44 44 33 33 22 44 44 44 33 11 44
1 11 11 33 33 44 44 44 33 33 23 44 42 44 33 11 44
1 14 13 32 32 41 41 44 22 32 22 44 42 42 32 14 41
1 11 33 32 33 41 41 44 33 32 23 44 22 42 32 14 44
1 14 11 33 33 44 44 44 32 32 23 44 42 44 33 11 41
1 11 33 33 32 41 44 44 32 33 23 41 42 42 32 11 41
1 14 13 32 33 41 11 44 32 32 23 44 22 42 32 14 44
1 14 13 32 33 41 44 44 32 32 22 44 44 44 33 11 44
1 11 11 33 33 44 44 44 33 33 22 44 44 44 32 11 44
1 14 11 32 32 41 41 41 32 32 23 41 42 42 32 14 41
1 44 11 22 32 41 41 44 32 32 23 41 22 42 32 14 44
1 14 11 32 32 41 44 44 33 32 23 44 44 44 32 11 44
1 14 13 32 32 44 41 41 33 32 23 41 44 42 32 14 41
1 11 13 32 33 41 11 44 32 32 33 44 42 22 32 14 44
1 11 33 33 33 41 41 44 32 33 33 41 44 42 33 14 44
1 14 13 32 33 41 41 41 32 32 22 44 44 44 22 14 44
1 11 13 32 33 41 44 44 33 32 23 41 44 42 32 14 44
1 11 11 33 33 44 44 44 33 33 23 44 44 44 32 11 44
1 11 11 33 33 44 11 41 33 32 33 44 22 22 32 11 41
1 11 11 32 33 44 44 44 33 32 23 44 42 44 33 11 44
1 11 33 33 33 44 41 44 33 32 23 44 44 44 22 14 41
1 14 13 32 32 41 41 44 32 32 23 41 42 42 32 14 44
1 11 13 32 22 41 44 44 32 33 22 11 44 42 32 14 44
1 14 11 32 33 41 41 41 32 32 23 44 44 42 32 14 44
1 11 13 32 32 41 41 44 22 32 23 44 42 22 22 11 41
1 11 11 33 33 41 41 44 33 33 23 41 44 44 33 11 44
1 11 11 33 33 44 44 44 33 33 22 44 44 44 32 11 44
1 11 13 22 33 44 44 44 22 33 23 41 42 44 22 11 44
1 11 33 32 32 41 44 41 32 33 33 44 44 42 32 11 41
1 44 33 22 22 11 41 44 33 22 33 44 42 42 22 44 41
1 14 13 32 32 41 41 41 32 32 23 41 42 42 32 14 44
1 11 13 33 33 11 44 44 33 32 33 41 44 22 32 14 44
1 14 11 33 33 44 41 41 32 33 22 44 44 44 33 11 44
1 11 11 22 33 41 44 44 32 33 23 41 42 42 33 11 11
1 11 13 22 32 44 44 44 33 33 22 44 42 42 33 11 44
1 14 33 22 32 41 11 44 22 22 23 44 42 42 33 14 41
1 11 11 33 33 44 44 44 33 33 22 44 44 44 33 11 44
1 11 11 33 33 44 44 44 32 32 22 44 44 44 33 11 44
1 14 11 33 33 44 41 44 33 33 22 44 42 44 32 11 44
1 11 11 32 33 44 44 44 33 33 33 44 42 44 32 11 44
1 14 11 33 33 41 41 44 33 33 22 44 44 44 33 11 44
1 14 11 32 33 44 44 44 32 33 22 44 44 44 33 11 44
1 14 11 33 33 41 44 44 32 33 22 44 42 42 32 11 44
1 11 11 32 33 44 41 44 32 33 23 44 44 42 32 11 44
1 11 11 33 33 44 44 44 33 33 23 44 44 44 33 11 44
1 14 13 32 33 44 44 41 32 32 22 44 44 44 32 11 41
1 11 11 33 33 41 44 44 32 33 23 44 44 44 32 14 41
1 11 11 33 33 41 41 44 33 32 22 44 44 44 33 11 44
1 11 11 33 32 41 41 41 33 22 23 41 44 42 33 11 41
1 14 33 32 32 41 11 41 32 33 23 44 22 22 22 14 41
1 11 13 32 32 41 44 41 32 32 23 44 42 42 32 14 41
1 14 33 22 33 41 44 44 33 32 22 44 22 44 32 11 41
1 14 13 22 32 11 11 44 33 22 23 44 44 42 33 11 41
1 11 13 32 33 44 41 44 32 33 22 44 42 44 33 11 44
1 11 13 33 32 41 44 44 33 33 22 41 44 44 32 11 44
1 14 11 32 33 44 41 44 32 32 22 44 44 44 32 11 41
1 11 13 33 33 41 41 44 33 33 22 44 44 44 33 11 44
1 14 13 32 33 41 41 41 33 32 22 44 42 44 32 14 44
1 11 11 32 32 44 41 41 32 32 23 44 44 44 32 11 44
1 11 13 33 33 44 44 41 33 22 22 44 44 44 33 14 44
1 11 11 33 33 44 44 44 33 33 22 44 44 44 33 11 44
1 11 13 33 32 11 41 41 33 22 23 44 42 22 32 14 41
1 11 11 32 33 41 41 44 32 32 22 44 44 44 33 11 44
1 11 33 32 33 41 44 44 33 33 23 44 42 44 33 11 44
1 11 11 33 33 44 44 44 33 33 22 41 42 42 32 11 44
1 11 11 33 33 11 44 44 33 22 22 44 44 42 22 11 41
1 11 11 33 32 44 41 44 32 33 23 41 44 44 33 11 41
1 14 11 32 22 44 11 41 22 33 33 41 44 42 22 11 11
1 11 11 32 33 41 11 44 33 33 33 41 44 44 32 11 44
1 11 11 32 33 44 44 44 33 33 23 44 44 44 22 11 44
1 14 33 32 33 11 41 41 22 33 22 44 42 42 32 14 44
1 14 11 32 32 44 44 41 33 32 22 41 44 44 33 14 44
1 14 11 33 32 41 41 41 32 33 23 44 42 42 32 11 41
1 14 13 32 33 41 11 44 33 22 33 41 42 22 32 14 44
1 14 11 33 33 41 44 44 32 32 23 41 44 42 32 14 44
1 11 11 32 32 44 11 44 33 32 22 44 22 42 32 14 41
1 14 13 32 32 41 41 41 32 33 33 44 22 42 32 44 41
1 14 13 33 33 41 41 44 33 22 33 41 42 44 32 11 41
1 14 33 32 32 41 41 11 22 32 33 11 22 44 22 14 41
1 14 11 32 33 44 44 44 32 33 23 44 42 44 32 14 41
1 11 11 32 33 41 41 44 32 33 22 44 42 42 33 11 44
1 11 11 32 33 44 44 44 33 33 23 44 44 44 33 14 44
1 11 13 32 32 44 44 41 32 33 23 44 42 42 32 11 44
1 14 13 33 33 41 44 44 33 33 22 41 44 42 22 14 44
1 11 11 33 33 11 41 44 32 32 22 44 44 42 32 11 41
1 14 11 32 32 41 41 11 32 32 33 44 42 42 32 14 44
1 11 11 33 33 44 41 44 33 33 23 44 44 44 32 14 44
1 11 33 33 33 41 44 44 33 33 33 44 42 44 32 11 41
1 11 13 33 33 41 41 44 33 33 23 44 44 42 32 14 44
1 14 13 32 22 41 11 41 22 32 23 44 42 42 32 11 41
1 14 13 32 33 41 41 44 33 33 23 44 44 44 33 14 41
1 11 13 22 32 11 11 44 32 33 23 44 44 42 33 44 44
1 11 13 32 33 41 44 44 22 32 23 41 42 44 32 11 41
1 11 11 32 33 41 44 44 22 32 22 44 44 44 22 11 44
1 11 13 32 33 44 11 44 33 33 22 44 44 42 33 14 44
1 11 11 32 33 44 44 44 32 33 22 44 44 44 32 11 44
1 14 13 32 32 41 41 44 22 32 22 44 42 42 32 14 41
1 14 33 32 33 44 41 41 33 33 23 44 42 44 32 11 44
1 11 13 22 33 44 44 44 33 32 23 44 42 44 33 11 44
1 14 13 22 32 44 41 41 32 32 33 44 42 42 33 14 44
1 11 11 32 32 41 41 41 32 33 33 44 44 42 32 14 44
1 14 13 22 32 41 41 41 22 22 33 41 42 42 22 14 44
1 11 13 22 33 44 44 44 33 33 22 44 44 44 32 11 44
1 11 11 33 33 44 44 44 33 33 22 44 42 44 33 11 44
1 11 11 32 33 41 44 44 22 33 22 44 44 42 22 11 41
1 11 13 32 22 41 11 44 33 32 23 41 42 42 33 11 41
1 14 33 32 32 41 41 41 32 32 23 41 42 42 22 14 41
1 11 33 32 33 41 41 44 32 32 23 41 42 42 22 14 11
1 14 11 32 33 41 44 44 32 32 22 44 22 42 32 11 44
1 11 13 32 32 41 44 41 32 32 23 41 44 42 32 14 41
1 11 11 33 32 44 44 41 32 32 23 44 44 44 33 14 44
1 11 11 32 33 11 44 41 32 22 22 44 42 44 33 44 44
1 14 11 33 22 44 44 44 32 33 22 44 44 42 33 11 44
1 14 13 22 22 11 11 44 22 22 23 44 44 42 32 14 44
1 11 13 33 32 41 41 44 32 32 23 41 44 42 33 11 41
1 11 13 32 32 11 44 11 32 32 23 44 44 44 22 14 44
1 11 11 32 33 11 41 44 32 32 33 41 42 44 22 11 44
1 11 11 33 33 44 11 44 22 32 23 44 44 44 32 11 44
1 11 11 32 33 44 41 44 32 33 23 44 44 42 32 11 44
1 11 13 33 33 44 41 44 32 33 22 44 44 44 33 11 44
1 11 13 32 32 11 41 44 32 32 23 41 22 22 33 14 44
1 44 33 22 22 11 44 44 32 22 22 41 22 22 32 14 44
1 11 11 33 33 41 41 44 32 22 22 44 44 44 32 11 44
1 14 13 32 32 41 41 41 32 32 33 41 44 42 32 14 41
1 11 11 32 33 11 11 44 33 33 23 44 44 44 33 11 44
1 14 11 22 33 44 11 44 32 33 22 11 44 42 22 14 44
1 11 13 32 32 44 44 44 33 33 22 44 44 44 32 11 44
1 14 11 32 33 41 44 44 33 33 22 44 44 44 22 11 44
1 11 11 32 33 41 41 44 33 33 22 44 42 42 32 11 44
1 11 13 33 33 41 41 44 32 33 22 44 44 44 33 11 44
1 11 13 32 32 41 41 44 33 32 23 44 44 42 32 11 41
1 14 13 32 32 44 44 44 33 32 23 44 42 42 33 44 44
1 11 13 33 33 44 11 44 32 32 23 44 42 42 32 14 41
1 11 11 33 33 41 41 41 33 33 22 44 42 22 22 14 41
1 14 13 33 33 44 41 44 32 32 22 44 42 44 32 11 44
1 14 33 22 33 41 41 44 22 32 33 44 42 42 22 14 41
1 11 11 32 33 41 41 44 33 32 22 44 44 44 22 11 44
1 14 33 22 33 11 41 41 32 22 33 44 22 22 22 11 41
1 14 11 32 33 11 11 44 32 33 23 11 42 44 33 11 44
1 14 13 32 33 11 11 44 32 32 23 44 42 44 33 11 41
1 11 11 32 33 44 44 44 33 33 22 41 44 44 22 11 44
1 11 11 32 33 41 44 44 33 33 23 44 44 44 33 11 44
1 14 11 33 33 41 44 44 32 22 22 41 42 44 32 14 41
1 14 13 32 32 41 41 44 32 32 33 44 42 42 32 14 44
1 11 13 32 33 11 41 44 32 33 33 44 42 42 32 11 44
1 11 13 33 32 41 44 44 33 33 23 44 42 22 22 44 44
1 11 11 33 33 44 44 44 33 32 22 44 44 44 33 11 44
1 14 13 22 22 41 41 41 22 32 23 41 42 42 22 14 44
1 14 33 32 22 11 41 11 32 22 33 41 42 42 22 44 41
1 14 13 22 33 11 41 41 32 32 33 41 42 42 22 14 41
1 44 33 32 33 44 41 44 33 32 22 41 42 44 22 14 44
1 11 11 32 32 44 44 44 32 32 22 44 44 42 22 11 44
1 11 11 32 33 41 44 41 33 33 23 44 44 42 32 11 11
1 44 33 22 32 11 41 41 22 22 33 41 22 22 22 14 11
1 44 13 22 32 11 11 11 32 22 23 11 42 22 22 44 41
1 11 11 32 33 11 44 44 32 32 23 44 44 42 32 11 44
1 11 13 22 32 41 44 41 33 33 23 44 42 42 33 14 41
1 11 11 32 33 41 44 44 32 33 22 44 44 44 32 11 44
1 14 13 33 33 41 41 44 33 33 22 44 44 42 32 11 41
1 11 13 32 33 41 11 44 33 33 22 44 42 44 22 11 44
1 44 13 33 32 11 11 41 32 32 23 44 22 22 32 14 44
1 11 11 32 33 11 41 44 33 33 22 41 42 44 33 14 41
1 11 11 32 33 41 44 44 32 33 23 44 44 44 33 11 44
1 11 11 33 33 44 11 44 33 33 22 44 44 44 33 11 44
1 11 13 22 33 44 41 41 32 32 22 41 42 44 32 14 44
1 14 11 33 32 41 41 41 33 33 22 44 22 42 32 14 44
1 14 13 33 32 41 41 44 32 33 23 44 44 42 32 11 41
1 11 13 22 32 41 44 41 32 33 22 44 22 44 33 11 44
1 14 33 22 32 44 11 44 32 32 23 41 42 42 32 14 41
1 11 11 33 33 41 41 44 22 33 23 44 44 22 22 11 44
1 11 13 22 33 41 44 41 33 32 23 44 42 42 32 14 44
1 14 13 32 32 44 44 44 32 32 23 44 44 44 32 11 44
1 14 33 32 33 41 44 44 32 33 22 44 44 42 22 14 44
1 11 11 32 33 44 44 44 33 33 22 44 42 44 33 14 44
1 11 11 33 33 44 44 44 32 33 22 44 44 44 32 11 44
1 11 11 33 33 41 44 44 33 32 22 44 44 44 33 14 44
1 14 13 22 22 11 11 41 32 32 33 41 42 42 22 44 11
1 11 33 33 32 11 41 44 32 32 23 44 44 42 32 14 41
1 11 13 32 32 11 11 41 32 32 23 41 42 42 32 44 44
1 11 11 32 33 44 11 44 32 32 22 44 42 44 32 11 44
1 11 13 33 33 41 44 44 33 33 23 41 44 44 32 11 44
1 11 11 33 33 44 11 44 22 33 23 41 22 44 22 11 44
1 11 13 32 33 41 41 44 22 33 22 44 44 44 32 11 44
1 11 13 32 33 44 44 41 32 33 22 44 44 44 32 11 44
1 14 33 22 32 41 11 44 32 32 23 44 42 22 22 14 44
1 11 11 33 33 44 44 41 33 33 22 44 42 44 33 11 44
1 11 11 32 33 44 41 44 33 33 23 44 44 42 32 11 44
1 11 13 22 33 41 41 41 33 33 23 41 42 42 32 14 44
1 14 11 32 32 11 41 41 32 32 33 44 42 42 22 44 41
1 14 13 32 33 41 41 44 22 33 23 44 42 42 32 14 41
1 14 33 33 32 41 11 44 33 32 33 41 22 42 22 11 41
1 14 13 22 22 41 11 41 22 32 23 41 42 42 22 14 44
1 11 11 33 33 41 44 44 22 33 22 44 44 44 33 44 44
1 14 13 32 32 41 41 44 32 22 33 41 42 22 33 11 11
1 14 33 32 32 44 11 11 22 22 33 41 42 22 22 44 41
1 11 13 32 32 41 41 44 22 32 23 41 42 44 32 11 44
1 11 11 33 33 41 41 44 33 33 23 44 44 42 33 11 44
1 11 13 32 33 41 44 44 32 32 22 44 44 42 33 11 44
1 14 13 22 33 41 41 44 32 33 23 44 44 42 32 11 41
1 11 11 33 33 41 41 44 33 33 33 44 44 42 32 11 41
1 11 13 32 33 41 41 41 33 22 23 44 42 44 32 44 44
1 44 13 22 33 44 41 44 32 33 22 44 44 44 22 11 44
1 11 33 22 33 44 41 44 33 33 33 41 44 44 22 14 41
1 11 13 33 33 41 44 44 33 32 22 44 44 44 33 14 44
1 14 13 22 33 11 41 41 32 32 22 41 22 42 22 44 41
1 44 11 32 33 44 41 44 32 32 22 44 44 42 32 11 41
1 14 13 33 32 44 44 44 32 33 23 44 42 42 33 11 44
1 14 11 32 32 41 41 44 33 32 23 44 44 42 32 14 44
1 14 33 22 33 41 44 41 32 32 23 41 44 42 22 11 44
1 14 13 33 33 41 41 41 32 32 23 44 42 44 32 14 44
1 11 11 32 33 41 44 44 33 33 22 41 44 42 32 14 44
1 14 33 32 32 11 11 41 32 32 33 41 42 22 22 11 41
1 14 11 33 33 44 41 41 22 32 23 44 44 44 33 11 44
1 44 33 22 33 11 41 44 22 32 33 44 22 42 22 44 41
1 11 11 32 33 44 44 44 33 33 22 44 42 42 32 14 44
1 14 13 32 32 41 44 41 32 33 23 41 42 44 22 14 41
1 11 11 33 33 41 44 41 32 33 22 44 44 42 33 11 44
1 11 11 33 33 41 11 44 33 33 22 44 44 44 33 11 44
1 11 13 32 33 11 41 41 33 32 23 41 22 44 32 11 44
1 11 11 33 33 44 44 44 32 33 22 41 44 44 33 11 44
1 11 13 33 32 41 11 41 33 32 23 11 44 42 22 11 44
1 11 11 32 32 41 41 41 32 32 33 44 22 22 32 11 41
1 14 33 33 32 44 44 44 32 32 22 41 44 22 33 11 44
1 11 13 32 33 41 44 44 32 32 22 44 44 42 33 14 44
1 11 13 32 33 41 11 41 32 33 33 44 42 42 32 11 44
1 14 13 33 33 44 44 44 32 33 23 44 44 42 33 11 44
1 11 13 33 33 41 44 44 33 33 23 44 42 44 32 14 44
1 44 13 32 33 41 44 41 32 32 23 44 42 44 22 44 44
1 14 13 32 33 44 44 44 32 32 33 44 42 42 33 14 44
1 14 11 22 33 41 44 44 33 33 23 44 44 44 33 14 44
1 14 13 33 32 44 41 44 33 33 23 44 44 44 32 14 44
1 14 33 22 32 11 11 44 33 32 23 44 42 42 32 44 41
1 14 13 33 33 44 41 44 33 33 23 44 44 42 32 11 44
1 14 11 32 33 41 41 44 32 33 22 44 44 42 32 11 41
1 11 13 32 33 44 41 44 22 22 23 44 42 42 32 14 41
1 14 13 32 32 41 11 41 33 22 33 41 42 42 32 14 41
1 14 11 33 33 44 11 44 32 33 33 41 44 42 32 14 44
1 11 13 32 33 41 41 44 32 33 23 44 42 44 22 11 44
1 14 13 32 32 11 44 44 32 32 23 44 42 44 32 14 41
1 11 11 33 33 44 44 44 33 33 22 44 42 44 33 11 44
1 11 13 32 32 41 44 44 32 33 23 44 44 44 33 11 44
1 14 13 22 33 11 41 41 32 32 23 41 42 22 22 44 44
1 11 11 33 33 44 44 44 33 33 22 44 44 44 33 11 44
1 14 11 32 32 44 41 41 22 32 23 41 42 42 32 14 44
1 14 13 32 32 41 41 44 32 32 23 41 42 42 22 44 11
1 11 11 32 32 44 44 44 22 33 23 44 42 44 33 11 44
1 11 13 32 33 11 44 44 33 32 33 44 42 44 32 14 44
1 14 13 33 33 11 41 41 22 32 23 44 44 22 22 44 44
1 11 11 32 33 41 41 44 33 32 23 44 44 44 33 14 44
1 14 13 32 22 41 41 41 32 32 22 44 42 44 32 14 41
1 14 33 32 32 44 44 41 33 33 23 41 42 42 32 11 44
1 14 13 33 32 41 41 44 32 33 23 44 42 42 32 14 44
1 44 11 33 33 41 11 44 32 32 23 44 42 42 32 11 41
1 14 11 33 32 41 44 41 33 22 22 11 42 42 33 14 44
1 14 13 32 32 41 41 44 32 32 23 41 42 44 32 14 44
1 11 11 33 33 41 41 41 33 33 22 44 42 44 32 11 44
1 11 11 33 33 44 44 44 32 33 23 44 44 44 33 11 44
1 11 11 33 33 44 44 44 33 33 22 44 44 44 32 11 44
1 11 11 33 32 41 41 41 32 33 22 44 44 44 33 11 44
1 11 11 33 32 41 44 44 33 33 22 44 42 44 32 14 44
1 11 11 33 33 41 41 44 33 33 22 44 44 44 33 11 44
1 14 13 22 32 11 41 41 32 33 23 41 44 22 32 11 44
1 11 13 32 33 41 44 44 22 22 23 44 44 42 32 14 41
1 11 13 32 33 41 41 44 33 32 22 44 44 42 32 14 41
1 11 11 33 33 41 41 41 22 32 23 44 42 42 32 14 44
1 11 13 33 33 44 44 41 33 32 22 44 44 42 32 11 44
1 11 33 33 33 41 11 11 32 32 33 41 42 44 32 11 44
1 11 13 22 32 41 11 41 32 32 23 11 42 22 32 14 41
1 14 13 32 32 41 41 44 32 32 23 44 44 42 32 14 44
1 14 13 22 33 11 41 11 22 22 33 41 42 42 22 14 44
1 11 13 33 33 41 11 44 33 33 23 44 42 42 32 11 41
1 14 13 32 33 41 44 44 32 22 22 41 42 42 33 44 44
1 14 13 32 33 41 41 44 22 32 22 41 42 44 22 11 44
1 11 33 33 33 41 41 41 32 32 33 44 44 44 32 11 41
1 14 11 32 32 41 44 44 32 32 23 44 44 42 32 14 41
1 11 13 33 32 11 44 44 32 32 33 44 42 42 32 44 44
1 11 13 32 33 41 11 41 22 22 33 44 22 42 32 44 44
1 11 13 32 33 41 41 44 22 33 23 41 22 42 32 14 41
1 44 11 22 33 44 44 41 32 33 23 44 42 42 32 11 41
1 14 13 32 32 41 41 44 32 22 23 41 42 42 32 14 41
1 14 13 32 32 41 41 44 32 32 23 44 22 22 32 44 44
1 14 13 32 32 44 44 41 32 32 33 44 44 44 22 14 44
1 11 11 33 33 44 41 44 32 33 23 44 42 44 33 14 44
1 11 13 32 33 44 41 44 33 32 22 41 44 44 32 14 44
1 11 13 33 32 41 41 44 32 33 23 44 42 42 32 11 44
1 14 13 32 32 44 44 44 32 22 23 44 42 42 32 11 44
1 11 13 33 33 44 41 44 33 32 22 44 22 44 32 14 44
1 11 11 33 33 44 44 44 33 33 22 44 44 44 32 14 44
1 11 13 22 32 41 44 44 22 33 22 41 42 44 32 11 44
1 11 33 32 33 44 11 44 33 33 22 44 44 44 32 11 44
1 11 11 33 33 41 41 44 33 22 22 44 42 42 22 11 44
1 14 11 32 32 44 41 44 33 32 22 44 44 44 32 11 41
1 11 33 32 32 11 41 41 22 32 33 44 42 22 22 11 41
1 11 13 22 32 44 41 44 32 33 22 44 42 22 22 14 41
1 11 13 32 33 44 44 44 33 33 22 44 42 42 33 11 44
1 11 11 33 33 44 44 44 33 33 22 44 44 44 33 11 44
1 14 11 32 33 41 44 44 33 33 23 44 44 44 22 11 44
1 11 11 32 33 44 41 44 32 33 22 44 44 44 32 11 44
1 11 11 32 33 44 41 44 33 32 22 44 44 44 33 11 44
1 11 13 33 32 44 44 44 33 32 22 44 44 42 32 11 41
1 11 11 33 33 44 44 44 22 33 23 44 44 44 32 11 44
1 11 11 33 33 41 41 41 33 32 23 44 42 42 32 11 44
1 14 13 32 32 11 11 41 33 32 33 44 42 44 22 11 41
1 44 11 32 32 11 41 44 32 32 22 41 44 42 32 14 44
1 11 11 33 33 44 44 44 33 33 22 44 42 44 33 14 44
1 11 33 33 33 11 41 44 22 22 33 41 22 42 32 44 41
1 11 33 32 33 41 41 44 32 32 23 44 42 42 32 14 44
1 11 13 32 32 11 41 44 33 32 22 44 44 22 32 11 41
1 11 11 32 33 44 44 44 33 33 22 41 42 42 33 11 44
1 14 11 32 22 41 11 44 32 32 33 44 22 22 32 14 41
1 14 13 32 32 41 41 44 32 33 33 44 44 42 32 14 44
1 14 33 22 33 44 41 41 33 33 23 44 44 44 32 14 44
1 11 33 32 33 44 41 44 32 33 23 41 44 44 22 14 44
1 14 13 33 33 41 41 44 32 33 23 44 44 44 22 11 44
1 14 33 22 33 11 41 44 22 22 33 44 22 22 22 11 44
1 11 13 32 33 41 41 44 32 32 22 41 42 22 32 11 44
1 11 11 33 33 44 41 44 32 33 22 44 42 44 33 11 44
1 11 11 32 33 44 41 44 33 33 23 41 44 42 33 14 44
1 11 13 32 33 41 41 44 33 33 23 41 44 44 32 11 41
1 44 11 22 33 44 41 41 32 32 23 41 42 42 32 44 44
1 11 11 32 33 44 44 44 32 32 23 44 44 42 33 11 44
1 14 13 32 32 11 11 41 22 22 33 41 42 22 22 14 41
1 14 13 22 33 41 41 41 32 33 22 44 42 42 22 14 41
1 14 13 32 32 11 11 41 32 22 23 41 42 42 22 14 11
1 14 33 33 33 11 11 44 33 33 23 44 42 22 22 14 44
1 44 13 33 32 41 41 41 32 32 23 44 42 42 33 11 44
1 14 11 32 33 44 41 44 32 33 22 44 42 44 32 14 44
1 14 13 32 32 41 11 41 22 32 33 41 42 22 22 44 11
1 14 11 32 33 44 44 44 33 33 23 44 44 44 33 11 44
1 14 13 22 32 41 11 44 32 22 23 44 42 44 22 14 41
1 14 33 22 22 11 11 44 32 22 33 41 22 42 32 14 44
1 14 33 22 32 41 11 44 32 32 23 44 44 22 22 14 11
1 11 11 32 33 44 41 41 32 32 22 44 42 42 32 14 44
1 14 13 32 33 41 44 41 33 32 22 44 44 42 33 14 44
1 11 11 33 33 44 44 44 33 33 23 11 44 42 33 14 44
1 11 11 33 32 41 41 44 32 32 23 44 42 22 32 11 41
1 11 11 32 33 11 44 44 33 33 22 44 44 44 33 11 44
1 11 11 33 33 44 41 44 33 33 22 44 44 44 33 11 44
1 14 11 32 32 41 41 44 32 32 23 44 44 44 22 11 44
1 11 11 32 33 11 44 44 32 33 23 44 42 42 32 14 44
1 14 13 32 33 41 41 41 32 22 33 41 44 42 32 14 41
1 11 11 33 32 11 41 44 32 32 23 41 22 42 32 44 41
1 14 13 33 33 11 41 41 32 33 23 44 44 42 32 14 41
1 14 13 32 33 44 41 44 32 33 22 11 44 44 22 14 41
1 11 11 32 33 44 44 44 32 33 22 44 44 42 32 14 44
1 11 11 33 33 44 44 44 33 33 23 44 44 42 33 11 44
1 11 13 32 33 44 41 44 32 32 22 44 42 22 32 14 41
1 14 13 32 22 11 44 44 32 22 23 44 42 22 22 14 41
1 11 11 32 32 44 41 44 32 33 22 44 44 44 33 11 44
1 11 13 22 33 41 11 41 33 33 23 44 22 44 33 11 44
1 11 11 33 33 44 44 44 33 33 22 44 44 44 33 11 44
1 11 13 32 32 41 41 44 22 32 33 44 22 22 32 44 41
1 11 11 33 33 41 44 44 33 33 23 44 44 44 32 11 44
1 44 13 32 32 41 41 44 32 22 23 44 42 44 33 14 44
1 14 11 33 33 41 44 44 32 33 23 44 42 44 32 11 44
1 14 13 32 32 44 11 44 32 22 23 41 22 42 32 11 44
1 14 13 33 33 11 11 44 32 32 33 41 42 42 32 44 41
1 11 13 32 33 11 41 44 33 32 33 41 42 42 32 14 44
1 11 11 32 33 44 41 44 32 33 22 44 44 44 33 11 44
1 14 11 33 33 44 11 44 32 33 23 44 42 22 33 11 44
1 11 11 33 33 41 41 44 33 33 22 44 44 44 33 11 44
1 11 11 32 33 44 41 44 33 33 33 44 44 42 33 11 41
1 11 11 33 33 44 44 44 33 33 23 44 44 44 33 11 44
1 11 13 32 32 11 44 44 33 33 22 44 44 42 32 11 44
1 14 13 32 32 11 44 44 32 32 22 44 42 42 22 14 44
1 14 13 32 33 41 41 44 22 33 22 41 44 22 32 11 44
1 14 13 33 33 44 11 44 33 32 23 44 22 42 22 11 44
1 44 13 22 33 44 44 44 32 33 23 41 42 22 32 14 44
1 11 33 33 32 41 44 44 33 32 22 44 44 44 32 14 44
1 14 11 32 33 11 44 41 33 32 33 41 22 22 22 14 44
1 14 33 32 32 41 41 44 32 32 23 41 44 42 22 14 44
1 11 13 32 32 41 44 41 22 33 23 44 22 42 32 14 44
1 11 13 33 33 11 41 41 32 33 23 44 44 42 32 11 44
1 11 11 22 32 44 44 44 32 22 33 41 22 44 22 14 44
1 11 11 33 33 11 44 44 33 33 22 44 44 44 33 11 44
1 11 11 22 33 44 41 44 22 32 23 44 42 42 32 11 44
1 14 13 32 32 41 11 41 32 22 23 41 42 44 32 11 44
1 11 11 33 33 44 41 44 33 32 23 44 42 44 33 11 44
1 14 11 33 33 44 44 44 32 33 23 44 42 44 32 11 41
1 14 13 33 32 11 41 41 33 22 23 44 42 22 32 11 44
1 11 11 33 33 44 44 44 33 33 22 44 44 42 33 11 44
1 11 11 22 33 44 44 44 33 33 22 44 44 44 33 11 41
1 11 11 33 33 41 44 44 33 33 22 44 44 44 32 11 44
1 11 13 33 33 41 44 44 32 32 33 41 22 42 32 11 44
1 11 11 22 32 41 11 41 32 32 23 44 42 42 22 14 41
1 14 33 32 32 11 44 41 32 22 23 44 44 42 22 14 44
1 11 11 33 33 44 44 44 33 33 22 44 44 44 33 11 44
1 11 11 32 33 44 44 44 32 33 22 44 44 42 32 11 44
1 11 11 33 33 44 44 44 33 33 22 44 44 44 33 11 44
1 11 11 32 33 44 44 44 33 33 22 44 44 44 33 11 44
1 14 33 22 33 41 41 44 22 22 23 41 42 44 22 44 41
1 11 11 32 33 41 44 44 33 33 22 44 44 44 33 14 44
1 14 33 22 32 41 11 11 22 22 33 41 42 42 32 14 41
1 11 13 22 32 41 11 44 32 32 23 44 42 42 32 44 44
1 11 13 32 32 11 41 11 22 32 33 41 42 42 32 14 41
1 11 13 33 32 41 44 44 33 33 22 44 44 44 33 11 44
1 11 13 32 33 41 41 44 22 22 33 44 44 42 33 14 41
1 11 13 22 33 41 44 44 32 33 33 44 44 42 22 14 44
1 11 13 32 33 41 41 44 32 33 23 44 44 44 33 14 41
1 14 13 22 32 41 11 41 22 32 22 41 22 42 32 14 41
1 14 33 22 22 11 11 11 32 22 33 11 22 22 22 14 11
1 11 13 33 33 41 11 41 32 33 23 44 42 42 33 14 44
1 11 13 32 33 44 44 44 33 32 22 44 42 42 32 11 44
1 44 13 32 33 11 41 41 22 33 33 41 42 22 32 14 41
1 14 11 22 32 11 44 41 32 32 23 11 42 42 32 14 41
1 11 11 22 32 44 41 44 33 32 22 44 44 44 32 14 44
1 14 13 22 32 41 41 44 32 32 23 44 44 42 32 14 41
1 11 11 33 32 41 44 44 33 33 23 41 44 42 33 44 44
1 14 13 33 32 44 41 44 32 32 22 44 42 42 32 11 41
1 11 11 32 33 41 44 44 32 33 22 44 44 42 33 11 41
1 11 11 33 33 41 41 44 32 33 22 44 42 42 32 11 44
1 11 11 22 33 44 44 44 33 33 22 44 44 22 32 11 44
1 11 13 32 33 44 11 44 32 33 22 44 44 42 33 11 41
1 14 13 33 33 41 41 44 32 33 22 44 42 42 32 11 44
