 rs7513053 rs6667255 rs10752721 rs34060840 rs6702935 rs12759497 rs4648344 rs6663840 rs6688969 rs6424058 rs7535133 rs1539649 rs2275822 rs7538067 rs10492942 rs10492943 rs4648347 rs6683156 rs4564078 rs4648426
0 14 23 22 33 33 32 22 44 33 32 44 11 11 33 32 44 32 33 33 22
0 44 22 22 33 33 33 23 44 33 33 42 14 41 32 33 44 33 32 33 23
0 14 23 23 32 33 33 33 44 33 32 44 11 41 33 32 42 32 33 33 23
0 14 22 23 32 32 33 23 41 33 33 42 11 41 32 22 44 32 33 33 22
0 14 22 33 22 33 22 23 44 33 33 42 11 11 33 33 44 32 33 32 22
0 14 23 22 33 32 33 23 44 32 33 44 11 41 33 33 44 33 32 33 22
0 14 23 22 33 32 33 22 44 32 32 42 11 41 33 33 42 32 33 32 22
0 11 22 23 33 33 22 23 44 32 33 22 11 44 33 32 22 32 32 33 23
0 14 23 33 32 33 33 22 41 33 33 42 11 41 32 32 44 32 33 33 23
0 44 22 23 22 32 33 23 44 33 33 42 11 44 32 33 44 32 33 22 23
0 14 22 23 33 32 33 22 44 33 33 44 11 44 33 32 42 32 33 32 33
0 11 22 23 32 33 32 23 44 32 33 22 11 41 32 32 42 22 32 33 23
0 14 22 22 32 32 32 23 41 32 33 22 11 41 32 33 44 32 33 33 22
0 14 23 23 33 33 33 22 41 32 33 22 11 44 33 33 42 22 33 33 33
0 44 22 22 32 32 32 23 44 33 32 42 11 41 33 32 44 33 33 33 23
0 14 23 23 33 22 33 23 44 32 32 42 11 44 33 33 42 32 33 32 33
0 14 22 33 32 22 32 22 44 22 32 42 11 41 33 32 42 33 33 33 22
0 14 22 23 32 32 22 23 41 33 33 42 11 41 32 33 22 32 33 33 23
0 14 23 23 22 32 33 23 44 33 32 42 14 41 33 32 44 22 33 33 23
0 14 23 22 33 32 33 23 44 33 32 42 11 11 33 32 42 33 33 33 23
0 14 22 33 32 33 33 23 44 33 33 42 11 11 33 33 42 32 33 32 22
0 11 22 23 33 32 33 23 44 33 32 42 11 41 33 33 42 33 33 22 33
0 11 22 22 32 32 33 22 44 33 32 42 11 44 32 32 42 32 32 32 23
0 14 22 22 32 32 32 22 44 33 32 42 14 41 22 33 44 32 33 33 23
0 11 23 23 33 33 32 22 44 32 33 42 14 44 33 33 44 22 33 33 22
0 11 22 22 32 32 33 23 44 32 32 44 11 11 33 33 42 33 33 22 23
0 44 22 33 32 33 32 22 44 32 33 42 11 41 33 32 44 32 33 33 23
0 14 22 33 33 33 33 33 41 32 33 44 11 41 33 32 44 32 33 32 22
0 11 22 23 33 33 32 22 44 32 33 44 11 11 33 33 44 32 32 32 23
0 44 22 33 33 32 33 23 41 32 32 22 14 41 33 33 22 33 33 33 23
0 14 23 22 22 32 32 33 41 33 32 42 14 11 33 22 44 22 32 33 23
0 14 23 33 32 33 33 23 44 33 33 44 11 41 33 33 44 32 33 32 23
0 11 22 22 32 33 32 22 44 32 33 42 11 41 32 33 44 22 33 33 23
0 44 33 33 32 33 32 22 11 33 32 22 11 41 32 32 44 32 33 33 23
0 44 23 22 32 32 22 33 41 32 33 42 11 41 22 33 42 32 33 33 23
0 14 23 33 33 32 32 22 44 33 33 44 11 44 33 22 42 32 33 33 22
0 11 22 23 33 33 33 23 41 33 32 44 11 44 32 33 44 32 32 33 23
0 14 23 23 22 33 32 23 44 33 33 42 11 41 33 22 42 22 33 33 22
0 11 22 23 33 33 32 33 44 33 33 44 44 44 33 32 44 33 32 33 22
0 14 23 22 32 33 33 33 41 33 33 44 11 44 33 33 42 33 33 33 33
0 11 22 22 33 33 33 23 41 32 32 42 14 41 33 32 42 33 33 33 22
0 14 22 22 32 33 32 33 44 32 32 42 11 44 32 32 44 33 33 33 23
0 44 33 23 22 32 33 33 41 33 33 22 14 11 33 32 42 33 32 32 22
0 44 23 22 33 22 33 23 44 33 32 42 11 41 32 33 42 32 32 33 23
0 11 23 33 22 33 33 33 41 33 32 42 11 41 33 32 42 32 32 33 22
0 11 23 22 32 32 32 23 44 32 32 44 11 11 33 32 42 33 33 33 22
0 14 22 22 33 32 33 33 44 32 33 22 11 41 32 33 44 32 33 32 23
0 44 22 23 22 22 22 22 44 33 32 44 11 41 33 32 44 33 32 32 23
0 44 22 23 33 32 33 22 41 33 33 44 11 41 33 32 42 33 33 33 23
0 14 23 23 32 32 33 23 44 33 32 42 11 41 32 33 22 32 32 32 23
0 14 22 23 32 32 32 33 41 32 33 22 11 41 22 22 44 22 33 32 22
0 44 23 22 32 32 33 23 44 33 33 42 14 44 32 32 44 32 32 33 22
0 44 23 22 32 32 33 23 44 33 33 44 11 41 32 32 44 32 33 33 23
0 11 22 33 33 32 33 23 44 33 32 44 11 41 33 33 44 32 33 33 22
0 44 23 22 32 33 32 23 44 32 32 22 11 41 32 32 22 22 33 32 23
0 14 22 23 33 33 22 22 44 33 32 42 11 44 33 33 44 32 33 33 22
0 44 22 22 33 32 33 23 41 32 33 42 11 44 33 32 44 33 33 32 22
0 14 33 22 32 33 32 33 44 33 32 42 11 11 33 32 44 33 33 33 33
0 11 22 23 22 33 33 33 44 33 32 44 11 41 32 33 44 33 32 33 33
0 14 22 23 32 32 33 33 44 33 33 42 11 44 32 22 44 33 33 32 23
0 11 23 23 22 33 33 23 44 33 32 44 14 41 33 33 44 32 33 33 23
0 14 22 23 33 33 32 22 44 33 32 42 14 41 33 33 42 32 32 32 33
0 14 22 23 32 33 33 23 44 33 22 22 11 41 32 33 42 33 33 33 22
0 11 22 23 32 32 32 22 44 22 33 42 11 44 33 32 42 33 33 33 23
0 14 23 33 33 33 33 23 44 33 33 42 14 44 32 32 22 32 33 33 23
0 14 22 23 32 32 32 23 44 33 22 44 11 44 33 32 42 32 33 33 22
0 14 22 22 32 33 32 23 44 33 33 42 14 11 33 33 44 32 33 33 22
0 14 23 22 32 33 22 23 44 22 32 42 11 11 32 33 42 33 32 22 23
0 11 23 23 32 22 33 23 44 33 32 42 11 41 33 33 44 33 32 33 23
0 14 22 22 32 32 33 23 41 33 32 42 11 11 32 33 42 22 32 33 23
0 11 22 22 32 32 32 22 41 32 33 44 14 11 33 32 44 32 32 33 22
0 44 22 23 33 33 32 23 41 32 32 42 11 41 33 33 42 32 33 33 23
0 11 23 23 33 33 33 23 44 33 32 44 11 41 33 33 44 33 33 33 22
0 14 22 22 32 32 33 22 44 33 33 22 11 41 33 33 42 32 32 32 23
0 14 22 23 33 32 33 23 44 33 22 42 11 41 33 32 44 32 32 33 22
0 14 22 22 32 32 33 23 41 33 32 42 11 11 33 33 42 22 33 33 23
0 14 22 22 33 33 33 23 44 33 32 42 11 44 33 32 44 33 33 33 22
0 14 22 23 33 33 33 22 44 33 33 22 11 41 32 33 22 32 32 33 22
0 14 22 22 33 32 33 22 44 32 33 42 11 41 33 33 42 32 32 33 22
0 44 22 22 33 32 33 23 44 33 32 42 11 41 32 33 44 33 33 33 22
0 14 22 23 32 33 32 33 44 32 22 44 11 41 33 33 42 33 22 33 22
0 11 22 33 32 33 32 23 44 32 33 44 11 44 33 33 42 32 33 33 23
0 14 22 33 32 33 33 22 44 33 22 44 14 44 33 33 42 32 33 22 23
0 14 22 22 32 33 33 23 44 33 22 42 11 44 33 32 42 33 33 32 33
0 14 33 22 33 33 32 23 44 33 32 42 11 41 32 32 42 33 33 33 22
0 14 22 22 33 33 32 22 44 33 32 42 11 44 32 22 44 22 32 32 22
0 11 23 22 22 33 32 22 44 32 33 22 11 44 33 32 44 33 33 32 22
0 14 22 23 22 32 33 22 44 33 33 42 11 41 33 33 22 33 32 33 23
0 14 23 23 32 33 33 22 44 33 33 44 14 11 33 33 44 32 33 32 22
0 14 22 23 22 32 33 23 11 33 33 22 11 11 33 33 42 33 32 33 22
0 14 23 22 32 22 22 22 44 32 32 42 14 41 33 32 22 33 33 32 23
0 11 23 33 32 32 32 33 41 33 32 42 14 44 32 33 44 32 33 33 23
0 11 33 23 33 33 32 23 44 32 33 42 14 41 33 33 42 22 33 33 23
0 14 22 22 33 33 32 22 44 33 32 22 11 11 33 33 42 33 33 33 33
0 11 23 23 32 33 22 23 41 33 32 22 14 41 32 32 42 22 33 32 22
0 14 22 23 33 33 32 23 44 32 33 44 14 44 33 33 42 33 33 32 22
0 14 22 23 32 32 33 23 44 33 33 44 11 11 32 32 42 22 33 32 23
0 14 22 22 33 33 32 23 44 33 32 22 11 44 33 32 42 32 33 33 22
0 14 33 23 32 32 32 23 44 33 32 42 11 11 33 33 44 33 33 33 23
0 14 33 23 33 33 32 23 44 33 33 44 11 11 33 33 44 32 33 32 23
0 11 22 22 32 33 22 23 44 33 33 42 11 44 33 32 44 33 32 33 22
0 14 22 23 33 33 32 23 44 32 32 42 11 41 33 32 42 33 33 33 23
0 14 22 23 33 33 32 23 44 33 33 42 11 41 32 33 42 33 33 32 22
0 14 22 23 32 33 22 23 41 33 33 42 11 11 32 33 42 32 32 33 23
0 14 22 23 33 33 33 22 44 33 32 42 11 41 33 33 42 32 33 32 33
0 14 22 22 32 22 32 22 44 32 32 44 14 41 33 33 42 22 32 32 22
0 44 22 22 33 33 33 22 41 33 33 42 11 44 32 33 42 32 33 33 23
0 11 22 23 33 33 22 23 41 33 33 42 11 41 33 33 42 33 33 32 22
0 14 33 33 32 32 32 23 41 32 32 42 11 44 32 32 42 32 32 32 22
0 11 23 22 32 33 32 33 41 33 33 42 11 41 32 22 44 32 33 33 22
0 44 22 23 33 32 32 22 44 33 33 42 11 11 33 33 44 32 33 32 22
0 44 33 22 32 33 32 33 44 32 33 22 11 44 32 22 44 32 33 32 23
0 11 23 22 33 32 32 23 44 33 32 42 14 44 33 32 44 33 33 32 22
0 14 22 23 22 33 33 22 44 32 32 44 11 44 33 32 42 32 33 33 23
0 44 22 22 32 32 32 22 44 32 33 44 11 41 32 22 22 33 33 32 23
0 14 23 23 33 32 22 33 41 32 33 42 11 41 33 32 42 32 32 32 33
0 14 23 33 33 33 32 22 44 33 33 44 11 41 32 32 44 32 33 33 23
0 44 33 33 32 22 32 33 44 33 22 42 11 41 33 32 44 22 33 33 23
0 14 22 22 22 22 33 23 44 22 22 42 11 11 32 33 22 32 33 33 23
0 14 23 22 32 32 33 22 44 33 33 42 11 41 33 32 42 32 33 32 23
0 14 22 33 32 33 33 22 44 33 33 44 11 44 33 32 42 32 33 32 33
0 44 22 22 32 32 32 23 44 33 33 44 11 44 33 33 44 22 33 32 22
0 44 22 22 22 33 33 23 44 32 33 44 14 44 33 32 42 32 33 32 22
0 14 23 23 33 32 33 22 44 32 33 44 14 44 33 33 44 33 33 33 23
0 44 23 23 32 33 33 22 44 22 32 44 11 41 33 33 44 22 33 33 22
0 11 22 23 32 33 33 22 41 32 32 42 11 41 32 33 42 32 32 33 22
0 11 22 23 32 33 33 22 41 32 33 42 11 41 33 33 42 22 32 33 23
0 44 22 23 33 33 33 23 44 33 32 22 11 41 33 33 44 32 33 33 22
0 14 22 33 32 33 32 33 44 33 32 44 11 41 33 33 42 22 32 33 22
0 11 23 22 33 33 33 23 44 33 22 44 11 11 33 32 22 22 33 32 23
0 14 22 23 32 32 32 22 41 32 33 42 11 44 33 32 42 32 33 33 33
0 44 23 22 33 33 32 33 44 33 33 44 11 41 33 33 44 32 33 32 23
0 14 22 23 32 32 32 22 44 33 33 42 11 41 32 33 44 32 32 22 23
0 14 22 22 32 32 33 23 44 33 33 44 14 44 33 32 44 32 33 32 23
0 11 22 23 32 32 22 22 44 32 33 44 11 11 33 32 42 32 33 32 22
0 14 22 22 33 22 22 23 44 33 33 42 11 44 33 32 42 32 33 32 22
0 11 22 22 33 32 32 33 44 22 33 42 11 44 22 33 44 32 33 33 23
0 14 23 22 32 33 33 23 11 33 33 44 14 41 33 32 44 22 33 33 23
0 14 33 22 22 33 33 23 44 32 33 22 11 41 32 32 44 32 32 33 22
0 11 22 22 33 32 33 22 44 33 33 44 11 41 33 32 44 22 33 33 33
0 11 22 33 32 33 33 23 44 33 33 44 14 41 33 33 44 32 32 33 22
0 11 23 33 22 32 33 22 44 33 22 44 11 41 33 33 42 22 32 32 33
0 14 22 23 33 32 33 23 44 32 33 42 11 41 32 32 44 33 32 33 23
0 11 23 22 33 33 33 23 41 33 33 42 11 41 33 33 22 22 33 33 22
0 11 23 23 32 33 33 33 44 33 33 42 11 41 32 32 42 32 32 33 22
0 11 23 23 32 32 32 23 44 32 33 42 11 44 33 33 44 32 33 33 22
0 14 22 22 33 32 33 23 44 33 22 22 11 44 32 33 22 22 33 33 23
0 44 23 33 32 33 32 22 11 32 32 44 14 41 33 32 44 22 32 22 22
0 14 23 22 22 33 32 23 41 33 33 42 11 44 33 32 44 32 32 33 23
0 11 22 22 33 32 22 22 44 32 33 44 11 11 33 33 22 32 33 33 22
0 14 33 23 32 32 33 23 44 33 33 44 11 44 32 32 42 33 33 33 22
0 14 23 23 33 32 22 33 41 32 32 42 11 41 33 33 44 32 32 33 22
0 14 22 33 32 33 33 22 44 33 32 42 11 41 33 32 42 32 32 33 23
0 11 23 23 33 33 32 22 41 32 32 42 11 44 33 33 44 33 33 32 33
0 11 22 33 33 33 32 22 44 33 33 42 11 11 33 32 42 32 32 22 22
0 14 22 22 32 33 32 23 11 33 33 42 11 44 33 32 44 32 32 33 23
0 14 23 23 32 33 33 23 44 33 32 44 11 44 33 32 22 32 33 33 22
0 44 22 23 22 33 22 23 44 33 33 42 11 11 32 32 42 33 33 33 33
0 11 22 23 32 32 22 23 41 33 32 44 11 44 33 22 42 33 33 33 33
0 11 22 22 33 33 33 22 44 32 33 42 11 11 33 33 44 32 33 33 23
0 44 23 22 33 33 32 23 44 33 33 44 14 41 33 33 22 32 33 33 23
0 11 23 23 32 32 33 23 44 33 33 42 11 41 33 33 42 32 32 33 23
0 44 22 22 32 33 33 33 44 33 33 42 11 41 33 32 44 33 33 33 22
0 44 22 23 33 32 33 23 44 33 33 42 11 44 32 33 44 33 32 32 23
0 44 22 22 22 33 22 22 44 32 33 42 11 41 32 32 42 32 32 32 23
0 11 23 23 33 33 32 23 44 33 32 42 11 44 33 33 44 33 33 33 22
0 44 23 23 33 33 33 22 44 33 33 44 11 41 33 33 42 32 33 32 23
0 14 23 22 32 32 33 22 44 33 32 42 11 11 32 33 22 32 33 33 23
0 14 22 33 32 33 22 23 44 33 33 44 11 41 33 33 44 32 32 33 23
0 44 23 22 33 33 32 22 44 32 32 42 11 11 32 33 42 33 32 32 23
0 11 23 23 33 33 32 22 44 33 33 44 11 41 33 33 44 33 33 33 22
0 14 23 23 33 22 32 23 44 32 33 44 11 44 32 33 42 33 32 32 23
0 11 22 22 32 33 33 23 44 32 32 42 11 11 32 33 22 32 33 33 22
0 44 22 23 32 33 32 23 41 33 32 42 11 41 33 33 22 33 32 33 23
0 14 22 23 33 32 33 23 44 33 33 44 11 44 32 33 42 32 33 33 23
0 44 33 23 32 33 33 22 41 33 33 44 14 41 33 32 22 33 33 32 22
0 14 22 33 22 32 33 33 41 33 33 44 14 41 33 33 42 22 33 32 22
0 14 22 33 33 33 33 23 41 33 32 42 11 41 33 32 42 32 33 33 23
0 11 23 23 22 33 32 22 44 32 32 42 11 44 33 33 44 33 32 33 23
0 14 23 23 33 33 33 23 44 33 32 22 11 44 32 32 44 32 32 33 23
0 11 33 22 22 33 33 33 44 32 32 42 14 44 33 33 42 32 33 32 23
0 14 22 33 22 32 33 23 44 32 33 42 11 44 32 33 42 33 33 33 23
0 14 22 23 32 32 33 23 41 33 32 42 11 44 33 33 44 32 32 33 22
0 11 33 23 32 33 22 22 44 33 32 42 11 11 32 33 42 33 32 33 23
0 14 23 23 22 33 33 23 11 33 33 22 11 41 33 33 44 22 32 32 22
0 11 23 33 33 32 22 22 44 32 32 22 11 44 33 33 44 33 32 32 23
0 44 33 23 32 33 22 23 44 22 32 22 11 41 32 33 44 32 33 33 22
0 11 33 22 32 32 32 23 44 33 33 42 14 41 33 32 44 22 33 33 23
0 11 22 22 33 33 22 22 41 33 32 44 11 44 32 32 42 33 32 33 22
0 14 22 22 33 32 33 23 44 33 33 44 11 44 33 32 22 33 33 33 22
0 14 22 22 33 33 32 22 41 33 32 42 11 41 32 33 42 22 33 33 22
0 44 23 23 32 33 32 23 44 33 32 42 11 41 33 33 44 33 33 32 23
0 14 33 23 33 33 33 22 44 33 33 44 11 41 32 33 44 33 33 33 23
0 11 22 33 32 33 33 23 11 33 33 44 11 41 33 22 22 33 33 33 23
0 11 22 23 32 22 33 23 44 33 32 44 14 41 33 32 42 22 33 32 22
0 11 22 22 32 33 32 22 44 33 33 42 14 41 33 33 44 32 33 33 22
0 14 22 22 33 33 32 22 44 32 33 44 11 44 32 32 42 33 33 32 33
0 44 22 23 32 32 33 23 44 33 33 44 11 44 32 32 42 32 32 33 22
0 44 22 33 22 32 32 23 44 33 33 42 11 41 32 33 44 33 33 22 23
0 14 22 22 32 33 33 23 44 33 33 42 11 44 33 32 44 32 33 33 22
0 11 23 33 33 33 32 33 44 33 32 42 11 41 33 33 44 33 32 32 22
0 14 22 33 33 33 32 23 44 33 33 44 14 44 33 33 44 33 33 32 23
0 14 23 23 33 32 32 22 44 32 33 44 11 44 33 33 44 33 33 32 23
0 14 22 22 33 32 32 23 44 32 33 44 11 41 33 33 42 32 33 32 23
0 44 23 23 33 32 32 23 44 33 33 44 11 44 33 33 44 22 33 32 22
0 11 23 23 33 32 33 22 41 32 33 44 11 11 33 33 42 32 32 33 22
0 14 23 23 33 32 33 22 11 33 33 22 11 44 33 32 42 33 33 32 23
0 14 33 23 33 33 33 23 44 33 32 22 11 41 33 32 44 32 33 32 22
0 14 22 22 32 33 32 33 44 33 33 42 11 11 33 33 42 22 33 32 23
0 44 23 22 33 33 22 23 44 33 33 44 11 41 22 32 44 33 33 33 22
0 44 33 22 22 32 33 33 44 22 33 42 11 41 33 32 42 33 33 33 23
0 14 22 22 33 32 22 33 44 33 33 22 11 44 33 32 44 22 32 32 23
0 14 22 33 32 32 33 22 41 33 33 22 11 11 33 33 44 33 33 33 22
0 44 23 23 33 33 33 22 44 32 22 44 11 11 33 33 44 32 33 33 23
0 14 22 23 33 33 32 22 44 33 32 22 11 11 32 32 42 33 32 33 23
0 11 23 23 32 33 22 23 44 33 33 42 14 41 33 32 42 32 33 33 22
0 11 22 23 33 33 32 33 44 22 32 42 11 44 33 32 42 33 33 33 22
0 11 23 23 32 33 22 22 44 32 22 42 14 41 33 32 42 22 32 32 23
0 14 22 33 32 32 32 33 44 33 33 22 11 44 33 33 44 32 33 33 22
0 14 23 22 32 32 32 23 44 33 22 42 11 11 33 33 42 33 33 33 23
0 14 23 23 32 32 33 23 41 33 22 42 14 44 32 33 22 22 33 32 33
0 14 22 23 33 33 33 23 44 32 33 44 11 41 32 33 42 32 33 32 22
0 11 22 23 32 32 32 22 41 33 32 44 11 41 33 32 42 22 33 33 22
0 11 23 22 32 32 33 33 44 32 33 44 11 41 32 33 44 32 33 33 23
0 11 23 33 33 33 32 23 44 33 33 44 11 44 32 32 44 22 33 33 22
0 11 33 23 33 32 32 23 44 33 33 42 11 41 33 33 42 32 32 33 23
0 14 22 23 32 32 32 23 41 33 33 42 11 11 33 32 22 33 33 33 23
0 14 22 22 33 33 32 33 44 33 32 42 11 41 32 33 42 33 33 32 22
0 14 22 23 33 33 33 23 44 33 32 42 11 44 32 22 42 32 33 33 33
0 14 22 22 32 32 32 22 44 33 32 44 14 44 33 32 42 32 33 33 22
0 14 23 23 32 32 32 23 44 32 33 44 11 11 22 32 44 33 33 32 23
0 11 23 33 33 33 32 22 44 33 33 42 14 44 33 33 44 33 33 32 33
0 14 23 23 32 32 33 23 44 32 33 42 11 41 33 32 44 33 33 33 22
0 11 23 22 33 22 22 23 44 33 32 42 11 41 33 33 44 32 33 33 23
0 44 33 22 33 33 32 23 44 33 32 44 11 41 32 33 42 22 33 22 22
0 11 23 22 33 33 32 22 41 33 32 42 11 44 33 33 44 33 33 33 22
0 14 23 22 33 33 33 23 41 32 22 42 14 11 33 33 44 32 33 33 33
0 11 22 23 33 33 33 22 44 33 22 42 11 41 33 32 44 33 33 33 33
0 14 23 22 33 33 33 33 41 32 22 22 11 41 33 32 42 33 33 22 23
0 11 22 22 33 32 33 22 44 33 32 44 11 41 33 33 44 32 32 32 23
0 14 23 23 33 32 33 23 41 33 32 44 11 41 33 32 44 32 32 33 22
0 44 23 33 33 33 33 22 44 32 33 22 11 11 32 32 44 32 33 33 33
0 44 22 23 32 33 32 23 44 33 32 22 11 44 33 33 42 33 32 32 33
0 11 22 22 33 33 32 23 41 33 33 42 11 41 33 33 44 22 22 32 22
0 14 23 23 32 33 33 33 44 33 33 42 11 41 32 33 44 32 33 22 22
0 11 22 23 32 22 22 22 44 33 33 44 11 41 33 33 44 22 33 33 23
0 14 22 23 33 32 32 22 41 33 33 42 11 41 32 32 42 32 32 33 22
0 11 22 33 32 32 22 33 44 33 33 42 11 44 33 33 42 32 32 32 23
0 14 23 33 33 32 32 23 41 33 32 42 14 44 33 32 42 32 33 33 23
0 11 23 22 32 32 32 23 44 33 33 42 11 44 32 33 22 33 33 33 33
0 11 23 23 33 32 33 23 41 32 33 42 11 41 32 32 44 32 32 32 22
0 14 22 23 33 33 33 22 44 33 33 44 11 41 32 32 22 22 32 33 23
0 11 22 22 32 33 32 22 41 32 32 44 11 41 33 33 42 33 32 32 22
0 11 22 23 33 33 32 33 41 33 33 42 11 41 33 32 42 32 33 33 22
0 11 23 23 32 33 32 22 44 33 32 42 11 44 33 32 42 32 33 22 23
0 14 23 23 33 32 33 23 44 33 32 42 14 44 33 33 44 32 33 32 23
0 14 22 22 33 32 33 23 44 33 32 44 11 11 33 33 22 32 33 32 22
0 11 22 23 32 33 32 33 44 33 33 42 11 44 33 32 44 33 32 32 23
0 14 23 23 32 33 32 23 41 32 32 22 11 41 32 32 42 33 33 33 23
0 14 23 22 22 32 22 23 44 33 33 42 11 44 33 32 22 33 33 32 22
0 14 22 23 33 33 32 23 41 33 33 22 11 44 33 32 42 32 32 33 23
0 14 23 23 32 33 32 23 44 33 32 42 11 11 32 32 44 32 32 33 33
0 11 23 22 33 32 33 22 44 32 33 42 11 41 32 33 42 33 33 32 22
0 14 23 22 33 33 33 23 41 33 33 44 11 41 33 33 44 33 33 33 22
0 44 22 22 33 32 33 33 41 33 32 44 11 44 33 33 44 32 33 33 22
0 11 23 22 22 32 33 23 44 32 33 42 11 11 33 32 44 33 33 33 23
0 11 23 33 33 33 32 23 44 33 32 44 11 41 32 32 44 33 33 33 23
0 11 22 22 32 32 32 22 44 33 33 44 11 44 33 32 42 32 33 32 22
0 14 22 22 33 32 32 33 44 33 32 22 11 11 33 33 44 33 32 32 33
0 14 22 22 33 33 33 22 41 33 33 22 11 41 33 33 22 33 32 33 22
0 11 33 33 32 22 32 23 44 33 33 44 11 41 33 22 44 32 32 33 22
0 14 33 23 33 33 22 23 41 32 32 42 11 41 33 33 42 22 33 33 23
0 44 22 23 33 33 33 33 44 33 33 44 11 41 33 33 44 22 33 33 23
0 11 22 23 32 33 33 22 41 33 33 44 11 41 33 33 44 22 33 33 23
0 11 23 33 32 33 32 23 41 33 33 44 11 41 33 32 42 32 33 33 22
0 14 22 33 33 33 33 22 41 33 33 42 14 44 33 33 42 32 33 33 22
0 14 22 23 32 33 32 22 44 33 33 42 11 41 33 32 44 32 33 32 23
0 14 22 23 33 22 33 22 44 33 33 44 14 44 33 32 42 32 33 33 23
0 11 22 22 33 22 32 23 44 33 33 42 11 11 33 33 44 32 33 32 23
0 14 23 33 33 33 22 33 44 33 33 42 11 44 33 33 22 33 33 33 33
0 14 22 23 33 33 32 23 44 32 32 42 11 41 33 33 44 32 33 33 23
0 44 22 22 32 33 32 22 44 33 33 42 11 41 33 32 44 33 32 33 23
0 44 22 23 32 33 32 23 41 32 33 42 11 41 33 33 42 32 33 22 22
0 44 22 33 33 32 22 22 41 33 33 44 11 41 33 33 44 32 32 33 22
0 44 22 33 32 32 32 23 44 33 33 22 11 41 33 32 44 22 33 33 23
0 14 23 23 33 22 33 23 44 33 22 22 11 11 33 32 42 22 33 33 22
0 44 23 23 33 33 33 22 44 33 33 22 11 11 33 33 42 32 32 32 22
0 11 23 23 32 33 33 23 44 32 33 42 14 44 32 22 42 33 33 33 22
0 14 23 22 32 33 32 22 41 32 33 42 11 41 33 32 42 22 32 33 22
0 44 22 23 32 33 33 23 44 33 33 44 14 44 33 33 44 33 33 22 22
0 11 22 22 32 33 33 33 44 33 33 44 11 41 32 33 22 32 33 33 22
0 11 33 23 33 32 33 22 44 33 22 42 11 41 33 33 42 32 33 33 23
0 11 22 23 32 32 33 23 44 32 32 44 11 44 33 32 44 32 33 33 23
0 14 23 23 33 32 32 23 41 33 32 42 11 41 33 33 22 33 32 32 23
0 14 23 22 33 32 22 22 44 32 33 44 11 41 33 33 44 22 32 33 22
0 11 23 22 32 33 32 23 41 32 33 42 11 11 32 33 42 33 33 33 22
0 14 33 22 33 32 33 22 41 33 32 44 11 41 33 33 44 32 33 33 22
0 14 22 22 33 33 32 23 44 33 32 22 14 41 32 33 22 33 32 33 23
0 11 22 23 33 33 33 23 44 33 33 44 11 44 32 33 44 32 32 32 23
0 11 22 23 33 33 32 22 44 32 33 42 11 11 33 32 44 33 33 33 23
0 11 33 22 33 33 32 23 44 33 33 42 11 41 33 33 42 33 33 32 23
0 14 23 23 32 33 22 22 44 32 32 44 11 41 32 33 44 32 32 32 23
0 11 22 33 33 33 33 23 44 32 33 22 14 44 33 33 42 33 32 33 22
0 14 22 22 32 33 32 23 44 33 32 22 11 41 32 33 42 32 32 33 33
0 14 22 23 33 32 33 23 44 32 32 42 11 41 33 32 42 33 33 33 23
0 11 22 22 32 32 32 23 44 33 33 44 11 44 32 32 44 32 32 33 22
0 14 23 22 32 33 32 23 41 33 32 44 11 11 32 33 42 32 32 33 23
0 14 22 22 33 32 33 23 41 33 22 44 14 44 32 33 42 33 33 32 23
0 14 22 23 32 32 33 23 44 32 32 42 11 11 33 32 42 22 33 33 22
0 14 23 23 32 32 33 23 44 32 33 42 11 41 32 33 42 22 33 33 33
0 14 23 23 33 22 33 22 44 33 33 22 14 11 22 32 22 32 33 33 22
0 11 22 23 33 32 33 22 44 32 32 22 11 41 33 33 44 22 32 32 22
0 14 22 22 33 32 32 23 11 33 32 42 11 11 32 33 42 32 33 33 23
0 44 23 23 32 33 33 22 44 33 33 44 11 44 32 32 42 32 33 33 22
0 11 22 23 33 33 33 22 44 33 33 44 11 44 32 33 42 32 33 33 23
0 11 22 22 33 33 32 23 44 33 33 44 11 11 33 33 44 33 33 32 23
0 11 22 23 32 22 32 22 44 33 33 42 11 44 33 33 42 32 32 33 23
0 14 22 23 32 33 33 23 44 33 33 44 11 41 33 33 42 32 33 33 22
0 14 22 22 32 33 32 33 44 33 32 42 14 41 32 32 44 22 32 33 23
0 14 22 33 32 33 33 22 41 33 32 42 11 41 33 33 22 33 32 33 22
0 11 22 23 32 33 33 22 44 33 33 44 11 44 33 33 44 33 33 33 22
0 11 22 23 22 33 33 23 44 22 33 22 14 11 33 32 44 32 32 33 22
0 44 23 23 33 32 32 22 44 33 32 22 11 44 32 33 44 32 32 33 22
0 14 22 22 33 32 32 23 44 32 32 22 11 41 33 33 44 33 33 33 23
0 44 22 23 32 32 32 23 41 32 22 22 11 11 33 32 22 32 32 32 23
0 11 22 23 32 33 33 22 41 33 33 44 14 44 33 32 42 32 33 32 22
0 44 23 33 32 32 33 23 41 33 32 22 11 44 33 33 44 33 33 32 33
0 14 22 22 32 33 22 23 44 33 32 42 11 41 32 33 44 32 32 33 22
0 14 22 23 32 33 32 22 44 33 33 44 11 44 33 32 44 32 33 33 22
0 14 22 23 33 33 32 23 44 33 32 44 11 41 33 22 42 33 33 33 22
0 14 22 22 32 32 32 33 44 32 33 44 11 44 33 22 44 33 33 32 33
0 44 23 22 33 32 32 23 41 32 33 22 11 44 33 33 42 22 33 32 22
0 44 22 33 33 33 33 22 41 33 32 42 14 44 33 33 22 33 33 33 22
0 14 22 23 32 32 33 23 41 22 33 22 11 41 33 32 44 32 33 33 33
0 11 23 23 33 33 33 22 44 32 22 44 11 41 33 32 42 32 33 33 23
0 11 22 22 32 33 22 22 44 33 32 42 11 44 33 33 42 33 33 32 22
0 11 23 33 32 22 33 23 44 33 32 42 11 44 33 33 44 32 33 32 22
0 14 23 22 22 32 33 23 44 32 33 42 14 44 32 33 44 33 33 33 22
0 14 22 23 22 32 32 23 41 33 32 42 11 41 33 32 42 32 32 33 33
0 11 33 22 22 32 33 23 44 22 33 22 11 41 32 32 42 22 33 32 23
0 44 23 22 33 33 32 33 41 33 33 44 11 41 33 32 44 32 33 33 22
0 14 22 23 32 33 32 23 44 32 33 42 11 41 33 33 42 33 33 33 23
0 44 22 22 22 33 33 22 41 33 33 44 11 44 33 33 44 32 32 33 33
0 14 23 23 33 33 22 23 44 33 32 42 11 41 33 33 44 32 33 33 23
0 11 23 22 32 32 32 22 44 22 33 42 11 41 33 32 44 22 33 33 22
0 14 23 22 32 33 33 22 44 33 33 44 11 41 33 33 44 32 33 33 22
0 11 23 22 33 33 32 23 41 33 22 44 11 41 32 33 42 22 33 33 23
0 44 22 33 33 32 32 23 41 33 33 42 11 11 33 33 44 22 33 33 22
0 11 22 22 33 33 33 22 41 33 33 42 11 41 33 33 22 32 33 32 22
0 14 23 23 33 32 33 23 44 33 32 44 11 44 32 33 44 32 33 33 23
0 11 23 33 32 33 22 23 44 33 32 42 11 44 32 22 44 32 33 33 22
0 14 22 23 33 22 32 23 41 33 33 22 11 11 33 33 44 32 33 33 23
0 11 33 23 33 33 33 33 44 33 32 44 11 41 33 33 44 22 33 32 23
0 11 22 22 32 33 32 23 41 33 33 44 11 44 33 33 42 32 33 32 23
0 14 22 23 33 33 33 23 44 33 33 44 11 44 32 32 42 33 33 33 33
0 14 22 22 33 33 32 22 41 33 33 22 11 44 32 32 42 33 33 33 23
0 14 22 23 33 32 33 22 44 33 22 42 11 41 33 33 22 32 33 32 23
0 14 22 22 33 33 32 22 44 33 32 42 14 41 33 32 42 33 32 32 33
0 11 22 23 32 32 32 23 11 32 32 22 14 41 33 33 42 32 33 33 23
0 14 22 23 33 32 33 22 41 33 32 44 14 44 33 32 42 32 32 33 23
0 14 22 33 22 22 32 23 44 33 33 44 14 44 33 33 44 32 33 33 33
0 14 23 22 33 32 33 23 44 33 32 42 11 44 22 32 22 33 33 32 22
0 11 22 23 32 32 32 23 44 32 32 44 11 44 33 33 44 32 32 32 22
0 14 23 23 22 33 32 22 44 33 33 22 14 44 33 32 42 33 32 32 23
0 14 22 22 22 32 22 22 44 33 32 42 11 44 33 33 42 33 33 33 23
0 14 23 33 33 33 32 23 44 32 33 42 14 41 33 33 42 32 33 33 33
0 14 23 22 32 33 32 23 44 33 32 42 14 44 33 32 44 33 33 33 33
0 14 22 23 33 33 32 33 44 33 33 42 11 41 33 32 44 33 33 33 23
0 44 23 23 32 32 22 23 44 33 32 44 11 41 22 32 42 22 32 32 23
0 11 22 33 32 33 33 23 44 33 22 44 11 41 33 33 44 22 33 33 23
0 14 22 23 32 32 33 22 44 33 32 42 11 41 33 32 42 33 33 32 23
0 14 22 23 33 33 22 22 44 33 32 42 11 41 33 32 44 32 33 33 33
0 44 23 22 33 33 33 23 44 32 33 42 14 41 32 32 44 32 32 22 23
0 14 23 22 32 22 22 23 44 33 22 42 14 41 32 22 42 22 32 33 33
0 11 22 23 32 33 33 23 41 32 33 22 14 44 33 32 22 32 32 33 33
0 11 33 22 33 33 32 23 41 33 32 44 11 44 33 33 42 33 33 33 23
0 11 22 22 33 33 32 23 44 33 33 42 11 44 33 33 44 32 33 33 22
0 11 23 23 32 32 32 22 41 33 32 44 11 41 33 22 42 32 33 32 23
0 44 22 23 32 33 33 23 41 33 33 42 11 41 32 33 42 33 32 22 23
0 14 23 23 32 33 32 33 44 33 33 44 11 11 33 33 44 33 32 33 22
0 14 22 22 32 32 33 33 44 33 33 42 14 44 33 32 44 22 33 33 23
0 14 22 23 33 32 32 33 44 32 33 44 11 41 32 33 42 32 32 33 23
0 44 22 23 33 33 33 23 41 32 33 22 11 11 33 33 42 32 32 32 33
0 14 23 23 33 33 33 33 44 32 33 22 11 41 32 33 44 33 33 32 23
0 11 23 33 32 32 32 23 41 33 32 44 11 41 33 22 42 33 32 33 22
0 14 22 22 32 32 33 23 44 32 33 42 14 44 22 33 42 32 33 32 23
0 14 23 23 32 33 33 33 44 33 33 42 11 44 32 32 42 22 33 32 22
0 14 22 33 32 32 32 23 41 33 33 44 14 11 33 33 44 32 32 22 22
0 44 22 33 32 33 32 23 41 33 32 44 14 44 32 33 42 32 33 33 33
0 11 22 23 32 33 33 23 44 33 32 42 11 41 33 33 42 32 33 33 22
0 14 23 22 32 22 33 22 44 32 33 44 11 41 33 33 44 32 32 33 33
0 14 23 22 33 33 32 23 41 32 33 42 11 41 33 32 42 33 32 32 23
0 44 23 33 33 33 32 22 41 33 33 22 11 44 33 33 44 32 33 32 23
0 14 23 23 32 33 33 22 41 33 33 42 11 41 32 33 42 33 33 32 23
0 14 22 22 32 33 32 23 41 32 32 42 11 11 33 33 44 33 33 32 22
0 14 22 33 33 32 33 23 44 33 33 42 11 41 33 32 42 32 32 32 33
0 14 22 22 22 33 33 22 44 33 32 42 11 11 33 33 22 32 32 33 22
0 11 23 22 32 33 22 23 44 33 33 42 11 44 33 32 44 22 32 33 23
0 14 33 23 32 22 32 23 41 33 32 44 14 44 32 33 44 22 32 22 23
0 11 22 23 32 32 32 23 44 22 33 42 14 44 33 32 42 32 33 32 22
0 14 22 23 32 32 32 22 44 32 33 44 11 41 33 32 44 22 33 33 22
0 14 22 23 33 33 33 33 11 33 32 42 11 41 32 33 22 32 33 32 23
0 14 22 33 32 32 32 33 44 33 33 42 11 41 32 33 44 32 32 32 23
0 11 23 23 32 33 33 22 44 33 33 42 11 41 32 22 44 32 33 33 22
0 11 22 23 33 32 32 33 44 33 32 42 14 41 32 32 42 32 22 33 23
0 14 23 23 33 33 22 22 41 33 32 44 11 11 32 33 44 32 33 33 33
0 11 22 23 33 32 33 22 41 22 32 44 11 41 32 33 42 32 33 33 33
0 14 23 33 33 32 32 22 44 32 32 44 11 41 33 32 42 32 32 33 23
0 14 22 22 33 33 32 23 44 33 33 44 11 41 33 33 44 22 33 33 22
0 14 22 22 32 33 33 33 44 33 33 42 14 44 32 22 42 22 33 33 22
0 14 23 22 32 22 33 23 41 32 32 44 11 41 33 32 44 33 33 33 23
0 44 22 33 33 33 33 23 44 32 22 22 11 44 33 32 44 33 33 32 22
0 11 23 23 32 32 32 23 44 33 32 44 11 44 33 33 44 22 33 33 22
0 14 22 22 32 33 33 23 41 33 33 22 11 41 32 32 42 33 33 32 33
0 11 22 23 33 32 33 23 44 33 32 22 11 44 32 33 22 32 33 33 22
0 14 23 33 32 32 22 23 44 33 32 42 11 44 33 33 44 33 32 32 23
0 14 23 22 22 33 32 22 41 33 33 42 11 44 33 32 44 33 33 33 22
0 14 23 22 32 32 33 33 41 33 32 22 11 41 22 22 42 33 33 33 23
0 14 23 23 32 33 32 23 44 33 32 42 11 44 32 33 44 32 33 32 23
0 14 23 22 22 32 33 33 44 32 33 42 11 41 33 32 44 33 33 32 22
0 14 22 33 32 32 32 33 41 33 32 42 11 11 33 33 42 33 33 32 22
0 11 22 23 33 33 33 22 44 33 33 42 11 41 32 33 42 32 33 33 33
0 11 22 22 22 32 32 33 44 33 32 44 14 44 33 33 42 32 32 33 33
0 14 33 22 32 32 32 23 44 33 33 44 11 41 33 33 44 32 33 33 23
0 14 23 33 32 33 33 23 41 33 22 44 11 44 33 33 42 32 33 33 23
0 14 23 22 33 33 33 23 44 33 33 42 11 41 32 33 44 32 32 33 23
0 14 22 22 32 33 22 23 41 33 33 42 11 44 33 32 44 32 33 32 22
0 44 22 22 32 33 33 22 41 33 33 44 11 41 33 32 42 32 33 33 33
0 11 22 23 32 33 22 23 44 33 32 42 44 41 33 33 42 33 32 33 23
0 44 33 33 32 33 32 23 44 33 33 42 11 41 33 32 42 33 33 33 33
0 11 23 22 32 32 33 22 44 33 33 44 44 41 33 33 42 22 33 32 33
0 14 23 23 32 33 33 23 44 32 32 44 14 11 33 32 42 32 33 22 22
0 44 22 33 32 33 33 33 44 33 33 44 11 41 33 32 42 32 33 33 22
0 44 22 23 33 32 33 23 44 33 33 42 11 41 33 33 22 32 33 33 23
0 14 22 23 32 33 32 22 44 33 33 22 11 41 32 32 22 22 33 33 23
0 11 22 22 32 33 33 33 44 33 33 42 11 41 33 33 44 32 33 33 22
0 14 23 22 32 22 33 23 44 33 32 42 11 11 22 33 22 33 32 33 23
0 14 22 33 32 33 32 22 41 32 33 42 11 41 32 32 42 33 33 33 22
0 11 23 33 32 32 33 33 44 32 33 22 11 41 32 33 44 22 33 33 23
0 14 22 23 22 33 22 22 44 32 32 44 11 41 33 33 44 32 32 32 23
0 14 23 22 33 22 32 23 44 32 33 42 14 41 32 32 42 22 33 33 23
0 14 22 23 32 33 33 33 44 33 33 42 11 44 33 33 44 32 33 32 22
0 44 23 23 32 32 33 22 44 32 33 44 11 44 32 33 44 33 33 33 23
0 11 23 22 32 32 32 23 44 32 33 42 11 41 33 33 42 32 33 32 23
0 11 23 23 33 32 33 33 41 33 32 22 11 44 33 33 44 32 33 33 22
0 14 22 23 32 32 33 23 44 32 32 42 11 44 32 32 44 33 32 22 33
0 14 22 22 33 32 32 33 44 33 32 44 11 41 33 33 44 22 33 33 23
0 44 22 33 32 32 32 23 44 33 32 44 11 11 33 22 44 32 33 33 23
0 14 23 22 32 32 32 23 41 32 32 42 11 41 33 33 42 33 33 33 23
0 44 23 33 22 33 32 23 44 33 33 22 11 41 33 32 42 33 32 33 22
0 11 23 23 32 33 33 23 44 32 32 44 11 11 33 33 44 32 33 33 23
0 11 22 23 33 33 33 23 44 33 33 42 11 44 33 32 44 32 33 33 23
0 11 23 23 33 32 32 23 44 32 32 44 11 44 33 33 42 32 32 33 22
0 14 23 22 32 33 33 22 44 33 32 44 11 11 33 32 42 33 33 33 33
0 14 22 23 22 33 33 22 41 32 33 22 11 41 33 32 44 22 33 33 23
0 14 23 22 32 32 33 22 44 33 32 42 11 41 32 33 44 22 33 33 22
0 14 22 22 32 32 32 23 44 32 32 44 11 41 32 33 42 33 33 33 23
0 11 23 23 33 33 32 23 44 32 22 22 11 11 32 33 44 33 32 33 22
0 14 23 23 33 32 33 23 44 32 33 44 14 44 33 33 44 32 33 33 22
0 11 22 23 33 33 33 23 44 33 33 44 11 44 33 32 42 33 33 22 22
0 44 22 23 22 32 33 23 41 32 33 42 11 44 33 33 42 33 33 33 33
0 11 23 23 32 32 33 23 41 22 33 22 11 44 33 33 42 33 33 32 33
0 44 22 33 33 33 33 22 44 33 33 44 11 41 33 32 44 33 32 33 22
0 14 22 22 32 33 33 22 44 33 33 44 11 44 32 32 44 22 32 33 23
0 14 22 22 33 33 33 22 44 33 32 22 11 44 33 33 44 33 33 33 23
0 14 23 23 33 32 32 33 44 33 32 22 11 11 33 33 44 32 33 33 33
0 14 23 23 33 32 33 22 44 33 33 42 14 41 32 32 44 33 33 33 33
0 14 22 23 33 32 33 23 41 33 33 42 11 41 32 33 44 22 33 33 22
0 14 22 33 33 32 33 22 44 22 33 42 11 41 33 32 44 32 32 32 23
0 44 22 33 33 32 33 22 44 32 22 42 11 44 33 22 44 32 33 22 22
0 11 23 22 32 33 32 22 41 32 22 44 11 41 33 33 44 32 33 33 23
0 14 33 23 32 32 33 23 41 33 33 42 11 44 33 33 42 32 33 32 23
0 14 22 23 33 32 32 23 44 33 33 44 11 41 32 32 42 33 33 32 22
0 11 22 23 32 33 32 22 41 33 22 22 11 41 33 32 42 33 33 32 23
0 44 22 23 33 33 32 23 41 32 33 42 11 11 33 33 44 33 33 33 22
0 11 22 23 33 33 33 23 44 33 33 44 11 44 33 33 44 33 33 33 23
0 11 22 33 33 32 32 23 44 33 22 42 11 44 32 33 42 22 32 33 23
0 14 23 23 32 33 33 23 44 33 33 22 14 11 33 32 42 22 32 32 22
0 44 23 23 33 33 22 22 44 33 33 22 11 11 33 33 44 33 32 32 23
0 14 22 23 32 32 33 23 44 33 33 44 11 11 33 33 44 32 32 32 23
0 44 23 23 22 32 33 22 44 33 33 44 11 41 32 33 44 33 33 33 22
0 44 22 33 32 33 32 23 41 33 33 42 11 44 33 32 42 32 33 32 23
0 14 22 23 22 33 32 22 44 32 33 22 11 44 33 33 42 32 32 32 23
0 14 22 22 32 33 32 23 41 33 33 42 14 44 33 33 44 32 32 33 23
0 14 22 22 32 32 33 23 44 32 32 42 11 41 33 32 42 22 33 33 22
0 14 22 23 32 32 32 23 44 33 33 42 11 11 33 33 42 33 32 33 23
0 14 23 22 33 33 33 22 41 33 33 44 11 44 33 33 44 32 33 33 23
0 14 22 22 32 32 32 22 44 33 33 22 11 11 33 33 44 22 33 32 23
0 14 22 33 32 32 33 22 44 33 32 44 14 44 33 32 42 32 32 33 23
0 11 22 23 33 33 33 22 44 33 33 42 11 11 32 32 22 22 33 33 22
0 44 22 22 32 33 33 23 44 33 33 42 11 41 32 32 42 33 33 32 22
0 44 22 33 32 32 33 22 44 33 32 42 11 11 32 32 42 33 33 33 22
0 11 33 23 33 33 32 22 44 33 32 22 11 44 33 33 42 33 33 32 23
0 14 22 23 33 33 33 22 41 33 32 44 11 41 33 33 42 32 33 33 23
0 14 23 22 22 22 32 23 41 33 33 22 11 11 33 32 44 32 32 33 23
0 11 22 23 32 32 33 23 44 33 32 42 11 44 33 33 22 33 33 33 33
0 44 22 33 32 33 33 33 41 32 33 44 11 41 32 33 42 32 22 33 22
0 11 33 22 33 33 32 33 44 32 33 44 11 41 32 33 42 32 33 33 23
0 14 23 23 32 22 32 23 41 33 33 42 11 41 32 32 42 32 33 32 23
0 14 23 33 33 32 33 23 44 33 32 42 14 41 33 32 42 32 32 32 23
1 14 23 23 33 33 33 23 44 33 33 44 11 44 33 33 42 32 32 33 33
1 14 22 22 33 33 22 22 44 33 32 22 11 44 33 22 42 33 32 32 22
1 11 22 22 33 32 33 22 44 22 32 42 11 41 33 32 44 32 33 33 23
1 11 22 22 33 33 32 23 44 33 33 44 11 44 33 32 42 33 33 33 23
1 44 23 22 32 32 33 23 44 33 32 42 11 44 33 32 42 32 33 22 22
1 11 22 22 33 32 32 23 44 33 32 42 11 41 32 33 44 32 33 33 22
1 11 23 23 32 32 32 22 44 33 32 42 11 44 33 33 44 32 33 32 22
1 14 33 23 32 33 33 22 44 33 32 44 11 44 33 33 42 32 33 33 23
1 14 22 22 33 33 32 23 41 32 33 22 11 41 32 33 44 22 33 33 23
1 44 23 23 32 33 32 22 44 32 32 22 44 41 33 33 22 32 33 32 22
1 44 22 22 32 33 33 23 41 33 33 42 11 41 33 22 42 32 32 33 22
1 11 23 23 33 33 32 33 44 33 33 44 11 41 33 22 42 22 33 33 23
1 11 23 23 33 32 32 23 41 22 32 42 11 41 33 33 42 32 33 33 23
1 14 33 23 33 32 32 23 44 33 33 42 11 41 33 32 44 22 33 33 33
1 44 22 23 32 32 33 23 44 33 33 42 11 41 33 32 22 33 33 32 23
1 44 22 23 33 33 32 22 44 33 33 42 14 44 33 32 42 22 33 33 22
1 14 22 23 33 33 33 23 41 33 32 42 11 41 33 22 42 32 33 32 22
1 14 22 23 33 32 32 23 44 33 32 42 11 44 33 33 44 32 33 33 22
1 11 23 22 33 22 33 23 44 33 32 42 11 11 32 32 42 32 32 33 23
1 11 23 23 32 32 33 22 44 33 32 42 11 44 33 32 44 33 32 33 22
1 14 23 22 33 33 32 23 44 32 33 42 11 44 33 32 44 32 33 33 22
1 14 22 23 32 33 33 23 44 33 33 22 11 41 32 32 42 32 33 32 22
1 11 22 23 33 32 33 23 41 32 33 44 11 44 33 32 22 32 33 33 23
1 44 23 22 33 33 32 22 41 32 22 42 11 44 33 33 22 22 32 33 22
1 14 22 23 33 33 33 33 44 33 32 44 11 44 33 33 44 33 33 32 22
1 11 33 23 33 32 33 23 44 33 33 42 11 41 33 33 44 32 33 33 23
1 11 23 33 33 33 32 23 11 33 33 22 11 41 32 22 42 32 33 32 23
1 11 22 23 33 32 32 23 44 33 33 44 11 41 33 32 44 32 33 33 23
1 44 22 33 32 33 22 23 41 33 32 42 11 41 33 32 42 22 33 33 23
1 14 22 23 33 33 32 22 44 32 32 44 11 41 33 32 42 33 33 33 23
1 14 22 23 32 33 32 22 44 33 32 42 11 11 33 32 42 33 33 32 23
1 14 23 23 32 32 33 22 44 32 32 42 11 41 33 33 42 33 33 33 22
1 44 33 23 32 33 32 22 41 33 22 44 11 44 33 33 42 32 33 33 23
1 11 22 23 33 32 33 23 44 32 33 22 11 44 33 32 42 33 33 32 23
1 11 22 23 32 33 33 23 44 33 32 42 11 44 32 22 42 33 33 22 22
1 11 22 23 32 32 33 22 44 33 33 42 14 41 33 33 44 22 33 32 22
1 11 22 23 33 32 33 22 44 33 33 22 11 44 33 33 44 22 33 33 23
1 14 22 23 33 33 32 22 41 22 22 44 11 41 32 32 42 33 33 32 22
1 14 23 23 33 32 32 22 41 33 32 42 14 41 33 33 42 32 33 32 23
1 14 22 23 33 33 32 23 44 32 32 42 14 44 33 32 22 32 32 33 23
1 14 22 23 32 33 33 22 44 33 32 42 11 11 33 33 42 22 32 33 22
1 11 22 22 33 33 33 22 44 33 33 42 11 41 33 33 42 32 33 32 22
1 14 33 22 32 33 32 22 44 33 32 22 14 41 33 33 44 32 32 32 22
1 14 33 22 22 33 33 33 44 33 33 42 11 41 33 22 44 32 33 32 23
1 14 22 22 22 32 32 23 41 22 33 42 14 44 32 32 42 32 32 33 23
1 14 33 33 33 32 32 33 11 33 32 22 11 44 33 32 44 33 33 33 23
1 14 23 23 32 33 33 22 41 33 33 42 11 41 33 22 22 32 33 32 23
1 14 22 33 32 33 33 22 44 32 32 42 11 41 33 33 44 32 32 33 23
1 14 23 22 32 32 32 33 41 32 32 42 11 41 32 32 42 32 32 33 23
1 14 22 22 33 32 33 22 44 33 32 42 11 44 33 32 44 33 33 33 22
1 11 23 22 22 33 33 23 41 33 33 44 11 44 33 33 44 33 33 33 23
1 14 23 23 32 22 32 23 44 33 33 22 11 41 33 33 42 33 33 33 22
1 44 23 23 33 33 33 23 41 33 33 42 14 44 33 33 42 32 33 33 23
1 14 22 23 32 33 32 23 44 33 33 44 11 44 32 33 42 33 33 33 22
1 11 22 22 33 33 33 23 44 32 32 22 14 41 33 33 44 32 33 33 23
1 14 22 22 33 33 32 22 44 33 33 42 11 44 33 32 44 32 32 33 23
1 44 22 22 33 33 32 33 44 33 32 44 11 41 32 33 44 32 33 32 23
1 14 23 23 32 32 32 23 44 22 32 44 11 41 33 33 42 32 32 32 33
1 11 22 23 33 32 32 23 44 32 32 42 44 41 33 32 44 32 33 32 23
1 11 22 22 33 33 33 23 11 33 33 22 11 44 33 32 44 33 32 33 23
1 44 23 23 33 33 33 23 44 33 33 42 11 44 33 32 44 32 33 33 22
1 44 23 22 22 32 32 22 41 33 32 42 11 41 33 33 44 32 32 32 33
1 11 22 22 33 33 33 22 44 32 32 42 11 41 33 33 42 32 33 32 22
1 44 23 33 32 33 33 23 44 33 32 42 14 44 33 32 44 32 32 32 22
1 11 22 22 22 32 22 23 44 32 33 22 11 41 33 33 44 22 22 33 22
1 11 22 23 33 32 33 22 44 32 32 44 11 41 32 33 42 33 33 32 23
1 14 23 33 22 22 33 23 44 33 33 42 11 41 22 33 42 22 33 33 22
1 44 23 23 32 33 32 22 44 33 33 42 11 41 32 32 42 33 33 32 33
1 11 23 23 33 32 33 33 41 33 32 42 11 11 22 32 44 32 33 33 22
1 44 23 23 32 32 33 23 44 32 32 22 11 44 33 33 42 33 33 33 22
1 11 23 22 32 32 33 23 44 32 32 42 11 41 33 33 22 32 32 22 22
1 14 22 22 33 32 33 33 44 22 32 22 11 41 32 32 42 33 33 33 33
1 14 23 23 32 33 33 23 44 33 33 42 11 44 32 32 42 33 33 32 22
1 11 23 22 32 33 32 23 41 33 33 22 11 11 33 33 42 33 32 33 23
1 44 23 23 33 33 32 23 44 32 33 42 14 41 33 33 42 33 33 33 23
1 11 23 23 32 32 32 33 44 33 33 22 11 41 33 32 42 33 33 33 22
1 14 23 22 32 33 22 23 44 33 32 42 11 44 33 32 44 32 33 33 33
1 44 23 23 32 22 33 23 44 33 33 42 11 41 33 32 44 33 33 33 23
1 11 22 23 33 32 32 22 44 33 33 42 11 41 32 33 42 32 33 32 33
1 44 23 22 32 32 32 23 44 22 32 44 11 41 33 32 42 22 33 32 23
1 14 23 33 33 33 32 22 41 33 32 22 11 41 32 22 42 32 33 33 23
1 11 33 22 32 32 32 22 41 32 32 22 11 11 33 33 42 33 33 33 22
1 11 22 22 32 33 33 22 44 33 32 42 11 41 32 32 44 32 33 33 22
1 14 22 23 33 33 22 23 44 33 33 22 14 41 33 33 42 32 33 33 23
1 14 22 22 22 32 33 33 44 33 32 22 14 11 33 32 44 32 33 32 22
1 14 22 23 33 33 32 22 44 32 22 42 11 41 33 32 42 32 33 33 23
1 44 22 22 32 32 32 23 44 33 32 44 11 44 33 33 44 32 33 22 23
1 14 23 33 32 33 33 22 44 33 33 44 11 41 33 32 42 32 32 33 23
1 14 23 23 32 22 32 23 44 22 33 44 11 41 33 33 42 32 22 32 23
1 14 22 22 32 32 22 22 44 33 33 22 11 44 32 33 42 32 33 33 23
1 14 22 22 33 32 32 23 41 33 32 44 11 44 32 33 44 33 33 32 22
1 11 22 23 32 22 32 23 44 33 33 44 11 44 33 32 44 33 32 33 23
1 11 22 23 33 33 33 23 44 22 33 44 11 44 33 33 44 32 32 33 22
1 44 22 23 32 33 33 22 44 33 33 42 11 41 32 32 42 33 33 32 22
1 14 33 23 33 32 32 22 44 33 33 42 11 44 33 33 42 33 33 33 33
1 14 23 22 33 33 33 23 41 33 33 44 11 41 32 33 42 22 33 33 23
1 11 23 23 22 33 33 23 44 33 22 42 11 41 32 33 44 33 33 33 23
1 14 23 33 33 33 33 23 44 33 33 42 11 11 32 22 22 22 33 33 23
1 14 23 23 32 33 32 22 44 32 33 42 11 41 33 32 44 32 32 33 33
1 44 22 22 33 33 32 23 44 32 32 42 11 11 32 22 44 32 33 33 23
1 14 22 23 32 32 33 22 41 32 33 42 14 44 33 33 42 22 33 33 22
1 14 23 23 32 33 33 23 44 32 33 42 11 11 22 33 42 32 33 32 23
1 14 22 23 33 32 32 23 44 33 32 44 11 41 33 33 44 33 32 33 22
1 44 23 22 32 33 32 23 41 33 32 44 44 11 32 22 44 33 33 33 23
1 11 23 23 33 32 32 22 41 22 33 42 11 41 33 32 44 32 33 32 22
1 14 22 23 32 22 32 23 44 33 33 42 11 11 32 33 44 22 33 33 33
1 14 23 23 32 33 32 22 44 33 32 22 44 41 32 33 44 32 33 33 22
1 44 23 23 22 32 33 33 44 33 22 44 11 44 33 22 42 32 33 32 22
1 11 23 23 33 33 22 23 44 33 33 44 11 44 32 33 22 32 32 32 23
1 14 22 22 32 33 33 23 44 33 32 42 11 41 33 32 44 32 33 33 22
1 44 22 23 33 33 32 23 44 33 33 44 14 41 33 32 22 32 33 33 22
1 14 22 23 33 32 33 23 44 32 22 44 11 41 32 32 44 32 33 33 23
1 11 23 23 32 33 22 22 44 33 22 42 11 41 32 22 42 22 33 22 22
1 44 22 33 33 32 33 23 44 32 33 44 11 44 22 32 44 32 33 33 22
1 14 22 22 33 22 32 23 41 32 22 44 11 44 33 32 44 32 33 33 22
1 14 22 23 32 33 33 33 44 33 32 44 11 41 33 32 42 32 33 32 22
1 44 22 23 32 33 22 33 41 33 33 42 11 44 32 33 42 33 32 33 23
1 14 22 22 33 33 33 23 41 33 32 42 11 41 33 33 42 33 33 33 33
1 14 23 33 32 32 32 22 44 33 33 22 11 11 33 32 42 33 33 33 23
1 14 23 23 33 33 32 23 44 33 32 42 11 44 33 33 44 33 33 33 22
1 11 22 23 32 33 22 33 41 33 33 44 11 41 33 32 44 32 22 33 23
1 14 23 22 32 32 33 23 41 33 32 42 11 41 33 32 22 33 32 33 23
1 14 23 23 32 33 33 23 44 32 32 42 14 44 32 33 42 22 33 33 23
1 14 22 22 32 32 33 23 44 33 32 42 11 41 33 33 42 32 33 32 22
1 11 22 22 33 33 32 22 44 33 33 44 11 44 33 33 44 32 33 32 22
1 14 23 22 32 32 33 33 44 33 33 42 11 44 33 33 42 32 33 33 23
1 11 22 23 33 22 33 33 41 32 33 44 14 44 33 32 42 32 33 32 33
1 14 22 23 33 33 33 23 44 33 22 44 11 41 33 33 42 32 32 33 23
1 14 23 22 32 32 33 22 44 33 32 22 11 44 32 32 44 33 33 32 23
1 11 22 22 32 33 32 22 44 32 33 42 11 41 32 32 42 32 32 33 23
1 11 22 23 33 33 32 23 44 33 33 22 14 41 33 32 44 33 32 33 23
1 14 33 22 32 32 22 33 44 32 33 22 11 41 32 33 44 22 33 32 33
1 14 22 23 32 22 32 23 41 33 33 44 11 41 33 32 44 32 33 32 23
1 11 22 23 33 32 32 23 44 32 33 44 11 11 32 33 44 32 33 32 23
1 11 22 22 32 33 33 23 41 33 32 22 11 11 32 33 44 33 33 33 23
1 14 33 22 33 32 32 23 41 33 32 22 11 41 32 33 44 33 33 33 23
1 14 22 23 33 33 33 22 44 33 33 44 14 44 33 33 44 32 33 33 23
1 11 22 22 32 33 33 23 44 33 33 44 11 44 32 32 44 32 33 32 23
1 11 22 23 33 32 32 22 44 33 32 42 14 44 33 32 42 32 33 32 33
1 11 23 22 33 32 32 22 44 33 32 42 11 41 32 33 44 32 33 32 22
1 14 23 22 32 33 33 33 41 33 33 42 11 11 32 32 42 32 33 33 23
1 11 33 33 33 33 33 33 11 33 32 42 11 44 32 33 44 32 32 33 22
1 14 23 22 33 33 33 22 44 32 32 42 11 41 33 32 42 33 32 33 23
1 14 23 22 32 32 32 22 44 33 32 42 11 44 32 33 42 33 33 33 22
1 14 23 33 33 33 32 23 11 32 22 42 11 44 33 32 44 32 32 33 23
1 14 23 23 32 32 33 22 41 33 32 42 11 44 33 33 42 32 32 32 23
1 14 23 23 32 32 32 22 44 33 33 22 11 41 32 33 22 33 33 33 33
1 44 22 23 22 33 33 23 44 33 32 44 11 44 33 33 42 32 33 32 23
1 14 23 23 32 32 33 33 44 33 33 44 11 44 32 33 44 32 32 33 22
1 14 22 22 32 32 22 23 44 33 22 44 11 44 33 22 44 33 33 32 22
1 14 23 22 33 32 22 22 41 33 32 42 11 41 33 32 44 33 33 32 23
1 14 22 23 32 32 32 23 44 33 22 44 14 41 32 33 22 33 33 33 23
1 11 33 22 32 22 33 23 44 33 33 44 11 41 33 32 22 33 33 33 23
1 14 22 23 33 32 33 22 44 32 32 42 11 41 33 32 42 32 33 33 22
1 14 22 33 32 32 33 23 44 33 22 22 11 44 33 32 42 32 33 33 22
1 44 33 23 32 33 32 33 41 33 33 42 11 41 33 32 42 32 32 32 22
1 14 22 23 33 33 22 22 44 32 33 44 14 41 33 32 42 32 22 32 22
1 44 33 23 32 32 32 33 44 32 22 44 11 41 32 33 42 22 33 33 22
1 14 22 22 33 32 32 33 44 33 22 42 11 41 33 33 42 32 32 32 22
1 11 22 22 32 33 33 22 41 32 32 22 11 11 33 32 22 32 33 33 23
1 11 23 23 32 32 32 23 44 33 33 42 11 11 32 22 42 33 33 32 23
1 14 22 22 22 22 33 23 44 32 33 42 11 41 33 33 44 32 33 33 22
1 11 22 22 22 32 32 23 44 33 32 42 11 44 33 33 44 33 33 33 23
1 14 23 22 32 22 22 33 44 33 33 44 11 11 33 22 42 32 33 33 22
1 11 22 23 33 32 32 33 44 33 33 22 11 11 32 33 42 33 33 22 23
1 14 22 23 33 32 33 23 44 33 33 42 14 41 32 32 44 32 32 32 33
1 44 22 23 33 33 32 22 44 33 32 22 14 41 33 32 42 32 33 33 23
1 11 23 23 33 32 22 22 44 33 32 22 11 41 33 32 44 22 33 33 22
1 14 22 23 33 33 32 23 44 33 33 42 11 44 32 33 22 33 33 33 23
1 11 22 23 33 32 22 22 44 33 33 42 11 41 33 32 44 22 33 33 23
1 14 23 23 32 33 33 23 44 33 32 44 11 44 33 33 44 33 33 33 22
1 14 22 22 33 32 32 22 41 33 33 44 11 44 22 33 44 32 33 33 22
1 11 23 33 32 32 33 22 44 33 22 42 11 44 32 32 22 22 32 32 23
1 11 22 22 33 33 33 23 44 33 33 42 11 41 33 33 42 33 32 33 22
1 11 23 22 33 33 33 33 44 33 33 44 11 11 33 33 44 32 32 33 33
1 14 23 23 32 33 33 22 44 33 32 44 11 44 32 32 44 32 32 33 22
1 14 22 22 32 33 33 22 44 33 32 42 11 44 33 33 42 22 33 32 22
1 14 23 22 33 33 33 22 44 33 33 42 14 11 32 32 42 32 33 33 33
1 14 33 23 32 33 22 33 44 33 32 42 11 44 33 22 44 32 33 32 23
1 14 22 23 32 22 33 22 44 33 32 42 11 11 32 33 42 32 33 33 33
1 14 23 23 32 33 33 22 44 33 32 44 14 11 33 32 44 32 33 32 22
1 11 22 23 32 32 33 23 44 22 33 22 11 44 32 32 44 33 33 32 22
1 14 23 23 32 32 32 33 44 32 33 42 11 11 32 33 44 33 32 33 23
1 14 22 22 33 32 32 23 44 33 32 44 14 41 32 32 44 32 33 32 23
1 44 23 23 32 32 33 23 44 33 22 44 11 11 32 22 42 33 33 33 23
1 14 22 22 33 32 33 23 41 33 33 22 11 44 32 33 44 32 32 33 22
1 14 23 23 22 33 32 22 44 33 33 22 11 41 33 33 42 33 33 32 33
1 11 22 22 32 32 33 23 41 32 33 42 11 44 33 33 44 32 33 33 23
1 44 22 33 22 32 33 23 44 33 32 42 14 11 32 32 42 32 33 33 33
1 44 22 23 33 33 32 23 44 32 33 42 11 41 32 33 44 33 33 33 23
1 44 22 23 32 32 33 22 44 33 22 42 14 44 32 32 42 33 33 33 22
1 14 23 33 32 32 33 23 41 33 22 44 11 44 33 32 42 33 33 33 22
1 14 23 22 33 32 32 33 44 32 22 44 11 41 33 32 44 33 33 32 22
1 44 22 22 32 33 32 33 44 33 33 42 11 44 33 32 42 33 33 32 22
1 14 23 33 32 33 33 22 41 32 33 22 14 41 33 33 44 33 32 32 23
1 14 22 23 33 32 33 22 44 22 33 42 11 44 33 32 44 32 33 22 22
1 44 22 23 32 32 33 23 44 32 32 22 11 41 33 33 42 22 32 33 22
1 11 23 23 33 22 32 22 44 33 33 44 11 44 33 33 42 32 33 33 23
1 11 23 22 32 32 32 22 44 33 32 42 11 41 32 33 42 32 32 32 22
1 11 23 33 33 33 22 23 41 32 32 22 14 41 33 33 44 32 32 32 23
1 14 23 22 32 32 32 22 44 33 33 42 11 41 33 33 22 33 32 33 22
1 14 22 33 33 33 33 22 44 32 33 42 11 44 33 22 42 32 33 22 22
1 11 23 22 33 33 32 33 41 32 32 22 11 41 32 33 44 32 33 33 22
1 11 23 22 33 33 32 23 44 33 32 44 14 41 33 33 42 33 32 33 22
1 11 33 23 33 32 32 22 41 32 33 42 11 44 33 33 44 33 33 33 23
1 14 23 23 32 33 32 23 44 33 33 22 11 11 33 33 42 32 32 33 22
1 44 23 33 33 33 32 33 44 33 33 44 11 41 33 32 42 33 33 33 22
1 14 23 23 33 32 33 33 41 32 33 22 14 44 22 33 42 32 33 33 23
1 44 23 22 33 32 32 23 44 33 33 42 11 41 32 32 44 32 33 33 23
1 14 23 23 33 22 33 23 41 33 32 44 11 44 32 33 44 22 33 32 22
1 44 23 23 32 33 22 22 44 33 33 42 11 41 32 33 22 33 33 32 23
1 44 23 23 33 33 32 22 44 33 32 42 14 44 33 33 44 32 33 33 22
1 14 22 22 32 33 33 33 41 32 32 42 14 44 32 32 42 22 33 22 23
1 14 23 33 33 33 32 23 44 32 33 42 11 11 33 32 22 32 33 33 22
1 14 33 23 32 32 32 23 44 33 32 44 11 41 33 33 42 33 33 33 22
1 14 22 23 33 32 33 33 44 33 32 22 11 11 33 33 42 32 33 33 23
1 14 23 33 33 33 33 23 44 33 32 44 14 41 33 33 42 33 33 33 22
1 11 23 22 32 33 32 22 41 33 33 42 14 41 22 33 44 33 33 33 23
1 11 22 33 33 33 32 23 44 33 33 42 11 41 33 32 22 32 33 33 22
1 11 22 23 33 32 32 23 44 33 32 42 11 41 33 33 42 33 32 33 23
1 11 22 33 32 33 33 33 41 33 22 44 11 41 33 33 42 32 33 33 33
1 11 22 23 33 33 22 23 44 33 33 44 11 41 33 33 44 33 33 33 23
1 14 23 23 33 33 33 23 44 32 32 22 11 11 33 32 44 33 32 32 23
1 14 22 33 33 33 32 23 44 33 33 44 11 41 32 33 42 32 33 32 22
1 44 22 22 33 33 32 23 41 32 32 42 14 41 33 32 42 22 33 32 23
1 44 22 23 22 33 33 22 44 32 33 44 11 41 32 33 44 22 33 33 23
1 11 23 33 33 22 22 33 11 33 33 22 14 44 32 22 44 32 33 32 23
1 11 23 23 33 32 33 23 44 33 32 42 11 11 32 32 22 32 33 33 23
1 14 22 23 33 22 22 22 44 33 33 44 11 41 33 32 42 22 33 33 23
1 44 23 23 33 32 32 33 44 33 33 42 11 41 33 33 22 22 22 32 22
1 11 23 33 32 32 33 23 44 32 32 22 11 11 33 33 42 22 32 33 23
1 44 22 23 32 33 32 23 41 33 33 22 14 41 33 32 44 32 32 32 23
1 11 22 23 32 33 33 23 44 33 33 44 11 41 32 33 22 22 33 33 23
1 14 22 22 32 33 33 22 44 33 33 42 11 41 33 32 44 33 32 33 22
1 14 23 23 33 33 32 23 44 33 22 42 11 41 33 33 42 33 33 33 23
1 14 22 23 33 33 33 23 44 32 32 42 11 44 33 33 44 32 33 32 22
1 14 23 23 32 33 33 33 44 32 22 42 14 41 33 22 44 22 32 32 23
1 14 22 33 33 32 33 23 44 33 22 44 11 44 33 33 44 32 32 33 23
1 14 33 23 33 33 32 22 44 33 33 42 11 44 33 33 44 32 33 33 23
1 14 33 23 33 32 33 23 44 33 32 22 11 44 33 33 44 33 33 33 22
1 14 23 33 22 32 32 33 44 32 33 44 11 44 33 33 42 32 33 33 22
1 14 23 23 32 32 33 23 44 33 33 42 11 44 33 33 44 32 33 33 22
1 14 23 23 32 33 22 22 44 32 32 42 11 41 33 33 44 33 33 33 23
1 44 22 23 32 22 33 22 44 33 33 42 14 11 33 33 44 32 33 33 23
1 14 23 23 33 22 32 23 41 32 33 22 11 41 32 32 42 32 32 33 33
1 44 22 23 32 22 32 22 44 33 33 44 11 41 33 32 44 32 32 33 22
1 11 23 33 32 33 33 33 44 33 32 44 11 11 33 32 42 32 33 32 22
1 11 23 22 33 33 33 33 44 33 33 44 11 44 33 33 44 32 33 33 22
1 14 22 22 32 32 32 23 11 33 33 42 14 41 32 32 44 33 33 33 23
1 14 22 22 33 32 32 23 41 32 32 22 11 44 33 33 42 32 33 33 22
1 44 23 22 32 32 32 23 41 33 32 44 11 44 32 22 42 32 32 32 23
1 14 23 33 33 33 22 23 41 32 22 44 11 41 33 32 42 33 33 33 33
1 11 22 23 32 32 22 23 44 33 33 44 11 44 33 32 44 33 33 22 23
1 11 22 22 33 22 32 23 41 33 33 44 14 41 32 32 44 32 32 33 22
1 11 23 22 33 32 33 33 44 32 32 42 14 44 33 32 44 32 33 32 22
1 44 22 22 32 32 32 23 41 33 32 22 11 41 33 33 22 32 32 32 22
1 44 23 22 32 22 33 22 44 33 33 44 11 44 33 32 44 32 33 33 23
1 14 23 23 33 22 33 23 44 33 33 42 11 41 32 33 42 32 33 33 23
1 14 22 23 22 32 33 23 44 32 32 44 14 44 32 32 44 33 22 33 23
1 11 23 23 33 32 33 22 41 33 33 42 11 44 33 33 22 33 33 32 22
1 11 22 22 32 33 22 23 44 33 32 44 14 41 33 32 44 22 32 33 23
1 44 23 23 32 33 32 23 41 33 32 42 11 41 33 32 42 33 33 32 23
1 14 22 22 32 33 33 33 44 33 33 42 14 41 32 22 42 22 33 33 23
1 14 22 22 32 33 32 23 44 33 32 42 11 41 33 32 44 33 32 33 22
1 14 22 22 33 32 33 23 44 33 33 42 11 41 32 32 44 33 33 33 22
1 14 23 23 32 32 32 33 41 33 32 22 14 41 32 32 44 22 33 33 33
1 14 22 33 33 33 32 23 41 33 33 42 11 41 32 33 44 32 33 33 23
1 44 23 33 22 32 32 23 44 33 33 22 11 41 33 33 42 32 22 32 22
1 44 22 33 32 32 33 23 44 33 32 22 11 11 33 33 42 33 33 32 33
1 14 23 33 32 33 32 22 44 33 32 44 11 44 33 32 44 22 33 32 22
1 14 33 23 33 33 33 22 41 32 33 42 11 41 33 33 44 33 32 33 23
1 44 23 22 22 33 33 33 44 33 33 42 11 41 32 33 44 22 32 32 22
1 14 23 33 33 22 32 23 41 33 32 44 11 41 33 32 44 32 33 33 23
1 11 22 22 33 32 33 23 41 33 32 44 11 11 32 32 42 32 32 32 23
1 11 23 33 32 32 32 23 44 33 32 42 11 41 32 32 44 22 32 32 22
1 14 23 23 33 33 32 22 44 32 32 22 14 11 22 33 42 33 33 32 22
1 14 22 23 33 33 32 22 44 33 33 22 11 41 33 32 22 32 33 33 22
1 14 33 33 33 33 22 22 44 33 32 42 11 44 22 32 22 33 33 33 22
1 14 22 33 33 22 33 22 44 33 33 44 11 41 32 32 42 33 33 32 23
1 14 23 22 32 33 33 33 11 32 32 42 11 41 33 32 42 32 33 33 22
1 14 22 22 33 33 32 22 41 33 33 42 11 44 33 33 44 32 33 33 22
1 44 22 23 32 32 32 33 44 33 32 44 11 11 33 22 42 33 32 32 22
1 11 22 23 33 33 33 22 44 32 32 42 11 41 32 22 22 32 33 32 23
1 14 22 22 32 32 33 23 44 33 33 42 14 41 33 33 42 32 33 32 23
1 14 22 22 32 32 33 23 44 33 33 44 14 11 33 33 42 22 33 33 22
1 14 23 23 33 33 32 23 41 33 33 22 11 44 32 33 44 22 33 32 23
1 44 23 33 33 32 33 23 44 32 33 42 11 11 33 33 44 33 33 33 22
1 11 22 22 22 22 22 22 44 32 32 44 11 11 33 33 42 33 22 32 22
1 14 22 22 33 32 22 22 44 32 32 42 11 11 32 32 44 32 33 33 22
1 14 33 23 22 32 32 22 44 32 33 44 14 11 32 33 42 32 33 33 22
1 44 22 22 33 33 32 23 41 33 33 42 11 11 33 33 44 33 33 33 22
1 11 22 33 32 32 32 23 44 33 32 44 11 44 32 33 42 32 33 22 23
1 14 23 33 33 33 22 22 44 33 33 44 11 41 33 33 44 33 33 33 23
1 11 22 22 33 33 33 33 44 33 32 42 11 41 32 33 42 32 33 33 22
1 14 22 23 32 33 33 22 44 32 32 22 14 41 32 32 44 22 33 32 22
1 14 23 33 33 33 32 22 41 33 33 44 11 44 33 32 44 22 33 33 33
1 11 23 22 33 32 33 22 44 33 32 42 14 41 33 32 44 22 33 32 23
1 11 23 23 22 33 33 23 41 32 32 44 11 11 32 32 22 32 32 33 23
1 14 33 33 32 22 33 22 44 33 32 42 11 44 33 32 42 32 33 33 22
1 14 22 33 22 32 33 23 44 22 33 44 11 11 33 33 42 32 33 33 23
1 14 22 23 32 33 32 22 41 33 32 44 11 44 33 33 44 32 33 33 22
1 11 22 23 22 32 33 22 44 33 33 44 11 41 32 32 44 33 33 32 22
1 14 22 23 33 33 33 22 44 33 33 44 11 44 33 32 22 32 32 33 22
1 44 23 33 33 32 32 33 41 32 32 42 11 41 33 32 42 32 33 22 23
1 14 23 23 33 32 33 22 44 32 33 44 11 44 33 33 44 32 33 32 22
1 11 22 22 32 33 33 22 44 32 32 44 11 41 33 32 44 33 33 33 23
1 44 23 23 32 32 32 33 41 32 32 42 11 11 33 32 44 22 33 32 23
1 14 22 22 32 33 33 22 41 33 33 42 11 41 33 32 42 33 32 33 22
1 11 23 23 33 33 22 23 44 32 33 42 14 41 22 22 42 22 32 32 23
1 11 22 22 32 33 32 33 44 33 32 42 44 41 33 33 44 32 33 32 23
1 14 22 23 33 33 32 22 44 33 32 42 11 44 33 33 44 32 32 32 23
1 44 23 23 33 32 33 23 41 33 33 42 11 41 32 33 44 32 22 33 23
1 11 23 22 33 33 32 22 44 33 32 44 11 41 33 32 44 32 33 33 23
1 14 23 23 32 32 33 22 44 32 22 42 14 41 33 32 42 33 32 33 23
1 14 22 22 32 32 22 22 44 33 32 42 11 44 33 32 22 33 33 32 23
1 11 23 22 22 22 32 23 44 32 22 22 11 41 32 32 44 32 32 32 23
1 44 22 23 32 32 32 23 41 32 33 42 14 41 32 33 42 33 32 33 22
1 14 22 22 33 33 32 33 44 33 33 44 11 44 33 32 22 32 32 22 33
1 14 23 33 32 33 32 22 41 33 32 44 11 44 33 33 44 33 33 33 23
1 11 22 33 32 32 33 33 44 33 33 42 11 11 32 33 44 32 33 33 23
1 44 22 23 33 33 33 23 44 32 32 44 11 41 33 33 22 22 33 33 22
1 14 22 23 33 33 22 23 44 33 33 42 11 41 32 32 44 32 33 32 22
1 44 33 23 33 33 22 23 44 33 33 44 11 41 32 32 42 32 32 33 22
1 44 22 22 33 32 32 23 44 33 33 44 11 41 33 33 42 32 33 32 23
1 14 23 23 33 33 32 22 41 32 33 22 11 11 22 32 22 32 33 33 33
1 11 22 22 33 32 22 23 44 32 33 44 11 11 33 22 42 32 32 32 23
1 44 22 22 22 32 33 22 44 33 32 44 11 41 33 32 44 22 33 33 23
1 11 23 23 33 32 22 22 44 22 32 42 11 41 33 33 42 32 33 32 23
1 44 33 22 32 33 33 23 41 33 33 42 14 11 32 22 44 32 33 32 33
1 11 22 23 32 32 32 23 44 22 33 44 44 41 33 32 42 22 33 32 33
1 14 22 22 22 33 33 23 41 32 22 22 11 11 33 33 44 32 33 32 33
1 44 22 22 33 32 32 23 44 32 33 42 11 44 32 22 42 32 32 32 33
1 14 22 33 22 33 33 22 41 32 22 42 14 44 33 33 42 22 32 33 23
1 44 23 33 32 32 33 23 44 33 33 42 11 41 22 32 44 33 32 32 22
1 44 22 23 22 32 22 22 44 32 22 42 11 41 33 32 22 22 33 33 23
1 44 23 23 33 32 32 22 44 32 32 42 11 44 33 33 44 32 32 32 22
1 14 22 23 32 32 32 33 44 32 32 42 11 41 33 33 44 32 33 33 22
1 14 22 22 32 33 33 23 44 33 32 22 14 44 33 33 42 33 32 32 22
1 44 22 22 33 33 22 23 44 33 33 22 11 41 33 33 42 33 33 32 23
1 11 33 33 33 32 22 33 41 33 32 22 11 44 32 33 44 32 33 33 22
1 11 22 23 32 32 33 22 44 32 33 42 11 44 32 33 44 32 33 33 23
1 44 23 23 33 33 33 22 44 33 33 44 11 41 33 33 42 33 33 33 22
1 44 22 23 33 33 32 22 44 32 33 42 11 11 33 32 44 32 33 33 23
1 14 33 33 32 32 22 33 44 33 32 44 11 11 33 33 42 32 32 33 23
1 11 23 22 32 33 32 23 44 33 32 44 14 11 33 33 42 32 33 32 23
1 14 22 23 32 33 33 23 44 33 32 44 14 44 33 33 42 33 33 33 23
1 11 23 22 33 22 22 22 44 33 33 44 14 44 33 33 42 32 33 33 23
1 14 22 22 33 32 32 23 41 33 32 42 11 41 33 33 44 33 33 22 22
1 11 33 33 32 22 32 23 44 32 33 42 11 44 33 22 22 33 33 32 33
1 14 22 23 33 33 32 22 41 33 32 42 11 41 33 32 22 32 33 32 23
1 44 22 33 32 33 22 33 44 33 32 42 11 41 33 32 44 32 33 33 23
1 11 23 23 32 33 32 33 44 32 32 22 14 41 32 33 44 32 33 33 23
1 11 23 23 33 33 33 23 44 33 33 42 14 41 33 33 44 32 33 33 22
1 11 33 23 22 32 32 23 44 32 33 22 14 41 33 33 44 32 33 32 23
1 14 22 23 22 32 32 22 41 33 32 44 14 41 22 32 42 33 33 33 22
1 14 22 23 22 32 32 23 44 32 32 22 11 11 32 32 42 32 33 32 23
1 11 22 22 33 33 32 23 44 33 33 42 11 44 33 33 44 32 32 32 22
1 14 22 33 32 32 33 22 44 33 32 42 11 41 32 33 44 32 33 32 22
1 11 22 23 32 33 32 22 44 32 33 42 11 41 33 33 22 32 33 33 22
1 44 22 23 32 22 22 23 44 33 32 42 11 41 33 33 44 33 33 33 23
1 14 22 22 32 32 22 33 44 33 22 42 11 41 33 33 22 32 32 32 22
1 14 22 33 32 33 32 22 44 33 32 44 11 41 33 33 44 33 33 33 22
1 44 22 23 22 33 33 33 44 32 32 44 11 11 32 32 42 33 32 33 22
1 11 22 33 32 32 33 33 44 32 33 42 11 11 33 32 22 33 33 33 23
1 11 22 22 33 33 33 23 44 33 32 42 11 41 33 33 22 32 33 33 22
1 14 23 23 32 32 33 23 44 33 33 44 11 41 33 33 44 22 33 32 23
1 44 22 22 32 22 33 22 44 33 33 42 11 41 33 33 44 32 33 32 23
1 11 23 33 32 33 32 22 44 22 32 42 14 11 33 32 22 22 33 33 23
1 14 22 23 33 33 33 23 44 33 32 22 11 44 33 32 44 32 33 33 22
1 14 22 22 33 32 33 22 44 33 33 42 11 41 32 33 44 33 32 33 33
1 14 22 23 33 33 32 23 44 33 33 44 14 44 33 33 44 33 33 33 23
1 14 22 23 32 32 32 23 41 33 33 42 11 41 32 33 42 33 33 32 22
1 14 22 33 22 32 33 23 44 33 32 44 14 44 32 33 42 32 33 22 22
1 11 22 23 32 33 33 33 44 22 33 42 11 11 32 33 42 32 33 33 33
1 14 22 33 32 33 33 33 44 32 32 44 14 41 33 33 42 32 33 32 23
1 14 22 33 33 33 32 22 44 32 33 22 14 41 33 32 22 33 33 33 33
1 11 22 22 33 33 33 22 41 32 32 22 11 44 33 33 44 32 33 33 33
1 44 23 33 33 33 22 23 44 33 22 42 14 44 33 32 42 33 33 33 23
1 14 22 23 33 32 33 23 44 33 32 42 11 44 33 22 42 32 33 33 22
1 11 33 23 33 33 33 23 41 32 33 42 11 44 32 33 44 33 33 33 22
1 11 22 33 33 33 33 23 44 22 32 42 11 44 33 33 44 33 33 33 23
1 14 22 33 22 33 33 22 44 33 33 42 11 41 33 33 42 32 33 33 23
1 14 22 22 33 32 32 23 44 33 32 42 14 44 33 33 44 32 33 33 33
1 11 22 23 32 33 32 23 44 33 33 44 11 41 33 33 44 22 33 33 22
1 14 22 22 33 22 32 23 44 22 33 42 11 41 33 33 44 33 32 32 23
1 11 23 22 33 33 33 22 41 32 32 42 11 44 33 32 42 32 33 33 33
1 14 22 22 33 32 33 22 41 33 32 42 14 41 33 33 42 22 32 33 23
1 14 22 23 32 32 32 33 44 32 33 42 11 11 33 32 42 22 32 33 33
1 14 22 22 32 33 32 22 44 33 33 42 11 11 33 32 42 33 32 32 33
1 44 22 23 33 33 33 23 41 33 32 44 14 41 33 33 44 33 33 33 22
1 44 22 23 33 33 33 22 41 32 32 42 11 44 32 32 44 33 32 33 23
1 14 22 33 22 32 32 23 44 33 33 42 11 41 32 33 42 32 33 32 22
1 14 23 33 33 33 22 33 44 33 32 42 14 11 33 33 42 33 32 32 23
1 44 23 23 33 33 33 22 44 33 33 42 11 11 33 33 42 32 33 33 22
1 14 22 23 32 32 33 22 44 33 33 22 11 44 33 33 44 32 33 33 33
1 44 22 22 32 33 33 22 41 33 33 42 14 41 33 33 44 32 33 33 23
1 14 23 33 32 33 33 22 44 32 33 42 11 41 33 32 22 32 32 33 33
1 11 33 22 32 33 32 22 41 33 33 42 11 41 32 33 44 33 33 32 23
1 44 22 33 33 32 32 33 44 33 32 42 14 11 22 32 42 22 32 22 23
1 11 23 23 32 33 33 22 44 32 32 42 11 44 33 32 44 33 33 32 22
1 11 22 23 32 32 33 23 44 33 33 42 11 44 33 33 42 32 32 32 33
1 44 22 23 32 33 32 33 41 33 33 44 11 41 33 22 42 32 32 32 22
1 14 22 22 33 32 32 23 41 33 33 44 11 41 33 33 44 32 33 33 23
1 11 22 23 33 33 33 23 44 33 33 42 11 11 33 32 42 32 33 33 33
1 11 23 22 33 33 32 22 44 33 33 22 11 44 33 33 44 33 33 33 22
1 14 22 22 32 33 32 33 44 33 33 44 11 44 32 33 42 33 33 22 22
1 14 22 23 32 33 32 23 44 33 32 42 11 41 33 33 44 32 32 32 22
1 44 23 22 33 33 33 23 44 33 32 44 14 44 33 22 44 33 33 32 23
1 44 23 23 33 33 32 23 44 32 32 42 11 44 33 33 44 32 33 32 22
1 14 22 22 33 32 33 23 44 33 33 44 11 44 32 32 44 33 33 33 22
1 14 22 23 33 22 33 23 44 32 33 42 11 44 33 33 42 33 33 32 22
1 14 22 22 33 33 32 23 44 32 33 44 14 41 33 32 42 22 32 33 33
1 14 22 22 32 32 33 23 41 33 33 22 11 44 32 32 22 22 32 22 22
1 14 22 22 33 33 33 33 41 33 33 44 11 44 33 32 42 33 33 32 22
1 11 22 22 33 32 33 23 44 32 33 44 11 44 32 33 42 22 32 32 22
1 11 22 22 33 32 22 23 44 33 33 44 11 41 33 33 44 33 33 32 22
1 14 23 23 32 32 22 23 11 33 33 44 11 11 33 32 44 22 33 33 22
1 14 23 22 32 33 33 23 41 33 32 44 11 41 33 22 42 22 32 33 23
1 14 22 23 32 32 32 23 44 33 32 42 11 41 33 33 42 22 33 32 23
1 14 22 33 32 33 32 22 44 32 33 44 11 11 32 33 42 33 33 33 22
1 14 23 23 32 32 32 33 44 33 33 42 11 44 32 33 44 32 32 33 23
1 14 23 22 32 32 32 23 41 32 33 42 11 44 33 32 44 32 32 33 33
1 14 23 33 33 33 32 22 11 32 32 42 11 11 33 32 44 32 32 32 23
1 11 22 33 33 33 22 23 44 33 32 42 11 11 33 32 44 32 32 32 23
1 14 23 22 22 33 33 22 44 32 32 44 14 11 33 33 44 32 33 33 23
1 11 22 22 33 33 32 23 44 33 32 42 11 44 33 33 42 32 33 33 22
1 11 22 22 32 33 22 33 44 32 33 42 14 44 32 22 22 32 33 33 33
1 11 22 23 33 33 33 23 44 33 33 42 11 44 33 32 44 32 32 33 22
1 44 22 23 32 33 33 22 44 33 33 42 11 41 32 33 44 33 33 33 22
1 14 33 33 32 32 32 23 41 32 33 42 11 41 22 32 44 33 32 32 22
1 14 22 23 32 32 33 23 44 32 32 42 11 44 33 33 44 32 33 33 23
1 11 22 22 33 33 33 23 44 33 33 22 11 41 33 32 42 32 33 33 23
1 14 22 23 33 33 33 33 41 33 32 44 11 11 33 32 44 22 33 33 33
1 14 23 22 33 22 33 22 11 33 33 42 11 44 33 33 44 32 33 33 23
1 14 23 23 33 33 32 23 44 33 33 42 11 44 33 22 44 33 33 32 23
1 44 33 22 33 32 33 22 44 33 33 44 11 11 32 33 42 22 33 33 22
1 11 22 23 33 33 32 23 44 33 32 42 14 41 33 33 44 22 33 22 23
1 14 23 22 32 32 32 22 44 32 32 42 11 11 32 22 44 32 33 33 22
1 11 22 22 32 33 32 22 44 32 32 42 11 41 33 22 44 32 33 32 23
1 14 22 33 33 33 32 23 44 33 33 42 11 44 33 32 44 32 33 33 22
1 14 23 22 32 32 33 33 44 32 33 42 11 44 32 33 44 32 32 32 22
1 14 22 23 33 33 33 33 41 33 32 42 11 11 33 22 44 32 33 33 23
1 11 22 23 32 33 33 23 41 33 33 42 11 11 33 32 44 33 33 32 23
1 11 23 22 33 33 33 23 44 32 32 22 11 41 33 32 44 32 33 32 22
1 14 23 23 32 33 32 22 41 33 32 42 11 44 33 33 44 33 33 32 23
1 14 23 23 22 33 32 33 41 33 32 42 11 44 33 32 42 32 33 33 23
1 14 23 23 32 33 33 22 44 32 33 22 14 44 33 32 42 32 33 32 23
1 44 22 33 32 33 33 33 44 33 32 22 14 44 32 33 42 33 32 33 23
1 44 22 23 32 33 33 23 44 33 33 44 11 41 33 33 44 22 33 33 22
1 14 22 22 32 32 32 23 44 33 32 44 14 44 32 33 42 32 33 33 23
1 44 22 23 33 33 32 22 44 32 33 44 11 11 33 32 22 33 33 33 23
1 11 22 22 32 33 33 23 44 33 33 44 11 11 32 32 44 32 32 32 23
1 11 23 22 33 32 32 22 44 33 32 42 11 41 32 33 44 32 33 32 23
1 14 22 22 33 33 22 33 44 33 32 44 11 44 33 33 44 33 32 33 23
1 14 22 22 33 32 32 23 44 33 22 22 11 41 33 33 42 32 32 33 22
1 14 23 23 22 32 33 23 44 33 33 44 44 44 32 32 22 32 32 33 23
1 11 33 23 33 32 33 33 44 33 33 42 14 41 33 33 44 32 33 32 22
1 11 33 22 33 32 32 23 41 32 33 44 11 41 33 22 42 33 33 33 23
1 14 22 22 33 32 33 33 44 33 33 22 11 41 32 32 42 32 32 33 33
1 14 22 23 32 32 22 22 41 33 32 22 11 41 32 32 42 33 33 33 23
1 11 23 23 33 32 33 22 44 32 32 44 14 41 33 33 44 32 33 33 23
1 44 22 22 33 32 33 23 44 33 32 42 11 41 33 33 42 32 32 22 22
1 14 22 23 32 33 22 23 44 33 33 42 11 41 33 32 44 32 33 32 23
1 11 22 23 33 33 33 22 44 33 32 42 11 44 33 33 42 32 32 33 22
1 44 23 22 33 32 33 33 44 33 32 22 11 41 32 32 22 32 33 33 22
1 14 33 22 33 33 32 23 44 33 32 44 11 44 32 22 44 32 33 33 23
1 14 22 23 32 33 32 22 44 33 32 42 11 11 33 32 42 22 33 33 23
1 11 23 23 33 33 32 33 44 33 33 42 11 44 32 32 42 22 33 33 22
1 14 22 22 32 33 33 23 44 33 32 42 11 41 33 32 42 22 33 33 22
1 11 22 33 32 33 32 22 44 32 33 42 11 41 32 33 44 33 32 33 23
1 14 23 22 33 33 33 22 44 33 33 44 11 41 33 33 42 32 33 32 23
1 14 22 22 33 32 33 33 44 33 22 22 11 41 33 32 42 32 32 33 22
1 44 22 23 33 33 33 22 44 33 32 42 11 11 33 32 44 32 33 32 23
1 14 22 33 32 33 32 33 44 33 33 42 14 11 33 33 42 32 32 33 33
1 11 22 23 22 32 32 22 44 33 32 42 11 41 33 33 22 22 32 22 33
1 11 22 22 33 32 32 23 41 33 33 22 11 44 33 33 42 33 32 32 22
1 11 22 22 33 32 32 22 44 33 33 44 11 44 33 33 44 32 33 33 23
1 44 23 22 22 32 33 22 44 33 33 44 11 41 32 32 44 33 33 32 22
1 44 22 23 22 33 32 33 44 33 33 42 11 41 33 32 44 33 32 33 23
1 14 23 22 33 33 32 22 11 33 33 44 14 44 32 33 44 32 33 32 33
1 14 22 22 33 33 32 22 41 32 32 42 11 41 33 33 44 22 33 33 22
1 11 22 22 32 33 32 33 44 33 33 42 11 44 33 33 44 32 33 33 33
1 14 22 23 22 33 32 22 44 32 32 42 11 41 32 33 42 32 33 33 23
1 44 22 23 33 33 32 23 44 33 32 42 11 41 33 33 42 33 33 32 23
1 44 22 23 32 33 33 23 44 33 33 44 11 44 33 33 42 33 33 22 22
1 44 23 23 32 33 32 22 44 32 22 42 11 11 33 33 22 32 33 32 23
1 14 22 23 22 33 33 22 44 33 32 44 11 11 33 32 44 33 32 32 23
1 14 22 23 32 33 33 23 44 33 33 22 11 11 33 32 42 32 33 32 23
1 11 22 23 33 32 32 23 44 33 32 22 44 11 33 32 44 22 33 33 22
1 14 22 23 22 33 33 33 41 33 32 42 14 44 32 32 44 32 32 32 23
1 44 23 23 22 32 33 33 44 33 33 42 11 11 33 32 42 32 32 33 23
1 11 22 22 32 33 32 23 44 32 33 44 11 11 33 33 42 32 33 33 23
1 44 22 23 32 32 32 33 44 32 32 22 11 11 22 33 44 32 22 32 22
1 11 23 23 22 33 33 33 41 33 33 44 11 41 33 33 44 32 33 22 23
1 14 22 33 32 33 32 23 44 32 32 42 14 44 32 33 42 22 33 33 33
1 14 22 23 32 33 33 33 44 33 33 42 11 41 33 33 42 32 33 32 23
1 11 22 33 33 33 33 22 44 33 22 42 11 41 33 22 42 33 33 33 23
1 14 33 22 32 33 33 33 44 33 32 44 44 41 33 33 42 32 33 32 22
1 14 22 23 33 22 32 22 44 32 33 42 11 41 32 32 44 32 33 32 23
1 44 23 23 32 33 32 22 41 32 22 22 11 44 32 33 44 32 33 33 23
