 rs807055 rs159532 rs159533 rs807060 rs807061 rs1257163 rs298438 rs298433 rs6698927
0 41 33 33 24 11 11 14 13 11
0 44 31 33 24 14 11 14 13 14
0 44 31 33 22 11 14 11 11 11
0 44 31 33 22 11 11 11 11 11
0 44 33 33 24 11 14 11 11 11
0 44 31 33 22 14 14 44 13 14
0 44 31 33 22 44 11 11 13 14
0 44 31 33 22 11 11 11 13 11
0 41 31 32 22 14 14 14 13 14
0 44 31 32 44 44 44 44 13 44
0 44 33 33 22 14 14 44 13 44
0 44 31 33 22 14 14 14 11 14
0 44 33 33 22 11 11 11 11 11
0 44 11 32 24 44 14 44 13 44
0 41 31 32 24 14 14 14 13 14
0 44 11 33 24 44 11 11 13 14
0 44 33 33 22 11 11 11 11 11
0 44 31 33 22 14 11 14 13 11
0 41 11 22 24 44 14 44 33 44
0 44 33 33 22 14 11 11 11 14
0 41 33 32 24 14 14 14 13 44
0 41 11 32 44 14 44 44 33 44
0 44 33 33 22 11 11 11 11 11
0 44 31 33 22 14 11 14 13 14
0 44 31 33 24 14 14 44 33 11
0 44 33 33 22 11 11 11 11 11
0 41 31 32 24 44 44 44 13 14
0 44 33 33 22 11 11 11 11 11
0 44 31 33 24 14 14 14 13 14
0 41 31 33 24 14 11 14 13 14
0 41 31 33 24 14 14 14 13 14
0 44 33 33 22 14 11 11 11 11
0 44 33 33 22 11 11 14 13 11
0 44 11 33 22 14 44 14 11 14
0 44 31 32 24 44 44 14 11 14
0 44 11 33 24 44 14 14 13 44
0 44 33 33 22 14 11 11 11 11
0 44 31 33 24 14 11 14 11 11
0 44 31 33 22 11 11 14 11 14
0 41 31 32 24 44 14 14 33 14
0 44 33 33 22 14 11 14 11 11
0 44 31 33 24 14 11 11 13 11
0 44 33 33 22 14 11 11 11 14
0 44 31 33 22 14 14 11 13 11
0 44 33 33 22 14 11 11 13 11
0 44 31 33 22 14 14 14 13 11
0 11 11 33 22 44 44 44 33 44
0 44 11 33 22 14 44 11 13 11
0 41 31 33 22 14 14 14 13 14
0 44 33 33 22 11 11 11 11 11
0 44 31 33 22 14 11 11 11 11
0 44 31 32 24 44 14 44 13 14
0 41 31 33 24 14 14 14 13 14
0 44 33 33 22 11 11 11 11 11
0 44 11 33 22 14 44 44 11 11
0 44 33 33 22 11 11 11 11 11
0 44 31 33 24 14 11 14 13 11
0 44 31 33 24 14 14 14 13 14
0 41 11 32 44 14 11 44 13 14
0 44 33 33 22 11 11 11 11 11
0 44 31 32 24 14 11 11 11 11
0 44 31 33 22 14 11 14 33 14
0 41 31 32 24 14 14 14 13 14
0 44 31 32 24 14 14 14 13 14
0 44 33 33 22 11 11 11 11 11
0 41 11 32 44 44 14 44 33 14
0 44 31 33 22 11 11 14 11 14
0 44 31 32 24 14 14 14 13 14
0 41 31 32 24 14 14 14 13 14
0 44 11 33 24 44 11 14 13 44
0 44 33 33 22 14 14 11 11 11
0 44 31 32 24 14 14 14 13 14
0 41 31 32 24 44 14 14 13 44
0 44 31 32 24 11 14 14 13 14
0 44 33 33 22 11 11 11 11 11
0 41 31 32 22 14 14 14 13 14
0 44 11 33 44 44 11 14 13 14
0 44 31 33 22 11 11 14 13 14
0 44 11 33 22 14 11 44 11 11
0 44 31 32 24 14 14 14 13 14
0 41 11 32 24 44 14 44 33 14
0 44 33 33 22 11 11 11 11 11
0 44 33 33 22 11 11 11 11 14
0 44 11 32 24 44 14 44 33 44
0 44 33 33 22 11 11 14 11 11
0 44 31 33 22 11 11 11 11 11
0 44 31 33 22 11 14 11 11 11
0 44 31 33 22 11 14 14 13 14
0 44 31 32 24 44 11 44 13 14
0 41 11 32 24 14 44 14 33 14
0 44 33 33 22 14 11 11 11 11
0 11 11 22 24 44 14 44 33 44
0 44 33 33 22 11 11 11 11 11
0 41 11 32 24 14 14 44 33 14
0 44 33 33 22 11 11 11 11 11
0 44 31 33 22 14 14 14 13 11
0 41 31 32 44 44 44 44 33 44
0 44 31 33 22 11 11 11 13 14
0 41 33 33 22 14 14 14 13 11
0 44 31 33 24 14 11 14 13 14
0 44 11 33 24 14 14 14 13 14
0 44 31 33 22 11 11 11 13 11
0 41 33 33 22 44 11 11 13 14
0 44 31 33 24 14 11 14 11 14
0 44 31 33 22 14 14 44 13 14
0 44 33 33 22 14 11 14 11 14
0 44 31 33 24 14 14 14 13 11
0 44 33 33 22 44 11 11 11 14
0 44 33 33 22 44 11 11 11 11
0 44 31 33 24 14 11 14 11 11
0 44 31 33 22 11 11 11 11 11
0 44 31 33 22 11 11 11 11 11
0 44 31 33 22 14 44 14 13 11
0 44 11 33 44 44 44 14 33 14
0 44 11 32 24 44 14 14 13 14
0 44 31 33 24 14 14 14 33 44
0 44 33 33 22 14 11 11 11 11
0 44 31 32 24 44 14 44 13 14
0 44 33 33 22 14 11 14 13 11
0 41 31 32 24 14 14 14 13 14
0 44 31 32 22 14 11 11 11 14
0 44 31 33 24 14 11 14 13 14
0 44 33 33 22 11 11 14 11 11
0 44 31 32 22 14 14 14 13 14
0 44 31 33 24 11 14 14 13 11
0 44 33 33 22 14 11 11 11 11
0 44 33 33 22 44 11 14 13 14
0 44 31 33 22 14 14 11 11 11
0 44 11 33 22 14 11 14 11 14
0 44 33 33 22 11 11 11 11 11
0 44 31 32 22 14 14 14 33 14
0 44 33 33 22 14 11 14 11 14
0 44 33 33 22 11 11 11 11 11
0 44 33 33 22 11 11 11 11 11
0 44 31 33 24 14 14 14 13 14
0 44 33 33 22 11 14 14 11 14
0 44 11 32 24 14 14 44 13 14
0 11 11 22 24 14 14 44 13 44
0 44 33 33 22 11 11 11 11 11
0 44 33 33 22 14 11 11 11 11
0 44 31 33 22 11 11 11 11 11
0 44 33 33 22 11 11 11 11 11
0 41 31 33 22 14 14 14 13 14
0 41 31 32 24 14 14 14 13 14
0 44 33 33 22 11 11 11 11 11
0 41 31 32 24 14 11 11 13 11
0 44 33 33 22 11 11 44 11 44
0 44 33 33 22 11 11 11 11 11
0 44 31 33 22 14 14 14 13 14
0 41 31 32 24 14 14 14 13 14
0 44 33 33 22 11 11 11 11 11
0 44 33 33 22 14 11 14 13 14
0 41 31 33 22 11 11 11 11 11
0 41 11 33 44 44 14 14 13 14
0 44 33 33 22 11 11 11 11 11
0 44 33 33 22 11 11 11 11 11
0 44 31 33 22 14 14 14 11 14
0 44 31 33 22 14 14 11 13 14
0 44 31 33 22 11 14 14 11 11
0 44 31 33 22 14 14 44 13 14
0 44 31 33 22 14 11 11 11 14
0 44 33 33 22 11 14 11 11 11
0 44 11 33 22 44 14 44 33 14
0 44 31 33 22 11 11 11 11 11
0 41 31 32 24 44 44 44 33 44
0 44 31 33 22 14 14 11 33 14
0 44 11 33 22 14 44 14 11 14
0 41 11 33 22 44 14 14 33 14
0 41 11 22 24 14 44 44 33 44
0 44 31 32 24 14 14 14 13 14
0 44 33 33 24 14 11 14 33 14
0 44 33 33 22 11 11 11 11 11
0 44 31 33 24 14 14 14 11 14
0 44 31 33 22 14 14 14 11 14
0 44 33 33 22 11 14 14 11 14
0 44 33 33 22 14 11 11 11 44
0 44 31 33 22 11 11 11 11 11
0 44 11 33 44 14 44 44 33 14
0 44 33 33 22 11 14 11 11 11
0 44 33 33 22 11 11 14 13 11
0 41 31 33 22 11 14 14 13 14
0 44 33 33 22 11 11 11 11 11
0 41 11 32 44 44 14 44 33 44
0 44 31 33 22 11 11 14 13 11
0 44 31 33 24 14 11 44 11 14
0 41 31 32 24 44 14 14 33 44
0 44 33 33 22 14 11 14 13 11
0 44 33 33 22 14 11 11 13 11
0 41 11 33 22 44 14 14 33 14
0 44 31 32 24 14 14 14 13 14
0 41 31 33 24 14 44 44 13 44
0 44 11 33 22 44 14 14 13 14
0 44 31 33 22 11 11 11 11 14
0 44 11 33 44 44 44 44 33 14
0 44 31 33 24 14 11 14 13 11
0 44 31 33 24 14 14 14 13 14
0 44 31 33 22 14 11 11 11 11
0 41 31 33 22 14 14 14 13 14
0 44 11 33 24 44 14 44 13 11
0 44 31 33 24 11 14 14 13 11
0 41 11 32 44 44 14 44 33 14
0 44 33 33 22 14 11 11 11 11
0 44 33 33 22 11 11 11 11 11
0 44 31 33 22 14 11 14 11 11
0 44 31 33 24 44 44 44 33 44
0 44 31 33 22 11 14 14 11 14
0 41 11 32 22 44 14 14 33 14
0 44 33 33 22 11 11 11 11 11
0 44 31 32 24 44 14 14 11 44
0 41 11 33 24 14 14 44 33 44
0 44 31 33 22 11 11 11 11 11
0 44 33 33 22 14 11 14 13 11
0 44 33 33 22 44 11 14 11 14
0 41 31 32 24 44 14 44 33 11
0 44 11 33 24 14 14 14 33 44
0 44 11 32 44 44 14 44 13 11
0 44 31 33 24 14 11 11 13 11
0 44 31 32 22 14 44 11 13 44
0 44 31 33 24 14 14 14 13 14
0 44 31 33 22 14 14 11 11 11
0 44 33 33 22 11 11 11 11 11
0 44 33 33 22 11 11 11 11 11
0 44 31 33 22 14 14 11 13 14
0 41 11 32 44 44 14 44 13 14
0 44 33 33 22 11 11 11 11 11
0 44 31 32 22 14 14 14 11 14
0 44 33 33 22 14 11 11 11 11
0 44 31 33 22 14 11 14 11 14
0 44 33 33 22 11 11 11 11 11
0 44 31 32 22 44 11 11 11 11
0 44 31 33 22 14 11 11 11 14
0 41 31 33 24 14 14 14 13 14
0 44 33 33 22 11 11 11 11 11
0 44 33 33 24 44 11 14 13 14
0 44 31 33 22 11 11 11 11 11
0 44 31 33 24 14 11 11 11 11
0 44 31 33 22 14 14 11 11 11
0 41 31 33 22 14 14 14 13 11
0 44 31 33 22 14 11 44 13 11
0 44 33 33 22 14 11 14 13 11
0 44 31 33 24 44 44 14 13 14
0 44 33 33 22 14 11 11 13 11
0 44 33 33 22 11 11 11 11 11
0 44 31 33 22 14 11 11 13 14
0 41 33 32 24 14 44 14 13 44
0 44 33 33 22 11 11 11 11 14
0 44 33 33 22 14 11 11 13 14
0 44 33 33 22 11 11 11 11 11
0 44 11 32 24 14 14 14 33 44
0 44 33 33 22 14 14 11 13 11
0 44 31 33 22 14 14 14 13 11
0 44 33 33 22 11 11 11 11 11
0 44 33 33 24 11 11 11 13 11
0 44 31 33 22 14 14 14 13 14
0 44 31 33 22 11 14 11 11 14
0 44 31 33 24 14 14 14 13 14
0 44 31 33 24 11 14 44 13 11
0 44 33 33 22 11 11 11 11 14
0 41 31 33 24 14 14 11 13 11
0 41 31 32 24 44 44 44 13 14
0 41 31 32 24 14 14 14 13 14
0 44 31 33 24 11 14 11 11 11
0 41 11 32 24 14 14 44 13 14
0 44 33 33 24 44 14 14 11 11
0 44 31 33 22 14 14 14 11 14
0 44 11 33 24 44 11 44 13 14
0 44 31 33 22 11 11 11 11 11
0 41 11 32 24 14 44 14 13 14
0 44 31 33 22 11 11 11 11 14
0 44 33 33 22 11 11 11 11 11
0 44 31 33 22 14 14 14 13 11
0 44 33 33 22 14 11 11 11 11
0 44 11 32 22 14 14 14 13 14
0 44 33 33 22 11 11 11 11 11
0 44 31 33 24 44 14 11 33 14
0 41 31 33 22 14 14 14 13 11
0 44 33 33 24 44 14 11 11 14
0 44 33 33 22 11 11 11 11 11
0 41 11 33 24 44 14 14 33 14
0 41 31 32 22 11 14 14 13 14
0 44 11 32 24 44 11 14 13 11
0 44 33 33 22 11 11 14 11 11
0 41 11 32 24 44 44 44 33 44
0 44 31 33 24 11 11 11 11 11
0 44 33 33 22 14 11 11 11 11
0 41 31 32 22 11 14 14 13 14
0 44 33 33 22 11 11 11 11 11
0 44 11 33 22 14 11 11 11 14
0 44 33 33 22 14 11 11 13 14
0 44 33 33 22 11 11 14 11 11
0 44 31 33 24 14 14 14 13 14
0 41 31 32 24 14 14 14 13 14
0 44 33 33 22 11 14 11 11 14
0 44 31 33 22 11 14 14 11 11
0 44 31 33 24 14 11 11 11 14
0 44 33 33 22 11 11 11 11 11
0 44 33 33 22 11 11 11 11 14
0 44 31 33 22 44 14 14 33 11
0 44 33 33 22 11 14 11 11 14
0 44 33 33 24 44 11 44 11 11
0 44 33 33 22 11 11 11 11 11
0 41 31 32 24 14 14 14 13 14
0 41 33 33 22 11 11 11 11 11
0 44 31 33 24 11 14 14 11 11
0 41 11 33 22 14 14 14 13 14
0 44 11 32 24 44 14 44 33 44
0 44 33 33 22 14 14 44 13 14
0 44 33 33 22 11 11 11 11 11
0 44 33 33 22 11 11 11 11 11
0 44 33 33 22 14 11 11 11 11
0 44 33 33 22 14 11 14 13 14
0 44 33 33 22 11 11 11 11 11
0 44 33 33 22 11 11 11 11 11
0 44 31 33 22 14 14 14 13 11
0 44 31 33 22 14 11 11 13 11
0 41 11 22 44 44 44 44 33 44
0 44 11 32 44 44 14 44 33 44
0 44 33 33 24 14 11 14 13 14
0 44 31 33 22 14 14 14 13 14
0 44 31 33 22 11 11 11 11 11
0 44 11 32 22 44 14 44 13 14
0 41 31 32 24 14 14 44 13 14
0 44 31 32 24 14 14 14 13 14
0 41 31 32 24 14 14 44 13 44
0 44 31 32 24 14 14 14 11 11
0 41 31 33 22 14 14 14 13 14
0 44 31 33 22 11 11 11 11 11
0 44 33 33 24 14 11 14 11 14
0 44 31 32 22 14 14 14 13 44
0 41 31 32 24 14 14 14 13 14
0 44 33 33 24 11 11 11 11 11
0 44 33 33 22 11 11 14 11 11
0 44 31 33 22 14 14 14 11 11
0 44 31 32 24 14 14 14 13 11
0 44 31 33 22 14 11 14 13 11
0 44 33 33 24 11 14 11 11 14
0 44 11 22 44 44 44 44 33 14
0 44 33 33 22 11 11 11 11 11
0 44 31 33 22 44 11 11 11 11
0 44 31 33 22 14 11 11 11 11
0 44 31 33 24 11 11 11 11 11
0 41 31 33 24 14 14 14 13 44
0 41 31 32 22 44 11 14 33 14
0 44 31 33 22 14 11 14 11 14
0 44 33 32 22 44 11 14 33 11
0 44 33 33 22 14 11 44 13 14
0 44 31 33 22 11 11 11 11 14
0 44 31 33 22 11 11 14 13 14
0 44 33 33 22 14 11 11 11 11
0 44 33 33 22 11 11 14 11 11
0 44 33 33 22 11 11 11 11 11
0 44 33 33 22 14 11 11 13 11
0 44 31 33 24 14 44 44 11 11
0 44 33 33 22 11 11 11 11 11
0 44 31 32 24 14 14 14 13 14
0 44 33 33 22 11 11 11 11 11
0 44 31 32 24 44 14 44 13 14
0 44 33 33 22 11 11 11 11 11
0 44 31 33 22 14 11 11 13 14
0 44 33 33 22 11 11 11 11 11
0 44 31 33 24 14 14 11 13 11
0 44 31 33 24 11 11 14 11 14
0 41 33 33 24 14 14 11 13 14
0 44 33 33 22 14 11 11 11 11
0 44 31 33 22 14 11 44 13 14
0 41 31 33 24 14 14 14 13 14
0 44 33 33 22 14 11 11 11 11
0 41 31 33 22 44 14 14 11 11
0 44 31 33 22 11 11 14 11 11
0 44 33 33 22 11 11 14 11 11
0 44 33 33 22 14 11 14 11 14
0 41 11 32 44 14 44 14 33 14
0 44 33 33 22 14 14 11 11 11
0 44 31 33 22 14 14 14 13 14
0 44 31 33 24 14 11 14 13 11
0 44 33 33 22 11 11 14 11 11
0 44 33 33 22 11 11 11 13 11
0 44 31 32 22 44 14 14 13 14
0 44 31 33 22 14 11 14 13 11
0 44 33 33 22 14 11 11 11 11
0 41 31 32 24 14 14 14 13 14
0 44 33 33 22 11 11 11 11 14
0 44 33 32 22 11 11 14 13 11
0 44 31 32 22 14 14 11 13 14
0 44 11 33 22 14 14 11 11 14
0 44 33 32 22 14 14 14 33 11
0 44 33 33 22 14 11 11 13 11
0 44 31 33 24 14 11 11 13 14
0 44 33 33 22 11 11 11 11 11
0 44 31 32 22 14 14 14 13 11
0 44 11 32 24 14 14 14 13 11
0 41 11 32 24 44 14 14 33 44
0 44 33 32 24 14 14 14 13 11
0 44 11 33 22 14 11 11 11 14
0 44 33 33 22 14 11 11 11 11
0 44 31 32 22 14 14 14 13 14
0 44 31 33 22 44 11 14 11 14
0 44 31 33 22 11 11 11 11 11
0 44 33 33 22 44 11 14 11 14
0 41 11 33 24 44 14 14 33 44
0 44 33 33 22 11 11 11 11 11
0 44 33 33 22 14 11 11 11 11
0 44 31 33 24 14 14 11 11 14
0 44 33 33 22 11 11 11 11 11
0 44 11 33 24 14 14 44 13 44
0 44 31 33 24 14 11 14 13 14
0 44 31 33 22 11 11 11 11 11
0 44 33 33 22 44 11 14 13 11
0 44 31 33 22 14 11 14 13 11
0 44 33 33 22 11 11 11 11 11
0 41 31 33 24 14 14 14 13 14
0 44 31 33 22 14 11 11 11 11
0 44 31 33 22 14 14 11 33 11
0 44 33 33 22 11 11 11 11 11
0 44 31 33 22 11 11 11 11 11
0 44 11 22 24 44 14 44 33 44
0 44 31 33 22 44 11 14 11 11
0 44 31 33 24 14 14 44 11 44
0 44 33 33 22 11 11 14 11 11
0 44 11 32 24 44 44 44 33 44
0 41 11 33 24 44 44 44 13 44
0 44 33 33 22 11 11 11 11 11
0 44 31 32 24 44 14 14 13 14
0 44 31 33 22 14 14 14 13 11
0 44 31 33 22 44 14 11 13 11
0 44 33 33 22 11 11 14 13 11
0 41 31 33 24 44 14 11 13 14
0 44 33 33 24 14 11 14 11 14
0 41 11 33 24 44 11 14 33 14
0 44 31 33 22 14 14 11 11 14
0 44 11 33 22 44 11 14 11 11
0 44 31 33 22 11 11 14 13 11
0 44 11 32 24 14 14 14 13 14
0 44 33 33 22 14 11 11 11 11
0 44 31 32 24 14 14 14 13 14
0 44 31 33 22 11 14 11 11 14
0 44 31 33 24 14 11 11 11 11
0 44 33 32 22 44 14 44 11 14
0 41 31 32 22 14 14 14 13 14
0 44 31 32 24 44 44 44 33 44
0 44 33 33 22 14 11 11 13 11
0 44 31 33 22 14 11 14 11 14
0 44 11 33 24 14 14 11 13 14
0 44 33 33 22 11 11 11 11 11
0 44 31 33 22 14 14 14 13 11
0 44 31 33 44 14 14 14 13 14
0 44 11 33 24 14 14 14 13 14
0 44 31 33 44 44 14 14 13 44
0 44 33 33 24 44 11 44 11 14
0 41 31 33 24 14 14 14 13 14
0 44 33 33 22 11 11 11 11 11
0 44 33 33 22 11 11 11 11 11
0 44 31 33 22 44 14 14 13 14
0 44 31 33 22 14 11 14 13 14
0 44 31 32 24 44 14 14 11 11
0 44 33 33 22 11 11 14 11 11
0 44 33 33 24 11 14 11 13 14
0 44 33 33 22 11 11 11 11 11
0 41 31 32 24 14 14 14 13 14
0 44 31 33 22 14 11 44 13 14
0 44 31 33 22 44 11 11 11 11
0 44 33 33 24 44 11 14 13 44
0 44 33 33 24 11 11 11 11 11
0 44 31 32 24 14 14 14 13 14
0 44 33 33 22 14 11 14 11 14
0 44 31 33 22 44 11 11 13 14
0 44 31 33 24 14 14 14 13 14
0 44 31 33 22 11 11 14 11 14
0 44 31 32 24 14 14 44 33 14
0 44 31 33 22 11 11 11 11 11
0 44 31 33 24 14 11 14 13 14
0 44 33 33 22 11 11 11 11 11
0 41 31 32 24 14 14 14 13 14
0 44 33 33 22 11 11 11 11 11
0 44 33 33 22 11 11 11 11 11
0 44 31 33 22 11 11 11 11 11
0 44 31 33 22 11 11 11 11 11
0 44 33 33 22 14 14 11 11 11
0 44 31 33 22 14 14 11 13 11
0 41 31 32 22 14 14 14 13 14
0 44 31 33 22 11 11 11 11 11
0 44 33 33 22 11 11 11 13 11
0 44 31 32 24 11 11 11 13 14
0 41 31 32 22 14 14 14 13 14
0 44 33 33 22 14 11 11 11 11
0 44 31 33 22 44 14 11 13 11
0 44 31 33 22 11 11 11 13 11
0 44 33 33 22 11 11 11 11 11
0 41 11 33 22 44 14 14 33 44
0 44 33 33 22 11 14 14 11 11
0 44 31 32 22 11 11 14 13 14
0 44 33 33 22 11 11 11 11 11
0 44 31 33 24 44 14 44 13 14
0 44 11 33 24 14 11 14 13 11
0 44 31 33 22 44 14 14 13 14
0 44 33 33 22 11 11 11 13 11
0 44 31 32 24 14 14 14 13 14
0 44 31 33 22 44 14 14 13 14
0 44 31 33 22 14 14 14 13 14
0 44 33 33 22 11 11 14 11 11
1 44 31 33 24 44 44 44 13 44
1 41 11 33 22 14 11 11 33 14
1 44 33 33 22 11 11 11 11 11
1 41 31 33 22 14 44 14 33 44
1 44 31 33 22 14 14 14 13 11
1 44 31 33 22 44 11 14 13 14
1 44 33 33 22 11 11 11 11 11
1 41 31 33 24 14 14 14 13 14
1 44 33 33 22 11 11 11 11 11
1 44 31 33 24 14 14 14 13 14
1 44 31 33 22 11 14 14 13 14
1 44 33 32 24 14 14 14 13 44
1 44 31 32 24 14 14 14 11 14
1 44 33 33 22 11 11 11 11 11
1 44 33 33 22 44 11 11 11 11
1 44 33 33 22 14 11 14 11 11
1 44 31 33 22 11 11 11 13 11
1 44 11 32 22 44 14 44 13 14
1 44 33 33 22 11 11 11 11 11
1 44 31 33 24 44 14 14 33 44
1 44 33 33 22 14 11 11 11 11
1 44 31 33 24 14 11 11 13 44
1 44 33 33 22 11 11 44 13 14
1 44 31 32 44 44 11 44 33 44
1 44 33 33 22 14 11 11 13 11
1 44 33 33 22 11 11 14 11 14
1 44 31 33 24 14 11 14 13 14
1 41 31 33 22 44 14 14 13 14
1 41 31 33 24 14 14 14 13 14
1 44 11 32 22 14 11 44 33 44
1 44 31 33 44 14 11 44 13 14
1 41 31 32 24 14 11 14 13 14
1 44 33 33 22 11 11 11 13 11
1 44 11 32 24 14 14 14 33 14
1 44 11 32 44 44 44 44 33 14
1 41 31 32 24 14 14 14 13 14
1 44 11 33 22 44 11 14 11 44
1 44 31 33 22 11 11 44 13 11
1 44 33 33 22 11 11 14 11 11
1 41 31 32 24 14 11 14 13 14
1 44 33 33 22 11 11 11 11 11
1 44 33 33 22 11 11 11 11 11
1 41 31 32 24 44 14 14 13 14
1 11 11 32 44 44 44 44 33 44
1 44 31 33 24 14 11 14 13 14
1 44 31 33 22 14 11 11 11 14
1 44 33 33 22 44 14 14 11 11
1 44 11 33 22 14 14 44 11 11
1 44 33 33 22 11 11 11 11 11
1 44 33 33 22 14 14 14 11 11
1 44 11 33 24 14 11 14 13 11
1 41 11 33 24 44 14 14 13 44
1 41 31 32 24 44 14 14 13 44
1 44 11 33 24 14 14 14 33 14
1 44 33 33 22 11 11 11 11 11
1 44 31 33 44 14 14 14 11 14
1 44 33 33 22 11 11 11 11 11
1 44 31 33 22 44 14 11 11 14
1 41 31 33 44 44 14 14 13 14
1 44 31 33 22 11 11 11 11 11
1 44 33 33 22 14 11 11 11 11
1 44 31 33 22 14 11 14 33 14
1 41 33 33 22 14 44 44 11 44
1 44 33 33 22 14 11 11 13 14
1 44 33 33 22 11 11 11 13 11
1 11 11 33 24 14 11 14 13 14
1 41 31 33 24 14 14 14 13 11
1 44 31 33 24 14 14 11 13 14
1 44 31 32 22 44 44 14 33 14
1 44 31 33 22 11 11 14 11 11
1 44 31 33 24 14 14 14 13 14
1 44 11 33 24 14 11 11 13 14
1 41 31 32 24 44 44 14 13 14
1 44 33 33 22 11 11 11 11 11
1 44 31 33 24 14 14 11 13 11
1 44 31 32 24 14 14 14 13 11
1 44 31 33 22 11 11 11 11 11
1 44 31 33 22 11 11 11 13 14
1 44 31 33 22 14 11 11 13 11
1 44 11 33 22 44 11 44 11 11
1 44 31 33 22 11 11 11 11 11
1 44 31 33 24 44 14 14 13 14
1 41 31 33 24 14 14 14 13 14
1 44 31 32 24 44 14 44 13 14
1 44 33 33 22 11 11 11 11 11
1 44 33 33 22 11 11 11 11 11
1 44 33 33 22 11 11 11 11 11
1 44 33 33 22 11 11 11 11 11
1 44 33 33 22 11 11 11 11 11
1 44 33 33 22 11 11 11 11 11
1 44 31 32 22 11 11 14 13 44
1 44 33 33 22 11 11 14 11 11
1 44 33 33 22 11 11 11 11 11
1 44 33 33 22 14 11 11 11 14
1 41 31 32 24 14 11 14 13 14
1 44 31 33 24 14 14 14 13 14
1 44 33 33 22 44 11 11 13 11
1 44 31 33 24 14 11 14 11 14
1 44 33 33 22 14 11 11 11 11
1 44 11 22 24 44 44 44 33 44
1 44 33 33 22 11 11 11 11 11
1 44 33 33 22 11 11 11 11 11
1 41 33 33 24 14 11 14 13 11
1 44 31 33 22 11 11 11 11 11
1 44 33 33 22 11 11 11 11 11
1 44 33 33 22 11 11 11 11 11
1 44 31 33 22 11 11 14 33 14
1 41 31 33 24 14 11 44 13 44
1 44 31 32 22 11 14 14 13 14
1 44 33 33 22 11 11 11 11 11
1 44 31 33 22 11 11 14 11 11
1 44 33 33 22 14 11 11 11 11
1 44 11 33 24 14 14 44 33 14
1 44 33 33 22 11 11 11 11 14
1 44 33 33 22 44 11 44 11 11
1 44 31 33 22 11 11 11 11 11
1 44 31 33 22 11 11 14 11 11
1 44 31 33 24 44 14 14 13 11
1 44 33 33 22 14 11 11 11 11
1 41 33 33 24 11 11 14 11 14
1 44 31 32 24 14 14 14 13 14
1 44 31 32 24 14 14 14 13 14
1 44 33 33 22 11 11 11 11 14
1 44 31 33 22 11 11 14 11 11
1 44 31 33 22 11 11 11 11 11
1 44 31 33 22 11 11 11 13 11
1 44 33 33 24 44 11 14 11 14
1 44 31 32 24 14 14 14 13 14
1 44 31 33 22 11 11 11 11 11
1 44 31 33 24 14 11 14 13 14
1 41 31 33 24 14 14 14 13 14
1 44 31 33 24 14 44 44 33 14
1 41 31 32 24 14 14 44 13 14
1 44 31 33 22 14 14 14 13 11
1 44 33 33 22 11 11 14 11 11
1 44 33 33 22 11 11 11 11 11
1 44 11 32 24 44 44 44 11 44
1 44 31 33 24 14 14 14 11 11
1 44 31 33 24 44 11 11 11 11
1 44 31 33 22 14 14 14 13 14
1 44 33 33 22 14 11 11 11 11
1 41 31 32 24 14 14 14 13 14
1 41 33 33 22 14 11 14 11 11
1 44 33 33 22 11 11 11 11 11
1 44 11 32 24 44 14 14 13 44
1 44 33 33 22 11 11 11 11 14
1 44 31 33 24 14 14 14 13 14
1 44 11 33 24 44 14 14 13 14
1 44 33 33 22 11 11 11 11 11
1 44 33 33 22 14 11 11 11 11
1 41 31 32 24 44 14 44 13 44
1 44 31 33 22 14 11 11 11 11
1 41 31 33 22 14 11 14 13 14
1 44 33 33 22 11 11 14 11 11
1 44 31 33 22 14 11 14 11 14
1 44 31 33 22 11 11 11 11 11
1 44 11 32 44 14 44 44 33 14
1 44 31 33 22 44 14 11 11 14
1 41 31 32 24 14 14 14 13 14
1 41 31 33 22 14 14 44 13 44
1 44 33 33 22 14 11 11 11 14
1 41 31 33 22 14 14 11 11 14
1 41 31 33 24 14 14 14 13 14
1 44 31 32 22 44 14 44 13 14
1 44 31 33 22 11 11 11 11 11
1 44 33 33 22 14 11 11 11 14
1 44 31 33 24 14 14 14 13 14
1 44 31 33 24 14 14 14 13 14
1 44 33 33 22 11 14 14 13 11
1 44 33 33 22 14 11 11 11 14
1 11 11 22 44 44 44 44 33 44
1 44 33 33 22 14 11 14 11 14
1 44 33 33 22 14 11 14 11 11
1 44 31 33 22 11 11 11 11 11
1 44 33 33 22 11 11 11 11 11
1 44 31 33 22 11 11 14 11 44
1 44 31 32 22 14 11 14 11 14
1 41 31 32 24 14 14 14 13 14
1 44 31 33 22 14 11 14 13 11
1 41 31 32 24 14 14 14 13 14
1 44 33 33 22 14 14 44 13 11
1 44 33 33 22 11 11 11 11 11
1 44 33 33 22 11 11 11 11 11
1 44 33 33 22 11 11 11 11 11
1 44 31 33 22 14 11 14 11 14
1 44 31 33 22 11 11 11 13 14
1 41 31 33 24 44 11 11 33 11
1 41 31 32 24 44 14 14 13 14
1 44 11 33 24 44 14 14 13 14
1 44 33 33 22 11 11 11 11 11
1 44 33 33 22 11 11 11 13 14
1 44 31 32 22 44 11 11 11 14
1 44 31 33 22 14 11 14 11 11
1 44 11 33 22 14 11 14 13 14
1 44 31 33 22 14 14 44 33 44
1 44 11 32 24 14 14 14 13 14
1 44 11 33 22 14 11 14 13 11
1 44 33 33 22 11 14 11 11 11
1 44 33 33 22 11 11 14 11 11
1 44 33 32 22 14 11 11 13 11
1 44 11 32 24 44 11 44 33 14
1 44 33 33 22 11 11 11 11 11
1 44 33 33 22 14 11 11 11 11
1 41 31 33 24 14 14 14 13 14
1 44 33 33 24 11 11 14 13 11
1 44 31 33 22 14 11 11 11 11
1 41 31 33 22 14 14 44 13 11
1 44 31 33 22 44 11 44 11 14
1 44 31 33 22 11 11 11 11 11
1 41 11 32 22 44 44 44 33 14
1 44 31 33 24 14 14 14 13 14
1 44 31 32 22 14 11 14 13 14
1 44 33 33 22 11 11 11 11 11
1 44 31 33 24 14 11 14 13 11
1 44 31 33 22 14 11 11 13 14
1 44 31 33 24 14 11 14 11 11
1 41 31 32 24 14 14 14 13 14
1 44 11 33 24 44 11 14 33 14
1 41 31 33 24 14 14 14 13 44
1 44 33 33 22 11 11 11 11 11
1 44 31 32 24 44 14 14 13 11
1 41 31 33 24 14 14 44 33 44
1 44 33 33 22 14 44 14 13 14
1 44 33 33 22 11 11 14 11 14
1 44 31 33 22 11 11 11 11 11
1 44 31 33 22 44 11 44 33 11
1 44 31 33 24 14 14 44 33 14
1 44 33 33 22 11 11 11 11 11
1 44 31 33 24 44 14 11 11 11
1 44 31 33 24 44 14 44 33 14
1 44 33 33 22 11 11 11 11 11
1 44 33 33 22 11 11 11 11 11
1 44 33 33 22 14 14 11 13 11
1 44 31 33 24 44 14 14 33 44
1 44 11 32 24 44 11 44 33 14
1 44 33 33 22 11 11 11 11 11
1 44 31 33 22 14 11 14 11 11
1 44 11 33 24 14 11 44 13 14
1 44 33 33 22 11 11 11 11 11
1 41 31 32 24 44 14 14 13 14
1 44 33 33 22 11 11 11 11 11
1 44 33 33 22 11 11 11 11 11
1 44 31 33 24 14 14 14 13 14
1 41 11 33 24 14 14 44 13 44
1 44 33 33 22 14 11 11 11 11
1 44 31 33 22 14 11 11 13 11
1 44 33 33 22 11 11 11 11 11
1 41 31 33 22 14 14 14 11 11
1 44 33 33 22 14 11 11 11 11
1 44 33 33 24 14 14 14 11 14
1 44 33 33 22 14 11 14 11 14
1 44 33 33 22 11 11 11 11 11
1 44 33 33 22 14 11 11 11 11
1 41 31 32 24 14 14 14 13 14
1 44 31 33 24 14 11 14 13 14
1 44 33 33 22 11 11 14 13 14
1 44 33 33 22 11 11 11 11 11
1 44 31 33 22 11 14 14 11 11
1 44 31 33 24 14 14 14 11 11
1 44 33 33 22 11 11 11 11 11
1 44 33 33 22 11 11 14 13 14
1 41 31 32 24 14 14 14 13 14
1 41 31 32 24 14 14 14 11 14
1 44 33 32 24 44 14 14 33 14
1 44 33 33 22 11 14 11 11 11
1 44 33 33 22 11 11 11 11 11
1 44 33 33 22 11 11 11 11 11
1 44 33 33 22 11 11 11 11 11
1 44 31 33 22 14 11 14 13 14
1 44 11 33 22 44 14 14 13 14
1 44 31 33 24 14 14 14 13 14
1 44 33 33 24 14 11 14 13 11
1 41 11 32 24 44 14 14 13 14
1 41 31 32 24 14 14 14 13 14
1 44 31 33 22 14 11 11 11 11
1 44 33 33 22 11 11 14 11 11
1 44 31 32 22 14 11 11 13 14
1 44 31 32 24 14 14 14 11 14
1 44 31 32 22 44 44 44 33 44
1 44 31 32 22 14 14 11 11 14
1 44 11 33 24 11 11 14 11 14
1 44 31 33 22 11 11 11 11 14
1 44 33 33 22 11 11 11 11 11
1 44 31 33 22 14 11 14 11 11
1 41 31 32 24 14 14 14 13 14
1 44 33 33 22 11 11 11 11 11
1 41 31 33 22 14 14 14 13 11
1 44 31 32 22 14 14 11 13 14
1 44 31 33 24 11 11 11 11 14
1 44 33 33 22 14 11 11 11 11
1 44 33 33 22 11 11 14 11 11
1 41 11 33 24 44 14 44 13 14
1 44 31 33 22 14 11 11 11 14
1 44 33 33 22 11 11 11 11 14
1 44 31 33 24 44 44 44 33 44
1 41 33 33 22 14 14 14 13 14
1 44 33 33 22 11 11 14 11 11
1 44 33 33 22 11 11 11 11 11
1 44 31 33 24 44 11 14 33 14
1 11 11 33 24 44 11 44 33 14
1 41 31 33 44 44 11 14 33 14
1 44 31 32 24 44 44 44 33 14
1 44 11 33 24 44 14 14 13 14
1 44 31 33 22 11 11 11 13 14
1 44 33 33 22 11 11 14 11 11
1 44 11 33 24 44 44 11 33 44
1 44 31 33 22 11 11 11 11 14
1 44 33 33 22 11 11 11 11 11
1 44 33 33 22 14 11 11 13 11
1 41 31 32 24 44 44 14 13 14
1 44 31 33 22 44 14 14 13 14
1 44 31 33 22 11 11 14 11 11
1 44 33 33 22 14 11 11 11 11
1 44 31 33 22 14 14 11 11 11
1 44 31 33 24 14 14 14 13 14
1 44 33 32 24 44 14 11 11 11
1 44 31 33 22 44 14 14 11 11
1 41 31 32 24 14 14 14 13 14
1 44 11 33 24 44 14 14 13 14
1 44 33 33 22 14 11 11 11 11
1 44 33 33 22 11 11 11 11 11
1 44 33 33 22 11 11 11 11 11
1 41 31 33 22 14 11 14 13 44
1 44 31 32 24 14 14 14 13 14
1 44 33 33 24 14 11 14 11 11
1 44 33 33 24 14 11 11 11 11
1 41 31 32 24 44 44 44 33 44
1 41 11 33 24 44 14 44 13 44
1 44 31 33 22 14 11 11 13 11
1 44 33 32 22 14 14 14 13 14
1 44 31 33 24 14 14 14 13 44
1 44 33 33 22 14 11 11 13 11
1 44 33 33 22 14 11 11 11 11
1 44 31 33 22 14 11 11 11 11
1 44 33 33 22 11 11 14 11 11
1 44 31 33 22 14 11 14 13 11
1 44 31 33 22 11 11 14 11 11
1 44 33 33 22 11 11 11 11 11
1 44 31 33 22 11 11 11 11 14
1 44 31 33 22 14 11 11 11 11
1 44 31 33 22 14 14 14 13 44
1 44 11 33 22 14 14 11 11 11
1 41 31 33 24 14 11 14 13 14
1 41 31 33 22 14 14 14 13 14
1 44 31 33 22 11 11 14 11 11
1 44 11 32 24 44 11 14 13 44
1 44 33 33 22 11 11 11 11 11
1 44 31 33 24 14 14 14 13 14
1 44 33 33 22 11 11 11 11 11
1 44 11 32 24 14 14 14 13 14
1 44 33 33 22 11 11 11 11 11
1 41 31 33 24 14 14 14 13 14
1 41 31 33 22 14 14 14 13 14
1 44 31 33 22 44 14 14 33 11
1 44 31 33 22 11 11 14 13 11
1 44 11 33 22 14 14 14 11 44
1 44 31 33 24 14 11 14 13 14
1 44 31 33 24 11 14 14 13 14
1 44 33 33 22 11 11 11 11 11
1 44 33 33 22 11 11 11 13 11
1 44 33 33 22 11 11 11 11 11
1 41 11 33 24 44 11 14 13 44
1 44 33 33 22 14 11 11 11 11
1 41 11 33 44 14 44 14 13 44
1 44 33 33 22 14 11 11 11 11
1 44 31 33 22 14 14 14 11 11
1 44 33 33 24 11 14 11 11 11
1 41 31 32 24 44 11 44 13 14
1 41 11 33 24 14 11 44 33 44
1 44 33 33 22 11 11 14 11 11
1 44 33 33 22 11 11 11 11 11
1 44 31 33 22 14 11 11 11 44
1 44 31 33 22 11 11 11 13 11
1 44 31 33 22 14 11 14 11 11
1 41 11 33 22 44 44 14 13 14
1 41 31 33 22 14 14 14 13 14
1 44 31 33 24 44 11 14 13 14
1 44 33 33 22 11 11 11 11 11
1 44 31 33 22 11 11 11 11 11
1 44 33 33 22 11 11 14 11 11
1 44 33 33 22 14 11 11 13 11
1 41 31 32 24 14 14 14 13 14
1 44 33 33 22 11 11 11 11 11
1 44 31 33 22 14 14 14 11 11
1 44 31 33 22 14 11 14 11 11
1 44 33 33 22 44 11 14 33 14
1 44 33 33 22 14 14 14 13 11
1 44 31 33 22 14 11 11 11 11
1 44 33 33 22 11 11 11 11 11
1 44 11 33 22 11 14 14 13 11
1 44 11 33 22 14 11 14 13 14
1 44 31 33 22 44 11 44 11 11
1 41 11 32 24 44 44 44 33 44
1 44 33 33 22 11 11 11 11 11
1 44 31 33 24 14 11 14 13 14
1 44 33 33 22 11 11 11 11 11
1 44 33 33 22 14 11 11 11 11
1 44 31 33 22 11 11 11 11 11
1 44 31 33 22 44 11 14 11 14
1 44 31 32 24 14 14 14 13 14
1 44 33 33 22 11 11 11 11 11
1 44 11 32 22 44 14 44 13 14
1 44 11 33 44 14 11 44 33 14
1 41 11 32 22 44 44 44 33 14
1 41 11 32 24 14 14 14 13 44
1 44 33 32 22 11 11 14 33 14
1 44 33 33 24 14 11 14 11 11
1 44 11 32 24 14 11 44 13 14
1 44 31 33 22 11 14 11 13 11
1 44 33 33 22 11 11 11 11 44
1 41 31 33 24 44 14 14 13 14
1 41 31 32 24 14 14 14 13 14
1 44 33 33 22 14 11 11 13 11
1 44 11 33 22 14 11 14 33 44
1 41 31 32 24 44 14 14 13 14
1 44 33 33 22 11 11 11 11 11
1 44 31 33 22 11 14 14 13 11
1 44 33 33 22 11 11 11 11 11
1 44 33 33 24 14 11 11 11 14
1 41 31 33 24 14 14 44 13 14
1 44 33 33 22 11 11 11 11 11
1 44 33 33 22 11 11 11 11 11
1 41 31 32 24 14 14 14 13 14
1 44 11 33 22 14 11 11 11 11
1 44 31 33 22 14 14 11 11 11
1 11 11 22 24 44 14 44 33 44
1 44 31 33 22 14 14 14 13 14
1 44 33 33 22 14 11 11 11 11
1 44 31 33 22 14 11 11 13 14
1 44 31 33 24 14 14 14 13 11
1 44 33 33 22 11 11 14 11 14
1 41 11 32 24 14 14 14 13 14
1 44 33 33 22 11 11 11 11 11
1 41 33 33 24 14 11 11 13 14
1 44 31 33 22 14 11 14 13 11
1 44 31 33 22 11 11 11 11 11
1 44 31 32 24 14 14 14 11 11
1 44 33 33 24 11 11 11 11 11
1 44 33 33 22 11 11 11 11 11
1 44 33 33 22 11 11 11 11 11
1 44 33 33 22 14 11 14 13 11
1 44 11 33 24 44 11 14 13 11
1 41 11 32 44 44 44 44 33 44
1 44 33 33 22 44 14 14 33 44
1 44 31 33 22 11 14 14 13 14
1 44 11 33 22 44 14 14 33 44
1 44 33 33 22 14 11 14 11 14
1 44 31 32 24 14 14 11 13 11
1 41 31 33 22 14 14 14 13 14
1 44 33 33 22 44 11 11 13 14
1 41 31 32 24 14 14 14 13 14
1 41 31 32 24 14 14 14 13 14
1 44 11 33 24 14 44 14 13 14
1 41 11 33 24 14 14 14 13 11
1 44 31 33 22 44 11 14 11 14
1 41 31 33 24 14 14 44 13 14
1 44 33 33 22 11 11 11 11 14
1 44 31 33 24 14 14 14 13 14
1 41 31 33 24 14 14 14 13 14
1 44 33 33 22 11 11 14 11 11
1 41 31 32 24 14 14 14 13 14
1 44 31 33 22 14 11 14 13 11
1 44 31 33 22 14 11 11 11 14
1 41 11 33 22 14 14 14 13 14
1 44 11 32 44 44 44 44 33 44
1 44 33 33 24 14 11 11 11 11
1 44 11 33 22 14 11 44 11 11
1 44 33 33 22 11 11 11 11 11
1 44 31 33 24 14 14 14 13 14
1 44 31 33 24 11 14 14 11 11
1 44 33 33 22 44 11 14 11 11
1 44 31 33 24 44 44 14 11 11
1 44 31 33 24 44 11 44 11 44
1 44 33 32 22 14 14 14 13 14
1 44 33 33 22 11 11 11 11 11
1 44 33 33 22 14 11 14 13 11
1 44 33 33 22 14 14 14 11 11
1 44 31 33 22 11 11 11 11 11
1 44 31 33 24 14 11 14 13 14
1 44 33 33 22 14 11 11 11 11
1 44 31 33 24 14 11 11 11 14
1 44 31 33 22 11 11 11 11 11
1 44 33 33 24 11 11 11 11 11
1 44 31 32 24 14 11 11 13 11
1 44 33 33 22 11 11 11 11 11
1 41 33 33 22 14 11 14 13 14
1 44 33 33 22 11 11 11 11 14
1 44 33 33 22 11 14 11 13 14
1 44 31 33 22 14 11 11 11 14
1 41 31 32 24 14 14 14 13 14
1 44 31 33 22 14 14 14 11 14
1 44 33 33 22 11 11 11 11 11
1 44 31 32 22 11 14 11 11 11
1 44 31 33 22 11 11 14 13 14
1 44 31 33 22 11 11 11 11 11
1 44 33 33 22 14 11 11 11 11
1 44 31 33 22 14 11 14 11 11
1 44 33 33 22 11 11 14 13 14
1 44 31 33 22 11 14 11 11 11
1 44 31 33 22 11 14 11 11 11
