 rs6683868 rs10799662 rs942186 rs10916867 rs7529294 rs12727433 rs2281748 rs10158468 rs12164540 rs1043905 rs1043899 rs1106839 rs2236377 rs4912046 rs6426677 rs4912048 rs10916957 rs12740975 rs9661719 rs2274004 rs2274003 rs6693149 rs6696220 rs6681943 rs12563386 rs7547104 rs6426714 rs2274001 rs4912050 rs942182
0 44 23 11 41 22 22 33 33 22 33 11 11 22 33 44 24 42 44 44 23 33 32 23 44 22 11 44 11 22 33
0 11 23 11 41 22 22 33 32 22 32 11 14 22 33 41 24 42 41 41 23 33 33 23 44 23 11 44 14 22 32
0 41 22 11 41 22 22 33 33 22 33 11 11 23 33 44 22 44 41 41 22 33 33 23 41 22 11 44 14 23 33
0 44 22 11 44 23 22 33 33 23 33 11 11 22 33 44 22 44 44 41 22 33 33 22 44 22 11 44 11 22 32
0 11 23 11 41 23 23 32 32 22 22 44 14 33 33 44 22 44 41 41 33 33 32 23 44 33 13 41 11 23 22
0 41 23 44 41 23 23 32 22 23 32 14 14 23 32 41 24 42 41 41 33 32 32 23 41 23 13 41 44 33 32
0 44 23 11 44 23 22 33 32 22 32 14 14 22 33 44 22 42 44 44 22 33 33 22 44 23 13 41 14 23 32
0 44 22 11 41 23 23 33 33 22 32 11 14 23 33 44 24 42 41 41 23 32 33 23 44 23 13 41 11 23 32
0 41 33 11 11 23 23 33 32 33 22 11 14 22 33 41 24 22 41 11 23 22 32 33 44 33 13 41 14 23 22
0 41 23 11 41 23 22 33 33 22 33 11 14 22 33 44 22 42 11 41 22 33 32 23 44 33 11 11 14 23 33
0 44 23 14 44 22 23 33 32 22 32 14 14 23 33 41 22 44 41 41 23 33 32 33 41 23 11 11 11 23 22
0 44 22 11 44 22 22 33 22 22 33 11 11 23 33 44 22 42 44 41 23 33 33 22 44 23 11 44 11 22 33
0 44 22 11 44 23 22 33 33 22 33 11 11 23 33 44 22 42 41 41 22 33 33 22 44 22 11 41 11 22 33
0 41 22 11 41 33 22 33 32 22 22 14 14 22 32 41 24 42 11 11 33 33 32 33 44 33 13 41 14 23 33
0 41 23 11 11 23 23 22 22 23 22 14 11 23 22 11 44 22 11 11 33 22 22 22 44 23 11 41 44 33 22
0 41 33 11 11 33 33 32 22 23 33 11 14 33 33 41 22 44 41 41 33 33 22 23 44 23 13 11 44 23 32
0 44 22 11 44 22 23 33 33 22 33 11 11 22 33 44 22 44 44 44 22 33 33 22 44 22 11 44 11 22 33
0 44 23 11 44 22 23 33 33 22 33 11 14 23 33 44 22 42 44 41 22 33 33 22 44 22 11 44 11 23 33
0 44 23 11 44 22 22 33 33 22 32 11 11 22 33 44 22 44 41 44 22 33 32 22 41 22 11 44 11 22 22
0 41 33 14 41 23 33 32 22 23 22 14 44 22 33 44 22 22 11 41 33 32 32 22 44 33 13 11 44 33 22
0 41 33 14 41 33 22 33 32 22 32 11 11 23 33 44 22 42 11 41 33 33 33 23 44 23 11 44 14 33 32
0 44 22 14 41 23 23 32 33 23 32 14 14 33 33 44 22 44 41 11 23 33 32 33 41 23 33 11 44 23 22
0 44 22 11 44 22 22 33 22 22 33 11 14 22 32 44 22 44 44 41 23 33 33 23 44 22 11 44 11 23 32
0 44 23 11 41 23 22 22 33 22 33 14 14 22 33 44 22 42 11 11 33 33 32 23 44 23 11 44 44 23 32
0 44 23 14 44 23 22 32 32 22 32 11 14 23 32 44 22 42 41 41 22 33 32 23 41 23 13 41 14 23 32
0 44 22 14 41 22 22 33 32 22 32 11 11 23 33 44 22 44 41 44 33 33 33 22 44 23 11 44 14 23 33
0 41 23 44 11 23 22 33 32 23 33 11 44 23 33 44 24 44 41 41 23 33 22 22 44 22 11 41 14 23 22
0 44 33 14 41 23 23 33 32 22 32 14 44 23 33 44 24 44 41 44 22 33 33 23 41 23 11 41 11 23 32
0 44 23 11 44 23 22 33 33 22 33 11 11 22 33 44 22 44 41 44 23 33 33 33 44 23 11 44 11 22 32
0 44 23 14 41 23 22 33 32 22 32 14 14 22 33 41 24 42 41 11 23 33 32 22 41 23 13 41 14 22 32
0 41 23 14 41 33 23 22 32 22 32 11 14 23 32 44 22 22 41 44 23 32 32 33 44 33 13 41 11 33 22
0 41 23 14 41 33 23 22 32 33 32 11 11 23 33 44 22 42 41 41 33 22 32 23 41 23 11 11 11 22 22
0 44 22 11 41 23 22 33 22 22 32 11 11 22 33 44 22 44 41 44 23 32 32 22 44 23 11 44 14 23 33
0 44 23 11 11 33 23 32 32 22 22 14 44 23 32 41 22 42 41 41 23 33 32 23 44 23 13 41 14 23 22
0 44 23 11 44 23 22 33 32 23 33 11 11 22 33 44 22 44 44 44 22 33 32 23 44 23 11 44 11 23 33
0 41 33 11 41 33 23 33 32 22 32 11 44 23 22 41 22 42 44 41 22 32 32 23 41 23 33 41 44 23 32
0 44 33 11 44 23 23 33 32 33 33 11 11 22 32 44 24 42 41 11 23 33 33 23 44 33 13 44 14 33 32
0 41 33 44 41 33 23 22 22 23 32 11 44 33 33 41 24 44 41 41 33 33 22 33 44 22 11 11 14 33 33
0 41 23 11 44 22 23 33 32 22 32 11 11 23 33 44 22 44 41 41 23 32 22 23 44 23 13 44 11 23 22
0 44 22 11 11 23 22 33 32 22 32 11 11 22 32 44 24 44 44 44 22 33 22 22 44 33 13 44 11 23 22
0 44 22 11 44 22 22 33 32 22 33 11 11 22 33 44 22 44 44 41 22 33 33 22 44 22 11 41 14 22 33
0 41 23 14 41 23 23 32 22 23 22 11 14 23 32 44 22 42 41 41 23 32 22 23 41 33 11 44 11 33 22
0 44 22 11 44 22 22 33 32 22 32 11 11 22 33 44 22 44 44 11 22 32 33 22 44 22 11 44 11 22 33
0 41 23 11 11 23 22 33 32 22 32 11 14 33 33 44 22 42 44 41 23 32 32 22 41 23 11 41 14 33 32
0 41 22 11 41 33 23 33 32 22 22 14 11 22 32 44 24 42 41 41 23 33 22 33 44 23 13 44 11 23 32
0 44 22 11 41 33 23 32 32 22 32 11 11 22 32 44 22 42 44 41 23 32 32 23 41 22 11 41 14 33 32
0 44 23 11 41 23 22 33 32 23 32 11 11 22 33 44 24 44 44 41 22 33 33 23 44 23 11 44 11 23 32
0 41 23 14 11 33 23 22 22 22 32 14 44 33 32 41 24 22 41 11 23 32 32 23 41 33 13 41 14 23 32
0 44 23 11 11 33 23 32 32 22 22 11 14 23 32 44 24 42 41 41 23 33 32 23 41 33 13 41 44 33 32
0 44 23 14 11 22 33 32 22 23 22 11 14 23 32 44 24 42 11 41 33 33 32 23 44 33 13 11 14 23 22
0 44 23 11 41 33 22 33 32 33 32 11 11 23 32 41 22 42 41 11 23 33 22 23 41 22 11 41 14 22 33
0 44 23 14 41 33 23 32 22 33 32 14 14 33 32 41 22 22 11 11 23 22 22 33 41 33 13 11 14 33 22
0 44 23 11 41 22 22 33 22 22 33 11 11 23 33 44 22 42 41 11 23 32 32 22 41 23 11 41 11 23 32
0 44 22 11 41 23 22 32 33 22 32 11 11 22 33 44 22 44 44 41 22 32 32 23 44 33 11 44 11 33 33
0 44 22 11 41 33 22 33 22 23 33 14 11 22 33 44 22 42 44 41 33 33 22 33 44 23 13 11 11 23 32
0 44 22 11 44 22 22 33 33 22 33 11 11 22 32 44 22 44 44 41 22 33 33 23 44 22 11 44 11 22 32
0 44 22 11 41 22 22 33 33 23 33 11 11 23 33 44 22 42 44 41 22 33 33 22 44 23 11 41 14 23 22
0 44 22 11 44 23 22 33 33 22 32 11 11 22 33 44 22 44 44 44 22 33 33 22 44 22 11 44 11 22 33
0 44 33 11 44 22 23 32 33 23 32 14 14 23 33 44 22 22 41 41 23 33 33 23 41 23 11 44 14 23 22
0 44 33 14 41 22 23 33 33 23 32 11 11 23 33 44 22 44 11 44 22 33 33 22 44 33 11 44 11 23 33
0 41 23 14 11 33 33 32 32 23 22 14 14 33 32 44 22 22 11 11 23 32 32 33 44 23 13 11 11 33 32
0 44 22 14 11 23 23 33 32 23 32 11 11 23 32 44 24 44 44 44 22 32 32 23 41 22 13 41 11 23 32
0 41 23 14 41 22 33 32 22 23 32 11 11 23 32 44 22 42 11 41 23 32 32 33 41 23 11 41 44 33 22
0 44 23 11 41 23 23 33 32 23 32 11 11 22 33 44 22 42 41 41 23 33 32 23 41 23 13 41 14 23 22
0 44 23 14 41 23 23 32 32 33 32 14 14 22 32 41 24 42 41 11 23 32 22 33 41 23 13 41 44 23 22
0 44 23 11 44 33 23 33 32 23 33 11 11 23 33 44 24 44 44 44 23 33 33 23 44 23 11 41 11 23 22
0 41 22 11 44 23 22 33 32 22 32 11 11 23 32 44 22 44 41 41 22 33 33 23 44 23 11 41 11 23 32
0 44 23 11 44 23 22 33 33 22 33 11 14 22 33 44 22 44 44 41 23 33 33 22 44 23 11 44 11 22 33
0 41 33 44 11 33 33 22 22 22 32 44 44 33 33 41 44 42 41 41 23 33 22 23 41 23 33 41 14 23 22
0 41 23 14 11 33 23 32 22 23 22 14 44 22 33 41 24 42 41 41 33 32 22 23 41 23 13 44 14 33 22
0 44 22 11 44 23 22 33 32 22 32 11 11 22 33 44 22 44 44 44 22 33 33 22 41 22 11 44 11 22 33
0 44 23 14 41 33 33 32 32 23 32 11 14 23 33 44 22 44 41 11 23 32 32 23 41 23 11 41 14 23 22
0 44 22 14 44 22 22 33 32 22 33 11 11 23 33 44 22 44 11 41 22 33 33 22 44 23 11 44 14 22 32
0 44 22 11 41 23 23 33 32 22 32 11 14 23 33 41 24 44 41 41 23 33 33 22 44 22 13 41 11 22 33
0 44 33 44 11 23 23 32 22 33 22 14 14 33 22 44 24 22 11 11 33 32 22 23 11 33 33 11 14 33 22
0 44 22 11 41 23 22 33 33 22 32 11 14 22 33 44 22 44 41 11 23 33 32 22 44 23 11 41 14 23 32
0 41 23 11 44 23 23 32 32 22 32 11 14 22 32 41 24 42 41 41 23 33 32 23 41 23 11 41 14 23 32
0 44 33 11 11 22 23 33 32 33 22 14 14 23 33 44 22 42 11 41 23 32 32 23 41 23 11 41 11 33 32
0 44 22 11 41 22 22 33 32 22 32 11 11 22 33 44 22 42 44 44 22 33 33 23 44 22 11 44 11 23 32
0 44 22 11 44 22 22 33 32 22 33 11 11 22 33 44 22 44 44 44 22 33 33 22 44 22 13 44 11 22 33
0 44 23 11 44 22 23 33 32 22 33 11 11 22 33 44 22 44 44 44 23 32 33 23 44 23 13 44 11 22 32
0 41 23 11 41 23 23 32 32 23 33 14 11 23 33 44 44 42 41 41 23 33 22 23 44 22 13 41 11 22 32
0 44 22 11 44 22 22 33 32 22 33 11 11 22 33 44 22 44 41 41 22 32 33 23 41 23 11 44 14 22 32
0 44 23 14 41 23 23 32 22 22 32 14 44 23 33 44 24 22 41 41 23 33 22 23 41 33 33 11 44 33 22
0 44 23 11 41 23 23 22 32 23 33 14 11 23 33 44 24 42 11 41 23 33 33 23 41 23 13 41 44 23 33
0 44 23 44 11 23 23 33 32 23 32 14 44 23 22 41 24 22 11 41 23 32 32 33 41 23 33 41 44 23 32
0 44 23 11 44 22 23 33 33 23 32 11 14 23 33 44 22 42 41 44 33 33 33 23 44 23 11 11 11 33 32
0 44 22 11 44 33 22 33 32 22 33 11 11 22 33 44 22 44 44 41 23 33 33 22 44 33 11 41 14 22 33
0 44 22 11 44 22 23 33 33 22 32 11 11 22 33 44 22 44 44 41 23 33 33 22 44 23 11 44 11 23 33
0 44 23 11 41 33 22 33 32 22 33 11 11 23 33 44 22 44 44 44 22 33 33 22 44 22 11 44 11 33 33
0 44 22 14 11 22 23 33 33 22 33 11 14 22 33 44 22 44 41 44 22 33 32 23 44 22 11 44 11 22 22
0 44 23 11 41 22 22 33 33 22 33 11 11 22 33 44 22 44 41 44 23 33 33 23 44 23 11 41 14 33 33
0 44 22 14 41 22 23 33 22 22 32 11 14 22 33 44 22 44 44 44 22 33 33 22 44 22 13 41 11 23 33
0 41 23 14 11 33 22 32 32 22 32 14 14 23 32 44 22 22 11 41 33 32 32 33 44 33 13 41 14 33 32
0 41 23 11 44 23 22 32 22 23 32 11 14 22 33 41 24 44 44 41 23 32 32 23 44 23 13 44 14 23 33
0 44 22 11 41 23 22 33 32 23 33 11 44 22 33 44 22 42 41 11 23 33 32 22 41 23 11 44 11 33 33
0 44 23 11 44 23 22 33 22 23 33 11 14 23 33 44 22 42 44 41 23 32 32 22 44 22 11 41 11 23 33
0 44 22 11 44 22 22 33 33 22 33 11 11 22 33 44 22 44 44 44 22 33 33 22 44 22 11 44 11 22 33
0 44 23 11 41 22 23 32 32 22 32 11 14 22 33 41 22 42 41 41 33 33 32 33 41 23 13 44 14 33 33
0 41 23 14 41 33 23 32 22 23 22 11 44 23 33 44 24 22 44 11 33 33 22 33 41 22 13 11 11 23 32
0 44 23 11 44 22 22 32 33 22 33 11 14 23 33 44 22 44 11 44 22 33 22 23 44 22 11 44 14 22 32
0 41 22 11 44 23 22 33 33 22 32 14 11 22 33 44 24 44 41 41 22 33 32 22 44 23 11 44 11 33 32
0 44 22 11 44 23 23 33 32 23 22 11 14 23 33 44 22 44 41 41 23 22 32 33 44 33 11 41 14 22 33
0 44 33 11 41 33 33 32 32 23 32 11 14 23 33 44 24 22 41 41 23 32 32 33 44 33 33 44 44 23 32
0 41 33 11 11 33 33 33 22 23 22 14 44 33 32 41 24 22 41 44 23 22 22 33 44 23 33 11 14 23 22
0 41 23 11 44 22 23 33 22 22 32 11 44 22 33 44 22 42 11 41 23 33 33 22 44 23 11 44 11 23 32
0 41 22 14 41 33 22 33 32 23 32 11 11 22 33 44 22 44 41 11 22 33 32 23 44 33 11 41 44 33 22
0 11 23 11 41 23 33 32 32 23 22 11 11 22 33 44 22 44 41 11 33 32 32 22 41 33 13 44 14 23 22
0 41 22 11 44 22 22 33 22 22 22 11 11 22 33 44 22 42 41 44 22 33 32 22 44 23 13 41 14 23 32
0 44 22 11 41 22 22 33 33 22 33 11 14 23 33 44 22 42 41 41 23 33 33 22 44 33 11 44 11 22 22
0 41 22 11 41 23 23 32 22 22 32 14 14 23 33 44 24 42 41 41 23 32 32 23 44 23 13 41 14 23 32
0 44 33 11 41 23 33 33 22 22 33 11 11 22 33 44 22 42 44 41 23 33 32 23 44 22 11 44 14 23 22
0 44 22 11 44 22 22 33 33 22 33 14 11 23 33 44 22 44 41 41 22 33 33 23 44 22 13 44 14 23 32
0 41 23 11 41 23 23 32 32 22 32 11 11 23 33 44 22 42 41 41 23 33 32 22 44 33 13 41 11 23 32
0 44 22 14 44 22 22 33 33 22 32 11 11 22 33 44 22 42 44 41 22 33 32 23 44 23 11 41 11 23 32
0 41 23 11 44 23 22 33 32 23 33 11 14 23 32 44 22 44 41 44 22 33 32 22 44 22 11 44 14 23 22
0 44 33 11 41 23 23 33 32 23 33 11 14 22 32 44 22 42 44 41 23 33 32 22 44 23 13 41 11 23 32
0 41 23 14 11 23 23 32 22 23 32 11 44 33 33 44 24 42 41 11 23 32 22 23 41 33 11 11 11 33 22
0 44 23 11 41 23 23 22 33 23 32 11 14 22 33 41 22 44 44 41 33 33 32 23 44 23 11 41 11 23 32
0 44 23 11 41 22 23 33 32 22 33 11 11 23 33 44 22 44 41 44 22 33 33 23 44 23 11 41 11 22 33
0 44 23 11 41 22 22 33 32 22 33 11 11 22 32 44 24 44 41 44 23 33 33 33 44 22 11 44 11 23 22
0 44 22 14 44 33 22 33 32 22 33 11 11 22 33 44 22 44 41 41 22 33 32 22 44 23 13 44 14 22 33
0 44 22 14 41 23 22 32 22 23 32 11 11 22 32 41 22 42 41 44 23 33 22 23 44 23 13 41 14 23 32
0 44 23 14 41 23 23 33 32 22 22 11 11 23 33 41 22 22 41 41 22 22 33 23 41 23 13 44 11 23 32
0 44 22 11 11 23 22 33 32 22 33 11 11 23 33 44 22 44 41 44 23 33 33 23 44 23 11 41 14 22 22
0 44 23 11 11 23 22 33 32 22 22 11 14 23 33 41 24 42 44 41 22 32 32 23 41 23 11 41 14 33 32
0 41 23 14 41 23 22 32 32 23 32 14 14 23 32 41 24 42 11 11 33 32 32 33 41 23 33 41 14 33 33
0 44 33 44 41 33 33 33 33 22 32 14 44 22 32 44 24 22 41 11 33 32 32 33 41 23 11 11 14 33 22
0 44 22 14 44 23 22 33 32 22 32 11 11 23 33 44 22 44 41 44 22 33 32 23 41 23 11 41 14 33 33
0 44 22 11 41 22 23 33 33 22 33 11 14 22 33 44 22 44 41 44 33 33 32 23 44 23 13 44 11 22 33
0 44 22 11 44 23 22 33 33 22 32 11 11 22 33 44 22 44 44 44 22 33 33 23 44 22 11 44 14 23 32
0 44 23 14 44 23 22 32 32 22 33 11 14 22 33 44 22 42 44 41 23 33 33 23 44 23 11 44 11 23 32
0 44 22 14 41 22 22 33 32 22 33 11 14 22 33 44 22 44 41 44 22 33 32 22 44 22 11 44 11 22 33
0 44 23 11 41 33 23 33 33 23 32 14 44 23 33 44 22 42 44 44 33 32 32 23 44 22 11 41 14 23 22
0 44 23 14 44 23 23 32 32 23 32 14 14 23 32 41 24 42 41 41 23 32 32 23 41 23 13 41 14 23 32
0 44 22 11 44 22 22 33 33 22 33 11 11 22 33 44 22 44 44 44 23 33 33 22 44 22 11 44 11 22 33
0 44 23 11 11 23 23 32 33 22 33 11 14 22 33 44 22 42 41 41 23 33 22 23 44 23 33 41 11 22 32
0 44 22 11 44 22 22 33 32 22 33 11 11 22 33 44 22 44 44 41 22 33 33 22 44 22 11 44 11 22 33
0 44 23 14 41 23 23 33 32 23 32 11 14 23 33 41 24 42 41 41 33 32 32 23 41 23 13 41 14 23 32
0 44 23 11 41 23 22 32 22 22 32 11 11 22 33 44 22 22 41 41 23 33 33 23 44 22 11 41 11 33 33
0 44 23 11 41 23 23 33 32 22 33 11 14 22 33 44 24 44 44 44 23 33 32 23 41 23 11 44 14 23 33
0 41 33 44 41 33 33 22 32 23 22 44 14 33 32 44 22 42 41 11 23 32 22 33 41 23 13 41 44 33 32
0 44 22 14 41 22 22 32 32 23 33 11 11 22 32 44 22 44 41 44 22 33 33 22 44 22 11 41 14 33 32
0 41 23 11 41 33 22 33 32 23 22 11 14 23 22 44 22 44 41 41 23 22 22 22 41 33 11 41 44 23 32
0 44 23 14 11 33 22 32 32 22 32 14 14 23 32 41 24 42 11 11 23 32 22 33 44 23 13 11 14 23 22
0 44 23 11 41 22 33 33 32 22 33 11 11 22 33 41 24 42 41 44 23 33 32 23 44 33 11 44 11 23 32
0 44 23 11 11 23 22 33 32 22 32 11 44 23 33 44 24 44 41 41 22 33 22 23 44 23 13 44 44 23 33
0 44 23 11 44 23 22 33 32 23 32 11 14 23 32 44 24 44 41 41 23 33 32 23 44 23 13 41 14 22 32
0 44 22 11 41 23 22 33 32 22 32 11 14 22 32 44 22 42 44 44 23 33 32 23 41 23 11 41 11 23 32
0 44 23 11 41 22 22 33 22 22 32 11 11 22 33 44 24 42 41 41 22 32 32 23 44 33 13 41 14 33 32
0 44 23 11 41 22 22 33 32 22 32 14 11 22 33 44 24 42 41 41 23 33 32 22 44 23 11 41 11 23 32
0 44 22 11 11 23 23 32 32 23 32 14 14 23 32 41 24 42 11 41 23 32 32 22 44 23 11 41 14 22 32
0 41 33 44 11 33 33 22 22 33 22 44 44 33 22 11 44 22 11 11 33 22 22 33 11 33 33 11 44 33 22
0 44 33 11 44 23 23 32 32 22 33 11 14 23 33 44 24 44 41 11 33 33 32 22 44 23 13 41 14 23 22
0 44 22 11 41 33 23 33 22 22 33 11 44 23 33 44 24 44 11 41 23 32 32 33 41 23 11 41 14 23 33
0 44 22 11 41 22 22 33 33 22 32 11 11 22 33 44 22 44 44 41 22 33 33 22 44 22 11 44 11 22 32
0 41 33 44 11 33 23 32 22 33 32 44 14 33 22 41 44 44 11 11 23 33 22 33 41 23 33 41 44 33 22
0 44 22 11 44 22 23 33 33 22 32 11 11 23 33 44 22 44 41 41 22 32 33 23 44 33 11 44 11 23 32
0 44 33 14 41 23 22 33 32 22 32 11 44 23 33 44 24 42 41 11 23 33 32 33 41 33 13 41 14 23 32
0 44 22 14 41 22 23 33 32 22 33 14 11 22 33 44 24 42 41 11 23 33 32 22 41 33 11 41 11 22 32
0 44 22 14 44 22 22 32 32 22 33 14 11 23 33 44 22 44 44 44 23 32 32 22 44 23 13 44 14 23 33
0 44 23 14 44 33 23 32 22 22 22 11 14 22 33 41 24 22 41 11 23 32 32 23 41 23 11 41 44 22 32
0 44 23 11 41 23 23 32 32 23 32 11 14 22 32 41 24 44 44 11 23 33 22 23 44 33 13 44 14 23 33
0 44 22 14 44 22 22 33 32 22 32 14 14 22 33 44 22 44 41 44 22 32 22 22 44 22 11 44 11 22 32
0 41 23 11 44 23 23 33 32 22 33 11 14 22 32 44 22 44 44 41 23 32 32 23 44 23 11 44 11 23 32
0 44 33 14 41 23 23 32 22 23 32 11 14 23 33 44 22 42 41 41 23 33 32 23 41 23 13 41 14 23 32
0 41 23 11 41 33 22 32 32 23 22 11 11 22 32 41 44 42 41 11 23 33 32 23 44 23 13 41 14 33 22
0 44 22 11 44 23 23 33 32 22 33 11 11 22 33 44 22 42 41 41 23 33 32 23 44 33 11 44 11 23 32
0 44 23 11 44 23 23 33 32 22 32 11 14 23 33 44 24 42 44 41 23 32 33 23 44 23 11 44 14 22 32
0 44 33 11 41 33 22 32 32 23 32 11 14 22 33 44 24 42 11 44 22 33 33 23 44 23 11 44 11 22 33
0 44 23 11 41 23 22 32 32 22 33 14 14 22 32 41 24 42 41 11 33 33 33 23 41 23 13 11 11 23 22
0 44 23 11 44 22 22 33 33 22 33 11 11 23 33 44 22 42 44 44 22 33 33 22 44 23 11 44 11 22 33
0 44 23 11 44 23 23 32 32 22 32 11 44 23 33 44 24 22 41 44 23 33 33 33 44 23 11 41 11 23 32
0 41 33 14 44 23 23 32 22 22 32 14 44 23 32 44 24 22 11 41 33 32 32 23 41 33 11 41 14 33 32
0 44 23 11 44 22 23 33 33 22 33 11 14 33 32 44 22 44 44 41 22 32 33 23 44 22 11 41 11 22 33
0 44 23 14 41 22 23 33 32 22 33 11 14 22 33 41 22 22 41 41 23 33 32 23 44 22 11 41 14 33 22
0 44 22 11 41 33 22 33 32 23 33 11 14 22 33 44 22 42 44 41 23 33 32 22 41 33 11 41 14 23 32
0 41 23 11 41 33 23 32 32 23 32 14 14 22 33 44 22 42 41 41 23 32 32 23 41 23 11 11 14 23 32
0 44 33 11 44 33 22 33 22 22 32 11 14 23 33 44 22 22 44 11 22 32 32 23 44 33 11 44 11 23 32
0 44 23 11 44 22 22 33 22 22 32 11 44 23 32 44 22 44 44 41 23 33 33 33 44 33 11 44 11 23 32
0 44 23 11 41 23 23 33 32 22 33 11 11 23 33 44 22 44 41 44 23 32 32 23 41 23 13 11 11 22 32
0 44 23 11 11 33 33 33 32 23 22 14 14 23 33 41 24 22 41 11 33 32 22 33 44 33 13 41 14 23 22
0 44 23 11 41 23 23 33 33 22 33 11 11 23 33 44 22 44 41 44 33 32 32 23 44 23 13 11 11 23 33
0 41 33 44 41 22 33 32 32 22 32 14 14 23 33 44 22 44 41 11 23 32 22 33 41 23 13 41 11 33 32
0 44 23 14 44 23 23 33 33 22 33 11 14 22 32 44 24 42 41 41 23 32 32 33 44 23 13 44 14 23 33
0 41 23 14 11 23 23 32 22 22 32 14 44 23 32 44 24 22 41 11 23 33 32 23 11 23 13 11 14 23 32
0 41 22 11 41 23 23 22 32 22 32 14 14 23 33 44 22 42 44 41 23 32 32 22 44 23 13 44 14 33 32
0 41 23 14 44 23 22 33 22 22 33 11 14 22 32 41 22 42 41 41 22 33 33 23 44 23 11 41 14 22 32
0 44 33 14 11 23 23 32 22 23 22 11 14 23 33 44 24 22 11 11 33 22 22 33 44 33 13 11 14 23 22
0 44 22 11 41 33 22 33 32 23 32 11 11 23 32 44 22 44 11 41 23 32 33 23 44 33 11 41 14 23 22
0 44 23 14 44 33 22 33 33 22 22 11 11 22 32 44 22 42 11 41 33 33 22 23 41 33 11 41 14 23 32
0 44 23 14 41 23 23 32 22 22 32 14 44 23 33 44 44 42 41 11 23 32 32 23 41 23 11 11 14 23 22
0 44 23 11 41 23 23 32 22 23 22 11 14 22 33 44 22 42 11 11 33 32 22 33 41 23 11 41 14 23 22
0 44 23 14 41 23 23 32 32 23 32 11 14 23 32 44 24 42 41 41 23 32 32 23 44 23 13 41 14 23 32
0 41 22 11 41 23 23 33 32 22 32 11 11 23 33 44 22 42 41 44 22 33 33 23 44 23 11 41 14 23 32
0 44 23 11 41 22 33 33 33 22 33 11 14 22 33 44 22 44 44 44 33 32 32 23 41 22 11 44 11 23 33
0 44 23 11 44 33 22 32 32 23 32 14 14 23 32 41 22 44 44 44 23 33 33 33 44 22 13 41 11 22 32
0 44 33 11 41 23 22 33 32 22 22 14 44 23 33 44 22 22 41 41 23 33 33 23 44 23 11 41 14 23 22
0 44 33 11 41 23 22 33 33 22 33 11 11 22 33 44 22 42 41 41 23 33 33 23 44 22 11 41 11 23 22
0 44 23 11 44 23 22 33 32 22 32 11 14 22 33 44 22 44 41 44 33 33 22 22 44 23 13 41 44 22 33
0 44 22 11 44 22 22 33 22 22 33 11 11 22 33 44 22 42 44 11 23 32 32 23 44 22 11 41 14 22 33
0 44 23 14 41 33 22 32 32 23 33 11 11 33 33 41 22 22 44 44 23 33 32 22 44 22 11 11 14 23 22
0 44 23 11 44 22 22 33 33 22 32 11 14 23 33 44 24 44 41 44 23 33 33 22 44 22 11 44 11 22 32
0 41 23 14 11 33 23 22 22 23 22 11 44 23 32 44 24 22 41 11 33 33 32 23 11 23 11 11 14 23 22
0 44 23 11 44 23 22 32 32 23 33 11 14 23 32 44 22 42 41 41 23 32 33 22 44 23 11 41 11 23 33
0 44 23 11 44 23 23 33 33 23 32 11 14 23 33 44 22 44 44 11 23 33 32 23 44 22 33 44 11 22 32
0 44 23 11 41 22 22 33 32 22 32 11 11 22 33 44 22 42 41 11 23 33 32 23 44 23 11 44 14 23 33
0 44 22 11 44 22 22 33 33 22 33 11 11 23 33 44 22 44 44 44 23 33 22 23 44 23 11 44 11 22 32
0 41 22 11 11 23 23 32 32 22 22 11 14 23 33 41 44 42 11 11 22 32 32 23 41 33 11 11 11 33 22
0 44 23 14 11 23 22 33 22 22 33 11 14 23 33 44 24 42 41 44 23 33 32 23 44 23 13 41 11 22 32
0 44 22 14 44 23 22 33 32 23 22 11 14 23 33 44 24 42 44 11 23 33 33 33 44 23 33 11 14 33 33
0 44 22 14 44 23 22 33 32 22 33 11 14 22 33 44 22 44 41 44 22 33 33 23 44 22 11 44 11 22 33
0 44 23 14 41 23 23 32 32 22 32 14 44 23 33 41 24 42 11 41 23 32 32 33 44 23 11 41 14 23 32
0 44 22 14 44 23 23 32 33 22 33 11 14 22 33 44 24 42 41 41 23 32 32 23 44 23 11 41 14 23 32
0 41 23 14 41 23 33 32 32 23 32 14 44 33 33 41 24 42 41 41 23 32 32 23 41 23 13 41 14 23 32
0 44 22 11 44 22 22 33 32 22 33 11 11 22 33 44 22 44 44 44 23 33 32 22 44 23 11 44 11 23 33
0 44 33 11 11 23 23 33 32 23 32 11 44 33 32 44 22 44 44 41 22 33 32 23 41 33 11 41 14 33 22
0 44 22 11 11 33 22 32 32 23 22 11 11 22 33 44 22 42 44 44 22 33 32 22 41 23 11 44 11 22 32
0 41 23 11 44 23 23 33 22 23 32 14 14 23 32 44 24 22 41 11 33 32 22 23 41 33 13 44 14 22 32
0 41 23 14 41 33 23 32 22 23 32 14 14 23 33 41 22 44 11 41 23 33 32 23 41 22 33 41 11 22 32
0 44 33 14 44 23 22 32 32 23 22 11 14 23 33 41 22 44 41 41 23 33 33 23 44 23 11 44 14 23 32
0 44 23 44 11 23 23 33 32 22 22 11 14 23 33 44 24 42 11 11 23 33 33 33 44 23 11 44 11 33 32
0 44 22 11 41 33 33 32 22 22 32 11 14 22 33 44 24 44 41 41 23 33 32 23 44 23 11 41 11 22 32
0 11 33 44 41 33 33 22 22 33 22 44 14 33 32 41 44 22 11 11 33 22 22 33 44 23 33 11 44 33 22
0 44 22 11 11 23 23 32 22 23 22 14 14 23 32 41 22 22 41 11 33 32 32 23 41 23 13 41 44 23 22
0 41 22 11 44 23 23 32 32 23 33 14 14 23 33 44 24 42 44 41 23 33 22 23 44 23 13 44 14 22 32
0 44 33 11 11 33 33 33 22 23 33 11 14 23 33 44 22 22 41 41 23 32 32 33 41 23 33 11 14 23 32
0 44 23 11 44 23 22 33 22 22 32 14 14 23 32 44 22 44 11 41 23 33 32 22 44 33 11 41 44 22 32
0 44 23 11 11 33 22 33 22 22 33 14 14 23 33 44 24 44 44 44 23 22 32 23 41 23 11 44 11 23 33
0 41 33 14 41 23 22 33 32 22 32 11 11 23 33 44 24 22 41 41 23 33 22 23 44 23 11 44 44 22 33
0 41 23 11 41 23 23 33 33 22 33 11 14 23 33 44 24 42 44 11 23 32 32 23 44 23 11 44 14 23 32
0 44 23 11 41 23 23 33 33 23 32 14 11 23 33 44 24 42 44 41 33 33 32 23 44 33 11 11 14 23 32
0 44 22 11 44 23 22 33 33 22 33 11 11 22 33 44 22 44 44 41 22 33 32 23 44 23 11 41 11 22 33
0 44 22 11 41 22 22 32 32 22 33 14 14 22 33 44 22 44 44 44 23 33 33 22 44 23 11 44 14 23 33
0 44 33 11 41 33 33 22 22 23 22 11 11 22 33 44 22 44 41 41 22 22 22 33 44 23 13 11 44 33 32
0 44 22 14 41 33 23 32 33 22 22 11 14 22 32 44 22 42 41 11 23 32 22 22 44 23 11 44 14 22 22
0 44 23 11 44 22 22 33 33 22 32 11 14 22 33 44 22 44 44 44 22 33 32 22 44 22 11 44 11 22 33
0 44 23 11 44 22 23 33 32 22 32 11 14 33 32 44 22 42 41 44 33 32 32 22 44 23 11 44 44 22 32
0 44 23 11 44 23 23 33 32 23 32 11 11 23 33 44 22 44 44 41 22 33 33 22 44 23 11 44 11 22 33
0 44 22 11 44 22 23 33 33 23 32 11 11 23 33 44 24 44 44 41 23 33 32 22 44 23 33 44 11 22 32
0 44 22 11 41 22 23 33 32 22 32 11 14 23 33 44 24 42 44 41 23 32 33 23 44 22 11 41 11 23 32
0 44 22 11 41 22 23 33 32 23 33 11 11 22 33 44 22 44 41 11 22 33 32 23 44 23 13 41 14 33 22
0 41 23 11 11 33 33 22 22 22 33 14 14 33 33 44 22 44 44 11 23 33 32 33 44 22 33 41 11 33 32
0 44 23 44 41 33 23 32 22 23 32 11 14 22 33 44 22 22 11 41 23 32 22 23 41 23 11 11 44 33 32
0 44 22 11 44 23 23 33 33 22 33 11 11 22 33 44 22 42 44 44 22 33 33 22 44 22 13 44 11 22 33
0 44 22 11 44 22 22 33 32 22 32 14 14 22 33 44 22 44 44 41 22 33 32 22 44 23 11 41 11 22 33
0 41 33 14 41 33 23 33 22 33 22 11 44 22 32 44 22 42 11 41 23 32 32 23 44 23 13 11 14 33 22
0 44 22 11 41 22 23 32 33 23 32 11 14 22 32 44 22 44 11 41 22 33 32 22 41 23 13 44 44 23 22
0 44 23 14 41 22 22 33 33 22 33 11 44 22 32 44 24 44 11 11 23 33 32 22 44 23 11 44 11 22 32
0 44 23 11 44 22 23 32 33 23 32 11 11 22 33 41 24 42 41 44 23 32 33 22 44 23 11 41 11 23 33
0 44 22 11 11 23 22 32 32 23 33 11 11 22 33 44 24 44 41 41 23 33 22 22 41 23 11 41 14 33 33
0 41 33 14 11 23 23 32 32 22 22 14 44 23 32 44 22 22 41 11 33 32 32 33 44 23 13 11 44 22 22
0 44 22 44 41 22 22 33 33 23 32 11 11 22 33 44 22 44 44 11 22 33 33 23 44 22 11 41 11 23 32
0 44 23 14 11 33 22 32 32 23 32 11 11 22 33 41 24 44 11 41 33 33 22 23 41 33 11 41 14 22 32
0 44 23 14 41 23 22 33 33 22 32 11 11 22 33 44 22 42 44 11 23 32 32 22 41 23 11 41 14 22 32
0 44 23 11 41 22 22 33 33 22 33 11 14 22 33 44 24 44 44 44 23 32 33 22 44 23 13 44 11 22 33
0 41 23 11 41 23 22 33 32 23 33 11 11 22 33 41 22 42 41 11 23 32 32 23 44 23 13 41 11 23 22
0 44 23 11 11 23 23 32 32 23 22 14 11 22 32 41 22 42 41 41 23 33 33 23 41 33 13 44 44 33 22
0 44 22 14 41 33 22 32 22 22 33 14 11 23 33 44 22 44 41 41 23 33 32 23 41 23 11 41 11 23 32
0 44 22 11 44 22 22 33 33 22 33 11 14 22 33 44 22 44 41 44 23 32 33 22 44 22 11 44 11 22 33
0 41 22 11 41 33 23 33 22 23 22 14 11 23 33 41 22 42 11 41 33 32 32 33 44 33 13 41 14 23 32
0 44 33 11 41 22 23 33 32 22 33 11 11 22 33 44 24 44 41 41 22 33 32 33 44 23 11 44 11 23 32
0 44 23 11 41 22 22 33 33 22 32 14 11 22 33 44 22 44 11 44 22 33 33 33 44 23 11 41 14 22 22
0 44 23 11 44 23 23 32 32 22 33 14 14 23 33 44 22 44 11 44 23 32 32 23 44 33 13 11 14 23 32
0 41 23 11 44 23 33 32 32 23 32 11 14 23 32 44 22 42 41 44 23 33 22 23 44 23 13 41 14 23 32
0 44 23 11 41 22 22 33 33 22 33 11 11 22 33 44 22 44 44 44 22 33 33 22 44 23 13 41 14 22 33
0 41 22 14 44 22 22 33 33 22 33 11 11 22 33 44 22 42 41 41 23 33 32 22 44 22 11 44 11 23 32
0 44 23 11 41 23 22 33 33 22 32 11 11 22 33 44 22 44 44 11 23 33 33 23 44 23 13 44 11 22 33
0 44 22 11 41 33 23 33 33 22 33 11 14 22 33 44 22 44 44 44 22 33 33 22 44 33 11 44 11 23 33
0 44 23 11 44 23 23 32 32 23 32 11 14 22 33 44 22 42 41 41 22 33 22 23 41 23 11 41 14 23 32
0 41 23 11 44 23 23 33 33 23 32 11 14 23 32 41 24 42 11 41 33 32 22 22 41 33 13 11 14 23 22
0 44 22 11 44 22 22 33 33 22 33 11 14 22 33 44 22 44 44 44 22 33 33 23 44 22 11 44 11 22 32
0 44 23 14 41 23 23 33 32 23 32 11 11 23 32 44 22 42 41 41 22 33 32 23 41 23 13 41 44 23 32
0 44 22 11 44 22 23 33 33 22 33 11 11 22 33 44 22 44 44 41 22 33 32 22 44 22 11 44 11 22 33
0 44 23 11 41 22 22 33 33 23 32 14 11 23 33 44 24 42 41 41 22 32 32 23 44 23 11 41 14 23 22
0 44 33 11 11 33 23 32 32 22 33 14 14 22 33 41 24 42 11 11 22 32 32 23 44 33 33 41 11 23 22
0 44 22 11 41 22 23 33 22 22 32 11 44 23 33 44 22 42 44 41 23 33 33 33 44 23 11 11 44 33 32
0 41 23 11 11 33 23 32 32 23 32 11 11 23 32 44 24 42 44 41 23 32 33 23 41 33 13 41 14 33 22
0 41 23 14 41 23 23 33 32 22 32 11 14 23 33 44 24 44 41 41 23 33 33 23 44 23 13 44 11 23 33
0 41 22 14 11 33 33 22 22 22 22 14 14 23 32 44 44 42 41 41 33 32 32 23 41 23 33 41 14 23 32
0 44 23 11 41 22 23 32 32 22 33 11 11 22 33 44 24 42 44 44 22 33 33 22 44 23 11 44 11 23 33
0 41 23 11 44 22 23 33 22 22 32 14 14 22 32 44 22 42 44 41 22 32 32 23 41 23 11 41 44 23 22
0 44 33 14 41 33 23 32 32 22 32 44 14 33 33 44 24 42 11 11 23 33 32 22 44 33 13 11 11 33 22
0 44 23 11 44 22 22 33 33 22 33 11 11 22 33 44 22 44 41 41 22 33 33 22 44 22 11 44 11 23 33
0 41 23 11 41 23 33 32 22 33 22 14 11 23 32 44 24 22 41 41 23 32 32 33 41 23 33 11 14 23 22
0 44 22 14 44 23 22 33 33 22 33 11 11 22 33 44 22 44 11 41 22 33 33 23 44 22 11 44 11 22 33
0 44 23 11 44 23 22 33 22 22 32 11 44 22 33 44 22 44 44 41 23 32 32 22 44 22 11 44 11 22 33
0 44 22 11 41 23 22 33 32 22 33 11 11 22 33 44 22 44 41 41 22 33 32 22 44 22 11 41 11 33 33
0 41 22 11 41 22 22 33 22 23 32 44 11 22 33 41 22 42 44 11 33 33 32 33 41 33 13 44 14 23 32
0 44 22 11 44 22 22 33 33 22 33 11 11 22 33 44 22 42 41 44 22 33 32 22 44 22 11 44 11 22 33
0 44 22 11 41 23 23 32 22 22 33 11 14 23 33 44 22 42 11 11 33 33 32 33 41 33 13 11 14 22 22
0 44 23 14 44 22 23 33 32 23 33 14 14 23 32 41 24 42 41 41 23 33 32 23 44 23 13 11 11 23 32
0 44 33 11 11 22 22 32 22 23 32 11 14 23 33 44 22 44 11 41 33 32 32 23 44 22 11 41 14 23 22
0 44 33 44 11 33 23 33 22 22 32 14 14 23 22 41 22 42 41 41 33 32 32 33 41 33 13 44 44 33 32
0 41 23 11 11 23 23 32 22 23 32 11 14 22 33 44 24 42 41 41 22 33 32 22 44 33 33 41 11 22 32
0 44 23 14 41 33 23 32 32 23 22 14 14 23 32 41 24 42 41 41 23 32 22 33 41 23 11 41 14 23 33
0 41 22 11 41 22 22 33 33 22 32 11 11 22 33 44 22 42 41 44 22 33 32 23 44 22 11 44 11 22 33
0 41 23 14 11 23 23 32 32 22 33 11 14 23 33 44 22 44 44 11 22 33 32 23 44 22 11 41 44 22 32
0 41 33 44 11 33 23 32 22 23 32 14 14 23 32 41 24 22 11 11 33 22 22 23 11 33 33 41 44 33 32
0 44 22 11 41 23 22 33 32 22 32 14 14 23 33 44 22 22 41 11 33 33 33 23 44 23 11 44 11 22 32
0 44 22 11 44 22 22 33 33 22 33 11 11 22 33 44 22 44 44 44 22 33 33 22 44 22 11 44 11 22 33
0 44 22 11 41 33 23 32 22 23 33 14 44 33 32 44 24 42 41 41 33 32 22 33 44 23 13 44 44 23 22
0 44 23 14 44 22 23 32 33 22 33 11 14 23 33 44 22 44 44 44 23 33 33 33 41 23 11 41 11 23 32
0 44 23 11 44 22 22 33 33 22 33 11 14 22 33 44 22 44 41 44 23 33 33 23 44 22 11 44 11 22 32
0 41 22 14 11 23 23 33 32 23 22 11 44 22 33 11 24 22 41 41 33 32 22 22 44 33 11 41 44 23 22
0 44 33 14 41 23 33 32 33 22 32 11 11 22 33 44 24 42 44 41 23 33 22 33 41 23 13 44 14 23 32
0 41 33 11 41 23 23 33 22 23 22 11 11 23 32 44 24 22 41 11 23 33 32 23 41 23 11 41 14 22 22
0 44 23 11 41 23 23 32 32 23 32 11 14 23 33 44 24 44 41 11 22 33 32 23 41 33 11 44 14 23 22
0 44 22 14 41 23 23 33 32 22 32 11 14 23 33 44 24 42 44 41 23 32 33 23 44 23 13 41 14 23 32
0 41 23 11 41 23 23 33 32 23 32 11 14 23 33 41 22 44 11 11 23 32 22 23 41 23 33 41 44 23 32
0 44 23 14 44 23 33 32 32 23 33 14 14 33 32 44 22 42 11 11 23 32 32 33 41 23 13 11 14 22 22
0 41 23 11 41 22 23 33 32 23 32 11 14 23 33 44 22 44 44 41 23 33 33 23 44 22 13 11 11 23 32
0 44 23 11 44 22 22 33 33 22 33 11 11 22 33 44 22 44 44 41 22 33 33 22 44 22 13 44 14 22 32
0 44 23 14 41 23 23 33 22 22 22 11 11 23 33 44 22 42 41 44 33 32 33 33 44 33 11 41 11 22 32
0 44 23 11 44 33 23 33 32 22 32 14 14 22 33 44 22 42 41 44 33 33 22 23 44 23 11 11 11 22 22
0 44 33 14 44 22 22 32 32 23 32 11 14 23 32 44 22 44 41 41 23 33 32 23 41 23 11 41 14 23 32
0 44 23 11 11 22 23 33 32 22 33 11 14 22 33 44 24 42 44 44 22 33 33 23 41 23 11 44 11 23 32
0 41 33 14 44 23 23 33 32 23 32 11 14 22 33 44 22 42 11 41 33 32 33 23 44 22 11 44 11 33 32
0 44 23 14 41 33 23 32 32 23 33 11 44 22 32 44 22 42 44 41 33 32 33 23 44 33 13 11 14 23 32
0 44 22 14 41 23 22 33 32 22 32 11 11 22 33 44 22 44 44 41 23 33 32 33 41 23 13 41 14 23 33
0 44 22 14 44 22 22 32 32 22 32 11 11 22 33 44 24 42 41 41 22 33 32 23 44 22 11 44 11 22 32
0 44 23 11 41 23 23 33 33 22 33 14 11 22 33 44 22 42 44 41 22 33 33 22 44 23 11 41 14 23 32
0 44 23 14 41 23 23 33 22 22 33 11 14 23 33 44 22 44 11 41 23 33 22 22 44 23 11 11 14 23 32
0 44 23 11 44 33 22 33 32 23 33 11 11 23 33 44 22 44 44 44 22 33 33 22 41 22 11 41 11 22 32
0 41 33 14 11 33 23 32 22 23 22 14 44 23 32 44 22 42 41 11 23 32 32 33 41 23 13 41 14 23 22
0 44 22 11 41 23 22 33 22 22 32 11 11 22 33 44 22 42 41 44 23 33 33 33 44 22 13 41 11 22 32
0 44 22 11 44 22 22 33 32 23 32 11 11 22 33 44 22 44 44 41 22 33 33 23 41 23 11 44 11 22 33
0 41 22 14 41 23 23 33 32 23 32 11 11 22 32 44 22 22 41 41 23 32 32 33 44 23 11 41 14 22 22
0 44 23 11 41 23 23 33 32 22 32 11 14 22 33 41 44 42 44 11 33 32 33 33 44 33 13 41 11 33 33
0 44 22 11 44 22 22 33 32 22 33 11 11 22 33 44 24 44 41 44 22 33 33 22 41 22 11 44 11 22 33
0 44 22 11 44 22 23 33 32 22 32 11 11 23 33 44 22 44 44 41 22 33 33 23 44 23 11 41 14 23 33
0 44 22 11 44 22 22 22 32 23 33 11 44 22 33 44 22 44 11 41 22 33 33 22 44 22 11 41 11 23 33
0 44 22 11 41 22 23 33 32 23 32 14 11 22 33 41 22 42 41 41 23 33 32 22 41 23 11 41 11 22 33
0 41 23 14 11 33 22 22 22 23 22 44 44 33 32 11 24 42 11 41 33 32 32 33 44 33 13 41 44 23 22
0 44 23 11 44 22 22 33 33 22 33 11 11 22 33 44 22 44 11 44 22 33 33 22 44 23 11 44 11 23 33
0 44 23 14 41 33 22 33 32 22 32 11 14 23 33 44 24 44 11 11 23 32 32 33 44 23 11 44 14 33 33
0 44 23 11 41 23 23 32 22 22 32 11 14 22 33 41 22 44 41 41 22 33 33 33 41 23 11 44 44 23 22
0 44 23 14 44 23 23 32 22 22 22 11 14 23 32 44 24 42 11 44 22 33 32 23 44 23 13 41 14 23 22
0 44 22 11 41 22 22 32 33 22 32 11 11 22 33 44 22 42 44 41 23 33 33 23 44 23 11 44 44 23 32
0 44 22 11 41 22 22 33 32 22 32 11 11 22 33 44 22 44 44 44 23 33 32 22 44 23 11 44 11 22 32
0 44 22 11 44 22 22 33 33 23 33 11 11 22 33 44 22 44 44 44 22 33 33 23 44 23 11 44 11 22 32
0 44 22 11 41 23 23 32 32 22 32 11 14 23 33 41 22 44 44 41 23 32 33 23 44 22 13 41 14 22 32
0 44 23 14 41 23 22 32 32 23 32 14 14 22 32 44 22 44 41 41 23 33 32 23 41 23 11 11 14 23 32
0 11 23 14 11 33 23 32 32 23 32 14 14 23 33 41 24 22 11 11 33 32 32 33 41 33 11 41 14 33 22
0 44 33 14 41 23 23 32 32 33 32 14 11 22 32 44 22 44 41 41 22 32 33 23 44 33 33 41 14 22 22
0 41 22 14 44 23 22 33 33 23 33 11 11 22 32 44 24 42 44 11 23 32 32 23 44 23 11 44 14 23 22
0 41 23 14 41 22 23 33 32 22 32 11 14 23 32 44 22 42 11 41 23 32 33 23 44 23 13 41 14 23 33
0 44 22 14 41 23 23 32 32 23 32 14 14 33 33 44 22 44 11 41 23 32 22 23 44 23 13 41 44 23 22
0 44 22 11 41 23 22 33 32 22 32 14 14 22 33 44 24 42 11 41 33 32 33 23 44 33 11 11 11 23 32
0 44 23 11 41 22 22 33 33 22 33 11 11 22 33 44 22 42 44 44 22 33 33 22 44 22 11 41 11 23 33
0 44 23 11 41 23 23 33 32 22 22 11 11 33 33 44 22 42 41 41 22 33 33 23 44 23 13 41 11 33 22
0 44 23 11 11 23 23 32 32 22 32 11 14 33 33 44 44 44 41 11 23 33 32 33 44 23 33 41 11 23 32
0 44 23 14 41 33 33 22 22 23 22 11 44 33 33 44 22 22 41 11 23 22 33 33 41 33 13 44 14 23 22
0 44 22 11 41 23 22 32 22 22 32 11 14 22 33 44 22 42 44 41 22 33 32 22 44 23 11 41 14 22 32
0 44 22 11 41 23 22 33 32 22 33 11 14 22 33 44 22 44 44 11 22 33 33 23 44 22 11 41 11 22 32
0 44 22 14 41 22 22 33 22 23 33 11 11 22 33 44 22 44 44 44 22 33 33 22 44 23 11 41 14 22 32
0 44 23 14 41 22 22 22 32 22 22 11 14 23 33 41 22 42 41 44 23 22 33 33 44 22 11 44 14 22 32
0 44 33 14 41 23 23 33 32 22 32 11 11 33 32 41 22 42 41 41 23 33 33 23 44 23 13 11 14 22 33
0 44 22 11 44 22 22 33 33 22 32 11 11 22 33 44 22 44 44 44 22 33 33 22 44 22 11 44 11 23 33
0 44 23 11 44 23 22 33 33 22 33 11 11 22 33 44 22 44 44 44 22 33 33 22 44 22 11 44 11 22 32
0 41 33 11 41 33 23 22 32 33 33 11 44 23 33 44 24 42 11 11 23 22 22 23 44 33 13 41 14 33 22
0 44 22 11 11 23 22 33 33 22 33 11 11 23 33 44 24 44 44 41 23 33 32 22 44 33 11 41 14 22 33
0 44 23 11 11 23 22 32 22 23 32 11 44 33 33 44 22 42 41 44 22 33 32 33 44 33 11 44 14 23 32
0 44 23 11 41 23 22 32 32 23 32 14 14 23 33 44 22 42 41 44 23 32 33 33 41 23 11 44 14 23 32
0 44 23 11 44 33 22 22 32 33 22 11 14 23 33 41 22 44 11 41 33 22 32 33 41 23 13 11 44 23 32
0 44 22 44 41 33 23 32 32 22 22 14 44 22 33 44 22 44 41 11 33 33 22 23 44 33 33 11 14 23 32
0 44 22 14 44 22 22 33 32 22 32 11 14 22 33 44 22 22 44 11 22 33 32 22 44 22 13 44 11 33 32
0 44 22 11 41 22 22 33 32 22 32 11 14 23 32 44 22 44 44 41 23 33 33 22 41 22 11 44 11 23 33
0 11 23 14 11 23 23 22 22 33 22 14 44 23 32 41 22 22 11 41 23 32 32 33 41 23 13 11 14 33 22
0 41 23 11 41 22 23 32 32 23 32 14 11 23 32 44 22 42 41 41 23 32 32 23 41 23 11 11 14 23 22
0 44 22 11 44 22 22 33 32 22 33 11 14 22 33 41 22 44 44 44 23 33 32 22 44 22 11 44 11 22 32
0 41 23 14 11 33 23 32 33 23 22 11 44 33 33 44 22 22 41 11 23 33 32 33 41 33 11 41 44 23 22
0 41 23 14 44 23 22 32 33 22 33 11 14 22 33 44 22 42 44 41 22 33 33 23 41 23 13 44 14 23 32
0 44 22 11 41 22 22 33 32 22 33 11 11 23 33 41 24 44 44 41 22 33 32 22 44 23 11 41 14 22 33
0 44 23 11 41 23 23 32 32 23 33 11 14 22 33 44 22 44 41 41 23 32 32 23 44 23 13 44 14 23 32
0 44 23 14 41 23 22 32 32 22 32 11 14 23 32 41 24 42 44 41 23 33 32 23 44 23 13 41 11 23 32
0 44 22 11 11 22 33 32 22 22 22 11 14 22 33 44 22 22 44 11 33 33 22 23 44 22 13 44 14 33 32
0 44 22 11 41 22 22 33 33 22 33 11 11 22 33 44 22 44 44 44 22 33 33 22 44 22 11 44 11 22 32
0 41 23 11 44 23 23 33 22 22 32 11 11 23 33 41 22 42 44 41 23 33 32 22 44 23 11 11 44 22 32
0 44 23 14 44 23 22 32 32 23 32 11 14 23 33 41 22 42 41 41 23 32 32 23 41 23 11 11 14 23 32
0 44 23 11 44 33 23 22 22 23 22 11 14 23 32 41 24 22 11 41 33 32 33 23 11 33 13 41 14 33 32
0 44 22 11 44 22 22 33 33 22 32 11 14 22 33 41 22 42 44 41 22 32 32 22 44 23 11 44 11 23 22
0 44 22 11 41 22 22 33 32 22 33 11 11 22 33 44 22 44 44 44 22 33 32 22 44 22 11 41 11 22 33
0 41 23 14 41 23 33 32 32 23 32 11 14 23 32 41 24 44 41 41 23 22 33 23 44 23 13 44 14 23 32
0 44 22 11 41 33 23 33 22 22 33 11 44 23 33 44 22 42 44 11 33 33 32 22 41 23 11 44 14 33 22
0 44 22 11 41 23 22 32 32 22 32 11 14 22 33 44 24 44 44 11 22 33 33 23 41 22 11 41 14 23 32
0 44 23 11 44 23 22 33 22 23 33 11 11 22 32 44 22 42 44 44 23 32 33 23 44 23 11 44 11 23 32
0 41 23 14 44 23 22 33 22 22 33 14 11 23 33 44 24 44 41 41 23 32 32 23 41 23 13 41 14 23 32
0 44 22 14 41 22 22 32 33 22 33 11 14 22 33 44 24 44 44 44 22 33 33 23 44 22 11 44 11 22 33
0 41 22 11 41 33 23 22 32 23 32 11 14 22 32 41 22 44 11 41 22 32 32 23 44 23 13 41 14 23 32
0 44 33 11 41 22 23 33 22 22 32 14 11 33 32 41 24 22 41 11 23 22 32 33 44 33 11 11 11 22 22
0 44 23 11 41 23 22 33 33 23 22 11 14 22 33 44 22 42 41 41 33 33 32 33 44 23 13 41 14 33 33
0 44 22 11 44 22 22 33 33 22 32 11 14 23 33 44 22 44 41 44 22 33 33 22 44 22 11 44 11 23 33
0 41 23 11 41 23 23 33 32 22 33 11 14 22 32 44 22 44 41 41 22 32 32 22 41 23 11 44 11 23 33
0 44 23 11 41 23 22 33 32 23 32 11 14 22 33 44 24 42 44 41 22 33 32 22 41 33 11 41 11 23 22
0 11 33 44 41 33 33 22 22 33 22 14 14 33 22 44 44 22 11 11 33 22 32 33 44 33 33 11 14 33 22
0 44 22 14 41 23 22 33 32 22 32 11 14 23 33 41 22 44 44 44 22 32 33 23 44 22 11 41 11 22 32
0 44 23 11 44 23 22 33 32 22 33 11 11 22 33 44 22 42 11 41 23 32 33 22 44 22 13 44 11 23 33
0 41 33 44 41 33 23 22 22 33 22 11 14 33 32 41 24 22 11 11 33 32 22 33 11 33 33 41 44 33 22
0 44 22 11 41 23 23 33 33 22 33 11 11 22 33 44 22 42 41 41 22 33 32 23 41 23 11 41 14 23 33
0 41 33 44 11 33 33 32 22 23 32 44 44 33 33 11 44 42 11 11 33 32 22 33 44 33 11 41 14 33 22
0 44 23 11 44 33 22 33 32 22 33 11 11 22 33 44 24 44 44 41 22 33 32 22 44 22 11 41 14 23 22
0 44 33 11 41 23 22 32 32 22 32 11 11 22 33 44 22 44 41 41 22 33 32 23 44 22 11 44 14 33 32
0 41 22 14 11 23 22 32 22 23 32 14 14 22 33 41 24 22 11 41 33 22 32 23 41 23 33 41 14 23 32
0 41 22 11 41 23 22 32 32 23 32 14 14 22 33 44 22 42 11 44 23 33 32 23 44 23 11 41 11 23 33
0 44 23 11 44 23 22 33 32 22 32 14 11 23 33 44 24 44 41 41 23 32 32 22 41 33 11 44 44 33 32
0 44 23 11 44 23 22 33 22 23 32 11 14 22 33 44 22 44 44 41 22 33 32 22 44 33 11 44 11 22 32
0 41 23 14 41 33 33 33 22 22 22 14 44 22 32 44 24 22 11 41 33 33 33 33 44 23 11 11 11 23 32
0 44 22 11 44 22 23 33 33 22 33 11 11 23 33 44 22 44 44 44 22 33 32 22 44 22 11 44 11 23 32
0 44 22 14 41 23 23 32 32 22 32 11 11 22 33 44 22 42 41 41 22 33 32 23 44 23 11 41 14 22 32
0 44 22 11 41 23 23 32 32 23 32 14 11 23 32 41 24 42 44 41 23 32 33 22 44 33 11 41 14 22 33
0 41 23 14 41 23 22 33 32 23 32 11 44 23 33 44 44 42 41 11 23 32 32 23 41 23 11 44 14 23 32
0 44 22 11 44 23 22 33 33 22 33 11 14 22 33 44 22 44 44 44 22 33 33 23 44 22 11 44 11 22 33
0 41 33 11 11 23 23 32 32 22 33 11 14 23 33 44 22 44 44 44 23 32 32 23 44 33 11 41 14 33 32
0 44 23 11 41 22 22 32 33 23 32 11 11 23 33 44 24 44 41 44 23 32 33 22 41 33 11 41 11 23 33
0 44 23 11 44 22 22 33 33 22 33 11 14 22 33 44 22 42 41 41 23 33 33 23 44 22 11 44 11 22 32
0 44 22 11 41 22 23 32 32 22 32 11 11 23 32 44 24 44 44 41 23 33 32 22 44 22 11 44 11 23 32
0 44 22 14 41 23 22 33 32 22 33 14 14 22 33 41 24 44 41 44 23 32 33 23 44 22 11 11 11 23 33
0 41 22 11 41 23 22 33 33 23 33 11 14 22 33 44 22 44 11 41 22 33 22 23 41 33 13 44 11 23 33
0 41 23 14 41 23 23 22 32 23 22 11 14 23 32 41 24 42 11 41 33 32 32 23 41 23 13 41 44 33 22
0 11 33 44 11 33 33 32 22 23 22 44 44 33 32 41 24 22 11 11 23 22 32 33 11 33 33 11 44 33 22
0 44 23 11 11 23 23 33 32 22 33 14 14 23 33 44 22 22 41 44 33 33 22 22 44 23 13 44 14 23 32
0 41 33 14 44 23 33 33 32 22 22 44 14 23 33 44 22 22 11 11 23 22 22 23 41 33 13 11 11 23 32
0 41 23 14 41 23 23 32 22 22 33 14 14 22 33 41 24 42 41 44 23 32 33 23 44 23 13 41 14 23 33
0 44 23 11 41 23 33 32 22 23 22 11 14 22 33 44 22 22 41 41 33 32 32 23 44 23 13 11 11 23 22
0 44 22 11 41 23 22 32 22 22 32 14 14 22 33 44 22 42 41 44 22 33 33 22 44 23 11 44 14 22 32
0 44 22 11 41 33 23 33 33 23 32 11 11 22 33 44 22 44 44 41 22 33 32 23 44 23 11 44 14 33 33
0 44 23 11 44 22 22 32 22 22 33 11 14 22 33 44 22 44 44 44 22 33 33 22 44 22 11 44 11 22 32
0 44 23 14 41 23 23 33 32 22 32 11 44 23 32 44 22 44 44 11 22 32 32 23 44 33 13 44 14 23 32
0 44 23 11 44 23 23 33 32 23 22 14 11 22 33 41 22 42 44 11 33 33 32 33 41 23 13 44 14 23 22
0 44 23 14 44 23 22 32 32 23 32 11 14 23 32 41 24 42 41 41 23 32 32 23 41 23 13 11 14 23 22
0 44 33 14 41 23 23 33 32 23 22 11 11 33 33 44 24 42 41 11 23 32 22 33 44 33 11 44 14 23 32
0 41 23 14 44 23 23 33 33 23 32 11 11 23 33 44 22 44 41 41 22 33 32 23 44 22 11 44 11 23 32
0 11 33 14 11 33 23 32 22 23 32 11 44 23 32 41 44 42 11 41 23 33 32 33 41 23 13 11 44 33 22
0 44 33 14 41 33 22 32 32 33 22 11 14 33 33 41 24 42 41 44 33 32 32 23 11 33 11 41 44 33 22
0 44 23 11 44 22 23 33 32 22 22 11 11 22 33 44 22 44 41 44 22 33 33 23 44 22 11 44 11 22 32
0 41 23 11 41 23 22 22 32 22 33 11 11 23 33 44 22 42 41 41 23 33 22 23 44 23 11 41 11 22 32
0 44 33 14 41 33 22 33 22 23 32 11 14 33 33 44 22 22 41 11 22 32 32 22 44 33 13 11 44 33 32
0 44 23 11 41 23 22 33 33 22 32 11 11 22 33 44 24 44 11 41 22 33 32 22 44 23 13 41 14 23 32
0 44 23 14 41 22 22 33 32 22 33 11 14 22 33 44 22 44 44 41 22 33 33 22 44 22 11 41 14 23 32
0 41 23 14 41 33 23 32 32 23 22 11 14 33 32 11 22 42 41 41 23 33 22 33 44 33 11 44 14 33 22
0 44 23 11 44 22 22 33 33 22 32 11 11 23 33 44 22 44 41 41 23 33 32 23 44 22 11 44 11 23 33
0 41 23 14 41 23 33 32 32 23 32 11 14 23 32 44 24 22 11 41 33 32 32 33 41 23 13 41 14 23 22
0 41 33 11 44 33 33 32 22 23 33 11 14 22 32 44 22 44 41 41 22 33 33 23 41 33 13 44 14 23 33
0 44 22 11 44 23 22 33 32 22 32 11 14 23 32 44 22 42 11 41 23 33 32 22 44 23 11 11 11 23 33
0 44 22 11 44 23 22 33 32 22 33 11 11 22 33 44 22 44 44 44 22 33 33 23 44 22 11 44 11 23 33
0 41 33 14 41 33 23 33 32 33 32 11 44 23 32 11 44 42 41 11 33 33 22 23 41 33 13 41 44 33 22
0 41 23 11 41 22 22 32 32 23 33 11 14 22 33 41 24 44 41 44 23 33 33 23 44 23 11 44 14 23 32
0 41 23 11 41 23 23 32 32 22 32 14 14 22 33 44 24 44 41 41 23 32 32 23 44 22 11 41 14 23 32
0 44 23 14 44 23 23 33 32 22 33 11 14 23 33 44 22 44 41 41 23 33 33 23 44 23 13 41 11 23 32
0 44 22 11 44 23 22 33 32 22 33 11 11 22 33 44 22 42 44 44 23 33 22 23 44 22 11 44 11 22 22
0 44 22 11 41 33 22 32 32 22 22 11 14 23 33 41 22 42 41 44 22 33 33 23 44 23 13 44 11 23 33
0 44 23 11 44 22 22 33 33 22 33 11 11 23 33 44 22 44 41 44 22 33 32 22 44 23 11 44 11 33 33
0 41 33 14 44 33 22 22 32 22 22 11 44 23 32 41 24 42 41 11 33 33 22 23 44 23 13 11 14 33 22
0 44 23 11 11 22 22 33 22 23 32 11 11 23 33 44 22 42 41 44 23 33 33 33 44 33 11 41 11 22 22
0 44 22 11 44 22 22 32 33 22 33 11 14 22 33 44 22 44 41 44 22 33 33 22 44 22 11 41 11 22 33
0 44 22 11 41 23 23 33 32 22 32 11 14 33 33 44 44 22 11 41 23 32 32 23 41 23 13 41 11 23 33
0 41 23 11 41 23 22 22 22 22 22 11 14 33 33 44 24 42 11 11 33 32 22 23 41 23 13 11 14 33 33
0 44 22 11 41 23 22 33 33 23 33 11 14 22 33 41 22 42 44 41 23 32 33 22 44 23 11 44 14 23 32
0 44 23 11 44 23 22 33 32 22 32 11 14 22 33 44 22 44 41 44 33 33 33 23 44 23 11 41 11 23 32
0 44 23 11 44 23 22 33 32 22 33 11 11 23 33 44 22 44 44 44 22 33 33 23 44 23 11 44 11 33 32
0 44 22 11 44 23 22 33 33 22 32 14 11 22 33 44 22 44 44 41 22 33 33 22 44 22 11 44 14 22 33
0 44 22 11 41 22 22 32 22 22 22 14 44 23 33 41 24 42 11 44 23 32 32 23 41 33 11 44 44 23 32
0 41 22 14 11 23 23 32 32 23 32 14 14 23 33 44 24 42 41 41 23 32 32 33 44 23 13 11 14 33 32
0 11 23 14 11 33 23 32 22 22 22 14 44 22 32 44 44 22 11 11 23 33 22 23 44 23 33 11 44 33 22
0 44 23 14 44 23 22 33 33 23 32 11 11 23 33 44 22 44 41 41 23 33 32 23 44 23 11 44 11 23 33
0 44 22 11 44 23 22 33 32 22 32 11 11 22 33 44 22 42 44 44 23 33 33 23 44 22 11 44 11 22 33
0 44 22 11 44 23 22 33 32 22 33 11 11 22 33 44 22 44 44 44 22 33 33 22 44 22 11 44 11 22 33
0 44 23 11 44 23 23 32 32 22 33 11 11 22 33 44 24 42 11 41 22 32 32 22 41 22 13 41 44 23 32
0 44 23 11 44 22 22 33 33 22 32 14 11 22 33 44 22 44 41 41 33 33 33 22 44 23 11 41 14 22 33
0 44 22 11 41 22 22 32 33 22 32 14 11 23 33 44 24 44 44 41 23 32 32 22 44 23 11 44 11 22 32
0 44 23 11 41 33 23 33 32 23 22 14 44 23 32 44 22 42 41 41 33 33 32 23 41 23 13 11 44 33 22
0 41 33 14 11 33 22 32 32 22 33 14 14 23 33 41 22 42 41 41 23 32 22 33 41 33 11 11 11 23 22
0 44 23 11 41 23 23 33 32 23 32 11 11 23 32 44 22 42 44 41 33 32 32 23 41 33 13 44 14 23 33
0 41 22 14 11 23 22 33 22 22 32 11 44 22 32 44 22 42 11 44 33 33 32 23 44 23 13 44 11 23 32
0 44 33 11 41 23 22 33 33 22 32 14 14 23 33 44 22 44 44 11 23 32 33 33 44 33 13 44 11 22 32
0 44 22 11 41 23 22 32 32 23 32 11 11 23 32 41 22 42 41 41 23 33 32 23 41 23 11 41 14 23 32
0 41 33 11 41 33 23 32 22 23 22 11 44 23 33 41 22 22 44 41 33 32 32 23 41 23 13 44 14 33 22
0 44 23 14 41 23 22 32 32 33 32 44 44 23 32 41 22 42 41 11 23 33 32 22 41 23 11 41 14 33 22
0 44 22 11 41 22 22 33 33 22 33 11 11 22 33 44 22 44 44 44 23 33 33 22 44 22 11 44 11 22 33
0 44 33 11 41 33 23 33 32 22 22 11 11 33 33 44 22 42 44 41 22 32 22 22 44 23 11 44 11 23 22
0 44 23 11 44 22 23 33 33 22 33 11 11 22 33 44 22 44 44 41 22 33 32 22 44 22 11 44 11 23 32
0 44 23 11 44 33 22 33 22 22 22 11 44 22 33 44 22 42 41 41 23 32 22 33 41 23 11 41 44 23 22
0 44 22 14 41 22 22 33 32 22 33 11 11 23 33 44 24 44 41 44 22 32 32 22 44 22 13 41 11 23 33
0 44 22 11 44 22 22 33 33 22 33 11 11 23 33 44 22 42 44 44 23 33 33 22 41 22 11 44 11 22 33
0 44 22 11 41 33 22 33 33 22 33 14 11 22 33 44 22 44 41 44 22 33 32 22 44 23 13 41 11 23 33
0 44 22 11 44 22 22 22 33 22 33 11 11 22 33 44 22 44 44 44 23 33 33 22 44 23 13 44 14 23 32
0 44 33 11 11 33 23 33 22 23 22 14 44 33 32 41 44 42 11 11 33 32 22 33 41 33 11 41 14 33 22
0 44 22 11 44 22 22 33 33 22 33 11 11 22 33 44 22 44 44 44 22 33 33 22 44 22 11 44 11 22 33
0 44 22 11 11 23 22 33 33 22 32 11 14 22 32 44 22 44 41 44 23 33 33 22 44 23 11 41 14 33 32
0 44 23 14 41 22 23 32 32 23 32 11 14 23 33 44 24 44 41 44 22 33 32 22 44 23 11 44 11 23 32
0 44 23 14 41 33 22 33 32 22 33 14 11 22 33 44 22 42 44 41 23 32 32 23 44 33 13 41 14 33 33
0 44 23 14 44 23 22 33 32 22 32 11 11 22 33 44 22 42 44 41 22 33 32 23 44 23 11 41 11 22 33
0 44 22 11 41 23 23 33 32 22 32 11 11 23 32 44 22 42 44 41 33 32 32 23 44 23 11 41 11 33 32
0 44 33 14 41 23 22 33 32 22 32 11 11 22 33 44 22 42 41 44 23 33 32 22 44 22 11 44 44 22 32
0 44 22 14 11 23 23 33 33 22 32 11 11 23 32 44 22 44 41 44 33 32 33 23 41 33 33 41 11 23 32
0 44 23 11 41 22 22 33 32 22 32 11 11 22 33 44 22 44 41 44 22 33 33 22 44 22 11 44 14 23 33
0 44 22 11 44 22 22 33 33 22 33 11 11 22 33 44 22 44 44 44 22 33 33 22 44 22 11 44 11 22 33
0 44 22 11 41 23 22 33 32 22 33 14 11 22 33 44 22 44 44 44 22 33 33 22 44 23 11 41 11 22 32
0 44 23 11 44 23 22 33 33 22 32 11 11 22 33 44 22 44 11 44 33 33 32 23 41 33 11 11 14 23 32
1 41 33 11 41 23 23 33 32 22 32 11 14 33 32 41 24 22 11 41 23 32 33 23 44 23 11 41 14 33 33
1 44 33 11 41 23 23 33 22 22 32 11 14 23 33 41 24 42 11 11 33 32 22 23 41 33 33 11 44 23 32
1 41 23 11 44 23 23 33 22 22 33 11 11 22 33 44 22 44 41 44 23 33 22 22 44 23 11 44 14 23 33
1 44 23 11 11 22 23 32 32 23 32 11 14 22 22 44 22 44 41 41 23 33 33 22 44 23 13 41 11 22 22
1 44 23 11 41 23 22 33 22 22 22 11 11 22 33 44 22 44 11 44 22 33 33 22 44 23 11 41 11 23 33
1 44 33 11 44 22 22 33 22 23 32 14 44 22 33 44 24 42 11 44 22 33 22 33 44 33 11 41 14 23 32
1 44 22 11 44 22 22 33 33 22 33 11 11 22 33 44 22 42 44 41 22 33 33 22 44 22 11 44 11 22 33
1 44 23 14 41 23 23 32 33 22 32 11 14 22 32 44 22 42 11 44 23 32 32 23 44 33 13 41 14 23 32
1 44 22 11 11 23 22 33 33 22 33 11 14 23 33 44 24 44 11 41 22 33 33 22 41 23 11 44 11 23 33
1 44 23 11 44 33 23 32 33 22 32 14 11 23 33 44 24 44 41 11 23 33 22 33 44 33 11 11 14 33 33
1 44 23 11 44 22 22 33 32 22 33 11 11 22 33 44 22 44 44 44 22 33 33 22 44 22 11 44 14 22 33
1 44 23 14 41 23 23 33 32 22 22 11 11 23 33 44 24 42 41 41 23 33 32 22 44 23 13 41 14 23 32
1 44 23 11 41 33 22 33 32 23 33 11 11 22 33 44 22 44 44 41 23 33 32 22 41 22 11 11 14 22 32
1 44 23 11 44 23 22 32 32 22 32 11 14 22 33 44 22 44 41 44 22 33 33 22 44 22 13 44 11 22 32
1 44 22 11 44 22 22 33 32 22 33 11 14 22 33 44 22 44 41 44 23 32 33 23 44 22 11 44 11 22 33
1 44 23 11 11 23 23 32 32 23 32 11 14 22 32 44 22 42 44 41 22 32 32 23 41 22 11 41 14 23 32
1 44 33 11 44 23 23 32 22 22 32 11 14 23 33 11 22 22 44 11 23 33 32 33 11 33 11 44 11 23 22
1 44 22 11 41 23 22 33 33 22 33 11 11 23 33 44 22 44 41 44 22 33 33 23 44 23 11 44 14 23 33
1 44 23 11 41 23 22 33 33 22 33 11 14 23 33 44 22 44 44 41 22 33 32 22 44 33 13 44 11 23 32
1 44 22 11 44 23 22 33 33 22 33 11 11 23 33 44 24 44 41 41 23 33 33 22 44 23 11 44 11 22 33
1 41 23 11 41 23 33 32 32 23 32 14 14 23 32 41 24 22 41 41 23 32 32 23 41 23 11 41 14 33 32
1 41 23 14 11 33 22 32 32 23 32 11 14 23 32 44 22 42 41 11 22 32 32 33 41 33 13 11 11 23 22
1 41 23 11 41 23 22 33 32 23 32 11 14 23 32 44 22 42 41 41 23 32 32 22 41 23 11 41 14 23 32
1 44 22 14 44 23 22 33 32 22 32 11 11 23 33 44 22 42 41 41 23 33 32 22 41 22 11 44 11 23 33
1 44 22 14 41 23 23 32 32 23 22 11 14 23 32 44 24 44 44 44 22 33 32 22 44 23 11 41 11 22 32
1 41 23 14 11 23 23 32 32 23 22 14 14 33 33 41 24 42 11 41 33 32 32 23 41 33 13 41 14 23 32
1 41 33 14 41 23 22 33 32 23 22 14 44 23 32 41 22 22 41 11 33 33 33 23 44 33 13 41 14 33 22
1 44 22 11 41 23 22 33 32 22 32 14 14 22 32 44 22 42 41 41 22 32 33 22 44 23 11 11 14 22 32
1 44 23 11 41 23 22 33 33 23 33 11 14 23 33 41 24 44 44 41 23 32 33 23 44 23 11 44 11 23 32
1 41 23 11 11 23 23 32 32 22 22 14 11 23 33 44 22 44 41 41 33 32 32 23 41 23 11 41 14 33 32
1 44 23 11 41 23 23 32 22 22 32 14 11 23 33 44 22 42 11 41 23 33 22 33 41 33 33 11 14 23 22
1 41 33 14 41 23 23 32 22 23 32 11 44 33 22 44 22 42 41 11 23 32 32 33 44 33 11 41 44 23 22
1 44 23 11 44 23 22 33 32 23 32 11 14 23 33 44 22 44 44 44 22 33 32 22 44 23 13 44 14 23 32
1 44 22 11 44 22 22 33 33 22 33 11 11 22 33 44 22 44 41 44 22 33 33 22 44 22 11 44 11 22 33
1 11 23 11 44 33 23 32 22 23 32 14 14 22 32 44 24 42 41 41 33 33 32 23 41 23 13 41 14 23 32
1 44 23 14 41 22 22 32 32 22 33 14 14 23 33 44 22 44 44 41 23 33 33 23 44 22 11 44 11 23 32
1 44 22 11 11 23 23 22 22 22 32 11 11 33 32 44 24 42 41 41 22 32 33 22 44 22 11 41 11 33 33
1 44 22 11 41 23 22 33 22 22 33 11 11 23 33 44 22 42 44 41 22 32 32 23 44 23 11 41 14 23 32
1 41 23 11 41 33 22 32 33 23 32 11 14 23 32 44 22 42 41 41 22 33 22 23 44 23 11 11 11 22 32
1 44 22 11 44 22 23 32 22 22 22 11 14 22 33 11 22 44 11 41 22 33 22 33 44 33 11 41 14 23 22
1 44 23 11 41 33 22 32 22 22 32 11 11 23 33 44 22 44 41 41 33 33 22 23 41 23 11 44 11 23 32
1 41 22 11 44 23 22 33 33 22 32 11 14 23 32 44 22 42 41 44 23 33 32 22 44 22 11 44 14 22 32
1 44 22 11 11 33 22 33 22 22 32 11 11 23 32 44 24 42 41 41 22 32 33 23 41 33 11 44 44 23 33
1 44 23 11 44 23 23 33 22 22 32 11 11 22 33 44 22 44 44 41 22 33 32 23 41 23 11 44 11 22 33
1 44 22 11 41 23 22 33 33 22 32 14 11 22 33 44 22 44 44 41 22 33 33 22 44 22 11 44 11 22 33
1 44 22 11 44 22 22 33 33 33 33 11 14 22 33 44 22 44 44 44 22 33 33 23 44 23 11 44 14 22 32
1 41 22 11 41 33 22 32 22 23 32 11 14 23 33 44 24 22 41 11 33 32 32 33 11 23 13 44 11 23 22
1 44 22 11 44 22 22 33 33 22 33 11 11 22 33 44 22 44 44 44 22 33 33 22 44 23 11 41 11 22 33
1 44 22 11 41 23 22 32 22 23 32 11 11 22 33 44 22 44 41 44 33 33 32 23 44 23 11 44 11 33 32
1 41 23 14 41 23 23 32 22 23 22 11 44 33 33 44 24 22 11 11 33 22 22 23 41 33 11 11 44 23 22
1 44 23 11 44 33 23 33 32 22 33 11 14 33 33 44 22 42 44 41 22 33 32 23 44 23 13 41 11 23 32
1 44 23 14 41 22 22 33 33 22 22 11 14 23 33 44 24 42 44 44 23 32 33 22 41 23 11 41 44 23 32
1 41 23 11 41 23 22 33 32 23 33 14 14 23 22 44 22 44 44 44 33 33 32 23 41 23 13 41 11 22 32
1 44 23 14 41 23 33 32 22 23 32 11 11 23 33 44 22 44 11 11 23 22 33 23 44 33 33 11 14 33 32
1 44 22 11 41 23 22 33 32 22 32 11 14 22 32 44 22 42 41 11 23 33 32 23 41 23 13 44 11 22 33
1 41 23 14 41 22 23 33 32 22 22 14 14 23 22 41 22 22 41 11 23 22 33 23 44 33 13 41 14 23 32
1 44 23 14 44 23 22 33 33 22 33 11 11 22 32 44 22 44 44 41 23 32 32 23 44 23 11 41 11 23 32
1 44 23 11 44 33 23 33 33 23 33 11 11 22 33 44 22 44 41 41 22 33 32 23 44 23 11 41 14 22 32
1 44 22 14 41 23 22 32 32 22 33 14 14 23 33 44 22 42 41 11 22 32 32 22 44 22 13 41 14 23 33
1 41 33 11 11 33 33 33 22 33 22 14 14 23 32 41 44 22 41 11 33 32 22 23 41 33 33 41 14 33 22
1 44 22 11 44 23 22 32 33 23 32 11 14 23 32 41 22 44 44 44 23 33 33 23 44 23 11 41 14 22 32
1 44 22 11 11 23 23 32 22 22 32 11 14 22 32 44 22 44 41 41 22 33 33 23 41 33 13 11 44 33 22
1 44 22 11 44 33 23 33 33 22 33 11 11 22 33 44 22 44 44 44 23 32 33 22 44 22 11 44 11 23 22
1 41 23 14 41 33 22 32 32 23 22 14 14 23 32 44 24 42 41 41 33 32 32 23 41 23 11 41 14 23 32
1 44 23 11 41 23 23 32 22 22 32 11 14 23 32 44 24 42 11 41 33 33 32 22 41 33 13 41 44 23 32
1 41 23 14 11 33 33 32 22 22 32 11 11 33 32 44 24 44 41 41 23 32 22 23 44 23 33 44 14 23 22
1 44 23 14 11 33 22 33 33 22 32 11 14 22 32 44 22 22 44 41 33 33 33 33 41 33 11 41 11 23 33
1 44 23 11 44 23 22 33 32 23 32 11 14 23 33 44 22 42 44 44 22 33 33 22 44 22 11 41 11 22 32
1 41 33 14 41 22 23 33 32 23 32 11 11 23 33 41 22 42 41 41 23 32 32 23 41 23 11 41 14 23 32
1 41 22 11 41 33 22 33 32 23 33 11 14 22 33 44 24 42 11 44 23 32 32 23 41 22 11 41 11 23 32
1 44 22 11 44 23 22 33 32 22 33 11 11 22 33 44 22 44 41 41 23 33 33 23 44 23 11 44 11 23 33
1 44 23 14 41 23 22 33 32 22 33 11 14 22 32 41 24 42 41 41 23 33 33 22 44 22 11 41 14 23 32
1 44 23 14 41 33 22 32 32 22 32 14 14 33 32 44 22 42 41 44 23 32 22 23 44 33 13 11 11 23 32
1 44 22 11 44 23 22 33 33 22 33 14 11 22 33 44 22 22 44 44 23 32 33 23 44 22 13 44 14 23 33
1 44 23 11 41 23 23 33 32 22 32 11 11 22 33 44 22 22 41 11 22 33 32 23 41 33 11 11 14 23 32
1 44 22 11 11 23 22 32 33 22 33 14 11 22 33 44 22 42 44 41 23 33 33 33 44 23 11 11 11 22 32
1 11 33 14 11 33 23 22 22 22 32 14 14 23 22 41 24 42 41 11 23 32 32 33 11 23 33 11 44 23 22
1 41 23 14 41 23 22 33 32 22 32 14 11 23 33 41 24 44 41 44 22 32 33 23 44 23 13 41 11 23 32
1 44 33 11 11 23 22 22 22 22 22 11 14 33 33 41 22 42 11 44 22 33 32 23 44 23 11 41 14 23 22
1 41 23 11 41 22 22 33 32 22 22 14 11 23 33 41 22 42 41 41 23 33 33 23 44 23 11 41 14 22 32
1 41 23 14 41 23 23 32 32 33 33 14 14 23 32 41 24 42 41 41 33 33 32 33 41 23 13 11 14 23 22
1 41 23 11 11 23 23 32 32 33 32 14 14 23 32 44 22 22 41 11 23 32 32 33 44 23 13 41 14 33 22
1 44 23 11 41 22 22 33 32 22 33 11 11 22 33 44 22 44 41 44 22 32 33 22 44 23 11 44 11 23 32
1 44 22 14 41 23 22 33 22 23 32 11 14 22 32 44 22 22 41 44 33 33 33 23 44 33 11 41 44 33 22
1 44 22 11 44 23 22 32 33 22 22 11 11 23 33 44 22 44 44 44 23 32 32 33 44 22 11 11 14 22 32
1 44 23 14 41 22 22 32 32 23 22 11 14 23 32 44 22 42 11 11 33 33 32 23 44 23 11 44 14 33 22
1 44 23 14 41 23 23 32 22 23 33 14 44 23 33 44 22 22 11 44 23 32 32 23 41 23 13 41 11 23 22
1 41 23 44 41 33 23 32 32 23 22 14 11 23 33 41 22 42 11 41 23 32 32 23 44 33 11 41 14 23 32
1 44 22 11 44 22 22 33 33 22 33 11 11 22 33 44 22 44 44 44 22 33 33 23 44 23 11 44 11 22 33
1 44 22 11 44 22 22 33 32 22 32 11 11 23 33 44 22 44 44 41 22 33 33 23 44 22 13 44 11 23 33
1 11 23 14 11 23 33 22 22 33 22 14 14 33 32 44 24 42 11 11 33 32 22 33 41 23 13 41 44 33 22
1 11 23 11 11 23 23 33 22 33 32 14 44 22 33 44 24 44 41 41 33 22 22 23 44 23 13 11 44 33 22
1 41 33 44 41 33 23 32 32 23 32 14 44 23 33 41 22 42 41 41 23 32 32 33 44 33 13 11 14 22 22
1 44 22 14 44 33 22 33 22 22 22 14 14 33 33 41 22 22 41 11 23 32 32 33 41 23 11 11 14 23 32
1 44 22 14 44 22 23 32 33 22 32 11 14 22 33 44 22 44 44 11 33 33 33 23 44 23 11 41 11 23 33
1 41 23 11 44 23 22 32 22 22 33 11 14 33 33 44 22 42 11 11 22 33 32 23 44 23 11 44 44 23 32
1 44 23 11 41 33 23 33 22 22 33 11 14 22 32 44 22 44 11 11 33 32 33 23 41 22 13 44 14 22 32
1 44 33 44 11 33 33 32 32 23 32 44 44 22 22 41 22 22 11 41 33 22 32 33 41 23 13 11 44 33 22
1 44 33 14 41 23 23 32 22 23 33 14 14 33 33 44 24 22 41 11 23 22 22 33 41 33 13 41 14 33 22
1 44 23 14 11 33 22 33 32 23 32 14 11 23 33 44 22 42 41 11 23 33 32 22 44 33 11 11 14 23 22
1 44 23 11 44 33 22 33 33 22 32 11 14 23 32 44 22 42 11 44 23 32 32 22 41 33 11 41 14 33 33
1 44 23 14 44 22 22 32 32 23 33 11 11 22 33 44 22 42 41 41 23 32 32 23 44 22 11 41 14 23 33
1 44 23 14 41 23 23 32 32 23 32 14 11 23 32 41 24 42 41 41 23 32 32 23 44 23 13 41 14 33 32
1 44 22 11 44 23 22 33 33 22 32 44 11 23 33 44 22 44 44 44 23 32 32 23 41 23 11 44 14 23 22
1 44 22 11 44 23 22 33 32 22 32 14 11 22 33 44 22 44 41 44 23 32 33 23 44 23 13 44 14 22 22
1 44 23 11 41 22 22 33 32 22 33 11 11 22 33 44 22 44 44 41 22 33 33 23 44 23 11 44 11 22 32
1 41 23 14 44 23 22 33 22 23 32 11 14 22 33 44 24 44 41 41 23 33 22 23 44 33 33 41 14 22 32
1 41 33 11 44 33 23 33 32 22 32 14 14 23 33 11 22 44 44 41 23 33 32 23 44 23 33 11 14 33 32
1 44 23 11 41 23 22 32 32 22 32 11 14 23 33 44 22 44 41 41 22 33 32 22 44 22 11 11 11 22 22
1 41 23 11 41 23 23 22 32 22 22 11 44 33 22 44 22 44 41 44 23 32 22 23 11 23 11 11 14 23 22
1 44 23 11 41 23 22 32 33 23 33 14 11 22 33 44 22 42 44 41 23 33 33 23 44 23 11 44 14 23 32
1 44 22 14 44 23 22 32 32 22 22 14 11 33 33 44 22 44 41 41 23 32 33 23 44 22 11 44 14 23 32
1 41 23 14 41 23 23 32 22 23 22 11 14 23 22 41 22 42 41 11 23 32 32 23 44 23 11 41 14 23 32
1 44 22 11 44 22 22 33 32 23 33 11 11 23 33 44 22 42 41 44 22 33 33 22 44 23 11 44 11 23 33
1 44 23 11 41 23 22 33 33 22 22 14 11 23 33 41 22 42 41 41 23 33 33 23 44 23 13 41 11 23 22
1 11 33 14 41 23 33 33 22 23 22 14 11 33 32 44 22 42 41 11 33 32 32 33 41 33 13 41 11 23 32
1 44 23 44 41 33 33 33 32 23 32 11 11 22 33 44 22 44 11 11 23 32 33 33 44 23 13 41 14 33 22
1 41 23 11 41 22 33 32 22 23 32 14 14 23 33 44 22 42 11 41 23 22 33 23 41 23 33 11 14 23 33
1 41 23 11 11 23 22 32 22 23 22 11 44 23 33 44 24 42 11 11 23 32 32 33 41 33 13 11 44 23 22
1 44 22 11 44 22 22 33 33 22 33 11 11 22 33 44 22 44 41 44 22 33 33 22 44 23 11 44 11 22 33
1 44 23 11 11 33 22 33 32 22 32 11 14 23 32 44 22 44 41 41 23 33 32 23 41 23 13 41 11 23 32
1 44 23 14 41 23 22 32 32 22 33 11 11 22 33 44 22 42 41 41 22 33 33 23 41 22 13 41 14 23 32
1 44 22 11 44 22 22 33 33 22 33 11 11 22 33 44 22 42 41 44 23 33 33 22 44 23 11 44 11 22 33
1 41 33 11 44 33 23 32 32 23 32 14 44 23 33 44 22 42 44 41 22 22 32 22 44 23 13 41 11 33 32
1 41 23 14 11 23 33 32 32 23 32 14 14 22 22 44 24 42 11 11 23 32 22 22 41 23 11 41 14 33 22
1 44 23 11 44 22 23 33 32 23 32 11 11 23 33 44 24 44 41 41 22 33 32 22 44 22 11 44 11 23 32
1 44 22 11 44 22 22 33 33 22 33 11 11 22 33 44 22 44 44 44 23 33 33 22 44 22 11 44 11 22 33
1 44 23 11 44 23 22 33 22 22 33 11 11 22 33 44 22 44 41 41 23 33 33 23 44 23 11 44 11 23 32
1 44 22 11 44 22 23 33 33 22 33 11 11 22 32 44 22 44 41 41 22 33 33 23 44 23 11 44 44 22 32
1 44 33 11 41 23 22 33 22 33 32 11 44 22 32 44 22 42 41 11 33 32 22 22 44 22 13 44 11 23 22
1 44 23 11 44 23 22 32 33 22 32 11 14 22 33 44 22 42 41 41 22 33 32 23 44 22 11 11 11 23 22
1 44 23 11 41 33 22 33 32 23 32 11 11 22 33 44 24 42 41 41 23 32 32 22 44 23 11 41 11 33 22
1 44 23 11 41 23 23 22 32 22 32 11 14 33 33 44 22 42 41 44 22 32 32 23 44 22 13 44 11 22 32
1 41 23 14 41 22 22 33 32 23 32 11 14 22 33 41 22 42 41 41 23 32 32 22 44 23 13 41 44 23 32
1 44 22 11 41 23 23 33 33 22 32 11 44 22 33 44 22 42 44 41 23 32 32 23 44 22 13 44 14 22 32
1 44 33 11 44 22 22 33 32 22 32 11 14 22 33 44 22 44 44 44 23 33 33 22 44 23 13 44 11 23 32
1 44 23 11 41 22 23 33 32 22 32 14 11 23 33 41 22 42 44 41 23 33 32 22 44 22 11 44 14 23 32
1 44 22 11 41 23 23 32 33 23 32 11 14 22 33 44 22 42 11 41 22 33 33 23 44 23 13 41 11 23 33
1 41 23 11 41 22 22 33 32 22 33 11 14 23 33 41 22 22 41 41 33 32 32 22 41 23 13 44 14 23 32
1 44 23 14 41 23 23 33 32 22 32 14 14 22 32 44 24 42 41 41 23 33 32 23 41 23 13 41 14 23 32
1 44 23 11 41 22 23 33 32 22 32 11 44 23 33 44 22 22 41 44 23 33 33 22 41 23 11 44 44 23 32
1 44 33 11 11 23 22 22 32 23 33 14 14 23 33 44 22 42 44 11 33 22 33 23 44 33 13 41 14 33 33
1 44 23 11 41 23 23 32 32 23 32 11 14 22 33 44 44 42 11 41 23 32 32 23 44 23 11 41 14 23 22
1 44 22 11 44 33 22 33 33 22 33 11 11 22 33 44 22 44 44 41 23 33 32 23 44 33 13 44 14 22 33
1 44 22 11 41 23 22 32 32 22 33 11 14 23 33 41 24 44 44 44 22 32 32 23 44 23 11 41 14 22 32
1 44 23 14 41 33 23 32 32 33 33 11 11 23 32 44 24 44 41 41 33 32 33 22 44 23 11 44 14 23 32
1 44 33 11 44 23 22 33 33 22 33 11 11 22 33 44 22 44 41 41 22 33 33 22 44 22 11 44 14 33 33
1 44 22 11 44 22 22 33 32 22 33 11 11 22 33 44 22 44 44 44 23 33 33 22 44 23 11 41 11 22 33
1 44 33 11 11 22 23 32 22 23 22 14 14 33 33 41 24 22 11 11 23 32 22 33 11 33 11 41 11 33 32
1 41 22 11 44 22 22 32 32 22 32 11 14 22 33 44 22 44 41 11 22 33 33 22 44 23 11 41 11 33 22
1 44 22 14 41 23 23 32 32 23 33 11 44 22 33 44 22 42 11 41 22 32 32 23 11 23 11 11 14 23 22
1 44 22 11 41 22 22 33 33 22 32 11 11 22 33 44 22 44 44 44 22 33 32 22 44 22 11 44 11 22 33
1 44 22 11 44 22 22 33 33 22 33 11 11 22 33 44 22 44 41 44 22 33 33 22 44 22 11 44 11 22 33
1 44 22 14 44 33 22 33 22 23 22 14 14 23 33 44 22 22 41 41 23 32 33 23 44 23 11 41 14 23 22
1 44 23 14 41 23 23 22 32 22 22 14 44 23 32 44 24 22 11 11 23 32 22 23 41 23 13 41 44 23 22
1 44 33 11 11 23 22 32 32 23 33 11 14 23 22 41 24 22 44 11 22 33 22 23 41 23 11 44 14 33 22
1 41 23 11 11 23 33 22 32 22 22 14 44 23 32 41 24 22 41 11 33 22 32 33 41 23 33 41 44 33 22
1 44 22 11 11 23 23 33 32 22 32 11 11 22 33 44 22 44 44 44 22 33 33 22 44 22 11 44 14 22 32
1 41 33 14 41 33 22 32 32 22 32 11 44 23 33 41 24 42 44 44 33 32 22 22 41 33 13 41 44 23 32
1 44 23 14 41 23 23 32 32 22 32 11 14 22 33 44 22 42 44 41 23 33 32 33 44 23 13 41 14 23 32
1 44 22 14 44 23 23 33 22 23 33 11 14 22 33 44 24 42 11 41 33 33 33 33 44 33 11 41 11 33 22
1 44 23 14 11 23 33 32 22 23 22 14 44 23 22 41 22 42 11 11 33 32 22 33 41 23 13 11 14 33 33
1 41 23 44 41 23 23 32 33 23 22 11 11 23 33 44 24 42 44 11 23 32 32 23 41 33 13 41 11 23 32
1 44 23 14 44 23 23 33 32 23 22 11 14 23 33 44 22 42 41 41 22 33 32 22 41 33 11 41 14 23 32
1 44 22 11 44 22 22 33 33 22 33 11 14 22 33 44 22 44 44 41 22 33 33 22 44 22 11 44 11 23 33
1 44 22 14 41 22 22 33 32 33 32 11 11 22 33 44 24 44 41 11 23 33 33 22 44 23 13 41 14 23 32
1 44 22 14 44 23 23 32 32 23 33 11 11 22 33 41 22 44 44 41 23 32 32 23 44 22 11 44 11 22 33
1 44 22 11 44 22 22 33 32 22 33 11 11 22 33 44 24 44 44 44 22 32 33 22 44 23 11 44 11 23 33
1 41 23 11 41 33 33 32 33 22 32 14 14 23 32 44 22 22 44 41 33 32 32 23 41 23 11 41 14 33 32
1 44 23 11 41 33 22 33 22 22 32 11 14 22 33 44 22 42 41 44 22 33 32 22 44 23 11 41 11 23 32
1 44 22 11 44 22 22 33 32 23 33 11 11 22 33 44 24 44 44 44 22 33 22 23 44 33 33 41 11 23 33
1 44 23 11 44 23 22 33 22 23 22 11 14 23 33 44 24 44 41 44 22 33 32 22 11 23 13 41 14 23 32
1 44 22 14 44 23 22 33 33 22 32 11 11 33 33 44 24 44 41 41 22 33 32 23 44 23 11 41 11 23 33
1 44 22 11 44 33 22 33 32 22 33 11 14 22 33 44 22 44 41 41 33 32 33 23 44 23 13 11 14 23 32
1 44 23 11 44 22 22 33 32 22 33 11 14 22 33 44 22 44 44 44 23 33 33 22 44 22 11 44 11 22 33
1 44 23 14 41 23 23 33 32 22 32 14 11 23 33 41 22 42 44 41 33 32 33 23 41 23 11 41 14 23 22
1 41 23 44 41 23 23 32 32 23 32 14 11 23 33 44 22 44 41 41 23 33 32 23 44 23 13 41 11 23 32
1 11 23 11 41 33 33 32 22 23 32 11 44 33 22 41 24 42 41 41 23 32 32 33 41 33 11 41 14 23 22
1 44 23 11 11 22 22 33 33 22 32 11 11 22 33 44 24 44 41 41 22 33 32 33 44 23 11 44 11 22 22
1 44 23 11 41 22 22 33 32 22 32 11 11 23 32 44 22 44 11 11 23 33 32 23 41 23 11 41 44 23 33
1 44 23 11 41 23 22 33 32 22 32 14 44 23 32 44 24 44 41 44 23 33 33 22 44 33 11 44 11 23 22
1 44 22 11 44 23 22 22 32 23 32 11 11 23 33 44 22 42 11 41 22 32 32 22 44 22 13 44 14 33 32
1 44 22 11 41 23 22 33 33 22 33 11 11 22 33 44 22 44 44 44 22 33 33 22 44 23 11 44 11 23 32
1 44 23 11 41 23 22 33 32 22 32 11 11 22 32 41 22 42 41 41 23 33 32 23 44 23 11 44 11 23 32
1 44 22 11 41 22 22 33 33 22 33 11 14 22 33 44 22 44 44 44 22 33 33 22 44 22 11 44 14 22 32
1 44 23 11 44 22 22 33 22 22 33 11 11 22 33 41 22 22 44 44 22 33 33 22 41 22 11 44 11 23 33
1 44 22 11 44 22 22 33 33 22 33 11 14 22 33 44 22 42 44 44 22 33 32 22 44 23 11 44 11 23 33
1 44 23 11 11 33 22 32 32 22 33 11 11 23 33 44 22 44 11 41 23 32 32 23 44 23 13 44 14 33 33
1 44 23 14 11 33 23 32 22 22 22 11 44 22 32 41 24 22 41 41 33 33 32 23 41 23 13 41 14 23 32
1 44 22 11 44 23 22 33 33 22 33 11 11 22 33 44 22 44 44 44 23 33 33 23 44 22 13 44 11 22 33
1 44 33 14 44 22 23 32 33 22 33 14 14 22 33 44 22 44 44 11 23 33 32 23 44 22 11 44 11 33 32
1 44 22 11 44 22 22 32 33 22 33 11 11 22 33 44 22 44 44 41 22 33 33 22 44 22 13 44 11 22 33
1 44 22 11 41 22 22 32 33 23 32 14 14 23 32 44 22 42 41 41 23 32 32 23 44 23 13 41 14 23 32
1 41 23 14 41 23 23 33 32 22 32 11 11 22 33 44 24 44 41 41 23 22 32 23 41 33 13 41 14 23 22
1 44 23 14 44 23 23 33 32 23 32 11 44 23 32 41 22 44 41 41 23 32 32 23 44 33 13 44 44 23 32
1 44 22 11 41 22 23 32 33 23 32 14 14 23 32 44 22 42 44 41 22 33 32 23 44 23 13 41 14 23 33
1 41 33 11 41 23 33 32 22 23 22 14 14 23 22 41 24 42 11 11 33 32 22 23 41 33 33 41 44 33 32
1 44 23 14 41 22 22 32 32 22 32 14 14 22 32 44 24 42 41 41 22 33 32 23 41 23 11 41 14 23 32
1 44 22 11 41 23 22 33 33 22 33 11 14 22 33 44 22 44 44 44 22 33 33 22 41 22 13 44 14 23 33
1 44 23 11 41 23 23 33 33 23 32 11 11 22 33 44 22 42 41 41 22 32 33 22 44 23 13 41 14 22 32
1 41 23 14 41 23 33 22 22 23 22 14 44 23 32 41 22 22 11 11 33 22 22 33 41 33 33 11 44 33 22
1 44 22 11 44 23 22 33 33 23 33 11 11 22 33 44 22 44 44 41 22 33 33 22 44 22 11 44 11 22 33
1 44 23 14 44 23 23 22 22 22 32 14 14 22 33 44 22 42 41 11 23 33 32 33 44 23 13 44 11 23 32
1 41 23 11 41 23 23 33 32 23 32 14 44 23 33 44 22 42 41 11 33 33 32 23 41 33 13 41 14 23 32
1 44 23 11 11 23 23 33 22 22 33 11 14 23 32 41 22 42 44 41 23 33 33 33 44 23 13 11 11 23 33
1 44 22 11 44 23 22 33 33 23 32 11 11 23 33 44 24 42 41 41 23 33 33 22 44 23 11 44 11 22 32
1 44 22 11 44 23 22 33 33 22 32 11 11 22 33 44 22 42 44 44 22 33 32 22 44 23 11 44 11 22 33
1 44 33 11 41 23 23 33 32 23 22 14 14 22 33 44 22 44 41 11 23 33 32 23 41 23 13 41 14 23 32
1 44 23 11 44 33 22 33 33 22 32 11 14 22 32 44 22 42 44 44 23 33 32 23 44 22 11 41 11 22 33
1 44 22 11 44 22 23 33 33 23 33 11 14 22 33 44 22 44 44 41 23 32 32 23 44 23 13 41 14 23 32
1 11 33 44 11 33 33 22 22 33 22 14 44 33 32 11 24 22 11 11 23 22 22 33 11 33 33 11 14 33 22
1 44 22 11 41 22 22 33 22 23 32 11 44 23 33 44 24 42 11 11 33 32 22 23 44 22 11 41 14 23 22
1 44 23 14 11 23 22 33 22 22 32 11 14 23 32 44 22 42 44 41 22 33 32 22 44 22 13 41 14 33 33
1 44 23 11 41 23 23 33 32 23 22 11 11 23 32 44 22 22 11 41 22 32 32 22 44 23 33 41 14 23 33
1 41 23 14 44 33 22 32 32 22 32 11 44 22 32 44 22 44 44 41 22 33 32 22 44 23 11 11 11 22 32
1 44 22 11 41 23 23 32 32 22 32 11 11 23 33 41 22 44 41 41 23 33 33 23 44 23 13 44 11 23 32
1 44 33 14 44 33 22 32 22 22 32 11 44 22 22 41 22 44 41 44 23 32 33 33 44 23 13 41 44 33 32
1 44 23 11 44 23 22 33 32 23 33 11 14 22 33 44 22 42 41 44 23 33 33 23 44 22 11 41 14 33 32
1 44 23 14 41 22 23 32 32 23 32 11 44 23 32 44 22 42 41 41 23 33 32 23 41 22 13 44 11 22 22
1 44 23 11 44 33 22 32 32 23 32 11 11 22 33 44 22 22 11 41 22 33 32 33 44 33 13 44 14 33 33
1 44 22 11 44 22 22 33 32 22 33 11 11 22 33 44 22 44 44 44 22 33 33 23 44 22 11 44 11 22 32
1 44 33 14 11 33 33 33 22 23 22 11 44 33 33 44 44 22 11 11 23 32 22 33 41 23 33 11 44 33 32
1 44 23 11 44 22 22 33 32 22 33 11 14 23 33 44 22 42 41 41 22 33 32 23 41 22 13 44 11 22 32
1 44 22 14 41 33 33 32 22 22 22 11 14 22 33 41 22 42 44 11 23 33 33 23 41 33 13 41 44 23 32
1 44 22 11 11 23 23 33 33 22 32 14 11 22 33 44 22 22 11 44 22 32 33 23 44 33 11 44 44 33 32
1 44 22 11 44 22 23 33 33 22 33 11 11 22 33 44 22 42 44 44 22 33 32 22 44 22 11 11 11 22 33
1 44 22 14 44 23 22 33 33 23 32 11 11 22 33 44 22 42 44 41 23 33 33 23 44 23 13 44 14 22 33
1 41 23 14 11 23 22 33 33 23 32 11 11 23 32 44 22 42 41 44 33 33 33 33 41 23 11 41 44 33 32
1 44 23 11 44 23 22 33 32 22 33 11 11 22 33 44 22 44 44 44 22 33 33 22 44 22 11 44 11 22 33
1 44 22 14 41 22 22 33 22 22 33 11 11 23 33 41 22 22 44 41 23 33 33 23 41 23 11 41 14 23 32
1 44 23 14 41 23 22 33 33 22 33 11 11 23 33 44 22 42 11 41 23 33 32 22 44 23 11 44 11 23 33
1 44 23 14 41 22 22 33 32 23 32 11 14 22 33 44 22 42 44 41 23 33 22 23 41 33 13 44 11 23 32
1 44 22 11 44 22 22 33 32 22 33 11 11 33 33 44 22 44 44 11 23 32 32 22 44 22 13 41 11 22 32
1 41 23 14 11 33 23 32 32 23 32 14 44 23 32 41 24 44 41 11 33 22 22 33 11 23 33 41 44 33 22
1 41 22 11 41 23 33 32 22 23 32 14 14 23 33 44 22 42 41 11 23 32 22 23 11 33 11 41 44 23 22
1 44 22 14 44 22 22 33 32 22 33 14 44 23 33 44 22 42 44 41 23 33 32 33 44 22 11 41 11 23 32
1 41 23 14 41 23 23 32 32 22 32 11 44 33 33 41 24 42 44 11 22 33 32 22 44 23 11 44 11 33 32
1 44 23 11 41 22 22 33 32 23 32 11 11 23 33 44 22 44 44 44 22 22 33 22 44 22 11 44 11 23 33
1 44 22 11 44 22 22 33 33 22 33 11 11 22 33 44 22 44 44 44 22 33 33 22 44 22 11 44 11 23 32
1 44 22 14 41 22 23 33 33 22 33 11 11 22 33 44 22 42 41 44 23 33 33 22 41 22 11 44 11 22 33
1 44 23 11 41 23 23 33 32 22 33 14 14 22 32 41 24 42 11 11 33 33 22 22 41 23 11 44 11 23 22
1 44 22 11 44 23 22 33 32 22 32 11 14 22 32 44 22 42 41 44 23 33 32 22 44 33 11 44 11 23 33
1 44 23 14 41 23 23 33 22 23 22 11 14 33 33 44 22 44 41 41 23 33 33 23 44 23 11 44 14 33 22
1 44 23 14 44 33 23 32 32 22 32 14 44 23 32 41 24 42 11 11 22 32 32 23 41 22 13 11 14 23 32
1 44 23 11 44 33 22 33 22 22 32 11 14 22 32 44 22 42 41 41 23 32 32 23 44 22 11 41 11 33 22
1 41 22 14 41 22 22 33 32 22 32 11 11 23 33 44 22 44 41 44 22 33 33 22 44 23 11 11 14 22 33
1 44 23 11 44 23 22 32 33 23 32 11 44 23 32 44 24 44 44 41 23 32 32 23 44 23 11 11 44 23 33
1 41 23 14 41 22 23 33 22 23 32 11 14 22 32 41 24 42 41 41 22 33 32 22 44 33 11 44 14 33 32
1 44 23 11 41 33 22 32 22 22 22 11 11 33 32 41 22 42 11 11 22 33 32 23 44 23 13 44 14 33 32
1 44 22 11 41 23 23 33 32 22 32 14 14 23 32 44 24 44 44 41 22 33 32 22 41 23 11 41 11 23 33
1 44 22 11 41 23 23 33 33 23 33 11 11 23 33 44 22 44 41 41 23 33 33 23 44 23 11 44 11 23 32
1 44 23 11 41 23 23 33 33 23 32 11 14 22 33 44 22 44 41 44 23 33 22 23 44 23 11 44 11 23 32
1 44 23 11 44 33 22 32 32 23 32 11 14 33 33 44 22 44 41 41 22 32 32 33 44 33 13 44 14 33 22
1 44 22 11 44 33 23 33 32 23 33 11 11 23 33 44 22 42 44 44 23 32 32 23 44 33 11 11 14 22 32
1 44 22 11 41 33 22 32 33 22 33 11 14 22 33 44 22 42 41 41 22 33 22 22 44 23 13 41 14 23 32
1 44 23 14 11 23 22 33 32 22 32 44 44 23 33 44 22 22 41 41 23 33 32 23 44 33 11 44 11 23 33
1 44 23 14 41 23 22 33 32 23 33 11 11 23 33 44 24 22 41 41 23 33 32 33 44 22 13 41 11 23 32
1 11 23 11 41 33 22 32 32 23 22 14 44 33 32 44 24 22 11 11 33 22 32 33 41 33 13 41 44 33 22
1 44 23 14 41 23 23 32 22 23 22 14 14 33 32 41 24 22 11 11 33 32 22 33 41 33 13 11 44 33 22
1 44 22 11 11 23 22 33 22 22 32 11 11 23 33 44 22 42 41 41 23 33 33 22 44 23 13 44 11 23 33
1 44 22 11 41 22 22 33 33 22 33 11 11 22 33 44 22 44 44 44 22 33 33 22 44 22 11 41 14 23 32
1 44 23 11 44 22 23 33 33 22 33 11 11 22 33 44 22 44 44 44 22 33 33 22 44 22 11 44 11 22 33
1 41 23 14 41 33 22 32 22 23 32 14 11 23 33 44 22 44 41 41 23 32 32 23 44 23 11 41 44 22 32
1 41 33 11 41 33 22 33 22 23 32 14 14 22 22 44 24 22 11 41 23 32 32 23 41 23 13 41 11 33 22
1 44 23 14 11 23 23 32 32 22 32 11 11 22 33 41 22 42 41 11 23 33 22 23 44 33 13 11 44 33 33
1 44 23 14 41 33 23 33 32 23 22 14 14 23 33 44 24 42 11 41 23 22 32 33 11 22 13 11 14 23 22
1 44 23 11 44 23 23 32 32 22 32 11 14 23 33 44 24 42 41 41 23 32 32 23 44 23 13 41 14 23 32
1 44 23 14 41 23 22 32 32 22 32 11 14 22 33 44 22 42 11 11 33 33 33 23 44 33 11 41 11 33 22
1 44 23 14 41 22 23 33 32 23 32 14 14 22 33 41 22 44 44 44 22 33 33 22 44 22 11 11 11 22 32
1 44 23 11 41 23 22 33 33 22 22 11 11 33 33 44 24 44 41 44 23 33 33 23 44 23 13 11 44 23 22
1 44 23 14 41 33 23 32 32 33 32 14 14 23 32 41 24 22 11 41 23 32 22 23 41 23 13 41 14 23 32
1 44 22 11 44 23 22 33 32 22 33 11 11 22 33 44 22 44 41 41 22 33 33 22 44 22 11 44 11 22 33
1 44 22 11 44 22 23 32 33 22 33 11 14 22 33 44 22 44 44 44 22 33 33 22 44 22 11 44 11 22 32
1 44 22 14 41 23 22 32 32 23 32 14 14 23 33 44 22 44 11 11 22 33 22 23 44 23 11 41 44 23 22
1 41 23 11 44 23 22 32 32 23 33 11 11 23 32 44 24 42 44 41 22 33 32 22 44 22 11 41 11 23 32
1 41 22 14 41 23 22 32 22 22 32 11 14 22 32 44 24 42 44 41 22 33 32 33 41 23 33 11 11 22 32
1 44 23 11 41 33 22 32 32 23 22 14 11 23 32 44 22 42 11 11 22 33 32 33 44 33 13 41 11 33 22
1 44 23 11 41 23 22 32 32 22 32 11 14 23 33 41 22 42 11 11 23 33 22 23 41 23 13 41 14 23 32
1 44 23 11 41 23 22 32 32 23 22 14 11 23 32 44 24 44 11 41 33 33 32 22 44 22 11 44 44 23 22
1 44 23 14 11 22 22 33 33 22 32 11 44 22 33 44 24 42 41 44 22 33 32 23 44 23 11 41 11 23 33
1 44 23 11 44 22 22 33 33 22 33 11 11 22 33 44 22 44 44 44 22 33 32 22 44 22 11 44 11 22 33
1 44 22 11 44 22 22 33 22 22 22 11 14 22 33 44 22 44 44 11 22 33 33 22 44 22 11 44 14 22 33
1 44 22 11 44 22 22 33 33 22 33 11 11 22 33 44 22 44 44 44 22 33 33 22 44 23 11 44 11 22 32
1 44 22 11 44 22 23 33 33 22 33 11 14 23 33 44 22 44 41 41 23 33 32 22 44 23 11 44 11 23 32
1 44 22 11 44 22 22 33 33 22 32 14 11 22 33 44 22 42 44 44 23 33 33 22 44 23 11 41 11 22 33
1 44 22 11 41 22 22 33 33 22 33 11 11 22 33 44 22 44 41 41 22 33 33 23 44 33 11 44 11 23 32
1 44 22 11 41 22 23 33 32 22 32 11 11 22 32 44 24 42 44 41 22 32 32 23 41 23 13 44 14 23 32
1 41 33 14 11 33 23 32 22 23 32 11 14 23 32 44 22 42 41 11 33 32 32 33 44 33 13 11 44 23 22
1 41 23 14 44 23 33 32 33 23 32 11 44 23 33 44 22 42 41 44 23 33 32 22 11 23 13 44 14 22 22
1 44 23 11 41 33 23 32 33 23 33 14 11 22 32 44 24 42 41 41 23 33 32 22 44 23 11 41 14 23 32
1 44 23 11 41 23 23 32 32 22 32 11 14 23 33 41 24 42 11 41 23 33 32 23 41 23 13 44 11 22 32
1 44 23 14 11 23 22 33 32 22 32 11 14 22 33 44 24 42 44 41 22 33 22 23 44 23 11 41 44 33 32
1 41 22 14 41 23 23 33 32 23 32 11 11 22 33 41 22 44 41 41 22 33 32 23 44 23 11 41 11 22 33
1 44 22 11 41 23 22 33 33 22 32 14 11 22 33 44 22 44 41 44 23 33 33 22 44 23 11 41 11 22 33
1 44 22 11 44 33 23 32 22 22 32 11 14 22 33 44 22 42 11 11 23 33 32 23 44 23 11 41 14 22 33
1 44 22 11 44 22 22 33 33 22 33 11 11 22 33 44 24 44 44 44 23 33 33 22 44 22 11 44 11 23 33
1 44 22 11 44 22 23 32 33 23 33 11 11 23 33 44 24 44 44 41 22 33 33 23 44 23 11 44 11 22 32
1 44 23 11 44 22 22 33 33 22 33 11 14 22 33 44 24 44 11 44 22 33 32 33 44 22 13 44 14 33 32
1 44 33 11 41 33 22 22 32 23 32 14 14 22 33 41 24 22 41 41 23 32 22 33 44 23 11 11 14 22 22
1 44 33 14 41 33 22 33 33 33 32 11 14 23 32 41 22 42 41 11 23 33 32 33 11 23 13 11 14 33 22
1 44 33 14 41 23 23 32 32 23 32 14 11 23 33 41 22 22 41 41 23 33 32 23 41 33 11 41 14 23 22
1 41 23 14 44 23 23 32 32 23 32 14 14 23 33 41 22 44 41 41 22 32 22 23 44 23 13 44 11 23 32
1 41 22 11 11 22 22 33 32 22 32 14 14 22 32 44 22 44 41 41 23 33 32 22 41 23 11 41 11 23 33
1 44 22 11 11 22 22 33 33 22 32 11 11 22 33 41 22 42 44 41 23 32 32 22 41 22 11 44 14 23 32
1 44 23 14 11 23 22 33 33 22 22 11 14 23 33 41 22 42 44 44 22 33 32 22 41 33 11 11 44 23 32
1 44 23 11 41 23 23 32 32 22 22 14 14 23 33 44 24 44 11 41 33 33 32 23 41 23 11 41 14 33 32
1 41 23 44 11 33 33 22 22 33 22 14 44 23 22 41 24 42 11 11 33 22 22 33 11 33 33 41 44 33 22
1 44 23 11 41 23 22 33 33 22 33 11 11 23 33 44 22 42 44 44 23 33 32 22 44 22 11 44 11 23 33
1 44 22 11 44 22 23 33 33 22 32 14 11 23 33 44 22 44 41 11 33 33 32 23 44 22 11 44 14 23 32
1 44 22 11 41 23 22 33 33 22 33 11 11 22 33 44 22 44 44 44 22 33 33 22 44 23 11 44 11 23 33
1 44 23 11 44 22 22 33 33 22 33 11 14 22 33 44 22 44 41 44 23 32 33 22 44 23 11 41 44 23 22
1 44 22 14 41 22 33 32 22 22 32 11 11 33 32 44 22 44 11 41 23 33 32 22 44 22 13 11 44 23 32
1 41 23 14 41 23 33 32 32 23 33 14 14 23 32 44 24 22 41 11 23 33 32 23 41 23 13 11 14 23 32
1 41 22 11 41 22 22 33 33 22 33 14 11 23 33 44 24 44 41 41 23 33 33 23 44 33 11 41 11 23 32
1 44 22 11 41 23 22 32 32 23 32 14 14 22 33 44 22 42 11 41 33 22 32 23 44 23 13 41 11 23 32
1 44 23 11 44 23 22 33 22 22 33 44 14 23 33 44 22 44 11 44 33 33 33 23 44 33 13 41 11 23 33
1 44 23 11 11 23 23 32 32 22 22 11 11 23 33 44 22 42 41 44 23 33 33 23 44 23 11 44 11 33 32
1 44 22 14 11 33 22 32 32 22 32 14 14 23 33 41 24 42 44 11 23 33 32 22 44 22 11 44 14 33 32
1 41 23 14 41 23 23 32 32 23 32 14 14 33 32 44 22 42 41 41 23 33 22 33 41 33 11 41 44 23 32
1 11 22 14 41 33 23 32 32 23 22 14 44 33 32 44 22 22 11 41 23 33 32 33 11 23 33 11 44 23 22
1 44 22 11 44 22 22 33 33 22 32 11 11 22 33 44 22 44 44 11 22 33 32 23 44 23 11 44 11 22 33
1 44 22 11 44 23 33 33 33 22 32 11 14 22 32 44 22 44 44 41 23 33 33 23 44 33 13 11 11 23 32
1 44 22 11 41 23 23 32 32 22 33 14 14 23 33 44 44 42 11 41 23 32 32 22 41 33 13 41 11 22 32
1 44 23 14 44 22 22 32 33 22 32 11 14 23 33 44 22 42 44 41 22 32 32 23 44 22 11 41 11 23 32
1 44 23 11 44 22 22 33 32 22 33 11 14 23 33 44 22 42 44 44 23 33 32 23 44 23 11 41 11 23 32
1 44 22 11 44 22 22 33 33 22 33 11 44 22 33 44 22 44 44 44 23 32 33 23 44 23 11 44 11 23 32
1 44 22 11 41 33 22 33 33 22 32 11 14 23 33 44 22 42 41 41 23 33 33 22 41 23 11 41 14 23 32
1 11 33 11 44 23 23 33 32 22 33 11 44 33 33 44 22 42 11 11 33 33 32 33 41 33 13 41 14 33 33
1 44 33 11 41 23 22 33 22 23 33 11 44 22 33 44 22 22 41 41 33 33 32 23 44 22 11 41 44 23 33
1 41 23 11 11 23 23 32 22 23 22 11 44 23 32 44 22 42 41 41 33 22 22 23 44 22 13 41 14 33 22
1 44 22 14 41 23 22 33 33 22 32 11 14 22 33 44 22 22 41 11 33 33 32 23 44 23 11 41 14 23 32
1 44 22 11 44 23 22 33 33 22 33 11 14 22 33 44 22 42 44 11 22 32 32 22 44 22 11 44 14 22 22
1 41 23 11 44 22 22 33 32 23 32 11 11 22 33 41 22 44 41 44 22 33 32 23 44 23 13 44 14 23 22
1 44 22 11 41 23 23 33 32 22 33 11 14 22 33 44 22 42 44 11 22 33 33 22 44 22 13 44 11 22 33
1 44 33 11 44 23 33 33 32 22 22 11 14 33 33 44 22 42 11 11 22 32 32 23 41 22 11 11 44 23 22
1 44 33 11 11 23 23 32 33 22 32 11 14 23 32 41 22 42 44 41 23 33 33 23 44 33 13 41 14 23 32
1 44 22 14 41 22 22 33 33 22 33 11 11 22 33 44 22 44 44 44 22 33 33 22 44 23 11 44 11 22 33
1 44 22 11 44 22 22 33 33 22 33 11 11 22 33 44 22 44 44 44 22 33 33 23 44 22 11 44 11 22 33
1 44 22 11 44 23 22 33 32 22 32 11 14 22 33 44 22 44 44 44 22 33 33 23 44 23 11 44 14 22 33
1 44 22 11 41 23 23 32 22 22 32 11 11 23 33 44 22 44 11 44 23 32 33 22 44 23 13 44 14 23 32
1 44 22 11 44 33 22 33 33 22 32 11 11 22 33 44 22 44 11 44 23 33 32 22 44 22 13 41 14 23 32
1 44 22 11 44 22 23 33 33 22 33 11 11 22 33 44 22 44 44 44 22 33 33 22 44 23 11 44 11 22 33
1 44 22 11 41 22 22 33 33 22 33 11 11 22 33 41 22 44 44 44 22 33 33 22 44 22 11 44 11 22 33
1 44 22 11 44 22 22 33 32 23 32 11 11 23 33 44 22 42 44 41 22 33 33 22 44 22 11 44 11 22 33
1 44 33 11 41 23 23 32 32 23 32 11 11 23 33 44 22 42 41 41 22 32 33 23 44 23 13 44 11 23 32
1 44 22 11 41 33 22 33 22 23 32 11 14 22 33 44 22 44 44 41 23 33 32 23 44 33 11 41 11 23 32
1 41 23 11 41 23 23 33 32 22 32 14 11 22 33 44 22 22 41 41 22 33 32 23 44 22 11 41 14 23 32
1 44 22 14 41 22 22 32 22 22 32 11 14 23 32 41 22 44 44 41 23 32 32 22 44 33 13 41 11 23 32
1 41 23 11 41 23 23 32 32 33 32 11 14 23 33 41 24 22 11 11 23 33 32 23 44 23 11 41 11 23 22
1 41 33 44 41 33 23 32 32 22 22 14 14 33 33 41 22 22 41 11 33 32 22 23 11 33 33 41 44 33 32
1 44 23 11 44 23 22 33 33 22 33 11 11 22 33 44 22 44 44 41 23 33 33 23 44 22 11 41 11 22 33
1 44 22 11 44 23 23 33 32 22 33 11 11 22 33 44 22 44 44 44 23 33 32 22 44 22 11 41 14 22 32
1 44 22 11 44 22 22 33 33 22 33 11 11 22 33 44 22 44 44 44 23 33 33 22 44 23 11 44 11 22 32
1 44 33 11 44 23 22 33 32 22 33 11 14 22 33 44 22 44 41 44 33 33 32 23 41 22 11 41 11 23 33
1 44 23 11 44 23 23 33 22 23 33 11 11 22 33 44 22 44 11 41 23 33 33 22 44 23 11 44 11 33 32
1 44 22 14 41 22 22 33 32 22 33 11 11 22 32 44 22 42 41 11 22 33 32 23 44 22 11 41 14 23 32
1 41 33 14 11 23 22 32 22 23 32 14 44 22 33 41 22 42 41 11 23 33 22 23 41 33 13 41 14 23 22
1 44 23 11 44 22 23 33 32 22 33 11 11 22 33 44 22 42 44 41 23 33 33 22 44 23 11 44 11 23 32
1 44 22 14 41 22 23 32 33 22 33 11 11 23 33 44 22 44 44 11 23 32 33 23 44 23 11 11 14 33 33
1 44 33 14 11 23 23 32 22 22 32 11 14 33 32 41 24 44 44 11 22 33 22 33 41 33 13 11 14 23 22
1 44 22 11 41 22 22 33 32 23 33 14 14 22 33 41 24 44 44 41 22 33 33 22 44 22 11 44 11 22 33
1 44 23 11 44 22 22 33 32 22 22 11 11 23 33 44 22 42 44 44 23 33 33 23 44 23 13 44 11 23 33
1 44 33 14 44 23 22 32 32 23 32 11 14 33 33 44 22 42 11 41 23 33 22 23 41 33 11 41 11 23 22
1 44 23 11 11 33 22 22 22 23 22 14 44 23 33 44 22 42 41 11 23 32 32 23 41 33 13 11 44 33 22
1 44 33 11 11 23 23 32 22 23 32 11 44 22 32 41 24 42 11 41 33 32 32 23 41 23 13 44 44 33 32
1 44 23 14 41 33 23 32 32 33 22 14 44 23 22 44 24 44 41 11 23 22 22 33 41 33 33 41 44 23 22
1 41 23 11 41 22 23 33 22 23 22 14 44 23 33 41 24 42 41 41 33 33 32 23 41 33 13 41 14 33 33
1 41 23 14 41 23 23 32 32 23 32 11 11 23 32 41 22 42 41 41 23 32 32 23 41 23 11 41 11 33 32
1 44 22 11 41 23 22 33 33 22 33 11 11 22 33 44 22 42 41 44 23 33 33 33 44 22 11 41 11 23 33
1 44 23 11 11 33 23 32 32 22 32 14 14 23 32 44 22 42 11 41 23 32 33 23 41 23 13 44 14 23 32
1 44 22 11 41 22 22 33 32 23 33 11 14 23 32 44 22 42 44 41 22 33 32 22 44 23 11 41 11 23 33
1 44 23 11 44 23 22 32 33 22 33 11 14 22 33 41 24 42 41 44 23 33 32 23 44 23 13 41 14 22 32
1 41 23 11 41 23 22 32 32 23 33 11 14 22 33 44 24 42 41 44 22 32 33 22 44 23 13 41 14 33 33
1 41 23 11 44 23 22 33 33 23 33 11 14 22 33 44 22 42 41 41 23 33 33 33 44 23 11 41 44 23 32
1 41 33 14 41 33 23 32 22 23 32 11 14 23 22 41 22 22 41 11 23 32 33 22 44 33 13 11 14 23 22
1 44 22 11 44 23 22 32 33 22 32 11 14 22 33 44 22 44 44 44 22 33 33 22 44 22 11 44 14 22 32
1 44 33 11 41 33 23 32 22 23 32 11 44 22 33 41 22 42 11 41 33 32 33 33 44 33 13 41 11 23 32
1 44 22 14 44 33 22 32 33 22 33 11 11 22 33 44 22 44 44 41 23 33 33 23 44 22 11 44 11 22 33
1 44 23 11 41 33 22 32 22 22 22 14 14 23 32 44 24 44 41 11 23 32 33 33 44 22 13 44 11 23 32
1 44 23 14 41 33 23 22 32 22 32 11 14 23 33 41 22 42 44 41 23 32 32 33 44 23 11 11 11 23 32
1 44 33 11 41 22 23 33 32 23 33 11 14 23 33 41 22 44 41 11 33 32 33 23 44 23 11 41 14 23 32
1 44 22 11 44 22 22 33 33 22 32 11 11 22 33 44 22 44 44 44 22 33 33 23 44 22 11 41 14 22 33
1 44 22 14 44 23 22 33 33 22 33 14 14 22 33 44 22 44 44 41 22 32 32 33 44 23 11 44 11 22 32
1 44 22 11 44 22 22 33 33 22 33 11 11 23 33 44 22 44 44 41 23 33 33 23 44 22 11 44 14 22 32
1 44 23 11 44 23 22 32 22 22 33 11 14 22 33 44 22 44 41 44 22 33 33 22 44 22 11 44 11 23 33
1 44 23 11 44 22 23 33 33 22 33 11 11 22 33 44 22 42 44 41 22 33 33 23 44 22 11 44 14 22 33
1 44 23 11 41 33 23 33 33 23 33 11 14 22 33 44 22 44 41 11 23 32 33 23 44 33 11 41 11 22 33
1 44 23 11 11 22 23 33 33 23 32 11 14 22 33 44 22 42 11 11 33 32 32 22 44 23 11 44 14 22 32
1 44 22 14 41 23 23 33 33 22 33 11 11 23 33 44 22 42 41 41 22 33 33 23 44 22 11 44 11 22 33
1 44 23 11 44 22 22 33 32 22 32 11 11 22 33 44 22 44 41 44 22 33 33 22 44 23 11 44 11 23 32
1 11 33 14 11 33 33 22 22 33 22 14 44 23 22 44 44 22 11 11 23 32 22 33 11 33 13 11 14 23 22
1 44 23 11 41 23 22 33 33 22 32 14 14 22 33 44 22 42 44 44 23 32 33 23 44 22 11 44 11 23 32
1 44 23 11 41 23 23 32 32 22 22 14 14 23 33 41 24 22 41 41 22 32 32 23 41 22 13 11 14 33 22
1 44 23 11 41 23 22 33 32 23 33 11 14 22 33 41 22 42 41 41 23 33 22 23 44 23 11 41 14 22 32
1 44 22 14 44 23 23 33 32 22 33 14 11 22 33 44 24 44 41 44 23 33 33 23 44 22 11 44 11 23 32
1 41 22 11 41 33 23 33 33 22 32 11 11 22 33 44 24 42 41 11 22 32 32 23 11 33 13 41 14 23 32
1 41 33 14 41 33 23 33 32 23 32 14 14 23 33 41 22 22 11 41 23 33 33 23 44 33 11 41 44 33 33
1 41 33 14 41 33 23 32 33 23 22 11 11 33 33 41 44 22 11 41 33 32 33 33 44 23 13 41 11 23 22
1 44 23 11 44 23 23 32 33 22 33 11 44 22 33 44 22 44 41 44 22 33 22 23 44 23 11 44 11 22 32
1 41 23 11 11 33 33 32 22 33 22 14 44 23 32 41 24 42 41 41 23 33 22 33 11 23 13 41 44 33 32
1 41 22 11 41 23 23 33 32 22 32 11 11 22 33 44 22 44 41 44 23 33 33 22 44 23 11 44 11 22 32
1 44 22 11 44 23 22 32 33 22 32 11 14 22 33 44 22 44 44 44 22 33 33 22 41 22 11 44 11 23 32
1 44 23 11 41 23 23 33 33 23 33 11 11 22 33 44 22 42 41 44 22 33 32 22 44 33 11 41 11 22 33
1 44 22 14 41 33 22 33 22 33 22 14 44 23 33 44 22 44 41 41 23 33 22 23 44 23 33 44 14 23 33
1 44 33 14 44 23 23 32 32 22 32 14 14 22 33 44 22 42 41 11 22 22 32 22 44 23 11 44 11 22 22
1 44 22 11 44 23 22 33 33 22 33 11 14 22 32 44 22 42 41 44 23 33 32 22 44 23 11 41 11 23 32
1 44 23 11 44 22 22 33 33 22 33 11 11 22 33 44 22 44 44 41 22 33 33 22 41 22 11 44 11 22 33
1 44 33 11 44 22 23 32 32 22 32 14 14 22 33 44 24 44 11 11 33 32 33 33 44 23 13 11 14 33 32
1 41 23 14 41 33 23 32 22 23 32 11 44 23 33 44 22 22 41 11 23 32 22 23 41 22 13 11 14 33 22
1 44 23 14 41 22 22 33 32 22 33 11 14 23 33 44 22 44 44 41 22 33 33 23 44 22 11 41 11 33 33
1 44 23 14 41 23 23 33 32 22 32 11 11 22 33 44 22 42 41 41 23 32 32 23 44 23 13 41 14 23 32
1 44 22 11 41 22 22 33 33 22 33 11 11 22 33 44 22 44 44 44 23 33 33 22 44 22 11 44 11 23 33
1 41 23 11 41 23 23 33 22 23 32 11 44 33 33 44 22 42 41 41 23 32 32 23 41 33 13 41 11 23 32
1 44 22 11 41 23 22 32 32 22 32 11 14 22 33 44 24 44 41 41 23 33 32 23 41 22 13 44 14 23 32
1 44 33 14 41 22 23 22 32 22 33 11 14 23 33 44 22 22 41 11 23 33 22 22 44 33 11 41 14 23 33
1 44 23 11 41 22 22 33 32 22 33 11 14 22 33 44 22 44 41 44 22 33 33 23 44 33 11 44 14 33 33
1 44 23 14 11 22 22 33 32 22 32 11 14 22 32 44 22 44 11 41 33 33 32 23 41 23 11 11 14 22 32
1 41 22 11 44 33 23 33 33 22 32 11 14 22 33 44 22 42 41 41 23 32 32 22 44 23 11 41 11 23 33
1 44 23 14 44 23 22 33 22 22 33 11 11 23 33 41 22 42 44 41 33 32 33 22 44 33 11 41 11 33 32
1 44 22 11 44 22 22 33 33 22 33 11 11 22 33 44 22 44 41 41 22 33 32 23 44 22 11 44 14 22 33
1 44 23 11 44 23 23 33 32 23 32 11 11 22 32 44 22 42 11 11 22 22 22 33 44 22 13 41 11 23 32
1 41 23 14 41 33 23 33 22 22 22 14 14 22 33 44 24 44 11 44 23 32 32 33 41 33 11 41 44 23 32
1 44 23 14 41 23 23 33 32 22 32 14 11 22 33 44 22 42 44 41 23 32 32 22 44 23 13 44 11 23 32
1 44 22 11 44 23 22 33 32 22 32 11 11 22 33 44 22 44 44 41 23 33 33 23 44 22 13 41 11 22 33
1 44 33 14 11 23 33 32 22 33 22 44 44 22 22 11 24 42 41 41 23 32 32 33 11 33 11 11 14 33 22
1 44 23 11 44 22 22 33 33 22 33 14 11 23 32 44 22 44 41 44 22 33 32 22 41 23 13 44 11 22 33
1 44 33 14 41 22 22 32 32 33 32 11 14 23 33 44 22 22 44 11 22 22 32 23 41 23 13 41 11 23 22
1 44 33 44 11 22 22 32 32 22 22 11 44 22 32 44 24 44 11 11 23 32 32 22 41 33 11 41 11 23 32
1 44 22 11 41 22 22 33 32 23 33 11 11 22 33 44 22 42 41 44 22 33 32 23 44 23 13 44 11 23 22
1 44 22 14 41 23 22 33 33 22 32 11 14 23 32 44 22 42 11 11 22 32 33 23 41 23 33 41 14 23 32
1 44 23 11 44 23 22 32 33 22 33 14 14 22 33 44 22 42 44 41 22 33 33 23 44 33 11 41 11 23 22
1 41 22 11 44 33 23 33 32 23 32 11 14 22 33 44 22 42 11 41 23 33 33 22 41 23 11 41 14 23 32
1 41 22 11 44 33 23 32 32 33 32 14 14 23 33 41 22 44 44 41 23 33 33 23 44 22 11 41 11 22 32
1 41 23 14 44 23 23 33 33 23 32 14 14 23 32 41 24 42 44 41 23 32 32 23 44 23 13 44 14 23 32
1 44 23 11 44 22 23 32 33 22 32 11 11 23 33 44 24 44 41 44 23 33 33 23 41 23 13 41 11 23 32
1 44 23 14 44 33 33 32 33 22 33 11 14 22 32 44 22 44 41 41 33 33 33 23 44 33 13 41 14 23 22
1 41 22 14 41 23 23 32 22 22 32 14 14 23 32 44 22 42 44 44 23 33 32 23 41 23 11 41 14 33 32
1 44 22 11 44 22 22 33 33 22 33 11 11 22 33 44 22 44 44 44 22 33 33 22 44 22 11 44 11 22 32
1 44 23 14 11 33 23 32 32 23 22 11 11 23 33 44 24 22 11 44 23 22 32 23 44 23 13 41 14 23 22
1 44 22 11 44 23 22 33 33 23 22 11 11 22 33 44 22 44 44 44 22 32 32 22 44 22 11 44 14 22 33
1 44 22 11 44 23 23 33 32 23 32 11 44 22 33 44 24 42 41 41 23 32 32 33 44 23 11 44 11 22 33
1 44 23 11 41 22 22 32 32 22 33 11 11 22 33 44 22 44 41 44 22 33 32 22 44 23 11 41 11 23 32
1 41 23 14 41 23 23 32 32 23 32 14 14 22 32 41 22 42 41 41 23 32 32 33 41 23 13 41 14 23 32
1 44 23 11 41 22 22 33 32 22 33 11 11 22 33 44 22 42 44 44 23 33 33 22 44 23 11 44 11 22 33
1 44 33 11 41 33 23 32 22 23 33 14 44 23 22 41 22 22 11 41 33 33 22 23 41 33 33 11 14 33 22
1 41 23 14 41 33 23 32 22 22 32 14 14 23 32 41 24 42 41 41 33 32 22 23 44 23 11 41 14 33 32
1 41 22 14 11 23 23 32 22 22 22 11 44 33 33 44 24 22 44 11 22 33 32 23 44 23 13 44 14 23 32
1 44 33 14 41 22 23 33 32 22 32 11 14 23 32 44 22 42 11 11 23 33 33 33 41 22 13 44 14 33 32
1 41 23 14 41 23 23 33 32 23 32 11 14 23 33 44 22 44 41 41 23 33 32 23 44 23 13 41 11 22 32
1 44 23 11 44 23 23 32 33 22 32 14 14 23 33 44 22 42 41 41 23 33 32 22 44 23 13 44 14 23 33
1 44 22 11 44 22 22 33 32 22 33 11 14 22 33 44 22 44 44 41 22 33 32 22 44 22 11 44 11 22 33
1 44 23 11 41 33 22 32 33 22 32 11 44 23 33 44 22 44 11 44 22 33 32 22 44 33 11 44 44 23 33
1 44 22 11 41 22 22 33 32 22 33 11 14 22 33 44 22 44 44 44 22 33 33 23 44 23 11 41 11 22 33
1 41 23 14 44 23 22 33 32 23 32 11 14 23 32 41 24 22 41 41 23 33 32 23 44 23 13 41 14 23 32
1 41 23 11 41 23 23 32 32 23 32 14 14 23 33 41 22 42 11 41 22 32 33 23 41 23 11 41 11 23 32
1 44 22 14 44 23 23 33 32 22 32 11 11 22 33 44 24 42 11 41 23 32 33 33 41 23 13 44 14 23 32
1 44 22 11 41 23 22 22 32 23 32 11 44 33 32 44 24 42 44 44 33 32 33 33 41 33 11 41 11 22 32
1 44 22 11 44 22 22 33 33 22 33 11 11 22 33 44 22 44 44 44 22 33 33 22 44 22 11 44 11 22 33
1 44 23 11 44 22 22 33 33 22 33 11 11 22 33 44 22 44 44 41 22 33 32 22 44 22 11 41 11 22 33
1 44 22 11 41 23 23 33 33 23 32 11 11 23 32 44 24 42 41 41 23 32 32 23 44 23 11 44 14 23 32
1 44 22 11 44 22 22 33 33 22 33 11 11 22 33 44 22 44 44 44 22 33 33 22 44 23 11 44 11 22 33
1 41 23 11 41 23 23 32 32 23 32 11 11 23 32 41 22 44 41 41 23 33 33 23 44 33 11 44 14 23 32
1 44 23 14 41 23 23 33 22 23 32 11 11 22 33 44 24 42 44 41 23 33 32 23 41 33 13 41 14 23 32
1 41 33 14 41 22 22 33 22 23 32 11 44 23 32 41 24 22 41 41 23 22 33 23 41 33 13 11 44 23 32
1 41 23 14 11 23 23 33 32 23 32 14 14 23 33 44 24 42 44 44 23 32 22 33 44 23 13 11 11 33 22
1 44 22 11 44 23 22 33 33 22 33 11 11 23 33 44 22 42 44 41 23 33 33 22 41 22 11 44 11 22 33
1 44 33 14 11 33 22 33 32 22 33 11 44 23 33 44 22 42 41 11 23 22 22 22 41 33 13 44 14 22 22
1 44 33 14 41 23 23 32 22 23 32 44 44 23 22 44 24 22 11 41 23 32 32 33 44 23 13 11 14 22 32
1 44 22 11 44 22 22 33 32 22 33 11 11 22 33 44 22 44 44 44 23 33 32 23 44 23 11 44 11 22 32
1 41 23 14 41 33 23 32 33 23 33 11 11 22 32 41 24 22 44 41 23 22 22 23 41 33 13 44 44 23 33
1 41 23 14 41 23 23 32 32 23 22 14 14 23 32 41 24 42 41 11 23 33 32 23 41 23 11 41 14 23 32
1 44 23 11 44 23 33 33 32 23 32 14 14 23 32 44 24 44 41 11 23 32 32 23 41 33 13 41 14 23 32
1 44 22 11 44 23 23 33 32 22 32 14 11 22 33 44 22 44 41 41 22 32 33 23 44 22 13 41 14 23 32
1 44 23 14 41 23 22 32 22 22 32 14 11 23 32 44 24 42 41 41 33 33 32 23 44 33 13 41 14 23 32
1 44 22 11 44 22 22 33 33 22 32 11 11 23 33 44 22 44 44 44 22 33 32 22 44 22 11 44 11 22 33
1 44 23 11 41 23 22 32 32 22 33 11 11 23 33 44 22 44 44 44 23 33 32 23 44 22 11 41 11 23 32
1 44 33 14 11 23 23 22 22 23 32 11 14 33 33 41 22 44 11 11 23 32 22 22 41 23 11 11 11 23 32
1 41 23 14 44 23 23 32 32 23 32 11 11 23 33 44 22 42 44 11 33 33 33 22 44 33 13 44 11 23 32
1 44 23 11 41 33 22 33 32 23 22 11 11 23 33 44 24 42 41 41 23 32 32 23 41 23 11 41 14 23 32
1 41 33 14 41 33 23 22 32 23 32 14 14 23 32 41 24 42 41 41 23 32 22 33 41 23 13 41 14 33 32
1 44 22 11 44 23 22 33 33 22 33 11 11 22 33 44 22 44 44 44 22 33 33 22 44 22 11 44 11 22 33
1 44 22 11 44 22 22 33 32 22 33 11 14 22 33 44 22 44 44 44 22 33 33 22 44 22 11 44 14 22 33
1 44 22 11 44 22 22 33 33 22 33 11 11 22 33 44 22 42 41 41 22 33 32 22 44 22 13 44 11 22 33
1 41 23 11 11 23 23 22 32 23 32 14 14 23 33 44 24 44 11 41 23 22 32 23 44 23 11 41 14 33 22
1 44 23 14 41 22 22 33 33 22 33 11 14 22 33 44 22 44 41 44 33 33 32 22 44 23 11 44 14 22 33
1 44 23 14 41 33 23 33 22 22 22 11 14 22 33 11 24 42 41 41 23 32 32 22 41 23 11 41 14 23 32
1 44 23 11 44 22 22 33 33 22 32 11 14 22 33 44 22 42 44 41 23 33 32 22 44 23 11 41 11 23 33
1 44 22 11 44 22 22 33 32 23 32 11 11 22 33 41 22 44 44 44 23 33 33 22 44 23 13 11 14 23 33
1 44 22 14 41 33 22 32 32 22 32 11 14 23 33 44 24 22 41 41 23 33 32 22 41 23 13 11 44 23 32
1 44 33 14 41 23 23 32 33 23 32 11 14 23 33 41 24 42 11 11 33 32 32 23 41 23 13 41 14 33 22
1 41 23 14 41 33 23 22 32 23 32 14 14 23 32 41 24 22 41 41 23 32 32 23 41 23 13 44 14 33 32
1 44 22 11 41 33 22 32 33 22 33 11 14 22 33 44 24 44 44 44 33 32 32 22 41 23 11 44 14 23 22
1 41 23 14 44 23 23 32 32 22 32 14 44 23 32 41 24 42 41 41 22 32 22 23 44 33 11 41 44 23 32
1 44 23 11 44 22 23 33 32 22 32 14 14 23 33 44 24 44 41 11 23 33 32 23 44 33 13 41 14 23 32
1 41 33 11 41 22 23 32 32 22 32 11 14 23 33 44 22 42 11 11 33 33 32 22 44 23 13 44 14 23 32
1 44 33 11 11 23 23 32 32 22 32 14 14 23 22 44 24 22 41 44 23 32 22 33 44 33 33 41 11 23 32
1 44 23 11 44 23 23 33 32 22 32 11 11 22 33 44 22 44 44 44 23 33 33 22 44 23 11 41 11 23 32
1 41 33 14 11 33 33 22 22 33 22 44 14 33 32 41 24 42 11 41 33 32 22 33 11 33 33 41 44 33 22
1 41 23 14 41 23 23 33 22 23 32 11 14 33 33 41 22 42 41 11 23 32 22 23 41 23 13 41 44 23 22
1 44 23 11 44 22 23 32 32 22 22 11 14 23 33 44 22 42 41 44 23 33 22 22 44 23 11 44 11 33 22
