 rs7528871 rs12136793 rs2679218 rs2722786 rs10915379 rs12140099 rs2883104 rs7549461 rs16840190 rs938962 rs12024316 rs12067876
0 31 22 23 44 11 11 33 33 33 44 11 44
0 11 22 33 44 14 14 33 31 33 41 11 41
0 33 22 22 44 11 14 33 31 33 44 11 44
0 31 23 23 41 11 14 32 11 32 41 14 41
0 33 22 22 44 11 11 33 33 33 44 11 41
0 33 22 22 44 11 11 33 33 33 44 11 44
0 11 23 23 41 14 44 32 11 33 41 14 41
0 33 22 22 44 11 11 33 33 33 41 11 41
0 33 23 23 41 14 14 32 31 32 41 14 41
0 31 23 23 44 11 11 32 11 33 44 44 44
0 33 22 33 44 11 11 33 33 33 44 11 44
0 33 23 23 41 14 14 33 31 33 41 14 44
0 11 23 23 44 11 14 33 11 33 41 11 11
0 11 23 33 41 11 44 32 31 33 11 44 41
0 31 22 23 44 11 14 33 33 32 44 11 44
0 11 22 33 44 11 11 33 11 33 41 44 44
0 31 23 23 44 11 14 32 31 33 44 14 41
0 33 22 22 44 11 14 33 33 33 41 14 44
0 33 22 23 44 11 11 33 31 33 44 14 44
0 33 22 22 44 11 11 33 31 33 44 11 44
0 33 22 22 44 11 11 33 33 33 44 11 44
0 31 22 33 44 14 11 33 31 33 44 14 44
0 31 23 33 41 14 44 32 31 32 41 14 41
0 31 23 23 41 14 44 33 31 32 44 44 11
0 31 23 23 44 14 44 33 11 33 41 14 11
0 31 22 23 41 14 14 32 31 33 41 14 41
0 31 33 23 41 14 14 32 11 32 41 44 11
0 33 22 22 44 11 11 33 33 33 44 11 44
0 33 22 22 44 11 11 33 33 33 44 11 44
0 33 22 23 44 11 11 32 33 33 44 11 41
0 31 22 23 44 11 11 33 31 33 41 11 41
0 33 23 22 44 11 14 32 31 33 44 14 41
0 33 22 23 44 11 14 33 31 33 44 14 44
0 33 22 23 44 11 14 33 31 33 44 11 44
0 33 22 22 44 11 11 33 33 33 44 11 44
0 11 33 33 44 44 44 33 31 33 41 11 44
0 31 22 23 44 11 14 33 33 33 41 14 44
0 31 23 23 41 14 14 32 11 32 41 11 41
0 33 22 22 44 11 14 32 31 33 41 14 41
0 31 23 23 44 14 44 32 11 33 41 14 41
0 11 23 23 41 14 11 32 31 33 41 14 41
0 31 23 23 44 11 44 33 11 33 41 14 44
0 31 22 23 44 11 14 33 31 33 41 11 44
0 33 22 23 44 14 11 32 33 33 11 11 44
0 31 22 22 44 14 14 33 31 33 41 14 41
0 33 22 23 44 11 11 33 33 33 44 11 41
0 33 22 22 44 11 11 33 33 33 44 11 44
0 31 23 23 41 14 14 33 31 32 44 14 11
0 33 22 22 44 11 11 33 33 33 44 11 44
0 31 23 23 44 11 14 33 31 33 41 14 44
0 33 22 22 44 11 14 33 31 33 44 14 41
0 11 22 23 41 14 44 33 31 33 41 44 44
0 31 22 22 44 11 11 33 33 33 44 11 44
0 31 22 23 44 11 14 33 33 33 44 11 44
0 31 22 23 41 14 14 33 31 32 41 14 44
0 31 22 23 44 11 11 33 33 33 41 14 44
0 33 22 22 44 11 11 33 33 33 44 11 44
0 11 22 23 44 11 44 32 11 32 41 11 41
0 31 23 23 41 11 11 33 33 33 44 14 41
0 33 22 22 44 11 11 33 33 33 44 11 44
0 11 23 33 11 14 44 32 11 32 11 44 41
0 11 33 33 41 14 44 22 11 22 11 44 41
0 33 22 22 44 11 11 33 33 33 44 11 44
0 31 22 23 44 11 14 33 31 32 11 11 44
0 31 22 23 44 11 11 33 33 33 44 14 41
0 11 22 33 44 11 14 32 11 33 11 44 41
0 33 22 22 44 11 11 33 31 33 44 14 41
0 31 22 23 41 11 14 33 31 33 41 14 41
0 33 22 22 44 11 11 33 33 33 44 11 44
0 33 22 22 44 11 11 33 33 33 44 11 44
0 31 23 23 44 11 14 33 31 33 44 14 41
0 11 23 23 41 11 14 32 11 32 41 44 11
0 31 22 23 44 11 14 33 31 33 41 11 44
0 31 22 33 44 11 14 33 11 33 11 14 41
0 31 22 23 44 11 11 33 31 33 44 11 44
0 33 23 23 44 11 11 33 33 33 41 14 44
0 31 22 22 44 11 11 33 33 33 44 11 41
0 31 22 22 44 11 11 33 31 33 44 11 44
0 31 22 23 44 11 14 33 31 33 44 11 41
0 11 23 23 44 44 44 33 11 33 41 44 41
0 33 22 22 44 11 14 33 31 33 44 11 44
0 31 22 23 41 11 14 33 11 33 44 14 44
0 11 22 23 44 11 14 33 33 33 41 14 41
0 33 22 23 44 14 14 33 33 32 44 11 41
0 31 22 22 44 11 14 33 31 33 44 14 41
0 31 22 23 44 11 14 33 31 33 44 11 44
0 31 22 22 44 11 14 33 33 33 44 11 44
0 31 22 22 44 11 14 33 33 33 41 14 44
0 11 22 23 41 11 11 33 31 32 41 14 41
0 11 22 33 44 14 44 33 31 33 41 14 44
0 31 22 23 44 11 14 33 31 33 44 14 41
0 31 22 33 44 11 14 32 31 33 44 44 41
0 31 22 22 44 11 14 33 31 33 41 11 41
0 33 22 23 44 11 11 33 33 33 44 11 41
0 33 22 22 44 11 11 33 31 33 44 11 44
0 33 22 22 44 11 11 33 33 33 44 14 44
0 33 22 22 44 11 11 33 33 33 44 11 44
0 33 22 22 44 11 14 33 33 33 44 11 44
0 33 22 23 44 11 14 33 31 33 44 14 41
0 31 22 22 44 11 11 33 31 33 44 14 44
0 31 22 23 44 11 11 33 33 33 44 11 44
0 33 22 22 44 11 14 33 33 33 44 11 44
0 11 22 22 44 11 14 33 33 33 41 14 44
0 33 22 33 44 11 11 33 33 33 44 14 44
0 31 22 22 41 11 14 33 31 33 44 14 41
0 31 22 23 41 11 11 32 31 33 41 14 41
0 11 22 23 41 11 14 32 31 33 44 11 41
0 33 22 23 44 11 14 33 31 33 44 14 44
0 33 22 22 44 11 11 33 33 33 44 11 44
0 31 22 23 44 14 14 33 33 33 41 14 44
0 31 33 33 44 14 11 33 11 33 41 11 11
0 33 22 33 44 11 14 33 11 33 41 14 41
0 11 23 33 41 11 44 33 11 32 41 44 44
0 31 23 23 41 14 14 32 31 33 41 14 41
0 31 22 23 44 11 14 33 11 33 44 11 44
0 33 22 22 44 11 14 33 31 33 44 11 44
0 33 22 23 44 11 11 33 31 33 41 11 44
0 11 22 33 41 14 44 32 31 33 41 44 41
0 31 22 22 44 11 44 33 31 33 41 11 44
0 11 23 33 41 11 44 32 31 33 11 44 41
0 31 23 23 41 11 14 33 31 33 41 14 41
0 31 23 22 41 14 14 33 31 32 41 14 44
0 31 22 22 44 11 44 33 31 33 44 11 41
0 33 22 22 44 11 14 33 31 33 44 11 41
0 33 22 23 44 11 14 33 33 33 44 14 44
0 11 23 23 44 14 14 32 31 32 41 14 41
0 31 23 23 44 14 14 33 33 33 44 11 41
0 33 22 22 44 11 14 33 31 33 44 14 44
0 11 33 33 11 11 44 22 11 32 11 44 11
0 33 22 22 44 11 14 33 33 33 44 11 44
0 31 23 33 41 14 44 33 31 33 44 14 41
0 31 23 33 41 14 14 33 11 33 11 44 11
0 31 22 22 44 11 11 33 33 33 44 11 44
0 33 22 22 44 11 11 33 33 33 44 11 44
0 31 22 23 44 11 14 33 33 33 44 14 41
0 31 23 33 41 14 14 32 31 32 11 44 41
0 33 22 23 44 14 44 33 33 33 44 11 41
0 31 22 23 41 14 14 32 11 32 44 14 41
0 33 22 22 44 11 11 33 33 33 44 14 44
0 31 22 22 44 11 11 33 33 33 44 11 44
0 11 33 33 11 14 44 22 31 33 41 44 11
0 31 23 23 41 14 44 32 11 22 11 44 41
0 33 22 22 44 11 11 33 33 33 44 14 44
0 31 23 33 41 11 14 32 11 32 41 14 41
0 31 22 23 44 11 44 33 31 33 41 14 44
0 33 22 23 44 11 14 33 31 33 44 11 44
0 31 22 33 44 11 44 33 33 32 41 44 41
0 11 23 33 41 14 14 33 11 33 41 14 11
0 31 23 23 44 11 14 33 31 32 41 14 41
0 31 22 23 44 14 14 33 11 33 41 14 41
0 33 22 22 44 11 11 33 33 33 44 11 44
0 33 22 23 44 11 14 33 31 33 44 14 41
0 31 22 22 44 11 11 33 31 33 41 14 44
0 33 22 22 44 11 11 33 33 33 44 11 44
0 11 22 23 44 11 14 32 31 33 41 44 41
0 31 22 23 44 11 14 33 31 33 44 14 41
0 31 33 33 44 14 44 32 11 22 11 44 41
0 31 22 22 44 11 11 33 31 33 41 11 44
0 31 22 22 44 11 11 33 33 33 41 11 44
0 31 22 33 41 14 44 32 31 32 41 14 41
0 33 22 22 44 11 11 33 33 33 44 11 44
0 31 22 23 44 11 11 33 31 33 44 11 44
0 33 22 23 44 11 11 33 31 33 44 11 41
0 31 22 23 44 11 14 33 33 33 41 11 44
0 31 22 22 41 14 11 32 31 33 41 14 41
0 31 22 33 44 11 11 33 31 33 11 44 41
0 31 22 23 41 14 44 32 11 32 41 44 41
0 31 22 23 44 14 14 33 31 33 44 14 41
0 31 23 23 41 14 14 32 31 32 44 14 41
0 31 22 23 44 11 11 33 33 33 44 11 44
0 33 23 23 44 11 14 33 33 33 44 14 44
0 33 22 22 44 11 11 33 33 33 44 11 44
0 31 23 23 41 14 14 32 31 32 41 14 41
0 31 22 23 44 11 11 33 31 33 44 11 44
0 33 22 23 44 11 11 33 33 33 44 11 44
0 33 22 22 44 11 11 33 31 33 41 14 44
0 31 22 22 44 11 14 33 31 33 41 11 44
0 33 23 23 44 11 44 33 11 32 41 14 44
0 31 22 22 44 11 14 33 33 33 41 11 44
0 33 22 22 44 11 11 33 33 33 44 11 44
0 31 22 23 41 11 14 33 31 32 44 11 44
0 11 23 33 11 14 44 22 31 32 41 14 41
0 31 23 23 44 11 11 33 31 33 41 14 41
0 33 22 22 44 11 14 33 31 33 44 11 44
0 33 22 23 41 11 14 33 31 33 41 44 41
0 33 22 33 44 11 14 33 31 33 44 14 44
0 33 22 23 44 11 11 33 33 33 44 11 44
0 31 23 22 44 11 11 32 33 33 44 14 41
0 31 22 23 41 11 14 32 31 33 41 14 41
0 31 23 22 44 11 11 33 33 33 41 11 44
0 31 23 23 41 14 14 32 31 33 41 14 41
0 33 23 22 41 11 11 33 33 33 44 14 41
0 31 23 33 44 14 14 33 11 33 44 14 44
0 33 23 23 44 11 14 32 31 33 41 14 41
0 33 22 23 44 11 44 33 31 33 41 14 44
0 33 22 22 44 11 11 33 33 33 44 11 44
0 11 22 22 44 11 11 33 31 33 41 14 44
0 31 22 23 44 11 14 33 33 33 41 14 41
0 31 22 22 44 11 11 32 31 33 41 11 44
0 33 22 22 44 11 14 33 33 33 44 11 41
0 11 23 33 44 14 14 32 31 33 11 14 44
0 31 23 23 41 14 14 32 31 32 41 14 41
0 31 22 23 44 11 14 33 33 33 44 14 44
0 33 22 23 44 11 11 33 33 33 44 11 44
0 31 22 23 44 11 14 32 31 33 41 14 44
0 31 23 23 41 11 11 32 31 32 41 14 41
0 11 23 23 41 14 14 33 31 32 41 14 41
0 11 22 23 44 14 44 32 11 33 44 14 44
0 31 22 23 44 11 14 33 11 33 41 14 41
0 31 22 23 44 14 14 33 31 33 41 14 44
0 31 33 23 41 14 14 33 31 32 41 14 41
0 33 22 23 44 11 14 33 33 33 44 14 44
0 31 22 22 44 11 14 33 31 33 41 14 41
0 31 22 22 44 11 14 33 33 33 41 14 41
0 33 22 23 41 11 14 33 31 33 44 11 41
0 33 22 22 44 11 14 33 31 32 44 14 44
0 33 22 22 44 11 11 33 33 33 44 11 44
0 33 22 23 44 14 14 33 33 33 44 11 44
0 33 22 22 44 11 14 33 31 33 44 11 44
0 33 23 33 44 11 11 33 33 33 44 11 44
0 31 22 23 44 14 14 32 33 32 41 14 41
0 31 22 33 44 11 44 32 31 32 41 11 41
0 33 22 22 44 11 11 33 33 33 44 11 44
0 31 22 22 41 11 11 33 31 33 41 14 44
0 33 23 23 41 11 11 33 33 33 41 44 44
0 11 23 33 41 14 14 33 31 32 41 44 41
0 33 23 22 44 11 14 33 31 33 44 14 44
0 11 23 33 41 11 44 22 11 32 41 44 41
0 33 22 22 41 11 11 33 33 33 44 11 41
0 33 22 22 44 11 14 33 33 33 44 11 44
0 31 23 23 44 11 44 33 31 33 11 14 41
0 33 22 22 44 11 11 33 31 33 44 11 41
0 11 23 33 41 11 44 33 31 33 41 11 41
0 31 22 22 44 11 11 33 33 33 44 11 44
0 31 23 23 41 14 14 33 11 33 41 44 41
0 31 22 22 44 11 11 33 11 33 41 14 44
0 31 22 22 44 11 11 33 31 32 44 14 44
0 31 23 33 41 14 14 32 11 32 41 14 41
0 31 23 23 44 11 14 32 31 33 11 14 11
0 11 23 33 41 14 44 32 11 32 41 44 41
0 31 22 22 44 11 11 33 31 33 44 14 44
0 33 23 22 41 11 14 33 31 33 41 14 44
0 31 23 22 44 11 11 33 31 33 44 14 44
0 31 22 23 44 11 11 33 33 33 44 11 44
0 31 22 23 44 11 44 32 31 33 41 14 44
0 31 22 23 41 11 14 33 31 32 41 14 44
0 31 22 23 44 14 14 33 31 33 41 14 44
0 33 22 22 44 11 11 33 33 33 44 11 44
0 33 22 22 44 11 11 33 31 33 44 11 44
0 33 23 22 44 11 14 32 31 33 41 14 41
0 33 22 22 44 11 11 33 33 33 44 11 44
0 33 22 33 41 11 14 33 11 33 41 14 41
0 11 23 33 41 11 14 33 31 33 41 44 41
0 31 23 33 41 44 44 32 11 32 11 44 11
0 31 22 22 44 11 11 33 31 33 44 11 44
0 33 22 22 44 11 14 32 33 33 44 14 41
0 31 22 23 44 11 11 32 33 33 44 11 44
0 33 22 22 44 11 14 33 33 33 44 11 44
0 31 23 23 44 11 14 32 31 32 44 14 41
0 33 22 22 44 11 11 33 31 33 44 11 44
0 33 22 22 44 11 11 33 33 33 44 11 44
0 33 22 23 44 11 11 33 33 33 44 11 44
0 33 23 23 41 11 14 33 31 33 44 14 44
0 33 22 22 44 11 44 33 31 33 41 14 44
0 11 23 23 44 14 11 33 11 33 41 14 41
0 33 22 22 44 11 11 33 33 33 44 11 44
0 33 22 22 44 11 11 33 33 33 44 11 44
0 31 22 23 44 11 14 33 33 33 41 14 44
0 11 23 23 41 11 14 33 31 33 11 44 41
0 11 22 22 44 11 14 33 33 33 41 44 44
0 31 23 23 41 14 14 32 31 32 41 44 41
0 33 22 23 44 11 14 33 31 33 44 11 44
0 33 23 23 44 11 14 33 31 33 41 14 44
0 33 22 22 44 11 11 33 33 33 44 11 44
0 31 23 23 44 14 14 33 31 32 41 11 41
0 33 22 22 44 11 11 33 33 33 44 11 44
0 33 22 22 44 11 14 33 33 33 44 11 44
0 33 22 22 44 11 14 33 33 33 44 11 44
0 33 22 22 44 11 11 33 33 33 44 11 44
0 31 22 23 41 14 14 32 31 32 41 14 41
0 31 22 22 44 11 11 33 33 33 41 11 44
0 31 22 22 44 11 11 33 31 33 44 11 44
0 31 23 23 41 14 14 32 31 32 41 14 41
0 31 22 23 44 14 11 33 31 33 41 14 44
0 33 22 22 44 11 14 33 33 33 44 11 44
0 31 22 23 41 11 14 32 31 33 41 14 41
0 31 22 33 44 11 11 33 33 33 44 14 44
0 31 22 22 44 11 14 33 33 33 44 11 44
0 33 23 23 41 14 14 32 31 33 41 14 41
0 33 22 22 44 14 11 33 31 33 44 11 44
0 11 23 33 41 14 44 33 11 33 41 44 41
0 33 22 22 44 11 11 33 33 33 44 11 44
0 33 22 22 44 11 11 33 31 32 41 11 44
0 31 22 23 41 11 44 32 11 33 41 44 44
0 33 22 22 44 11 11 33 33 33 44 11 44
0 33 22 23 44 11 11 33 31 33 41 14 44
0 33 22 23 44 11 11 33 31 33 44 11 44
0 31 23 33 44 14 14 33 11 33 44 44 11
0 31 22 23 44 14 14 32 31 32 44 14 41
0 33 23 23 44 14 14 33 31 33 41 14 41
0 33 22 23 44 11 14 33 33 33 44 11 41
0 31 23 33 44 11 14 33 11 32 41 14 44
0 33 22 23 44 11 14 33 31 33 44 14 41
0 31 23 22 44 11 44 33 31 33 11 11 44
0 33 22 23 44 11 14 33 33 33 44 11 44
0 33 22 22 44 11 11 33 33 33 44 14 41
0 33 22 23 41 11 11 33 31 33 44 11 41
0 31 23 23 44 14 14 33 31 33 41 14 44
0 31 22 22 44 11 14 32 33 33 44 14 41
0 31 22 23 44 14 11 32 31 32 41 11 44
0 33 22 22 44 11 11 33 31 33 44 11 44
0 33 22 22 41 11 11 33 33 33 44 11 44
0 31 22 23 41 11 14 33 31 33 41 44 44
0 33 22 23 44 11 11 33 33 33 44 11 44
0 33 22 22 41 11 14 33 31 32 41 14 41
0 31 22 22 44 11 14 33 31 33 41 14 44
0 33 22 22 44 11 11 33 33 33 44 11 44
0 33 22 22 44 11 11 33 33 33 44 11 44
0 31 23 33 41 11 14 33 11 33 11 14 41
0 31 22 22 44 11 11 33 33 33 44 11 44
0 33 22 22 44 11 14 33 33 33 44 11 44
0 31 22 23 44 11 11 33 31 33 44 14 44
0 31 22 22 44 11 11 33 33 33 44 11 44
0 33 23 33 44 11 14 32 31 33 41 14 41
0 33 22 23 44 11 14 33 31 33 44 14 44
0 31 22 23 44 11 11 33 11 33 41 14 41
0 33 22 22 44 11 11 33 31 33 41 14 41
0 33 22 23 44 11 11 33 31 33 44 11 44
0 31 22 23 44 11 11 32 31 33 41 11 41
0 33 22 22 44 11 11 33 33 33 44 11 44
0 31 22 22 44 11 14 33 31 33 41 11 44
0 11 33 33 41 14 44 33 11 32 11 44 41
0 31 23 23 44 11 14 32 31 33 41 14 41
0 33 22 23 44 14 14 33 33 33 44 14 41
0 31 22 23 44 14 44 32 11 33 41 11 41
0 31 22 22 44 11 14 33 31 33 44 11 44
0 33 22 22 44 11 11 33 33 33 44 11 44
0 33 22 33 41 11 44 33 11 33 11 14 41
0 31 22 33 44 11 14 33 31 33 41 14 41
0 31 22 23 41 11 14 33 31 32 41 14 41
0 33 22 22 44 11 11 33 33 33 44 11 44
0 33 23 33 44 14 14 33 11 32 44 14 44
0 31 22 23 41 14 11 33 33 33 41 14 41
0 31 22 23 44 14 14 33 31 32 41 14 41
0 31 23 23 44 14 14 32 31 32 41 44 41
0 33 22 23 44 11 14 33 33 33 44 14 44
0 11 22 33 41 14 44 33 11 32 41 44 11
0 31 22 22 41 11 44 33 31 32 11 44 41
0 31 23 23 41 14 14 32 31 32 41 14 41
0 31 23 33 41 44 14 32 11 33 11 44 41
0 31 22 22 44 11 14 33 31 33 41 14 44
0 33 22 22 44 11 11 33 33 33 44 11 44
0 11 33 33 11 14 44 22 11 22 11 44 11
0 33 22 23 44 11 11 33 31 33 44 11 44
0 33 22 22 44 11 11 33 33 33 41 11 44
0 33 23 23 44 11 14 33 33 33 41 14 44
0 31 23 22 44 11 14 33 11 33 11 14 41
0 31 22 33 44 11 14 33 11 33 11 44 41
0 33 23 23 44 14 11 33 33 33 44 14 41
0 33 22 22 44 11 11 33 33 33 44 11 44
0 31 22 23 44 11 14 33 31 33 41 11 44
0 33 22 23 41 14 14 32 31 33 41 14 41
0 31 22 23 44 11 14 33 31 33 41 44 44
0 33 23 23 44 11 44 33 31 33 41 14 41
0 31 22 22 44 11 11 33 31 33 44 11 41
0 31 33 33 11 14 44 32 11 32 11 44 11
0 33 23 23 44 11 11 33 31 33 41 11 41
0 31 23 23 41 14 14 32 11 33 11 14 41
0 33 22 22 44 11 11 33 33 33 44 11 44
0 11 23 33 41 14 11 32 11 32 11 14 41
0 33 22 23 44 11 11 33 31 33 44 14 44
0 11 22 33 44 11 44 33 33 32 41 11 44
0 33 22 33 44 11 11 33 33 33 41 14 44
0 33 22 23 44 11 14 33 31 33 44 11 44
0 33 22 22 44 11 11 33 33 33 44 11 44
0 33 23 23 44 11 11 33 31 33 41 11 11
0 31 23 23 41 11 14 33 31 32 44 14 44
0 31 22 22 44 11 14 33 31 33 44 14 44
0 33 22 33 44 11 14 32 31 33 44 14 44
0 31 22 23 44 11 11 33 33 33 44 14 44
0 11 23 23 11 11 44 33 31 33 41 14 41
0 31 22 33 41 11 44 33 11 32 41 14 41
0 33 22 23 44 11 11 33 33 33 41 11 44
0 11 22 23 41 11 44 32 11 32 11 14 41
0 33 23 23 44 11 44 33 11 33 41 14 44
0 31 22 23 41 14 14 33 31 33 44 14 41
0 31 22 23 44 11 11 33 31 32 44 11 41
0 11 22 33 44 11 44 33 11 33 44 44 44
0 31 23 33 11 14 44 32 11 32 11 14 11
0 33 22 23 44 11 11 33 33 33 44 11 44
0 33 22 22 44 11 14 33 31 32 41 14 44
0 31 22 23 44 14 14 33 33 33 44 14 44
0 31 22 33 44 11 14 32 31 33 44 14 44
0 31 22 23 44 11 44 33 11 33 44 14 41
0 33 22 22 44 11 11 33 33 33 44 11 44
0 31 23 23 41 14 44 22 11 33 41 14 11
0 31 22 23 44 11 44 33 33 33 41 14 41
0 11 22 23 41 11 14 33 31 33 41 14 41
0 31 23 23 41 14 44 33 31 32 11 14 41
0 11 23 23 41 11 44 32 31 33 44 44 41
0 11 33 23 44 14 44 33 11 33 41 44 11
0 31 22 33 44 11 44 33 31 33 41 14 41
0 31 22 23 41 14 14 32 31 32 41 14 41
0 33 23 23 41 14 14 32 11 33 41 44 41
0 33 22 22 44 11 11 33 33 33 44 11 44
0 31 22 23 44 14 44 33 11 33 41 14 41
0 31 22 23 44 11 11 33 33 33 44 14 44
0 31 23 23 41 14 14 33 31 32 41 14 41
0 11 23 33 41 14 14 32 31 33 41 44 11
0 31 23 23 44 14 14 33 31 33 44 11 41
0 33 33 23 41 11 14 33 11 33 41 14 44
0 11 22 33 44 14 44 32 11 32 11 44 44
0 31 22 23 44 11 14 33 31 33 41 14 41
0 31 22 22 44 11 44 33 33 33 11 14 11
0 33 22 22 44 11 11 33 11 33 44 11 44
0 31 23 23 41 11 11 33 31 33 41 14 41
0 11 23 33 44 11 44 32 11 32 41 44 41
0 11 23 33 41 14 44 32 11 33 41 14 11
0 31 22 22 44 11 11 33 31 33 44 14 44
0 33 22 22 44 14 11 33 33 33 44 11 44
0 31 22 22 44 11 11 33 33 33 44 11 41
0 33 22 22 44 11 11 33 33 33 44 11 44
0 31 22 22 44 11 14 33 33 33 44 14 44
0 31 22 23 44 11 14 32 31 33 41 14 44
0 33 23 23 44 11 11 33 31 33 44 11 44
0 33 22 22 44 11 11 33 33 33 44 11 44
0 31 22 23 44 14 14 32 33 33 44 14 44
0 31 23 23 41 14 14 32 31 32 41 14 41
0 31 23 23 44 11 11 33 31 32 44 14 44
0 31 23 33 44 11 44 33 33 33 41 14 41
0 33 22 23 44 11 14 33 33 33 44 11 44
0 11 23 23 44 11 14 33 31 33 41 14 44
0 33 22 22 44 11 11 33 33 33 41 11 44
0 31 22 33 44 14 14 33 11 33 44 44 11
0 33 22 23 44 11 11 33 33 33 44 11 44
0 31 23 23 44 11 44 33 33 33 41 14 44
0 31 22 23 44 11 11 33 33 33 44 14 44
0 31 22 23 44 11 11 33 31 33 41 11 41
0 11 22 23 44 11 14 33 11 33 44 14 41
0 11 23 33 41 11 44 33 11 33 41 14 44
0 33 22 23 44 11 11 33 33 33 44 14 44
0 33 22 22 44 11 11 33 33 33 44 11 44
0 33 22 22 44 11 11 33 31 33 41 11 41
0 31 23 22 44 11 11 33 33 33 44 14 44
0 33 22 22 44 11 11 33 33 33 44 11 44
0 31 23 23 41 14 14 33 31 33 44 11 44
0 31 22 23 41 11 11 33 31 33 41 11 41
0 33 22 22 44 11 11 33 33 33 44 11 44
0 31 22 23 44 11 14 33 33 33 44 14 44
0 33 22 22 44 11 11 33 33 33 44 11 41
0 11 23 33 44 14 44 33 31 33 44 14 44
0 31 22 33 44 11 44 33 11 33 41 44 44
0 33 22 22 44 11 11 33 33 33 44 11 44
0 11 33 33 41 14 44 32 11 22 11 44 11
0 33 23 22 44 11 11 33 33 33 44 11 44
0 31 22 22 44 11 11 33 33 33 44 14 44
0 31 22 23 44 11 14 33 31 33 41 11 44
0 33 22 22 44 11 11 33 31 33 44 11 41
0 31 22 23 44 11 11 33 31 33 41 11 44
0 31 22 22 44 11 11 33 31 33 44 14 44
0 31 22 22 41 14 11 32 31 33 41 14 41
0 31 22 23 41 11 14 33 11 33 41 11 44
0 33 22 33 44 11 14 33 31 33 41 14 44
0 33 22 23 44 11 14 32 33 33 41 14 44
0 33 22 22 44 11 11 33 33 33 44 11 44
0 33 22 23 44 11 14 33 31 33 41 11 44
0 31 23 23 44 11 14 33 31 22 41 14 11
0 33 22 22 44 11 11 33 33 33 44 14 44
0 31 22 33 11 11 14 33 11 32 41 44 11
0 33 22 23 44 14 14 33 11 32 44 14 41
0 11 23 23 44 11 44 32 11 33 11 14 44
0 31 23 23 41 11 14 33 11 33 44 11 44
0 33 22 22 44 11 11 33 33 33 44 11 41
0 31 23 33 44 14 44 32 31 33 41 44 41
0 31 22 23 41 11 14 33 11 33 41 11 41
0 11 33 33 11 44 44 32 11 32 11 44 11
0 31 22 23 44 11 14 33 11 32 44 11 44
0 31 22 22 44 11 11 33 11 33 44 14 44
0 31 22 23 44 11 14 32 31 33 41 14 44
0 33 22 23 44 11 11 33 33 33 44 11 44
0 33 22 22 44 11 11 33 33 33 44 11 44
0 31 23 23 41 14 14 32 31 32 41 14 41
0 33 22 22 44 11 14 33 33 33 44 11 44
0 31 23 23 41 11 14 32 31 33 41 44 41
0 33 22 22 44 11 14 33 33 33 44 11 44
0 33 22 22 44 11 11 33 33 33 44 11 44
0 33 23 23 44 14 14 32 31 32 41 11 41
0 33 22 22 44 11 11 33 33 33 44 11 44
0 31 23 23 41 14 14 33 31 33 41 14 41
0 31 22 23 41 11 44 33 31 32 41 44 41
0 11 23 33 44 14 44 33 11 33 41 44 41
0 33 22 22 44 11 11 33 33 33 44 14 44
0 31 22 23 44 11 14 32 33 33 41 11 41
0 31 22 23 41 14 14 33 31 32 11 14 41
0 33 22 22 44 11 14 33 33 33 44 14 44
0 31 23 23 44 14 14 33 31 32 41 11 41
0 31 23 23 41 14 14 32 31 33 41 14 44
0 31 22 23 44 11 14 33 31 33 44 14 44
0 33 23 22 44 11 11 33 31 33 44 11 44
0 11 33 23 44 11 44 32 11 32 11 44 41
1 31 23 33 44 11 44 33 31 33 41 14 41
1 33 22 22 44 11 11 33 33 33 44 11 44
1 11 23 22 44 11 14 33 31 33 44 11 44
1 31 22 22 41 14 14 33 11 33 41 14 11
1 33 23 33 41 11 14 33 33 32 44 44 44
1 11 23 23 44 11 14 32 11 33 41 14 11
1 33 22 22 44 11 11 33 31 33 44 11 44
1 33 22 22 44 11 14 33 33 33 44 11 44
1 33 22 23 44 11 44 33 11 32 44 14 41
1 33 22 22 44 11 11 33 33 33 44 11 44
1 11 23 33 41 11 44 22 11 32 11 44 11
1 31 22 22 44 11 11 33 31 33 44 14 44
1 33 22 23 44 11 11 33 31 33 44 14 41
1 11 22 22 44 11 14 33 31 33 44 11 44
1 33 33 23 44 11 11 33 31 33 44 14 41
1 11 22 23 41 11 44 32 31 32 41 44 41
1 33 22 22 44 11 11 33 33 33 44 11 44
1 31 23 23 41 11 14 32 31 32 44 14 41
1 31 23 23 44 11 14 33 31 33 41 14 41
1 31 22 23 41 11 14 33 31 33 44 11 41
1 31 23 23 41 11 14 32 31 33 41 14 44
1 31 22 33 41 14 44 22 11 22 11 44 11
1 31 22 23 44 11 14 33 33 33 44 14 44
1 31 23 23 41 11 14 32 31 33 41 14 41
1 33 22 22 44 11 11 33 33 33 44 11 44
1 31 22 23 44 11 14 33 31 33 44 14 41
1 31 22 33 44 14 11 33 31 32 11 14 41
1 33 22 22 44 11 11 33 33 33 44 11 44
1 11 23 23 44 11 14 33 11 33 44 11 41
1 33 22 22 44 11 11 33 31 33 44 11 44
1 31 22 33 41 11 14 32 31 33 11 44 41
1 31 22 22 44 11 11 33 31 33 44 11 44
1 31 22 23 44 11 14 32 31 33 41 44 41
1 31 22 23 41 11 14 32 31 33 41 14 44
1 31 22 22 44 11 14 32 33 33 44 44 41
1 33 22 22 44 11 11 33 33 33 44 11 44
1 33 22 23 44 11 11 33 33 33 44 11 44
1 31 22 23 44 11 14 32 11 33 41 14 41
1 31 23 23 41 14 14 32 31 32 11 14 41
1 31 23 22 41 11 11 33 33 33 44 14 41
1 31 23 22 41 11 44 32 11 33 41 14 11
1 11 23 33 41 14 14 32 31 32 41 44 41
1 31 22 23 44 11 44 33 11 33 44 11 41
1 31 22 23 41 14 14 33 31 33 44 11 41
1 31 22 23 44 11 44 33 11 33 44 44 41
1 31 23 33 41 14 44 32 11 32 41 44 41
1 33 22 23 44 14 14 33 31 33 41 44 41
1 31 23 23 41 11 14 33 11 33 41 14 41
1 31 23 23 41 14 14 32 31 32 41 14 41
1 31 22 23 44 11 14 33 31 33 41 14 44
1 31 22 23 41 11 14 33 33 33 41 14 41
1 31 22 33 44 11 44 32 31 33 41 14 41
1 31 22 23 41 14 14 32 31 33 41 14 41
1 31 23 23 44 11 14 33 31 33 41 14 41
1 31 23 23 41 14 44 32 11 32 11 44 41
1 31 22 23 44 11 11 33 31 33 44 14 44
1 31 22 22 44 11 14 33 33 33 44 11 44
1 33 22 23 41 11 11 33 31 33 44 14 44
1 31 22 23 44 11 14 33 31 33 44 14 44
1 31 22 22 44 11 11 33 33 33 44 14 44
1 33 23 33 44 11 44 32 31 33 41 44 44
1 31 23 23 41 14 14 32 31 32 41 14 41
1 31 22 22 41 11 14 33 31 33 41 14 41
1 33 22 22 44 11 44 33 33 33 44 11 44
1 31 22 23 44 11 11 33 33 33 41 14 44
1 33 22 22 44 11 11 33 33 33 44 11 44
1 31 23 23 44 14 44 33 31 33 44 44 44
1 33 22 33 44 11 14 33 11 22 11 44 41
1 31 22 23 44 14 14 33 31 33 41 14 44
1 31 22 23 41 14 14 33 11 33 41 14 41
1 11 23 33 44 44 44 32 11 22 41 44 11
1 31 23 23 41 14 14 33 31 32 41 14 41
1 31 22 23 41 14 11 33 31 33 44 14 44
1 11 22 33 44 14 14 33 31 33 41 44 11
1 31 22 22 44 14 11 33 33 33 41 14 44
1 33 22 23 44 11 11 32 31 33 41 14 41
1 31 22 23 44 14 14 33 31 32 44 11 44
1 33 22 23 44 11 11 33 31 33 41 14 44
1 33 22 23 41 11 14 33 31 32 41 14 41
1 31 22 23 44 11 11 33 31 33 44 14 44
1 33 22 22 44 11 11 33 33 33 44 11 44
1 33 22 22 44 11 11 33 33 33 44 11 44
1 31 23 23 44 14 14 32 11 32 41 44 41
1 33 22 22 44 11 11 33 33 33 44 11 44
1 31 22 23 44 11 44 32 31 33 41 11 44
1 31 23 23 44 11 14 33 11 33 41 14 41
1 33 22 22 44 11 11 33 33 33 44 11 44
1 31 23 22 44 11 14 33 31 32 41 14 41
1 11 23 23 41 14 14 33 11 32 41 44 44
1 11 22 23 41 11 44 33 31 32 44 11 41
1 33 22 23 44 11 11 33 33 33 44 11 44
1 31 22 23 44 11 14 32 31 32 41 14 41
1 31 22 22 44 11 11 33 33 33 41 11 44
1 31 22 33 44 11 11 33 31 33 41 14 44
1 31 23 23 41 14 14 32 31 32 11 44 41
1 31 23 22 44 11 11 33 33 33 44 11 44
1 31 23 23 41 14 44 32 31 32 41 44 41
1 31 33 23 41 14 14 32 11 32 41 44 11
1 33 22 22 44 11 11 33 31 33 44 11 44
1 31 23 23 41 14 14 32 31 32 41 44 41
1 31 22 22 44 11 11 33 33 33 44 11 44
1 11 22 33 11 14 14 32 11 32 11 44 11
1 33 22 33 44 11 44 33 33 33 44 11 44
1 11 23 23 41 11 44 33 11 33 41 14 41
1 11 23 33 41 14 14 32 31 33 41 14 41
1 11 23 23 44 14 14 32 31 32 11 14 41
1 31 22 23 44 14 14 33 31 33 41 11 44
1 33 22 23 44 11 11 33 31 33 44 14 44
1 11 22 23 41 11 11 33 31 33 11 44 44
1 33 22 22 44 11 11 33 33 33 44 11 44
1 31 22 23 41 14 44 33 31 32 41 14 11
1 31 22 23 41 11 14 32 11 32 44 14 41
1 33 23 22 44 14 14 33 33 33 44 11 44
1 31 22 22 44 11 11 33 31 33 44 11 44
1 33 22 22 44 11 11 33 31 33 44 11 44
1 31 33 33 41 14 14 22 31 32 41 14 41
1 31 33 33 41 11 14 33 11 32 41 44 41
1 11 23 33 41 14 14 33 31 33 41 14 41
1 31 22 23 44 11 14 33 33 33 41 11 44
1 31 23 22 44 14 44 33 31 33 41 44 44
1 31 22 23 41 11 14 33 31 33 41 11 41
1 33 22 23 44 11 11 33 33 33 44 14 44
1 33 22 22 44 11 14 33 31 33 44 14 41
1 33 22 23 44 11 11 33 11 33 44 11 44
1 33 22 33 44 11 14 33 33 33 44 14 44
1 31 22 22 44 11 14 33 31 33 41 11 44
1 11 22 23 44 11 44 33 31 33 44 14 41
1 33 22 23 44 11 14 33 31 33 41 14 44
1 33 22 22 44 11 11 33 33 33 44 11 41
1 31 22 23 41 14 14 32 31 33 41 11 44
1 31 22 22 44 11 14 33 33 33 44 11 44
1 11 23 23 44 14 14 32 31 33 41 14 41
1 31 22 23 41 11 11 33 33 32 44 11 41
1 11 23 33 11 44 44 22 11 22 41 44 11
1 31 22 23 44 11 11 33 31 32 44 11 44
1 31 22 22 44 11 11 33 33 33 41 11 44
1 31 22 23 41 11 14 33 33 33 41 11 41
1 31 23 23 44 11 14 32 31 33 44 11 41
1 33 22 23 41 11 44 33 31 33 44 14 44
1 33 22 22 44 11 11 33 33 33 44 11 44
1 33 22 23 44 11 14 33 31 33 44 11 44
1 33 22 33 41 14 44 33 11 33 44 11 11
1 31 22 22 44 11 11 33 33 33 44 11 44
1 31 23 33 44 11 14 33 31 33 11 14 11
1 33 22 22 44 11 11 33 33 33 44 11 44
1 31 23 23 44 14 14 33 31 32 41 14 44
1 11 23 33 11 14 44 22 11 32 11 44 11
1 11 23 33 41 14 44 32 11 32 41 44 41
1 31 23 23 44 14 14 33 31 33 41 14 41
1 33 22 22 44 11 11 33 33 33 41 11 44
1 31 22 33 44 11 44 33 31 33 41 14 44
1 33 22 22 44 11 11 33 31 33 44 11 44
1 31 22 23 44 11 11 32 31 33 44 14 44
1 31 22 22 41 14 11 32 31 33 44 11 44
1 33 22 22 44 11 11 33 33 33 44 14 44
1 33 22 22 44 11 11 33 31 32 44 44 44
1 33 22 22 44 11 11 33 33 33 44 11 44
1 33 22 23 44 14 14 32 31 33 41 14 41
1 33 22 23 44 11 14 33 31 33 44 11 44
1 33 22 23 44 11 11 33 33 33 41 11 44
1 33 22 23 44 11 14 33 31 33 44 14 41
1 33 22 23 44 11 14 33 33 33 44 44 41
1 33 22 22 44 11 11 33 33 33 44 14 44
1 33 22 22 44 11 11 33 33 33 44 11 44
1 31 22 23 41 11 14 33 31 33 41 14 41
1 33 22 23 44 11 14 33 31 33 11 14 41
1 11 23 23 41 14 44 33 31 32 41 44 11
1 33 22 23 44 11 11 33 11 33 44 11 44
1 31 23 23 44 14 14 32 11 33 41 44 41
1 31 23 33 44 14 14 33 31 33 41 14 11
1 33 22 22 44 11 11 33 33 33 44 11 44
1 11 22 33 41 14 44 33 11 33 41 44 41
1 11 33 33 44 11 44 33 11 33 41 14 41
1 33 22 22 44 11 11 33 33 33 44 11 44
1 31 22 22 44 11 11 33 33 33 44 11 44
1 33 22 23 44 11 11 33 31 33 44 11 41
1 31 23 23 41 14 14 32 31 32 41 14 41
1 33 23 23 44 11 11 33 33 33 44 14 41
1 31 22 23 44 14 14 33 31 33 44 14 41
1 11 23 23 44 14 14 32 11 33 41 44 41
1 33 22 22 44 11 14 33 31 33 44 14 44
1 31 22 23 41 14 14 33 31 33 44 14 41
1 11 22 23 41 11 14 33 31 33 41 44 41
1 33 23 22 44 11 14 33 31 33 44 14 41
1 33 22 22 44 11 11 33 33 33 41 14 41
1 33 22 23 44 11 14 33 31 32 44 14 41
1 31 22 22 44 11 44 32 31 33 44 14 11
1 33 22 23 44 11 11 33 31 33 41 11 44
1 33 22 22 44 11 11 33 33 33 41 11 44
1 11 22 33 44 14 14 32 11 33 41 14 41
1 33 22 22 44 11 14 33 31 33 44 11 44
1 31 22 33 41 11 14 33 31 33 41 11 44
1 31 22 22 44 11 14 33 31 33 44 11 44
1 31 22 23 41 11 14 33 31 33 41 14 41
1 31 22 23 44 11 11 33 33 33 44 11 44
1 31 23 22 44 11 44 33 11 33 41 44 44
1 31 22 33 44 11 14 33 31 32 41 44 41
1 33 22 33 44 11 14 33 31 33 44 14 44
1 33 22 22 44 11 11 33 33 33 44 11 44
1 33 22 23 44 11 14 33 33 33 44 11 44
1 33 22 22 44 11 14 33 33 33 44 11 41
1 31 22 22 44 11 11 33 33 33 44 11 44
1 31 22 23 41 14 14 33 31 33 41 14 41
1 31 22 23 44 14 14 32 33 33 44 11 44
1 31 23 23 41 14 14 33 31 33 41 14 44
1 33 22 22 44 11 11 33 33 33 44 14 44
1 31 22 22 44 11 14 32 31 33 44 11 41
1 31 22 23 44 11 14 33 31 33 41 44 41
1 31 22 23 44 11 14 33 31 33 44 11 41
1 31 22 22 44 11 14 33 31 33 41 11 41
1 33 22 22 44 11 11 33 33 33 44 11 44
1 11 23 33 41 14 44 32 11 32 11 44 11
1 11 22 33 44 11 11 33 31 32 41 11 41
1 33 22 22 44 11 11 33 33 33 44 11 44
1 31 22 23 44 11 14 33 31 33 44 44 41
1 31 23 23 41 14 44 32 31 33 41 44 41
1 31 22 23 44 14 14 33 33 33 41 14 41
1 31 22 23 44 14 14 33 31 33 41 14 41
1 31 22 23 44 11 14 32 31 33 41 14 41
1 31 23 33 44 14 44 33 31 33 41 44 44
1 31 23 23 41 11 14 32 31 32 41 14 41
1 11 23 22 44 14 14 33 11 33 44 11 11
1 31 22 22 44 14 11 33 31 33 44 11 41
1 31 22 23 41 11 14 33 31 33 41 14 41
1 33 22 33 44 11 11 33 33 33 44 14 44
1 31 23 22 44 11 14 33 33 33 41 14 44
1 31 22 23 44 11 14 33 31 32 11 14 41
1 31 23 23 41 11 14 33 31 33 41 14 41
1 31 23 33 44 11 14 33 11 33 41 44 11
1 33 22 22 44 11 11 33 31 33 44 14 44
1 33 22 22 44 11 11 33 33 33 44 11 44
1 11 23 33 44 44 44 33 11 33 41 44 41
1 33 22 23 44 11 14 32 31 33 44 14 11
1 31 22 22 41 11 11 33 33 33 44 11 44
1 31 22 23 44 11 14 33 33 33 44 14 41
1 31 33 33 44 11 44 32 11 33 11 44 41
1 11 22 33 44 11 44 32 31 33 44 14 41
1 31 33 33 44 14 44 33 11 32 41 44 41
1 33 22 22 44 11 11 33 33 33 44 11 44
1 11 22 23 44 11 44 33 33 33 41 14 44
1 33 22 22 44 11 11 33 33 33 41 14 44
1 31 22 22 41 14 44 33 31 33 44 44 41
1 31 23 23 44 11 14 33 31 33 44 14 44
1 31 23 23 41 14 14 32 31 32 41 14 41
1 31 23 33 44 11 44 33 31 33 41 14 41
1 31 23 33 41 14 14 33 11 32 41 14 44
1 31 23 23 41 11 14 33 31 33 44 14 44
1 11 23 23 41 11 14 33 11 32 41 44 41
1 33 22 23 44 14 14 33 31 33 44 14 44
1 31 22 23 44 11 14 32 33 33 44 11 44
1 33 22 22 44 11 11 33 33 33 44 11 44
1 33 22 22 44 11 11 33 33 33 44 11 41
1 33 23 33 41 11 44 32 31 32 41 14 44
1 31 22 23 41 14 14 32 31 32 41 14 41
1 31 23 23 44 14 14 33 31 32 41 14 44
1 33 22 22 44 11 14 33 31 33 41 14 41
1 31 22 23 41 11 14 33 31 32 41 14 41
1 31 22 22 44 11 14 33 31 33 41 14 41
1 33 22 22 44 11 14 33 33 33 41 11 44
1 31 22 23 41 11 44 32 31 32 41 14 41
1 33 22 33 44 11 11 33 33 33 44 14 44
1 33 22 22 44 11 14 33 33 33 44 11 44
1 11 23 33 11 14 44 22 11 32 11 44 41
1 33 23 22 41 14 14 32 31 33 41 14 41
1 31 23 23 44 14 44 33 31 33 11 14 41
1 31 22 23 41 11 14 33 31 33 41 11 41
1 11 22 23 44 11 14 33 31 33 41 44 41
1 31 22 22 44 11 11 32 31 33 44 11 44
1 31 22 22 44 11 11 33 33 33 44 14 44
1 33 22 22 44 11 11 33 33 33 44 14 41
1 31 22 23 44 14 11 33 31 33 41 11 44
1 33 22 22 44 11 11 33 31 33 44 14 41
1 31 22 23 44 11 14 33 33 33 44 44 41
1 33 22 22 44 11 14 33 33 33 44 11 44
1 33 23 33 44 11 44 33 31 33 44 14 41
1 33 22 22 44 11 11 33 33 33 44 11 41
1 33 22 23 44 11 14 33 33 33 44 14 44
1 33 22 23 44 11 11 33 33 33 44 14 44
1 33 22 23 44 11 14 32 11 33 44 11 44
1 31 23 23 41 14 44 33 31 33 41 14 41
1 33 22 22 44 11 11 33 31 33 44 14 44
1 31 22 22 44 11 44 32 33 33 11 14 41
1 31 22 23 44 11 11 33 33 33 44 14 44
1 11 23 33 41 44 44 22 11 32 11 44 11
1 31 22 23 44 11 14 33 31 33 44 44 44
1 31 22 23 44 14 14 32 33 33 41 11 44
1 31 23 23 44 11 14 33 31 33 44 11 44
1 33 22 22 44 11 14 33 33 33 44 14 44
1 33 22 33 44 11 11 32 11 32 41 14 44
1 33 22 22 44 11 14 33 31 33 44 11 44
1 31 22 22 44 11 11 33 31 33 44 11 44
1 11 23 23 44 11 44 32 11 33 44 14 44
1 33 22 22 44 11 11 33 33 33 44 11 41
1 31 22 23 44 11 14 33 31 33 44 14 44
1 31 22 23 41 14 14 32 31 32 41 14 41
1 31 22 22 44 11 14 33 31 33 44 11 41
1 31 22 33 44 14 14 32 11 33 11 44 11
1 31 22 22 44 11 11 33 11 33 41 14 44
1 33 22 23 44 11 11 33 31 33 44 14 41
1 33 22 22 44 11 11 33 33 33 44 11 44
1 33 22 23 44 11 11 33 31 33 44 14 41
1 11 23 23 41 14 14 32 31 32 41 14 41
1 31 22 23 44 14 11 32 33 33 41 14 44
1 33 22 23 44 11 11 33 33 33 44 14 41
1 33 22 22 44 11 11 33 33 33 44 11 44
1 31 23 33 11 14 14 32 31 32 41 14 41
1 31 23 23 44 11 14 33 11 33 44 44 11
1 31 22 23 41 11 44 33 31 32 11 44 11
1 31 23 23 44 11 14 33 31 32 41 14 41
1 33 22 22 44 11 14 33 31 32 44 11 44
1 33 22 22 44 11 11 33 31 33 44 14 44
1 33 22 22 44 11 11 33 33 33 41 11 41
1 31 22 23 44 11 14 33 31 33 41 11 41
1 31 22 23 44 11 14 32 31 33 41 11 41
1 31 22 23 41 14 14 33 31 33 44 14 44
1 31 22 23 41 11 14 32 33 33 41 14 41
1 31 22 22 44 11 11 33 31 33 44 11 44
1 31 22 23 44 11 11 33 31 33 44 11 44
1 33 22 22 44 11 11 33 31 33 44 14 44
1 11 23 33 41 14 44 32 11 32 41 44 41
1 31 23 33 44 14 44 33 31 33 11 44 44
1 33 22 22 44 11 11 33 33 33 44 11 44
1 33 22 22 44 11 11 33 33 33 44 11 44
1 31 22 22 44 11 14 33 33 33 11 14 41
1 33 22 22 44 11 11 33 33 33 44 11 44
1 31 22 23 44 11 44 33 11 33 44 14 41
1 31 22 33 44 14 11 33 31 33 11 44 41
1 33 22 22 44 11 11 32 33 33 44 11 41
1 31 23 23 41 11 14 33 31 32 44 14 41
1 33 22 22 44 11 11 33 33 33 44 11 44
1 33 22 33 44 11 14 33 31 33 44 14 44
1 31 23 23 44 14 14 33 33 33 41 14 44
1 31 33 33 44 44 14 32 11 33 11 44 44
1 33 22 22 44 11 11 33 33 33 44 11 44
1 33 22 22 44 11 11 33 33 33 44 11 44
1 33 22 23 44 14 11 33 33 33 41 14 41
1 11 22 23 44 11 11 33 33 33 44 14 44
1 11 23 22 44 11 44 33 33 33 44 11 44
1 11 23 33 41 11 44 33 11 32 11 44 41
1 33 22 23 44 11 14 33 33 33 44 11 44
1 11 22 22 44 11 14 33 11 32 11 14 41
1 31 23 33 44 11 44 33 11 33 44 11 41
1 33 22 22 44 11 11 33 33 33 44 11 44
1 31 23 23 44 11 14 32 31 33 41 14 41
1 31 22 23 41 11 14 32 31 32 41 14 41
1 33 22 23 44 11 11 33 33 33 44 11 44
1 31 22 23 44 11 11 33 31 33 41 11 44
1 31 23 23 44 11 14 33 11 32 44 14 41
1 31 22 23 41 14 44 33 31 32 41 14 41
1 31 22 23 44 11 11 33 33 33 44 14 41
1 33 22 23 44 11 14 33 33 33 44 14 41
1 11 23 33 41 14 44 33 31 33 41 14 41
1 31 23 23 41 14 44 33 31 32 41 44 41
1 31 23 23 44 14 14 33 31 33 41 14 41
1 33 22 23 44 14 14 33 31 33 44 14 41
1 31 23 23 44 11 44 33 31 33 44 14 44
1 33 22 22 44 11 11 33 33 33 44 11 44
1 33 22 22 44 11 11 33 31 33 44 11 44
1 33 22 23 44 11 11 33 33 33 44 11 44
1 31 23 23 41 14 14 32 31 32 41 14 41
1 11 23 33 41 14 14 32 11 32 41 44 41
1 31 23 23 41 11 14 32 31 33 41 14 41
1 33 22 22 44 11 14 33 33 33 44 11 44
1 33 22 22 44 11 11 33 33 33 44 11 44
1 31 23 23 44 11 14 32 31 33 41 14 41
1 31 22 22 44 11 11 33 31 33 44 11 44
1 31 22 23 44 11 14 33 31 33 44 11 44
1 33 22 23 44 11 11 33 33 33 44 14 41
1 33 22 22 44 11 11 32 31 33 41 44 44
1 31 23 33 41 11 14 33 11 32 44 14 41
1 33 22 23 44 11 14 33 31 33 44 14 44
1 11 22 23 44 11 14 33 31 33 41 11 41
1 33 22 23 44 11 11 33 33 33 44 11 44
1 31 22 33 41 14 44 33 11 33 11 44 11
1 11 23 23 41 11 14 33 11 32 41 11 11
1 31 22 23 44 11 11 32 31 33 44 14 44
1 33 22 22 44 11 11 33 33 33 44 11 44
1 31 23 23 44 11 14 33 31 32 41 14 41
1 31 22 22 44 11 14 33 31 33 41 14 44
1 33 22 22 44 11 14 33 31 33 44 11 44
1 33 23 22 41 11 11 33 33 33 44 14 41
1 31 22 23 41 11 14 33 11 33 11 14 41
1 11 23 33 44 14 14 32 33 32 41 14 44
1 33 23 23 44 11 14 33 33 33 44 14 44
1 31 22 23 41 11 11 32 31 32 44 44 41
1 31 22 23 41 11 14 32 31 33 41 11 44
1 31 22 33 41 11 14 33 31 33 41 44 41
1 33 22 22 44 11 14 33 31 33 44 14 41
1 33 22 23 44 11 11 33 33 33 44 11 44
1 11 22 33 41 14 44 32 11 32 11 14 11
1 11 22 23 41 11 14 33 11 33 44 14 44
1 31 22 33 41 11 14 33 11 33 41 14 41
1 33 22 22 44 11 11 33 31 33 44 11 41
1 33 22 23 44 11 14 32 33 33 41 14 41
1 31 22 22 44 11 14 33 11 33 44 11 44
1 33 22 22 44 11 11 33 33 33 44 14 44
1 11 23 23 44 14 44 32 11 32 44 44 41
1 33 22 22 44 11 14 33 31 33 44 11 44
1 33 22 22 44 11 11 33 33 33 44 11 44
1 33 22 23 44 11 14 32 33 33 44 11 44
1 33 22 23 44 11 11 33 33 33 44 11 44
1 31 22 33 44 11 44 32 31 33 11 14 41
1 31 22 23 41 14 14 32 31 33 41 14 41
1 31 22 23 44 11 44 33 11 33 41 14 41
1 31 22 33 44 11 11 33 11 32 41 14 11
1 11 33 33 41 44 44 22 11 22 11 44 11
1 31 23 23 41 14 14 33 31 32 41 14 41
1 33 22 22 44 11 11 33 33 33 44 11 44
1 33 22 22 44 11 11 33 33 33 44 11 44
1 31 22 23 41 44 44 22 11 33 11 44 41
1 33 22 23 44 11 44 33 11 33 44 11 44
1 31 23 23 41 11 14 32 31 33 41 14 41
1 31 23 33 44 14 14 32 31 33 41 14 41
1 31 22 23 44 11 11 33 11 33 44 14 44
1 11 22 22 41 11 11 33 31 33 41 44 41
1 33 22 22 44 11 14 33 33 33 44 11 44
1 33 22 22 44 11 11 33 33 33 44 11 44
1 31 22 23 44 14 14 33 31 33 44 14 41
1 31 23 23 41 14 14 32 11 33 41 14 41
1 33 22 22 44 11 11 33 33 33 44 11 44
1 11 23 23 41 14 44 32 11 32 41 14 11
1 31 22 22 44 11 14 33 33 33 44 11 44
1 33 22 23 44 11 14 33 33 33 41 11 44
1 33 22 22 44 11 11 33 33 33 44 11 44
1 33 23 23 44 11 14 33 31 32 44 14 41
1 31 22 22 41 11 11 33 33 33 44 14 41
1 33 22 23 44 11 11 33 31 33 41 14 44
1 31 22 23 44 11 11 33 33 32 41 14 44
1 11 23 33 41 11 44 33 31 33 41 14 41
1 11 22 22 44 14 14 33 11 33 41 44 41
1 31 22 23 44 11 14 33 31 33 44 14 41
1 33 22 23 44 11 11 33 33 33 44 11 44
1 31 22 22 44 11 14 33 33 33 41 14 44
1 11 22 23 44 11 14 33 31 33 41 14 44
1 33 23 23 41 11 11 32 31 32 44 14 41
1 31 23 23 41 14 14 32 31 32 41 14 41
1 31 23 33 44 11 44 32 31 33 41 44 44
1 33 22 22 44 11 11 33 33 33 44 11 44
1 31 22 23 41 11 14 32 31 33 41 14 41
1 31 22 23 44 11 11 33 33 33 44 11 44
1 11 33 33 11 44 44 22 11 22 11 44 11
1 11 22 23 44 11 44 33 31 33 41 14 41
1 33 22 22 44 11 11 33 31 33 44 11 44
1 11 22 23 44 14 44 32 31 33 41 14 41
1 31 22 23 44 11 14 33 31 33 44 14 41
1 31 22 23 11 11 14 32 31 32 41 14 11
1 33 22 23 44 11 14 33 11 33 44 11 44
1 31 23 23 41 14 14 32 31 32 41 14 41
1 11 23 23 44 11 44 33 31 33 41 14 44
1 11 23 23 41 14 14 32 31 32 41 44 41
1 31 22 22 44 11 14 33 33 33 41 11 44
1 33 22 22 44 11 11 33 31 33 44 14 44
1 31 23 23 44 11 44 32 11 32 11 14 41
1 31 22 23 44 11 11 33 31 33 44 14 41
1 31 22 23 44 11 11 33 33 33 44 11 44
1 33 22 22 44 11 11 33 33 33 44 14 44
1 31 22 23 41 14 14 32 31 33 41 14 41
1 11 22 23 44 11 14 33 31 33 41 14 44
1 33 22 23 44 11 14 33 11 33 44 11 41
1 33 22 23 41 11 14 33 31 33 44 11 41
1 33 22 23 41 11 11 33 31 33 44 14 44
1 33 22 22 44 11 11 33 31 33 44 11 44
1 11 23 23 41 14 44 22 31 32 41 14 11
1 33 22 22 44 11 11 33 33 33 41 11 44
1 31 22 22 44 11 11 33 33 33 41 11 44
1 31 22 33 44 11 44 32 11 33 41 14 41
1 33 22 22 44 11 11 33 33 33 44 11 44
1 33 22 22 44 11 11 33 31 33 44 11 44
1 11 23 33 44 14 44 32 11 32 11 44 41
1 31 22 22 44 11 14 33 31 33 44 14 44
1 33 22 22 44 11 11 33 33 33 44 11 44
1 33 23 23 44 11 11 33 31 33 44 44 41
1 31 23 33 41 11 44 32 11 33 44 14 41
1 33 22 22 44 11 14 32 31 33 44 11 44
1 31 22 22 44 11 11 33 33 33 44 11 44
1 33 22 23 44 11 11 33 33 33 44 14 44
1 11 22 23 41 11 14 33 33 33 41 11 44
1 33 22 23 44 11 11 33 33 33 44 11 44
1 11 33 33 44 14 44 33 11 33 41 44 41
1 31 22 33 44 11 14 33 11 33 41 44 41
1 31 22 22 44 11 11 33 31 33 44 14 41
1 31 22 22 44 11 11 33 31 33 44 11 41
1 33 23 23 44 11 14 33 33 33 44 14 44
1 31 23 23 41 14 44 32 31 32 41 44 41
1 31 23 23 41 44 44 33 31 33 41 44 41
1 33 22 22 44 11 14 33 31 33 41 14 44
1 11 23 23 41 14 14 32 31 32 41 44 41
1 33 22 22 44 11 11 33 33 33 44 11 44
1 31 22 22 44 11 11 33 33 33 44 14 44
1 33 22 22 44 11 11 33 31 33 44 14 44
1 31 33 33 44 11 44 32 11 33 41 14 11
1 11 33 33 41 14 44 33 11 32 41 44 11
1 33 22 22 44 11 14 33 33 33 44 11 11
1 33 22 22 44 11 11 33 33 33 44 11 44
1 31 22 33 44 14 14 33 33 33 11 14 44
1 31 22 23 44 11 14 33 31 33 44 14 41
1 11 23 23 41 14 14 32 11 33 41 44 11
1 31 23 23 41 14 44 32 11 32 41 14 11
1 31 23 23 44 14 14 32 31 32 41 14 41
1 33 22 22 44 11 11 33 33 33 44 11 44
