 rs17427572 rs8179387 rs12740670 rs6688236 rs12049408 rs7520656 rs12405048 rs3820290 rs9187 rs12022453 rs3117048 rs3768574 rs1063117 rs760923 rs2473277 rs2501279 rs12748456 rs2501278 rs2501276 rs2501275 rs16826249
0 22 14 44 22 11 44 41 22 32 33 22 11 22 11 23 11 41 11 11 14 33
0 33 11 44 22 44 11 44 22 33 33 33 11 22 11 22 11 44 11 44 11 33
0 32 11 42 22 44 14 41 22 32 33 32 14 23 11 23 14 41 13 41 14 32
0 32 14 44 33 11 11 41 23 32 32 32 14 23 11 22 11 41 13 41 14 33
0 32 14 42 22 44 44 41 23 32 32 22 14 22 11 23 14 11 11 41 14 33
0 33 11 44 22 44 14 41 23 32 32 33 14 23 11 22 11 44 13 41 11 33
0 33 11 44 22 41 11 44 22 33 33 33 11 23 11 22 11 41 11 11 11 33
0 33 11 44 22 44 11 44 22 33 33 33 11 22 11 22 11 44 11 44 11 33
0 22 14 42 23 41 44 41 22 22 33 22 14 23 13 23 14 11 11 41 14 32
0 33 11 44 22 44 11 44 22 33 33 33 11 22 11 22 11 44 11 44 11 33
0 33 11 44 22 44 11 44 22 33 33 33 11 22 11 22 11 44 11 44 11 33
0 33 11 42 22 41 11 44 22 33 33 33 11 22 11 22 11 44 11 41 11 33
0 22 14 42 23 41 14 41 22 32 32 22 44 23 13 23 14 41 13 41 44 32
0 32 14 22 22 41 14 11 23 32 32 32 11 22 11 22 14 41 13 41 14 33
0 32 14 22 23 41 44 41 33 32 32 22 14 23 33 22 14 41 13 41 44 32
0 22 11 42 23 41 44 41 22 32 33 22 14 22 11 22 44 44 11 41 14 33
0 33 11 44 22 44 11 44 22 33 33 33 11 22 11 22 11 44 11 44 11 33
0 32 11 42 23 41 14 41 23 32 33 32 14 23 11 23 14 41 13 41 14 33
0 33 14 44 23 44 14 41 23 32 32 32 11 33 13 22 11 41 11 41 14 33
0 32 11 44 22 44 14 44 22 33 33 33 11 22 11 22 11 44 11 44 11 33
0 32 11 42 22 41 14 41 22 33 33 32 11 22 11 22 11 44 11 41 14 33
0 33 11 42 22 41 44 44 22 32 32 22 11 23 11 22 14 41 13 41 11 32
0 32 14 42 23 41 14 11 23 22 32 32 14 23 13 22 14 41 13 41 14 32
0 32 11 42 22 44 14 41 23 32 33 32 11 23 11 22 14 41 11 11 11 32
0 22 14 42 23 41 14 41 22 32 33 33 11 22 11 22 14 41 11 11 14 33
0 32 11 42 22 41 44 41 33 32 32 22 14 23 13 22 14 41 33 41 14 33
0 33 11 44 22 44 11 44 23 33 33 32 11 22 11 22 11 44 11 44 11 33
0 22 11 22 22 11 44 41 22 32 33 22 44 23 11 33 11 41 33 44 14 33
0 32 11 44 22 41 11 44 22 32 33 33 11 22 11 22 11 41 11 44 11 33
0 22 14 22 22 11 44 11 22 32 33 32 44 23 33 22 14 41 13 41 44 32
0 32 11 44 22 44 11 44 22 33 33 32 11 22 11 22 11 44 11 44 11 33
0 33 14 42 22 44 11 41 23 32 33 32 14 22 11 22 14 41 11 41 14 33
0 32 14 44 22 41 14 41 22 32 33 32 11 23 13 22 11 41 13 44 11 33
0 32 11 22 22 44 44 11 23 32 33 32 14 23 11 22 11 11 11 41 14 33
0 32 14 42 23 41 44 44 23 32 32 32 14 23 13 22 14 44 13 41 14 32
0 32 11 44 22 44 14 44 22 33 33 32 11 22 11 22 11 44 11 44 11 33
0 22 14 42 23 41 44 41 23 32 32 32 14 23 11 22 14 11 13 41 14 32
0 22 14 42 23 41 44 41 23 32 32 22 14 23 11 23 14 41 13 11 44 33
0 32 14 42 22 11 44 44 22 32 33 22 11 23 11 22 44 11 33 41 14 32
0 32 14 42 23 41 14 44 23 32 33 32 14 23 11 23 14 41 13 41 14 32
0 32 14 22 23 41 14 11 23 32 33 22 14 23 13 23 44 41 11 41 14 33
0 22 44 42 33 11 44 11 33 32 22 22 14 33 33 23 44 11 13 41 44 22
0 33 11 44 22 41 14 44 22 33 33 33 11 23 11 22 11 11 11 44 11 33
0 33 14 42 23 11 14 44 22 32 33 32 14 22 13 22 14 44 11 44 11 32
0 32 11 42 23 44 14 41 22 32 33 22 14 23 33 22 14 11 13 41 11 33
0 33 11 44 22 41 14 44 22 33 33 33 11 22 11 22 14 41 11 41 11 33
0 32 14 42 22 44 14 41 22 33 33 22 11 22 11 22 11 44 11 41 11 33
0 32 14 42 22 41 14 41 23 32 33 32 11 23 13 22 11 41 11 41 14 33
0 22 44 22 23 41 44 41 23 32 32 32 44 22 13 22 14 44 33 41 14 33
0 32 14 42 22 41 14 44 23 32 33 32 14 23 13 23 14 41 13 41 14 32
0 22 44 22 23 11 14 11 23 22 22 22 14 33 33 23 44 11 13 11 44 22
0 32 11 44 23 41 14 41 22 32 32 32 11 23 11 23 11 41 13 41 44 33
0 32 14 44 22 44 14 41 22 32 33 32 14 22 11 22 14 41 11 44 11 33
0 32 11 42 22 11 11 11 22 33 32 32 44 23 13 23 11 11 13 44 11 33
0 33 11 42 22 44 11 44 22 33 33 33 11 22 11 22 11 41 11 44 11 33
0 32 11 44 22 44 11 44 22 33 33 33 11 22 11 22 11 41 13 44 14 33
0 32 11 44 23 41 14 44 22 33 33 22 11 22 11 22 14 41 11 44 14 33
0 22 14 42 22 44 14 11 23 32 32 32 14 23 11 22 11 11 11 41 14 33
0 22 14 22 22 41 14 44 33 32 32 33 11 23 13 22 44 11 33 11 14 32
0 32 14 42 22 44 11 41 22 32 33 33 11 22 11 22 14 44 13 44 11 33
0 32 11 44 22 44 11 44 22 33 33 33 11 23 11 22 14 44 13 44 11 33
0 33 11 22 22 44 14 44 22 32 33 32 14 22 11 22 11 41 11 41 14 33
0 32 11 22 22 11 44 41 33 32 32 32 44 23 13 22 11 41 13 41 14 33
0 22 44 42 22 41 44 41 23 32 32 22 14 23 11 22 14 11 13 41 14 33
0 32 11 22 22 44 14 44 22 33 33 32 14 22 11 22 14 41 11 41 14 33
0 32 11 42 22 44 14 41 22 33 33 32 11 33 11 22 14 41 13 41 14 33
0 22 11 22 22 11 11 41 23 33 32 22 11 22 11 22 14 41 11 41 14 33
0 22 11 44 22 41 11 44 22 32 33 22 11 22 11 23 11 11 13 41 14 33
0 33 14 44 22 44 11 44 22 33 33 33 14 22 11 22 11 44 11 44 14 33
0 32 14 42 23 41 14 44 22 32 32 32 14 23 11 22 14 41 13 41 14 32
0 32 14 42 22 41 11 44 23 32 32 32 11 23 11 22 14 41 13 41 11 32
0 33 14 44 22 44 14 44 22 33 33 33 11 22 11 22 11 44 11 44 11 33
0 33 14 44 22 44 11 44 22 33 33 33 11 22 11 22 14 44 11 44 14 33
0 33 11 44 22 44 11 44 22 33 33 33 11 22 11 22 11 44 13 44 11 33
0 33 11 42 22 44 44 44 22 33 33 32 11 22 13 22 11 41 11 44 14 33
0 32 11 42 22 44 11 44 22 33 33 32 11 22 11 22 11 41 11 44 11 33
0 33 11 44 22 44 11 44 22 33 33 33 11 22 11 22 11 44 11 44 11 33
0 32 11 44 22 44 11 44 22 33 33 33 11 22 11 22 11 44 11 44 11 33
0 22 44 22 33 11 44 11 33 32 22 22 44 33 33 33 44 11 33 11 44 22
0 33 11 22 22 44 11 44 23 32 33 33 14 22 11 22 11 41 11 44 11 33
0 22 14 42 22 41 44 41 23 32 33 22 11 23 11 22 11 41 33 41 11 32
0 32 11 22 23 41 14 44 23 22 33 32 11 22 11 22 14 11 33 11 44 33
0 32 14 42 22 41 14 41 22 32 33 32 14 22 13 23 14 11 13 44 44 33
0 33 11 42 22 44 11 41 22 33 33 32 11 22 13 23 11 44 13 44 14 33
0 32 14 42 23 41 14 41 33 32 33 32 14 33 13 23 14 11 33 41 14 32
0 33 11 42 22 41 11 44 22 32 33 33 11 22 11 22 14 44 11 41 11 33
0 22 44 22 33 11 44 11 33 22 22 22 44 33 13 33 44 11 33 11 44 32
0 33 11 42 22 41 14 41 22 33 33 32 11 22 11 22 14 44 11 41 11 33
0 32 11 22 22 11 14 44 23 22 33 32 14 33 11 23 44 11 33 44 44 33
0 22 14 42 22 11 44 41 33 32 32 22 11 23 13 23 14 41 33 41 11 33
0 32 14 42 23 41 14 41 23 32 32 32 14 23 13 23 14 41 13 41 14 32
0 22 44 42 22 11 44 41 23 32 33 22 44 33 13 22 14 11 11 11 14 32
0 32 14 42 23 11 44 11 23 32 22 22 14 23 13 22 14 11 11 41 14 33
0 22 14 22 23 11 44 11 23 32 32 32 44 33 13 23 14 11 13 41 14 32
0 32 14 44 22 41 14 41 23 32 33 33 14 22 11 22 14 41 11 41 14 33
0 22 14 22 23 11 44 41 33 32 32 22 14 23 13 23 44 11 13 11 14 32
0 32 14 42 22 41 14 41 23 32 32 32 11 23 13 22 14 41 13 41 14 32
0 32 14 42 22 41 14 41 22 33 33 32 14 23 11 23 14 41 13 44 14 33
0 33 11 42 22 41 11 41 22 33 33 22 11 22 11 22 14 41 13 44 11 33
0 33 11 44 22 44 11 44 22 33 33 33 11 22 11 22 11 44 11 44 11 33
0 33 11 44 22 44 14 44 23 33 33 33 44 22 11 22 11 41 11 44 14 33
0 22 14 22 22 41 14 41 22 32 32 32 14 23 13 22 11 41 11 41 14 32
0 32 14 42 22 41 11 44 22 32 33 33 14 22 13 22 14 41 13 44 11 33
0 32 11 42 22 44 14 44 22 33 33 33 11 22 11 22 44 44 13 44 11 33
0 22 44 22 33 41 44 11 22 22 32 22 44 33 33 23 44 11 13 11 44 32
0 32 11 42 22 41 14 41 23 22 33 33 11 23 11 22 11 44 13 44 44 33
0 32 14 42 22 44 44 44 22 32 33 33 14 22 11 22 44 41 13 44 14 33
0 22 14 42 22 44 14 44 23 33 33 32 11 22 11 22 11 44 11 44 14 33
0 33 11 44 22 44 11 44 22 33 33 33 11 22 11 22 14 41 11 44 14 33
0 32 11 42 22 44 14 41 22 33 33 33 11 23 11 22 14 44 11 44 14 32
0 32 11 42 22 44 11 44 22 33 33 32 11 23 11 23 14 44 11 44 11 33
0 33 11 42 22 41 11 41 22 33 32 33 14 22 11 23 11 41 11 44 14 33
0 33 14 42 22 44 14 41 23 32 32 33 14 22 11 22 14 41 11 41 14 33
0 33 11 42 22 44 11 44 22 33 33 32 11 22 11 22 14 41 11 44 11 33
0 33 11 44 22 44 11 44 22 33 33 33 11 22 11 22 11 44 11 44 11 33
0 22 14 22 23 11 14 41 23 32 32 22 14 23 13 23 14 41 13 41 14 32
0 32 11 22 22 41 14 41 23 32 33 32 14 22 11 22 11 41 11 41 11 32
0 32 14 42 23 41 14 41 23 32 32 32 14 23 13 23 14 41 13 41 14 32
0 33 11 44 22 41 11 41 22 33 33 33 11 22 11 22 14 44 11 44 14 33
0 22 44 22 22 11 44 11 33 22 32 22 44 23 13 23 44 11 13 41 44 32
0 33 11 42 22 44 11 44 22 33 33 33 11 22 11 22 11 44 11 44 11 33
0 22 44 22 23 11 44 11 33 22 22 22 44 33 13 33 44 11 13 11 44 32
0 32 11 22 22 44 44 41 23 33 33 22 11 22 11 22 14 41 11 11 11 33
0 32 11 42 22 44 44 41 22 32 33 22 14 22 11 22 14 41 11 44 11 33
0 32 11 44 22 41 14 41 22 32 32 33 11 23 13 22 11 41 11 41 14 32
0 33 11 44 22 44 11 44 22 33 33 33 11 22 11 22 11 44 11 44 11 33
0 32 14 42 22 11 14 11 23 32 32 32 44 23 13 23 14 11 13 11 14 32
0 32 14 42 22 41 11 44 22 32 33 33 11 22 11 22 14 41 13 44 14 33
0 32 14 44 22 44 14 44 33 32 33 32 11 22 11 22 11 41 33 44 14 33
0 32 11 22 22 41 14 41 22 33 33 22 11 22 11 22 14 11 13 41 11 33
0 32 14 42 23 41 44 41 23 22 32 22 11 22 13 23 14 41 11 11 44 33
0 32 11 42 22 44 14 44 22 33 33 22 11 22 11 22 11 41 11 44 11 33
0 32 14 42 23 41 14 41 23 32 32 32 14 23 11 22 14 41 13 41 14 33
0 33 14 42 22 41 14 41 22 33 32 32 11 22 11 22 11 44 11 44 14 33
0 32 11 42 22 41 11 41 22 33 33 32 14 22 11 22 11 41 11 41 11 33
0 33 11 44 22 44 11 44 22 33 33 33 11 22 11 22 11 44 11 44 11 33
0 32 14 44 22 44 14 44 22 33 33 33 11 22 11 22 11 44 11 44 11 33
0 32 11 44 22 41 11 44 22 33 32 32 11 22 11 22 11 44 11 41 11 33
0 22 44 22 22 11 44 41 23 22 22 22 44 23 13 22 44 11 13 41 44 32
0 32 11 44 22 11 14 41 23 32 22 32 44 23 13 22 14 11 13 11 44 33
0 33 11 42 23 41 14 44 22 32 33 32 11 23 11 22 11 41 13 44 14 33
0 33 11 44 22 44 11 44 22 33 33 33 11 22 11 22 11 41 11 44 11 33
0 32 14 22 22 41 44 41 22 33 33 22 14 22 13 22 11 11 13 41 14 33
0 32 14 42 22 41 14 41 22 32 33 32 14 22 11 22 11 44 11 44 11 33
0 32 11 44 22 44 11 44 22 33 33 33 11 22 11 22 14 41 11 44 11 33
0 33 11 44 22 44 11 44 22 32 33 33 11 22 11 22 14 44 11 44 11 33
0 32 14 44 22 41 14 41 22 32 33 32 11 23 13 22 14 44 11 41 14 33
0 33 11 42 22 41 44 44 23 32 33 33 14 22 11 22 14 11 11 44 11 33
0 32 14 42 22 41 14 44 23 33 33 32 11 22 11 23 11 41 11 44 14 33
0 22 11 42 22 41 11 11 33 22 33 32 14 22 11 23 14 11 13 11 14 32
0 32 44 42 22 41 44 41 33 32 32 22 44 23 13 22 14 11 11 11 14 33
0 32 11 44 22 44 14 44 22 33 33 33 14 22 11 22 14 11 11 44 11 33
0 32 14 42 22 41 14 41 22 32 33 33 11 23 11 23 14 44 11 41 11 33
0 32 14 44 22 44 14 44 23 33 33 33 14 22 11 22 11 41 11 44 11 33
0 32 14 44 22 44 14 41 22 33 33 33 11 22 11 22 11 41 11 41 11 33
0 33 11 44 22 44 11 44 22 33 33 32 11 22 11 22 11 41 11 44 11 33
0 22 11 42 22 44 44 11 22 32 32 22 14 23 11 22 14 11 11 44 14 32
0 32 11 42 22 44 11 44 22 33 33 33 11 23 11 22 11 44 11 44 11 33
0 32 11 42 22 41 14 41 23 32 33 32 11 23 11 23 14 41 11 41 14 32
0 33 14 42 23 44 14 44 22 32 32 32 14 23 13 22 14 11 13 41 14 32
0 33 11 44 22 44 11 44 22 33 33 33 14 22 11 22 14 44 11 44 11 33
0 22 14 42 22 41 11 44 22 32 33 32 11 22 13 22 11 44 11 41 11 33
0 32 14 42 22 41 11 44 23 32 33 33 14 22 11 22 14 41 11 44 14 32
0 33 11 44 22 44 11 44 22 33 33 33 11 22 11 22 11 44 11 44 11 33
0 32 14 42 22 41 14 44 23 33 32 32 14 22 11 22 14 41 13 44 14 32
0 32 11 44 22 44 11 41 23 32 33 32 11 22 11 23 11 44 11 44 14 33
0 32 14 42 23 41 14 41 23 32 32 32 14 23 13 23 14 41 13 41 14 32
0 32 14 44 22 44 14 41 22 33 33 32 11 22 11 22 11 41 11 44 11 33
0 22 14 42 22 41 14 41 33 32 32 32 14 23 11 22 14 11 11 41 14 33
0 32 11 44 23 11 14 41 23 32 33 32 11 22 11 22 14 41 11 41 11 33
0 22 14 42 23 41 14 41 23 22 32 32 14 23 13 23 14 11 13 41 14 32
0 33 11 42 22 41 11 41 22 32 33 33 11 22 11 22 11 44 13 44 14 33
0 32 11 44 22 41 11 44 23 33 33 32 11 23 11 22 11 41 13 44 11 33
0 32 14 42 23 41 14 41 23 32 32 32 14 23 13 23 14 41 13 41 44 33
0 32 11 44 22 44 14 44 22 33 32 32 11 22 11 22 11 44 11 44 11 33
0 32 11 42 23 44 14 41 22 33 33 32 11 22 11 22 11 44 11 44 14 33
0 22 14 42 22 41 14 11 33 32 32 32 14 22 11 22 44 11 33 41 44 32
0 32 11 42 22 41 14 41 23 33 33 32 14 23 11 22 14 41 13 41 14 33
0 33 11 42 22 44 14 44 22 32 33 22 14 22 11 22 11 41 13 41 14 33
0 32 11 42 22 41 44 41 23 32 33 32 14 22 11 22 14 11 13 41 44 33
0 32 11 42 22 41 11 41 22 33 33 32 11 23 11 22 11 44 11 41 14 33
0 22 11 22 23 11 14 11 33 32 32 22 44 23 13 23 14 11 33 41 44 32
0 32 11 44 22 41 14 41 22 33 33 32 11 22 11 22 11 44 11 44 11 33
0 32 11 44 22 41 14 41 22 33 33 32 11 22 11 22 11 41 11 41 44 33
0 32 11 44 22 44 14 44 22 33 33 33 11 22 13 22 11 41 11 44 11 32
0 22 14 42 23 41 14 41 33 32 32 32 14 22 13 23 14 41 13 41 14 33
0 22 14 22 22 44 14 44 23 33 32 32 11 23 11 22 14 41 13 44 11 33
0 32 11 44 22 41 11 44 23 33 33 33 14 22 11 22 11 44 11 44 11 33
0 32 11 44 22 44 14 44 22 33 33 33 11 22 11 22 11 44 11 44 11 33
0 33 11 44 22 44 14 44 22 32 33 32 11 22 11 22 11 11 11 44 11 33
0 32 14 42 22 41 14 41 23 32 32 32 14 23 13 23 14 41 13 41 14 33
0 32 11 42 22 44 11 41 22 32 33 32 11 22 11 22 11 41 13 44 11 33
0 32 14 42 22 41 14 44 23 33 33 32 14 23 11 22 11 41 11 44 14 32
0 32 11 44 22 44 14 44 22 33 32 32 11 23 13 22 14 41 13 44 14 33
0 22 11 22 22 41 11 44 22 22 32 33 14 22 11 22 11 41 11 11 14 32
0 32 14 22 23 41 14 41 33 32 33 32 14 23 13 23 14 11 33 41 11 32
0 22 14 42 23 41 44 41 33 32 32 22 44 33 13 23 44 41 33 41 44 33
0 33 11 44 22 44 11 44 22 33 33 33 11 22 11 22 11 44 11 44 11 33
0 32 14 22 23 41 14 41 23 32 32 32 14 23 13 22 44 41 13 41 44 32
0 32 14 44 22 41 14 11 22 22 32 32 11 22 13 22 11 44 13 44 14 32
0 33 11 42 23 41 14 44 22 32 32 33 44 33 11 22 11 41 33 41 11 32
0 32 14 42 22 41 14 41 23 33 33 32 11 22 11 22 11 44 13 41 14 33
0 33 11 44 22 44 11 44 22 32 33 33 11 22 11 22 11 44 11 44 11 33
0 32 14 42 22 41 14 41 22 32 33 33 11 22 11 22 14 44 11 44 11 33
0 32 14 42 22 41 14 44 23 32 22 22 14 23 11 23 14 11 13 41 14 33
0 32 11 44 22 41 11 41 22 32 32 33 44 22 11 22 11 41 11 44 11 33
0 22 44 22 33 41 44 11 33 22 32 22 44 33 11 23 44 11 13 11 14 32
0 33 11 22 22 41 14 44 22 33 33 33 11 22 11 22 11 41 13 44 14 33
0 32 11 44 22 44 14 44 23 33 33 33 14 23 11 22 14 41 11 44 14 33
0 22 44 22 22 11 44 11 23 32 32 22 44 33 13 23 44 11 33 41 44 32
0 22 14 22 23 11 14 11 33 32 22 22 44 23 13 22 44 11 33 11 44 33
0 32 11 44 22 41 44 44 23 32 33 32 11 22 11 23 11 41 11 44 11 33
0 32 14 42 22 41 14 41 23 32 33 32 11 22 11 22 14 41 13 41 14 33
0 32 11 42 22 41 11 41 22 32 33 32 11 23 11 22 11 41 11 44 11 33
0 33 11 44 22 44 11 44 22 33 33 32 11 22 11 22 11 44 11 44 11 33
0 32 14 22 22 41 11 41 22 33 33 22 11 23 13 22 14 11 11 44 14 33
0 32 11 42 22 44 14 44 23 33 32 32 14 22 11 22 14 41 11 41 14 32
0 32 14 42 22 41 14 11 23 32 33 32 44 23 13 22 14 41 13 41 14 32
0 32 11 44 22 44 14 44 22 33 33 32 14 22 11 22 14 44 11 44 11 33
0 32 11 22 22 41 14 44 22 33 33 32 44 22 11 22 44 41 11 41 14 33
0 33 11 44 22 41 11 11 22 33 33 32 11 22 11 22 11 44 11 44 11 33
0 22 14 22 23 41 14 11 23 22 32 22 14 23 13 23 44 11 13 11 44 33
0 32 11 42 22 44 14 44 23 33 33 32 14 22 11 22 14 41 13 41 14 33
0 32 11 42 22 41 14 44 22 32 32 33 14 23 11 22 14 41 11 41 14 33
0 22 44 42 23 44 14 41 23 32 33 32 44 23 13 22 14 41 13 11 14 32
0 22 11 42 23 44 44 41 22 32 32 32 14 22 13 23 14 41 13 41 14 33
0 32 11 44 22 44 11 44 22 33 33 33 11 22 11 22 11 44 11 44 11 33
0 33 11 44 22 41 14 44 23 32 33 33 11 22 11 22 11 41 11 44 14 33
0 32 14 22 22 41 14 41 22 33 33 33 14 22 11 23 11 44 11 41 11 33
0 33 11 44 22 44 11 44 22 33 33 33 14 22 11 22 11 41 13 44 11 32
0 22 14 42 23 41 14 41 22 32 32 22 14 23 13 23 44 11 11 11 44 33
0 32 14 42 22 41 11 11 22 33 32 32 11 22 11 22 14 41 11 44 14 33
0 33 14 44 22 41 14 44 22 32 33 33 11 22 11 22 11 11 11 44 11 33
0 33 11 42 22 44 11 44 22 33 33 33 11 22 11 22 11 44 13 44 11 33
0 32 44 42 22 41 44 41 23 32 33 22 14 22 13 23 14 41 13 41 11 33
0 33 11 44 22 44 11 44 22 33 33 33 11 22 11 22 11 44 11 44 11 33
0 32 14 42 22 41 14 11 23 32 32 32 11 22 13 23 14 11 13 44 14 33
0 33 11 44 22 44 11 44 22 33 33 33 11 22 11 22 11 41 11 44 11 33
0 33 11 44 22 44 11 44 22 33 33 33 11 22 11 22 11 41 11 44 11 33
0 33 11 44 22 44 11 44 22 33 33 32 11 23 11 22 11 11 11 44 11 33
0 32 11 42 23 41 11 41 23 32 32 32 44 23 11 23 14 41 13 41 44 32
0 22 11 42 22 41 14 44 23 33 32 33 11 22 13 22 11 11 13 44 14 32
0 33 14 44 22 41 11 44 22 33 33 32 11 23 11 22 11 44 11 44 11 33
0 32 14 42 23 41 14 41 23 32 33 22 11 23 13 22 11 41 13 41 14 32
0 32 11 44 22 44 14 11 23 32 32 33 11 22 11 23 14 41 11 41 14 33
0 33 11 44 22 41 11 44 23 32 33 32 11 22 11 22 11 41 11 44 11 33
0 32 14 42 22 41 14 41 22 32 33 32 11 23 13 22 11 41 11 41 14 32
0 22 14 22 22 41 44 11 23 22 33 32 11 22 11 22 44 11 11 41 14 33
0 33 11 44 22 44 11 44 22 33 33 33 11 22 11 22 14 41 11 44 11 33
0 22 14 22 22 11 44 11 33 32 32 22 44 23 13 33 44 11 13 11 44 22
0 22 11 22 23 11 44 11 22 33 32 22 11 23 11 23 14 11 13 11 14 32
0 22 14 22 23 11 44 11 23 22 32 22 44 23 13 23 14 11 13 41 44 22
0 32 11 42 22 44 11 41 23 32 33 33 14 22 11 22 11 41 11 44 14 33
0 33 11 44 22 44 14 44 22 33 33 33 14 23 11 22 11 41 11 41 11 33
0 32 14 22 23 11 14 41 33 32 22 22 44 23 33 23 14 41 33 41 44 22
0 33 11 44 22 44 11 44 22 33 33 33 11 23 11 22 11 44 11 44 14 33
0 33 11 44 22 41 11 41 22 32 33 32 11 22 11 22 11 41 11 41 14 33
0 32 11 44 22 44 11 44 22 22 33 33 11 23 11 22 14 44 11 44 14 33
0 32 11 42 22 44 14 44 22 33 33 33 11 22 11 22 11 44 11 44 11 33
0 22 14 42 22 11 14 41 23 32 22 32 14 33 11 22 14 11 13 11 14 32
0 33 11 42 22 44 44 41 22 32 33 33 14 23 11 22 44 41 11 44 14 33
0 22 14 22 23 41 14 41 22 22 22 22 14 33 11 22 14 11 13 41 44 33
0 32 11 42 22 44 14 44 22 33 33 33 14 22 13 22 14 11 11 41 11 33
0 32 14 42 22 44 14 41 23 32 33 32 14 23 13 22 14 41 13 41 14 32
0 33 11 42 22 44 14 41 22 32 33 32 14 22 11 22 11 11 11 44 11 33
0 33 11 44 22 44 11 44 22 33 33 33 11 22 11 22 11 41 11 44 14 33
0 22 11 22 23 11 44 41 22 33 32 22 14 33 11 22 44 11 11 41 14 32
0 32 44 22 22 11 44 44 22 33 33 32 14 22 11 33 11 41 13 41 14 33
0 33 11 44 22 44 11 44 22 33 33 33 11 22 11 22 11 44 11 44 11 33
0 33 11 44 22 41 14 44 22 33 32 33 14 22 11 22 14 44 11 44 11 33
0 32 14 42 23 41 14 41 23 32 33 32 14 23 13 23 14 41 13 41 14 32
0 32 14 22 23 41 44 11 23 22 32 22 14 23 11 23 14 11 13 11 14 32
0 22 11 42 22 41 44 41 22 32 33 32 11 22 11 22 11 44 11 41 14 33
0 22 44 22 23 11 44 11 33 22 32 22 44 23 33 23 44 11 33 11 44 32
0 32 11 22 22 44 14 41 22 33 32 32 11 22 11 22 44 41 13 41 11 33
0 32 11 44 22 44 14 44 22 33 33 33 14 22 11 22 11 44 11 41 11 33
0 33 11 44 22 44 14 44 23 32 33 32 11 23 11 22 11 41 11 41 14 33
0 32 11 42 23 41 44 44 23 33 33 32 11 22 11 22 44 41 11 44 14 33
0 32 14 42 23 41 14 41 23 32 33 32 14 23 13 23 14 41 13 41 14 32
0 32 11 44 22 44 14 44 22 33 33 32 11 22 11 22 11 41 11 44 14 33
0 32 11 44 22 44 11 44 22 33 33 32 11 22 11 22 11 41 11 44 11 33
0 32 14 42 23 41 14 41 23 32 32 32 11 23 11 22 14 41 13 44 14 33
0 32 11 42 22 41 14 44 22 33 33 33 11 22 11 23 11 44 11 44 11 33
0 22 14 22 22 41 14 41 22 33 33 22 14 33 13 22 14 41 11 41 14 32
0 22 11 22 22 44 14 41 22 33 33 32 14 22 13 23 14 41 11 44 14 33
0 22 14 42 23 11 14 11 33 32 32 32 14 23 13 33 14 41 13 41 44 32
0 32 11 42 22 41 14 41 22 32 33 32 11 23 11 23 14 44 11 44 14 33
0 32 14 42 23 41 14 41 23 22 22 32 14 23 11 23 11 11 13 41 44 22
0 22 14 42 22 11 14 41 23 32 33 22 14 22 13 23 14 41 11 41 14 33
0 22 11 22 22 41 44 41 22 33 33 22 11 23 11 33 44 11 13 41 14 32
0 22 14 42 23 11 14 11 23 22 32 32 44 23 13 23 14 11 13 41 44 32
0 33 11 44 23 41 11 41 22 32 33 33 11 23 11 22 11 44 11 44 11 33
0 32 11 44 22 44 14 44 22 33 33 33 11 22 11 22 11 44 11 44 11 33
0 32 14 42 23 41 14 41 23 32 32 32 14 23 13 22 14 41 13 41 14 32
0 32 11 42 22 44 14 41 33 33 33 22 14 23 11 23 44 41 11 11 14 33
0 32 11 44 22 44 11 44 22 33 33 33 14 22 11 22 11 41 11 44 14 33
0 22 11 42 23 44 14 41 23 33 33 32 14 22 11 22 14 41 13 41 14 33
0 32 14 42 22 41 14 41 23 32 32 32 14 23 13 22 14 41 11 41 14 33
0 32 11 22 22 41 44 44 23 33 32 32 14 22 13 23 14 41 13 41 14 32
0 32 11 44 22 41 14 44 22 32 33 33 11 22 11 22 44 41 11 44 11 33
0 33 11 44 22 44 11 44 22 33 33 33 11 22 11 22 11 44 11 44 11 33
0 32 11 44 22 41 14 44 22 32 32 33 14 23 11 22 11 11 13 44 14 33
0 32 11 44 22 41 11 44 33 33 33 32 44 22 13 22 14 44 11 41 14 33
0 33 11 44 22 44 14 44 22 33 33 32 11 22 11 22 11 44 11 44 11 33
0 32 11 44 22 44 14 44 22 33 33 33 11 22 11 22 11 44 11 44 11 33
0 33 11 42 22 44 11 44 22 33 33 33 11 22 11 22 11 41 11 44 11 33
0 32 11 42 22 41 14 41 23 32 33 33 14 23 13 22 14 41 33 41 14 33
0 22 14 22 22 11 14 11 33 22 32 22 44 23 33 22 14 11 13 41 44 32
0 22 11 42 22 41 14 41 23 22 33 33 11 22 13 23 14 11 13 44 14 33
0 22 44 22 33 11 44 11 33 22 22 22 44 33 13 23 44 11 33 11 44 32
0 33 11 44 22 44 11 44 22 33 33 33 11 22 11 22 11 44 11 44 11 33
0 32 14 42 23 41 14 41 23 32 32 32 14 23 13 23 14 41 13 41 14 32
0 32 14 42 22 41 14 11 23 22 33 22 14 23 13 22 14 41 13 41 44 33
0 32 14 44 22 44 14 41 22 33 33 32 11 22 13 23 11 41 13 41 44 33
0 32 14 42 22 41 14 41 23 33 33 22 14 23 11 23 44 41 13 41 14 33
0 22 44 22 22 44 14 41 23 32 32 22 14 22 11 22 44 41 11 41 44 33
0 32 44 22 22 41 44 11 23 32 33 32 14 22 13 23 11 11 33 41 44 33
0 33 11 42 22 44 11 44 22 32 33 33 11 22 11 22 11 41 11 44 11 33
0 33 11 42 22 44 14 44 22 33 33 33 11 22 11 22 11 44 11 41 14 33
0 32 11 44 22 41 11 41 22 33 33 33 11 22 11 22 11 41 11 41 11 33
0 32 11 22 22 41 11 41 23 22 32 22 14 23 13 22 14 11 33 41 44 33
0 33 11 44 22 41 11 44 22 33 33 33 11 22 11 22 11 44 11 44 11 33
0 33 14 22 22 41 14 11 22 22 33 33 11 22 11 23 11 11 11 41 14 33
0 33 11 22 22 41 14 41 23 33 33 32 14 22 11 22 44 41 13 44 14 33
0 32 11 22 23 44 44 11 23 32 32 22 14 22 11 22 11 11 11 41 44 32
0 32 14 42 22 41 14 41 23 32 32 32 14 22 13 22 14 41 13 41 14 33
0 22 14 22 22 41 14 41 23 22 32 33 11 33 11 23 11 41 13 44 14 32
0 32 14 42 22 41 14 41 22 32 32 32 14 23 13 22 14 41 13 41 14 33
0 22 11 42 22 41 14 41 22 32 32 22 14 22 11 23 14 11 13 41 14 32
0 32 14 44 22 44 14 44 23 33 32 32 11 22 11 22 11 44 13 44 14 33
0 32 14 42 22 41 14 41 23 32 32 32 11 23 13 22 11 44 13 44 11 33
0 32 11 42 22 44 11 44 22 33 33 33 11 22 11 23 11 41 11 44 11 33
0 32 14 22 22 41 14 41 23 32 32 22 44 22 33 23 14 11 11 41 14 32
0 32 14 42 22 41 44 41 22 32 32 32 14 22 13 22 14 41 11 41 11 32
0 32 14 42 23 41 14 44 22 32 32 32 11 22 11 22 14 41 13 41 11 33
0 32 11 44 22 41 14 41 22 33 33 32 11 22 11 22 14 41 11 44 11 33
0 32 14 42 22 41 11 41 22 33 32 33 11 23 13 22 14 41 11 41 11 32
0 32 11 44 22 44 14 44 22 33 33 33 11 22 11 22 11 41 11 44 11 33
0 33 14 44 22 44 11 44 22 33 33 33 11 22 11 22 11 41 11 44 11 33
0 33 11 44 22 44 14 44 23 33 33 32 11 22 11 22 14 41 11 44 14 33
0 32 11 42 22 41 14 44 22 32 33 33 14 22 11 22 14 41 11 44 11 33
0 32 11 42 22 44 11 44 22 33 33 33 11 22 11 22 11 41 11 44 14 33
0 32 14 42 22 44 14 11 22 33 32 32 14 22 11 22 14 41 13 41 14 33
0 32 14 42 23 41 14 41 23 32 32 32 14 23 13 23 14 41 13 41 14 32
0 32 14 42 22 41 14 41 22 33 32 32 11 22 13 23 14 41 13 41 14 32
0 22 14 22 22 41 14 44 22 32 33 32 14 22 11 22 44 41 11 44 14 33
0 33 11 44 22 44 14 44 22 33 33 33 11 22 11 22 11 41 11 41 11 33
0 33 14 44 22 44 11 44 22 33 33 33 11 22 11 22 11 44 11 44 11 33
0 32 11 42 22 41 14 41 23 32 32 33 11 22 11 22 14 44 11 44 14 33
0 33 14 44 22 44 11 44 22 33 33 33 11 22 11 22 11 44 11 44 11 33
0 33 11 44 22 44 11 44 22 33 33 33 14 22 11 22 11 44 11 44 11 33
0 32 14 42 22 41 14 41 23 32 33 32 14 23 11 22 14 41 11 41 14 33
0 22 44 22 23 11 14 41 33 22 32 22 14 22 33 23 44 11 11 11 44 32
0 22 11 22 23 11 44 11 23 22 33 22 44 23 11 23 44 11 33 11 44 32
0 33 11 44 22 44 14 44 22 32 33 33 11 22 11 22 11 44 11 44 14 33
0 22 14 22 23 41 11 44 33 32 32 22 44 22 13 22 44 11 13 11 44 32
0 32 14 42 22 41 44 41 23 22 33 22 44 23 11 22 14 11 13 11 14 33
0 33 11 42 22 41 11 44 22 33 32 22 14 22 11 23 44 41 11 44 14 32
0 32 11 42 22 44 14 41 22 33 33 32 11 23 11 22 14 41 11 44 14 33
0 32 11 42 22 41 14 41 22 32 32 32 14 22 13 22 11 41 11 41 11 33
0 32 11 42 22 41 14 41 23 32 32 32 14 22 11 23 14 11 13 41 14 32
0 33 44 44 22 44 11 44 22 33 33 33 11 22 11 22 11 44 11 44 11 33
0 32 14 42 22 44 14 11 22 32 32 32 14 22 11 22 14 41 11 41 14 33
0 33 14 44 23 44 11 44 22 33 33 32 14 22 11 22 11 44 11 44 11 33
0 33 11 42 22 44 14 41 22 33 33 33 11 22 11 22 14 44 11 44 14 33
0 33 11 44 22 44 11 44 22 33 33 33 11 22 11 22 11 44 11 44 11 33
0 32 14 42 23 41 14 41 23 32 32 32 14 23 13 23 14 41 13 41 14 32
0 33 11 44 22 44 11 44 22 33 33 33 11 22 11 22 11 44 11 44 11 33
0 32 11 42 23 41 44 11 23 22 32 32 14 22 11 22 14 41 11 41 14 32
0 22 14 22 22 41 11 41 22 33 33 22 14 23 13 22 14 41 11 41 11 33
0 33 11 44 22 41 14 41 22 32 33 32 11 23 11 22 14 41 11 41 11 33
0 32 11 44 22 44 11 44 22 33 33 33 11 22 11 22 11 44 11 44 11 33
0 32 11 44 22 44 14 11 22 33 33 22 14 22 11 22 14 41 13 44 11 33
0 33 11 44 22 44 11 41 22 33 33 32 11 22 11 22 11 41 13 44 11 33
0 33 11 44 22 44 11 44 22 33 33 33 11 22 11 22 11 44 11 44 11 33
0 33 11 44 22 44 11 44 22 33 33 33 11 22 11 22 11 44 11 44 11 33
0 33 11 44 22 44 11 41 22 33 33 33 11 22 11 22 11 44 11 44 11 33
0 33 11 44 22 44 14 44 22 32 33 33 11 22 11 22 14 44 11 41 11 33
0 33 11 44 22 44 11 44 22 33 33 32 11 22 11 22 11 41 11 44 11 33
0 32 11 44 22 44 11 44 22 33 33 32 14 22 11 22 11 44 11 44 11 33
0 32 11 44 22 41 11 44 23 32 33 32 14 22 13 22 11 41 11 44 14 33
0 33 11 44 22 44 11 44 22 33 33 33 11 22 11 22 11 44 13 44 11 33
0 33 11 44 22 44 11 44 22 33 33 33 11 22 11 22 11 44 11 44 11 33
0 32 11 42 22 44 11 41 22 33 33 33 11 22 11 22 11 44 11 44 11 33
0 32 11 44 22 44 14 44 23 33 33 32 11 22 11 22 11 44 11 44 11 33
0 22 14 42 22 44 14 41 23 32 33 32 44 23 13 22 11 11 13 41 44 33
0 33 11 44 22 44 11 44 22 33 33 32 11 23 11 22 11 44 11 44 11 33
0 32 14 42 22 44 14 41 23 32 33 32 11 22 11 22 11 41 11 11 14 32
0 32 14 22 22 44 14 41 23 32 33 33 11 22 11 22 11 41 11 11 14 33
0 33 11 44 22 44 11 44 22 33 33 32 14 22 11 22 11 44 11 44 11 33
0 32 14 44 22 41 14 41 23 32 33 32 14 22 11 22 14 41 13 41 14 33
0 22 44 22 23 11 14 11 23 22 32 22 14 23 13 23 44 41 13 41 44 32
0 32 11 42 23 41 14 41 22 32 33 32 14 23 13 22 14 41 13 41 44 33
0 32 11 44 22 41 11 44 22 33 33 32 11 22 11 22 11 44 11 44 11 33
0 32 11 44 23 41 14 41 23 33 33 32 11 23 11 22 14 41 13 41 14 33
0 32 11 42 22 44 11 44 22 33 33 32 11 22 11 22 11 11 11 44 14 33
0 33 11 44 22 41 14 44 22 33 33 33 14 23 11 22 11 44 11 44 11 33
0 22 11 44 22 41 14 41 23 32 32 32 14 23 11 22 14 41 11 11 44 33
0 32 11 44 22 41 14 44 22 33 33 32 14 22 11 22 11 44 11 44 44 33
0 32 11 42 22 41 11 41 22 32 33 32 11 23 11 22 14 41 11 41 14 33
0 32 14 42 22 41 44 41 23 32 33 32 11 22 11 22 11 41 13 44 11 33
0 22 14 22 23 11 14 41 23 22 33 22 44 23 11 33 14 11 13 11 14 32
0 33 11 44 22 44 11 44 22 33 33 33 11 22 11 22 11 44 11 44 11 33
0 22 44 22 23 11 44 11 23 32 32 22 14 33 11 22 14 11 33 41 44 33
0 33 11 42 22 44 11 44 22 32 33 32 11 22 11 22 14 44 11 44 11 33
0 22 14 42 23 41 14 41 23 32 32 32 14 22 11 22 44 41 11 41 14 32
0 32 14 42 22 44 14 41 22 32 33 32 14 22 13 22 11 44 11 44 14 33
0 33 11 42 22 44 11 41 22 33 33 32 14 23 11 22 14 44 11 44 11 33
0 33 11 44 22 44 11 44 22 33 33 33 11 22 11 22 11 44 11 41 11 33
0 32 11 42 23 41 14 41 22 33 32 32 14 23 11 22 14 41 13 44 14 32
0 32 14 42 22 44 11 44 22 32 33 32 14 22 11 22 14 11 11 41 14 33
0 22 44 22 23 11 44 11 23 22 32 22 14 33 13 23 44 11 11 11 44 32
0 32 11 44 22 41 14 44 22 33 33 33 11 22 13 22 14 44 11 41 14 33
0 33 14 42 22 44 11 44 23 33 33 32 14 22 11 22 11 41 13 44 14 33
0 32 11 44 22 44 11 44 22 32 33 33 11 22 11 22 11 44 11 44 11 33
0 33 11 44 22 41 11 44 22 33 33 33 11 23 11 22 14 44 11 41 11 33
0 32 14 42 23 11 14 41 23 32 32 22 14 22 13 23 14 11 13 41 14 32
0 32 14 22 23 41 44 11 23 22 32 32 14 23 11 23 44 11 13 41 14 32
0 32 14 42 23 41 44 11 23 22 32 32 14 23 13 23 44 41 13 41 44 32
0 32 11 44 22 44 11 44 22 22 33 33 11 22 11 22 11 44 11 41 11 33
0 32 11 44 22 44 44 41 22 33 33 33 14 22 11 22 11 41 11 41 14 33
0 33 14 42 22 44 14 41 23 33 33 32 11 22 11 22 14 41 11 44 14 33
0 32 14 42 23 41 14 41 23 32 32 32 14 23 13 23 14 41 13 41 14 32
0 33 11 42 22 44 11 44 22 33 33 33 11 22 11 22 11 44 11 44 11 33
0 32 14 42 22 41 14 41 23 32 32 32 14 23 13 22 14 41 13 44 14 32
0 32 11 42 22 41 14 41 22 33 33 32 14 23 11 22 11 41 13 44 11 32
0 32 14 42 22 11 44 11 33 22 32 22 44 33 11 23 14 11 13 11 44 33
0 32 11 44 22 44 14 41 23 32 33 32 11 22 11 23 14 41 11 41 14 32
0 33 11 44 22 44 11 44 22 33 33 33 11 22 11 22 11 44 11 44 11 33
0 32 14 22 22 41 44 41 23 22 32 22 14 23 13 22 44 41 13 41 14 33
0 32 14 42 22 41 14 41 22 22 33 32 11 22 11 22 14 44 11 44 14 33
0 33 14 44 22 44 14 44 22 33 33 32 11 23 11 22 11 41 11 41 11 33
0 32 14 42 23 41 14 41 23 33 32 32 14 23 13 23 14 41 13 41 14 33
0 22 44 22 22 11 14 41 22 32 32 22 14 23 13 23 44 11 13 41 44 33
0 32 11 44 22 44 11 41 22 33 33 32 11 22 11 22 14 44 11 44 14 33
0 33 11 44 22 44 14 44 33 33 33 33 11 22 11 22 11 41 11 44 11 33
0 33 11 44 22 44 11 41 22 33 33 33 11 22 11 22 11 44 11 44 11 33
0 22 14 42 22 11 44 41 23 22 33 22 44 23 11 22 11 11 13 11 44 32
0 22 14 22 22 44 44 11 22 22 32 32 44 23 11 22 14 11 33 11 11 32
0 32 14 42 23 44 14 41 23 32 32 32 11 23 13 22 11 41 11 44 14 33
0 32 14 42 22 41 14 41 23 32 32 33 14 22 11 22 14 41 13 44 11 33
0 32 14 42 22 11 14 41 23 33 33 22 11 22 11 22 14 11 13 44 14 33
0 33 11 44 22 44 11 44 22 33 33 33 11 22 11 22 11 44 11 44 11 33
0 32 11 42 22 41 14 41 23 32 33 33 14 22 13 22 11 44 11 41 14 33
0 33 11 44 22 44 11 44 22 33 33 33 11 22 11 22 11 44 11 44 11 33
0 33 11 42 22 44 11 44 22 33 33 33 14 22 11 22 11 41 11 44 11 33
0 33 11 44 22 44 11 44 22 33 33 33 11 22 11 22 11 44 11 44 11 33
0 32 11 44 22 44 14 44 23 32 33 22 14 23 11 22 44 11 13 11 14 33
0 33 11 42 22 44 44 41 22 33 33 22 14 22 11 22 44 41 11 41 44 33
0 33 14 44 22 41 14 41 22 32 33 33 11 33 11 22 14 41 11 41 44 33
0 32 11 42 22 41 14 41 23 32 32 32 11 22 11 22 14 41 11 41 11 33
0 22 44 22 33 11 44 11 23 22 22 22 44 33 13 33 44 11 33 41 44 22
0 33 11 44 22 44 11 44 22 33 33 33 11 22 11 22 11 44 11 44 11 33
0 32 11 42 22 11 14 44 22 33 32 33 11 22 11 22 14 41 13 44 14 32
0 32 11 44 22 44 11 44 22 33 33 33 11 22 11 22 11 44 11 44 11 33
0 32 11 42 22 11 14 41 23 32 32 33 11 23 11 22 11 41 11 41 14 33
0 32 14 42 22 41 14 41 23 32 32 32 14 23 13 22 14 41 13 41 14 32
0 32 11 44 22 44 11 44 22 33 33 32 11 22 11 22 11 41 11 44 14 33
0 33 11 42 22 44 14 41 22 32 33 33 11 23 11 22 11 41 11 41 11 32
0 22 11 42 23 44 14 41 23 32 32 32 14 23 11 23 14 44 13 41 14 33
0 33 11 44 22 44 11 44 22 33 33 33 11 22 11 22 14 44 11 44 11 33
0 32 11 44 22 41 14 41 22 32 33 33 11 22 11 22 14 41 11 44 14 33
0 22 14 22 22 11 44 41 23 32 33 22 14 33 11 22 44 11 11 44 44 33
0 33 11 44 22 44 14 44 22 33 33 33 11 23 11 22 11 44 11 44 11 33
0 32 11 42 22 41 14 44 22 33 33 32 14 22 11 22 11 11 11 44 14 33
0 22 14 22 23 11 14 41 23 22 32 32 14 23 13 22 11 11 13 11 14 32
0 32 11 42 22 44 14 44 23 32 33 32 14 22 11 23 11 44 13 11 14 33
0 22 11 42 23 41 44 11 23 32 32 32 14 23 11 23 11 41 13 41 14 33
0 22 11 42 22 41 44 41 22 33 33 32 14 23 11 22 14 11 13 41 14 33
0 22 14 22 22 11 44 11 22 22 33 32 14 23 33 22 44 11 33 41 44 33
0 22 14 42 23 41 14 41 23 32 33 32 14 23 13 23 14 41 13 41 14 32
0 22 11 42 22 44 11 44 22 32 33 33 14 22 11 22 14 41 11 44 14 33
0 33 11 42 22 44 14 41 22 32 33 32 11 22 11 22 11 44 11 41 14 33
0 32 11 44 22 44 11 44 22 33 33 33 11 22 11 22 11 44 11 44 11 33
0 22 44 42 23 11 14 41 23 22 32 32 14 23 13 23 44 41 13 41 44 32
0 32 11 42 22 44 11 41 22 33 33 33 11 22 11 22 11 41 11 44 11 33
0 32 14 42 23 41 14 41 23 32 32 32 14 23 13 22 14 41 13 41 14 33
0 33 11 44 22 44 11 44 22 33 33 33 11 22 11 22 11 41 13 44 11 33
0 22 14 42 23 41 14 44 23 32 33 32 14 23 13 22 14 11 11 41 14 33
0 32 14 42 23 41 14 11 23 32 32 32 14 23 13 23 44 41 33 41 14 32
0 32 14 22 23 41 14 41 22 32 32 22 44 23 13 23 14 11 13 41 14 33
0 33 11 44 22 44 11 44 22 33 33 33 11 22 11 22 11 44 11 44 11 33
0 32 11 42 22 44 14 41 22 33 33 33 11 22 11 22 11 41 13 44 11 33
0 33 14 42 22 41 14 44 22 33 33 33 11 23 11 22 11 44 11 41 11 33
0 32 11 44 22 44 14 44 22 32 33 33 11 22 11 22 11 41 11 44 11 33
0 32 11 22 22 41 14 41 33 32 33 22 14 22 11 22 14 11 13 41 44 33
0 32 14 42 22 41 14 44 22 33 33 32 11 23 13 23 11 41 11 44 14 32
0 32 11 42 23 44 14 41 23 32 33 33 11 22 11 23 14 44 13 41 14 33
0 32 11 42 22 41 14 44 23 32 32 33 14 23 11 22 11 41 11 41 14 33
0 22 14 22 22 11 14 41 33 22 33 22 14 23 11 22 11 11 13 41 44 33
0 32 11 44 22 44 14 44 22 32 33 32 14 22 11 22 11 41 11 41 11 33
0 33 11 44 22 44 11 44 22 33 33 33 11 22 11 22 11 44 11 44 11 33
0 32 14 22 22 41 14 41 22 32 33 22 14 22 11 23 14 41 11 41 14 32
0 32 11 42 22 44 44 44 22 32 33 33 14 22 11 22 11 41 11 44 11 33
0 32 11 44 22 44 11 44 22 33 33 32 11 22 11 22 14 41 11 44 11 33
0 22 44 22 23 11 44 41 33 22 32 32 14 33 33 33 44 11 13 41 14 32
0 22 14 22 23 41 44 11 23 32 32 22 44 23 13 23 44 11 13 11 14 32
0 33 11 42 22 44 14 44 22 33 33 32 11 22 11 22 11 44 11 41 11 33
0 33 11 44 22 44 11 41 22 33 33 33 11 22 11 22 11 41 11 44 11 33
0 22 11 22 23 41 44 41 33 32 32 32 14 23 13 23 44 11 13 41 14 32
1 32 14 42 23 44 14 41 22 33 33 32 11 23 13 22 11 11 11 41 14 33
1 32 14 42 23 41 11 41 23 32 32 32 14 23 13 23 14 41 13 41 14 32
1 22 11 42 23 44 14 41 23 22 33 32 11 22 13 22 14 11 11 41 44 33
1 22 14 22 22 41 14 41 33 33 32 32 44 22 11 22 44 11 11 44 14 32
1 22 11 42 22 41 14 41 22 22 33 22 14 22 11 22 44 11 11 41 44 33
1 32 11 42 22 41 11 44 22 33 33 32 11 22 11 22 11 41 11 41 11 33
1 32 14 42 22 41 11 44 22 33 33 32 14 22 11 22 14 41 11 44 14 33
1 32 14 42 22 41 14 41 22 33 32 32 14 22 13 22 11 44 11 44 11 33
1 32 11 44 22 44 11 44 22 32 33 33 11 22 11 22 11 44 11 44 11 33
1 22 11 42 22 41 44 41 22 32 33 32 11 23 11 22 14 44 11 41 14 33
1 22 14 22 22 44 44 41 23 32 33 22 11 22 13 22 44 11 13 41 11 33
1 32 11 44 22 41 14 41 23 32 33 32 14 23 11 22 11 41 11 41 14 33
1 22 14 42 22 41 14 44 22 32 32 32 14 23 13 22 14 41 11 41 14 33
1 32 14 42 22 44 44 41 23 33 32 32 44 23 13 23 14 41 13 11 14 33
1 32 11 44 22 41 11 44 22 33 33 33 11 23 11 22 11 44 11 44 14 33
1 32 14 42 23 41 14 41 23 32 33 32 11 22 13 22 14 41 13 41 14 33
1 22 44 42 23 11 14 11 23 32 32 32 44 23 13 23 14 11 13 41 44 32
1 32 14 22 22 11 44 11 22 32 32 32 14 22 11 22 14 11 11 11 44 22
1 22 14 42 33 41 44 41 33 22 32 22 44 23 33 23 44 11 33 11 14 32
1 32 14 42 22 41 14 41 23 32 32 33 14 23 11 22 14 41 11 44 14 33
1 22 44 42 23 11 14 41 33 32 22 22 14 23 13 22 44 41 13 11 14 32
1 33 11 42 22 41 14 41 22 32 33 32 14 22 11 22 14 41 11 44 11 33
1 22 11 42 22 44 14 41 22 33 33 33 11 22 11 22 11 44 13 44 11 33
1 32 11 44 23 44 14 41 22 33 33 32 11 22 11 22 11 41 11 44 11 33
1 33 11 44 22 44 11 44 22 33 33 33 11 22 11 22 11 44 11 44 11 33
1 22 44 22 23 11 44 11 23 32 32 22 44 33 33 23 44 11 33 41 44 33
1 33 14 42 22 41 14 41 22 32 33 32 14 23 13 23 14 41 13 41 14 33
1 33 11 44 22 44 11 44 22 33 33 33 11 22 11 22 11 44 11 41 11 33
1 32 14 22 22 41 44 41 23 32 33 22 44 23 13 23 14 11 13 11 14 32
1 33 14 44 22 44 14 44 22 32 32 32 11 22 11 22 11 44 11 41 11 33
1 33 44 42 23 41 44 41 23 32 32 32 11 23 11 23 44 11 13 11 14 33
1 32 14 42 23 41 14 41 22 32 32 32 14 23 13 23 14 41 13 41 14 32
1 32 11 44 22 41 14 44 22 33 33 32 11 22 11 22 14 11 11 11 11 33
1 32 14 22 22 44 14 44 23 33 33 32 14 23 11 22 14 11 11 41 14 33
1 22 11 44 22 44 14 41 22 33 33 33 11 22 11 23 14 11 13 41 11 33
1 33 11 44 22 44 11 44 22 33 33 33 11 22 11 22 11 41 11 44 11 33
1 33 11 44 22 44 14 44 22 32 33 32 11 22 13 22 14 44 11 44 11 33
1 32 11 42 22 41 11 41 23 33 33 32 11 22 11 22 11 44 13 41 11 32
1 22 14 42 23 11 44 11 23 32 32 32 14 23 13 23 14 41 13 41 14 32
1 33 14 44 22 44 11 44 22 33 32 32 11 22 11 22 14 41 11 44 11 33
1 22 14 42 22 11 44 44 22 32 33 22 11 23 13 22 14 41 13 11 11 33
1 32 11 42 22 41 14 41 23 32 33 33 14 23 13 22 14 41 13 41 14 32
1 22 11 22 22 41 14 11 23 22 32 22 14 22 13 22 11 41 33 41 14 33
1 32 11 42 22 41 11 44 22 33 33 32 14 22 11 22 11 41 11 44 11 33
1 32 14 42 22 41 44 41 23 32 32 32 14 23 13 23 14 41 13 41 14 32
1 33 11 44 22 44 11 44 22 33 33 33 11 22 11 22 11 44 11 44 11 33
1 32 14 22 22 41 14 44 22 32 32 32 14 23 11 22 14 11 13 41 14 33
1 32 11 22 22 41 14 41 22 33 33 32 44 23 11 22 11 44 11 44 14 32
1 33 14 42 22 41 14 44 22 33 33 33 11 23 11 22 14 41 13 41 14 33
1 33 11 44 22 44 11 44 22 33 33 33 11 22 11 22 14 44 11 44 11 33
1 32 11 44 22 41 44 41 22 33 33 32 11 23 11 22 11 41 11 44 11 33
1 32 11 42 23 41 44 41 23 22 33 32 44 23 11 23 44 11 13 41 14 32
1 32 11 42 22 41 14 41 22 33 32 32 11 22 11 22 14 44 13 44 11 32
1 33 11 42 22 44 14 44 22 33 32 32 14 22 11 22 14 44 11 44 14 33
1 32 11 42 22 44 14 44 22 32 32 32 14 22 11 22 14 44 11 41 11 33
1 33 11 42 22 44 11 44 22 33 33 32 11 22 11 22 11 44 11 44 11 33
1 33 11 42 22 44 11 44 23 33 33 33 11 23 11 22 11 44 11 44 11 33
1 32 14 42 22 11 44 41 23 33 33 32 14 23 11 22 14 41 13 41 44 33
1 33 11 44 22 44 11 44 22 33 33 33 11 22 11 22 11 41 11 44 11 33
1 33 11 44 22 44 14 44 22 33 33 33 14 22 11 22 11 44 13 44 11 33
1 22 44 22 23 11 44 11 33 22 22 22 44 23 13 23 44 11 33 11 44 22
1 32 14 44 22 44 14 44 23 33 33 33 11 22 11 22 11 44 13 44 14 33
1 33 11 44 22 44 11 44 22 32 33 33 11 22 11 22 14 44 11 41 11 33
1 33 14 42 23 11 11 44 22 33 32 22 14 23 13 23 14 44 13 44 14 33
1 33 11 42 22 44 14 44 22 32 33 32 11 22 13 22 11 11 11 44 14 33
1 32 14 42 23 41 14 41 23 22 32 32 14 23 13 23 14 41 13 11 14 32
1 32 14 42 22 44 14 41 22 32 33 32 11 23 11 22 14 41 11 41 11 33
1 33 11 44 22 44 14 44 22 33 33 33 11 22 11 22 11 41 11 44 11 33
1 33 11 42 22 44 44 44 22 32 33 33 11 22 11 22 11 44 11 44 14 33
1 32 11 22 23 44 11 44 22 33 33 33 14 23 11 22 11 44 13 44 14 33
1 32 14 42 23 41 14 41 22 32 32 32 14 23 13 23 14 41 13 41 14 32
1 32 11 42 22 44 14 44 23 33 33 33 14 22 11 22 11 41 11 44 11 32
1 32 11 44 22 44 11 41 22 33 33 32 14 22 11 22 14 41 11 41 14 33
1 32 11 42 22 44 14 44 23 32 33 33 14 22 11 23 11 41 13 44 14 33
1 33 11 44 22 44 11 44 22 33 33 33 11 22 11 22 11 44 11 44 11 33
1 32 14 42 23 41 14 41 23 32 32 32 14 23 13 23 14 41 13 41 14 32
1 33 11 44 22 41 14 41 22 33 33 33 11 22 11 22 14 44 11 44 11 33
1 22 14 22 22 41 14 41 22 32 32 33 14 22 11 22 11 41 11 44 14 32
1 33 11 44 22 44 14 44 22 33 33 32 11 22 11 22 11 44 13 44 11 33
1 32 11 44 22 41 14 44 23 33 33 32 14 22 11 22 11 44 11 41 14 33
1 33 14 44 22 44 11 41 22 32 33 32 11 22 11 22 11 41 11 41 14 33
1 32 11 42 22 41 14 44 23 32 33 33 11 22 11 22 14 11 11 44 14 33
1 32 14 42 22 41 14 44 23 32 32 32 14 23 13 22 14 41 11 41 14 33
1 33 11 44 22 44 11 44 22 33 33 33 11 22 11 22 11 44 11 44 11 33
1 32 11 22 22 11 44 41 33 22 32 22 14 23 11 23 14 41 33 44 14 33
1 22 14 42 22 11 14 44 22 22 33 22 14 23 13 23 14 41 13 44 14 33
1 32 11 42 22 41 44 11 23 32 32 32 14 23 11 22 14 41 13 41 14 33
1 32 14 42 22 44 14 41 23 32 33 32 14 23 13 22 14 41 13 44 14 32
1 32 14 42 22 41 14 41 22 33 32 32 14 22 11 22 11 41 11 41 14 33
1 32 11 44 22 44 11 44 22 33 33 33 14 22 11 22 11 11 11 41 11 33
1 33 11 42 22 44 11 44 22 33 33 32 14 22 11 22 11 11 11 44 11 33
1 33 11 42 22 44 11 44 22 33 33 33 11 22 11 22 14 44 11 44 11 33
1 33 11 44 22 44 14 44 22 33 33 33 11 22 11 22 14 41 11 44 11 33
1 32 11 44 22 41 11 44 23 32 32 32 14 22 11 23 11 41 13 44 11 32
1 33 11 44 22 44 11 44 22 33 33 33 11 22 11 22 14 41 11 44 11 33
1 32 14 42 22 44 14 44 22 32 33 32 14 22 13 22 14 41 13 44 11 33
1 33 11 44 22 44 11 41 22 33 33 33 11 22 11 22 11 44 11 44 11 33
1 32 11 42 23 41 14 41 23 32 32 32 14 23 13 22 14 41 13 41 14 32
1 32 14 42 23 41 14 41 23 22 32 32 14 23 13 23 14 41 13 41 14 32
1 22 44 22 33 11 44 11 23 22 22 22 44 33 33 23 44 11 33 11 44 22
1 32 11 44 22 41 14 44 22 33 33 33 11 22 11 23 11 11 11 44 14 33
1 33 14 42 22 44 14 44 22 33 33 32 11 22 11 22 11 41 11 41 11 33
1 33 11 44 22 44 14 44 23 33 33 33 11 22 11 22 14 41 13 44 11 33
1 22 14 22 22 41 14 41 23 32 32 22 11 23 13 22 14 41 11 41 11 32
1 33 11 44 22 44 14 44 22 33 33 33 11 22 11 22 14 41 11 44 11 33
1 22 14 42 23 11 14 41 23 32 32 32 14 22 13 23 14 41 13 41 44 33
1 22 44 22 23 11 44 11 33 22 22 22 44 33 33 23 44 11 33 11 44 22
1 33 11 42 22 41 14 41 22 32 33 32 11 22 11 22 14 41 13 41 14 33
1 22 14 22 22 41 44 41 33 32 32 22 44 23 13 23 44 11 33 11 44 33
1 32 14 42 22 44 11 41 33 33 33 33 14 22 11 22 11 11 11 44 11 33
1 32 11 42 22 41 11 41 23 32 32 33 14 23 11 22 11 41 11 44 14 32
1 32 14 22 23 41 44 41 23 22 32 22 14 33 11 22 14 11 13 11 14 32
1 32 14 22 22 44 11 44 23 32 33 33 11 23 11 22 14 41 11 44 11 33
1 33 11 42 22 44 14 44 22 32 33 32 14 23 11 22 11 41 11 44 14 33
1 32 11 42 22 41 14 41 23 33 32 33 14 23 11 23 14 41 11 44 11 33
1 33 44 42 22 41 44 44 22 22 32 32 14 23 11 22 14 41 13 41 11 33
1 33 14 42 23 41 14 41 23 32 32 33 14 22 13 22 14 41 11 41 11 33
1 33 11 44 22 44 14 41 22 33 33 32 14 22 11 22 11 41 11 44 11 33
1 32 14 42 23 44 11 41 22 32 33 32 14 23 11 22 11 41 11 41 14 33
1 33 14 42 22 44 14 41 22 32 33 32 11 22 11 22 14 11 11 44 14 33
1 33 11 42 22 44 11 44 22 33 33 33 11 22 11 22 11 41 11 44 14 33
1 33 11 44 22 44 11 44 22 33 33 33 11 22 11 22 11 44 11 44 11 33
1 32 11 44 22 44 14 44 22 33 33 33 11 22 11 22 11 41 11 44 11 33
1 33 14 42 23 41 11 41 23 32 32 32 14 22 11 22 14 41 11 44 14 33
1 32 14 42 23 41 14 41 22 33 33 32 14 22 11 23 11 41 13 44 11 33
1 22 14 42 23 41 14 41 23 32 33 22 14 23 13 22 14 11 13 41 44 33
1 32 14 22 23 41 11 11 33 33 33 32 44 23 13 22 14 11 13 41 14 33
1 22 44 22 22 41 44 41 23 22 32 22 44 23 13 23 44 41 33 41 44 33
1 32 11 42 22 44 11 44 22 33 33 33 11 22 11 22 11 44 11 44 11 33
1 32 14 42 22 11 14 41 33 22 33 33 14 23 11 22 14 41 13 44 14 33
1 33 11 42 22 44 11 41 22 32 33 32 11 22 11 23 11 41 11 44 14 33
1 32 14 42 22 41 14 41 23 33 33 32 11 23 11 23 14 41 13 41 14 33
1 32 11 44 22 44 11 44 22 33 33 33 11 22 11 22 11 44 11 44 11 33
1 32 11 44 22 44 11 44 22 33 33 33 11 22 11 22 14 44 11 41 14 33
1 32 14 22 22 44 14 41 23 32 33 22 14 22 11 23 14 41 13 41 11 33
1 32 11 42 23 44 14 44 22 33 33 32 14 22 11 22 14 41 13 44 11 33
1 22 44 42 23 41 14 11 23 32 32 22 14 23 13 23 14 11 13 11 44 33
1 33 11 44 22 44 11 44 22 33 33 33 11 23 11 22 11 44 11 44 11 33
1 32 11 42 22 44 44 41 22 33 33 32 14 22 11 22 11 41 11 41 14 33
1 33 11 44 22 44 14 44 22 33 33 33 11 22 11 22 11 41 11 44 11 33
1 32 14 42 23 41 14 41 23 32 32 32 14 23 13 23 14 41 13 41 14 33
1 32 11 42 22 44 11 44 22 33 33 33 11 23 11 22 11 44 11 44 14 33
1 22 14 42 23 41 14 41 23 32 32 32 14 22 13 22 44 41 13 11 14 32
1 22 44 22 22 11 44 11 23 22 32 32 44 23 13 23 11 11 13 41 44 33
1 33 11 44 22 44 11 41 22 33 33 33 11 22 11 22 11 44 11 44 11 33
1 33 11 44 22 44 11 44 22 33 33 33 11 22 11 22 11 44 11 44 11 33
1 22 14 22 23 41 14 11 23 33 33 22 14 23 11 22 44 41 33 11 14 32
1 33 11 42 22 44 11 41 22 33 33 32 11 22 11 22 11 11 11 41 11 33
1 32 11 44 22 44 11 44 22 32 33 33 11 23 11 22 14 44 11 44 14 33
1 22 14 22 23 11 14 41 23 32 32 32 44 22 11 23 44 11 33 41 44 33
1 33 14 44 22 41 14 41 22 22 32 22 11 22 11 22 14 41 13 44 11 33
1 33 11 42 22 44 14 41 23 33 33 22 11 22 11 22 11 41 11 44 14 33
1 32 11 22 22 44 11 41 22 33 33 32 11 22 11 22 14 41 11 44 14 33
1 32 14 22 23 41 14 41 23 32 32 32 14 23 13 23 14 41 11 41 14 32
1 32 14 42 23 41 14 41 23 22 32 32 14 23 13 23 14 41 13 41 14 32
1 32 11 42 22 41 14 41 23 32 32 32 14 23 11 23 14 41 11 41 11 33
1 22 14 42 23 41 14 41 23 32 32 32 14 23 13 22 14 41 13 44 14 33
1 22 14 42 23 41 14 41 23 22 33 32 14 23 11 23 14 11 11 44 44 32
1 33 11 44 22 44 11 44 22 33 33 33 11 22 11 22 11 44 11 44 11 33
1 33 11 44 22 44 11 44 22 32 33 33 14 22 11 22 11 11 11 44 14 33
1 22 44 22 22 11 14 11 23 22 22 22 44 23 11 23 44 11 11 41 14 32
1 33 11 22 22 41 14 44 22 32 33 32 14 23 11 22 44 41 13 44 14 33
1 22 11 42 22 44 14 11 22 32 32 32 14 23 13 22 14 41 13 11 11 33
1 32 44 42 23 11 44 11 23 32 33 22 14 22 13 22 11 11 11 41 14 33
1 32 11 42 22 44 11 44 22 32 33 32 11 22 11 22 11 44 11 44 11 33
1 33 11 44 22 44 11 44 22 33 33 33 11 22 11 22 11 44 13 44 11 33
1 22 14 42 23 41 44 41 23 32 32 32 14 33 13 23 14 11 13 41 14 32
1 32 14 22 22 41 14 41 23 33 33 33 11 22 13 22 14 44 11 41 14 33
1 32 14 22 23 41 14 41 23 32 32 22 14 23 11 23 14 41 13 41 14 33
1 32 11 44 22 44 14 11 22 32 32 32 14 22 11 22 14 41 11 41 14 33
1 32 11 44 22 44 14 44 22 32 33 33 11 22 11 22 11 44 11 41 11 33
1 32 11 44 22 44 11 41 23 33 33 33 11 22 11 22 11 44 11 41 11 33
1 32 14 42 22 44 14 41 23 32 33 33 11 23 11 22 14 41 11 44 14 33
1 22 14 22 22 11 14 11 23 22 32 22 14 33 13 22 44 41 11 41 44 33
1 33 11 44 22 44 11 44 22 33 33 33 11 22 11 22 11 44 11 44 11 33
1 22 11 44 22 41 44 11 23 22 32 33 14 22 13 22 14 11 13 11 11 33
1 32 11 44 22 44 14 44 22 32 33 32 11 22 13 22 14 41 11 44 11 33
1 22 44 22 23 41 44 11 23 32 32 22 44 23 13 23 14 41 13 41 14 32
1 32 14 44 22 41 11 44 22 33 33 32 11 22 11 23 11 41 11 41 14 33
1 22 44 22 23 11 44 41 33 22 22 22 14 23 33 33 44 11 33 11 44 32
1 32 14 42 22 41 14 44 23 32 32 22 11 23 13 22 14 41 13 41 14 33
1 22 14 42 23 41 14 41 23 22 32 22 14 23 13 23 14 41 13 41 14 32
1 22 11 22 22 44 44 44 22 33 33 32 11 22 11 22 14 44 11 44 14 33
1 33 11 42 22 44 44 44 22 32 33 33 11 22 11 22 14 41 11 44 11 33
1 32 14 42 22 41 14 41 23 32 32 32 44 23 13 23 14 41 13 41 44 33
1 32 14 42 23 41 14 41 23 32 32 32 14 23 13 23 14 41 13 41 14 32
1 22 14 42 22 44 14 41 22 32 33 32 11 23 11 22 44 41 13 44 14 33
1 33 14 42 22 44 11 44 22 32 33 33 11 22 11 22 11 41 11 44 11 33
1 33 11 44 22 41 14 44 22 33 33 32 14 22 11 22 11 44 13 44 14 33
1 32 11 42 22 41 44 41 23 33 32 22 14 22 11 22 14 41 11 41 11 33
1 32 11 42 23 41 14 44 23 33 32 32 14 23 13 22 14 41 11 44 14 33
1 32 14 42 22 44 11 44 22 32 33 33 14 22 11 22 14 44 11 44 14 33
1 32 11 42 22 41 14 41 23 33 33 32 14 22 11 22 11 44 11 44 14 33
1 22 14 42 23 11 44 11 23 22 32 22 44 22 13 23 44 11 33 11 44 32
1 22 14 42 22 44 11 44 22 33 33 33 14 22 11 23 14 44 11 44 11 33
1 32 11 42 22 44 14 41 22 33 33 33 14 22 11 22 14 41 13 41 14 33
1 32 11 44 22 44 11 44 22 33 33 33 11 22 11 22 11 41 11 44 11 33
1 32 14 42 22 41 14 41 23 32 33 32 14 23 13 23 14 41 13 41 14 33
1 22 44 22 23 11 44 11 33 32 32 32 14 23 13 23 44 11 33 41 44 33
1 32 44 42 22 11 14 41 33 22 32 33 14 23 13 22 14 11 13 44 44 33
1 33 11 44 22 44 11 44 22 33 33 33 11 22 11 22 11 44 11 44 11 33
1 33 11 44 22 44 11 44 22 33 33 33 11 22 11 22 11 44 11 44 11 33
1 33 11 44 22 44 11 44 22 33 33 33 11 22 11 22 11 44 11 44 11 33
1 32 11 42 22 44 11 44 22 33 33 32 11 22 11 22 11 41 11 44 11 33
1 22 44 22 22 11 44 44 33 32 32 22 14 33 13 23 44 11 13 41 14 32
1 32 14 44 22 44 14 44 22 32 33 33 11 22 11 22 11 41 11 41 11 33
1 22 11 44 22 44 44 44 22 33 33 33 11 22 11 22 11 41 11 44 11 33
1 32 11 42 22 41 11 41 22 33 32 33 14 22 11 22 14 44 11 44 14 33
1 33 11 44 22 44 14 44 22 33 33 32 11 22 11 22 14 41 11 44 14 33
1 33 11 44 22 41 14 41 22 32 33 33 11 22 11 22 11 44 11 44 11 33
1 33 11 44 22 44 14 44 22 33 33 33 14 22 11 22 11 44 11 41 11 33
1 32 11 42 22 41 44 41 22 32 33 32 14 22 11 22 14 41 11 41 14 33
1 32 11 42 22 44 14 44 22 32 33 33 14 22 11 22 14 44 11 44 14 33
1 22 11 44 22 41 14 44 22 33 33 22 14 22 11 22 14 41 11 41 14 33
1 32 11 44 22 41 14 44 22 33 33 33 11 22 11 22 11 44 11 44 11 33
1 32 11 44 22 41 14 41 22 33 32 33 11 22 11 22 14 44 11 44 11 33
1 32 11 42 22 44 11 44 22 33 33 33 14 22 11 22 11 41 11 44 11 33
1 33 11 44 22 44 11 44 22 33 33 33 11 22 11 22 11 44 11 44 11 33
1 22 14 42 23 41 14 41 23 32 32 32 14 23 13 23 14 41 13 11 44 32
1 32 14 22 22 41 14 41 23 32 32 32 44 23 11 22 14 44 11 41 14 33
1 33 11 42 22 44 11 44 23 33 33 32 14 22 11 22 14 44 11 41 11 33
1 32 14 42 22 41 14 44 22 32 32 32 14 23 13 22 11 41 11 41 14 33
1 22 11 42 22 44 14 44 23 32 33 33 11 23 13 22 11 41 13 41 11 33
1 32 11 42 23 41 44 41 22 32 33 22 14 22 13 23 14 11 13 11 14 32
1 32 11 44 22 44 44 44 22 33 33 33 11 22 11 22 11 41 11 41 11 33
1 33 11 44 22 44 11 44 22 33 33 33 11 22 11 22 14 44 11 44 11 33
1 32 11 42 22 41 14 41 23 32 33 32 14 22 11 22 11 41 11 41 14 33
1 32 14 42 22 41 14 44 23 32 32 32 14 23 11 23 14 41 13 41 14 32
1 22 14 22 23 41 44 41 22 32 32 22 11 33 13 22 44 41 13 11 44 32
1 33 11 44 22 44 11 44 22 33 33 33 11 22 11 22 11 44 11 44 11 33
1 33 11 44 22 44 11 44 22 33 33 33 11 22 11 22 14 44 11 44 11 33
1 32 11 44 22 44 14 44 23 33 32 32 14 22 13 22 14 41 11 44 11 33
1 32 14 44 22 41 14 41 23 32 33 32 14 22 11 22 11 41 11 44 14 33
1 32 14 22 23 11 14 41 22 32 32 32 14 23 13 22 14 41 13 41 14 33
1 32 11 42 22 41 14 41 22 32 33 32 14 23 13 22 14 44 13 44 11 33
1 33 11 42 22 44 11 44 22 33 33 32 11 22 11 22 11 41 11 44 11 33
1 32 14 44 22 41 14 41 23 32 33 32 14 22 11 22 14 44 11 11 14 33
1 32 14 42 22 41 14 44 23 32 32 32 14 23 13 23 14 41 13 41 14 33
1 32 14 42 22 41 14 41 23 32 32 32 14 22 13 22 11 41 11 41 14 33
1 22 44 22 33 11 44 11 33 22 32 22 44 23 13 33 44 11 33 11 14 22
1 22 11 42 22 41 14 41 23 32 33 32 14 23 11 23 14 41 13 41 14 33
1 32 14 42 22 41 14 41 22 33 33 32 11 23 11 22 14 41 11 41 11 33
1 22 14 22 22 11 44 41 33 22 32 32 44 33 13 23 44 11 13 44 44 33
1 22 14 42 22 44 11 11 23 32 33 32 11 23 13 23 14 41 13 41 14 33
1 33 11 44 22 44 11 44 22 33 33 33 11 22 11 22 11 44 11 44 11 33
1 32 14 42 22 44 14 44 23 32 32 32 14 23 13 22 11 41 11 41 14 33
1 33 11 44 22 44 11 44 22 33 33 32 11 22 11 22 11 44 11 44 14 33
1 32 14 42 23 41 14 41 23 32 32 32 14 23 13 23 14 41 13 41 14 32
1 32 11 44 22 44 14 44 22 33 33 33 11 23 11 22 11 44 13 44 11 33
1 32 11 44 22 44 11 44 22 32 33 32 11 22 11 22 11 41 11 44 11 33
1 22 44 22 22 11 44 11 23 32 32 33 14 23 11 23 14 11 13 41 11 33
1 32 11 42 22 44 11 41 33 32 33 22 11 22 11 22 44 11 13 44 44 33
1 32 14 22 22 41 14 41 23 32 33 32 14 22 13 22 14 41 13 41 14 32
1 22 11 42 22 11 11 44 23 32 22 22 11 22 11 22 14 11 13 11 14 33
1 32 11 44 22 41 14 41 22 22 33 32 11 22 11 22 14 44 11 41 14 33
1 33 11 44 22 44 14 44 22 33 33 33 11 22 11 22 11 44 11 44 14 33
1 32 14 42 22 44 14 41 22 33 33 32 14 22 11 23 14 41 11 44 14 33
1 22 14 42 22 41 14 41 23 33 33 33 11 22 11 22 14 41 11 44 14 33
1 22 14 42 22 11 44 44 23 22 32 22 11 23 13 22 44 11 33 44 44 32
1 32 11 44 22 41 14 41 22 33 33 33 11 22 11 22 11 44 13 41 11 33
1 22 11 22 33 11 44 41 23 22 32 22 14 23 11 22 44 11 13 11 44 32
1 22 14 22 22 41 44 41 23 32 32 22 14 22 13 22 14 41 33 41 44 32
1 33 14 22 22 44 11 41 22 22 33 22 14 23 11 22 44 41 11 41 14 32
1 33 11 44 22 41 14 44 22 33 33 33 11 22 11 22 11 44 13 44 11 33
1 32 11 44 22 41 11 44 23 32 33 22 11 22 11 22 14 41 11 41 14 33
1 33 14 42 22 41 14 44 23 33 33 33 11 22 11 22 11 41 11 44 11 33
1 22 44 22 23 11 44 41 23 22 32 22 44 22 11 23 44 11 33 11 14 32
1 32 11 42 23 41 14 41 23 32 33 32 14 23 13 23 14 41 33 41 14 32
1 32 14 42 22 41 14 41 22 32 33 33 11 22 11 22 14 44 13 44 14 33
1 32 14 42 22 41 14 41 22 33 33 22 14 23 13 22 11 41 11 41 14 33
1 32 11 42 22 44 14 44 22 33 33 33 11 22 11 22 11 41 11 44 44 33
1 32 11 44 22 44 44 44 22 32 33 32 11 22 13 22 11 41 13 44 11 33
1 32 11 42 22 41 14 41 23 33 32 32 11 22 11 22 14 41 11 41 14 32
1 32 14 44 22 41 11 44 22 22 33 33 11 22 11 22 14 41 11 41 14 33
1 32 14 42 22 44 14 41 33 32 32 32 14 23 33 22 11 41 11 41 14 33
1 22 11 42 22 44 11 41 22 33 33 33 11 22 11 22 14 41 11 44 11 33
1 32 14 22 22 44 14 41 23 32 32 32 11 23 13 22 14 41 13 41 14 33
1 32 14 42 23 41 14 41 23 32 32 32 14 23 13 23 14 41 13 41 14 32
1 22 44 22 23 41 14 11 33 22 22 22 44 22 13 22 44 11 13 41 44 32
1 33 14 44 22 44 14 41 23 32 33 33 14 22 11 22 44 44 11 44 11 33
1 22 14 22 22 11 14 41 23 32 32 32 44 23 11 22 11 11 33 41 14 33
1 32 11 44 22 44 11 41 22 33 33 33 11 22 11 22 11 44 11 41 14 33
1 33 11 44 22 44 11 44 22 33 33 33 11 22 11 22 11 44 11 44 11 33
1 32 14 22 22 11 14 11 22 33 33 32 14 23 11 22 14 44 11 41 44 33
1 32 14 42 22 44 11 44 22 33 33 32 11 22 11 22 14 41 11 44 11 33
1 22 14 22 33 41 44 11 23 32 32 32 14 23 13 22 14 41 33 11 14 32
1 33 11 44 22 44 11 44 22 33 33 33 11 22 11 22 11 44 11 44 11 33
1 33 11 44 22 44 11 44 22 33 33 33 11 22 11 22 11 44 11 44 11 33
1 33 14 42 22 41 14 41 23 32 33 32 11 23 11 22 14 44 13 41 14 32
1 33 11 42 23 44 11 44 22 32 33 32 11 22 11 22 11 44 11 41 11 33
1 32 11 42 23 41 14 41 23 32 32 32 14 22 13 22 14 44 13 41 14 32
1 33 11 22 22 41 14 41 22 33 33 33 11 22 11 22 11 41 11 44 11 32
1 32 11 44 22 41 11 41 22 33 33 32 14 23 11 22 14 44 11 41 11 33
1 22 14 42 22 41 14 41 23 22 32 22 14 22 13 22 14 11 13 41 14 32
1 33 11 44 22 41 44 41 22 32 33 22 11 22 11 22 14 11 11 41 14 33
1 33 11 44 22 44 11 44 22 33 33 33 11 22 11 22 11 44 11 44 11 33
1 32 11 42 22 41 14 44 22 33 33 32 11 22 11 22 11 41 11 44 11 33
1 33 11 44 22 44 11 41 22 33 32 32 11 23 13 22 14 41 11 44 11 33
1 33 11 42 22 44 14 41 22 32 33 33 11 23 11 22 11 44 13 44 11 33
1 33 11 44 22 44 14 44 22 33 33 33 11 22 11 22 11 41 11 41 11 33
1 32 11 44 22 44 11 41 22 33 33 33 11 22 11 22 11 44 11 44 11 33
1 22 14 44 22 41 44 41 23 32 32 32 14 23 13 23 14 11 11 11 14 33
1 33 11 44 22 41 11 44 22 32 33 33 11 22 11 22 11 41 11 44 11 33
1 22 11 42 23 41 44 41 22 32 32 32 14 23 13 22 44 41 11 11 14 33
1 22 44 22 22 41 44 11 23 32 33 22 14 33 11 23 44 11 13 41 44 33
1 32 14 42 22 44 14 41 23 32 33 32 14 23 11 22 14 41 11 41 11 33
1 32 14 42 22 44 44 41 22 22 33 22 11 22 11 22 44 41 13 44 14 33
1 22 14 42 23 41 14 41 22 33 32 32 14 23 13 23 14 41 11 44 11 33
1 33 14 42 22 44 14 44 22 33 33 32 11 22 11 22 14 44 11 41 14 33
1 32 14 42 23 41 14 41 23 32 33 22 14 23 11 22 14 41 13 44 44 33
1 22 11 44 22 41 44 44 23 32 32 32 11 22 11 22 14 11 11 44 11 33
1 33 11 44 22 44 11 44 22 33 33 33 11 22 11 22 11 44 11 44 11 33
1 32 14 44 22 44 14 44 23 33 33 32 11 23 11 22 11 41 11 41 14 33
1 32 11 42 22 41 11 44 22 32 33 32 14 23 11 22 44 41 13 44 11 33
1 32 44 42 23 41 44 41 23 22 33 32 14 23 11 22 44 11 13 41 14 32
1 32 11 44 22 44 11 44 22 33 33 33 11 22 11 22 11 44 11 44 11 33
1 33 11 42 22 41 11 44 22 33 33 33 11 22 11 22 11 44 11 44 11 33
1 22 14 42 23 11 14 11 33 32 32 32 11 23 13 23 44 11 13 41 44 33
1 22 11 22 22 11 14 44 23 32 33 32 11 23 11 22 11 41 11 41 44 33
1 33 11 44 22 44 14 44 22 32 33 33 11 23 11 22 11 44 11 44 11 33
1 22 11 42 22 41 14 41 22 32 33 32 14 22 11 22 14 41 13 44 11 33
1 22 11 44 23 44 14 41 22 22 32 22 44 23 11 22 14 41 33 44 14 33
1 32 14 42 22 44 14 41 23 32 33 32 14 23 11 22 14 41 13 41 11 33
1 32 11 42 22 41 11 44 23 33 32 33 11 22 11 22 11 41 11 41 11 33
1 22 14 42 23 41 14 11 23 32 22 22 14 23 13 23 14 11 13 41 14 32
1 33 11 44 23 44 11 44 22 33 33 32 14 22 11 22 14 41 11 44 11 33
1 22 44 22 23 11 44 11 33 32 22 22 14 33 13 23 14 11 33 41 44 33
1 32 14 42 23 41 14 44 23 32 32 32 14 23 13 23 14 41 13 41 14 32
1 32 14 42 22 41 14 41 23 32 32 32 14 23 13 22 14 41 11 41 14 33
1 32 14 44 22 41 14 41 22 32 32 32 14 22 13 23 14 41 11 44 14 33
1 33 11 44 22 44 11 44 22 33 33 33 11 22 11 22 11 41 13 44 11 33
1 32 11 42 22 41 14 41 22 33 33 32 11 22 11 22 11 44 11 41 11 33
1 33 11 44 22 41 11 44 22 33 33 33 11 22 11 22 11 41 11 44 11 33
1 33 11 44 22 44 11 44 22 33 33 33 11 22 11 22 11 44 11 44 14 33
1 33 11 42 22 44 11 44 22 33 33 33 11 22 11 22 11 41 11 44 11 33
1 32 14 42 22 41 14 41 23 32 32 32 14 23 13 23 14 41 13 41 14 32
1 33 11 44 22 41 11 44 22 33 33 32 11 22 11 22 14 44 11 44 11 33
1 32 11 42 23 41 14 41 23 32 32 32 14 23 13 22 14 41 13 41 14 33
1 32 14 42 23 41 14 41 23 32 32 22 14 23 13 23 14 41 13 41 14 33
1 32 11 42 22 41 44 41 22 32 32 22 44 23 11 22 14 41 13 41 14 32
1 32 14 42 23 41 44 41 22 32 32 32 14 23 13 22 44 41 13 41 14 33
1 32 14 42 22 41 14 41 23 32 32 22 11 23 13 22 11 11 13 41 11 33
1 33 11 44 22 44 11 44 22 33 33 33 11 22 11 22 11 44 11 44 11 33
1 32 14 42 23 41 44 41 33 22 33 22 44 23 13 23 14 11 13 41 14 33
1 22 11 22 22 44 14 41 22 32 33 32 14 22 11 22 14 41 11 41 11 33
1 22 11 22 23 41 11 41 23 22 33 32 11 23 11 22 14 41 11 44 44 33
1 32 14 42 22 41 14 41 23 32 33 32 11 23 11 23 14 41 13 41 14 33
1 32 44 22 23 41 44 41 33 32 22 22 44 22 33 23 44 11 33 11 44 33
1 33 11 44 22 44 44 44 23 33 33 33 11 22 11 22 11 44 11 44 11 33
1 33 11 42 22 44 11 44 22 33 33 33 11 22 11 22 11 41 11 44 11 33
1 32 14 42 22 41 14 44 22 32 32 32 14 22 11 22 14 44 13 41 14 33
1 32 11 44 22 44 11 44 22 33 33 33 11 22 11 22 11 44 11 44 11 33
1 32 14 42 22 44 14 41 22 32 33 32 11 22 11 22 11 44 11 41 14 33
1 32 14 42 23 41 14 44 23 32 32 32 14 22 13 23 14 41 13 41 14 32
1 33 11 44 22 44 11 44 22 32 33 33 11 22 11 22 11 44 11 44 14 33
1 32 11 44 22 44 14 44 22 32 33 32 14 22 11 22 11 41 11 44 11 33
1 32 14 42 22 44 14 41 22 33 33 33 14 22 11 22 14 11 13 41 11 33
1 32 14 42 23 41 14 41 23 32 32 32 14 23 13 23 14 41 13 41 14 32
1 22 44 42 23 41 14 41 23 32 32 22 14 23 13 23 14 11 13 41 14 32
1 22 14 22 23 11 14 11 22 22 32 22 44 23 13 22 14 11 13 11 14 33
1 33 14 42 22 44 14 41 22 33 33 32 14 22 11 22 14 41 11 44 14 32
1 32 11 42 22 44 14 41 22 32 32 32 11 23 11 22 11 41 11 41 14 33
1 22 11 42 22 41 11 44 22 33 33 33 14 22 11 22 14 41 11 41 44 33
1 32 14 22 22 41 44 41 23 32 32 32 44 22 13 22 14 11 11 41 14 33
1 32 14 42 22 41 14 41 23 32 33 32 14 23 13 22 14 41 13 44 14 33
1 33 11 42 22 44 11 44 22 33 33 32 11 22 11 22 14 44 13 44 11 33
1 33 11 44 22 44 14 44 23 33 32 32 11 22 13 22 14 44 11 44 11 33
1 32 44 42 22 41 14 44 22 33 33 32 14 33 11 22 11 41 13 44 14 33
1 33 11 44 22 44 11 44 22 33 33 33 11 22 11 22 14 41 11 44 14 33
1 32 11 42 23 44 14 44 22 32 33 32 11 22 11 23 14 44 13 41 11 33
1 32 14 42 22 41 11 41 22 33 33 33 11 23 11 22 11 41 13 41 14 32
1 32 14 42 23 41 14 41 23 32 32 32 14 23 13 23 14 41 13 41 14 32
1 33 11 44 22 44 11 44 22 33 33 33 14 22 11 22 11 44 13 44 11 33
1 22 14 42 22 44 44 41 23 32 32 32 11 33 11 22 14 41 11 44 44 33
1 32 11 42 22 41 44 41 23 32 33 33 14 23 11 22 14 41 13 44 14 32
1 32 11 42 22 44 14 44 23 32 33 33 11 22 11 22 11 11 13 44 11 33
1 22 44 44 23 11 11 41 23 32 32 32 14 22 11 23 11 41 13 44 14 33
1 33 11 44 22 44 11 44 22 33 33 33 11 22 11 22 11 44 11 44 14 32
1 33 11 42 22 44 14 44 22 33 33 33 11 22 11 22 11 44 11 44 14 33
1 33 11 44 22 44 11 44 22 33 33 33 11 22 11 22 11 44 11 44 11 33
1 32 14 42 22 41 14 41 23 32 32 22 11 22 13 22 14 41 13 41 14 32
1 32 11 42 22 44 14 44 22 33 33 33 11 22 11 22 11 44 11 44 11 33
1 33 11 44 22 44 14 44 22 33 33 33 11 22 11 22 11 41 11 44 11 33
1 32 14 42 22 44 14 44 22 32 33 22 11 22 11 23 14 44 11 44 11 33
1 32 14 42 22 44 11 41 22 33 33 32 11 23 11 22 11 44 11 44 11 33
1 22 11 44 22 41 14 44 22 32 33 32 11 22 11 22 11 41 13 44 14 32
1 32 11 44 22 44 11 44 22 33 33 33 14 22 11 22 11 44 11 44 11 33
1 32 14 42 22 44 11 41 23 33 33 33 11 23 13 22 11 41 13 44 14 33
1 22 14 42 22 41 14 41 23 32 32 32 44 23 13 23 14 41 13 41 14 32
1 32 11 42 23 41 44 44 33 32 33 32 11 23 11 23 44 41 11 44 14 33
1 33 11 44 22 44 11 44 22 32 33 33 11 23 11 22 14 44 11 44 11 33
1 32 14 42 23 41 11 44 22 33 33 32 11 23 11 22 11 44 13 44 14 33
1 22 44 22 23 11 44 41 33 22 33 22 14 23 33 23 44 11 13 41 14 32
1 22 11 22 23 41 44 11 23 22 22 22 11 23 13 22 44 41 11 41 14 33
1 32 14 42 23 11 14 44 23 32 32 22 14 22 13 22 14 41 13 41 14 33
1 22 11 42 22 44 14 44 22 32 32 32 14 22 11 22 44 11 13 41 14 33
1 22 14 42 23 11 14 41 23 32 32 32 14 33 13 23 14 41 13 41 14 33
1 33 11 22 22 44 11 44 22 33 33 33 11 22 11 22 11 11 11 44 11 33
1 32 11 42 22 41 14 41 23 32 33 22 11 22 11 22 11 41 11 44 11 33
1 32 11 42 22 41 14 41 22 33 33 33 11 23 11 22 11 44 11 41 44 33
1 22 44 22 23 11 44 11 33 22 22 22 44 33 33 23 44 11 33 11 44 32
1 32 14 42 22 41 14 41 23 32 33 32 14 23 13 22 14 41 13 41 14 32
1 33 11 42 22 44 14 44 22 33 33 33 11 23 11 22 11 41 11 41 14 33
1 32 14 42 22 41 14 41 22 33 32 33 11 22 11 22 14 44 13 44 14 33
1 32 14 42 22 41 14 41 23 33 33 32 14 23 11 22 14 41 11 44 14 32
1 33 11 44 22 44 11 44 23 33 33 33 14 22 11 22 14 44 11 44 11 33
1 32 11 42 22 41 11 41 22 33 33 32 11 22 11 22 11 44 11 44 11 33
1 22 14 22 23 11 44 11 23 22 22 22 44 33 13 23 44 11 33 11 14 32
1 32 11 42 22 44 14 44 22 33 33 32 11 22 11 23 14 41 11 41 14 33
1 22 14 22 22 41 14 11 23 33 32 22 11 22 11 22 44 44 13 41 44 33
1 22 14 22 22 11 14 41 23 22 33 22 14 22 11 22 14 11 11 41 14 32
1 22 14 22 22 11 44 41 22 32 33 32 14 23 13 22 14 11 13 11 14 32
1 32 11 22 23 44 11 11 22 32 32 32 14 22 11 22 11 41 11 44 14 33
1 32 14 22 23 41 14 11 23 22 32 32 14 22 13 23 44 11 33 41 14 32
1 32 44 22 23 11 44 11 22 22 32 22 14 23 13 22 14 11 33 11 44 33
1 32 14 42 22 44 11 44 22 33 33 33 14 22 11 22 11 41 11 44 11 33
1 32 14 42 23 41 14 41 23 32 32 22 44 22 11 22 44 44 11 11 44 33
1 33 11 44 22 44 11 44 22 32 33 33 11 22 11 22 14 44 11 41 11 33
1 22 14 42 23 11 44 11 23 22 33 32 14 33 33 22 14 11 11 41 44 33
1 32 11 42 22 41 14 41 23 32 32 32 14 22 11 23 11 41 13 41 14 32
1 32 11 42 22 41 14 44 23 33 33 33 11 22 11 22 14 41 13 44 14 33
1 32 14 42 22 41 14 11 22 33 32 32 11 23 11 22 14 11 33 44 11 32
1 22 11 42 22 44 44 41 23 22 32 22 44 23 11 23 44 11 13 41 44 33
1 33 11 44 22 44 11 44 22 33 33 33 14 22 11 22 11 44 11 44 11 33
1 33 14 42 23 41 14 41 23 33 32 32 14 23 13 23 14 41 13 41 14 33
1 32 11 22 22 11 44 41 22 32 32 32 14 22 11 23 14 41 13 41 44 32
1 32 11 42 22 44 14 41 23 32 32 22 44 23 11 22 14 41 13 41 11 33
1 32 14 42 22 41 14 41 22 32 33 32 11 22 11 22 11 44 11 41 14 33
1 32 14 42 23 41 14 41 23 32 33 22 14 23 11 23 14 41 13 41 11 33
1 32 44 44 22 11 44 44 22 32 32 33 11 22 11 23 11 11 13 44 14 33
1 22 44 22 33 11 44 11 33 22 22 22 44 33 33 23 44 11 33 11 44 22
1 22 14 44 22 41 44 41 22 33 33 32 14 23 11 22 11 44 13 44 14 33
1 22 44 22 23 41 44 41 33 22 32 32 14 33 11 23 44 11 33 11 44 32
1 32 11 42 22 44 11 44 22 33 33 33 11 22 11 22 11 44 11 44 14 33
1 33 11 44 22 41 14 41 23 33 33 33 11 22 11 22 14 44 11 44 11 33
1 33 11 44 22 44 11 44 22 33 33 33 11 22 11 22 11 44 11 44 11 33
1 32 14 22 22 11 44 41 33 22 32 22 44 33 13 23 44 41 13 11 44 32
1 32 11 42 23 44 14 41 22 32 33 32 11 23 11 22 14 44 11 44 14 33
1 32 14 42 23 41 14 41 23 32 32 32 14 23 13 23 14 41 13 41 14 32
1 32 11 42 22 11 44 11 22 32 32 33 14 23 11 23 44 11 13 41 14 32
1 22 44 42 23 41 14 11 23 32 32 22 14 23 13 22 14 41 33 41 44 32
1 33 14 42 22 44 11 44 22 33 33 32 11 22 11 22 11 44 11 44 11 33
1 32 11 44 22 41 11 44 22 32 32 33 11 22 11 22 11 41 11 44 14 33
1 22 11 42 22 44 11 44 22 33 33 32 14 22 11 22 11 41 13 44 14 33
1 33 11 22 22 44 11 44 22 33 33 33 11 22 11 22 11 41 11 44 11 33
1 32 14 42 23 41 14 41 23 32 32 32 14 23 13 23 14 41 13 41 14 32
1 32 14 42 23 41 14 11 23 32 32 32 14 23 13 22 14 41 13 41 14 32
1 33 11 42 23 44 11 44 23 33 33 33 11 23 11 23 11 44 13 44 11 33
1 33 11 44 22 44 11 44 22 33 33 33 11 22 11 22 14 41 13 44 11 33
1 32 11 42 22 44 14 41 22 33 33 32 11 22 11 22 11 44 11 41 11 33
1 22 44 22 23 41 14 44 22 33 33 32 14 22 11 22 14 41 13 11 44 33
1 32 11 44 22 44 11 44 22 33 33 33 14 22 11 22 11 44 11 44 14 33
1 22 14 42 22 11 14 11 23 32 32 32 14 23 11 22 14 41 13 41 11 33
1 32 11 42 23 41 14 41 23 33 33 33 11 23 11 23 14 41 13 41 14 32
1 33 11 44 22 44 11 41 22 33 32 33 11 22 11 22 11 44 11 44 11 33
1 22 11 22 22 41 44 41 22 32 32 32 44 22 11 22 44 11 11 41 14 33
1 32 14 42 22 41 11 44 23 32 33 22 11 22 11 22 44 41 11 41 44 33
1 32 14 22 22 11 44 41 23 22 33 22 14 22 11 22 14 44 11 11 14 33
1 32 14 42 22 41 14 41 22 33 33 32 11 22 11 22 14 41 11 41 11 33
1 33 11 44 22 44 14 44 22 33 33 33 11 22 11 22 11 41 11 44 11 33
1 33 11 44 22 41 11 44 22 33 33 33 11 22 11 22 11 44 11 44 11 33
1 32 11 42 22 44 14 44 22 32 33 32 11 22 11 22 14 44 13 44 14 32
1 32 14 22 23 41 44 41 23 32 33 22 14 23 11 22 14 41 13 41 14 33
1 22 44 42 23 11 44 11 33 32 22 22 14 23 13 23 14 11 33 41 44 32
1 32 14 44 22 44 14 44 23 33 33 32 14 22 11 22 14 41 13 44 14 33
1 22 44 42 23 11 44 11 23 32 33 32 44 23 13 33 14 11 33 11 44 33
1 32 11 44 22 44 14 44 22 33 33 33 11 22 11 22 11 41 11 44 14 33
1 32 11 42 22 41 11 44 22 32 33 32 14 23 11 22 14 44 11 44 14 33
1 33 11 44 22 44 11 44 22 33 33 33 11 22 11 22 11 44 11 44 11 33
1 33 11 44 22 44 14 44 22 33 33 33 11 22 11 22 11 44 11 44 11 33
1 32 11 44 22 41 14 44 22 33 33 32 14 22 11 22 11 41 13 41 11 33
1 22 14 42 22 44 11 41 22 22 33 32 14 23 13 22 11 11 13 44 14 33
1 33 11 44 22 44 11 44 22 33 33 33 11 22 11 22 14 44 11 44 14 33
1 33 11 44 22 44 14 41 23 33 33 32 14 23 11 22 14 44 11 44 11 33
1 33 11 44 22 44 14 41 22 32 33 32 11 22 11 22 11 44 11 44 11 32
1 32 14 42 23 41 14 41 23 32 33 32 14 23 13 22 14 41 11 41 44 33
1 33 11 44 22 44 11 44 22 33 33 33 11 22 11 22 11 44 11 44 11 33
1 22 14 42 22 41 44 41 22 32 32 22 44 22 13 22 44 11 11 41 14 33
1 33 11 44 22 44 11 44 22 33 33 33 11 22 11 22 11 44 11 44 11 33
1 22 11 44 22 44 11 44 22 33 33 33 11 22 11 22 11 44 11 44 11 33
1 32 11 42 22 41 14 44 22 33 32 32 11 22 13 22 11 44 11 41 11 33
1 33 11 44 22 44 11 44 22 32 33 33 11 22 11 22 11 41 11 44 14 33
1 32 14 42 23 41 14 41 23 32 32 32 14 23 13 23 14 41 13 41 14 32
1 32 11 42 22 41 14 41 22 33 33 32 14 23 11 22 14 41 11 44 14 33
1 32 11 42 22 44 14 41 23 32 33 33 11 22 11 22 11 41 11 44 11 33
1 33 11 44 22 44 11 44 22 33 33 33 11 22 11 22 11 44 11 44 11 33
1 32 11 44 22 44 14 44 22 33 32 33 11 22 11 22 11 44 11 44 11 33
1 33 11 44 22 44 44 44 22 33 33 32 11 22 11 22 14 44 11 44 11 33
1 32 14 42 23 41 14 41 23 32 32 32 14 23 13 23 14 41 13 41 14 32
1 32 14 44 22 41 14 44 23 32 32 32 14 22 11 22 11 41 11 44 11 33
1 32 14 42 23 41 14 41 23 22 32 32 14 23 13 23 14 41 13 44 44 32
1 22 44 22 23 41 44 11 33 32 32 22 14 23 13 23 44 11 13 11 44 32
1 22 11 44 23 44 14 41 22 32 32 32 11 22 11 22 44 41 33 41 14 32
1 32 44 22 23 41 44 41 33 32 33 22 14 23 13 22 14 11 11 41 14 32
1 33 11 22 22 44 14 44 23 33 33 33 11 22 11 23 11 44 11 41 11 33
1 33 11 22 23 11 44 41 22 32 32 32 14 23 13 23 14 41 11 44 44 33
1 22 44 42 22 41 14 44 23 32 33 32 11 23 11 22 14 41 11 44 14 33
1 32 14 44 22 11 14 41 22 33 32 32 14 22 11 22 14 11 13 41 14 33
1 32 11 44 22 44 44 44 22 33 33 32 11 22 11 22 11 41 11 44 11 33
1 33 11 42 22 41 14 44 22 32 32 33 11 22 11 22 11 11 11 44 11 33
