 rs12726906 rs10797348 rs12738235 rs6670527 rs12756705 rs4074709 rs4073324 rs3205087 rs7367066 rs7530189 rs10909819 rs4131373 rs11807227 rs12082157 rs10909825 rs12097125 rs6687869 rs11589102 rs34684424 rs35383955 rs34283457 rs35965334 rs35357981
0 33 11 41 33 33 44 11 11 22 32 23 44 44 23 32 33 41 41 22 33 14 42 14
0 23 13 41 43 33 42 14 14 32 32 23 41 44 23 32 32 41 44 22 33 14 42 14
0 22 33 41 33 33 22 11 11 32 32 33 41 41 33 32 22 41 44 22 33 44 42 14
0 22 13 41 43 33 44 11 14 32 33 23 44 44 23 32 32 44 44 32 33 11 44 11
0 23 13 41 43 33 42 11 14 33 33 23 44 44 23 33 32 41 41 32 33 44 44 14
0 22 11 41 43 33 42 14 14 32 33 23 44 41 23 33 33 41 44 32 32 14 44 11
0 22 33 44 43 33 44 11 14 33 32 22 44 44 22 33 32 41 44 32 33 11 44 14
0 22 11 44 43 33 42 11 11 33 33 22 44 41 22 33 33 44 44 32 32 11 44 11
0 22 11 44 44 33 42 11 11 33 32 23 44 44 23 33 33 44 44 32 33 14 42 11
0 23 13 41 43 32 42 11 11 33 32 22 44 41 23 33 32 41 41 33 33 14 44 14
0 22 11 44 44 32 22 11 11 33 33 22 44 44 22 33 33 41 44 32 33 11 44 11
0 22 11 44 44 33 42 11 11 33 33 23 44 44 23 33 32 41 44 33 33 11 44 11
0 23 13 41 43 33 42 11 11 32 32 23 44 44 23 32 32 41 44 32 33 14 44 11
0 23 13 41 43 32 42 14 14 32 32 23 44 41 23 33 32 41 41 32 33 14 44 14
0 23 33 41 33 22 22 14 14 32 22 23 44 41 23 22 32 11 41 32 22 14 42 14
0 22 11 44 43 33 44 11 11 33 33 23 44 41 22 33 33 44 41 33 33 11 44 11
0 23 13 11 43 32 42 11 14 32 22 23 44 41 23 32 32 41 41 32 32 14 22 14
0 22 11 44 44 33 44 11 11 33 33 22 44 44 23 33 33 41 41 33 33 11 44 11
0 22 11 44 43 33 42 11 11 33 33 23 44 44 22 33 33 44 44 33 33 11 44 14
0 22 11 44 44 33 42 11 11 33 32 22 44 44 23 33 32 44 41 33 33 11 44 11
0 23 13 44 33 32 42 11 11 22 32 23 44 41 33 32 32 41 11 22 32 44 44 14
0 22 33 44 44 32 42 11 11 33 32 22 44 44 22 33 33 41 44 32 33 11 44 11
0 22 11 41 44 33 44 11 11 32 33 22 44 44 23 33 33 44 44 33 33 11 44 11
0 23 33 44 33 32 22 11 11 33 22 23 41 41 23 22 22 41 11 22 33 14 44 11
0 23 33 11 43 33 22 11 14 32 32 23 44 41 33 32 22 11 41 32 32 14 42 44
0 23 33 41 43 32 42 11 14 32 33 22 44 41 23 32 32 41 41 32 32 14 44 14
0 33 13 44 44 32 42 11 11 33 33 22 44 41 22 33 33 44 41 32 33 11 44 44
0 22 13 41 43 32 22 11 14 22 32 33 41 44 23 32 22 11 41 22 32 14 44 14
0 23 13 44 43 32 42 11 14 32 32 23 44 41 23 33 32 41 41 32 32 14 44 14
0 23 13 11 44 33 42 11 11 32 32 33 44 41 23 33 32 11 44 22 33 11 44 14
0 22 13 41 43 32 44 11 14 32 32 23 44 44 23 33 32 11 44 32 33 14 42 14
0 23 13 44 43 33 42 11 11 33 32 23 44 44 23 33 22 41 41 33 33 11 44 11
0 23 11 44 44 33 44 11 11 33 32 22 44 44 22 33 33 44 41 33 33 11 44 11
0 33 33 41 33 32 22 14 11 32 32 33 41 44 33 32 22 11 41 32 32 44 42 44
0 22 13 44 44 33 42 11 11 22 32 33 44 44 23 33 32 44 41 33 32 11 44 14
0 22 11 44 44 33 42 11 11 33 33 22 44 44 22 33 32 44 44 33 33 11 44 11
0 23 13 41 43 32 42 14 14 32 32 23 41 44 23 33 32 41 41 32 32 14 44 14
0 22 33 44 43 33 42 11 14 33 32 22 44 44 23 33 32 44 41 22 32 11 44 14
0 22 11 44 43 33 42 11 11 33 32 23 44 41 23 33 22 41 44 33 33 11 44 11
0 22 11 44 44 33 42 11 11 32 33 23 44 41 22 33 22 44 44 33 33 14 44 11
0 22 33 44 44 33 42 11 11 22 22 23 44 44 23 33 32 41 44 22 33 11 44 14
0 22 11 41 44 33 44 11 14 32 32 23 44 44 23 33 33 41 44 22 33 11 44 11
0 23 11 41 43 32 42 14 14 32 32 23 41 41 23 33 32 41 41 32 32 14 42 14
0 33 33 44 33 32 22 14 14 32 22 33 11 41 23 32 32 11 41 22 32 44 42 14
0 23 13 44 43 33 44 11 14 32 33 23 41 44 22 33 33 44 44 33 32 14 44 11
0 23 13 41 43 32 44 11 14 32 33 33 44 41 33 32 22 11 41 22 33 14 42 14
0 23 13 44 44 32 42 11 11 32 33 23 44 44 23 33 32 44 44 33 33 14 42 11
0 23 13 41 43 32 42 14 14 32 32 23 41 41 23 32 32 41 41 22 32 14 42 14
0 22 11 44 44 33 44 11 11 33 33 22 44 44 22 33 33 44 44 33 33 11 44 11
0 22 11 44 44 33 42 11 14 33 32 22 44 44 23 33 33 44 41 32 33 11 44 11
0 23 33 44 43 32 22 11 14 32 32 23 44 44 23 32 32 41 41 32 33 14 42 11
0 22 11 41 43 33 42 11 11 33 33 23 44 44 23 33 32 11 44 22 33 11 44 11
0 22 11 44 44 33 44 11 14 33 33 22 44 44 22 33 33 44 44 33 33 11 44 11
0 22 13 44 44 33 44 11 11 33 33 22 44 44 23 33 33 41 44 32 33 14 44 11
0 23 13 44 33 32 42 11 11 22 22 33 44 11 33 22 32 11 41 22 32 44 44 44
0 22 13 41 44 33 42 11 14 32 33 33 41 41 23 33 32 41 41 22 32 14 44 14
0 33 13 11 43 32 22 11 14 22 32 33 41 41 33 32 32 11 11 22 32 14 42 44
0 22 11 44 44 33 44 11 11 33 33 22 44 44 22 33 33 44 44 33 33 11 44 11
0 23 13 44 44 33 42 11 11 33 33 22 44 44 22 33 33 44 44 33 33 11 44 11
0 22 11 44 44 33 42 11 14 33 33 22 44 44 23 33 33 44 41 32 32 11 44 14
0 33 33 44 33 32 42 11 14 22 32 23 41 41 33 32 22 11 44 32 32 11 44 14
0 33 33 11 33 22 22 44 44 22 22 33 41 41 33 22 22 11 11 32 22 44 42 44
0 23 13 41 43 32 42 14 44 32 22 23 41 41 23 32 33 11 41 32 32 14 42 11
0 22 13 44 43 33 44 11 11 32 33 22 44 44 22 33 33 44 44 32 33 11 44 14
0 22 33 11 33 32 42 14 44 22 22 33 11 41 33 32 32 11 11 22 32 44 44 44
0 22 13 41 44 32 42 11 11 32 33 22 44 44 23 33 32 41 41 32 33 14 44 11
0 23 13 44 33 32 42 14 11 32 22 23 44 41 33 32 32 41 11 22 32 14 44 14
0 23 11 44 43 33 22 11 11 33 33 23 44 41 23 33 22 44 44 22 33 14 44 14
0 23 33 41 43 22 22 11 14 22 32 33 41 44 23 32 22 11 41 22 32 14 42 44
0 23 13 44 43 33 22 11 11 32 33 23 44 41 22 33 32 41 41 32 32 11 44 14
0 22 13 41 43 33 42 11 14 32 32 33 44 41 33 33 33 11 41 32 33 11 44 11
0 23 13 44 43 33 44 14 11 33 33 23 41 44 23 33 32 41 44 32 33 11 44 14
0 22 13 44 43 33 42 11 11 32 33 22 44 44 22 33 33 44 44 33 32 11 42 11
0 22 13 44 44 33 44 11 11 33 33 22 44 44 23 33 33 44 44 33 33 11 44 11
0 22 11 44 44 33 44 11 11 33 33 22 44 44 22 33 33 44 44 33 33 11 44 11
0 23 13 41 43 32 42 11 14 32 32 22 44 41 23 32 32 44 41 32 33 14 44 11
0 23 13 44 33 33 42 11 11 33 32 23 44 41 23 33 32 41 44 32 32 14 42 14
0 23 33 41 33 32 42 11 14 32 32 23 44 41 23 32 32 41 41 22 33 14 42 14
0 33 13 44 44 33 42 11 11 33 32 23 44 41 23 33 32 41 44 33 33 14 44 11
0 23 11 44 43 33 22 11 11 32 33 22 44 41 22 33 33 44 41 32 32 14 44 11
0 23 13 44 44 33 44 11 11 33 33 22 44 44 22 33 33 44 44 32 33 11 44 11
0 33 33 11 33 22 42 14 11 22 22 33 41 11 33 32 22 11 41 22 32 44 44 14
0 22 11 44 44 33 44 11 14 33 33 22 44 44 22 33 33 44 44 33 33 11 44 11
0 22 13 41 33 33 22 14 11 33 33 23 41 41 23 33 22 11 44 33 32 11 44 11
0 22 13 44 44 33 44 11 11 33 33 23 44 44 23 33 33 44 44 32 33 11 44 14
0 33 33 41 33 32 44 11 11 32 33 23 44 41 33 33 22 41 44 22 32 14 44 11
0 23 13 44 43 32 44 11 11 33 33 33 44 44 23 33 33 41 44 33 32 14 44 14
0 23 13 41 33 33 42 14 11 33 32 33 44 44 23 33 32 11 41 32 32 11 42 14
0 23 13 11 43 32 22 14 44 32 32 33 44 41 33 32 22 41 41 32 33 14 42 44
0 33 13 41 43 33 42 11 14 32 33 33 44 41 23 33 32 41 44 32 32 14 44 14
0 22 11 41 43 33 42 11 11 22 33 22 44 44 23 33 33 41 44 22 33 11 44 11
0 22 11 44 44 33 44 11 11 32 33 22 44 44 22 33 33 44 44 32 33 11 44 11
0 23 13 41 44 32 42 14 14 32 32 23 44 41 23 33 32 41 41 32 32 14 42 14
0 23 13 41 43 32 42 11 14 32 32 23 44 41 33 32 32 11 41 32 33 14 42 44
0 23 13 44 44 33 44 11 11 33 32 22 44 44 23 33 33 44 44 33 33 14 44 14
0 23 33 41 43 33 42 11 11 33 32 22 41 44 33 32 32 41 41 32 32 14 44 14
0 22 13 44 44 33 42 11 11 33 33 22 44 44 23 33 32 41 44 32 33 14 44 11
0 23 11 41 43 22 42 11 11 32 33 23 44 44 22 32 22 41 41 32 32 14 44 14
0 22 13 44 43 32 42 11 11 32 33 23 44 41 23 33 32 44 44 33 32 11 44 14
0 22 11 44 44 33 22 11 14 33 33 22 44 44 22 33 33 44 44 32 33 11 44 11
0 22 11 44 44 33 42 11 11 33 32 22 44 44 22 33 32 41 44 32 33 14 44 11
0 23 13 41 33 33 42 14 14 32 32 23 44 44 23 33 32 41 44 32 32 14 42 11
0 22 13 41 44 33 42 14 14 32 33 23 44 44 23 33 32 44 41 32 33 11 44 14
0 22 11 44 44 33 44 11 11 33 33 22 44 44 23 33 33 44 41 33 33 11 44 11
0 22 13 44 43 33 44 11 11 33 32 22 44 44 23 33 33 44 44 33 33 11 44 14
0 23 13 41 43 33 42 11 11 33 32 23 41 41 23 32 32 41 41 32 33 14 42 11
0 23 11 44 44 33 44 11 11 33 33 22 44 44 22 33 33 44 44 32 33 11 44 11
0 23 13 44 43 33 42 11 11 32 32 23 44 41 23 33 33 44 44 32 33 11 44 14
0 22 13 44 44 33 44 11 11 33 33 22 44 44 22 33 33 44 44 33 33 11 44 11
0 22 11 44 44 33 44 11 11 33 33 22 44 44 22 32 32 44 44 33 33 11 44 11
0 22 13 44 43 33 44 11 11 33 33 23 44 44 22 33 33 44 44 33 33 11 44 11
0 33 33 11 33 32 22 11 14 22 22 33 44 11 33 33 22 11 11 22 33 44 44 44
0 22 11 41 43 33 42 11 11 32 32 22 44 41 22 33 32 41 44 22 32 11 44 14
0 23 13 44 43 33 42 11 11 32 32 23 44 44 23 33 32 41 44 33 33 14 44 14
0 22 11 44 44 33 44 11 11 33 33 22 44 44 22 33 32 44 44 33 33 11 44 11
0 23 13 44 43 33 44 11 11 33 33 22 41 44 23 33 32 41 41 32 32 11 44 44
0 23 13 41 43 32 22 14 14 32 22 23 44 41 23 32 32 41 44 32 32 14 42 44
0 22 11 41 44 33 44 11 11 33 33 22 44 44 22 33 33 41 44 32 33 11 44 11
0 22 11 44 44 33 22 11 11 33 33 22 44 44 22 33 33 44 44 33 32 14 42 11
0 22 13 44 44 33 44 11 11 33 33 22 44 44 22 33 33 44 44 33 33 11 44 11
0 23 13 44 44 33 44 11 11 33 33 22 41 44 22 33 32 41 44 33 33 11 44 11
0 23 13 44 44 33 42 11 11 33 32 22 44 44 22 33 32 41 44 22 33 14 42 14
0 22 13 44 44 33 44 11 11 33 33 23 44 44 22 33 33 44 44 33 33 11 44 11
0 23 13 11 43 32 22 14 11 22 22 33 44 41 33 32 32 11 44 32 33 14 42 14
0 23 33 41 33 32 22 11 14 32 32 23 44 44 33 32 32 41 44 22 33 14 42 14
0 22 13 41 33 33 42 14 11 22 33 23 41 44 23 33 32 41 41 22 32 11 44 44
0 22 13 41 43 33 42 11 11 33 33 22 44 44 23 33 32 41 44 33 33 11 44 11
0 23 11 44 43 33 42 11 11 32 33 23 44 44 23 32 32 44 41 32 33 14 44 14
0 22 11 41 43 32 42 11 11 32 33 23 44 41 22 33 33 44 44 32 33 11 44 14
0 22 13 41 44 33 44 11 11 33 33 23 44 44 33 33 33 44 44 32 33 11 44 11
0 23 13 41 43 33 42 11 11 32 33 22 44 44 22 33 32 41 44 33 33 14 44 11
0 23 13 44 44 32 22 11 11 32 33 23 44 44 23 33 32 41 44 32 33 11 44 11
0 22 11 44 44 33 44 11 11 33 33 23 44 41 22 33 32 44 44 32 33 14 44 11
0 22 11 41 44 32 42 11 11 32 32 22 44 44 22 33 32 41 44 33 33 14 44 14
0 33 33 41 33 22 22 44 44 22 32 33 41 41 23 32 22 11 11 22 22 44 42 44
0 22 11 44 43 33 44 11 11 33 32 22 44 44 22 33 33 44 44 33 33 11 44 11
0 23 33 11 33 33 44 11 14 22 22 33 44 41 33 33 22 11 41 32 33 44 44 14
0 23 11 44 44 33 42 11 11 32 32 23 44 41 23 32 32 41 41 32 33 11 42 14
0 23 13 44 43 32 42 11 14 32 32 23 44 41 23 32 22 41 41 32 32 14 44 14
0 23 13 41 44 33 44 11 14 33 33 22 44 44 22 33 22 41 41 22 33 11 44 11
0 22 13 41 44 33 44 11 11 32 32 23 44 44 22 33 32 41 44 32 32 11 44 14
0 23 13 11 33 33 42 14 14 22 22 23 44 41 23 33 22 41 41 33 33 14 44 14
0 33 33 11 43 32 42 14 14 22 32 23 41 41 33 32 22 41 41 22 32 44 42 14
0 23 13 41 33 32 22 14 14 32 32 23 41 41 23 32 32 41 41 32 32 14 44 14
0 33 33 11 33 22 22 14 44 22 32 33 41 44 33 32 22 11 11 22 22 44 42 44
0 33 11 11 43 22 22 14 14 22 22 23 44 41 33 22 22 11 11 22 33 14 42 44
0 23 13 11 43 32 22 11 11 33 32 23 41 41 23 33 32 11 44 33 33 11 42 11
0 22 11 44 44 33 44 11 11 33 33 23 44 44 22 33 33 44 44 33 33 11 44 11
0 22 13 44 43 33 44 11 11 33 33 22 44 44 22 33 33 41 41 32 33 11 44 11
0 23 13 41 43 32 42 14 14 32 32 23 44 41 23 33 22 41 41 32 32 14 44 14
0 22 13 41 43 33 44 11 11 32 33 33 44 44 22 33 33 41 44 33 33 11 44 11
0 22 11 44 44 33 44 11 11 33 32 22 41 44 23 33 32 44 44 32 33 11 44 11
0 22 13 44 43 33 42 11 11 32 33 22 41 41 23 32 32 41 41 22 33 11 44 14
0 23 13 41 43 33 42 11 14 22 32 33 44 41 33 32 32 11 41 22 33 11 44 14
0 33 33 11 33 22 22 14 14 32 22 23 11 11 23 33 22 11 44 32 33 14 42 44
0 23 13 11 33 22 22 14 44 22 22 33 41 44 33 33 22 41 41 22 33 14 42 44
0 23 13 41 43 32 42 11 14 33 33 23 44 41 23 32 32 44 41 32 33 14 44 11
0 23 13 44 43 33 42 14 14 32 32 22 44 41 23 33 32 41 41 32 33 14 44 14
0 22 11 44 43 33 42 11 11 33 32 22 44 11 23 33 32 44 44 33 33 11 44 11
0 22 11 41 44 33 44 11 11 32 33 23 44 44 33 33 32 11 44 33 32 14 44 14
0 22 11 44 44 33 44 11 11 33 33 22 44 44 23 33 33 44 44 33 33 11 44 11
0 23 13 41 33 33 42 11 11 22 33 23 44 41 23 33 22 11 44 22 32 14 44 14
0 23 13 41 44 32 44 11 14 32 32 22 44 44 23 33 32 41 44 33 32 11 44 11
0 22 13 41 44 33 42 11 14 33 33 23 44 44 23 33 32 41 41 32 33 11 44 11
0 23 13 44 43 33 22 11 14 32 33 23 44 41 33 32 22 41 44 33 33 14 44 14
0 33 13 41 33 32 22 11 44 32 22 33 11 41 33 22 32 11 41 32 33 44 44 44
0 23 33 41 43 33 42 11 11 32 32 23 41 44 33 33 22 11 44 22 33 11 22 44
0 23 13 41 43 32 42 11 14 32 32 23 41 41 23 32 32 41 41 22 32 14 44 14
0 23 13 41 43 32 42 14 14 32 32 23 41 41 23 32 32 41 41 32 32 14 42 14
0 33 33 11 33 33 22 11 11 32 33 23 44 44 23 32 32 11 41 22 33 14 42 14
0 23 33 11 33 22 22 11 14 22 22 23 41 11 33 32 22 41 11 22 32 44 42 44
0 23 13 41 43 32 42 14 44 22 22 23 41 41 23 33 32 11 44 33 32 44 44 14
0 33 33 41 43 33 44 11 14 32 33 22 44 44 22 33 32 44 44 32 32 11 44 14
0 23 13 11 33 33 22 14 14 32 32 23 44 41 33 32 33 11 41 32 32 44 42 14
0 23 13 41 43 33 22 11 11 32 32 23 44 44 23 33 32 41 44 32 33 14 44 11
0 22 11 41 43 33 22 11 14 22 32 23 44 44 33 32 32 41 41 32 33 14 22 14
0 22 13 44 44 33 22 11 11 33 32 23 44 41 23 32 32 41 44 33 33 14 44 14
0 23 13 41 43 32 42 14 14 32 32 33 41 41 33 32 32 41 41 22 32 14 42 14
0 22 11 41 43 32 42 11 14 33 22 23 44 44 22 33 32 41 44 32 33 11 44 11
0 23 13 44 44 33 44 11 11 32 32 23 44 44 23 33 33 44 41 32 33 11 44 14
0 23 13 44 44 32 42 11 11 33 33 23 44 41 23 33 33 41 44 32 33 14 44 11
0 22 13 41 43 32 42 11 14 32 33 23 44 44 23 33 32 41 41 32 32 11 44 14
0 22 13 44 43 33 44 11 11 33 33 22 44 44 22 33 33 44 44 33 33 11 44 11
0 33 33 11 43 32 44 11 14 33 32 22 44 44 33 33 33 41 44 22 33 11 42 11
0 33 33 41 43 32 22 11 14 32 32 33 41 11 33 32 22 11 41 22 22 14 42 11
0 22 11 44 44 33 44 11 11 32 33 23 44 44 23 33 32 44 41 33 33 11 44 11
0 33 33 11 33 22 22 14 44 32 22 23 41 41 33 33 22 11 11 32 22 44 44 14
0 22 13 44 43 32 42 11 14 32 33 23 44 44 23 33 33 44 41 33 33 11 42 14
0 22 11 44 44 32 42 11 11 32 33 23 44 41 22 33 32 41 41 33 33 11 42 14
0 33 13 41 33 32 42 14 44 22 33 33 41 11 33 33 22 11 11 22 32 14 42 14
0 23 13 41 43 32 42 14 14 32 32 23 41 41 23 32 32 41 41 32 32 14 42 14
0 23 13 41 33 32 42 11 14 32 33 23 44 41 23 32 32 41 44 22 33 11 44 14
0 23 13 41 44 33 42 11 11 33 32 22 44 44 22 33 22 41 44 33 32 11 44 11
0 22 13 44 44 33 44 11 11 33 33 23 44 41 23 33 33 41 44 32 33 11 42 11
0 22 11 44 44 32 42 11 11 33 32 23 44 44 23 33 32 41 44 32 33 11 44 11
0 23 13 44 43 33 44 11 14 32 32 23 41 41 22 32 32 11 44 32 33 14 44 14
0 22 11 44 43 33 44 11 11 32 32 23 44 44 23 33 32 11 44 33 33 11 42 11
0 23 11 44 44 33 44 11 11 33 33 22 44 44 23 33 33 44 44 33 32 11 44 11
0 22 11 44 33 33 44 11 11 33 33 23 44 41 23 33 32 44 41 22 33 14 44 14
0 23 33 41 33 32 22 14 14 22 22 22 44 41 33 32 22 11 41 22 32 14 42 44
0 22 11 41 43 33 42 11 11 32 33 23 44 44 23 33 33 44 44 33 33 11 44 11
0 23 11 41 43 33 42 11 11 33 33 23 41 44 22 33 33 44 44 33 33 11 44 11
0 23 11 41 44 33 44 11 11 33 32 23 44 41 23 33 33 44 44 32 32 14 44 11
0 23 11 44 43 32 42 14 11 32 32 23 44 44 23 33 32 41 41 32 33 14 44 14
0 22 13 44 33 33 42 11 11 32 33 23 44 44 23 33 22 41 44 32 33 14 44 11
0 22 13 44 43 32 42 11 14 33 22 23 41 44 23 32 33 11 41 32 33 44 44 44
0 23 13 11 43 32 42 11 11 32 32 22 44 44 33 33 32 41 41 32 32 14 44 11
0 22 13 44 43 32 22 11 14 33 32 23 44 44 33 33 32 41 11 32 32 11 44 11
0 23 13 44 33 32 42 11 11 32 32 23 41 41 23 32 32 41 44 22 33 14 44 11
0 23 13 11 44 32 42 11 14 33 32 22 44 41 23 32 33 41 44 32 33 44 44 14
0 23 13 41 44 32 42 11 11 32 32 23 44 44 33 33 32 41 41 32 33 14 44 14
0 23 33 41 33 33 42 14 14 32 22 33 41 41 33 32 32 41 41 22 32 44 42 44
0 23 11 41 43 33 42 11 14 33 33 23 44 44 23 32 33 41 44 33 32 11 42 11
0 22 11 44 43 33 42 11 11 33 33 22 44 44 23 33 33 44 44 33 33 11 44 11
0 33 33 44 43 32 42 14 14 32 22 23 41 11 23 33 32 11 41 22 32 11 42 44
0 22 33 44 43 33 22 11 14 33 32 33 44 44 23 33 33 44 44 32 33 11 44 11
0 22 13 44 44 32 44 11 11 33 33 22 44 44 22 33 32 41 44 32 33 11 44 14
0 33 13 41 43 32 22 11 14 32 32 23 44 41 33 33 22 41 44 32 32 14 44 44
0 23 13 41 43 32 22 14 14 32 32 23 41 41 23 32 32 41 41 32 32 14 44 14
0 22 33 11 33 33 44 11 11 33 32 33 41 41 23 32 22 41 41 32 32 14 44 14
0 33 33 11 33 22 22 11 14 22 22 33 11 11 33 22 22 11 11 22 22 44 42 44
0 23 13 41 43 32 42 14 14 32 32 23 44 41 23 32 32 41 41 32 32 14 44 14
0 23 13 11 43 32 22 14 44 32 22 23 41 41 23 22 32 11 11 22 22 14 42 44
0 23 13 41 43 32 42 11 11 32 32 23 41 41 23 32 32 41 41 32 32 11 42 14
0 23 33 41 33 32 42 14 14 32 32 23 41 41 33 32 32 11 44 22 32 14 42 14
0 23 13 44 33 33 22 11 14 32 32 23 44 44 23 33 32 11 44 22 33 14 44 44
0 23 33 41 43 32 42 11 14 32 32 23 41 44 23 32 32 41 41 32 32 14 44 14
0 23 13 41 43 33 42 11 44 22 32 23 44 41 23 32 22 44 41 32 32 11 44 44
0 22 13 44 44 22 42 11 11 32 33 23 44 11 33 33 33 44 41 22 32 44 44 11
0 22 11 44 33 33 44 11 11 33 22 22 44 41 22 33 32 44 44 32 32 11 44 14
0 23 13 44 43 32 42 14 11 32 33 23 44 41 23 32 33 41 44 32 33 14 42 14
0 22 33 11 33 32 42 11 14 32 32 22 44 41 23 33 32 41 11 22 33 14 44 14
0 23 11 41 44 32 42 11 11 33 33 23 44 44 23 33 33 44 44 33 33 11 44 11
0 23 13 41 44 32 42 11 14 32 32 23 41 41 23 33 32 41 44 33 32 14 44 44
0 22 11 44 43 33 42 11 14 32 33 33 44 44 23 33 32 41 44 32 33 14 44 14
0 22 13 44 33 33 44 11 11 33 22 23 44 44 23 32 22 11 44 32 33 44 44 14
0 23 33 44 33 33 22 11 11 22 22 23 41 44 33 33 32 41 11 32 32 14 44 14
0 23 33 41 43 32 42 11 14 22 32 22 41 11 33 32 33 41 41 32 32 14 42 14
0 23 11 44 44 33 42 11 11 33 33 22 44 44 22 33 32 44 44 33 33 11 44 11
0 23 11 44 33 33 44 11 11 32 33 22 44 44 33 33 32 41 44 32 33 11 44 11
0 23 13 41 43 32 42 14 14 32 32 23 41 41 23 32 32 41 41 32 33 14 44 14
0 23 13 41 43 33 22 11 11 32 33 23 44 41 33 32 32 41 44 32 33 44 42 11
0 22 11 41 44 33 42 11 11 32 32 23 44 44 22 33 32 41 44 32 33 11 44 14
0 23 13 41 43 32 42 11 14 33 32 23 41 44 23 32 33 41 41 32 32 14 42 14
0 23 33 41 43 32 42 11 14 33 33 22 44 44 23 33 32 41 41 32 33 11 44 11
0 33 33 11 33 22 22 44 44 22 32 33 11 11 33 22 22 11 11 22 22 44 22 44
0 23 11 41 43 32 42 14 11 32 33 23 41 41 23 33 33 41 44 32 33 11 42 11
0 33 13 41 44 32 44 11 11 33 33 23 44 44 23 33 22 41 44 32 33 11 44 11
0 23 13 41 33 32 42 11 11 32 32 23 41 44 23 32 32 41 44 32 33 14 44 14
0 23 13 41 43 32 42 14 11 33 32 23 41 41 23 32 22 41 44 22 32 11 42 14
0 22 13 41 33 33 44 14 14 33 32 23 44 44 23 33 32 44 41 32 33 11 44 11
0 22 13 44 44 33 44 11 11 33 33 23 44 44 22 33 33 44 44 33 33 11 44 11
0 23 13 41 44 32 44 11 11 32 32 33 44 44 33 33 32 11 41 33 33 14 44 11
0 22 11 44 44 33 44 11 11 33 33 22 44 44 22 33 33 44 44 33 33 11 44 11
0 22 11 44 43 33 44 11 11 33 33 23 44 44 23 33 32 41 44 32 33 11 44 11
0 33 33 11 33 32 22 44 11 32 32 33 41 41 33 22 22 11 11 32 32 44 44 14
0 23 13 11 43 32 42 14 14 32 22 33 41 41 33 33 22 11 41 22 32 14 44 44
0 23 13 41 43 32 22 14 11 32 32 33 44 41 23 33 32 41 41 32 32 14 44 14
0 22 33 41 33 33 42 14 11 32 22 23 41 44 33 33 22 11 11 22 22 44 44 14
0 22 11 41 44 33 42 11 14 33 33 23 44 44 33 33 33 41 44 33 33 14 44 14
0 22 13 44 43 33 42 11 11 33 33 22 44 41 23 33 33 44 44 32 33 11 44 14
0 22 11 44 43 33 44 11 11 33 33 22 44 44 23 33 33 44 41 33 33 11 44 11
0 23 13 41 43 33 42 11 11 32 32 22 44 44 33 33 33 41 11 22 33 14 44 11
0 22 11 41 43 33 42 14 11 32 32 22 44 44 33 33 32 41 44 22 33 14 44 11
0 22 11 44 44 33 42 11 11 33 32 22 44 44 23 33 32 41 44 32 33 11 42 11
0 33 33 11 43 32 22 11 44 22 22 33 44 44 33 33 32 11 11 22 32 11 44 14
0 23 13 41 33 32 22 11 14 22 22 23 44 11 23 33 32 41 11 22 33 44 22 44
0 22 13 44 44 33 44 11 11 33 33 23 44 44 23 33 33 41 41 33 33 11 44 11
0 33 33 11 33 32 22 11 14 22 22 33 41 41 23 32 22 11 41 22 22 44 22 14
0 22 11 44 44 33 42 11 11 33 33 22 44 44 22 33 33 44 44 32 33 11 44 11
0 22 33 41 33 32 22 11 14 22 22 23 44 41 23 33 32 41 44 22 33 14 44 11
0 22 13 41 44 33 42 11 11 33 32 23 41 44 22 33 32 44 44 33 33 11 44 14
0 23 13 41 43 32 42 11 11 32 33 22 41 41 23 33 32 41 44 32 33 14 44 14
0 23 13 41 43 32 42 11 14 22 32 23 41 41 33 32 22 11 44 32 33 14 22 14
0 22 11 44 44 32 44 11 14 33 33 22 44 44 22 32 33 44 44 32 33 11 44 11
0 22 11 44 44 33 44 11 11 33 33 22 44 44 23 33 33 44 44 33 33 11 44 14
0 23 33 41 43 32 42 11 11 33 32 23 44 41 23 32 33 41 44 32 33 14 44 11
0 23 13 41 43 33 42 11 11 33 32 22 44 41 23 33 32 41 44 32 33 11 44 14
0 23 13 41 33 32 42 14 14 32 32 23 44 41 23 33 22 41 41 32 32 14 42 14
0 33 13 44 43 32 42 11 14 32 32 23 41 41 23 33 32 41 41 22 33 14 44 14
0 23 13 41 43 33 42 11 11 33 32 23 44 44 22 32 33 41 44 33 32 11 44 11
0 23 13 44 44 33 42 11 11 32 33 23 44 41 23 33 32 41 41 32 33 11 44 14
0 22 11 44 44 33 44 11 11 33 33 22 44 44 22 33 33 44 44 33 33 11 44 11
0 23 13 41 43 32 42 11 14 32 32 23 41 41 23 33 32 41 44 32 32 14 42 14
0 23 11 44 43 32 44 11 11 33 33 23 44 44 22 33 32 41 44 22 33 11 44 11
0 22 11 44 44 33 42 11 11 33 33 22 44 44 23 33 33 44 44 33 33 11 44 11
0 23 33 11 33 22 22 14 44 22 22 33 11 41 33 32 22 11 41 22 32 44 42 44
0 23 11 44 33 32 42 11 11 33 33 23 44 44 33 33 32 41 41 32 33 14 44 14
0 33 13 11 43 32 42 14 14 32 32 23 41 41 33 32 32 11 41 32 32 44 42 14
0 23 13 44 44 32 42 11 11 33 33 22 44 44 22 33 33 44 44 33 32 14 44 11
0 23 33 41 43 32 42 11 14 32 32 23 44 41 23 32 32 41 41 32 32 11 42 14
0 23 33 11 33 32 42 14 14 32 22 33 44 11 33 32 32 11 41 22 33 14 44 44
0 23 13 41 44 33 42 14 14 32 33 23 44 41 23 33 33 11 44 32 33 11 44 14
0 22 13 41 33 32 42 11 14 33 33 33 44 44 23 33 33 44 41 22 33 11 44 14
0 22 11 44 44 33 44 11 11 33 33 22 44 44 22 33 33 44 44 32 33 11 44 11
0 22 11 44 33 33 44 11 11 33 33 22 44 44 22 33 33 41 44 32 33 11 44 11
0 22 13 44 43 32 44 11 11 33 33 23 44 44 22 33 33 44 44 33 33 11 44 14
0 23 13 44 43 33 42 11 14 32 32 23 44 41 23 33 33 44 44 32 33 14 42 14
0 23 11 44 33 33 42 11 11 33 33 22 44 41 23 33 32 41 44 32 33 11 44 14
0 22 11 41 43 22 44 11 11 32 32 23 44 41 23 32 22 11 44 22 33 14 44 44
0 22 13 44 44 33 42 11 11 33 33 22 44 44 22 33 33 41 44 32 33 14 44 11
0 22 13 41 43 33 42 11 14 33 33 23 41 44 23 33 32 41 41 32 32 14 42 14
0 22 11 44 43 32 42 11 11 32 32 22 44 44 23 33 32 41 41 32 32 14 44 11
0 23 13 44 33 33 22 11 14 32 32 23 44 41 33 33 32 11 41 33 32 14 44 14
0 23 13 41 44 32 42 11 14 33 33 23 41 44 23 32 32 41 41 22 33 14 44 14
0 23 13 41 43 32 42 11 11 32 32 23 41 41 23 33 32 41 41 32 33 11 42 11
0 22 11 44 43 32 22 11 11 33 32 23 44 44 23 33 32 41 41 22 33 11 44 11
0 23 13 44 43 32 42 14 14 33 32 23 44 41 23 33 22 11 41 32 33 14 42 14
0 23 13 44 44 32 42 14 11 33 32 33 41 44 22 33 22 41 41 22 33 11 44 11
0 23 13 41 43 33 22 14 14 32 32 23 44 41 33 32 32 41 41 32 32 14 44 14
0 33 33 44 43 22 22 11 14 22 32 33 41 41 33 32 32 11 41 22 32 44 22 44
0 23 13 41 33 32 42 11 14 32 32 23 44 41 33 33 32 11 41 32 33 14 44 44
0 23 33 11 33 32 22 11 11 32 32 23 11 44 33 32 22 11 41 22 32 14 44 14
0 22 11 41 44 33 42 11 11 33 33 33 44 44 23 33 33 41 41 33 33 11 44 14
0 22 13 41 43 32 42 11 14 32 32 22 41 41 23 32 32 41 41 32 32 14 44 14
0 22 13 44 43 33 44 11 11 33 32 23 44 44 23 33 33 44 44 33 33 11 44 11
0 22 13 41 44 33 44 11 11 32 33 23 44 44 22 32 32 44 41 22 33 14 44 11
0 22 11 44 33 33 44 11 11 22 33 23 41 44 22 33 32 44 41 32 33 14 44 14
0 23 13 41 43 33 42 11 11 33 32 23 41 44 23 33 32 41 44 32 32 11 44 14
0 22 11 44 44 33 44 11 11 33 33 22 44 44 22 33 33 44 44 33 33 11 44 11
0 23 13 41 43 33 42 11 14 22 32 23 44 44 23 32 33 41 44 22 33 11 22 14
0 22 11 44 43 33 42 11 11 32 33 23 44 44 22 33 32 44 41 32 33 14 44 11
0 22 13 41 44 33 42 11 14 32 33 23 44 44 22 33 32 44 44 33 33 14 44 11
0 22 11 44 43 32 42 11 11 32 32 23 44 41 33 33 32 44 44 33 33 14 44 11
0 22 13 11 43 33 42 11 11 33 33 22 44 41 23 33 33 41 44 32 33 44 44 11
0 33 13 11 43 32 42 11 44 32 22 23 44 41 33 33 22 41 41 22 33 14 22 14
0 23 13 44 43 32 42 11 14 32 32 23 44 41 23 32 32 41 41 32 32 14 44 11
0 23 13 41 33 32 42 14 14 33 32 23 41 41 23 33 32 11 41 32 33 11 44 11
0 23 13 44 44 32 42 11 14 33 33 23 44 44 23 32 32 41 41 32 33 14 44 11
0 33 33 44 43 22 22 14 44 32 32 23 44 44 33 33 32 41 41 22 33 44 44 14
0 22 11 41 43 32 44 11 11 32 33 22 44 44 33 33 33 44 44 32 33 11 44 44
0 23 11 44 44 32 44 11 11 33 22 22 41 44 33 33 32 11 44 33 33 11 44 11
0 23 33 44 33 32 42 11 11 33 33 33 44 41 23 33 32 11 41 22 32 44 44 11
0 33 13 41 33 32 42 14 14 32 32 23 41 41 33 32 22 41 41 22 32 44 42 14
0 23 33 11 33 32 22 11 14 22 33 33 41 41 33 32 32 11 41 22 32 14 42 44
0 23 13 41 33 33 22 11 14 33 32 33 44 41 23 33 22 41 44 22 33 11 42 11
0 23 11 44 44 33 44 11 11 32 33 22 44 44 22 33 33 44 44 32 33 14 44 14
0 23 13 44 33 32 44 11 11 33 33 22 44 41 23 32 32 41 41 32 33 14 44 14
0 23 13 41 33 32 42 14 11 22 22 23 44 11 23 33 22 41 41 32 32 11 42 14
0 23 13 41 33 22 42 14 14 32 32 23 44 41 23 32 32 11 41 32 33 14 42 14
0 33 13 11 33 32 22 11 44 22 32 33 41 41 33 22 22 11 41 22 33 44 22 44
0 23 33 44 43 32 42 11 14 22 32 33 41 44 23 32 32 41 11 22 32 14 42 44
0 22 11 44 43 33 44 11 11 33 33 22 44 44 22 33 33 44 44 33 33 11 44 11
0 22 13 44 44 33 44 11 11 33 32 22 44 44 23 33 33 41 44 33 33 11 44 11
0 22 13 44 44 33 42 11 11 33 33 23 44 44 23 33 32 41 41 32 33 11 44 11
0 22 11 44 44 33 44 11 14 33 32 23 44 44 22 33 33 41 44 33 33 14 44 11
0 33 13 41 43 32 42 14 14 32 32 23 41 41 23 32 32 41 41 32 32 14 42 14
0 23 13 41 43 33 42 14 14 32 32 23 41 41 23 32 32 41 41 32 32 14 44 14
0 22 11 41 44 33 42 11 11 32 32 22 44 44 22 33 32 41 41 33 33 14 44 14
0 23 11 44 44 33 44 11 11 33 33 22 44 44 22 33 33 44 44 33 33 11 44 14
0 23 13 41 43 32 42 11 14 32 32 33 44 41 33 32 22 41 41 22 32 44 42 11
0 23 13 41 43 32 42 11 11 32 32 23 41 41 23 33 22 41 41 32 32 14 44 14
0 23 13 11 43 32 22 14 11 32 32 33 41 41 23 33 22 41 41 32 32 14 42 14
0 23 13 11 33 32 42 11 14 32 22 33 44 44 23 32 32 44 44 32 33 11 42 11
0 23 13 41 43 33 22 11 11 32 32 23 44 11 22 33 32 11 11 32 33 11 42 14
0 23 13 41 43 32 42 14 14 32 32 23 11 11 23 32 22 11 41 22 32 14 42 14
0 22 11 44 44 33 44 11 11 33 33 22 44 44 22 33 33 44 44 33 33 11 44 11
0 22 33 41 44 32 42 11 11 33 32 23 44 44 33 33 33 44 41 32 33 14 22 14
0 23 13 11 43 32 42 11 11 32 32 23 41 41 23 32 32 41 41 32 32 14 44 14
0 22 11 41 44 33 44 11 11 33 33 22 44 44 22 33 33 44 44 33 33 11 44 14
0 23 13 41 43 32 42 14 14 32 32 23 44 41 23 33 32 41 41 32 33 11 42 14
0 23 33 41 43 33 42 11 14 32 33 23 44 44 22 33 32 44 44 33 33 11 44 14
0 23 33 41 43 32 42 14 11 32 33 22 41 41 23 32 32 11 44 22 32 44 44 14
0 33 33 41 33 33 22 11 11 22 33 33 44 41 23 33 32 41 41 22 32 44 44 11
0 23 13 41 44 32 42 11 11 33 32 22 44 41 33 33 22 41 41 32 33 14 44 11
0 22 11 44 44 33 44 11 11 33 33 22 44 44 22 33 33 44 44 33 33 11 44 11
0 22 11 44 44 33 42 11 11 33 33 22 44 44 22 33 32 41 44 32 33 11 44 11
0 23 33 41 33 32 42 14 11 33 33 23 41 41 23 33 32 11 41 32 22 14 44 14
0 22 13 44 43 33 22 11 11 32 32 22 44 11 23 33 33 44 41 22 32 14 44 11
0 23 13 11 33 32 42 11 11 22 22 23 41 44 23 32 22 41 41 22 32 14 42 44
0 22 11 44 44 33 44 11 11 33 32 23 44 41 22 33 33 41 44 33 33 14 44 11
0 23 13 41 43 32 22 11 11 32 33 23 41 41 33 32 32 41 41 22 33 14 42 14
0 23 33 41 33 33 42 11 44 22 32 33 44 44 23 33 22 41 41 22 22 14 42 44
0 23 33 44 33 33 22 14 11 33 22 23 44 44 23 33 33 41 41 32 32 44 44 44
0 22 11 44 43 33 44 11 11 33 33 22 44 44 22 33 32 44 44 32 33 11 44 11
0 23 13 44 43 33 42 11 14 32 32 23 44 44 23 32 32 44 44 32 32 14 44 11
0 23 11 44 44 33 44 11 11 33 33 22 44 44 22 33 33 44 44 32 33 11 44 14
0 22 13 44 43 32 42 11 11 33 33 23 41 44 23 33 32 41 44 32 32 11 44 14
0 22 13 41 33 32 42 11 11 32 32 33 44 44 23 33 32 11 44 22 33 14 44 14
0 23 11 41 43 32 42 14 14 32 32 23 41 41 23 33 32 41 41 32 33 14 42 14
0 22 13 44 33 33 44 11 11 33 33 22 44 44 23 32 33 44 44 32 33 11 44 11
0 22 13 44 44 32 42 11 11 33 33 33 44 44 22 33 32 44 44 32 33 14 44 14
0 22 11 44 43 32 42 11 11 33 33 23 44 44 22 33 32 11 44 32 33 11 44 11
0 22 33 41 43 33 42 11 14 32 33 23 41 44 23 33 22 41 44 22 32 44 44 14
0 33 33 41 33 22 22 11 11 22 22 23 44 11 33 33 32 11 11 22 32 44 44 44
0 23 13 41 43 33 42 14 11 32 32 23 44 44 23 32 32 41 44 32 32 11 42 14
0 23 11 41 44 33 44 11 11 33 32 23 44 44 23 33 22 44 44 33 33 11 44 14
0 23 13 44 44 33 42 11 11 33 33 23 44 41 22 33 33 44 44 32 33 11 44 14
0 23 13 41 43 32 42 11 14 32 33 23 44 41 23 32 32 41 41 32 32 14 44 11
0 23 33 41 43 32 22 11 11 32 22 33 41 41 33 32 32 11 41 32 32 44 42 14
0 33 13 11 33 22 22 14 44 22 32 23 11 11 33 32 22 11 11 22 22 44 42 44
0 22 11 44 44 32 44 11 11 33 33 22 44 44 22 33 33 41 44 33 33 11 44 11
0 23 11 44 44 33 42 14 11 33 33 23 44 41 22 33 32 41 44 33 33 11 44 11
0 22 11 44 43 32 42 11 11 33 33 23 44 41 22 33 32 41 44 32 33 11 44 11
0 23 33 41 33 22 42 14 14 33 22 33 41 41 33 22 22 11 44 22 32 14 42 11
0 22 11 44 44 33 44 11 11 33 33 22 44 44 22 33 33 44 44 33 33 11 44 11
0 23 13 41 43 32 44 11 14 32 32 23 44 44 23 33 32 41 41 32 32 11 44 14
0 23 13 44 44 32 42 11 11 32 32 23 41 44 23 32 33 41 44 33 33 11 44 14
0 33 33 44 43 22 42 11 14 32 32 23 44 11 22 33 22 11 41 22 32 14 44 14
0 22 13 44 44 32 22 11 11 32 33 23 44 44 23 32 33 44 41 22 32 11 44 11
0 23 13 41 33 32 42 14 14 22 32 33 41 41 23 32 32 41 41 22 32 44 44 14
0 22 11 44 33 33 44 11 11 33 33 22 44 44 22 33 33 41 44 33 33 11 44 14
0 33 13 41 33 22 22 11 14 22 32 33 44 11 23 33 32 11 41 32 33 14 44 14
0 22 11 44 44 33 44 11 11 33 33 22 44 44 22 33 33 44 41 32 33 11 44 11
0 23 13 41 43 32 44 11 14 32 32 23 44 44 23 33 32 41 41 32 33 11 44 14
0 22 13 44 44 33 42 11 11 32 32 22 44 44 22 33 32 44 44 33 33 11 44 11
0 22 11 44 44 33 44 11 11 33 33 22 41 41 22 33 33 44 44 32 33 14 44 14
0 23 13 41 33 22 22 14 11 32 32 23 44 44 23 33 33 11 44 22 32 44 42 14
0 22 11 41 33 33 42 14 11 33 33 23 44 44 22 33 33 41 44 22 33 11 44 44
0 22 11 41 44 32 42 14 11 33 33 22 44 41 23 33 32 44 41 22 33 11 44 14
0 22 13 44 44 33 44 11 11 33 33 22 44 44 22 33 33 44 44 33 33 11 44 11
0 23 11 41 43 32 42 11 11 33 32 22 44 41 22 33 32 41 41 32 33 11 44 14
0 33 13 41 43 32 22 14 14 32 22 23 44 41 33 32 32 41 44 32 33 14 44 14
0 33 11 41 33 32 42 11 14 32 32 33 44 44 23 33 32 11 41 22 33 14 42 14
0 33 13 41 33 32 42 14 11 32 33 33 44 44 23 33 32 41 44 22 33 14 44 14
0 23 11 41 43 32 22 11 14 32 32 33 41 41 23 33 33 41 41 32 33 11 44 14
0 22 11 44 44 33 44 11 11 33 33 22 44 44 22 33 32 44 44 33 33 11 44 11
0 33 33 11 33 33 22 14 14 22 22 33 11 11 33 22 32 11 41 22 32 44 44 44
0 23 11 44 43 32 42 11 11 32 32 22 44 44 23 33 32 41 44 33 33 14 44 11
0 33 13 11 43 32 42 14 14 32 32 33 41 41 33 22 32 11 41 22 32 14 44 14
0 23 33 44 33 32 22 11 14 33 22 23 44 41 33 32 32 41 11 22 33 14 44 14
0 23 13 11 33 32 22 14 14 22 33 33 44 44 23 32 32 41 41 32 32 14 42 14
0 33 13 41 43 33 22 14 14 32 32 23 44 41 23 32 32 41 41 32 32 14 44 14
0 23 13 44 33 33 22 11 11 32 32 33 44 41 22 33 32 11 41 32 33 11 44 14
0 22 11 44 43 33 44 11 11 33 33 22 44 44 23 33 33 44 44 32 33 11 44 11
0 23 11 41 44 33 42 14 11 32 32 23 44 41 23 33 32 41 41 32 32 14 44 14
0 22 11 44 43 32 44 11 11 33 32 22 44 44 23 33 32 41 44 32 32 14 44 14
0 22 11 44 43 33 44 11 11 33 33 23 44 44 22 33 33 41 44 33 33 11 44 11
0 23 11 44 44 33 44 11 11 33 32 22 44 44 22 33 33 44 44 22 32 11 44 11
0 23 13 44 33 32 42 14 14 32 32 23 41 41 23 32 32 44 41 32 32 14 44 14
0 22 13 44 43 33 44 11 11 33 33 22 44 44 23 32 32 41 41 32 33 14 44 11
0 23 11 44 43 33 42 11 11 33 33 23 44 41 23 32 33 41 44 32 33 11 44 14
0 33 33 11 33 32 22 14 44 32 32 23 11 11 33 22 22 11 11 22 22 14 22 44
0 22 11 44 44 33 44 11 11 33 33 22 44 44 22 33 33 44 44 33 33 11 44 11
0 23 33 41 43 32 42 14 14 32 32 23 41 41 33 33 22 41 11 32 32 14 42 14
0 22 13 44 44 33 44 11 11 33 33 22 44 44 22 33 33 44 44 33 33 11 44 11
0 23 13 41 43 33 42 11 14 32 32 22 44 44 22 33 33 41 41 32 33 11 44 11
0 22 13 44 43 33 42 11 11 33 33 22 44 44 33 33 32 44 44 32 33 11 44 14
0 23 33 41 33 22 22 11 44 22 22 33 44 41 33 33 22 11 41 22 32 44 42 44
0 22 33 41 43 32 42 11 14 32 32 33 41 44 23 22 32 41 44 22 32 14 44 11
0 22 11 44 43 33 42 11 11 33 33 23 44 41 22 33 33 44 41 32 32 11 44 11
0 22 13 44 44 33 44 11 11 33 33 22 44 44 22 33 33 44 44 33 33 11 44 11
0 22 13 41 43 32 42 11 14 32 32 22 44 41 33 33 32 44 44 32 32 14 44 14
0 33 33 11 33 32 22 11 44 22 22 33 41 41 33 32 22 11 11 22 32 14 42 14
0 22 13 44 33 33 44 11 14 33 32 22 44 44 33 33 32 41 44 32 32 11 44 11
0 22 11 44 44 33 44 11 11 33 33 22 44 44 23 33 33 44 44 33 33 11 44 11
0 23 13 44 43 32 42 14 14 32 33 23 44 41 23 33 33 41 44 32 32 11 44 14
0 23 13 44 44 33 42 11 11 33 33 23 44 44 22 33 32 44 44 32 33 14 44 11
0 22 13 44 43 32 42 11 14 33 33 22 41 44 22 33 32 44 41 32 33 11 44 11
0 23 11 41 43 32 22 14 14 32 33 22 44 44 23 33 32 44 44 33 33 14 44 11
0 23 13 41 43 33 42 14 11 33 32 23 44 41 23 32 32 41 44 32 32 14 44 11
0 22 11 44 44 33 42 11 11 32 32 23 44 44 22 33 33 41 44 33 33 11 44 11
0 22 11 41 44 33 44 11 11 33 32 22 44 44 22 33 33 44 41 33 33 11 44 44
0 22 13 41 43 33 42 11 14 32 33 23 44 41 23 33 32 41 41 33 32 11 44 14
0 33 33 11 43 22 22 14 44 22 32 33 41 41 33 32 22 11 41 22 32 14 44 44
0 23 13 41 43 32 42 11 14 22 32 23 44 41 23 32 22 41 41 32 32 14 42 14
0 22 11 41 44 33 42 11 11 33 33 23 44 44 22 33 33 44 44 33 33 11 44 11
0 23 13 11 33 22 22 14 44 32 32 33 41 41 33 32 22 11 41 32 32 14 42 44
0 22 13 44 44 33 44 11 11 33 32 23 41 44 33 33 32 41 44 32 33 14 44 14
0 22 11 41 44 33 44 11 11 33 33 23 44 44 22 33 33 44 44 33 33 11 44 11
0 22 13 44 44 33 44 11 11 33 33 22 44 44 22 33 33 44 44 33 33 11 44 11
0 22 13 44 44 33 44 11 11 33 33 23 44 44 22 33 33 44 44 32 33 11 44 11
0 22 11 44 43 33 44 11 11 33 33 22 44 44 22 33 33 44 44 33 33 11 44 11
0 22 13 41 33 32 44 11 14 22 22 23 41 11 22 33 22 41 41 22 33 14 22 11
0 22 13 41 44 33 42 14 11 33 33 23 44 44 23 33 32 41 41 32 32 14 44 14
0 22 13 44 44 33 42 11 11 33 33 23 44 44 22 33 32 11 44 32 33 11 44 14
0 22 11 44 43 33 42 11 14 33 33 23 44 41 23 33 32 41 44 32 32 11 44 14
0 23 13 41 43 33 42 11 14 32 22 33 44 44 23 33 32 41 41 32 32 14 42 44
0 22 13 41 44 33 42 11 11 33 33 23 44 44 23 33 32 11 44 32 33 11 44 11
0 22 11 44 44 33 44 11 11 33 33 22 44 44 23 33 33 41 44 33 32 11 44 11
0 23 33 44 44 33 44 11 11 32 32 23 44 44 33 32 22 41 44 32 33 11 44 14
0 22 13 44 43 33 22 11 11 33 33 22 44 44 23 33 32 11 41 33 33 14 44 11
0 23 11 44 43 33 44 11 11 33 33 22 44 44 23 33 32 44 44 32 33 11 44 11
0 22 11 44 44 33 42 11 11 33 33 22 44 44 22 33 33 44 44 33 33 11 44 11
0 23 11 41 44 33 42 11 14 32 32 23 44 41 23 33 22 44 44 32 33 11 44 11
0 22 13 44 43 32 42 11 11 33 33 23 44 44 22 33 22 44 44 33 33 14 44 11
0 23 11 41 44 33 42 11 11 33 33 23 44 44 23 33 33 41 44 33 33 11 44 11
0 22 11 44 44 33 22 11 11 33 33 22 44 44 22 33 33 41 44 32 33 11 44 14
0 33 33 41 33 32 22 14 14 22 33 33 44 41 23 33 33 41 44 22 32 14 44 44
0 23 13 44 43 33 44 11 11 32 32 23 44 41 22 33 32 44 44 32 33 14 44 11
0 22 13 44 43 33 42 11 11 33 32 22 44 41 23 33 32 41 44 22 33 11 42 11
0 23 11 44 44 33 42 11 11 33 32 23 44 44 33 33 33 44 44 32 33 14 44 14
0 23 11 44 44 33 42 11 11 33 33 22 44 44 23 33 33 44 44 32 33 11 44 11
0 22 11 44 44 33 44 11 11 33 33 23 44 44 22 33 33 44 44 32 33 11 44 11
0 23 11 44 44 33 44 11 11 32 33 22 44 44 22 33 33 41 44 33 33 11 44 14
0 22 11 44 43 33 42 11 11 33 32 22 44 44 23 33 32 41 41 32 33 11 44 11
0 23 13 41 33 33 42 11 14 32 32 22 44 41 23 33 32 11 11 22 33 11 44 11
0 22 13 44 43 33 44 11 14 32 32 22 44 44 22 33 32 44 44 32 33 14 44 11
0 23 11 44 44 32 42 11 11 33 33 23 44 44 23 33 33 41 44 32 33 11 44 11
0 23 13 41 43 32 42 11 14 32 22 23 41 41 23 33 32 41 41 32 32 14 42 11
0 23 33 41 43 32 42 11 14 32 32 33 41 41 33 32 32 11 41 22 33 14 42 44
0 22 11 44 44 33 44 11 11 33 33 22 44 44 22 33 33 44 44 33 33 11 44 11
0 23 13 41 33 22 42 14 14 32 33 23 41 41 23 32 32 44 41 32 33 14 44 11
0 23 13 41 43 33 44 14 14 32 33 33 44 44 23 33 32 44 41 32 33 14 44 44
0 22 13 44 43 32 42 11 14 33 33 22 41 41 23 32 32 41 41 32 33 14 44 14
0 22 13 44 44 32 42 11 11 33 33 23 44 41 23 33 32 41 41 32 33 11 44 14
0 22 13 44 44 33 44 11 11 32 33 22 44 44 22 33 32 44 44 32 33 11 44 11
0 22 11 44 44 33 44 11 11 33 32 22 44 44 22 33 33 44 44 33 33 11 44 11
0 22 11 44 44 33 44 11 11 33 33 22 44 44 22 33 33 44 44 33 33 11 44 11
0 22 11 44 43 33 44 11 11 33 33 22 44 44 22 33 33 44 44 33 33 11 44 11
1 23 13 41 43 32 42 11 11 32 32 22 44 41 23 33 33 41 41 32 32 14 42 14
1 33 33 11 33 32 22 14 44 22 22 33 11 11 33 22 22 11 41 22 32 44 42 44
1 23 13 44 33 33 42 11 11 32 32 23 44 44 23 33 32 41 41 22 32 14 44 14
1 33 13 41 33 33 42 14 44 32 32 33 11 41 33 33 22 11 41 22 32 14 44 11
1 23 13 41 43 32 42 14 14 32 32 23 41 44 23 32 32 41 41 32 33 14 42 14
1 23 33 41 43 33 22 11 11 32 32 23 44 44 33 33 32 11 41 22 33 11 44 14
1 22 13 44 44 32 42 11 11 33 32 23 44 44 23 32 33 44 44 33 32 11 44 11
1 23 33 41 33 22 22 44 14 22 22 33 41 41 33 22 22 11 41 22 22 44 22 44
1 23 33 11 33 33 42 14 14 22 32 33 44 41 23 33 22 11 44 22 32 44 42 44
1 33 33 41 33 32 42 44 14 22 22 33 41 11 33 22 32 11 41 22 32 14 42 44
1 22 11 44 44 33 44 11 11 33 33 22 44 44 23 33 33 44 44 33 33 11 44 11
1 22 11 44 44 33 44 11 11 33 33 22 44 44 23 33 33 41 41 33 32 11 44 11
1 23 13 11 33 32 42 14 14 32 22 33 41 41 33 22 32 41 11 22 32 14 42 14
1 22 13 44 43 33 44 11 11 33 32 22 44 44 22 33 22 41 41 33 33 11 44 44
1 22 13 44 44 33 44 11 11 33 33 22 44 44 22 33 33 44 44 33 33 11 44 11
1 23 33 44 33 33 42 14 14 32 32 23 41 11 33 32 32 11 41 32 33 14 42 44
1 23 13 41 43 32 42 14 14 32 33 23 41 41 23 32 32 41 41 32 32 11 42 14
1 23 13 41 43 32 42 14 14 32 32 33 41 11 23 32 22 41 41 32 32 14 42 14
1 23 11 44 44 33 44 11 11 33 33 23 44 44 22 33 32 41 44 33 33 11 44 14
1 23 13 41 43 33 42 11 11 33 33 23 44 44 23 32 33 41 44 32 33 14 44 11
1 23 13 41 43 33 42 14 14 32 32 23 44 41 23 33 32 41 41 33 33 11 44 11
1 23 13 41 43 32 42 14 14 32 32 23 41 41 23 32 32 41 41 32 32 14 42 14
1 23 13 41 33 33 22 11 14 22 32 33 44 41 23 33 32 11 44 32 33 11 44 11
1 22 13 41 43 32 42 11 11 33 32 22 44 44 23 32 32 11 44 32 32 11 44 14
1 22 13 44 43 32 42 11 11 32 32 23 41 41 23 33 33 44 41 32 32 14 44 14
1 22 13 44 44 32 42 11 14 32 32 22 44 44 33 33 32 41 41 32 33 11 44 14
1 33 11 44 33 33 22 11 14 32 33 23 44 44 23 33 22 11 44 32 32 14 44 44
1 23 13 41 33 32 22 11 14 33 22 22 44 41 23 33 32 41 11 32 22 11 44 44
1 22 11 41 43 32 42 11 14 32 33 23 41 41 23 33 32 41 41 32 33 11 44 14
1 33 33 41 33 32 22 14 44 22 22 23 41 41 23 32 22 11 11 22 22 44 42 44
1 22 11 44 43 33 44 11 11 33 33 22 44 44 22 33 33 44 44 33 33 11 44 11
1 23 13 41 43 32 42 11 14 32 32 23 41 41 23 32 33 41 44 32 32 14 44 14
1 23 13 41 33 32 22 14 14 32 32 23 41 41 23 32 32 41 41 22 32 14 42 14
1 33 13 41 43 32 22 14 14 32 32 33 41 41 33 33 22 41 41 22 33 14 42 14
1 23 11 41 43 32 42 11 14 32 33 23 41 44 22 33 32 41 41 32 33 14 42 11
1 22 11 44 44 33 44 11 11 33 33 22 44 44 22 33 33 44 44 32 33 11 44 11
1 22 11 41 43 33 22 11 11 33 33 23 44 44 22 33 32 41 44 33 33 11 44 11
1 23 13 44 43 33 44 11 14 32 33 22 44 44 22 33 33 41 44 33 33 11 44 14
1 22 11 44 44 33 44 11 11 33 33 22 44 44 22 33 33 44 44 32 33 11 44 11
1 22 13 44 44 33 44 11 11 33 33 23 44 44 22 33 33 44 44 32 33 11 44 11
1 23 11 44 43 33 42 11 11 33 32 23 44 41 23 33 32 41 44 32 33 11 44 14
1 33 11 44 44 33 42 14 14 32 32 22 44 44 23 33 22 44 44 33 33 14 44 11
1 23 13 41 43 32 42 14 14 32 32 23 41 41 23 32 32 41 41 32 32 14 42 14
1 23 11 44 44 32 42 11 11 33 33 23 44 44 22 33 32 41 44 32 33 11 42 44
1 23 13 41 43 32 44 11 11 33 22 23 44 44 22 32 22 41 44 22 33 14 44 44
1 22 33 41 43 32 22 11 14 32 32 23 41 41 33 33 32 11 41 33 33 14 42 14
1 22 11 41 43 32 42 11 11 32 32 33 41 44 33 32 32 11 41 22 33 14 44 14
1 23 13 44 43 32 44 11 14 33 33 22 44 41 23 33 33 41 44 32 32 14 42 11
1 22 13 41 44 33 42 11 14 33 33 22 44 41 23 33 33 44 44 33 33 11 44 11
1 22 13 41 43 32 42 11 11 33 33 22 44 44 23 33 32 41 44 32 33 14 44 11
1 22 33 41 43 33 42 11 14 32 33 23 41 41 23 32 22 41 41 32 32 11 42 11
1 22 13 41 43 33 42 14 11 33 32 22 44 41 23 33 33 41 41 33 33 11 44 14
1 23 13 44 33 32 44 11 11 22 32 33 41 44 23 33 33 41 44 32 33 14 44 11
1 22 11 44 43 33 44 11 11 33 33 22 44 44 22 33 33 44 44 32 33 11 44 14
1 33 33 11 33 32 22 14 14 22 22 33 44 41 33 32 22 11 11 22 33 14 42 14
1 22 13 41 43 32 42 14 14 32 22 23 41 41 23 32 32 41 41 32 32 14 44 14
1 22 13 44 44 33 44 11 14 32 32 22 44 44 23 33 33 41 44 32 33 14 44 11
1 23 11 44 44 33 44 11 11 32 33 23 44 44 23 33 32 44 44 22 33 14 44 14
1 33 33 41 33 22 22 14 44 22 22 33 41 41 33 32 22 41 11 22 22 44 42 44
1 22 13 41 43 32 42 11 14 33 32 23 41 44 33 33 32 11 41 32 32 14 44 14
1 33 13 41 33 33 22 11 14 22 32 33 44 11 33 32 22 11 41 22 32 44 42 44
1 22 33 41 43 32 42 11 11 33 33 22 44 44 22 33 32 41 44 32 33 11 44 11
1 23 13 44 43 33 44 11 11 33 33 22 44 44 22 33 32 44 41 33 33 11 44 11
1 22 11 44 43 33 44 11 11 33 33 23 44 44 33 33 33 41 44 33 33 11 44 11
1 23 13 11 33 32 22 14 11 32 32 23 44 44 33 33 32 11 41 32 33 44 44 14
1 23 13 41 33 33 42 11 14 22 22 23 44 41 33 33 22 41 41 32 32 14 42 44
1 23 13 11 43 32 22 14 14 32 32 23 44 41 23 32 22 11 41 22 32 44 42 14
1 22 11 41 33 33 42 11 11 33 33 22 44 44 23 33 32 44 44 33 33 14 44 11
1 22 13 44 43 32 42 11 14 32 33 23 44 41 22 32 32 41 41 32 33 14 44 14
1 23 33 11 33 32 22 11 11 32 33 23 44 44 33 33 33 41 44 22 33 11 44 14
1 22 11 44 44 33 44 11 11 33 33 22 44 44 22 33 32 44 44 33 33 11 44 11
1 22 13 44 44 33 44 11 11 33 33 22 44 44 23 33 33 44 44 33 33 11 44 14
1 23 13 41 43 22 42 11 14 22 22 23 44 11 33 33 22 11 41 32 32 14 42 14
1 23 13 41 43 33 42 11 14 22 33 23 41 44 23 33 32 11 11 22 33 14 44 14
1 22 33 41 43 33 22 14 44 22 32 33 11 41 33 32 22 41 41 22 32 14 22 14
1 33 33 11 33 22 22 14 44 22 22 33 11 11 23 22 22 11 44 22 22 44 44 44
1 33 13 41 43 33 42 14 14 32 32 23 44 41 22 32 32 41 41 32 33 14 44 11
1 23 13 41 43 33 42 11 11 33 32 23 44 44 22 33 33 11 44 32 33 11 44 14
1 23 13 44 43 32 42 11 14 32 32 23 44 41 22 33 33 41 41 32 33 11 44 11
1 22 11 44 44 33 44 11 11 33 32 22 44 44 22 33 33 44 44 33 33 11 44 11
1 22 13 44 43 33 44 11 11 32 33 22 44 41 22 33 33 41 44 33 33 11 44 11
1 23 13 44 43 32 42 14 14 32 32 23 44 41 23 33 22 41 41 32 33 11 42 14
1 23 33 11 33 32 22 11 14 22 32 33 44 41 33 33 22 11 41 22 33 14 42 44
1 22 13 41 43 33 44 11 11 32 33 23 41 44 22 33 22 11 41 32 33 11 44 14
1 22 33 44 33 33 22 11 11 33 33 22 41 44 22 33 33 41 41 32 33 11 44 14
1 22 13 44 43 33 42 11 11 32 33 22 44 44 22 33 32 44 44 33 33 11 44 14
1 23 13 44 44 33 42 11 11 32 32 23 44 41 23 33 32 41 44 33 33 14 44 11
1 22 11 44 44 33 42 11 11 33 33 22 44 44 23 33 33 41 44 22 33 11 44 11
1 23 13 41 43 33 42 11 14 33 32 22 44 44 23 32 32 41 41 32 32 14 44 14
1 33 33 41 33 22 22 44 14 22 22 33 11 11 33 22 22 11 11 22 22 44 44 14
1 22 11 44 44 33 44 11 11 33 33 22 44 44 22 33 33 44 44 33 33 11 44 11
1 23 13 44 43 32 42 11 14 32 32 22 44 44 23 32 32 41 44 32 32 14 42 14
1 23 13 41 33 32 42 14 14 32 32 23 41 41 23 32 32 11 41 32 32 14 44 14
1 22 13 44 43 22 22 11 11 32 33 23 44 44 22 33 33 41 41 32 33 14 44 11
1 22 13 41 43 33 42 11 11 33 33 23 44 41 22 33 32 11 44 22 33 11 44 11
1 23 11 44 44 33 42 11 11 33 33 22 44 41 23 33 33 44 44 32 33 11 44 14
1 22 11 44 44 33 44 11 11 33 33 22 44 44 22 33 33 44 44 33 33 11 44 11
1 22 13 44 44 33 42 11 11 33 33 22 44 44 23 33 33 44 44 32 33 11 44 11
1 23 13 44 43 33 42 11 11 32 32 23 44 41 23 33 32 41 41 32 33 14 44 14
1 22 11 41 43 32 42 14 11 32 33 22 44 44 23 32 32 44 44 32 33 11 44 11
1 22 11 44 43 33 42 11 11 32 32 23 44 44 22 33 33 44 44 33 32 11 44 11
1 23 11 44 33 33 42 11 14 32 32 23 44 41 23 33 33 41 41 32 33 11 44 44
1 22 13 41 43 32 42 14 11 32 33 23 44 41 23 33 32 41 41 32 32 14 42 14
1 22 11 44 44 33 44 11 11 33 32 22 44 44 22 33 33 44 41 32 33 11 44 11
1 23 13 41 43 33 42 11 11 33 33 23 44 44 23 32 33 41 44 32 32 11 42 14
1 23 13 41 43 32 42 14 14 32 32 23 41 41 23 32 32 41 41 32 32 14 44 14
1 23 11 41 43 33 42 11 11 33 32 23 44 44 23 33 32 41 44 22 33 11 44 14
1 22 13 41 43 32 42 11 14 32 32 22 44 41 33 33 32 41 44 32 33 11 44 11
1 23 13 41 44 33 42 11 11 33 33 22 44 44 23 33 22 41 44 32 33 11 44 11
1 22 13 41 43 33 44 14 11 33 32 23 44 44 23 33 32 41 41 33 33 11 44 14
1 23 33 41 33 32 22 11 14 32 32 33 44 41 33 32 32 11 41 32 32 14 42 14
1 23 13 41 33 33 42 14 11 32 32 23 44 41 23 32 22 41 41 33 32 14 42 14
1 22 13 44 43 33 42 11 11 33 33 23 44 41 23 33 32 44 41 32 33 11 44 11
1 22 13 41 43 33 42 11 14 32 33 23 41 44 23 33 33 41 44 32 33 11 44 14
1 33 13 41 33 32 22 14 14 32 32 23 41 41 33 22 32 11 41 22 32 44 42 14
1 23 33 41 43 33 42 11 11 32 33 22 41 41 33 33 33 41 41 32 33 14 44 14
1 22 13 41 43 32 42 11 14 32 32 23 41 44 23 32 32 41 41 32 33 14 42 11
1 22 11 41 44 33 42 11 14 33 33 23 41 44 23 33 33 41 44 32 33 11 44 14
1 23 13 41 43 32 42 11 11 32 32 33 41 41 23 33 32 41 41 32 33 14 42 14
1 23 33 41 43 32 42 14 14 32 32 23 41 41 33 33 22 41 41 32 32 14 42 14
1 23 13 41 43 32 42 11 11 32 33 23 44 41 23 32 32 41 41 32 32 14 42 14
1 23 11 44 33 33 44 11 11 32 33 22 44 41 22 33 33 41 44 32 33 11 44 44
1 23 11 41 43 32 42 11 11 32 32 23 41 41 33 32 33 41 44 22 32 14 42 14
1 22 33 44 44 32 42 11 11 33 33 22 44 44 23 33 32 44 44 33 33 11 44 11
1 22 33 44 43 33 42 11 11 32 33 23 44 41 23 33 32 11 44 22 33 44 44 14
1 23 13 44 43 32 42 11 11 33 33 23 44 41 23 33 32 41 44 32 33 14 44 14
1 23 13 44 44 32 44 11 11 32 33 23 44 44 23 32 32 44 41 32 33 11 42 11
1 22 11 44 44 33 44 11 11 33 33 22 44 44 22 33 33 44 44 33 33 11 44 11
1 22 11 44 43 33 44 11 11 32 33 22 44 44 23 33 33 44 41 33 33 11 44 14
1 23 11 41 44 32 42 11 11 33 32 23 44 41 33 32 32 11 41 32 32 14 44 11
1 23 13 41 43 32 42 11 14 22 32 33 41 44 33 33 32 11 41 32 32 14 42 11
1 23 11 44 43 32 22 11 11 32 32 22 44 44 33 33 22 11 44 22 33 14 44 11
1 23 13 41 44 32 42 11 11 33 32 33 44 44 23 33 33 11 44 33 32 11 44 11
1 22 11 44 44 33 44 11 11 33 33 22 41 44 23 33 32 41 44 32 33 11 44 11
1 22 13 44 44 33 44 11 11 33 33 22 44 44 22 33 32 44 44 33 33 11 44 14
1 33 33 41 43 32 42 11 11 32 32 23 44 41 23 33 32 11 44 32 32 14 44 14
1 22 13 11 44 32 22 11 11 33 33 23 44 11 22 33 33 11 44 32 33 14 44 44
1 23 13 11 43 33 42 11 14 32 33 23 41 41 23 33 32 41 41 22 32 14 44 11
1 22 13 41 43 33 22 11 11 33 32 23 44 44 23 33 33 44 44 32 33 11 44 11
1 23 13 41 43 33 44 11 11 33 33 22 44 44 23 33 33 41 44 33 33 11 44 14
1 23 13 41 43 32 42 11 14 33 22 23 41 41 23 32 32 11 41 32 32 11 44 14
1 23 13 41 44 33 42 11 11 32 32 22 44 41 23 32 33 41 44 33 32 11 44 44
1 23 11 44 44 33 42 11 11 33 33 23 44 44 23 33 33 41 41 32 33 14 44 11
1 22 13 41 33 33 42 14 11 32 22 23 44 44 23 33 32 11 44 33 33 11 44 44
1 22 11 44 43 33 44 11 11 33 33 22 41 44 22 33 33 41 44 32 33 11 44 11
1 33 13 41 33 32 22 11 14 33 32 33 44 41 23 22 22 11 41 22 32 44 42 44
1 23 11 41 43 33 44 11 14 33 33 22 44 41 22 33 33 44 44 33 32 14 44 11
1 22 11 44 44 33 44 11 11 33 33 23 44 44 22 33 32 44 44 33 33 11 44 44
1 23 13 41 43 32 22 14 14 32 32 23 44 44 23 32 32 41 41 22 32 14 44 14
1 33 33 11 43 32 22 44 14 22 22 23 41 11 33 33 22 11 11 22 22 44 22 14
1 22 13 44 43 32 44 11 14 32 32 22 44 44 22 33 33 41 44 32 32 11 44 11
1 22 11 44 44 33 44 11 11 33 32 22 44 41 22 33 33 41 44 33 33 11 44 14
1 22 11 44 43 32 44 11 11 32 33 22 44 44 23 33 32 41 44 32 33 14 44 14
1 22 13 41 44 33 42 11 14 32 22 23 44 44 23 33 32 41 44 32 32 11 44 14
1 33 33 41 33 32 42 11 11 32 32 23 44 41 23 33 32 11 11 32 32 14 42 14
1 22 13 44 33 33 42 11 11 32 33 22 44 44 22 33 33 44 44 33 33 11 44 11
1 23 33 41 43 32 42 11 14 33 32 23 44 44 23 32 22 41 44 22 32 14 42 14
1 33 33 11 33 32 42 14 14 22 33 33 44 41 33 32 22 44 11 22 33 14 44 14
1 23 13 41 43 33 42 11 11 33 33 22 44 44 22 33 32 44 41 32 33 14 44 14
1 22 11 44 44 33 44 11 11 33 33 22 44 44 22 33 33 44 44 33 33 14 44 11
1 33 33 41 33 22 42 14 14 22 33 33 41 44 33 33 32 41 41 22 33 14 42 14
1 22 11 44 44 33 44 11 11 33 33 22 44 44 22 33 33 44 44 33 33 11 44 11
1 22 11 44 44 33 44 11 11 33 33 22 44 44 23 33 32 41 44 33 32 11 44 11
1 22 11 44 43 33 44 14 11 32 32 23 41 41 23 33 32 41 41 22 32 11 44 14
1 22 11 44 44 33 44 11 11 33 33 22 44 44 22 33 33 44 44 33 33 11 44 11
1 33 13 41 43 32 22 11 14 33 22 23 41 44 23 32 22 11 44 32 33 14 44 11
1 22 11 44 44 33 44 11 11 33 33 22 44 41 23 33 33 41 44 33 33 11 44 14
1 23 11 44 43 32 44 11 14 33 32 22 44 41 22 33 32 41 44 32 33 11 44 11
1 23 13 44 43 33 44 11 14 32 32 23 44 41 33 33 32 44 41 32 32 11 44 11
1 22 13 11 43 32 22 11 11 32 32 33 44 44 33 33 32 41 44 22 33 14 44 44
1 23 11 41 43 32 42 11 11 32 33 23 44 44 23 33 32 11 41 32 32 14 44 14
1 22 13 44 43 33 44 14 11 33 33 22 44 44 23 33 32 41 44 33 33 14 44 11
1 23 11 41 43 33 22 11 11 22 22 33 44 41 33 32 22 11 41 22 33 14 44 14
1 23 33 41 43 32 42 14 14 32 22 23 41 41 23 32 32 41 41 22 32 14 22 14
1 23 13 44 44 33 42 11 14 32 33 22 44 11 33 33 32 41 44 32 32 14 44 11
1 23 13 41 43 32 42 11 11 32 32 23 44 44 23 32 22 41 44 32 32 14 42 14
1 22 11 41 43 32 42 11 11 32 33 22 41 44 23 33 32 41 44 32 33 11 44 14
1 23 13 44 43 32 42 11 11 33 32 23 41 44 22 32 33 41 44 32 32 11 44 14
1 22 13 41 44 33 42 11 11 33 32 22 44 44 23 33 32 11 44 33 33 11 44 14
1 22 11 41 44 33 44 11 11 33 33 22 44 44 23 32 32 41 44 33 33 11 42 11
1 22 13 44 43 33 42 11 14 22 33 23 44 41 23 33 32 11 44 22 32 14 44 11
1 22 13 41 33 32 22 11 11 33 32 23 44 41 23 33 32 44 44 22 33 14 44 11
1 22 11 41 43 33 44 11 11 33 33 23 44 44 22 33 32 41 44 32 33 11 44 14
1 22 13 41 44 33 44 11 11 32 33 22 44 44 22 33 32 44 44 33 33 14 44 11
1 22 11 44 33 33 44 11 11 33 33 22 44 44 33 33 33 41 44 32 33 11 44 11
1 22 11 44 44 33 44 11 11 33 33 22 44 44 22 33 33 44 44 33 33 11 44 11
1 22 13 41 33 32 22 11 11 33 32 23 44 44 23 33 32 41 44 32 32 11 42 44
1 23 33 11 33 33 22 11 11 22 32 23 41 41 33 32 22 41 41 32 32 44 44 14
1 23 11 44 43 33 42 11 11 33 32 22 44 44 23 33 32 44 41 32 32 11 44 11
1 23 13 44 43 33 44 11 11 32 33 23 44 44 23 33 32 41 41 32 33 14 42 14
1 33 33 11 33 32 22 14 44 32 22 33 44 11 33 22 22 11 41 22 22 14 22 44
1 22 11 44 44 33 44 11 11 33 33 22 44 44 22 33 33 44 44 33 33 11 44 11
1 33 33 11 33 22 22 14 14 22 32 33 41 41 33 32 32 11 11 22 32 44 42 14
1 22 11 44 44 33 42 11 11 33 33 22 44 44 22 33 32 44 44 33 33 11 44 11
1 23 13 11 33 32 22 14 11 32 32 33 44 41 23 32 22 41 11 22 32 14 42 11
1 23 11 44 43 32 44 11 11 33 33 22 44 44 22 33 33 44 41 32 33 11 44 14
1 23 33 11 33 22 22 14 44 32 22 23 41 41 33 32 32 41 41 32 32 14 44 44
1 23 13 44 43 32 42 11 14 32 33 22 44 44 22 33 32 41 41 33 33 14 42 11
1 22 11 41 44 33 44 11 11 33 33 23 44 44 22 33 33 44 44 33 33 11 44 11
1 23 13 41 43 33 42 11 14 32 22 33 41 41 23 33 32 11 41 32 33 14 42 14
1 23 13 44 43 32 42 11 14 32 32 23 44 44 33 32 32 41 11 33 33 11 44 11
1 22 11 44 43 33 44 11 11 32 33 23 44 41 22 33 33 41 44 33 33 11 44 11
1 22 11 41 43 33 42 11 11 32 32 23 44 41 23 33 33 41 44 33 33 11 44 11
1 23 13 41 43 33 42 14 14 33 32 23 44 41 23 33 22 11 41 32 33 11 42 14
1 33 13 41 43 33 42 11 14 32 22 23 41 44 23 33 33 41 41 32 33 14 42 14
1 22 13 44 44 32 42 11 11 33 33 22 44 44 22 32 33 44 44 22 33 14 44 11
1 22 11 44 33 32 44 11 11 33 33 23 44 44 23 33 32 41 41 32 33 11 44 14
1 23 13 44 44 33 44 11 11 32 33 22 44 44 23 33 32 44 41 32 33 11 44 11
1 22 13 11 44 33 22 11 44 32 32 23 44 41 23 33 22 11 44 22 33 11 44 14
1 23 13 11 43 33 42 11 14 32 33 33 41 11 33 33 33 44 41 33 32 11 44 44
1 22 13 44 44 33 42 14 11 32 33 22 44 44 23 33 32 44 44 32 33 14 44 11
1 23 13 44 43 32 42 11 11 32 33 23 44 41 23 33 32 41 41 32 32 14 44 14
1 23 11 41 33 33 44 11 14 32 33 23 41 44 33 33 32 41 41 32 33 11 44 14
1 22 13 44 43 33 44 11 14 33 32 23 44 44 23 33 32 41 41 22 33 11 44 44
1 33 33 41 43 32 42 11 14 32 22 22 44 41 23 33 22 11 41 32 32 14 44 44
1 23 33 41 33 32 42 14 14 22 32 33 11 41 33 22 22 11 41 22 22 44 42 44
1 23 13 41 43 22 42 11 14 33 32 33 44 41 23 32 32 11 44 32 33 14 44 14
1 22 11 44 33 33 44 14 14 32 33 33 44 44 23 33 32 11 44 32 33 11 44 14
1 23 13 41 33 32 42 14 14 32 32 23 41 41 33 32 32 41 41 22 32 14 42 14
1 22 11 44 43 33 42 11 11 33 33 23 44 44 22 33 33 44 44 32 33 11 44 11
1 22 11 44 43 33 44 11 11 32 33 22 44 41 23 33 32 41 44 33 33 11 44 11
1 33 33 41 33 22 22 44 14 22 22 22 44 44 33 32 22 11 41 22 32 14 44 14
1 22 13 41 44 33 44 11 11 33 33 23 44 44 22 33 32 44 41 32 33 11 44 11
1 33 13 41 33 32 22 44 44 22 22 33 41 11 33 33 22 11 11 22 22 44 22 44
1 23 11 44 44 33 44 11 11 33 33 22 44 44 23 33 33 44 44 32 33 11 44 11
1 23 13 41 43 32 42 11 11 32 33 23 41 41 23 32 32 41 41 32 33 14 44 14
1 33 13 11 43 33 22 11 14 32 32 23 44 11 23 32 22 11 41 22 22 14 44 14
1 22 13 41 33 33 42 11 11 33 33 23 44 44 33 33 32 41 44 32 32 11 44 14
1 23 13 41 43 33 42 11 11 32 32 23 44 44 23 32 33 41 44 33 32 11 44 11
1 23 11 44 43 32 42 11 14 32 33 23 44 44 23 33 32 44 44 32 33 14 44 11
1 23 13 11 43 32 42 14 14 22 32 23 41 41 33 32 22 41 44 22 32 14 42 14
1 23 33 11 43 32 22 14 14 32 22 33 41 11 23 33 22 11 41 22 33 14 42 14
1 23 13 41 43 33 42 11 11 33 32 23 44 44 22 33 32 44 44 32 33 14 42 44
1 23 13 41 43 33 42 14 11 32 32 22 41 41 23 32 32 41 41 32 33 14 42 14
1 22 13 41 43 32 42 11 11 33 32 22 41 44 23 33 33 41 44 32 32 14 44 11
1 33 13 41 43 33 42 14 14 32 32 23 41 41 33 32 22 41 41 22 32 14 42 14
1 23 13 44 43 32 42 11 11 33 32 33 44 41 23 33 32 41 44 32 32 11 42 14
1 22 11 44 44 33 44 11 11 33 32 22 44 44 23 32 33 44 44 33 33 11 44 11
1 22 13 41 43 32 44 11 11 33 33 23 44 44 23 33 32 11 11 22 33 11 44 14
1 22 13 41 33 32 44 11 11 32 32 22 41 41 23 33 32 11 41 32 33 14 44 14
1 22 13 44 43 33 44 11 11 32 33 22 44 44 23 33 32 44 44 32 33 14 44 11
1 23 13 44 33 33 42 11 11 32 32 22 41 44 22 33 22 11 44 32 33 11 44 11
1 22 11 41 43 33 44 11 11 32 33 23 44 44 22 33 32 41 44 32 33 14 44 11
1 22 11 44 44 33 44 11 11 33 33 22 44 44 22 33 33 44 44 32 33 14 44 11
1 33 33 41 43 32 22 44 44 32 22 33 41 41 33 32 32 41 41 22 32 44 42 44
1 22 11 44 44 33 42 11 11 33 33 23 44 44 22 33 33 44 44 33 33 11 44 11
1 22 13 44 43 33 42 11 11 33 32 23 44 44 22 33 22 41 44 32 33 11 42 11
1 22 11 44 44 33 44 11 11 33 32 23 44 44 23 33 33 44 44 33 32 11 44 11
1 23 13 41 43 32 42 11 14 32 33 23 44 41 23 33 22 41 44 32 33 14 42 14
1 22 11 44 44 33 42 11 11 33 32 22 44 44 22 33 32 44 44 33 33 11 44 11
1 23 13 41 43 32 42 14 14 32 33 23 44 44 22 33 32 41 41 32 33 14 44 14
1 33 33 11 33 22 22 14 44 22 32 23 11 11 33 22 22 11 11 22 22 14 22 44
1 23 33 41 33 33 22 14 14 22 32 33 44 44 23 22 32 41 44 22 33 14 42 44
1 22 13 44 44 32 42 11 11 33 32 22 44 44 22 33 33 41 44 33 32 14 44 11
1 22 13 41 43 33 44 11 11 32 33 23 44 41 23 33 33 41 44 32 33 14 44 11
1 23 11 44 44 33 44 11 14 32 32 23 44 44 22 33 32 44 41 32 32 11 44 11
1 33 33 41 43 33 42 14 44 22 32 23 11 11 33 22 32 11 41 22 22 44 42 14
1 22 11 44 43 33 44 11 11 33 32 22 44 44 22 33 32 11 44 32 33 11 44 14
1 22 11 44 43 33 42 14 11 33 33 22 44 41 23 33 33 41 44 33 33 11 44 11
1 22 13 41 43 32 42 11 11 32 32 23 41 41 23 32 33 41 41 32 32 14 42 14
1 22 13 44 44 33 44 11 11 33 33 22 44 41 22 33 33 41 44 33 33 11 44 11
1 23 13 44 44 33 42 14 14 33 32 22 41 44 33 33 32 41 11 32 32 14 44 11
1 23 11 44 44 33 42 11 11 33 33 22 41 44 22 33 33 44 44 32 33 11 44 11
1 33 33 11 33 32 42 11 14 32 32 33 41 41 33 22 32 11 41 32 33 14 44 14
1 23 13 41 44 33 44 11 11 33 33 22 44 44 23 33 33 44 44 32 33 14 44 14
1 33 33 11 33 22 42 44 44 22 32 23 41 41 33 32 22 11 11 22 22 11 42 44
1 22 13 44 44 33 44 11 11 33 32 33 44 44 23 33 33 41 44 33 33 11 44 14
1 22 13 41 33 32 42 11 14 32 22 33 44 41 33 32 32 41 41 22 33 44 44 14
1 23 13 41 43 32 42 11 14 32 32 23 41 41 23 33 32 41 41 32 32 14 42 14
1 33 33 41 33 33 22 14 14 22 32 23 44 11 33 33 32 11 41 22 22 14 44 44
1 22 13 44 43 33 44 11 11 33 33 33 44 44 23 33 32 44 44 33 33 14 44 11
1 22 11 44 44 33 44 11 11 33 33 22 44 44 22 33 33 41 44 33 33 11 44 11
1 22 11 44 43 33 44 11 11 33 33 23 44 44 22 33 33 44 44 33 33 11 44 11
1 22 11 44 43 33 42 11 11 33 33 23 44 44 22 33 33 11 44 32 33 11 44 14
1 23 13 41 44 32 42 14 14 32 32 23 41 41 23 32 32 41 41 32 32 14 42 14
1 23 33 44 33 32 42 11 14 32 33 23 41 44 23 33 32 11 41 22 32 14 42 14
1 23 13 41 43 32 42 11 11 32 32 23 41 44 22 33 32 44 41 32 33 14 44 14
1 22 13 44 44 33 44 11 11 33 33 23 44 44 22 33 33 41 44 33 33 11 44 11
1 22 13 44 44 33 42 11 11 32 32 33 44 44 23 33 32 44 41 32 33 14 44 14
1 22 11 41 44 33 22 14 11 33 32 23 41 44 22 33 33 41 44 32 32 14 44 11
1 22 13 44 43 33 42 11 11 32 32 23 44 41 23 33 32 41 44 33 33 14 44 14
1 22 11 44 43 33 44 11 14 22 32 23 44 44 23 33 32 44 44 33 32 11 44 11
1 23 13 41 43 32 42 14 14 32 32 23 41 41 23 32 32 41 41 32 32 14 42 14
1 23 13 41 33 32 42 11 11 32 32 23 44 44 23 32 32 11 41 22 32 14 44 14
1 23 13 44 33 33 22 11 11 33 32 22 44 44 23 33 33 44 44 32 32 11 44 14
1 23 11 44 33 32 22 44 14 22 33 22 41 44 33 33 22 11 41 22 22 14 44 14
1 23 11 44 44 32 44 11 11 32 32 33 44 41 33 33 33 41 44 32 33 11 42 11
1 22 11 44 44 33 42 11 11 32 33 22 44 44 23 33 32 41 44 33 33 11 44 11
1 33 33 41 33 32 42 11 11 32 22 33 41 41 33 33 32 11 44 32 33 14 44 14
1 23 11 44 44 33 44 11 11 33 33 22 44 44 22 33 33 44 44 33 33 11 44 11
1 23 13 41 43 33 44 11 11 33 33 23 44 44 33 33 32 44 44 22 33 11 44 11
1 23 13 41 44 32 42 11 11 33 32 23 44 44 23 32 33 44 44 32 33 14 44 14
1 33 33 44 43 32 42 11 11 32 32 23 41 41 33 32 22 41 41 22 32 14 44 11
1 23 11 44 44 32 44 14 14 33 33 23 44 44 22 32 32 11 41 22 33 11 44 11
1 33 33 41 43 33 22 14 14 22 22 33 44 41 33 32 22 11 44 22 32 14 22 14
1 22 13 41 43 32 44 11 11 32 33 23 44 41 23 32 32 41 44 32 32 11 44 14
1 23 11 44 43 32 44 11 11 32 33 22 44 44 33 32 33 41 44 32 32 14 44 14
1 23 13 41 33 32 42 11 14 32 32 23 44 41 23 32 33 44 44 33 33 11 44 14
1 23 13 11 33 32 22 44 44 22 32 33 41 41 33 32 32 11 11 22 32 44 42 44
1 23 33 11 43 32 42 14 44 33 32 23 44 44 23 33 32 41 41 22 32 44 44 14
1 23 33 41 43 22 22 14 44 32 32 23 41 11 23 32 32 41 11 32 32 14 42 14
1 22 11 44 44 33 22 11 14 33 33 22 44 44 23 33 32 41 44 32 33 11 44 14
1 22 13 44 44 33 44 11 11 33 22 22 44 44 23 33 33 44 44 33 33 11 44 11
1 33 13 41 33 32 22 14 44 32 22 33 41 11 33 32 32 11 11 22 32 44 42 14
1 33 13 41 33 32 42 14 14 33 33 23 44 41 23 33 22 11 41 22 22 14 42 11
1 22 33 44 43 32 42 11 11 32 32 23 44 44 22 33 22 11 41 22 33 11 44 11
1 33 11 44 44 33 44 11 11 33 33 22 44 44 23 33 32 41 44 33 33 14 44 14
1 23 33 44 43 32 22 11 11 32 32 33 44 41 22 33 32 41 44 32 32 14 42 11
1 22 11 44 44 33 42 11 11 33 32 22 44 44 22 33 32 44 44 33 33 11 44 11
1 22 11 41 43 33 44 11 11 32 33 23 44 44 22 33 33 44 44 33 33 11 44 11
1 22 13 11 33 33 22 11 14 32 32 23 44 41 23 33 33 41 44 22 33 11 44 11
1 22 13 44 44 33 42 11 11 33 33 22 44 41 23 33 32 41 44 33 33 11 44 14
1 22 11 44 44 33 42 11 11 32 33 22 44 44 23 33 33 44 44 32 33 14 44 14
1 23 33 11 33 22 22 11 14 22 22 33 41 41 33 32 32 11 11 22 22 44 22 44
1 23 13 44 43 22 22 14 14 22 32 33 44 44 33 32 32 11 41 32 32 14 44 44
1 23 11 41 43 33 42 11 11 33 32 22 41 44 23 33 32 41 41 32 33 11 44 14
1 22 11 44 44 33 44 11 11 32 33 22 44 44 22 33 33 41 44 33 33 11 44 11
1 23 33 41 33 33 22 11 14 22 32 23 41 44 33 32 32 41 41 33 33 11 42 44
1 22 11 44 44 33 44 11 11 33 33 22 44 44 22 33 33 44 44 33 33 11 44 11
1 23 11 44 33 33 42 11 14 32 32 23 44 44 22 33 32 44 41 33 33 11 44 11
1 23 13 41 43 33 42 11 14 32 32 23 44 44 23 33 33 44 41 32 32 11 42 14
1 33 13 44 43 32 42 14 11 22 33 23 44 44 22 33 32 41 44 22 33 14 44 11
1 22 13 44 44 33 42 11 11 33 33 23 44 44 22 33 32 41 44 32 33 11 44 11
1 33 33 41 43 22 42 11 14 22 32 33 41 11 33 33 32 11 41 32 33 14 22 14
1 23 13 41 43 32 42 14 14 32 32 22 41 41 23 32 32 41 41 32 33 14 44 14
1 23 13 44 43 32 42 11 11 32 32 23 44 41 23 33 32 44 41 32 32 14 42 14
1 23 13 41 43 32 22 14 14 32 32 23 41 41 23 32 32 11 41 22 32 14 42 14
1 23 13 41 33 32 22 11 14 22 33 23 44 41 23 33 32 11 41 22 33 44 44 14
1 23 11 41 33 32 22 11 14 32 33 23 41 41 33 32 22 41 41 32 32 11 42 11
1 22 11 41 44 33 42 11 14 33 32 22 44 44 23 33 32 41 41 33 33 11 44 14
1 22 11 44 44 33 44 11 14 33 33 22 44 44 22 33 32 44 44 32 32 14 44 11
1 23 13 41 33 32 22 14 14 32 32 23 41 11 23 32 32 11 41 22 32 14 42 44
1 23 13 41 43 32 42 11 14 33 32 23 41 11 23 32 32 11 41 22 22 14 44 14
1 23 13 41 43 32 42 14 14 32 32 22 41 44 23 32 32 41 41 32 32 14 44 14
1 23 13 41 43 32 22 14 11 32 32 33 41 11 33 33 22 41 41 22 32 14 44 14
1 22 13 44 43 33 42 11 14 32 33 23 44 41 22 32 33 41 41 32 33 14 42 11
1 23 13 41 43 32 22 14 14 32 32 23 44 44 33 33 32 11 41 22 33 14 42 14
1 22 13 41 43 33 42 11 11 33 32 23 41 44 23 33 32 41 44 32 33 11 44 11
1 33 33 44 43 32 42 11 11 32 22 33 41 41 23 33 32 41 41 22 32 14 42 14
1 22 13 44 43 33 44 11 11 32 33 22 41 44 22 33 33 41 44 22 33 11 44 14
1 22 13 44 44 33 44 11 11 33 33 23 44 44 22 33 33 41 44 32 33 11 44 11
1 23 13 41 43 32 42 14 14 32 32 23 44 41 23 32 32 41 41 32 32 14 42 14
1 23 33 44 43 22 42 11 14 33 32 33 44 11 33 33 32 11 41 32 22 11 42 11
1 23 13 41 43 33 42 11 14 32 32 23 41 41 23 32 32 41 41 32 33 14 42 14
1 23 13 41 33 32 22 11 14 32 32 23 44 41 33 32 22 41 41 32 32 14 42 14
1 22 13 44 44 33 44 11 11 32 33 22 44 41 23 33 33 44 44 33 33 11 44 14
1 23 33 41 43 32 42 14 14 32 32 23 41 41 33 32 22 41 41 32 32 14 42 14
1 33 13 41 43 32 42 11 14 32 33 23 44 41 23 33 32 11 41 32 32 44 42 11
1 23 13 44 43 33 44 14 14 32 33 23 44 44 23 33 32 41 41 33 33 11 42 11
1 22 13 44 43 33 44 11 11 33 33 22 44 44 23 33 33 44 44 32 33 11 44 11
1 22 11 44 44 33 44 11 11 33 33 22 44 44 22 33 33 44 44 33 33 11 44 14
1 22 13 41 43 22 42 11 11 33 33 33 44 44 22 33 32 11 44 22 32 11 44 14
1 22 13 41 44 32 42 11 11 33 33 22 44 44 33 33 32 41 44 33 33 14 44 11
1 23 13 41 43 33 42 14 14 32 32 23 41 44 23 32 32 41 41 32 32 14 44 14
1 23 13 44 43 32 44 11 11 33 33 23 41 44 23 32 32 41 44 22 33 11 42 14
1 22 13 44 43 32 42 11 14 32 32 33 41 41 33 32 32 41 44 32 33 14 44 11
1 22 13 41 43 32 42 11 14 32 32 23 44 41 33 32 32 41 11 33 33 14 42 14
1 22 11 44 33 32 22 11 11 32 33 22 44 11 33 33 32 11 11 33 33 44 44 14
1 23 33 11 43 32 22 11 14 22 32 33 44 41 22 33 32 11 44 22 33 14 44 14
1 23 11 44 44 33 42 11 11 33 33 22 44 44 22 32 32 44 44 32 33 11 44 44
1 33 13 41 44 33 22 11 14 33 33 23 41 44 23 33 33 11 44 32 33 11 42 14
1 22 11 44 43 33 44 11 11 32 33 22 44 44 22 33 32 41 44 33 33 11 44 11
1 33 33 11 43 32 22 11 44 32 22 33 44 11 33 32 22 11 11 22 22 44 42 44
1 23 11 41 44 33 42 11 11 32 32 22 44 44 33 33 32 41 41 32 32 11 42 14
1 22 11 44 43 33 42 11 11 33 33 22 44 44 22 33 33 44 44 33 33 11 44 11
1 23 33 11 33 32 22 11 44 22 22 33 44 11 33 22 22 11 11 32 32 44 42 44
1 23 13 11 43 22 42 11 14 32 22 22 44 41 23 32 22 44 44 32 33 11 44 11
1 23 13 41 43 32 42 11 14 32 33 23 41 44 23 33 32 41 44 32 33 11 44 14
1 23 11 44 44 33 42 11 11 33 33 22 44 44 22 33 33 41 44 33 33 11 44 11
1 23 13 41 43 32 42 11 11 33 33 22 44 41 22 33 32 41 41 32 32 11 44 11
1 22 11 11 43 33 22 11 11 32 32 23 44 44 23 32 22 11 41 22 22 44 44 14
1 23 13 41 43 32 42 11 11 32 33 22 41 44 23 33 32 41 44 32 33 14 44 14
1 23 13 41 44 32 42 11 11 33 33 23 41 41 23 33 32 11 44 32 33 11 44 11
1 22 13 44 33 33 22 11 11 32 32 33 41 44 33 33 32 41 41 33 33 11 44 14
1 22 13 41 43 33 44 11 11 33 33 22 44 44 23 33 33 44 44 32 33 11 44 11
1 22 11 44 44 33 42 11 11 33 32 23 44 44 23 33 32 41 44 33 33 11 44 11
1 23 13 41 43 33 42 11 11 32 32 23 41 41 23 32 32 41 41 32 32 14 42 14
1 23 13 11 33 32 22 14 14 32 32 23 41 41 23 32 22 41 41 32 33 14 42 14
1 23 13 41 33 33 42 14 14 22 33 33 44 44 22 33 22 11 41 22 33 14 42 11
1 22 11 44 43 33 42 11 14 32 32 23 44 44 22 33 32 11 44 32 32 14 44 14
1 22 13 44 44 33 44 11 11 33 32 22 44 44 22 32 33 44 44 32 33 11 44 11
1 22 13 41 33 33 44 11 14 32 22 33 44 41 33 22 33 11 41 32 33 14 44 44
1 22 11 44 44 33 44 11 11 33 33 22 44 44 22 33 33 44 44 33 33 11 44 11
1 33 13 11 33 33 22 11 11 32 32 33 41 44 23 33 32 44 41 32 33 14 42 14
1 33 13 44 43 33 22 11 11 32 32 23 41 44 23 33 32 44 44 32 33 14 44 11
1 23 33 41 33 32 42 14 44 32 32 23 11 41 33 33 32 41 41 32 32 14 44 14
1 22 11 44 44 32 44 11 11 33 33 22 44 44 22 33 33 44 44 32 33 11 44 11
1 23 33 44 43 32 22 11 14 32 32 22 44 44 33 33 33 41 41 22 33 14 44 11
1 23 11 41 43 32 44 11 14 32 32 33 44 44 23 33 33 41 44 32 32 14 44 11
1 22 11 41 44 33 44 11 11 33 33 22 44 44 22 33 33 41 44 22 33 11 44 14
1 33 13 44 33 22 22 11 14 32 33 23 44 44 22 33 32 41 41 22 33 11 44 44
1 22 11 41 43 32 22 11 11 32 32 23 44 41 23 32 22 11 41 22 32 14 44 14
1 23 33 41 43 32 22 14 14 32 32 33 44 41 23 32 22 11 41 32 32 14 44 14
1 22 11 44 44 32 44 11 11 33 33 22 44 44 33 33 32 41 44 33 32 14 44 14
1 22 11 41 44 33 44 11 11 33 33 22 44 44 22 33 33 44 44 33 33 11 44 11
1 23 11 11 43 32 42 11 14 22 33 23 44 44 23 33 32 41 44 22 33 11 44 14
1 22 13 41 33 33 42 14 14 32 22 33 41 44 23 32 22 11 41 32 32 14 44 44
1 22 13 44 33 33 42 11 14 32 32 23 41 41 23 32 32 41 41 32 32 11 44 11
1 23 13 41 44 32 44 11 11 32 33 23 44 44 23 32 32 41 44 33 33 14 44 11
1 22 13 41 43 32 42 11 14 33 32 23 44 41 23 33 32 41 41 32 32 11 44 14
1 23 13 41 43 22 22 14 44 22 22 33 41 41 33 32 32 11 41 22 32 14 42 44
1 23 13 41 43 33 42 14 11 32 32 22 44 44 23 33 33 41 41 32 33 11 42 14
1 22 11 41 44 33 44 11 11 33 33 22 44 44 22 33 33 44 44 33 33 11 44 11
1 22 33 44 44 33 42 11 14 33 22 33 41 44 23 32 33 44 41 32 33 14 44 11
1 22 11 44 44 33 42 11 14 32 33 22 44 41 23 33 32 44 44 33 33 11 44 11
1 22 13 11 33 32 42 14 14 22 22 33 41 44 33 33 22 11 11 32 32 44 44 14
1 23 33 11 33 32 22 11 11 22 22 33 44 41 23 33 22 11 44 22 32 11 44 14
1 22 11 44 44 33 44 11 11 33 33 23 44 44 22 33 33 11 41 32 33 11 44 11
1 22 11 44 43 33 22 11 11 33 33 23 44 44 23 33 32 11 44 32 33 44 44 44
1 23 13 41 43 33 44 11 14 33 33 22 44 41 23 33 32 41 44 22 32 11 44 14
1 22 11 44 43 33 44 11 11 33 33 22 44 44 22 33 33 44 44 33 33 11 44 11
1 22 11 44 44 33 44 11 11 32 33 22 44 44 22 33 33 44 44 33 33 11 44 11
1 22 11 44 44 33 44 11 11 33 33 22 44 44 22 33 33 44 44 33 33 11 44 11
1 22 11 44 43 33 44 11 11 33 33 22 44 41 23 33 33 41 44 32 33 14 44 14
1 22 13 44 43 32 44 11 14 32 33 23 41 44 33 33 22 41 44 32 32 11 44 14
1 23 13 41 43 33 22 11 14 32 32 23 44 11 23 33 32 41 44 32 32 14 44 14
1 22 13 44 43 32 42 11 14 32 32 23 41 44 23 32 32 41 41 32 33 14 42 14
1 22 11 44 44 33 44 11 11 33 33 22 44 44 22 33 33 44 44 33 33 11 44 11
1 23 13 41 43 32 22 14 11 32 32 33 41 41 23 33 32 41 41 22 32 14 42 44
1 22 11 44 44 33 44 11 11 32 33 22 44 44 22 33 32 41 44 33 32 11 44 14
1 23 13 41 43 33 42 11 14 32 32 23 41 44 23 33 32 41 44 32 32 14 42 14
1 22 13 44 44 33 44 11 11 33 33 22 44 44 23 33 32 41 44 32 33 11 44 11
1 33 33 41 33 22 22 11 14 33 22 33 44 41 33 32 22 41 41 22 33 11 44 14
1 22 11 44 43 33 44 11 11 33 33 22 44 44 23 33 33 41 44 33 33 11 44 11
1 23 13 44 43 32 42 14 14 32 32 23 41 44 23 32 32 41 41 32 33 14 42 14
1 23 13 41 43 32 42 11 11 32 32 23 41 41 23 32 33 41 41 32 32 14 42 14
1 33 13 41 43 32 42 11 44 32 32 23 41 41 33 32 32 41 41 22 33 14 44 14
1 22 13 44 44 32 44 11 11 33 32 22 44 44 22 32 33 44 44 33 33 11 44 11
1 23 13 44 43 32 42 11 11 32 33 22 44 44 23 33 33 44 44 32 33 14 42 14
1 22 11 41 44 33 42 11 11 33 33 22 44 44 22 33 33 41 44 33 33 11 44 11
1 22 33 41 43 22 42 14 11 32 32 23 44 41 23 32 22 11 44 22 32 44 42 44
1 22 13 44 33 33 42 14 11 32 33 23 44 44 22 33 33 44 44 32 33 14 44 14
1 23 13 41 33 33 42 11 14 32 32 23 44 44 33 33 32 44 41 32 32 14 44 14
1 22 11 44 43 33 22 11 11 32 32 23 44 41 23 33 32 44 44 32 32 14 44 14
1 22 13 44 44 33 42 11 14 32 33 22 44 44 23 33 33 41 44 33 33 11 44 11
1 22 11 44 44 33 42 11 11 33 33 22 44 44 23 32 33 41 41 32 33 11 44 14
1 23 13 11 43 33 22 11 11 33 32 22 44 44 23 33 32 44 41 32 33 11 42 11
1 22 33 44 43 32 42 11 11 33 32 23 44 41 23 33 22 44 44 32 33 11 44 11
1 23 13 44 44 33 44 11 11 33 33 22 44 44 22 33 33 44 44 33 33 11 44 11
1 23 13 11 33 32 22 11 14 32 22 23 44 41 23 33 22 41 44 22 33 14 44 14
1 33 13 41 33 33 22 11 11 32 32 22 41 41 23 32 32 11 41 22 32 11 44 14
1 23 13 44 33 33 42 11 14 22 32 33 41 41 22 33 22 41 44 32 32 14 44 14
1 23 13 41 43 32 42 14 14 32 32 33 41 41 23 32 32 41 41 32 32 14 42 14
1 22 11 44 44 33 44 11 11 33 33 22 44 44 22 33 33 44 44 32 33 11 44 11
1 23 13 41 43 32 42 11 14 32 32 23 41 41 23 33 32 41 41 32 32 14 42 14
1 23 33 41 33 33 42 11 14 32 33 23 41 41 23 32 22 41 41 32 32 14 42 14
1 22 13 44 43 32 42 14 14 32 32 23 41 41 23 32 32 41 41 32 33 14 44 14
1 23 13 41 43 32 42 14 14 32 32 23 41 11 23 32 32 41 41 32 32 14 42 14
1 23 33 44 43 32 42 11 14 32 33 23 44 41 33 32 22 41 44 32 33 14 44 44
1 23 11 41 43 32 42 11 14 32 32 23 44 41 23 33 22 41 41 32 33 14 42 14
1 22 13 44 44 32 22 11 14 33 32 22 44 44 22 33 33 41 41 32 32 11 44 14
1 23 13 44 43 33 42 11 14 32 32 23 41 41 23 32 32 41 41 32 32 11 42 14
1 33 33 11 33 33 22 11 14 22 22 33 41 11 23 32 22 41 11 22 32 14 44 44
1 22 13 41 43 32 42 11 14 32 32 22 41 44 33 33 33 11 41 32 33 14 42 14
1 33 33 41 33 22 22 14 14 22 32 33 41 41 23 32 22 11 41 22 32 14 42 44
1 33 33 11 33 32 22 11 11 22 22 33 44 11 33 33 22 11 41 32 33 14 42 14
1 23 13 11 43 33 42 11 11 32 33 23 44 44 33 33 33 41 44 32 33 11 44 14
1 22 13 41 33 33 42 11 11 22 33 23 44 44 33 32 33 44 44 32 33 14 44 11
1 22 11 44 44 33 42 11 11 32 32 22 44 44 23 33 33 44 44 33 33 11 44 11
1 22 13 44 44 32 44 11 11 33 32 23 44 44 22 33 32 44 44 33 33 11 44 11
1 22 11 44 44 33 44 11 11 33 32 23 44 44 23 33 32 41 41 32 33 14 44 11
1 23 13 11 33 22 22 14 14 22 22 33 41 11 33 22 22 11 11 22 32 44 22 44
1 33 33 11 43 32 22 11 14 32 32 33 44 44 23 33 32 11 41 32 22 14 44 14
1 23 33 41 43 32 22 14 44 22 32 33 44 44 23 32 22 41 11 22 32 14 44 14
1 22 13 44 44 33 44 11 11 33 33 23 44 44 23 33 33 44 44 32 33 11 44 11
1 22 11 44 44 33 44 11 11 33 33 22 44 44 22 33 33 41 44 33 33 14 44 14
1 23 13 41 43 33 42 11 14 32 33 23 41 41 33 33 32 44 41 32 33 11 42 14
1 22 11 44 44 33 44 11 11 33 33 22 44 44 22 33 33 44 41 33 33 11 44 11
1 33 13 41 43 22 42 14 14 22 22 23 41 41 23 32 22 11 41 32 32 14 42 11
1 22 13 41 44 33 44 14 14 33 33 22 44 44 22 32 33 41 41 33 32 11 42 11
1 22 13 44 44 33 44 11 11 33 33 23 44 44 23 33 33 41 41 22 33 11 44 11
1 22 33 44 43 33 22 11 14 32 33 22 44 44 33 33 32 11 41 32 33 14 44 44
1 22 11 41 43 32 42 11 14 32 32 23 41 44 23 32 32 41 41 32 32 11 42 14
1 23 13 41 44 32 42 11 11 22 33 23 44 44 23 33 32 41 44 33 32 11 44 44
1 22 11 41 43 32 42 14 11 32 32 23 41 41 22 32 22 11 41 22 32 14 44 14
1 23 11 44 43 33 44 11 11 32 33 33 41 44 23 33 32 41 44 33 32 44 44 11
1 22 11 44 44 33 44 11 11 33 33 22 44 44 23 33 33 44 44 33 33 11 44 11
1 22 11 44 44 33 44 11 11 33 33 22 44 44 22 33 33 41 44 33 33 11 44 11
1 23 13 41 43 33 22 11 11 33 22 23 44 44 23 33 33 41 44 22 22 14 44 44
1 23 11 44 43 32 44 11 14 32 33 33 44 44 23 32 22 41 41 32 33 14 44 11
1 33 13 41 43 32 42 14 11 32 33 23 41 11 33 32 22 11 41 32 32 14 44 14
1 23 33 11 43 33 42 11 11 33 33 22 44 41 33 33 33 41 44 32 33 11 42 14
1 23 13 41 43 32 44 14 14 32 32 22 41 41 23 33 32 41 41 32 32 14 42 14
1 22 11 44 44 33 44 11 11 33 33 22 44 44 22 33 32 44 44 33 33 11 44 11
1 22 13 44 33 33 22 14 11 33 33 23 41 44 23 33 32 41 44 32 32 14 44 11
1 23 13 11 43 32 42 11 14 22 22 23 11 44 23 32 32 11 41 22 22 14 42 14
1 22 11 44 43 33 42 11 11 33 33 23 41 44 23 33 32 41 44 32 33 11 44 11
1 22 11 44 44 33 44 11 14 32 33 23 44 44 22 33 33 44 44 33 33 11 44 11
1 22 11 44 44 33 44 11 11 32 33 22 44 44 22 33 33 44 44 33 33 11 44 11
1 23 13 41 43 32 42 14 14 32 32 23 44 41 33 32 32 11 41 32 32 14 42 14
1 22 13 44 43 33 42 11 14 32 32 23 44 44 23 33 22 41 41 32 33 11 44 14
1 23 13 44 44 33 22 11 11 33 33 22 44 44 22 33 32 41 44 32 32 11 44 14
1 23 11 41 43 32 22 14 11 32 32 23 41 44 23 33 32 41 44 22 33 14 42 11
1 22 33 41 44 33 44 11 11 33 32 22 44 44 23 33 32 41 44 32 33 11 44 11
1 22 11 44 44 33 44 11 11 33 33 22 44 44 22 33 33 44 44 33 33 11 44 11
1 23 13 41 33 33 22 14 11 22 22 23 11 41 33 33 32 11 44 22 33 14 44 44
1 22 13 44 44 32 42 11 11 33 33 22 44 44 22 33 33 41 44 33 32 11 44 11
1 23 13 41 43 32 22 11 14 32 32 33 44 41 33 33 32 11 44 22 32 14 44 14
1 23 13 44 44 33 44 11 11 33 32 33 44 41 33 33 32 41 44 32 33 11 44 14
1 23 13 44 43 33 44 11 14 33 32 23 44 44 23 32 33 11 44 33 32 11 44 14
