 rs696306 rs228682 rs707465 rs707467 rs228642 rs228644 rs228666 rs228669 rs10864316 rs2797685 rs228690 rs10462018 rs10462020 rs228692
0 33 22 14 22 23 44 23 44 11 11 33 33 22 44
0 31 22 14 22 22 41 22 44 11 44 33 33 22 44
0 11 22 14 22 22 41 22 44 11 41 33 33 22 44
0 33 23 11 22 22 41 22 44 11 44 32 33 22 41
0 31 23 11 22 22 41 22 44 14 44 32 33 22 44
0 33 23 11 22 22 44 22 44 11 41 33 33 24 11
0 31 22 11 22 23 44 23 44 44 41 33 33 24 44
0 33 23 11 22 23 11 22 44 11 11 33 33 22 44
0 33 22 11 22 22 44 23 44 11 44 32 33 44 44
0 33 23 11 22 22 41 22 44 44 41 33 33 22 11
0 33 23 11 22 22 41 23 44 11 44 33 33 22 44
0 11 33 11 22 22 41 22 41 14 44 33 33 22 44
0 11 33 11 24 22 41 22 44 11 41 33 33 22 44
0 33 23 11 24 23 44 33 44 14 44 33 33 22 44
0 31 23 11 22 22 44 22 41 44 41 33 32 22 41
0 31 23 14 22 22 44 23 44 14 41 33 33 24 41
0 33 23 11 22 22 41 22 41 14 44 33 33 22 44
0 31 23 11 22 22 41 23 41 11 41 33 33 44 44
0 11 33 14 22 22 44 33 44 14 11 33 33 22 41
0 31 33 14 24 23 11 22 44 14 11 33 33 22 44
0 33 23 11 22 22 41 23 44 11 41 32 33 24 44
0 31 23 11 22 22 41 23 44 14 44 33 33 22 44
0 11 33 11 22 22 41 23 44 11 44 33 33 22 44
0 11 33 11 22 22 11 23 41 11 44 32 33 24 44
0 11 23 11 22 22 44 23 41 14 44 33 32 24 44
0 31 23 11 22 22 44 22 44 11 44 33 33 22 44
0 31 33 11 22 22 11 22 44 44 41 32 33 22 44
0 11 22 11 22 22 41 22 44 14 44 33 33 24 44
0 11 23 11 22 22 41 23 44 14 41 33 33 24 41
0 11 33 14 22 23 41 33 44 11 41 33 33 22 44
0 11 22 11 22 22 44 22 44 11 41 32 33 24 44
0 11 23 11 24 23 41 22 44 44 11 33 33 22 44
0 31 23 14 22 22 41 22 44 11 41 33 33 24 44
0 31 22 11 22 23 41 22 41 14 41 33 22 22 41
0 11 23 11 22 22 41 23 41 14 41 32 33 22 44
0 11 23 11 22 22 11 22 44 44 44 33 32 22 41
0 31 23 11 24 22 41 23 44 11 41 33 33 22 44
0 11 33 11 22 33 44 23 44 11 41 33 33 24 44
0 11 22 11 24 22 41 23 44 14 44 33 33 22 44
0 31 33 11 24 22 41 22 44 11 41 33 33 22 11
0 31 23 11 22 22 41 22 44 11 41 33 33 24 44
0 11 33 11 22 22 41 23 44 11 44 33 33 22 44
0 33 23 11 22 22 11 22 44 11 41 33 32 22 44
0 11 23 14 24 22 41 22 41 11 41 32 33 22 44
0 31 23 11 22 22 11 22 44 11 41 33 33 22 44
0 11 33 11 44 22 41 23 41 11 11 33 33 24 44
0 33 23 11 22 22 41 22 41 11 41 33 33 24 44
0 11 33 14 22 23 41 23 44 11 44 33 32 22 41
0 33 22 14 22 23 41 23 44 14 44 33 32 24 44
0 33 23 11 22 33 44 22 41 14 41 33 32 24 44
0 31 23 11 22 22 41 23 44 44 44 33 33 22 41
0 31 33 11 22 22 41 23 44 11 41 33 32 22 44
0 33 23 11 22 22 41 22 44 11 41 33 33 24 41
0 33 23 14 22 22 11 23 44 11 41 33 32 24 44
0 11 23 11 22 22 41 22 44 11 41 33 33 24 44
0 33 22 11 22 22 41 22 44 14 41 33 33 22 44
0 31 23 11 22 23 41 23 44 14 41 33 33 22 44
0 33 33 11 22 22 41 22 44 11 41 33 33 22 44
0 31 22 11 22 22 41 23 44 11 44 32 33 44 41
0 11 33 14 22 22 11 22 41 14 44 33 32 22 11
0 31 22 11 22 23 41 23 41 14 44 33 32 22 41
0 33 33 11 22 22 41 22 44 11 44 32 33 24 44
0 11 23 44 22 22 44 22 41 44 44 32 33 22 44
0 33 23 11 22 22 41 23 44 11 44 32 33 24 41
0 31 22 11 22 23 41 22 44 14 41 33 33 44 44
0 31 33 14 24 23 41 23 41 44 41 33 33 24 41
0 11 22 11 22 23 11 33 11 11 11 32 33 24 44
0 33 33 14 22 23 41 22 11 14 41 33 33 24 44
0 33 23 11 22 23 44 23 44 11 44 33 33 24 44
0 31 33 11 24 33 41 33 41 14 44 32 33 24 44
0 31 33 14 22 23 41 23 44 11 41 33 32 22 44
0 31 23 11 22 22 41 22 44 11 11 33 33 24 44
0 31 22 11 22 22 44 22 44 11 44 33 33 22 44
0 31 23 14 22 23 41 22 41 11 41 22 32 24 44
0 33 23 11 24 22 41 22 44 14 44 33 33 22 44
0 33 23 11 22 22 11 23 44 14 44 32 33 22 44
0 33 22 11 22 23 41 22 44 11 41 33 33 22 44
0 31 22 11 22 22 41 22 44 14 44 33 33 22 44
0 31 33 14 22 22 44 23 44 14 41 33 32 22 44
0 33 22 11 22 22 41 33 11 11 44 33 32 22 41
0 31 23 11 22 23 44 22 44 11 41 33 32 22 44
0 31 22 11 22 22 11 22 44 14 44 33 33 22 44
0 33 33 11 24 22 44 23 44 11 44 33 33 22 44
0 31 22 11 22 22 44 23 41 11 41 33 32 22 44
0 31 23 44 22 23 44 23 44 14 41 33 33 22 44
0 11 33 44 22 23 11 23 44 11 11 33 33 22 44
0 31 22 11 22 22 41 22 44 11 41 32 32 22 44
0 11 22 11 22 33 44 22 44 11 44 33 33 22 44
0 31 33 11 24 22 44 23 44 14 11 33 33 24 44
0 33 23 11 24 22 44 22 41 11 41 22 33 22 44
0 31 23 14 22 22 44 22 44 14 44 33 33 22 41
0 31 23 11 24 23 44 23 41 14 44 32 33 22 44
0 33 22 11 24 22 41 22 41 11 41 33 33 22 44
0 33 23 11 24 22 44 22 44 11 41 33 32 22 44
0 31 22 11 22 23 44 22 41 14 44 33 32 22 44
0 31 23 11 22 22 41 23 44 14 41 33 32 24 41
0 11 22 11 22 22 44 22 41 14 41 33 33 44 44
0 31 23 11 24 23 41 23 41 44 44 33 32 22 44
0 33 33 14 22 22 11 23 44 14 44 33 33 22 41
0 31 23 11 24 22 41 22 41 14 41 22 33 22 41
0 11 23 11 22 23 11 22 44 44 41 33 33 22 44
0 31 33 11 22 23 11 22 44 14 41 33 33 24 44
0 31 23 14 22 23 41 23 44 11 44 33 33 24 44
0 11 22 14 22 22 41 33 44 11 41 32 33 22 41
0 11 33 11 22 22 44 22 44 14 11 33 33 22 44
0 33 22 11 22 22 41 22 44 11 11 33 33 22 44
0 31 23 11 22 23 41 22 44 14 44 33 33 22 44
0 31 23 11 22 22 41 22 44 11 41 33 33 22 44
0 31 23 14 22 22 44 22 44 14 44 33 33 22 44
0 11 33 11 22 22 41 23 44 11 41 32 33 24 44
0 11 23 14 22 22 41 33 44 11 41 33 32 24 41
0 11 22 11 22 23 41 23 44 14 11 33 33 22 44
0 11 33 44 22 22 11 23 41 44 44 33 32 24 44
0 31 23 14 24 22 41 23 41 14 41 32 33 22 41
0 31 33 11 22 22 41 23 44 14 44 32 32 24 44
0 31 23 11 24 23 41 22 44 11 41 33 33 22 41
0 31 22 11 22 22 41 22 44 11 44 33 33 22 44
0 31 33 14 24 22 41 23 44 14 41 33 33 24 44
0 31 33 11 22 22 41 22 44 11 44 33 33 22 44
0 33 22 11 22 22 41 22 44 11 11 32 33 24 44
0 33 23 11 22 22 11 23 44 11 11 32 33 22 44
0 31 23 14 22 23 41 23 44 11 41 33 33 22 44
0 31 22 11 24 22 41 22 41 11 41 32 33 24 44
0 31 23 11 22 22 44 22 44 11 44 33 33 22 44
0 11 33 11 22 22 41 22 44 11 11 33 33 22 41
0 31 23 11 22 22 44 33 41 14 44 33 33 22 44
0 31 22 11 22 22 44 23 44 11 11 33 33 22 41
0 31 33 11 22 22 41 33 44 14 41 33 33 22 44
0 31 33 11 22 33 41 23 44 11 44 33 33 22 41
0 31 23 11 22 22 41 22 44 11 41 33 33 22 41
0 31 23 11 22 22 11 23 44 14 44 33 33 22 44
0 31 33 11 22 23 41 23 41 11 44 33 32 22 44
0 33 23 11 24 22 44 23 41 14 44 33 33 22 44
0 11 33 11 22 22 44 23 41 11 41 33 32 22 44
0 11 22 11 22 22 41 23 44 14 44 33 32 24 44
0 31 33 11 22 23 41 23 44 11 44 32 33 22 44
0 33 33 11 22 22 44 23 44 11 44 33 33 24 44
0 11 23 44 22 22 41 22 11 44 11 32 33 44 11
0 11 33 14 24 23 41 33 11 14 44 33 32 22 41
0 33 22 11 22 22 44 23 44 11 44 33 33 22 44
0 11 23 11 22 23 41 22 44 11 44 33 33 24 44
0 31 33 11 22 23 41 23 44 11 41 32 33 24 44
0 11 22 11 24 22 41 23 44 11 44 33 33 22 44
0 31 22 11 24 22 44 23 44 11 41 33 33 22 44
0 33 23 11 22 23 41 23 44 44 44 33 33 22 44
0 31 23 11 22 23 41 22 44 44 11 32 32 22 44
0 11 23 11 24 23 44 33 41 14 41 33 32 22 11
0 31 23 11 22 22 41 22 44 11 41 33 33 22 44
0 31 23 11 24 22 41 23 44 14 11 32 22 22 41
0 31 23 11 22 23 11 33 44 14 41 33 22 22 41
0 33 23 11 22 22 41 23 44 14 41 33 33 22 44
0 31 33 11 24 22 41 23 11 11 44 32 32 24 41
0 11 33 11 24 23 44 23 44 11 11 33 33 22 41
0 11 22 11 22 22 41 22 41 11 44 33 33 22 44
0 31 23 11 22 22 41 23 44 11 41 33 33 22 44
0 33 23 11 22 22 44 22 44 14 44 33 33 22 41
0 31 23 14 22 22 44 23 41 14 44 33 33 22 44
0 31 22 11 22 22 11 23 44 14 41 33 33 22 44
0 11 23 11 22 22 44 23 44 14 41 22 33 22 44
0 31 22 11 22 33 44 22 44 14 44 33 33 24 44
0 11 33 11 22 22 11 22 44 11 41 33 32 22 41
0 11 33 11 22 22 11 33 44 14 41 33 33 22 44
0 33 22 11 22 22 11 22 41 14 11 33 33 22 44
0 11 22 11 22 23 41 23 44 11 11 33 32 24 44
0 11 23 14 24 23 11 33 44 14 11 33 33 24 44
0 11 22 11 22 22 44 23 44 11 44 33 32 22 44
0 31 23 11 22 23 41 22 44 14 44 32 33 24 44
0 31 22 44 22 22 44 22 44 11 11 33 33 44 44
0 11 23 11 24 33 11 23 44 14 11 32 32 22 44
0 11 22 11 22 22 41 22 41 14 41 33 33 22 44
0 33 23 11 22 22 41 23 44 14 41 33 33 24 44
0 31 23 11 22 23 41 22 44 44 44 32 33 24 44
0 31 23 11 22 33 41 23 44 14 41 33 33 44 44
0 31 33 14 24 22 11 23 41 14 41 33 33 24 41
0 33 23 14 22 22 41 23 44 14 44 33 32 22 41
0 31 33 11 24 23 41 23 44 14 44 33 33 22 44
0 31 33 14 22 22 41 23 44 14 41 33 33 24 41
0 33 22 11 22 22 41 23 44 11 41 33 33 22 44
0 31 22 11 22 22 41 22 41 11 11 33 33 22 44
0 31 22 14 22 23 11 22 44 14 41 32 33 22 44
0 33 23 11 22 22 11 22 41 11 44 33 33 22 44
0 31 23 14 22 22 41 22 41 14 41 33 33 44 44
0 11 33 11 22 22 44 23 41 14 41 33 33 22 44
0 33 33 11 22 22 41 23 44 14 41 33 33 24 44
0 31 23 11 22 22 11 22 44 11 41 33 32 22 44
0 33 22 11 22 22 11 22 44 44 41 33 33 44 44
0 11 23 11 22 22 41 22 44 14 44 33 33 24 41
0 33 23 11 22 23 44 22 44 14 44 33 33 24 44
0 31 23 11 22 22 44 22 41 11 44 33 33 22 44
0 11 33 11 22 23 41 23 44 11 41 33 33 24 44
0 11 23 11 22 22 41 22 44 14 11 33 33 44 44
0 11 23 11 22 23 44 23 41 44 41 33 32 22 44
0 33 23 11 22 23 41 23 44 14 41 32 33 24 41
0 11 22 11 22 22 44 22 44 11 41 33 33 22 11
0 31 22 14 22 22 44 22 41 44 41 32 32 22 44
0 11 22 11 24 23 41 22 44 14 41 22 32 22 44
0 31 23 11 22 22 44 23 44 14 44 33 33 22 44
0 31 23 11 22 22 44 22 44 14 41 33 33 22 44
0 33 33 14 22 22 44 22 44 14 41 33 33 24 44
0 31 22 11 22 22 41 22 41 14 44 33 33 24 44
0 31 22 14 22 22 41 22 44 11 41 22 33 22 44
0 33 23 11 22 23 44 22 41 11 44 33 33 24 44
0 31 33 14 22 23 41 33 44 44 41 32 33 22 41
0 31 23 11 22 23 44 22 44 44 11 33 33 22 44
0 33 33 14 22 22 41 22 44 44 41 32 33 24 44
0 11 33 11 24 22 11 23 41 14 44 32 33 22 44
0 31 22 44 22 22 11 22 44 14 11 32 33 24 41
0 11 23 11 22 22 44 23 44 14 41 32 32 22 44
0 31 23 11 24 22 41 23 41 14 41 33 33 22 41
0 33 22 11 22 22 44 22 44 11 44 33 33 24 44
0 31 22 11 22 23 41 22 44 11 41 33 32 22 44
0 31 33 11 24 22 41 23 41 14 41 33 33 22 41
0 33 22 11 22 22 44 23 44 14 44 33 33 22 44
0 11 22 11 22 22 44 23 41 11 44 33 32 24 44
0 31 22 11 22 22 11 33 44 11 44 33 33 22 44
0 31 23 11 22 22 11 23 44 11 41 33 33 22 44
0 31 23 11 22 23 41 23 41 44 44 33 33 24 44
0 33 33 14 22 22 11 23 41 14 41 33 33 22 41
0 33 22 11 22 23 44 22 44 14 44 33 33 22 44
0 31 23 14 24 33 11 33 41 14 44 32 33 24 41
0 31 23 11 22 22 41 22 44 11 11 33 33 22 44
0 31 33 11 22 22 44 22 44 14 41 33 32 22 44
0 31 23 11 22 22 41 22 41 11 44 33 32 22 44
0 11 22 14 22 22 41 33 41 14 41 32 33 22 44
0 31 23 11 22 22 44 22 44 11 44 33 33 22 44
0 11 22 11 22 22 41 23 44 44 44 33 33 24 44
0 33 23 11 22 22 41 22 44 11 41 32 32 22 44
0 33 23 11 22 22 44 23 44 14 44 33 33 24 44
0 33 23 14 22 22 41 23 41 11 44 33 32 24 41
0 31 23 11 24 23 41 22 44 11 41 32 33 22 11
0 11 23 14 22 22 41 23 41 11 44 33 33 24 44
0 31 33 11 22 22 11 22 44 14 44 33 33 44 41
0 11 22 11 22 22 41 22 44 11 41 33 33 24 44
0 31 23 11 22 22 41 23 41 11 44 33 32 24 44
0 33 33 11 22 22 44 22 44 11 44 33 33 22 44
0 11 23 11 22 22 44 23 44 11 41 33 33 22 44
0 11 33 11 22 23 11 22 44 44 41 33 33 24 44
0 33 23 11 22 22 44 23 44 14 41 32 33 24 44
0 11 23 11 22 22 11 22 44 14 44 33 33 44 44
0 31 33 11 22 23 41 22 44 11 41 33 33 24 41
0 31 23 11 22 22 11 23 44 14 44 33 32 24 44
0 11 23 11 24 23 41 33 44 14 41 33 33 24 44
0 31 33 11 22 22 41 22 44 11 41 33 32 44 41
0 31 33 14 22 22 41 22 44 14 44 32 33 22 41
0 33 22 11 22 23 44 22 44 11 41 33 33 22 41
0 33 22 11 22 22 44 22 44 14 44 33 33 24 44
0 33 33 11 22 22 41 22 44 11 44 32 33 22 44
0 31 22 14 22 22 41 22 44 14 41 33 33 22 44
0 31 23 11 22 23 41 23 44 14 41 32 33 44 41
0 33 23 11 22 22 41 22 44 11 41 32 32 22 41
0 33 22 11 24 22 41 22 44 14 44 33 32 22 44
0 33 22 11 22 22 41 22 44 11 44 32 33 24 44
0 31 33 11 22 22 44 22 44 44 44 33 33 24 44
0 11 33 11 22 22 11 23 44 44 44 33 33 44 44
0 31 22 14 24 22 44 23 41 14 44 33 33 44 41
0 33 23 11 24 22 11 22 44 11 44 33 33 24 44
0 11 23 11 22 23 44 22 44 11 11 32 32 22 44
0 31 22 11 22 22 44 33 44 11 11 33 33 22 44
0 31 22 14 22 23 11 23 44 11 41 33 33 22 44
0 11 23 14 22 22 41 22 44 14 41 33 33 24 11
0 11 33 11 22 22 41 23 41 11 44 33 33 24 44
0 31 23 14 22 22 44 23 44 11 44 33 33 22 44
0 31 22 11 22 22 41 23 44 11 44 32 33 22 44
0 11 33 11 24 33 41 23 41 14 41 33 33 22 44
0 31 22 14 22 23 41 22 44 11 44 33 32 22 44
0 31 22 11 22 23 44 22 44 11 41 33 33 22 41
0 31 22 14 24 22 41 33 44 11 11 33 33 24 44
0 33 33 11 22 22 11 23 44 14 41 32 33 24 44
0 11 23 11 22 22 41 33 44 44 41 33 32 22 41
0 31 33 11 22 22 11 33 44 14 41 32 33 24 41
0 31 22 14 22 33 41 22 41 14 44 32 33 22 41
0 31 22 11 22 22 11 33 44 11 41 33 33 24 44
0 31 22 11 24 23 11 23 44 14 44 33 33 24 44
0 33 23 11 22 22 44 23 44 11 44 33 33 22 41
0 33 23 14 22 22 44 23 41 14 44 32 33 24 44
0 11 23 11 24 33 11 33 11 44 41 33 32 22 44
0 31 33 11 24 33 41 23 41 44 11 33 32 24 11
0 33 23 14 22 22 41 22 44 44 44 32 33 22 44
0 31 22 11 24 22 11 23 44 11 44 32 33 24 44
0 11 33 11 22 23 44 33 44 11 44 33 33 22 41
0 33 23 14 24 22 41 22 44 14 44 33 33 22 44
0 33 33 11 22 23 44 23 44 14 44 33 33 22 44
0 33 23 11 22 22 44 23 44 11 44 33 33 22 44
0 31 23 14 22 22 41 22 44 14 44 32 33 22 44
0 11 23 14 22 23 41 23 44 14 44 33 33 22 44
0 33 22 14 22 23 11 22 44 14 41 33 33 22 41
0 11 33 11 24 23 41 22 41 44 41 33 32 24 44
0 31 22 11 22 22 41 23 44 14 44 33 33 24 44
0 33 23 44 24 22 41 22 44 11 41 32 33 22 44
0 33 22 11 24 22 44 23 44 14 44 33 33 22 44
0 33 23 14 22 22 44 23 44 14 41 33 33 24 41
0 11 22 11 22 22 44 22 44 14 41 33 32 22 41
0 31 33 11 22 22 11 22 41 14 41 32 33 24 44
0 31 22 11 22 22 41 22 44 14 41 33 33 22 44
0 33 22 11 22 23 11 33 44 14 41 33 33 24 41
0 11 23 11 22 22 44 23 44 14 41 33 33 22 11
0 31 23 11 24 23 41 23 44 14 41 33 33 22 44
0 31 23 11 22 22 11 23 44 44 41 32 22 22 44
0 31 22 14 22 22 11 23 44 11 11 33 33 24 44
0 11 22 11 22 22 41 23 44 11 11 33 33 22 44
0 31 23 11 22 22 41 23 44 11 44 33 33 24 44
0 33 22 11 22 22 41 22 44 14 44 33 33 22 41
0 11 23 14 22 22 41 23 41 14 44 33 33 22 44
0 33 22 11 22 22 44 22 44 11 11 33 33 22 44
0 31 23 11 22 22 44 22 41 14 41 33 33 22 44
0 31 23 11 22 22 41 22 44 11 41 33 33 22 44
0 11 23 11 22 22 44 22 44 44 44 33 33 22 44
0 31 33 11 22 23 44 22 44 14 44 32 33 22 44
0 33 33 11 24 22 41 23 44 11 41 33 22 44 41
0 31 33 14 22 23 44 22 44 14 41 33 33 22 44
0 31 23 11 22 22 41 23 44 11 44 33 33 22 41
0 11 23 14 24 22 44 23 44 11 44 33 33 24 44
0 31 22 11 22 22 11 22 44 14 44 33 33 22 44
0 31 22 14 22 22 41 22 41 11 41 33 33 24 44
0 31 22 11 22 23 11 33 44 11 41 33 33 44 44
0 33 23 11 22 23 44 23 41 14 44 33 33 24 44
0 11 22 11 22 23 41 22 44 11 41 32 33 22 41
0 33 23 11 22 22 41 23 44 11 41 32 33 24 44
0 33 23 14 22 22 44 22 44 14 44 33 33 22 41
0 31 22 11 22 22 41 23 44 44 44 33 33 22 41
0 33 22 14 22 22 41 22 44 11 41 33 33 22 44
0 31 33 11 22 23 11 23 44 14 41 22 32 24 44
0 11 22 11 22 22 41 22 44 11 41 33 33 22 41
0 11 33 14 22 22 41 33 44 14 44 33 32 22 41
0 33 22 11 22 22 44 22 44 11 44 33 32 24 44
0 31 23 11 22 23 11 22 44 11 41 33 33 22 44
0 33 22 11 24 22 44 23 44 14 41 33 33 24 44
0 11 23 14 22 23 44 23 44 14 44 33 33 22 44
0 33 23 11 22 22 41 22 44 14 44 33 33 22 41
0 31 23 14 22 22 41 33 44 44 41 32 33 24 44
0 33 22 11 22 22 41 22 44 14 44 32 33 22 44
0 31 33 11 22 22 41 22 44 11 41 33 32 22 44
0 33 23 11 22 22 41 23 44 14 41 32 32 22 44
0 31 33 11 22 22 44 23 44 14 44 33 33 24 44
0 11 23 11 22 23 41 22 41 14 41 33 32 22 41
0 33 22 14 22 22 44 22 44 11 41 33 33 22 44
0 31 23 11 22 22 44 22 44 11 44 33 33 22 44
0 31 23 11 24 22 41 23 44 11 41 33 33 24 44
0 31 23 11 22 33 11 22 41 14 41 32 33 22 44
0 11 23 11 22 22 44 33 44 14 41 33 32 24 44
0 33 23 11 22 33 11 23 41 14 41 32 33 24 41
0 31 33 44 22 33 44 23 44 44 41 32 33 22 41
0 11 23 11 24 23 11 22 44 11 41 33 33 22 11
0 33 23 11 22 22 11 23 44 11 44 33 33 22 44
0 33 23 11 22 22 44 22 41 11 44 33 33 22 44
0 31 23 11 22 22 11 22 44 11 44 33 33 22 44
0 31 23 11 22 22 41 23 11 11 41 33 33 24 44
0 31 22 11 22 33 44 22 41 11 11 33 33 24 44
0 31 23 11 22 23 41 22 41 14 11 33 33 24 44
0 31 23 11 22 22 41 22 41 14 44 33 32 22 44
0 31 33 11 24 33 11 23 41 14 44 33 32 22 44
0 31 33 11 22 22 44 22 44 44 11 32 33 24 44
0 31 23 11 22 23 41 22 44 11 41 33 33 22 44
0 33 23 11 22 23 44 23 41 14 41 33 33 22 44
0 11 22 11 24 22 41 22 44 14 41 33 33 24 44
0 31 33 14 22 22 41 22 44 14 41 33 33 24 41
0 11 23 11 22 22 41 33 44 11 41 32 32 22 41
0 11 23 11 22 22 44 23 44 11 44 33 33 22 44
0 33 23 11 22 22 41 23 11 14 44 33 33 22 44
0 31 23 14 22 23 44 33 41 11 41 33 32 22 44
0 11 23 11 22 22 41 33 41 44 41 33 33 22 44
0 31 33 11 22 33 41 23 41 14 44 32 32 22 41
0 33 22 11 22 22 11 33 44 11 44 33 33 24 44
0 31 22 11 24 33 41 22 44 14 41 33 33 22 41
0 31 33 14 22 22 41 23 44 14 44 33 33 22 44
0 31 22 11 24 22 44 22 44 14 44 32 32 22 44
0 33 22 11 22 22 44 22 44 11 44 33 33 22 44
0 11 22 11 22 23 41 22 44 14 41 33 33 22 44
0 11 23 11 22 22 41 22 41 11 11 33 33 22 44
0 33 23 11 22 22 11 22 44 44 44 33 33 24 44
0 31 23 14 22 33 44 23 44 11 44 33 33 24 44
0 31 23 11 24 22 41 23 44 11 44 33 32 22 44
0 11 23 11 22 22 41 23 41 11 41 33 33 44 44
0 31 22 44 22 23 41 22 41 14 44 33 32 22 41
0 11 23 14 24 23 41 33 41 44 44 33 33 24 41
0 33 22 14 22 23 44 23 44 14 41 33 33 24 44
0 11 33 11 22 23 44 23 44 14 44 33 33 24 41
0 33 23 11 22 22 41 23 41 14 44 33 33 24 44
0 33 22 14 24 22 11 22 41 14 41 22 32 22 44
0 11 23 11 22 33 41 23 41 11 41 32 32 24 44
0 33 22 11 22 22 41 22 44 11 41 33 33 22 44
0 11 23 11 22 23 11 33 44 14 41 22 32 24 41
0 11 33 14 22 33 41 22 44 44 41 33 32 24 44
0 11 23 11 22 22 44 22 41 14 41 33 33 24 44
0 33 23 14 22 22 44 22 44 44 41 32 33 24 44
0 11 22 11 22 23 41 23 11 11 11 33 32 24 41
0 11 23 11 22 22 44 22 44 14 44 33 32 24 44
0 31 33 11 22 22 44 22 44 14 44 33 33 24 44
0 33 33 14 22 22 44 22 41 11 41 33 33 22 44
0 31 23 44 24 33 41 22 44 11 44 32 33 22 44
0 33 33 11 22 22 44 23 44 11 41 33 33 24 44
0 11 23 11 22 22 11 22 44 11 44 33 33 24 11
0 33 22 14 22 22 44 23 41 14 41 33 33 24 44
0 33 33 11 22 22 41 23 44 14 44 32 32 24 44
0 31 23 11 22 23 41 33 41 44 11 32 33 22 44
0 11 33 14 22 22 41 23 44 44 41 33 33 24 44
0 33 23 14 22 22 44 33 41 14 44 33 33 22 41
0 31 23 11 22 22 41 22 44 11 11 33 33 22 44
0 31 22 11 22 33 44 22 44 11 41 33 33 44 41
0 11 23 11 22 22 44 23 44 14 44 22 33 24 44
0 11 23 11 22 22 41 22 44 11 44 33 33 22 41
0 11 33 14 24 22 44 22 44 14 11 33 32 44 44
0 31 23 14 24 22 44 22 44 11 44 33 32 24 44
0 11 33 11 22 33 44 23 41 14 41 32 33 24 41
0 11 23 11 22 22 44 22 44 14 41 32 33 22 44
0 33 23 11 24 22 41 22 44 14 44 32 33 44 44
0 33 23 11 22 22 41 23 44 11 44 32 33 22 44
0 33 23 11 22 22 44 23 44 11 41 33 33 24 44
0 31 23 11 22 22 11 23 44 11 44 33 33 22 44
0 33 22 11 24 22 41 23 44 14 44 33 33 22 41
0 31 23 11 22 22 41 22 44 11 41 33 33 22 44
0 33 23 11 22 22 41 22 44 11 11 33 33 24 44
0 31 22 11 24 23 44 22 44 11 44 33 33 22 44
0 31 22 11 22 23 41 22 44 44 44 33 33 24 44
0 31 22 14 22 23 41 23 44 14 41 33 33 24 44
0 11 22 11 22 23 41 22 44 11 44 33 33 22 44
0 33 23 11 22 23 41 23 44 14 44 33 33 22 44
0 31 33 11 22 23 41 22 11 44 41 33 32 24 44
0 31 22 11 22 22 41 23 44 11 44 33 33 22 44
0 33 33 14 24 23 44 23 44 44 41 32 33 24 44
0 31 23 11 24 23 41 23 41 14 11 32 32 22 41
0 11 33 11 22 23 11 23 44 11 41 22 33 22 41
0 31 22 11 22 22 41 22 44 11 44 33 33 44 41
0 11 22 14 22 23 41 23 41 44 44 22 32 22 11
0 33 33 11 22 22 11 22 44 11 41 33 33 22 44
0 31 23 11 24 22 44 22 44 14 11 33 33 22 44
0 33 33 11 22 23 41 23 44 11 44 33 32 24 44
0 31 23 14 24 23 44 22 41 14 41 33 33 24 44
0 31 23 11 22 22 41 23 44 11 11 33 33 24 41
0 11 22 11 22 22 11 22 44 11 44 32 33 22 44
0 33 22 14 24 23 44 22 44 11 41 32 33 22 44
0 31 23 11 24 22 11 23 44 11 44 32 33 24 44
0 11 23 11 22 22 44 23 44 11 41 33 33 22 41
0 33 22 11 22 22 44 22 44 11 44 33 33 22 44
0 31 23 11 22 22 41 23 44 44 41 33 33 24 44
0 33 23 14 22 22 41 23 44 14 11 33 33 22 44
0 11 23 11 22 22 41 33 44 11 44 33 33 22 44
0 31 23 11 24 22 44 33 41 14 11 33 33 22 44
0 31 22 11 22 22 41 22 41 11 41 33 33 22 44
0 33 23 11 22 22 44 22 44 11 44 33 33 22 44
0 31 23 11 22 22 44 22 44 11 41 33 33 24 44
0 31 33 11 24 22 44 23 44 14 41 32 33 22 41
0 11 23 14 22 22 41 22 41 11 44 33 33 22 41
0 31 22 11 22 23 11 22 44 14 41 33 33 22 41
0 33 22 14 24 22 41 33 44 14 44 33 32 22 44
0 31 33 11 22 23 41 23 44 11 11 32 33 24 41
0 33 23 11 22 22 41 22 44 14 44 32 33 22 41
0 33 23 14 24 22 44 23 44 14 44 32 32 24 44
0 31 33 14 22 22 11 22 44 14 41 33 33 24 44
0 11 22 11 22 22 44 22 44 44 44 32 33 22 44
0 33 23 14 24 22 44 22 41 11 41 33 33 22 44
0 11 23 14 22 22 11 23 44 14 41 22 32 24 41
0 31 23 11 22 22 11 23 41 14 44 33 33 24 44
0 33 23 11 22 23 44 33 44 11 41 33 33 22 44
0 33 23 11 22 22 44 22 44 14 44 33 33 22 44
0 31 23 11 22 22 41 23 44 14 44 33 33 22 44
0 31 33 11 22 23 44 22 44 14 41 33 33 44 44
0 11 23 14 22 23 41 23 44 14 44 33 32 24 44
0 31 22 11 22 22 44 22 44 14 41 33 33 22 44
0 31 23 14 22 22 41 22 44 11 44 33 33 22 44
0 31 23 11 22 22 11 22 44 14 44 33 33 24 44
0 33 23 11 22 23 41 22 41 11 44 33 33 24 41
0 11 23 11 22 22 11 22 44 11 44 32 32 24 44
0 11 33 11 22 22 41 22 41 14 44 32 33 22 44
0 31 22 11 22 22 41 22 44 11 41 33 33 22 44
0 11 23 11 22 23 11 23 44 14 44 32 33 22 44
0 33 23 14 22 33 41 23 41 14 41 33 33 24 44
0 31 23 11 24 22 44 23 44 14 44 33 33 44 44
0 33 33 11 22 23 41 22 44 14 44 32 33 24 44
0 11 23 11 24 22 41 22 44 14 41 33 33 22 41
0 31 33 11 22 23 41 22 44 11 41 33 22 22 41
0 31 23 11 22 22 44 23 44 11 41 33 33 22 41
0 33 33 44 22 22 44 22 44 14 41 33 32 22 41
0 11 22 11 22 23 41 22 44 11 44 33 33 24 44
0 33 23 11 22 23 44 33 44 14 41 32 33 44 44
0 33 33 11 22 22 44 22 44 11 41 33 32 22 44
0 11 23 14 24 23 41 33 11 14 41 32 32 24 44
0 33 22 11 22 22 41 23 41 14 41 33 32 22 41
0 11 23 11 24 23 11 22 41 14 41 22 33 22 44
0 11 23 11 22 22 11 22 44 44 11 33 33 22 41
0 31 33 11 22 22 11 22 11 11 44 33 32 22 44
0 11 33 14 24 23 41 23 44 14 11 32 32 22 44
0 31 22 14 24 22 41 22 41 11 41 33 32 24 44
0 33 22 11 24 22 41 22 44 11 44 33 32 24 44
0 31 33 11 22 22 41 23 44 14 41 33 33 22 41
0 33 33 11 22 22 11 23 44 14 44 33 33 24 44
0 33 33 11 22 22 41 23 41 11 41 32 33 22 44
0 31 22 14 22 23 11 22 44 14 41 32 33 24 41
0 33 23 14 22 22 11 23 44 14 44 33 33 22 41
0 11 22 11 22 22 44 22 44 11 44 33 33 22 41
0 33 22 11 22 22 41 22 44 11 41 33 33 22 44
0 11 23 11 22 22 41 22 44 14 44 32 33 24 41
0 31 23 11 22 22 44 23 44 11 44 33 33 24 44
0 31 23 11 22 22 41 22 44 11 44 33 33 22 44
0 33 22 14 22 22 44 22 41 11 41 33 33 24 44
0 33 22 11 24 22 41 23 44 44 41 33 33 24 44
0 11 33 14 22 22 41 22 44 11 41 33 33 22 44
0 31 22 14 22 23 41 23 41 11 44 33 33 22 44
0 31 33 11 22 22 11 33 44 11 41 33 33 22 44
0 31 22 11 22 23 44 23 41 11 11 33 32 22 44
1 31 23 11 22 22 41 22 44 14 41 33 33 24 41
1 11 33 11 24 22 41 23 44 11 11 32 32 22 44
1 31 23 11 22 22 41 22 44 44 41 33 33 22 44
1 31 23 11 22 23 11 22 44 11 41 33 32 22 44
1 31 23 11 22 23 41 22 41 44 41 33 33 24 44
1 31 22 11 22 23 44 23 44 11 44 33 33 22 44
1 31 22 11 22 22 44 22 44 11 44 33 33 24 44
1 33 22 11 22 23 41 23 44 11 44 33 33 22 44
1 31 23 11 22 23 11 23 44 14 41 33 33 24 44
1 31 23 14 22 23 44 23 44 14 44 32 32 22 44
1 31 22 11 22 22 44 23 44 14 41 33 33 24 41
1 33 23 14 24 22 44 22 44 14 44 32 33 24 44
1 33 33 11 24 22 44 22 44 11 44 33 33 22 44
1 11 33 44 24 23 44 23 41 14 11 33 22 24 41
1 31 33 11 22 22 44 23 41 14 11 33 33 24 41
1 31 33 44 44 23 44 23 41 11 44 33 33 24 44
1 33 23 11 22 22 11 22 44 11 41 33 32 24 44
1 31 22 11 22 22 44 23 44 11 41 33 33 24 41
1 33 33 11 24 22 41 22 44 11 41 33 33 22 44
1 11 22 11 22 22 44 22 44 14 44 33 33 44 44
1 31 23 11 24 23 44 23 44 44 41 33 33 24 44
1 31 22 11 22 22 44 23 41 14 41 32 32 44 44
1 31 22 11 24 23 41 23 44 11 44 32 33 22 41
1 11 22 11 22 23 41 22 44 11 44 33 33 24 41
1 33 23 11 22 22 11 23 44 14 41 32 33 24 44
1 11 33 11 22 23 44 22 41 14 41 32 33 22 41
1 31 33 11 22 22 11 23 44 14 41 33 32 22 44
1 33 22 14 22 23 44 22 41 11 44 32 33 22 44
1 33 22 11 22 22 11 22 44 11 44 33 33 24 44
1 11 22 11 22 22 41 22 44 11 44 33 33 22 44
1 31 23 11 22 22 41 23 44 11 41 33 33 22 44
1 11 33 14 22 22 11 23 11 14 44 32 33 22 41
1 31 33 11 22 22 41 23 44 11 11 33 33 24 44
1 31 23 11 22 22 41 23 44 11 44 33 33 22 44
1 11 22 14 22 23 44 22 44 14 41 33 33 22 44
1 33 23 11 22 22 41 22 41 11 44 33 32 24 44
1 11 23 44 24 22 11 23 41 11 44 33 32 44 44
1 31 22 11 22 22 41 22 44 14 41 33 33 22 44
1 31 22 11 22 23 11 22 44 11 11 33 32 22 41
1 31 33 14 24 22 41 22 41 14 44 33 33 22 44
1 31 22 14 24 23 41 33 41 14 44 22 22 24 41
1 11 33 14 22 22 41 23 44 11 11 33 32 22 44
1 11 22 11 22 22 44 22 44 14 41 33 33 24 44
1 33 23 11 22 22 11 22 44 11 44 33 33 24 41
1 33 22 11 22 22 41 23 44 14 41 32 33 22 44
1 33 33 11 22 22 44 22 41 11 44 33 32 24 44
1 33 22 14 22 22 41 23 44 44 41 32 33 22 44
1 33 23 11 22 22 41 22 44 11 44 32 33 22 44
1 33 22 14 22 23 11 23 44 14 11 33 33 24 44
1 31 33 11 22 33 11 23 11 11 44 33 32 22 44
1 31 23 14 22 22 41 23 41 14 11 32 33 24 41
1 31 33 14 22 23 41 23 41 14 41 33 33 44 41
1 31 23 11 22 22 41 23 44 14 41 33 33 22 44
1 31 33 11 22 22 41 23 44 14 41 32 32 24 44
1 33 23 11 22 23 41 23 44 11 44 32 32 22 44
1 33 23 14 22 22 44 23 41 11 11 33 33 24 44
1 31 23 11 22 23 44 22 44 44 44 33 22 24 44
1 11 23 11 22 22 44 22 44 14 11 32 33 22 44
1 33 33 14 22 23 44 23 41 14 41 33 33 22 41
1 31 33 11 22 23 11 23 44 14 11 33 33 22 44
1 11 23 11 24 22 11 23 41 44 11 32 32 22 44
1 33 23 11 22 22 41 22 44 14 44 33 33 22 41
1 33 23 11 22 22 41 22 44 44 11 33 33 22 44
1 31 33 11 24 23 44 23 41 11 11 33 32 24 44
1 31 22 11 22 23 11 23 44 11 44 33 33 22 44
1 33 23 11 22 22 11 22 44 14 44 33 33 24 44
1 33 23 11 24 22 41 23 44 11 41 33 33 22 41
1 31 22 11 22 22 44 22 44 11 44 33 33 22 44
1 11 22 11 22 22 44 23 44 11 44 33 32 24 44
1 33 22 11 22 22 44 22 44 11 41 33 32 22 44
1 33 33 14 22 23 11 23 44 11 41 32 32 24 44
1 31 23 11 22 22 44 22 44 11 41 33 33 22 44
1 33 33 11 22 22 41 22 44 11 41 33 33 24 44
1 31 23 11 22 22 44 23 44 14 44 32 32 24 44
1 31 23 11 24 22 41 23 44 11 44 33 33 22 41
1 31 23 11 22 22 41 22 44 11 41 33 33 24 44
1 31 33 11 22 22 44 22 44 11 41 33 33 24 44
1 31 23 11 22 22 11 22 44 14 44 33 33 22 41
1 33 22 11 24 22 41 23 44 14 44 33 32 22 44
1 31 33 44 22 22 11 23 41 11 11 32 33 22 44
1 11 33 14 22 22 44 23 41 14 11 33 32 24 44
1 33 33 11 24 33 11 33 44 14 11 33 33 24 44
1 33 23 11 24 22 44 23 41 44 11 33 32 22 44
1 33 23 11 22 23 44 22 44 14 44 33 33 22 44
1 31 23 11 22 23 44 33 44 11 41 32 33 22 44
1 31 23 11 22 22 11 22 44 11 11 33 33 22 44
1 31 22 14 22 22 11 22 44 11 11 33 33 22 44
1 11 33 11 22 23 41 23 11 14 41 32 33 24 44
1 11 23 11 24 23 44 22 41 14 41 33 33 24 44
1 33 23 14 22 22 44 22 44 11 44 33 32 22 44
1 31 22 14 22 22 44 23 44 11 44 33 32 22 44
1 31 23 11 24 22 41 23 44 14 11 32 33 22 41
1 31 23 11 22 22 41 23 44 14 41 33 33 22 44
1 31 23 14 22 22 44 23 44 14 41 33 33 24 44
1 31 22 11 22 22 44 22 44 11 44 33 33 22 44
1 31 23 11 22 33 11 22 41 44 41 33 33 22 41
1 33 22 11 24 23 44 22 44 14 44 33 33 22 44
1 31 22 11 22 22 44 22 44 11 44 33 33 44 44
1 11 22 14 22 33 41 22 44 14 41 33 33 44 41
1 11 22 11 22 22 41 22 41 14 41 33 33 22 41
1 33 23 11 22 23 41 23 44 14 41 33 33 24 41
1 31 33 11 22 22 41 23 44 11 41 32 32 24 44
1 11 23 11 44 22 41 23 41 11 11 33 33 22 44
1 11 23 11 24 22 41 23 44 14 41 33 33 22 44
1 11 33 11 22 22 41 22 44 11 44 32 33 22 44
1 31 23 11 22 22 41 33 44 11 41 33 22 22 44
1 33 33 14 22 23 41 33 44 14 11 32 33 22 44
1 11 22 14 24 23 11 22 44 14 41 33 32 22 41
1 33 23 14 22 22 41 33 44 14 44 33 33 22 44
1 31 22 11 22 22 11 23 41 14 41 33 33 24 44
1 31 33 11 22 22 41 22 11 14 44 32 33 24 44
1 31 33 11 22 23 11 22 44 14 44 33 33 22 44
1 33 23 11 22 23 41 23 44 14 44 33 32 24 44
1 33 22 11 22 22 41 22 44 11 44 32 32 22 44
1 11 23 14 24 22 41 23 44 11 41 32 33 22 44
1 31 23 14 24 23 44 22 44 14 41 33 33 24 44
1 31 22 14 22 22 44 22 44 14 41 33 33 22 44
1 33 22 11 22 23 41 22 44 11 41 33 33 22 44
1 31 23 11 22 23 41 22 44 14 41 33 33 22 41
1 31 33 14 22 22 41 23 44 14 11 33 33 22 44
1 31 22 11 22 23 44 22 44 11 44 33 33 24 44
1 31 23 11 22 22 41 23 44 44 11 32 33 24 44
1 31 23 11 24 22 44 22 44 11 41 33 32 24 44
1 31 23 11 22 22 41 23 44 11 41 33 33 22 41
1 31 22 14 24 23 44 22 44 14 41 33 33 24 41
1 33 22 14 22 23 41 22 44 14 11 33 33 22 44
1 31 22 11 22 22 41 22 44 14 44 33 33 22 44
1 33 23 14 24 23 41 22 44 11 41 33 32 24 44
1 31 22 11 22 23 41 33 41 14 44 32 33 22 44
1 31 23 11 24 23 44 22 44 14 41 33 33 24 44
1 31 23 11 22 22 44 23 44 11 11 33 33 22 44
1 11 23 11 22 22 41 23 44 14 44 33 33 24 44
1 11 22 14 22 22 41 23 44 11 41 32 33 22 41
1 33 23 11 22 22 41 23 44 11 41 33 33 22 44
1 31 23 11 22 22 44 33 41 14 44 33 33 22 44
1 33 23 11 22 22 41 23 41 44 11 33 33 22 41
1 11 23 11 22 22 11 22 44 11 41 33 33 22 44
1 33 23 11 24 23 44 22 11 11 41 32 32 22 41
1 31 23 14 22 23 11 23 44 14 11 33 33 24 44
1 31 22 14 22 22 41 23 41 11 44 33 32 22 44
1 33 22 11 22 22 44 22 44 14 41 33 32 22 44
1 31 23 11 22 22 44 22 44 14 44 33 33 22 44
1 31 23 11 22 22 41 22 44 14 41 33 32 22 44
1 11 33 11 22 22 44 23 44 11 44 33 33 22 44
1 31 23 11 22 22 44 33 44 14 11 33 32 22 11
1 31 23 11 22 22 44 22 44 14 44 33 33 22 44
1 11 23 11 24 23 41 22 44 14 44 33 33 22 44
1 31 23 11 22 23 44 22 44 14 44 33 33 22 44
1 31 33 11 22 23 44 23 44 11 11 33 33 22 41
1 33 33 11 24 23 41 22 44 11 44 33 32 22 44
1 31 23 11 24 23 41 22 44 14 41 32 33 22 41
1 11 22 11 22 23 41 23 41 14 11 32 33 22 41
1 31 23 11 22 22 41 22 44 44 44 32 33 24 41
1 11 23 11 22 23 44 22 44 44 44 33 32 22 44
1 31 22 11 22 22 44 22 44 14 44 33 33 24 44
1 11 23 11 24 22 41 23 44 11 41 33 33 24 44
1 33 23 11 22 23 11 22 41 14 44 32 33 24 41
1 31 23 11 22 22 41 22 44 11 11 33 32 22 44
1 11 22 11 22 22 41 22 41 14 44 33 33 22 44
1 31 33 14 22 22 41 23 44 11 44 33 33 24 41
1 31 33 11 22 22 44 23 41 14 44 33 33 22 44
1 33 22 11 22 23 44 22 41 14 44 33 33 22 44
1 33 22 11 22 22 41 22 44 14 44 33 33 22 44
1 11 33 14 22 23 41 22 44 44 41 32 32 24 44
1 31 22 11 22 22 41 22 44 11 41 33 33 22 44
1 31 33 14 22 22 41 22 41 11 41 33 33 24 44
1 11 23 14 22 22 44 23 44 14 41 33 32 24 44
1 11 23 14 24 23 41 22 44 11 11 32 33 22 44
1 31 23 11 22 22 44 22 44 11 44 32 33 22 44
1 33 23 11 22 22 41 22 44 14 11 32 32 22 44
1 33 22 11 22 23 41 23 41 11 41 33 32 24 41
1 31 33 11 22 22 11 23 44 11 41 33 33 24 41
1 11 23 11 22 23 44 22 44 14 41 33 33 24 44
1 11 22 11 44 23 44 23 44 14 11 32 33 44 44
1 31 22 11 22 23 41 22 41 11 41 32 33 24 44
1 11 23 11 22 23 41 22 44 11 41 33 33 24 44
1 33 22 14 22 22 41 22 44 14 44 33 33 22 41
1 33 33 11 22 22 44 22 44 44 44 33 32 22 44
1 31 23 11 22 22 44 22 44 11 44 33 33 22 44
1 31 22 11 22 22 41 22 44 11 11 33 33 24 44
1 11 23 11 22 22 41 33 44 11 11 33 33 24 44
1 31 33 11 22 22 41 22 41 14 41 32 32 22 44
1 31 22 11 22 22 41 23 44 14 44 32 33 24 44
1 11 22 14 24 22 41 23 41 14 44 33 33 24 41
1 31 23 11 24 22 44 22 44 11 44 32 33 24 41
1 33 22 14 24 22 44 22 44 11 41 33 33 22 41
1 31 33 44 22 22 44 23 44 11 41 33 33 24 44
1 11 33 11 24 22 41 22 44 14 44 33 33 22 44
1 33 23 11 22 22 41 22 44 11 44 33 33 22 44
1 31 23 11 22 22 44 23 44 11 44 33 33 22 44
1 11 23 11 24 22 41 23 44 44 41 33 33 24 44
1 11 22 11 22 22 44 22 44 14 44 33 33 24 44
1 11 23 14 22 22 41 22 44 11 44 33 33 22 44
1 33 23 11 22 22 11 22 41 11 41 33 33 22 41
1 33 22 11 22 22 41 23 44 11 11 33 33 22 44
1 11 33 14 22 33 41 23 41 44 44 33 33 22 41
1 33 23 11 22 22 44 22 44 14 41 32 33 44 44
1 11 23 11 24 22 44 33 44 14 44 32 33 24 41
1 31 22 11 24 22 11 22 44 11 44 33 33 24 44
1 11 22 11 22 22 44 22 44 11 41 33 33 22 44
1 31 33 44 24 22 41 23 44 14 41 33 33 24 44
1 11 23 11 22 22 11 22 44 14 11 22 33 22 44
1 11 22 14 22 23 11 23 44 11 44 33 33 22 44
1 31 22 11 22 23 44 23 44 14 41 33 33 22 44
1 11 23 14 22 22 11 22 44 14 41 33 32 44 41
1 31 22 11 24 22 41 22 41 14 44 33 33 44 44
1 11 33 14 22 22 41 23 44 44 41 33 33 24 41
1 11 23 11 22 22 11 23 41 14 41 33 33 22 44
1 11 33 14 22 22 41 23 41 14 44 33 33 24 44
1 31 23 11 22 23 44 22 44 14 41 33 33 22 44
1 33 22 11 22 22 44 33 44 11 41 32 33 22 41
1 11 22 11 24 23 44 23 41 44 44 33 33 24 44
1 11 23 11 22 22 11 22 41 14 41 33 32 24 44
1 33 23 11 22 23 41 22 44 14 41 32 33 22 44
1 33 22 11 22 23 44 23 44 44 41 32 33 22 44
1 33 23 11 24 22 41 23 41 11 44 32 32 22 41
1 31 22 14 22 22 41 22 44 14 41 33 33 22 44
1 31 33 11 22 22 41 23 44 11 41 33 33 22 41
1 31 33 44 22 22 41 22 44 14 41 33 33 24 41
1 31 23 11 22 23 44 22 44 11 44 33 33 22 44
1 11 23 11 22 22 41 23 44 14 41 32 33 24 44
1 31 23 11 24 22 41 22 44 14 41 33 22 24 44
1 33 22 11 22 22 44 22 44 11 11 33 33 22 41
1 31 23 11 24 22 11 23 44 14 11 33 32 24 44
1 31 23 11 22 22 44 22 44 14 44 33 33 22 44
1 31 23 11 22 22 44 23 44 14 44 33 33 24 41
1 33 33 11 24 23 44 22 44 11 41 33 33 24 44
1 11 23 11 24 22 11 33 44 14 41 22 33 24 44
1 11 23 14 22 22 44 23 44 44 44 32 33 22 41
1 33 33 11 22 22 41 23 41 14 44 33 33 24 44
1 33 22 11 24 22 41 22 44 11 41 33 33 22 44
1 33 22 14 22 33 41 22 44 14 41 32 33 24 44
1 31 22 11 22 22 11 23 44 44 41 33 33 24 44
1 31 23 11 22 23 44 22 44 11 11 33 33 22 44
1 31 23 44 24 22 41 33 44 14 41 22 33 22 41
1 33 33 11 22 22 44 22 44 14 44 33 32 44 44
1 31 22 14 24 22 11 23 41 14 11 33 33 44 44
1 11 33 44 24 22 11 23 41 14 41 22 32 24 41
1 33 33 11 24 23 41 23 44 14 44 32 33 24 41
1 31 33 11 22 22 41 22 44 14 41 33 33 22 44
1 31 23 14 22 22 41 23 44 11 41 33 33 24 41
1 31 23 11 22 23 41 22 44 14 44 33 33 22 44
1 31 23 11 22 22 44 22 44 14 41 33 33 22 44
1 31 23 11 22 22 44 23 44 14 44 33 33 22 44
1 33 23 11 22 22 44 23 44 11 44 33 33 44 44
1 31 23 11 22 22 44 23 44 11 44 33 33 22 44
1 33 23 11 22 22 44 22 44 14 41 33 32 24 44
1 11 22 11 22 22 44 22 44 11 41 33 33 22 44
1 31 22 11 24 23 41 23 41 14 44 32 33 24 44
1 31 23 11 22 22 11 23 41 14 11 32 32 44 41
1 31 33 14 22 22 41 23 44 11 44 33 33 22 44
1 33 33 14 22 22 41 22 44 11 11 32 33 22 44
1 11 23 11 22 22 41 23 44 14 41 33 33 22 44
1 33 23 11 22 22 41 23 41 14 41 32 22 22 44
1 33 23 11 24 33 44 23 11 14 41 33 33 22 41
1 33 23 11 22 22 41 22 44 11 44 33 32 22 44
1 31 33 11 22 23 11 22 44 14 41 22 33 22 41
1 31 33 11 22 23 44 23 44 14 41 33 33 22 44
1 31 23 14 22 23 41 23 41 14 41 33 32 22 44
1 31 22 11 22 22 44 23 44 14 41 33 33 22 44
1 11 22 11 24 22 41 23 41 14 41 32 33 22 44
1 31 33 11 22 23 44 23 44 14 11 33 33 22 44
1 11 23 11 24 22 44 23 41 11 44 33 33 22 44
1 31 22 11 22 23 44 23 44 11 44 33 32 24 44
1 33 23 11 22 22 11 22 44 14 41 33 33 22 44
1 31 33 11 22 22 44 23 44 14 41 33 33 22 44
1 31 23 11 22 22 41 23 44 14 44 33 33 22 44
1 11 22 11 22 22 41 23 44 11 41 33 33 22 44
1 31 22 14 22 23 41 22 44 14 41 33 33 22 44
1 33 23 14 22 22 44 22 44 14 41 33 33 24 44
1 33 22 14 22 22 44 22 44 14 41 33 32 24 44
1 11 22 14 22 22 41 22 44 11 44 33 33 22 44
1 11 23 14 24 23 11 33 41 14 41 32 33 22 41
1 11 22 11 22 22 44 22 44 14 44 33 32 22 44
1 11 22 11 22 22 41 22 44 11 44 33 32 22 44
1 31 23 11 24 22 44 22 41 14 44 33 33 22 44
1 11 23 11 22 23 41 23 44 11 41 33 33 22 44
1 31 22 11 22 22 41 22 44 11 41 33 33 22 41
1 31 23 11 22 22 41 22 44 14 41 32 33 24 44
1 11 23 11 22 22 41 23 44 11 44 33 33 22 44
1 31 22 44 24 22 44 22 44 44 41 33 33 22 41
1 11 33 11 22 22 41 33 44 14 44 33 33 22 44
1 31 23 11 22 23 11 33 44 14 44 33 33 22 44
1 31 22 11 24 22 41 22 44 14 44 32 33 22 44
1 33 33 44 22 22 41 22 44 11 41 33 33 22 44
1 33 23 11 22 22 44 33 44 44 44 33 33 22 44
1 31 23 11 22 22 11 33 44 11 11 32 33 22 44
1 31 23 11 22 22 44 23 41 11 11 32 22 24 41
1 11 23 11 24 23 44 23 41 14 41 32 33 24 41
1 11 33 11 22 22 44 23 44 44 41 33 33 22 44
1 31 22 11 22 23 41 22 44 11 41 33 33 22 41
1 33 23 11 22 23 41 22 44 11 44 33 32 22 41
1 31 23 11 22 22 41 33 44 14 44 33 33 24 44
1 31 22 14 22 22 41 23 41 11 44 33 33 22 44
1 11 23 11 22 23 11 22 44 14 11 32 32 22 44
1 33 23 11 22 22 41 22 44 14 41 33 33 22 44
1 11 33 11 22 22 44 23 44 44 41 33 33 22 41
1 11 23 11 22 22 41 22 44 14 41 33 33 22 41
1 31 23 11 24 22 41 23 41 14 41 33 33 24 44
1 33 23 11 22 23 44 22 44 11 44 33 33 22 44
1 31 33 11 24 23 44 22 44 44 41 33 33 24 41
1 11 33 44 22 22 41 23 44 44 41 33 33 24 41
1 31 33 11 22 22 41 22 44 11 44 33 33 24 44
1 11 33 11 24 33 11 33 44 14 41 33 33 44 44
1 11 22 14 22 23 44 23 44 14 44 33 33 24 44
1 31 22 11 22 22 41 22 41 14 44 33 33 22 44
1 31 22 11 22 22 44 22 44 11 41 33 32 22 41
1 31 23 14 22 23 11 23 44 14 41 33 33 22 44
1 31 23 14 22 22 41 22 44 14 41 33 33 44 44
1 31 23 14 22 22 41 23 44 14 41 32 33 44 41
1 33 22 11 22 22 44 22 44 11 44 33 33 22 44
1 33 23 11 22 22 44 22 44 14 41 33 32 24 41
1 33 33 14 24 22 41 23 44 14 41 33 33 22 44
1 33 23 11 24 23 41 23 41 14 11 33 33 24 44
1 31 22 11 24 22 44 23 41 44 11 32 32 22 44
1 31 23 11 22 22 11 23 44 44 44 33 33 22 44
1 31 22 11 22 23 41 23 44 11 41 33 33 24 44
1 31 22 14 22 22 41 23 44 44 41 33 32 24 44
1 33 22 14 22 22 41 22 41 44 44 33 33 22 44
1 31 33 11 22 22 44 23 44 14 11 32 33 22 41
1 31 33 14 22 22 11 33 44 44 41 22 33 24 41
1 33 33 11 24 22 41 23 44 11 41 33 33 22 11
1 33 23 11 22 22 44 23 44 14 41 32 33 22 44
1 31 23 11 22 23 41 22 44 11 44 33 33 22 44
1 11 33 11 22 23 41 33 44 11 44 33 32 22 41
1 11 23 11 22 23 41 22 44 11 41 33 33 24 44
1 31 33 11 22 23 41 23 44 14 41 22 32 24 44
1 33 23 14 22 22 41 22 44 14 44 32 33 22 44
1 33 23 11 22 22 44 23 44 14 44 33 33 22 44
1 11 23 14 22 33 11 23 44 14 41 33 33 24 41
1 11 33 11 24 33 41 22 44 14 41 32 32 44 44
1 33 23 11 22 22 41 23 44 11 44 33 32 22 44
1 31 23 11 22 23 44 22 44 11 44 33 33 22 44
1 33 23 11 24 22 11 22 44 44 44 33 33 22 44
1 31 33 14 22 23 41 23 44 14 11 32 33 24 41
1 33 23 11 22 22 41 23 41 14 41 32 32 22 44
1 31 33 14 22 22 41 23 41 44 41 32 33 22 41
1 11 23 44 22 22 11 33 41 44 44 32 33 24 44
1 31 23 14 22 22 41 22 44 11 41 33 33 24 41
1 11 23 14 22 22 41 23 44 11 41 33 33 24 44
1 11 33 11 22 22 44 23 44 14 44 33 32 22 44
1 33 23 11 22 22 41 23 44 11 41 33 33 22 44
1 33 22 11 22 23 44 23 44 11 41 33 33 22 44
1 33 22 11 22 23 44 22 41 11 41 32 33 22 41
1 31 23 11 24 22 11 22 44 14 44 32 33 22 44
1 31 22 11 22 22 44 22 44 11 41 33 32 22 44
1 33 22 14 22 22 41 23 44 14 41 33 33 22 41
1 31 33 11 22 22 41 23 44 11 41 32 32 22 44
1 33 22 11 22 22 44 22 44 14 41 32 33 24 11
1 33 22 14 22 23 41 23 44 11 41 33 33 22 41
1 31 33 14 24 23 41 33 44 14 11 32 32 24 41
1 31 23 14 44 22 11 33 41 14 11 33 32 22 44
1 11 33 11 24 23 41 22 44 14 44 32 33 22 44
1 31 23 11 22 22 41 23 44 14 41 33 33 22 44
1 31 23 11 22 22 44 23 41 44 44 32 33 22 41
1 31 33 11 22 22 11 23 41 11 41 33 33 22 41
1 33 23 11 24 23 41 22 44 14 11 33 33 22 41
1 33 23 11 22 22 41 23 44 44 41 33 33 22 44
1 33 22 11 22 22 44 22 44 14 41 33 33 22 44
1 31 22 11 22 22 41 22 44 44 41 33 33 24 44
1 11 23 11 22 22 41 22 44 11 41 33 33 22 44
1 33 23 11 22 22 41 22 44 14 41 33 32 22 11
1 33 23 14 22 22 44 23 44 11 41 33 33 22 44
1 31 23 14 22 22 41 33 41 11 11 33 33 22 41
1 31 22 11 22 23 44 22 41 44 44 32 33 24 44
1 31 33 11 22 22 41 22 44 14 44 33 33 22 44
1 33 22 11 22 22 41 22 44 14 44 32 33 22 44
1 33 33 11 22 22 44 22 44 44 41 33 32 24 41
1 31 23 11 22 22 44 23 44 11 11 33 32 44 11
1 11 23 11 22 22 44 22 41 11 41 32 32 22 44
1 11 33 11 22 22 41 22 44 14 44 32 32 44 44
1 31 22 44 22 22 41 22 44 11 41 33 33 24 44
1 31 23 11 22 22 44 33 44 14 11 33 32 22 44
1 33 22 14 22 22 41 22 44 14 41 33 33 24 44
1 33 23 11 22 22 41 22 44 14 41 33 33 24 44
1 11 23 11 22 22 11 23 44 11 41 33 32 44 44
1 31 33 11 22 22 41 23 44 14 11 33 33 22 44
1 33 23 11 22 22 44 22 41 14 41 32 33 22 44
1 31 33 11 22 22 44 22 44 14 44 33 32 24 41
1 33 23 14 22 22 11 22 44 11 11 33 33 24 44
1 31 23 11 22 23 44 23 44 14 44 32 33 22 44
1 33 22 11 22 23 44 22 44 14 11 33 33 24 41
1 33 23 11 22 22 44 23 41 14 11 33 33 24 41
1 31 23 11 22 23 11 22 41 14 44 33 33 22 44
1 33 23 11 22 23 41 23 44 14 11 33 33 44 44
1 33 22 11 22 22 11 22 44 14 41 33 32 22 44
1 31 22 11 22 22 11 23 44 11 41 33 33 22 44
1 31 22 14 22 22 41 22 44 11 41 33 32 22 44
1 31 22 11 22 22 44 22 44 14 44 33 33 22 44
1 31 23 11 22 22 41 22 44 11 11 32 33 22 44
1 11 23 11 22 22 41 22 41 14 41 33 33 24 44
1 33 23 11 22 22 41 22 44 14 41 33 33 24 44
1 11 23 11 22 23 41 23 44 14 41 33 32 22 41
1 31 22 11 24 23 11 23 44 44 11 32 33 22 44
1 33 22 11 22 22 41 22 44 11 44 33 33 22 41
1 33 23 14 24 33 11 22 44 11 44 33 33 22 41
1 31 33 14 24 22 41 23 44 11 41 32 33 22 44
1 31 33 11 22 22 41 22 44 11 44 33 33 22 44
1 11 23 14 22 22 44 23 41 14 11 32 32 22 41
1 31 23 11 22 22 11 23 41 14 44 33 32 24 44
1 33 23 11 24 22 11 22 44 11 44 32 33 22 44
1 31 23 11 22 22 41 22 44 11 44 33 33 24 44
1 11 23 14 22 23 41 22 41 14 44 33 33 22 41
1 31 23 11 22 22 44 22 44 14 44 33 33 22 44
1 11 33 14 22 22 11 22 44 14 44 32 33 24 41
1 33 22 11 22 22 44 22 41 14 41 33 33 24 44
1 33 22 11 22 22 11 22 44 11 44 33 33 22 44
1 33 33 11 22 22 11 33 44 14 41 32 32 22 44
1 33 23 14 22 22 44 23 41 11 41 32 33 22 44
1 31 23 11 22 23 44 22 44 11 44 33 33 22 44
1 33 22 11 22 22 44 22 44 14 41 33 33 22 44
1 11 23 11 22 23 41 23 44 44 44 33 32 24 44
1 31 22 14 22 23 41 22 44 14 11 33 32 22 44
1 11 22 11 22 22 41 23 44 11 44 33 33 24 41
1 33 23 11 22 23 11 22 44 11 44 33 32 22 44
1 33 22 11 22 22 11 22 44 14 41 33 32 24 44
1 33 23 11 22 23 44 23 44 14 41 33 33 24 44
1 31 23 11 24 22 44 22 44 11 11 33 33 24 44
1 33 23 11 22 22 44 22 41 14 44 32 33 22 44
1 31 22 14 22 23 44 22 44 11 44 33 33 22 44
1 33 22 11 24 23 41 23 44 14 41 33 33 22 41
1 31 22 11 22 23 44 23 44 14 41 33 33 22 44
1 33 23 14 22 22 44 23 44 14 11 32 33 24 44
1 31 23 11 22 22 44 22 44 11 44 32 33 22 41
1 11 22 11 24 22 44 22 44 14 41 32 33 24 44
1 31 23 44 22 22 41 23 44 14 41 33 32 24 44
1 31 22 14 22 22 41 22 44 11 41 33 33 44 44
1 31 23 11 22 23 44 22 44 14 41 33 22 24 41
1 31 22 11 22 23 44 22 44 14 44 32 33 22 41
1 31 23 11 22 23 44 22 44 14 41 33 33 24 44
1 31 22 11 22 23 41 23 44 14 41 33 33 22 44
1 33 23 11 22 22 41 22 44 14 44 33 33 22 44
1 31 23 11 22 22 41 23 44 11 41 32 33 22 44
1 31 23 11 24 33 41 22 44 14 44 33 22 24 44
1 31 23 11 24 23 41 22 44 11 41 33 33 22 41
1 31 23 11 22 33 44 23 44 11 41 33 33 24 44
1 33 23 11 24 22 41 23 44 14 44 32 33 24 44
1 31 23 11 22 22 41 22 41 11 41 33 33 22 44
1 31 23 11 22 22 41 22 44 11 44 33 33 22 44
1 31 23 11 22 23 41 22 44 44 44 33 33 22 44
1 33 23 11 22 22 44 22 44 11 44 33 33 22 44
1 31 22 44 22 22 41 22 44 11 41 32 33 24 44
1 31 23 14 24 23 11 22 44 14 41 33 33 24 41
1 11 22 14 24 22 11 23 41 14 41 33 32 24 44
1 31 23 11 22 22 11 22 44 11 41 33 32 24 44
1 31 22 11 22 22 41 23 44 11 44 33 33 24 44
1 11 22 11 22 22 41 22 44 14 44 32 33 24 41
1 33 23 11 22 22 44 23 44 11 41 33 33 22 44
1 33 23 11 22 22 41 22 44 14 44 33 33 22 44
1 11 23 14 22 22 41 22 41 14 41 32 32 24 44
1 33 33 14 22 23 44 22 44 14 41 32 33 22 44
1 31 33 14 22 23 41 22 44 14 11 32 33 22 44
1 33 23 14 24 22 41 22 44 14 44 32 33 22 44
1 33 22 14 22 22 41 23 44 11 41 32 32 22 44
1 11 22 11 22 22 44 23 44 14 41 33 33 22 44
1 11 22 11 22 22 41 23 44 14 41 33 33 22 44
1 31 23 14 22 23 41 23 41 14 44 32 33 24 44
1 31 33 14 22 33 41 23 44 14 41 33 33 24 44
1 33 33 44 22 33 41 23 44 14 11 32 32 24 41
1 31 33 14 24 22 41 22 44 14 11 33 33 22 44
1 31 33 14 22 33 44 23 44 14 44 33 32 22 44
1 33 22 11 24 22 44 33 44 14 44 32 33 22 44
1 11 33 14 22 22 41 22 44 14 11 33 32 22 44
1 31 23 11 22 23 41 22 41 11 41 33 32 24 44
1 11 22 11 22 23 41 22 44 11 41 33 33 24 44
1 31 22 11 22 22 41 23 44 11 11 33 33 24 44
1 33 23 11 22 22 44 22 44 14 44 22 33 22 41
1 33 33 11 22 22 44 22 44 11 44 33 32 22 41
1 31 23 11 22 22 44 22 44 11 41 33 33 24 44
1 11 23 11 22 22 11 23 44 14 11 32 32 24 41
1 33 23 11 22 22 41 22 44 11 44 33 33 22 44
1 33 23 11 22 23 41 22 44 11 44 33 32 24 11
1 31 22 11 22 22 44 22 44 11 41 32 33 22 44
1 33 22 11 22 23 41 22 44 11 44 33 33 22 44
1 31 23 14 22 23 41 23 41 11 41 33 32 22 44
1 31 22 11 24 23 44 22 44 14 11 33 33 22 41
1 33 22 11 24 22 44 23 44 44 11 33 33 22 44
1 33 33 11 22 23 41 22 44 44 11 32 33 22 41
1 11 23 11 22 22 41 23 44 11 44 32 33 22 44
1 31 23 14 22 22 41 22 44 11 11 33 32 22 41
1 31 23 11 22 23 44 22 44 11 41 33 33 24 44
1 33 33 14 22 22 41 23 41 14 11 33 33 22 44
1 31 23 11 22 23 41 23 41 14 41 33 33 24 41
1 11 22 11 22 22 44 22 44 14 41 32 33 22 44
1 33 23 11 24 23 41 23 44 14 44 33 22 22 44
1 11 23 11 22 23 11 22 41 14 11 33 32 24 44
1 33 23 44 22 22 41 22 44 11 44 33 32 24 44
1 31 23 11 22 23 41 23 41 11 41 32 33 24 44
1 11 23 11 22 22 41 33 44 14 44 33 33 22 44
1 11 22 11 22 22 41 23 44 44 44 33 33 22 44
1 31 23 11 22 23 41 22 41 11 44 33 32 22 44
1 33 22 11 22 22 41 22 44 11 44 33 33 22 44
1 11 22 11 22 22 44 23 44 14 44 33 33 24 44
1 11 33 11 22 22 44 22 44 14 44 32 33 22 44
1 31 22 14 22 22 44 23 44 11 44 33 33 22 44
1 33 23 11 22 22 44 23 44 11 44 33 33 22 44
1 11 22 11 22 23 41 22 41 11 44 32 33 24 44
1 31 33 11 22 22 41 22 44 11 44 33 33 24 44
1 33 23 11 22 23 41 23 41 11 41 33 33 22 44
1 31 33 14 22 22 11 22 44 11 11 33 33 22 44
