 rs262687 rs3123595 rs262685 rs2460002 rs2503701 rs6665593 rs7512482 rs262683 rs2460000
0 33 33 22 44 22 44 22 44 32
0 32 33 22 44 22 44 22 44 33
0 32 32 23 41 23 41 23 41 32
0 32 32 23 44 23 41 23 41 32
0 22 32 22 44 22 41 22 44 32
0 33 32 22 44 22 41 22 44 32
0 32 32 23 44 23 11 23 41 33
0 32 33 22 44 22 44 22 44 33
0 33 33 22 44 22 41 22 44 33
0 33 33 22 44 22 41 23 44 33
0 32 22 22 44 22 41 22 44 32
0 33 32 22 44 22 41 22 44 22
0 33 33 22 44 22 41 22 44 33
0 22 33 22 44 22 44 23 44 32
0 22 32 33 41 23 41 22 41 32
0 33 32 22 44 22 44 22 44 33
0 32 32 22 41 23 41 22 44 32
0 32 33 22 44 22 44 22 44 33
0 32 22 23 41 23 41 22 41 22
0 22 32 23 41 23 41 22 44 32
0 33 32 22 41 22 41 22 44 22
0 32 32 22 41 23 44 22 44 33
0 22 22 22 44 23 11 22 44 32
0 32 32 23 44 23 41 23 41 32
0 33 22 22 44 33 11 33 41 22
0 32 32 22 44 23 41 23 41 32
0 32 32 23 44 22 44 22 44 32
0 32 33 22 41 23 41 33 44 32
0 22 22 23 44 22 41 23 41 32
0 32 32 23 44 23 41 23 41 32
0 32 32 22 44 22 44 23 44 33
0 32 33 22 44 22 44 22 44 33
0 22 22 23 11 33 11 33 44 22
0 32 33 22 44 22 41 22 44 33
0 32 33 23 44 23 41 23 44 32
0 22 32 23 44 22 44 22 44 22
0 32 32 23 44 22 41 33 41 32
0 32 32 23 44 23 44 23 44 32
0 33 32 22 44 22 44 22 44 33
0 22 22 33 11 33 11 23 11 22
0 33 33 22 44 22 44 22 44 33
0 32 32 22 44 22 44 23 44 33
0 22 32 23 44 23 11 22 41 32
0 32 32 22 44 22 41 22 44 32
0 33 22 23 44 22 44 23 41 32
0 33 33 22 44 22 41 22 44 22
0 33 32 22 44 22 41 23 44 32
0 32 33 22 41 22 41 23 44 33
0 32 32 23 41 22 44 22 41 32
0 32 32 23 41 23 41 23 41 32
0 32 33 23 41 23 44 23 41 22
0 32 33 22 44 22 41 22 44 33
0 32 32 23 41 22 41 23 41 33
0 33 33 22 44 22 44 22 44 33
0 32 32 23 44 23 44 23 41 22
0 32 32 23 44 23 41 23 41 32
0 22 22 33 41 23 11 33 41 22
0 32 22 23 44 33 41 33 41 32
0 33 33 22 44 22 44 22 44 33
0 22 32 23 44 33 11 23 44 22
0 32 32 33 41 22 11 23 44 22
0 33 32 23 44 22 41 23 44 32
0 32 32 22 44 22 41 22 44 33
0 22 32 23 41 23 41 33 44 22
0 33 33 22 44 22 44 22 44 32
0 22 32 23 44 23 11 33 41 32
0 33 33 22 44 33 41 22 44 33
0 32 32 22 44 23 41 23 44 32
0 22 32 33 44 22 11 22 44 22
0 32 22 23 11 23 41 23 41 32
0 32 22 22 44 23 41 33 44 22
0 22 33 22 44 22 41 22 44 22
0 32 22 23 44 23 41 23 44 32
0 33 33 22 44 22 44 23 44 32
0 32 32 23 41 23 41 22 41 22
0 32 32 23 44 23 41 22 41 32
0 32 22 23 41 23 41 23 11 32
0 33 33 22 44 22 44 22 44 33
0 32 32 23 44 33 11 23 41 22
0 32 32 22 44 22 44 22 44 32
0 32 32 23 44 22 41 33 41 22
0 32 32 23 41 23 41 22 44 32
0 33 32 23 44 22 41 23 44 22
0 33 33 22 44 23 11 22 44 33
0 32 33 22 44 22 44 22 44 33
0 32 32 22 44 23 41 22 44 32
0 32 32 22 44 22 44 22 44 32
0 33 33 22 44 23 41 23 44 32
0 32 22 23 44 22 44 23 44 32
0 32 32 22 44 22 41 23 44 32
0 32 33 23 44 22 11 22 44 22
0 33 32 23 44 22 41 22 44 22
0 22 32 22 41 22 44 22 41 32
0 32 32 22 44 22 41 22 44 33
0 22 22 33 41 33 11 23 11 32
0 32 22 33 44 23 41 33 11 22
0 22 22 22 44 22 41 23 41 22
0 22 32 23 41 23 11 22 44 33
0 32 32 23 44 22 41 23 44 32
0 22 22 23 44 22 44 23 44 32
0 32 22 23 44 22 41 33 41 22
0 33 22 22 44 23 44 22 44 32
0 32 22 23 44 23 11 23 41 32
0 32 32 22 44 22 41 23 44 33
0 22 33 23 44 22 11 22 44 32
0 22 32 23 44 33 41 33 11 22
0 32 32 22 44 22 44 22 41 32
0 22 22 33 44 33 11 23 41 22
0 33 33 23 41 22 41 23 41 32
0 33 33 23 44 22 44 22 44 22
0 33 32 23 44 23 44 23 44 33
0 22 22 33 44 23 11 23 41 22
0 32 22 23 41 23 11 23 11 22
0 33 32 22 44 22 44 22 44 33
0 32 32 23 44 23 41 23 41 32
0 32 32 23 41 23 41 33 41 32
0 32 22 23 44 23 41 23 44 32
0 22 32 22 41 23 11 22 44 32
0 33 32 22 44 23 44 33 44 32
0 33 22 22 44 22 41 23 44 32
0 22 33 22 41 23 41 22 44 32
0 22 32 33 44 23 41 22 44 22
0 33 33 22 44 22 44 22 44 22
0 33 32 33 44 22 11 22 41 32
0 32 32 22 44 22 41 23 44 33
0 22 22 22 44 22 41 23 44 32
0 33 33 22 44 22 44 22 44 32
0 32 33 23 44 22 44 22 44 33
0 33 33 22 44 23 44 22 44 32
0 32 32 22 41 22 41 33 44 32
0 32 33 22 44 22 44 23 44 32
0 33 32 23 44 23 44 22 44 33
0 32 22 23 44 22 41 22 44 33
0 33 32 22 41 23 41 22 41 33
0 32 32 23 44 22 41 23 44 32
0 32 22 22 44 22 11 33 44 32
0 33 33 22 44 22 44 22 44 32
0 33 32 23 41 22 44 23 44 32
0 22 33 33 41 23 41 23 44 32
0 22 32 33 41 33 41 22 41 32
0 22 22 23 44 23 11 23 44 22
0 33 33 22 44 22 44 22 44 32
0 33 32 23 41 22 44 22 44 33
0 33 22 22 41 22 41 22 44 22
0 32 32 23 41 23 41 23 41 33
0 32 32 22 44 22 11 22 41 22
0 33 32 22 44 22 41 22 44 33
0 22 33 33 44 23 44 23 41 22
0 33 33 22 44 22 44 22 44 32
0 33 32 22 44 22 44 22 44 22
0 32 32 22 44 23 41 23 44 32
0 32 33 22 44 23 44 23 44 33
0 32 33 22 44 22 41 22 44 33
0 22 22 23 41 23 11 33 41 22
0 32 33 22 44 22 44 22 44 32
0 32 33 22 44 22 44 22 44 33
0 22 22 23 41 22 44 23 11 22
0 33 33 23 44 22 44 22 44 33
0 33 32 23 44 22 41 22 44 32
0 33 32 23 44 22 41 23 44 33
0 32 22 23 11 23 11 23 41 22
0 22 22 23 44 23 11 33 41 22
0 33 32 22 41 22 41 23 44 33
0 32 32 23 44 23 41 23 44 22
0 32 33 22 44 22 44 22 44 33
0 32 33 23 44 22 44 22 44 33
0 32 33 22 44 22 44 22 44 32
0 32 32 23 41 23 41 23 44 32
0 33 33 22 41 22 44 22 44 32
0 32 32 22 44 22 44 22 44 32
0 32 32 22 44 22 41 22 44 22
0 33 33 22 44 22 44 22 44 32
0 22 22 33 11 33 11 33 44 22
0 22 22 22 41 22 44 23 44 33
0 22 22 33 11 23 44 33 44 22
0 22 22 33 44 23 11 33 44 22
0 33 32 33 44 23 41 33 41 22
0 33 33 22 44 22 44 22 44 32
0 32 22 22 41 22 11 23 41 22
0 33 33 22 44 22 44 22 44 33
0 32 32 23 41 22 41 33 44 22
0 32 32 22 41 22 41 22 41 33
0 32 32 23 41 22 44 22 44 32
0 33 22 22 41 22 41 23 44 22
0 33 32 22 44 22 44 22 44 32
0 33 33 22 44 22 44 22 44 33
0 33 33 22 44 22 44 22 44 33
0 33 33 22 44 22 44 22 44 33
0 32 32 23 44 23 11 23 44 32
0 32 32 22 41 22 41 23 41 22
0 32 32 23 41 23 11 33 41 32
0 22 32 23 44 23 41 23 44 22
0 32 32 23 41 23 44 23 44 32
0 33 33 22 44 22 44 23 44 33
0 22 22 33 11 33 11 33 11 22
0 32 33 22 44 22 44 22 44 33
0 32 32 23 44 22 41 22 44 33
0 32 32 22 44 23 44 22 41 33
0 33 33 22 44 22 44 23 44 33
0 32 32 23 44 23 41 23 44 32
0 22 22 33 44 22 11 33 44 22
0 32 32 23 41 22 41 23 44 32
0 32 22 23 41 23 11 23 44 22
0 33 33 22 44 22 44 22 44 33
0 33 22 23 44 22 11 23 44 22
0 33 33 23 44 22 44 22 44 33
0 32 33 22 44 23 41 22 44 22
0 32 22 22 44 22 11 22 44 33
0 32 33 22 44 23 44 22 44 33
0 32 32 23 11 23 11 23 41 32
0 32 32 22 44 23 41 22 44 22
0 32 22 23 44 22 11 22 44 22
0 32 33 23 44 22 44 23 44 32
0 32 33 23 44 23 41 23 44 32
0 32 32 22 44 22 44 22 44 33
0 32 32 33 44 22 44 23 44 32
0 32 32 33 41 23 41 23 44 22
0 22 22 22 44 22 44 22 41 33
0 32 32 23 41 23 41 22 41 32
0 32 33 33 44 22 41 22 44 32
0 33 32 23 41 22 44 22 44 33
0 33 33 22 44 22 44 22 44 33
0 33 33 22 44 22 44 22 44 33
0 33 22 22 44 22 44 22 44 33
0 32 33 22 44 22 44 23 44 32
0 22 22 33 41 23 11 23 44 22
0 33 33 22 44 22 44 23 44 33
0 22 32 23 44 33 41 23 41 22
0 33 32 22 44 22 11 22 44 22
0 22 32 23 44 23 41 22 44 32
0 33 33 22 44 22 44 23 44 32
0 22 22 22 44 23 44 22 41 22
0 33 33 22 44 22 41 22 44 32
0 22 22 23 44 23 41 23 41 32
0 32 32 23 44 22 44 23 44 32
0 33 33 22 44 22 11 22 44 33
0 32 32 23 41 23 41 23 44 32
0 33 33 22 44 22 44 22 41 32
0 33 33 22 44 22 41 22 44 33
0 33 33 22 44 23 41 22 41 33
0 33 33 23 44 22 44 23 44 32
0 32 32 23 44 23 41 23 44 32
0 32 32 22 44 23 11 23 44 22
0 32 33 22 44 23 41 23 44 32
0 33 32 22 41 23 44 23 41 32
0 33 33 22 44 22 41 22 44 32
0 32 32 33 44 22 11 23 41 33
0 22 22 33 44 23 11 23 41 22
0 32 32 33 44 23 11 33 44 22
0 32 22 33 44 22 41 22 11 22
0 32 33 23 44 23 11 22 44 32
0 33 33 23 44 23 44 23 44 32
0 33 32 22 44 23 44 22 44 32
0 22 32 23 41 23 41 23 44 32
0 32 32 22 41 23 41 22 44 22
0 33 33 22 44 22 44 23 44 32
0 32 32 23 41 23 44 22 41 32
0 22 33 23 44 23 11 22 41 32
0 32 33 23 41 22 41 23 41 32
0 22 32 23 41 23 41 23 41 32
0 32 33 23 44 22 41 23 44 32
0 32 32 23 44 22 41 22 41 33
0 32 22 22 44 22 11 22 44 22
0 32 32 23 44 23 41 23 41 22
0 32 32 22 41 22 41 23 41 32
0 32 33 22 44 23 41 23 44 32
0 32 32 22 44 23 44 22 44 32
0 32 33 22 44 22 44 22 44 32
0 33 33 22 44 22 44 22 44 33
0 32 33 23 44 22 44 22 44 32
0 33 33 22 44 22 44 22 44 32
0 32 33 23 41 23 41 23 41 32
0 33 33 23 41 23 41 23 41 32
0 33 33 22 44 22 44 22 44 32
0 33 32 23 44 22 41 22 44 33
0 32 22 23 44 23 44 22 41 32
0 33 33 22 41 22 41 33 44 32
0 32 32 23 44 22 11 33 44 22
0 32 32 22 44 22 41 23 44 32
0 32 32 22 41 22 44 23 44 22
0 32 22 23 44 22 11 23 44 32
0 33 32 22 44 22 44 22 44 33
0 32 33 22 44 22 41 22 44 32
0 32 33 22 44 22 44 22 44 33
0 32 22 33 11 23 11 33 41 22
0 33 33 22 44 22 44 22 44 33
0 32 22 23 44 23 41 22 44 32
0 33 33 22 44 22 44 22 44 33
0 32 32 23 44 23 44 23 44 32
0 33 32 22 44 23 41 23 44 33
0 33 32 22 44 22 41 22 44 22
0 32 32 23 41 23 41 23 41 32
0 33 33 22 44 22 44 23 44 33
0 33 32 23 44 22 44 22 41 32
0 33 33 22 44 22 44 22 44 33
0 33 33 22 44 22 44 22 41 33
0 32 33 22 44 23 44 22 44 32
0 32 32 22 44 23 44 22 44 32
0 33 33 22 44 22 44 22 44 33
0 32 32 33 11 23 11 23 44 22
0 22 32 23 44 33 41 23 11 22
0 32 33 22 41 22 44 22 44 33
0 33 33 22 44 22 44 22 44 33
0 33 33 22 44 22 44 22 44 32
0 32 33 23 44 23 44 23 44 22
0 33 33 22 44 22 44 22 44 33
0 33 32 22 41 33 44 22 41 33
0 32 22 23 44 23 44 23 44 32
0 22 32 22 41 23 11 23 41 22
0 32 33 22 44 22 44 22 44 32
0 22 32 33 41 33 11 23 41 32
0 33 32 22 44 22 44 22 44 32
0 32 32 23 44 23 44 22 44 33
0 33 33 22 44 22 44 22 44 32
0 22 32 22 44 22 44 22 44 22
0 22 22 33 44 33 11 33 11 22
0 32 33 22 41 22 41 23 44 32
0 33 33 22 41 22 41 23 44 33
0 33 33 22 41 22 41 23 44 33
0 32 32 22 44 23 41 23 41 32
0 33 33 22 44 22 44 22 44 32
0 22 33 22 44 22 44 22 44 22
0 32 22 23 41 23 11 23 41 22
0 33 33 23 44 22 11 22 44 22
0 33 33 23 41 22 11 22 44 33
0 33 32 22 44 22 44 23 44 33
0 33 32 22 44 22 44 23 44 32
0 32 33 23 41 22 41 23 41 33
0 33 33 22 44 23 44 22 44 33
0 22 32 33 44 23 44 33 44 32
0 32 32 23 41 23 41 23 41 32
0 32 32 23 44 23 41 33 41 22
0 33 32 22 44 22 44 22 44 32
0 22 22 33 41 22 41 22 44 32
0 32 33 23 44 22 44 22 44 33
0 22 32 22 44 22 44 23 41 22
0 32 32 23 41 23 11 23 41 22
0 33 32 33 41 22 41 23 41 32
0 22 22 33 11 33 11 22 44 22
0 33 33 22 44 22 44 22 44 32
0 32 32 23 41 22 41 23 44 22
0 32 32 23 44 22 41 22 41 32
0 32 32 23 44 22 41 22 44 33
0 32 22 33 41 23 41 23 41 32
0 32 33 22 44 23 44 22 44 32
0 22 33 22 44 22 44 22 44 33
0 32 32 23 41 23 41 22 44 32
0 33 33 22 44 22 44 23 44 33
0 32 33 23 44 22 44 22 41 33
0 33 33 22 44 22 44 22 44 33
0 32 32 23 44 23 44 22 44 32
0 32 33 22 44 22 44 22 44 32
0 33 32 22 44 22 41 23 41 32
0 32 32 23 41 23 11 22 44 32
0 33 33 22 44 22 41 22 44 32
0 33 32 22 44 22 41 23 44 32
0 22 22 23 44 22 41 23 44 32
0 32 32 23 44 23 41 23 44 33
0 33 33 22 44 22 41 22 44 32
0 33 33 22 44 22 44 23 44 33
0 33 32 23 44 22 44 22 44 32
0 33 32 22 44 22 44 23 44 33
0 33 33 22 44 22 41 22 44 33
0 32 32 23 44 23 41 23 41 32
0 32 32 23 41 33 41 23 44 22
0 22 32 23 41 23 11 33 44 22
0 33 32 23 44 23 41 22 41 22
0 32 33 23 44 23 41 23 44 32
0 22 32 22 44 23 41 22 44 32
0 32 32 33 41 33 41 22 44 22
0 22 33 23 44 22 41 23 41 22
0 32 22 23 41 22 11 33 44 32
0 32 32 23 41 23 41 23 44 22
0 32 32 22 44 23 41 22 44 33
0 32 32 23 41 22 41 23 41 32
0 33 33 22 44 22 44 22 44 33
0 32 32 33 41 23 11 23 41 22
0 33 32 22 44 22 44 22 44 33
0 32 32 23 11 23 41 33 44 32
0 32 22 23 44 23 44 22 41 32
0 32 32 23 41 23 41 22 41 32
0 22 32 33 41 22 41 33 44 32
0 33 32 22 44 23 41 23 44 32
0 33 32 23 44 23 44 23 44 33
0 22 32 22 44 23 11 33 44 22
0 22 22 33 11 33 11 33 11 22
0 33 32 22 41 22 44 22 44 32
0 22 33 23 44 23 44 23 44 33
0 33 32 22 44 22 44 22 44 32
0 22 22 33 44 23 41 23 41 32
0 33 33 22 44 22 44 22 44 32
0 32 22 22 44 22 44 22 41 32
0 32 33 22 44 22 44 23 44 33
0 32 33 22 44 22 44 22 44 33
0 33 33 22 44 22 44 22 44 33
0 33 32 22 44 22 41 22 44 33
0 32 32 22 44 22 41 23 44 33
0 22 32 33 44 23 41 23 44 32
0 32 32 23 44 22 11 23 44 22
0 33 32 23 44 23 41 23 44 33
0 33 33 23 44 22 44 22 44 32
0 33 33 22 44 22 44 22 44 33
0 22 32 22 44 33 44 23 41 22
0 22 32 23 44 22 41 23 41 22
0 32 32 22 44 23 11 22 44 33
0 33 22 23 41 22 11 22 44 32
0 32 32 22 41 22 44 22 44 32
0 22 32 33 44 23 41 33 44 22
0 32 32 22 41 23 44 23 44 22
0 33 32 22 44 22 41 23 44 32
0 33 32 23 44 22 44 22 44 32
0 22 32 23 44 22 41 23 44 33
0 22 22 33 41 23 41 23 41 22
0 22 22 22 44 23 41 22 44 33
0 32 32 22 44 22 41 22 44 32
0 32 32 23 41 23 41 23 41 22
0 32 32 23 41 23 41 23 41 22
0 33 33 22 44 22 44 22 44 33
0 22 33 22 44 22 41 23 44 32
0 33 32 22 41 23 41 23 44 32
0 32 32 23 44 23 11 23 41 22
0 32 32 22 44 22 44 22 44 32
0 32 32 23 44 23 44 23 41 22
0 33 32 23 44 22 41 23 44 32
0 22 32 33 41 33 11 33 44 22
0 33 33 22 44 22 44 22 44 33
0 22 33 23 44 22 44 23 41 22
0 33 33 22 44 22 44 22 44 33
0 32 32 23 41 23 41 23 41 33
0 32 32 23 44 22 41 22 44 32
0 33 32 22 44 22 44 23 44 32
0 33 32 23 44 22 41 23 44 32
0 32 22 23 44 23 11 23 41 22
0 32 22 23 44 22 41 23 41 22
0 22 22 33 41 22 11 23 41 22
0 33 33 22 44 23 11 22 44 33
0 32 32 22 44 22 41 22 44 32
0 32 32 22 44 22 44 22 44 22
0 32 33 22 44 22 44 22 44 33
0 32 33 22 44 22 44 22 44 33
0 32 33 23 41 23 11 22 44 32
0 33 33 22 44 22 44 22 44 33
0 32 22 23 44 22 41 22 44 22
0 32 33 22 44 22 41 22 44 32
0 32 33 23 44 22 41 23 44 32
0 32 32 22 44 22 44 23 44 32
0 32 32 23 41 22 41 23 44 22
0 32 32 22 41 22 41 23 41 32
0 32 32 23 41 22 41 22 41 32
0 22 32 22 41 23 11 23 41 32
0 33 33 22 44 22 41 22 41 32
0 32 32 23 44 22 41 22 41 32
0 33 33 22 44 22 44 22 44 33
0 32 22 23 41 22 41 23 44 32
0 22 32 22 41 22 41 23 41 32
0 32 32 22 44 22 41 23 44 33
0 33 33 23 41 33 11 23 41 32
0 32 32 23 41 23 41 23 44 32
0 22 32 23 44 33 11 23 44 32
0 22 22 22 44 23 41 23 41 32
0 32 33 23 44 23 44 22 44 22
0 32 32 22 44 22 11 23 44 32
0 33 32 23 44 23 44 22 44 32
0 32 32 22 44 22 41 23 44 22
0 32 32 23 41 22 11 23 41 32
0 22 32 22 44 23 11 23 44 22
0 22 22 23 41 23 41 23 44 22
0 32 33 22 44 22 44 22 44 32
0 33 33 33 44 23 41 23 44 32
0 32 32 23 44 23 41 23 44 32
0 32 33 22 44 22 41 23 44 33
0 33 33 23 41 22 41 23 41 32
0 33 33 22 44 22 44 22 44 32
0 32 22 23 41 22 41 22 44 22
0 33 32 22 44 22 11 23 44 22
0 33 33 23 44 22 41 23 44 32
0 33 32 22 44 22 41 23 44 32
0 22 33 22 44 23 41 22 44 32
0 32 22 23 44 23 41 22 41 32
0 22 22 33 44 33 11 33 44 22
0 33 33 22 44 22 44 22 44 33
0 22 22 33 41 33 41 33 44 22
0 33 33 22 44 22 41 22 44 32
0 32 33 22 44 22 44 22 44 32
0 33 33 22 44 23 11 33 44 32
0 32 33 22 44 23 41 23 44 33
0 32 33 23 44 22 41 22 44 32
0 33 33 22 44 22 44 22 41 33
0 33 33 22 44 22 41 22 44 33
0 33 33 22 44 22 41 23 44 32
0 32 32 22 44 22 41 23 41 33
0 33 32 22 44 22 44 22 44 33
0 22 32 23 41 33 41 33 41 32
0 33 32 22 44 23 44 33 44 32
0 33 33 22 44 22 41 22 44 32
0 32 33 23 41 22 41 23 44 22
0 32 32 23 44 23 41 23 44 32
0 32 22 22 41 33 41 23 44 22
0 33 32 23 44 22 44 22 44 33
0 32 32 23 41 23 11 22 41 22
1 33 32 23 41 23 41 23 41 32
1 33 33 22 44 22 44 23 44 32
1 32 32 22 44 22 41 22 44 33
1 33 33 22 44 23 44 22 44 33
1 33 33 23 44 23 41 22 44 33
1 32 32 23 44 23 41 23 44 22
1 22 32 22 44 23 44 22 44 32
1 32 32 23 44 22 44 22 44 33
1 32 32 22 44 22 41 23 44 32
1 33 33 22 44 22 44 22 44 33
1 33 33 22 44 22 44 22 44 33
1 33 32 23 44 22 41 23 44 22
1 22 22 23 41 23 41 23 41 32
1 22 22 23 41 33 11 33 41 22
1 33 32 23 44 22 44 22 44 32
1 32 33 23 44 22 44 23 44 32
1 32 22 23 44 23 44 23 44 22
1 32 32 23 44 22 11 23 41 32
1 22 22 33 41 33 11 33 41 22
1 32 32 23 41 22 44 23 44 32
1 32 32 22 44 22 41 23 44 32
1 32 33 22 44 22 41 23 44 32
1 33 33 22 44 22 44 22 44 33
1 33 33 22 44 22 41 23 44 32
1 32 32 22 41 33 11 23 44 22
1 33 33 22 44 22 41 22 44 32
1 33 33 22 44 22 11 22 44 33
1 32 22 23 44 22 41 22 44 32
1 22 22 22 44 22 11 33 41 22
1 33 33 22 44 22 41 23 44 33
1 32 22 23 41 22 41 22 41 22
1 32 32 23 41 22 41 23 41 32
1 33 22 22 44 23 44 33 44 32
1 32 32 22 44 22 44 22 44 32
1 22 22 33 44 22 41 23 41 32
1 32 32 23 41 23 11 23 41 22
1 22 32 22 44 23 41 23 41 32
1 22 32 23 41 33 11 23 44 22
1 22 32 23 41 23 41 23 11 32
1 33 33 22 44 23 41 23 41 32
1 32 32 22 44 23 41 23 41 33
1 33 33 22 44 22 41 22 44 33
1 32 22 22 41 23 11 23 41 22
1 32 22 22 44 23 11 22 44 22
1 33 32 23 41 23 41 22 44 22
1 32 22 23 41 23 41 23 41 32
1 32 22 23 44 23 11 23 41 32
1 22 22 33 11 33 11 23 44 22
1 32 32 33 41 22 41 33 44 32
1 32 32 23 44 23 44 22 44 32
1 33 33 23 44 22 41 22 44 32
1 32 33 22 44 23 41 23 41 33
1 32 22 22 44 23 41 22 44 22
1 33 22 22 44 23 11 33 41 32
1 32 32 33 41 23 11 33 44 22
1 22 22 22 44 23 41 22 44 22
1 33 33 22 44 22 44 23 44 32
1 33 33 22 44 22 44 23 44 32
1 32 32 23 41 22 44 22 41 32
1 33 33 22 44 22 44 22 44 33
1 32 32 22 44 22 41 22 44 32
1 22 32 23 44 22 11 22 41 22
1 22 32 22 44 22 41 23 44 32
1 32 22 22 44 22 44 23 44 32
1 33 33 22 44 22 44 22 44 33
1 33 32 23 41 22 44 22 44 32
1 33 33 22 44 23 44 23 44 32
1 32 22 23 44 22 41 22 44 32
1 33 33 22 44 22 44 22 44 32
1 33 32 22 44 22 41 22 44 33
1 33 33 23 44 22 44 22 44 32
1 33 32 22 44 23 41 23 44 32
1 33 32 23 44 22 41 23 44 22
1 32 32 23 44 22 41 23 44 32
1 33 32 23 41 22 41 22 44 22
1 22 32 23 44 23 44 23 44 32
1 32 32 22 44 23 41 22 41 32
1 32 32 22 44 23 41 22 41 32
1 33 32 23 44 22 41 33 44 22
1 22 22 23 11 33 11 33 11 22
1 32 33 23 44 23 41 22 44 22
1 32 32 23 44 23 11 23 41 32
1 33 33 22 44 22 44 23 44 22
1 32 32 22 44 23 41 23 44 32
1 22 33 23 41 23 41 22 41 32
1 32 33 22 44 22 44 22 44 33
1 22 33 22 44 22 44 23 44 33
1 32 33 23 41 23 44 22 44 32
1 32 33 23 44 22 44 22 44 32
1 33 32 22 44 22 44 22 44 33
1 33 33 22 44 22 44 22 44 32
1 32 32 22 41 23 44 22 44 32
1 22 32 23 41 23 11 33 41 32
1 33 33 23 44 22 41 23 44 33
1 32 22 22 44 22 41 22 44 32
1 32 33 22 44 22 44 23 44 33
1 33 33 22 41 22 41 23 44 32
1 22 32 22 44 23 44 23 44 32
1 33 33 22 41 22 41 22 44 32
1 22 32 33 44 23 44 23 44 22
1 22 32 22 44 23 44 23 44 32
1 33 33 22 41 22 41 22 44 33
1 22 22 23 44 33 11 23 44 32
1 32 32 23 41 23 41 33 41 22
1 22 22 23 41 23 11 23 11 22
1 32 32 23 41 23 41 23 41 22
1 32 33 22 44 22 44 22 44 32
1 32 32 22 44 23 41 23 41 22
1 33 22 23 44 23 41 23 44 22
1 32 32 23 41 22 41 23 44 32
1 33 32 22 44 22 44 22 44 33
1 32 32 23 44 22 41 23 41 22
1 22 32 33 41 23 41 23 41 32
1 22 32 22 41 23 44 33 41 33
1 32 32 22 44 22 41 22 44 32
1 33 33 22 44 22 44 22 44 33
1 32 33 22 44 22 41 22 41 22
1 33 33 22 44 23 11 22 44 32
1 33 22 22 44 22 44 22 44 33
1 32 32 22 44 22 44 22 44 33
1 32 32 23 41 22 41 23 41 32
1 22 22 23 11 33 11 23 41 22
1 33 32 22 44 22 11 23 44 22
1 22 22 33 41 33 11 33 11 22
1 32 32 23 11 23 11 23 44 32
1 33 32 22 44 23 41 23 44 33
1 33 33 22 44 33 11 22 41 22
1 33 32 23 44 22 44 22 44 33
1 32 32 22 44 22 41 23 41 32
1 32 33 23 44 23 41 22 44 32
1 32 22 33 41 33 11 33 11 22
1 32 33 22 44 22 41 22 44 33
1 22 32 23 41 23 41 23 41 32
1 32 32 23 41 23 41 23 41 32
1 32 32 23 44 22 44 23 44 33
1 32 33 22 41 23 41 23 44 33
1 33 32 22 44 22 41 22 41 32
1 33 33 22 41 22 41 23 44 32
1 22 32 33 41 23 41 33 44 32
1 32 22 22 41 22 11 22 44 32
1 32 33 23 44 22 41 23 44 22
1 32 32 33 41 23 11 23 44 32
1 33 22 23 44 22 44 23 44 32
1 32 32 23 44 22 11 33 44 22
1 22 22 23 11 33 11 33 41 22
1 32 32 23 44 23 11 23 44 22
1 32 33 23 44 22 44 22 44 33
1 32 22 23 44 22 41 22 41 33
1 32 22 23 41 23 41 23 41 22
1 33 32 22 41 23 44 23 44 33
1 33 33 22 44 22 44 22 44 32
1 33 33 22 44 22 44 22 44 32
1 32 22 23 41 22 11 23 44 32
1 33 22 22 44 22 44 23 44 32
1 22 32 33 44 23 41 23 44 22
1 33 33 22 44 22 41 22 44 33
1 32 22 33 44 23 11 23 41 32
1 22 22 22 44 22 44 23 44 33
1 33 33 22 44 22 44 22 44 33
1 32 32 23 41 22 41 23 44 32
1 32 33 22 44 22 41 22 44 33
1 22 22 33 44 23 11 23 41 32
1 32 33 23 44 22 11 22 44 33
1 32 32 22 44 22 41 23 44 33
1 32 33 22 44 33 41 22 41 32
1 33 33 22 44 22 41 22 44 33
1 32 22 23 41 33 41 33 41 32
1 32 32 22 41 23 41 23 41 32
1 22 32 22 41 23 41 33 44 32
1 33 32 23 44 23 41 23 44 32
1 22 22 23 41 23 11 33 41 22
1 22 22 23 41 33 11 33 41 32
1 32 22 23 44 22 41 23 11 32
1 32 32 22 44 23 41 23 44 32
1 32 33 22 44 22 44 23 44 33
1 32 33 23 44 23 41 22 44 32
1 32 33 22 41 23 41 23 44 33
1 33 33 22 44 22 44 22 44 33
1 32 22 23 44 23 41 22 44 33
1 33 33 22 44 22 41 22 44 32
1 33 33 22 44 22 44 22 44 33
1 32 32 22 44 23 44 22 44 33
1 32 22 22 44 22 41 22 41 22
1 22 22 22 41 33 41 23 41 22
1 32 33 22 44 22 44 22 44 22
1 32 32 23 41 22 41 23 44 32
1 22 22 33 11 23 41 33 41 32
1 32 32 23 44 23 11 23 41 22
1 32 32 22 44 22 41 22 44 32
1 22 33 22 44 22 41 23 44 33
1 32 32 22 44 22 41 22 44 32
1 33 33 22 44 22 44 22 44 22
1 22 32 22 44 22 44 22 44 32
1 33 32 22 41 23 44 23 44 32
1 33 32 22 44 23 41 23 44 22
1 32 32 23 41 23 11 22 41 32
1 32 33 22 44 22 41 22 44 32
1 33 33 22 44 22 44 22 44 32
1 32 32 23 41 23 41 23 41 32
1 32 32 23 44 23 41 22 41 22
1 33 32 22 44 22 44 23 44 32
1 33 33 23 44 22 11 22 44 33
1 32 33 22 44 22 44 22 44 22
1 32 22 23 44 22 44 22 41 32
1 32 33 23 44 23 44 22 44 33
1 33 33 23 44 22 41 23 44 32
1 32 33 22 44 22 41 22 44 32
1 33 32 23 44 23 44 22 41 32
1 33 33 22 44 23 41 22 44 22
1 22 32 23 44 23 11 23 41 22
1 33 32 23 44 23 44 23 44 33
1 33 33 22 44 22 44 22 44 33
1 32 32 23 41 23 11 22 44 33
1 32 32 23 41 23 41 22 44 22
1 22 32 23 44 22 44 22 44 22
1 33 22 22 44 22 41 22 41 22
1 32 32 22 44 22 41 22 41 22
1 22 32 23 44 22 41 23 44 32
1 32 32 22 41 23 41 22 41 22
1 22 33 23 44 22 11 33 41 33
1 32 32 23 44 23 41 22 41 32
1 33 33 22 44 22 44 22 44 33
1 22 32 23 44 23 11 23 41 22
1 32 32 23 44 22 44 23 41 33
1 33 33 22 44 22 44 22 44 33
1 22 32 22 44 23 44 22 44 32
1 32 32 23 44 22 44 22 44 32
1 33 33 22 44 22 41 23 44 22
1 33 32 22 41 22 44 22 44 32
1 33 33 22 44 22 44 22 44 33
1 32 22 23 41 33 11 33 41 22
1 33 33 22 44 22 44 22 44 33
1 22 32 22 44 22 41 22 44 32
1 33 32 23 44 22 44 23 44 32
1 33 33 22 44 22 44 22 44 33
1 22 33 23 44 22 44 23 44 33
1 33 33 22 44 22 44 22 44 32
1 32 33 23 44 22 41 23 44 32
1 33 32 23 41 22 41 22 44 33
1 32 22 23 44 23 11 23 44 32
1 33 32 23 44 22 41 22 44 33
1 33 33 22 44 22 44 22 44 33
1 32 32 22 41 23 41 23 44 22
1 22 22 23 41 33 11 22 41 32
1 22 32 33 44 33 11 23 44 22
1 33 32 23 44 23 44 23 44 33
1 32 33 23 44 22 41 23 44 32
1 33 32 22 44 22 44 22 44 33
1 32 32 22 44 22 44 23 44 32
1 32 33 22 44 22 44 22 44 33
1 33 32 22 41 22 41 22 44 33
1 33 32 22 44 23 41 23 44 32
1 33 33 22 44 22 44 22 44 33
1 22 22 33 44 23 11 33 41 32
1 33 32 23 44 22 41 23 44 32
1 33 32 23 44 23 44 22 44 32
1 32 33 22 44 22 44 22 44 32
1 33 32 23 44 22 44 23 44 22
1 33 32 23 44 23 11 23 44 22
1 33 33 22 44 22 44 22 44 32
1 33 33 22 44 22 44 23 44 33
1 33 33 22 44 22 41 22 44 33
1 32 32 23 44 23 41 23 41 32
1 32 32 23 44 22 41 22 44 22
1 32 32 22 44 22 41 22 44 32
1 32 33 23 44 22 41 22 44 32
1 22 32 33 41 23 11 33 11 22
1 32 32 23 44 23 41 22 41 32
1 22 33 23 44 22 44 22 41 33
1 22 32 23 41 23 11 23 44 32
1 33 33 22 44 23 44 22 44 32
1 32 32 23 44 23 41 23 41 32
1 33 33 23 41 22 11 23 44 22
1 33 33 22 44 22 44 22 44 32
1 33 22 22 41 22 44 22 44 32
1 33 33 22 44 23 41 22 44 32
1 32 32 22 41 22 41 22 44 32
1 32 33 22 44 23 44 22 41 32
1 33 33 22 44 22 41 22 44 33
1 22 32 33 41 33 11 33 44 22
1 32 32 22 44 23 41 22 44 32
1 32 33 22 44 22 41 22 44 32
1 22 22 22 44 23 44 22 44 32
1 32 33 22 41 22 41 22 44 33
1 32 22 22 44 22 44 22 44 33
1 22 33 22 44 22 44 22 41 33
1 33 32 23 44 22 11 22 44 32
1 32 32 23 41 22 41 22 44 32
1 32 32 22 44 22 41 22 44 32
1 33 33 23 44 22 44 22 44 33
1 33 33 22 44 22 44 22 44 33
1 32 32 22 44 22 41 23 44 32
1 33 32 22 44 22 41 22 44 32
1 32 33 33 44 23 44 23 44 33
1 33 32 23 44 22 41 23 44 32
1 32 22 22 41 22 44 22 44 22
1 33 22 33 11 23 44 33 41 32
1 33 33 23 44 22 41 22 44 33
1 33 33 22 44 23 44 23 44 33
1 33 33 22 44 22 41 23 41 32
1 32 22 22 41 22 41 23 44 22
1 33 33 22 44 22 44 22 44 33
1 22 22 23 41 23 41 23 41 32
1 32 22 22 41 33 11 33 44 32
1 32 32 23 44 22 44 23 44 22
1 22 22 33 44 23 41 33 41 32
1 32 32 22 11 23 11 23 44 32
1 33 22 22 44 22 41 23 44 32
1 22 33 23 41 22 11 23 44 32
1 22 22 23 44 22 41 22 44 22
1 32 32 23 41 23 11 23 41 22
1 32 22 23 44 22 11 22 41 22
1 32 32 23 41 33 41 33 44 22
1 32 22 23 41 23 41 33 41 32
1 33 32 22 44 23 44 22 44 32
1 33 33 22 44 22 44 22 44 32
1 33 33 22 44 22 44 23 44 32
1 22 22 22 41 23 44 23 44 22
1 33 33 22 44 22 41 22 44 33
1 33 22 22 44 23 41 23 44 32
1 22 22 33 41 33 11 33 41 32
1 32 32 22 44 22 44 22 44 32
1 22 33 23 44 22 44 23 41 33
1 32 32 23 41 23 41 23 44 32
1 32 32 33 41 23 11 23 41 32
1 33 33 23 41 23 44 22 44 32
1 33 33 23 44 22 44 23 44 32
1 33 33 22 44 22 44 22 41 32
1 22 33 22 44 23 41 33 41 22
1 32 22 22 41 33 41 23 41 32
1 33 33 23 44 22 41 23 44 32
1 32 32 23 44 22 44 22 44 32
1 32 33 23 44 23 41 23 44 32
1 32 33 22 44 22 44 22 44 33
1 33 33 23 44 22 41 23 44 32
1 32 32 23 44 23 41 23 44 32
1 33 33 22 44 22 44 22 44 33
1 33 32 22 44 22 44 22 44 32
1 32 32 23 44 23 41 33 44 22
1 22 33 22 11 23 41 22 44 33
1 32 33 22 44 22 41 23 44 32
1 32 32 22 44 22 41 22 44 32
1 32 32 23 41 23 41 23 41 32
1 33 32 23 44 22 44 22 44 32
1 22 33 23 44 22 41 23 44 32
1 32 33 22 44 22 44 22 44 33
1 32 22 33 41 22 11 23 11 32
1 32 32 23 44 22 41 22 44 33
1 33 33 22 44 22 44 23 44 32
1 33 32 23 44 23 41 22 44 22
1 32 32 22 44 22 11 23 41 22
1 33 32 23 44 22 41 23 41 32
1 32 32 23 44 23 11 33 44 32
1 32 32 23 44 23 41 23 44 32
1 33 32 23 44 22 44 22 44 32
1 32 32 22 41 33 41 33 41 32
1 22 22 22 44 23 11 22 41 22
1 32 32 22 44 23 41 23 41 22
1 33 32 23 41 23 44 22 44 32
1 33 32 23 44 22 44 33 44 32
1 33 32 22 44 23 41 23 44 22
1 32 22 23 44 22 41 23 44 32
1 33 32 23 44 22 41 23 44 33
1 32 22 23 44 23 41 22 41 22
1 33 33 22 44 22 44 22 44 33
1 33 32 22 44 22 44 22 44 32
1 32 32 23 41 23 41 23 41 32
1 33 32 23 44 23 41 23 44 32
1 32 33 23 41 23 41 22 44 32
1 33 33 23 44 22 44 22 44 33
1 32 32 22 44 22 41 23 44 32
1 33 32 23 44 22 41 23 44 33
1 32 33 23 44 23 41 23 41 33
1 33 33 22 44 22 41 22 44 33
1 32 32 22 44 22 44 23 44 33
1 22 32 33 41 33 11 33 44 32
1 32 33 23 41 22 11 23 44 32
1 33 32 23 44 22 41 23 44 33
1 32 32 22 44 23 41 22 44 22
1 33 33 22 44 22 44 23 44 33
1 32 33 22 44 22 44 22 44 32
1 22 22 33 44 23 41 23 44 22
1 32 32 23 41 23 11 23 41 32
1 32 32 23 41 22 41 23 44 32
1 32 32 22 44 23 44 22 44 22
1 33 32 22 44 22 41 23 44 32
1 33 32 22 44 22 44 22 44 32
1 32 32 33 44 23 41 23 41 32
1 22 33 22 44 22 41 22 41 33
1 22 33 23 11 22 11 23 41 22
1 33 33 22 44 22 44 23 44 33
1 32 33 22 44 22 44 22 44 32
1 32 33 22 44 22 41 22 44 33
1 32 32 23 44 23 41 23 44 32
1 22 22 22 41 23 41 23 41 22
1 32 32 22 44 22 11 23 44 33
1 22 32 33 44 33 11 23 44 32
1 32 33 23 44 22 41 22 44 22
1 32 33 23 44 22 44 22 44 33
1 33 33 22 44 22 41 23 44 32
1 32 32 23 44 22 41 23 41 32
1 33 32 23 44 22 41 23 44 33
1 32 32 23 44 23 41 23 41 32
1 32 32 22 44 22 44 22 44 32
1 32 32 23 41 22 41 22 41 32
1 32 22 23 44 23 41 22 41 32
1 32 32 23 44 23 44 23 44 32
1 22 32 23 44 23 11 23 44 32
1 32 22 23 44 23 41 33 44 32
1 32 32 23 41 23 41 23 41 22
1 32 33 23 41 23 44 23 44 22
1 33 22 23 44 23 11 23 41 22
1 33 32 22 44 22 44 22 44 33
1 32 22 23 41 23 44 22 41 32
1 32 33 23 44 22 44 23 44 22
1 33 32 22 41 22 44 22 44 32
1 33 32 22 44 22 41 23 44 32
1 32 32 23 11 23 41 33 41 32
1 22 32 23 41 23 11 23 44 22
1 32 33 22 44 22 41 22 44 33
1 32 32 23 41 23 41 23 44 32
1 33 33 22 41 22 41 22 44 33
1 33 32 22 44 22 41 23 41 32
1 33 33 22 44 22 44 22 44 33
1 33 33 22 44 22 44 22 44 32
1 22 32 33 44 22 11 33 41 32
1 32 32 23 44 22 44 23 44 32
1 32 22 23 41 23 41 33 41 32
1 32 32 23 41 22 41 23 41 32
1 32 32 33 41 22 11 23 41 22
1 32 22 23 41 33 41 23 44 22
1 32 22 33 41 23 41 23 44 22
1 33 22 22 44 22 44 22 44 32
1 32 33 22 44 22 41 22 44 32
1 33 33 23 44 22 44 23 44 32
1 33 33 22 44 22 44 22 44 32
1 32 32 23 44 23 41 23 41 32
1 33 32 23 44 23 41 22 44 22
1 32 32 22 44 22 44 23 44 33
1 33 32 23 41 23 41 22 41 22
1 32 22 33 44 33 41 33 44 32
1 32 33 33 41 23 41 23 44 32
1 22 32 33 41 23 41 23 11 22
1 32 22 23 44 22 44 22 44 33
1 32 32 22 44 22 44 23 41 32
1 32 32 33 41 22 41 23 41 33
1 33 32 22 44 23 44 22 44 33
1 32 32 23 41 23 41 23 41 32
1 32 32 22 44 22 41 22 44 33
1 32 33 23 44 23 44 22 44 33
1 32 32 23 44 22 41 23 41 32
1 32 33 22 44 22 11 33 44 32
1 32 32 22 44 22 44 22 44 32
1 22 32 22 44 22 41 23 44 33
1 33 22 22 44 22 41 22 44 32
1 32 22 22 44 22 44 22 44 32
1 32 32 23 44 22 41 33 44 32
1 22 32 23 41 22 11 23 44 22
1 33 32 22 44 22 44 22 44 22
1 33 32 22 44 23 41 23 44 33
1 33 33 22 44 22 44 22 44 33
1 32 22 23 41 33 11 33 41 22
1 32 32 22 44 22 41 22 44 32
1 33 32 22 44 22 44 22 44 33
1 33 33 22 44 23 41 23 41 22
1 33 32 22 44 22 41 22 44 33
1 32 22 33 41 23 41 23 44 32
1 33 33 22 44 22 44 22 44 22
1 32 32 22 44 22 41 22 44 33
1 33 22 22 44 22 41 33 44 22
1 22 32 23 44 23 44 23 44 32
1 32 22 23 41 22 41 22 44 32
1 32 33 22 44 22 44 22 44 32
1 33 33 22 44 22 44 22 44 33
1 32 32 23 41 22 41 23 44 32
1 32 32 23 41 23 41 23 44 33
1 22 33 23 41 22 41 23 44 22
1 22 32 22 44 23 11 22 44 32
1 33 33 22 44 22 41 22 44 32
1 33 33 23 44 22 44 23 41 33
1 32 32 22 44 23 41 23 41 33
1 33 32 23 44 22 41 22 44 33
1 33 33 22 44 22 44 22 44 32
1 32 32 23 44 23 44 22 44 32
1 33 33 23 44 22 44 22 44 33
1 32 32 23 44 23 44 23 44 22
1 33 32 22 44 23 41 22 44 22
1 32 32 22 44 22 44 23 44 32
1 33 32 33 44 23 44 23 41 32
1 33 33 23 44 22 44 22 44 32
1 32 32 22 41 23 41 23 41 32
1 32 33 22 41 22 44 22 44 32
1 22 22 33 44 33 41 33 41 22
1 33 33 23 41 22 44 22 44 33
1 32 33 23 44 22 41 22 44 32
1 32 32 22 44 22 44 23 41 33
1 33 33 23 44 23 44 23 44 32
1 32 32 23 44 22 44 22 44 33
1 32 33 23 44 23 41 23 44 22
1 22 32 23 44 23 11 23 41 32
