 rs742662 rs1000313 rs10927670 rs2221926 rs4661575 rs7522074 rs10803352 rs4661318 rs3752934 rs532075 rs12040354 rs502918 rs6695209 rs7515649 rs10803354 rs1055412 rs910105 rs2235789 rs11807820 rs2235788
0 33 14 44 33 33 24 14 22 44 41 32 22 44 31 44 14 14 11 23 14
0 33 11 44 33 33 24 11 22 41 44 33 22 44 31 41 11 11 11 23 14
0 33 11 44 33 32 44 44 22 44 11 33 22 44 31 41 11 11 11 23 14
0 32 14 44 32 33 44 14 23 41 41 32 22 44 31 41 14 14 14 23 11
0 33 14 44 32 33 24 14 23 44 41 32 22 44 31 41 14 11 14 23 11
0 33 14 42 32 32 24 14 23 41 41 32 23 41 31 41 44 14 14 23 14
0 33 11 44 33 33 22 11 22 44 44 33 22 44 33 44 11 11 11 22 11
0 33 11 44 32 33 22 11 22 41 44 33 22 44 33 44 11 11 11 22 11
0 33 11 44 33 33 22 11 22 44 44 33 22 44 33 44 11 11 11 22 11
0 33 11 44 33 33 22 11 22 44 44 33 22 44 33 44 11 11 11 22 11
0 33 14 44 33 33 24 11 22 44 41 33 22 44 33 41 11 11 11 22 11
0 33 14 42 33 33 24 14 22 41 41 32 22 44 31 41 14 14 11 23 11
0 33 14 44 22 32 24 14 23 41 11 32 22 41 31 41 14 14 14 33 14
0 33 14 42 32 32 24 14 23 41 41 32 23 41 31 41 14 14 14 23 14
0 33 11 44 32 33 22 14 23 41 11 33 22 44 31 11 44 14 14 22 11
0 32 14 42 32 32 24 14 23 41 41 32 23 41 31 41 14 14 14 23 11
0 33 11 44 33 33 24 11 23 44 44 33 22 44 33 44 11 14 11 22 14
0 33 14 44 33 33 24 14 22 41 41 32 22 44 31 44 14 14 11 22 11
0 32 44 42 22 22 44 14 23 41 11 22 23 41 11 11 44 44 44 33 44
0 33 44 44 22 22 44 44 33 41 11 32 23 11 11 41 14 14 14 23 44
0 32 14 42 22 22 44 44 33 41 11 22 23 11 11 11 44 44 14 23 14
0 33 11 44 33 33 22 11 22 44 44 33 22 44 33 44 11 11 11 22 11
0 32 44 44 22 22 44 14 33 11 41 22 23 41 11 41 14 44 44 33 44
0 33 11 44 32 33 24 11 22 44 41 32 23 44 31 41 11 14 11 22 11
0 33 44 44 33 33 22 11 22 44 41 32 22 44 31 41 11 11 11 22 11
0 32 14 42 32 32 24 14 23 41 41 32 22 41 31 41 14 14 14 23 14
0 32 14 44 32 32 44 11 23 41 41 32 22 41 31 11 44 14 14 23 11
0 33 14 22 22 32 22 14 22 44 41 32 22 44 31 44 14 11 14 23 14
0 32 14 42 22 32 24 14 23 41 41 22 23 41 11 11 14 14 14 23 14
0 33 11 44 33 33 24 11 23 44 44 33 22 44 33 41 11 11 11 22 11
0 33 11 44 33 33 22 11 22 44 44 33 22 44 33 44 11 11 11 22 11
0 33 11 44 32 32 24 14 23 44 41 32 22 44 31 44 11 11 11 22 11
0 32 44 42 22 32 44 44 33 11 11 22 33 41 11 11 44 44 44 23 44
0 32 14 42 32 32 24 44 23 41 41 32 23 41 31 41 14 14 14 23 14
0 33 14 44 32 32 24 44 23 41 11 32 22 41 31 41 44 14 14 22 14
0 32 44 42 22 32 44 14 23 41 41 22 23 41 11 11 44 44 44 23 14
0 33 14 42 32 33 24 11 22 41 11 32 22 44 31 41 14 11 11 22 14
0 33 44 42 22 32 44 14 23 41 11 22 23 44 11 41 14 44 14 23 14
0 33 11 44 32 33 22 11 22 44 44 33 22 44 33 44 14 11 11 22 11
0 32 14 44 32 32 24 14 23 41 11 32 23 41 31 41 14 14 14 23 14
0 32 14 44 32 32 24 14 23 41 41 32 23 41 31 41 14 14 14 23 14
0 32 14 42 32 32 24 14 23 41 41 32 23 41 31 41 14 14 14 23 14
0 33 14 44 32 33 24 11 22 44 41 32 23 44 31 41 11 11 14 22 11
0 33 14 44 32 33 24 14 23 41 41 32 22 44 33 41 14 14 11 22 11
0 33 14 44 32 32 24 14 22 44 44 33 22 44 31 44 11 14 14 23 11
0 33 14 44 33 33 22 14 22 44 41 33 22 44 33 41 11 14 11 22 11
0 33 14 44 33 33 24 11 23 41 44 32 22 44 31 41 14 14 11 23 14
0 33 11 42 33 33 44 14 23 41 41 22 22 41 31 11 14 14 11 23 11
0 33 14 44 32 33 24 11 22 44 44 33 22 44 33 41 11 11 11 22 11
0 33 14 44 33 33 22 11 22 44 41 33 22 44 33 41 14 14 11 23 11
0 33 11 44 33 33 22 11 22 44 44 33 22 44 33 44 11 11 11 22 11
0 32 14 42 22 32 24 14 23 44 41 32 23 41 31 11 14 14 14 23 14
0 33 11 44 33 33 22 11 22 44 44 33 22 44 33 44 11 11 11 22 11
0 33 14 44 32 33 22 11 22 44 44 33 22 44 33 44 11 11 11 22 14
0 33 11 44 32 32 24 11 23 41 41 32 23 44 31 41 14 14 11 23 11
0 33 14 42 32 33 44 14 23 44 41 32 22 41 11 41 14 14 14 23 11
0 33 14 44 32 33 22 14 22 44 41 32 22 44 33 41 11 11 11 22 14
0 33 11 44 32 33 22 11 22 44 41 32 22 44 33 44 11 11 11 22 11
0 33 14 42 32 33 22 14 23 44 41 33 22 44 31 41 14 14 14 23 14
0 33 14 42 32 32 24 14 23 11 11 32 23 41 31 41 14 14 14 23 14
0 33 14 44 32 32 24 14 23 44 41 32 23 41 31 41 14 14 11 22 14
0 33 14 42 33 33 24 11 23 41 44 32 22 44 31 41 14 11 14 22 14
0 33 44 44 22 33 44 14 33 41 11 22 23 44 11 11 44 44 44 33 44
0 33 11 44 33 33 22 11 22 44 41 33 22 44 31 44 11 14 11 22 11
0 33 14 44 33 32 24 14 22 44 44 32 22 44 31 41 14 14 11 23 14
0 32 14 42 32 32 24 14 23 41 41 32 23 41 31 41 14 14 14 23 14
0 32 44 42 22 22 44 44 23 11 11 22 23 41 11 11 44 44 14 23 44
0 32 14 42 32 32 24 14 23 41 41 32 22 41 31 41 14 14 14 23 14
0 33 14 44 32 32 24 14 23 41 41 32 23 44 31 41 14 14 14 23 14
0 33 11 44 33 33 22 11 22 44 44 33 22 44 31 44 11 11 11 22 11
0 32 14 44 32 32 24 14 23 41 41 32 23 41 33 41 14 14 14 23 14
0 33 11 44 33 33 22 11 23 41 44 32 22 44 31 41 14 14 14 22 14
0 33 14 44 32 33 24 11 22 44 11 32 22 41 11 44 14 14 11 22 14
0 33 14 44 32 33 44 11 22 41 41 33 22 44 33 44 11 11 11 23 14
0 33 11 44 33 33 22 11 22 44 41 33 22 44 33 41 14 11 11 22 14
0 32 14 44 32 32 24 14 23 41 41 32 23 44 31 41 14 14 14 23 14
0 33 44 44 22 33 44 14 23 41 41 22 23 44 31 11 44 11 44 33 11
0 33 11 44 32 33 24 11 22 44 44 33 22 44 31 44 11 11 11 22 11
0 33 11 44 33 33 24 14 22 44 41 33 22 44 33 41 11 11 11 22 14
0 32 14 44 32 32 24 14 23 41 41 32 23 41 31 41 14 14 14 23 14
0 33 14 44 32 32 24 11 22 41 44 32 22 44 31 41 14 14 11 22 14
0 33 14 44 32 33 24 14 23 44 11 33 22 44 31 41 14 14 14 23 11
0 33 11 44 32 32 24 14 23 44 44 32 22 41 31 41 11 14 11 22 14
0 33 11 44 22 33 22 11 23 44 41 32 23 44 33 44 14 11 14 22 11
0 33 44 22 22 22 44 44 33 11 11 22 23 41 31 11 44 44 14 23 44
0 32 44 42 22 22 44 44 33 41 11 22 33 41 11 11 14 44 44 33 44
0 33 14 44 32 32 24 14 23 41 41 32 23 41 31 41 14 14 14 23 14
0 33 14 44 32 33 22 11 22 44 41 32 22 41 31 44 14 11 11 23 11
0 32 14 42 33 33 24 14 23 41 41 32 23 44 31 41 14 14 11 22 14
0 32 44 44 32 33 44 44 33 41 41 32 23 44 11 11 44 14 14 23 14
0 32 14 42 32 33 24 14 23 41 41 32 22 41 31 41 14 11 14 23 14
0 33 11 42 33 33 44 14 23 41 11 32 22 44 11 11 14 14 14 23 11
0 33 11 44 33 33 24 14 22 44 41 32 22 44 31 41 11 14 11 22 11
0 33 14 44 32 33 22 11 23 41 44 22 22 44 31 41 14 14 11 23 11
0 33 11 44 33 33 22 11 22 44 44 33 22 44 33 44 11 11 11 22 11
0 33 11 44 32 32 22 11 22 44 41 32 22 44 31 41 14 11 11 22 14
0 33 14 44 22 32 24 14 33 44 11 22 22 44 11 41 14 14 11 23 14
0 33 11 44 33 33 24 11 22 44 41 33 22 44 33 44 11 14 11 22 11
0 33 14 44 32 33 22 11 22 44 41 33 22 44 31 41 11 11 11 22 14
0 33 14 42 32 32 24 14 23 41 41 32 23 41 31 41 14 14 14 23 14
0 33 14 44 33 33 24 11 22 44 44 33 22 44 31 41 11 11 11 22 11
0 32 44 22 22 32 44 44 33 11 11 22 23 11 11 11 44 44 14 33 14
0 33 44 42 33 33 24 11 22 41 11 32 22 44 31 41 14 11 11 23 11
0 33 14 44 32 32 24 14 23 41 41 33 23 41 33 41 44 11 11 23 14
0 33 11 44 32 32 24 14 23 41 41 32 22 41 31 41 14 14 11 23 14
0 33 11 44 32 33 24 14 22 44 44 32 22 44 31 41 14 11 11 23 11
0 33 14 44 32 32 24 11 22 41 41 32 22 44 31 41 14 14 11 22 11
0 33 11 44 32 33 24 11 22 44 44 32 22 44 33 44 14 11 11 22 11
0 33 14 42 32 32 44 14 23 41 41 32 22 44 31 41 44 14 14 23 14
0 33 14 42 32 33 24 14 22 41 11 22 23 44 31 41 14 14 14 23 14
0 32 14 42 32 22 24 14 23 41 41 22 23 41 31 41 44 14 14 23 14
0 33 11 44 33 33 22 11 22 41 41 33 22 44 33 44 14 11 11 22 11
0 32 44 22 22 32 44 44 33 11 11 22 23 41 11 11 44 14 14 23 14
0 33 14 44 32 32 24 14 23 41 44 32 22 44 31 41 14 14 14 23 14
0 33 14 44 22 32 44 11 23 11 11 22 22 44 11 41 14 44 44 23 14
0 32 14 44 22 32 24 14 23 41 41 32 23 41 11 11 14 14 14 33 14
0 33 44 42 32 32 44 44 23 41 11 32 23 41 11 11 14 11 14 23 14
0 33 14 44 32 33 24 14 23 41 41 32 22 44 33 41 14 11 11 22 11
0 32 14 42 32 32 24 14 23 41 41 32 23 41 31 41 14 14 14 23 14
0 33 11 44 33 33 24 11 22 44 41 33 22 44 33 44 11 11 11 23 11
0 33 14 44 32 33 24 11 23 44 41 32 22 44 31 41 14 14 14 23 14
0 33 44 44 33 33 22 11 23 44 41 32 22 44 31 41 14 11 14 22 11
0 33 14 44 32 32 24 14 22 44 41 32 22 41 31 41 14 11 11 23 11
0 32 44 44 22 33 24 11 23 41 41 32 22 44 31 41 14 14 14 22 14
0 33 11 42 32 33 22 14 22 44 44 32 22 44 31 44 14 11 11 22 11
0 33 11 44 33 33 24 11 22 41 41 32 22 44 31 44 11 11 11 33 14
0 33 14 42 22 33 44 44 22 41 41 22 23 44 31 41 44 11 11 23 11
0 33 11 44 33 33 22 14 23 44 41 33 22 44 31 41 14 11 11 22 11
0 33 11 44 33 33 22 14 22 44 44 33 22 44 33 41 11 11 11 22 11
0 33 44 22 22 22 44 44 33 11 11 32 22 41 11 11 44 14 44 23 44
0 33 14 44 32 32 22 14 23 41 41 32 22 41 33 41 11 14 11 23 14
0 32 44 42 32 22 44 14 23 11 11 22 23 41 31 11 14 44 44 23 44
0 32 14 42 32 32 24 14 23 41 41 32 22 41 31 41 14 14 14 23 14
0 33 14 42 32 32 24 44 23 41 41 32 23 41 31 41 14 11 14 23 14
0 33 14 44 32 33 24 14 23 41 41 32 22 41 31 41 11 11 11 23 11
0 33 44 42 32 32 44 14 22 41 11 22 23 41 31 11 14 14 14 23 14
0 32 44 44 22 32 44 44 33 11 11 22 23 44 11 11 14 44 14 23 11
0 33 14 44 22 32 44 14 23 41 41 32 22 41 31 41 14 44 14 33 14
0 33 11 44 33 33 22 11 22 44 44 33 22 44 33 44 11 11 11 22 11
0 33 11 44 33 33 22 11 22 44 44 33 22 44 33 44 11 11 11 22 11
0 32 44 22 22 22 44 44 33 11 11 22 23 41 11 11 44 44 44 23 44
0 33 44 42 32 32 24 14 23 41 41 32 23 41 31 41 14 14 11 23 14
0 33 14 44 32 32 22 14 23 44 41 32 23 44 31 41 14 11 14 23 14
0 32 14 42 22 32 44 44 23 41 11 22 22 44 33 41 44 14 14 33 11
0 33 11 44 32 33 22 11 22 44 44 33 22 44 33 41 14 11 11 22 11
0 33 11 44 33 33 24 14 22 44 41 33 22 44 31 41 14 11 11 22 11
0 32 14 44 22 32 44 11 23 41 11 22 23 41 11 41 14 14 44 33 14
0 33 11 44 33 33 22 11 22 44 44 33 22 44 33 44 11 11 11 22 11
0 32 14 42 32 32 24 14 23 41 41 32 23 41 31 41 14 14 14 23 14
0 33 11 44 33 33 22 11 22 44 44 33 23 44 11 44 14 11 11 22 11
0 33 14 44 33 33 24 14 23 44 41 32 22 44 31 41 14 14 11 33 14
0 33 11 44 33 33 24 14 23 41 41 32 23 41 31 44 14 14 11 22 14
0 33 44 44 22 32 24 14 33 44 41 32 22 41 11 11 44 14 11 23 14
0 33 14 44 33 33 22 11 23 41 41 33 22 44 33 41 14 14 11 23 14
0 32 14 44 32 33 24 11 22 44 11 33 22 44 31 44 11 11 11 22 11
0 33 44 42 22 22 44 11 22 44 41 22 23 41 11 41 44 44 11 23 44
0 32 14 42 22 32 44 44 23 41 11 22 23 41 31 11 44 14 44 23 14
0 32 11 42 32 32 24 14 23 41 41 32 23 44 31 41 14 14 14 22 14
0 33 11 44 32 33 44 11 22 44 11 32 22 44 31 41 11 14 11 22 11
0 33 14 44 32 32 24 14 23 11 11 22 22 44 11 41 14 14 11 33 11
0 33 11 44 33 32 22 11 22 44 44 33 22 44 33 41 11 11 11 22 11
0 33 11 44 33 33 22 11 22 44 44 33 22 44 33 44 14 11 11 22 11
0 32 44 44 22 32 44 44 22 41 11 32 23 41 11 41 44 11 14 33 14
0 33 14 44 32 32 24 11 22 41 41 33 23 44 31 41 14 14 14 23 44
0 33 11 44 32 33 22 11 22 44 44 33 22 44 33 44 11 11 11 22 11
0 33 11 44 33 33 22 11 22 41 44 33 22 44 31 44 11 14 11 22 11
0 33 14 42 32 33 24 14 23 41 41 33 22 41 31 41 14 11 14 23 14
0 33 14 44 33 33 24 11 22 44 41 32 23 44 33 41 14 14 14 22 11
0 33 11 44 32 32 44 14 23 44 11 32 23 41 31 41 14 11 14 23 11
0 33 44 44 32 33 24 14 23 41 41 22 22 41 31 41 14 14 14 23 11
0 33 14 44 32 32 24 11 23 41 41 33 22 44 33 41 14 11 11 23 11
0 33 44 44 32 33 24 11 22 44 44 33 22 44 33 44 11 11 11 23 11
0 33 14 44 33 33 24 11 23 44 41 33 22 44 33 11 11 14 11 22 11
0 33 44 44 33 33 24 11 22 44 44 32 22 44 33 44 11 11 11 22 11
0 33 11 44 33 33 22 14 23 44 41 33 22 44 33 44 14 11 11 23 11
0 33 14 42 32 32 24 14 23 41 41 22 23 41 11 11 14 14 14 23 14
0 33 14 44 32 32 24 14 23 41 41 32 22 44 31 44 14 11 11 23 14
0 33 14 42 22 32 44 14 23 41 11 22 23 44 11 11 44 44 11 22 14
0 33 11 44 32 33 22 11 22 41 11 32 22 44 33 11 14 11 11 33 11
0 32 14 42 32 32 24 14 23 41 41 32 23 41 31 41 14 14 14 23 14
0 33 11 44 33 33 22 11 22 44 44 33 22 44 33 44 11 11 11 22 11
0 32 44 22 22 22 44 44 33 11 11 22 33 41 11 11 44 44 44 33 44
0 22 44 42 22 22 44 44 33 11 11 22 33 11 11 41 44 44 44 33 14
0 33 14 44 32 33 24 14 23 44 11 32 22 44 33 44 14 14 14 23 11
0 33 11 44 32 32 44 14 23 41 41 22 22 44 31 41 14 14 14 22 11
0 32 11 42 32 32 24 14 23 41 41 32 22 41 31 41 14 14 14 23 14
0 33 14 44 33 33 22 11 23 44 41 33 22 44 31 41 14 11 11 22 14
0 33 11 44 33 33 22 11 22 44 44 33 22 44 33 44 11 11 11 22 11
0 33 14 42 32 32 22 11 23 44 41 32 22 41 31 41 14 14 11 23 14
0 33 14 42 32 33 24 14 23 41 41 32 23 44 31 41 14 14 14 22 14
0 33 14 42 32 32 24 14 23 44 41 32 22 41 33 41 11 14 14 23 14
0 33 11 44 33 33 24 14 33 44 44 32 22 44 31 44 11 14 14 23 11
0 33 11 44 33 33 22 11 22 44 44 33 22 44 33 44 11 11 11 22 11
0 33 11 44 33 33 22 11 22 44 44 33 22 44 33 44 11 11 11 22 11
0 32 14 42 32 32 24 14 23 41 41 32 22 41 31 41 14 14 14 23 14
0 33 14 44 22 32 24 11 23 44 41 32 22 41 31 41 11 14 11 22 14
0 32 14 44 32 32 24 14 23 41 41 32 23 41 31 41 14 14 14 23 14
0 32 14 42 32 32 24 14 23 41 41 32 22 41 31 41 14 14 11 23 14
0 33 14 44 22 33 24 14 23 44 11 22 22 11 33 11 14 14 11 23 14
0 33 44 44 33 32 22 14 33 41 41 32 22 44 33 11 14 11 11 33 14
0 33 44 42 32 32 24 14 33 11 41 22 22 44 31 41 44 44 14 22 44
0 33 44 44 33 33 24 11 22 44 44 32 22 11 33 41 14 14 11 33 11
0 33 11 44 33 33 24 11 22 44 41 32 22 44 33 44 11 11 11 22 11
0 33 11 44 32 32 24 14 22 41 41 32 22 41 31 41 14 14 11 23 11
0 33 14 44 33 33 22 11 23 44 41 33 22 44 31 44 11 11 14 22 14
0 32 14 42 32 32 24 14 23 41 41 22 23 41 31 41 44 14 14 23 14
0 33 14 44 33 33 22 11 22 41 44 33 22 44 33 44 11 14 11 22 11
0 33 14 44 33 33 24 11 23 44 11 22 22 44 33 41 44 11 14 23 14
0 33 44 42 22 22 44 44 33 11 11 22 23 41 11 11 44 44 44 33 44
0 32 14 42 32 32 24 14 23 41 41 32 23 41 31 11 44 14 14 23 14
0 33 14 44 33 33 24 11 22 44 44 32 22 44 31 41 14 11 14 22 14
0 32 44 42 32 32 44 14 23 11 41 32 23 44 11 41 14 14 14 23 14
0 33 14 44 33 33 22 11 22 44 41 32 22 44 31 44 11 11 11 23 11
0 33 11 44 33 33 24 11 23 41 11 33 22 44 11 41 11 11 11 22 11
0 33 11 44 32 22 44 11 33 41 11 22 22 44 33 11 14 14 14 23 14
0 33 44 42 33 33 22 11 22 11 44 32 22 44 31 11 44 11 11 23 14
0 32 44 42 32 32 44 14 33 41 11 22 23 41 31 41 14 14 44 23 14
0 33 14 42 32 32 24 14 23 41 41 32 23 41 31 41 14 14 14 23 14
0 33 11 44 32 33 24 11 22 44 41 33 22 44 31 44 11 11 11 22 14
0 33 14 42 32 32 24 11 23 41 41 32 23 44 31 41 11 14 11 23 11
0 32 14 42 22 32 24 11 23 41 11 22 33 41 31 11 14 14 14 23 14
0 33 11 44 33 33 22 11 22 44 11 32 22 44 31 44 11 11 11 22 11
0 32 14 44 32 33 24 14 23 41 41 32 23 41 31 41 14 14 14 23 14
0 33 14 44 32 32 24 11 23 41 41 22 22 44 11 41 14 14 14 23 14
0 33 14 42 22 32 24 14 22 44 41 32 23 44 31 41 14 14 11 23 14
0 33 11 42 32 33 24 11 22 44 41 32 23 44 33 44 11 14 11 23 14
0 33 11 44 33 33 22 11 22 44 44 33 22 44 33 41 11 11 11 22 11
0 32 14 42 22 32 24 14 23 41 41 32 23 41 31 41 14 14 14 23 14
0 33 14 42 32 33 24 14 22 41 41 32 23 41 31 41 14 14 11 23 14
0 33 11 44 33 33 22 11 22 44 44 33 22 44 33 44 11 11 11 22 14
0 33 11 44 33 33 22 14 23 44 44 32 22 44 31 44 14 11 11 23 11
0 33 11 44 33 33 22 11 22 44 44 33 22 44 33 44 14 11 11 22 11
0 33 14 44 33 33 24 11 23 44 41 32 22 44 11 41 11 14 11 22 14
0 33 14 44 32 33 24 11 23 41 41 33 22 41 31 41 11 14 11 23 14
0 33 11 44 33 33 22 11 22 44 41 33 22 44 33 44 14 11 11 22 11
0 33 14 44 32 33 24 14 22 44 41 32 23 44 31 44 14 14 11 22 11
0 33 11 44 33 33 24 11 23 44 41 33 22 44 31 41 14 11 11 22 11
0 33 44 42 22 22 44 11 23 11 11 22 23 11 11 11 44 14 14 33 14
0 33 14 44 32 33 24 11 22 44 41 32 22 44 33 44 14 11 11 22 11
0 33 11 44 32 33 22 11 22 44 44 33 22 44 33 41 11 11 11 22 11
0 32 14 44 32 33 22 11 22 44 41 32 22 44 33 41 11 14 11 22 14
0 33 14 44 33 33 24 11 23 41 44 32 22 44 31 41 11 14 11 22 11
0 33 11 44 33 33 24 11 22 44 41 33 22 44 33 41 14 11 11 22 11
0 32 14 42 22 32 24 14 33 41 41 22 23 41 31 11 44 14 14 23 14
0 33 14 44 33 33 22 11 22 44 44 33 22 44 33 44 11 11 14 22 11
0 32 14 44 33 32 44 11 22 11 41 32 23 41 33 11 14 11 14 23 14
0 33 44 44 22 33 44 14 22 44 11 32 22 44 31 11 11 14 11 22 14
0 33 11 44 33 33 22 11 22 44 44 33 22 44 33 44 11 11 11 22 11
0 33 14 44 32 33 22 11 33 41 11 33 22 44 31 41 14 14 11 23 11
0 33 11 44 33 33 22 11 22 44 44 33 22 44 33 41 11 11 11 22 11
0 33 11 44 33 32 22 11 22 44 41 33 22 44 33 44 11 11 11 22 11
0 33 11 44 22 32 24 14 23 41 11 33 22 44 31 41 11 44 11 23 14
0 32 14 42 32 32 24 14 23 41 41 32 23 41 31 41 14 14 14 23 14
0 32 14 44 32 33 24 14 23 44 41 32 22 41 31 41 14 11 11 22 14
0 33 14 44 33 33 24 11 22 41 41 32 22 44 31 41 14 11 11 22 11
0 32 14 42 32 33 24 14 23 41 41 32 22 41 31 41 14 11 14 23 14
0 33 14 44 33 33 24 14 23 41 41 33 22 44 11 41 14 14 14 22 14
0 33 11 44 33 32 22 14 22 44 41 33 22 41 33 41 14 11 11 22 11
0 33 14 44 32 32 24 11 22 44 41 32 23 44 31 44 44 14 11 22 14
0 33 11 44 33 32 22 11 22 44 41 32 22 44 33 44 11 11 11 22 11
0 33 14 42 22 32 24 14 23 41 11 32 22 44 31 11 14 14 11 22 14
0 33 14 44 33 33 24 11 23 44 41 32 22 44 33 44 11 11 11 22 11
0 33 44 22 32 22 44 44 33 44 11 32 22 11 11 11 44 14 44 33 11
0 33 14 42 33 32 24 11 23 41 41 32 22 44 31 41 14 14 11 23 11
0 33 14 42 32 33 24 44 33 41 41 32 22 41 11 11 44 44 11 23 44
0 33 11 44 32 32 24 11 22 44 44 33 22 44 33 44 11 11 11 22 11
0 33 11 44 32 32 24 11 23 44 41 33 22 44 31 41 14 11 11 22 11
0 32 14 42 22 32 24 14 23 41 11 32 22 41 31 41 14 14 14 23 44
0 33 11 44 33 33 24 11 22 44 44 32 22 44 33 41 14 11 11 22 11
0 33 44 44 22 32 44 11 22 44 41 32 22 44 31 44 14 11 11 22 11
0 33 11 44 22 33 44 14 23 41 11 22 22 44 11 41 14 14 11 23 14
0 33 44 44 32 33 24 11 33 41 41 32 22 44 31 41 44 14 14 22 11
0 33 11 44 32 33 22 11 22 41 41 32 22 44 33 44 14 14 11 22 11
0 33 11 44 33 33 22 11 22 44 44 33 22 44 33 44 11 11 11 22 11
0 33 14 44 33 33 24 11 22 44 41 33 22 44 33 44 14 11 11 23 11
0 33 11 44 32 33 24 11 22 44 41 32 22 44 31 41 14 11 11 22 14
0 32 44 22 32 32 44 14 33 11 11 22 23 41 31 11 14 14 14 23 14
0 33 14 44 33 33 44 11 22 44 41 32 22 44 33 41 44 14 11 33 11
0 33 14 44 32 33 24 11 22 41 41 32 22 41 31 41 14 11 11 22 11
0 33 11 44 33 33 24 11 22 44 41 33 22 44 31 44 11 11 11 22 11
0 33 14 44 22 33 44 11 23 41 41 33 22 44 33 41 14 11 11 23 11
0 33 11 44 33 32 22 14 22 44 44 33 22 44 33 44 11 11 11 22 11
0 33 11 44 33 33 22 11 22 44 44 33 22 44 33 44 11 11 11 22 11
0 32 14 42 32 32 24 14 23 41 41 32 23 41 31 41 14 14 14 23 14
0 32 14 22 32 33 24 44 23 41 41 32 23 44 11 41 14 44 14 22 14
0 33 14 44 33 33 22 11 22 44 44 32 22 44 33 44 11 11 11 22 11
0 33 14 44 22 32 24 14 23 41 11 32 22 41 31 11 14 14 14 23 14
0 33 14 44 32 32 24 14 22 41 44 33 22 44 31 41 14 11 14 23 11
0 33 44 44 32 33 24 14 22 41 41 32 22 44 31 11 44 14 11 22 44
0 33 11 44 33 32 24 11 23 41 44 32 22 44 31 41 14 14 11 23 11
0 33 14 42 32 32 24 14 23 41 41 32 22 41 31 41 14 14 14 23 14
0 32 44 44 32 32 24 14 23 41 41 32 23 41 31 41 14 14 14 23 14
0 33 14 44 33 33 22 11 22 44 44 33 22 44 33 44 11 11 11 22 11
0 33 11 44 33 33 24 11 22 44 44 33 22 44 31 44 11 11 11 22 11
0 33 44 44 32 32 24 14 22 41 41 32 23 44 31 41 11 11 11 22 11
0 33 11 44 33 33 24 11 23 44 11 33 22 44 31 44 44 11 11 23 11
0 33 11 44 33 33 22 11 22 44 44 33 22 44 33 44 14 11 11 22 11
0 32 44 44 22 22 44 14 33 11 11 22 22 44 11 11 44 14 44 33 44
0 33 11 44 33 32 24 14 22 44 44 32 22 41 31 41 11 11 14 22 11
0 33 14 42 32 32 24 14 23 41 41 32 23 44 31 41 14 14 11 23 14
0 33 14 44 33 33 24 11 22 44 44 33 22 44 31 41 11 11 11 22 11
0 33 11 44 33 33 22 11 22 44 44 33 22 44 33 44 11 11 11 22 11
0 33 11 44 22 33 44 14 22 44 41 32 22 44 31 44 14 14 14 23 11
0 33 44 44 22 32 44 44 23 44 11 33 23 44 11 41 44 44 14 22 11
0 33 14 44 33 33 44 11 23 44 41 32 22 44 31 41 14 14 14 22 14
0 33 14 42 32 32 24 14 22 41 11 32 22 41 31 11 14 14 14 23 14
0 33 11 44 33 33 22 11 22 44 44 33 22 44 33 44 11 11 11 22 11
0 33 11 44 33 33 24 11 23 44 41 32 22 44 31 44 11 11 11 22 11
0 33 11 44 33 33 22 11 22 44 44 33 22 44 33 44 11 11 11 22 11
0 33 11 44 33 33 24 11 22 44 44 33 22 44 31 41 14 11 11 22 11
0 33 14 44 32 32 24 11 23 41 41 32 22 44 31 41 14 11 14 23 11
0 33 11 44 33 33 24 11 22 41 44 32 22 44 31 41 14 14 11 22 11
0 33 14 44 33 32 24 11 22 44 41 32 22 44 33 44 14 14 11 22 11
0 33 14 42 32 32 24 14 23 41 41 32 23 41 31 41 14 14 14 23 14
0 33 11 44 32 33 24 11 23 11 41 32 22 41 31 11 44 11 44 22 11
0 32 14 44 32 32 24 14 23 44 41 32 22 41 31 41 14 14 14 23 14
0 33 11 44 33 33 22 11 22 44 44 33 22 44 33 44 11 11 11 22 11
0 33 44 44 22 33 24 11 23 44 41 32 22 44 33 41 14 11 11 22 11
0 33 14 42 32 33 24 11 23 41 41 32 23 41 11 11 14 11 14 23 14
0 32 44 42 22 32 44 14 23 41 11 22 23 11 31 41 14 14 14 23 14
0 33 11 44 33 33 22 11 22 44 44 33 22 44 33 44 14 11 11 23 11
0 33 11 44 32 33 24 14 22 44 44 32 22 44 31 44 14 11 11 22 11
0 33 44 44 22 32 44 14 23 41 11 22 22 41 31 11 44 14 14 23 44
0 33 11 44 33 33 24 11 22 44 41 32 22 44 33 44 11 11 11 22 11
0 32 14 42 32 32 24 14 23 41 41 32 23 41 31 41 14 14 14 23 14
0 33 11 44 33 33 22 11 22 44 44 33 22 44 33 44 14 11 11 22 11
0 33 11 42 33 33 24 11 22 44 44 33 22 44 33 41 14 11 11 22 11
0 33 11 44 33 33 22 11 22 44 44 33 22 44 33 44 11 11 11 22 11
0 33 11 44 33 33 22 11 22 44 41 33 22 44 31 44 11 11 11 22 11
0 33 11 44 33 33 22 11 22 44 44 33 22 44 33 41 11 11 11 22 11
0 33 14 42 32 32 44 14 23 11 41 22 23 44 31 41 44 14 44 23 14
0 32 44 42 22 32 44 14 23 41 11 32 23 41 11 11 44 44 14 23 14
0 33 14 42 33 32 24 14 22 41 41 33 22 44 31 41 14 11 14 23 14
0 33 11 44 33 33 22 11 22 44 44 33 22 44 33 44 11 11 11 22 11
0 33 11 44 32 33 22 11 22 44 41 33 22 44 33 41 11 11 11 22 11
0 32 44 44 32 32 44 14 23 41 11 32 23 44 31 11 44 14 14 33 14
0 33 14 44 33 33 22 11 22 44 41 32 22 44 33 44 11 11 11 22 11
0 33 14 44 32 32 44 11 23 11 11 32 22 44 31 11 44 44 11 23 44
0 32 14 42 32 32 24 14 23 41 41 32 23 41 31 41 14 14 14 23 14
0 33 11 44 32 33 22 14 22 44 44 32 22 44 31 44 11 11 14 22 11
0 33 11 42 32 33 24 14 22 44 11 33 22 44 31 41 11 11 11 22 11
0 32 11 44 32 33 22 14 22 44 11 32 23 44 11 11 44 11 11 22 11
0 33 11 44 33 33 22 11 23 44 41 32 22 44 33 44 11 11 11 23 11
0 33 11 44 22 22 44 14 23 41 11 32 23 41 31 11 44 44 14 33 14
0 33 14 44 32 33 24 14 23 41 41 32 23 44 31 41 14 14 14 23 14
0 33 11 44 33 33 22 14 22 44 41 33 22 44 31 44 14 11 11 22 11
0 33 14 44 22 33 24 11 22 44 44 32 22 44 31 41 11 11 14 22 11
0 33 11 44 33 33 22 11 22 44 44 33 22 44 33 44 11 11 11 22 11
0 33 44 42 32 32 44 44 33 11 11 32 22 41 11 11 44 44 14 33 14
0 33 11 42 32 32 24 14 22 44 41 22 23 44 31 11 14 14 14 23 14
0 32 44 22 22 32 44 44 33 11 11 22 33 11 11 11 44 44 14 33 44
0 33 14 42 33 32 22 14 23 44 41 32 22 44 11 11 11 14 11 23 14
0 33 14 22 22 32 44 14 33 41 11 32 23 41 31 41 14 14 14 23 14
0 33 44 44 22 22 44 14 33 41 11 22 23 44 11 11 44 14 14 23 14
0 33 11 44 33 33 22 11 22 44 44 33 22 44 33 44 11 11 11 22 11
0 33 11 44 33 33 22 11 22 44 44 33 22 44 33 44 11 11 11 22 11
0 33 11 44 33 33 24 11 22 41 44 32 22 44 33 41 11 11 14 22 11
0 33 11 44 33 33 22 11 22 44 44 33 22 44 31 41 11 11 11 22 11
0 33 14 44 33 33 22 11 22 44 44 33 22 44 31 44 11 11 11 22 11
0 33 14 44 32 33 24 14 33 41 41 22 22 41 31 41 14 14 14 22 11
0 33 14 44 32 32 44 14 22 41 41 32 22 41 11 11 14 14 11 23 14
0 33 14 44 32 33 22 14 23 41 41 32 22 44 11 41 11 11 11 22 11
0 33 14 44 32 33 24 14 23 41 41 32 22 44 31 41 14 11 11 23 11
0 32 44 42 22 32 44 14 23 44 11 32 23 41 31 11 11 44 11 23 44
0 33 14 44 33 33 22 11 22 44 41 33 22 44 33 41 11 11 11 23 14
0 33 14 44 33 33 22 14 22 44 41 32 22 44 33 41 11 11 11 22 11
0 33 14 44 33 33 22 11 22 41 44 33 22 44 33 44 11 11 11 22 11
0 33 44 44 22 32 24 14 23 11 11 32 23 44 11 41 14 44 44 33 14
0 33 11 44 33 33 22 11 22 44 44 33 22 44 33 44 11 11 11 22 11
0 33 11 44 32 33 22 11 22 41 44 32 22 44 33 44 44 11 11 23 11
0 32 14 42 32 33 44 11 23 41 41 32 22 44 31 11 44 14 11 23 14
0 33 14 44 32 33 24 14 23 44 41 33 23 44 31 41 14 11 11 22 11
0 33 11 44 33 33 22 11 22 44 44 33 22 44 33 44 11 11 11 22 11
0 33 11 44 32 33 24 14 23 41 41 32 22 44 31 41 14 11 11 22 11
0 33 11 44 33 33 22 11 22 44 44 32 22 44 33 44 14 11 11 22 11
0 33 11 44 33 33 22 11 22 44 41 33 22 44 33 44 14 11 11 22 11
0 32 14 42 32 32 24 14 23 41 41 32 22 41 31 41 44 14 14 23 14
0 33 11 44 22 33 24 14 23 44 41 33 22 41 31 41 14 11 11 22 14
0 33 14 42 32 32 24 14 23 44 41 32 22 41 31 41 14 14 14 23 14
0 33 11 44 32 33 24 11 22 44 44 33 22 44 33 44 11 11 11 22 11
0 33 44 44 32 32 44 14 33 11 11 22 23 41 11 41 44 14 14 23 44
0 33 14 44 32 32 24 14 23 41 41 33 22 41 31 41 14 14 11 23 14
0 33 14 44 32 33 24 14 22 41 41 32 22 44 33 44 11 11 11 22 11
0 32 44 42 32 32 24 14 23 41 11 32 23 41 31 41 14 14 14 23 14
0 33 44 44 32 32 44 44 33 44 11 32 22 41 31 41 14 44 44 23 14
0 33 14 44 33 33 24 11 23 44 44 33 22 44 33 44 11 11 11 22 11
0 33 14 44 32 33 24 11 23 44 41 22 22 44 31 44 14 11 11 23 11
0 33 11 44 33 33 22 14 22 44 44 33 22 44 31 41 11 14 11 23 14
0 33 11 44 33 33 22 11 23 44 44 33 22 44 33 44 11 11 11 22 11
0 33 11 44 33 33 24 14 22 44 44 33 22 44 31 41 11 11 11 22 11
0 33 11 44 32 32 22 11 23 41 41 33 22 44 33 41 14 14 11 22 14
0 32 14 44 32 33 24 14 23 44 41 32 22 44 31 41 14 14 11 23 14
0 32 14 42 22 32 44 14 23 41 41 32 22 44 31 41 44 11 14 23 14
0 32 44 42 32 32 44 14 33 41 41 22 23 11 11 41 14 44 44 23 14
0 33 14 42 32 33 24 11 22 44 41 33 22 44 31 41 14 11 11 23 11
0 33 44 44 33 33 44 11 22 44 44 33 22 44 33 41 11 11 11 22 11
0 33 14 44 32 32 24 44 23 41 41 32 22 41 31 41 14 11 44 23 11
0 33 14 42 33 33 24 14 23 44 41 32 22 44 31 41 14 14 11 22 11
0 33 11 42 22 32 22 11 23 44 41 33 22 44 31 41 14 11 11 22 11
0 32 44 44 33 33 44 11 22 44 41 32 22 44 31 11 14 11 11 22 14
0 32 44 44 32 32 44 14 23 41 11 32 22 41 31 41 14 14 14 23 11
0 33 11 44 32 33 22 11 22 44 44 32 22 44 33 44 11 11 11 23 11
0 32 14 42 32 32 44 14 23 41 11 22 23 41 11 11 14 14 14 23 14
0 32 14 42 32 32 24 14 23 41 41 32 23 41 31 41 14 14 14 23 14
0 33 11 44 33 33 22 11 22 44 44 33 22 44 33 44 11 11 11 22 11
0 32 14 42 32 33 44 14 23 41 41 22 23 44 31 11 44 14 14 33 14
0 33 14 44 33 32 22 14 23 44 44 33 22 44 31 44 11 11 11 22 11
0 33 11 44 33 33 24 11 22 44 44 33 22 44 33 44 11 11 11 22 11
0 33 11 44 33 33 24 14 23 41 41 33 22 44 31 41 14 11 11 23 11
0 32 14 42 32 32 24 14 23 41 41 32 23 41 31 41 14 14 14 23 14
0 33 14 44 33 33 24 14 23 44 41 32 22 44 31 41 14 14 11 22 11
0 32 14 42 32 32 24 14 23 41 41 32 23 41 31 41 14 14 14 23 14
0 33 14 42 32 33 24 11 22 44 41 32 23 44 31 41 14 11 14 23 14
0 32 44 42 22 22 44 44 23 11 11 22 33 41 11 11 44 44 44 33 44
0 32 44 42 22 22 44 11 33 11 11 22 33 41 31 11 44 44 44 33 44
0 33 11 42 32 32 24 14 23 41 41 33 22 41 31 41 14 14 11 22 14
0 32 14 42 32 33 24 14 33 41 11 22 22 41 11 11 14 14 14 23 14
0 32 14 42 22 33 24 44 23 44 11 22 22 41 11 11 44 14 14 23 44
0 33 11 44 33 33 22 11 22 44 44 33 22 44 33 44 11 11 11 22 14
0 33 11 44 33 33 22 11 22 44 41 33 22 44 33 44 11 14 11 22 11
0 33 44 44 22 33 44 11 33 44 11 33 23 44 31 41 14 11 44 23 11
0 33 11 44 33 33 24 11 23 44 41 32 22 44 33 44 11 11 11 22 11
0 33 11 44 33 33 22 11 23 44 41 32 22 41 33 44 14 14 11 22 11
0 32 14 42 32 32 24 14 23 41 11 32 23 41 31 41 14 14 44 23 14
0 33 14 44 33 33 22 11 22 44 44 33 22 44 33 44 11 11 11 22 11
0 33 14 44 32 33 24 11 23 44 44 33 22 44 31 44 11 11 11 22 11
0 33 44 44 33 33 22 14 33 44 41 32 22 44 31 41 14 11 11 22 14
0 32 11 42 32 32 24 44 23 41 41 32 22 44 31 11 14 14 14 22 14
0 33 11 44 33 33 22 11 22 44 44 33 22 44 33 44 11 11 11 22 11
0 32 14 42 32 32 24 14 23 41 41 32 23 41 31 41 14 14 14 23 14
0 33 14 44 32 33 24 11 23 44 41 33 22 44 31 44 14 11 14 22 11
0 33 11 44 33 33 22 11 23 44 41 33 22 44 33 41 11 11 11 22 11
0 33 44 44 22 32 44 11 23 11 11 32 23 41 31 41 14 14 14 23 14
0 33 14 42 22 33 44 11 22 44 11 32 23 44 31 41 14 14 11 23 14
0 33 11 44 33 33 22 11 22 44 41 33 22 44 33 41 11 11 11 23 11
0 33 11 44 32 33 24 14 23 41 41 32 22 44 31 41 11 11 11 22 14
0 32 44 22 22 22 24 44 33 11 11 22 33 11 11 11 44 44 44 23 44
0 32 44 42 22 32 44 14 33 41 11 22 23 11 11 11 14 44 44 33 14
0 32 44 22 32 22 44 44 23 41 11 22 23 41 11 11 44 44 44 33 44
0 33 44 44 32 32 44 44 33 11 11 22 23 41 11 11 44 44 44 33 11
0 32 44 42 22 32 44 14 23 11 11 32 23 41 11 11 44 14 14 23 44
0 33 11 44 33 32 24 11 22 44 41 32 22 44 33 41 14 11 11 22 14
0 33 11 42 32 32 24 14 23 41 44 32 22 41 31 41 14 14 11 22 11
0 33 14 44 33 33 22 14 23 44 11 33 22 44 33 44 11 14 11 22 14
0 33 14 44 33 33 24 11 22 44 41 32 22 44 33 44 11 11 14 22 11
0 32 44 42 32 22 44 44 23 11 41 22 23 41 11 11 44 44 14 33 14
0 32 44 42 22 32 24 44 23 11 41 32 23 41 31 11 14 14 14 23 14
0 33 11 44 32 32 24 14 23 44 41 32 22 44 33 41 11 11 14 22 11
0 32 14 22 22 32 44 14 33 41 41 22 23 41 11 41 44 14 14 23 14
0 33 11 44 33 33 22 11 22 44 44 33 22 44 33 41 11 11 11 22 11
0 33 14 44 32 33 44 44 33 41 41 22 23 41 31 11 44 14 44 33 14
0 33 14 44 33 33 44 11 23 44 41 33 22 44 33 44 14 11 11 23 11
0 33 14 44 32 33 24 11 23 41 41 32 22 44 31 41 14 14 14 22 14
0 33 11 44 33 33 24 11 22 44 44 33 22 44 33 41 11 11 11 22 11
0 33 14 44 33 33 24 11 23 41 44 33 23 41 33 41 11 14 11 22 11
0 33 14 42 33 33 24 11 22 44 11 32 22 44 31 44 14 11 11 23 14
0 33 44 42 22 33 44 14 33 11 41 32 23 41 11 41 44 14 14 33 14
0 33 11 42 32 33 24 14 22 44 11 32 22 44 11 11 14 14 14 23 11
0 33 44 42 33 33 44 14 23 41 11 32 22 44 31 41 14 11 11 23 14
0 33 44 42 32 22 24 14 33 41 41 32 23 41 11 41 14 44 11 23 14
0 33 14 42 32 33 44 44 23 44 11 22 22 41 11 41 14 14 14 23 44
0 33 44 44 22 22 44 14 23 11 41 22 23 41 11 41 44 14 11 22 11
0 33 14 44 32 32 24 11 22 41 41 32 22 41 31 11 44 14 11 23 14
0 33 14 44 33 33 24 14 22 44 44 33 22 44 33 41 14 11 14 22 11
0 32 44 22 22 33 44 44 33 41 11 22 23 44 11 11 44 14 44 33 44
0 33 14 42 32 33 24 14 23 41 41 32 22 41 33 41 14 14 11 23 14
0 33 14 44 32 33 24 11 22 44 44 22 22 44 33 44 11 11 11 22 11
0 32 44 42 22 32 44 44 23 11 11 22 33 11 11 11 44 14 14 33 14
0 33 14 44 32 33 24 14 22 41 41 32 22 41 31 41 14 14 14 22 14
0 33 14 44 32 33 22 14 22 44 41 33 22 44 33 41 14 11 11 22 11
0 33 14 42 33 32 24 14 23 41 41 32 23 41 11 11 14 14 11 23 14
0 32 14 22 22 32 44 44 33 41 11 32 23 41 11 11 14 14 14 33 14
0 33 44 42 22 22 44 11 33 11 11 22 23 44 11 41 44 14 44 23 14
0 33 14 44 32 32 24 14 23 41 11 22 23 44 31 41 14 14 11 22 14
0 33 14 44 22 33 44 11 23 44 11 22 22 41 31 41 11 11 14 23 11
0 33 11 44 33 33 24 11 22 44 41 32 22 44 31 44 14 11 11 22 14
0 33 44 42 32 33 44 14 23 41 41 32 23 44 31 41 44 14 14 23 14
0 32 14 42 32 32 24 14 33 41 41 32 22 44 31 11 14 11 14 23 14
0 33 14 44 32 33 24 14 22 44 41 32 22 44 31 44 14 14 11 23 11
0 33 11 42 33 33 22 11 22 44 44 33 22 44 33 44 14 11 11 22 11
0 33 11 44 33 33 22 11 22 44 44 33 22 44 33 44 11 11 11 22 11
0 32 44 44 22 32 44 44 33 11 11 22 33 41 11 11 44 14 44 33 44
0 33 11 44 32 32 24 11 23 44 44 33 22 44 33 44 14 14 11 22 11
0 33 14 44 33 32 24 11 22 41 41 32 22 44 33 41 11 11 11 22 11
0 33 14 44 33 32 22 11 22 41 41 32 22 44 33 41 11 11 11 22 14
0 33 44 42 22 32 24 14 33 41 41 22 23 11 11 11 44 14 14 23 11
0 33 11 44 33 33 22 14 22 44 41 33 22 44 31 44 11 11 11 22 11
0 33 14 44 32 32 22 11 22 44 41 32 23 44 31 44 14 14 14 22 14
0 33 44 44 22 32 44 44 23 44 11 32 22 44 31 41 14 14 14 23 11
0 33 14 44 33 33 22 11 23 44 44 33 22 44 33 44 14 14 14 22 11
0 33 11 44 33 33 22 11 22 44 41 33 22 44 33 44 11 11 11 22 11
0 32 11 44 32 33 24 14 33 44 41 33 22 44 31 41 44 11 14 22 11
0 33 14 44 33 33 22 14 23 44 41 32 22 44 31 41 11 11 11 22 11
0 33 14 44 33 33 24 14 23 44 44 33 22 44 33 41 11 14 11 22 11
0 33 11 44 32 33 22 11 22 44 44 33 22 44 33 41 11 11 11 22 11
0 33 11 44 32 32 44 44 23 44 11 32 22 44 11 41 14 14 11 23 11
0 33 11 44 32 33 22 11 22 44 41 32 22 44 33 41 14 14 14 22 11
0 33 11 44 33 33 24 11 23 44 44 32 22 44 31 44 11 11 11 22 11
0 33 14 44 33 33 22 11 23 44 41 33 22 44 33 44 11 11 11 22 11
0 33 11 44 32 33 44 14 22 41 44 32 22 44 11 41 14 11 14 23 11
1 33 44 44 32 33 44 14 23 44 41 32 23 44 11 41 11 14 11 33 14
1 33 44 44 32 32 24 14 22 41 11 22 22 11 11 11 44 14 44 23 44
1 32 14 44 32 32 44 14 23 41 41 32 22 44 31 41 14 14 14 23 14
1 33 14 42 33 32 24 14 23 44 41 33 23 41 33 41 14 11 14 22 11
1 33 44 42 32 33 44 14 22 44 41 33 22 44 31 41 11 11 11 22 11
1 33 11 44 33 33 22 11 22 44 44 33 22 44 33 44 11 11 11 22 11
1 33 11 44 33 33 24 11 22 44 41 32 22 44 31 44 11 11 11 23 11
1 33 14 44 22 33 44 44 23 11 41 22 22 41 11 41 44 11 14 33 11
1 33 11 44 33 33 22 11 22 41 44 33 22 44 33 44 11 11 11 22 11
1 33 44 44 22 32 44 14 23 41 11 22 23 41 11 11 44 14 14 23 14
1 33 11 44 32 33 24 11 22 44 44 33 22 44 33 41 11 11 11 22 11
1 33 14 42 22 32 44 11 22 44 41 32 22 44 31 41 11 14 11 23 14
1 33 11 44 32 33 24 11 22 44 41 33 22 44 31 44 11 11 11 22 11
1 33 44 44 22 33 44 44 23 44 41 32 23 44 11 11 44 14 11 23 44
1 33 11 44 32 33 24 11 22 44 41 33 22 44 31 44 11 11 11 22 11
1 33 14 42 32 22 24 44 22 11 41 22 22 44 31 41 11 14 11 33 14
1 33 11 44 33 33 22 11 22 44 44 33 22 44 33 44 11 11 11 22 11
1 32 44 42 32 32 44 11 33 41 11 32 23 44 11 41 44 14 14 33 14
1 33 11 44 33 33 22 11 22 44 44 33 22 44 33 44 11 11 11 22 11
1 22 44 44 32 32 24 11 33 11 41 32 22 44 33 41 44 11 11 33 14
1 33 14 44 32 33 24 11 22 44 44 32 22 44 33 44 11 11 11 22 11
1 33 14 44 32 32 44 44 22 44 11 22 22 44 33 11 14 14 11 22 14
1 33 11 44 33 33 24 11 22 44 44 33 22 44 33 44 11 11 11 22 11
1 33 14 44 32 33 24 14 22 41 41 32 22 44 31 41 14 14 14 22 14
1 32 14 42 22 32 44 14 23 41 41 22 23 41 31 41 14 14 14 23 14
1 33 11 44 33 33 22 11 22 44 44 33 22 44 33 44 11 11 11 22 11
1 33 11 44 32 33 22 14 23 41 41 32 22 44 31 44 14 11 11 22 14
1 33 44 42 22 22 44 44 23 41 11 22 33 11 11 11 44 14 44 33 44
1 33 11 44 32 33 24 11 22 44 41 32 22 44 33 44 11 11 11 23 11
1 33 44 44 32 32 24 14 23 41 11 32 23 41 11 41 44 14 11 23 14
1 32 44 42 22 22 44 14 23 41 11 22 23 41 11 11 44 44 14 33 14
1 33 14 42 32 32 24 14 22 41 41 32 23 41 31 41 14 11 14 23 14
1 33 11 44 33 33 22 11 22 44 44 33 22 44 33 44 11 11 11 22 11
1 33 11 44 33 33 24 11 22 44 44 32 22 44 33 44 14 11 11 22 11
1 33 14 44 32 33 44 11 22 44 11 33 22 44 33 44 11 11 11 22 11
1 33 11 44 33 33 22 11 22 44 44 33 22 44 33 44 11 11 11 22 11
1 33 11 44 32 33 22 11 22 44 41 33 22 44 31 41 11 11 14 22 11
1 33 14 44 32 33 24 11 22 44 41 32 22 41 31 41 11 11 11 23 11
1 33 14 44 32 33 24 14 22 41 41 33 23 44 31 41 14 14 14 23 14
1 32 44 42 22 32 44 14 33 11 11 22 23 41 11 11 14 44 11 23 14
1 33 14 44 33 33 22 11 22 44 44 32 22 44 31 44 11 11 11 22 11
1 32 14 44 32 32 24 14 23 41 41 32 23 41 31 41 14 14 14 23 14
1 33 14 42 32 33 22 14 22 41 41 32 22 44 31 41 14 14 14 23 11
1 33 14 44 32 33 44 11 23 44 11 32 22 44 33 44 11 11 11 22 14
1 32 44 22 32 22 24 14 23 41 11 32 23 41 11 11 14 14 14 23 14
1 33 14 44 32 33 24 11 23 41 41 32 22 44 31 41 14 11 11 22 14
1 33 11 44 33 33 22 11 22 44 44 32 22 44 33 44 14 11 11 22 11
1 33 44 42 32 32 24 14 23 41 11 32 23 41 31 41 11 11 11 23 14
1 33 14 44 32 33 24 14 23 41 41 33 22 41 31 44 14 11 11 23 11
1 32 14 44 32 32 24 14 23 41 41 32 22 41 31 41 14 14 14 23 14
1 33 44 44 22 32 44 14 23 11 41 32 23 44 11 11 44 14 14 33 14
1 33 14 44 33 33 24 11 22 44 41 32 22 44 31 41 14 14 11 23 14
1 33 11 44 32 33 24 11 22 41 44 32 22 44 33 41 11 14 11 23 14
1 33 44 42 32 32 44 14 23 44 41 22 22 41 11 41 14 14 14 23 14
1 33 14 44 33 32 24 11 23 44 41 32 22 44 31 41 14 14 14 22 14
1 33 14 44 33 33 22 11 22 44 44 33 22 44 33 44 11 11 11 22 11
1 33 11 44 33 33 22 11 22 44 44 33 22 44 33 41 11 11 11 22 11
1 33 14 44 32 33 22 11 23 44 41 32 22 44 33 44 14 11 11 22 11
1 33 11 44 33 33 24 11 22 44 44 33 22 44 33 44 11 11 11 22 11
1 22 44 22 22 22 44 44 33 11 11 22 23 11 11 11 44 44 44 33 44
1 33 11 44 32 32 24 11 23 41 41 32 22 44 33 41 11 14 14 22 14
1 33 11 44 33 33 22 11 22 44 44 33 22 44 33 44 11 11 11 22 11
1 33 11 44 33 33 22 11 22 44 44 33 22 44 33 44 11 11 11 22 11
1 33 14 44 32 33 24 11 23 44 11 33 22 44 31 41 14 11 11 33 11
1 33 14 44 22 32 44 14 33 11 11 32 23 41 11 11 14 44 44 23 14
1 33 14 44 33 33 44 11 22 41 41 33 22 44 33 41 14 14 11 22 11
1 33 14 44 32 33 24 14 23 41 41 32 22 44 31 41 14 14 14 23 14
1 33 14 44 32 33 24 14 22 44 41 32 22 44 11 41 14 14 14 23 11
1 33 44 22 22 22 24 14 33 41 11 22 22 41 11 11 44 14 14 23 14
1 33 14 22 22 32 44 14 33 11 11 22 23 41 31 11 14 14 11 33 14
1 33 14 42 32 32 24 14 23 44 41 32 23 41 33 44 14 14 14 22 14
1 33 14 44 33 32 22 11 23 44 44 32 23 44 33 44 11 11 14 22 14
1 33 14 44 32 32 24 14 22 41 41 32 23 41 11 41 14 14 14 23 44
1 33 11 44 33 33 22 11 22 44 41 33 22 44 33 44 14 11 11 22 11
1 33 14 44 33 33 22 11 22 44 44 22 22 44 33 44 14 11 11 22 11
1 33 14 44 32 33 44 11 23 44 41 32 22 44 11 41 44 44 14 22 14
1 32 44 44 22 32 24 44 23 41 41 22 22 41 11 11 44 44 14 23 14
1 33 11 44 33 32 22 11 22 44 44 33 22 44 33 44 11 11 11 22 11
1 32 44 42 32 32 24 14 23 41 41 32 23 41 31 41 14 14 14 23 14
1 33 14 44 32 33 44 14 22 41 41 32 23 44 11 41 14 11 11 22 11
1 33 14 42 32 33 24 11 22 44 41 32 23 44 31 41 14 14 14 22 11
1 33 44 44 22 33 44 14 23 41 41 32 22 44 31 41 44 14 14 23 11
1 33 44 44 22 22 44 44 33 11 11 22 23 44 11 11 44 14 14 33 44
1 32 44 42 32 33 24 14 23 41 41 32 22 44 31 41 14 14 14 23 14
1 33 44 44 32 33 44 11 23 41 41 32 22 41 31 11 14 11 11 22 14
1 33 11 44 33 33 22 11 22 44 41 32 22 44 33 44 11 11 11 22 11
1 33 14 44 33 32 44 11 22 41 44 33 22 44 11 11 14 14 14 22 11
1 33 44 44 32 32 44 11 33 44 11 32 22 44 31 11 44 11 11 22 14
1 32 14 44 33 32 24 11 22 44 41 32 22 41 31 41 14 11 14 23 14
1 33 44 42 33 32 24 14 23 41 41 22 22 41 31 41 44 14 14 23 11
1 33 11 44 32 33 22 14 23 41 41 32 23 44 31 41 14 14 11 23 14
1 32 14 42 32 32 24 14 23 41 41 32 22 41 31 41 14 14 14 23 14
1 33 11 44 33 33 22 11 22 44 41 33 22 44 31 41 14 11 11 22 14
1 33 11 44 33 33 22 11 22 44 44 33 22 44 33 44 11 11 11 22 11
1 33 14 42 32 32 24 14 23 41 41 32 22 41 33 41 14 11 14 23 14
1 33 14 44 22 33 24 11 22 41 41 33 22 44 11 11 14 11 14 22 11
1 33 14 44 33 33 24 11 23 41 44 33 22 44 31 41 11 11 11 22 14
1 32 14 42 32 32 24 14 23 41 41 32 23 41 31 41 14 14 14 23 14
1 33 11 44 33 33 22 11 22 44 44 33 22 44 33 44 11 11 11 22 11
1 33 11 42 33 33 24 11 22 44 41 32 22 44 31 44 14 14 11 23 11
1 33 14 44 33 32 24 14 23 41 41 32 22 41 31 41 11 11 14 23 14
1 32 14 42 32 32 44 14 33 41 11 22 23 41 31 11 14 14 14 23 14
1 33 11 44 33 33 24 11 22 44 44 33 22 44 33 44 11 11 11 22 11
1 32 14 42 32 32 24 14 22 41 41 32 23 41 31 41 11 14 14 23 11
1 33 14 44 32 32 24 14 23 44 41 32 22 41 31 41 14 11 14 22 14
1 32 14 42 22 32 44 44 33 41 41 22 23 41 31 11 14 14 14 23 14
1 33 14 44 32 32 24 14 23 41 41 32 22 41 31 41 14 14 11 22 14
1 33 44 42 22 32 44 44 33 11 11 22 33 41 11 11 44 44 14 23 14
1 33 14 44 32 32 44 14 23 41 11 32 22 41 31 11 14 14 14 23 14
1 33 11 44 32 33 22 11 22 44 44 32 22 44 33 44 11 11 14 22 11
1 33 11 44 33 33 22 11 22 44 44 33 22 44 33 44 11 11 11 22 11
1 33 14 44 22 32 24 44 23 44 11 22 23 41 11 11 44 44 11 23 44
1 33 11 44 32 33 22 11 22 44 44 33 22 44 33 44 44 11 11 22 11
1 33 14 44 22 32 44 14 23 41 11 22 23 44 11 11 44 44 11 33 14
1 33 11 44 32 33 24 14 23 44 41 32 22 44 31 44 14 14 14 23 11
1 33 11 44 32 33 22 11 22 44 41 33 22 44 33 41 11 11 11 22 11
1 33 14 44 32 32 22 11 23 41 41 32 23 44 11 41 11 44 14 22 11
1 33 14 42 32 32 24 14 23 41 41 32 23 41 31 41 14 14 14 23 14
1 32 14 22 22 32 24 44 33 11 41 22 23 41 31 41 14 14 14 23 14
1 33 14 44 32 33 22 11 23 44 44 32 22 44 31 41 14 14 11 23 14
1 33 11 44 33 33 22 11 22 44 44 33 22 44 33 44 11 11 11 22 11
1 33 11 44 22 33 44 11 22 44 44 33 22 44 11 44 14 11 11 23 14
1 33 14 44 32 33 24 11 23 44 41 32 23 41 31 41 14 14 11 23 11
1 33 11 42 32 33 24 11 22 41 41 32 22 41 31 41 11 14 11 23 11
1 33 14 44 32 33 24 14 23 44 41 32 22 41 31 41 44 14 11 23 14
1 33 44 44 32 32 44 14 22 44 11 32 23 44 31 11 14 11 14 23 14
1 32 14 42 32 32 24 14 23 41 41 32 23 41 31 41 14 14 11 23 14
1 33 44 44 32 33 24 11 22 41 41 32 22 44 33 41 11 11 11 22 11
1 33 11 44 33 33 22 11 22 44 44 33 22 44 33 44 11 11 11 22 11
1 33 11 44 33 33 22 11 22 44 44 32 22 44 33 41 14 14 11 22 11
1 32 11 44 22 33 24 14 22 41 11 32 22 44 31 44 14 14 11 22 11
1 33 14 44 33 33 44 11 23 41 44 22 22 44 33 44 11 11 14 22 11
1 33 11 44 33 33 22 11 22 44 44 33 22 44 33 44 11 11 11 22 11
1 33 14 44 32 33 24 14 22 44 41 32 22 44 31 41 11 14 11 22 14
1 32 14 42 22 22 44 14 23 11 11 32 23 41 11 41 14 44 14 23 44
1 33 14 44 32 33 24 14 22 44 41 32 22 44 33 41 14 11 11 22 14
1 32 44 42 32 32 44 14 23 41 11 22 22 41 31 11 44 14 14 23 14
1 33 14 44 32 33 22 14 22 44 41 32 22 44 31 41 14 14 11 22 11
1 33 44 44 32 32 24 44 23 44 11 32 22 41 11 44 14 14 14 22 11
1 22 44 42 32 32 44 14 33 41 11 22 23 11 11 11 44 44 14 33 44
1 32 14 42 32 32 44 14 23 41 41 32 23 41 31 41 14 14 14 23 14
1 33 44 42 22 32 44 44 33 11 11 22 22 41 31 11 44 14 14 33 44
1 33 11 44 33 32 24 11 22 44 41 33 22 44 31 44 11 11 11 22 11
1 32 14 42 32 32 44 14 23 41 41 32 23 41 31 41 14 14 14 23 14
1 33 44 44 33 33 24 14 23 41 11 32 22 44 11 41 44 44 11 23 44
1 32 14 44 22 33 44 11 22 11 11 22 22 44 31 11 44 11 44 33 14
1 33 11 44 33 33 22 11 22 44 44 32 22 44 33 44 11 11 11 22 11
1 33 14 44 33 33 22 11 23 44 41 32 22 44 31 44 11 11 11 23 11
1 32 14 42 32 32 24 14 23 41 41 32 23 41 31 41 14 14 14 23 14
1 33 14 44 22 32 24 14 23 41 41 32 22 41 11 11 44 14 11 23 11
1 32 14 42 32 32 24 14 23 41 41 32 23 41 31 41 14 14 14 23 14
1 33 14 42 32 33 44 14 33 41 11 32 22 44 31 41 44 11 14 23 14
1 33 14 44 33 33 24 14 23 41 44 32 22 44 31 41 44 11 11 23 14
1 32 14 42 22 32 24 14 33 41 41 22 23 41 31 41 14 14 14 23 14
1 33 11 44 33 33 22 11 22 44 44 33 22 44 31 44 11 11 11 22 11
1 33 14 42 32 32 22 14 23 41 41 32 23 44 31 41 14 14 14 23 14
1 32 14 44 32 32 24 14 23 44 41 32 22 44 11 41 14 14 11 23 11
1 33 44 44 32 33 24 11 22 41 11 32 22 44 31 41 14 14 14 22 14
1 33 11 44 33 33 22 11 22 44 44 32 22 44 33 44 11 11 11 22 11
1 32 14 42 32 32 24 14 23 41 41 32 23 11 31 41 14 14 14 23 14
1 33 14 44 32 32 24 11 23 41 41 32 23 44 11 41 44 14 14 23 14
1 33 14 42 32 32 24 44 23 41 11 22 23 41 31 11 44 14 14 23 14
1 33 11 44 33 33 22 11 23 44 41 33 22 44 31 41 14 11 11 22 11
1 33 14 44 32 32 24 14 22 41 41 32 23 44 31 41 14 14 14 23 11
1 33 44 44 32 33 24 44 23 44 11 22 23 44 31 41 44 14 44 33 14
1 33 14 44 32 33 24 11 22 44 41 32 23 44 31 41 14 14 11 23 14
1 33 11 44 33 33 22 11 22 44 44 33 22 44 33 44 11 11 11 23 11
1 33 14 44 32 33 44 11 33 41 11 22 22 44 31 41 14 11 11 22 14
1 33 14 44 22 32 44 14 33 44 41 32 22 44 11 11 11 14 14 22 11
1 33 11 44 32 33 44 14 22 41 11 33 22 44 31 11 44 44 44 23 11
1 33 11 44 33 33 24 11 22 44 41 33 22 44 33 44 14 11 11 22 11
1 33 11 44 32 33 24 11 22 44 11 32 22 44 11 41 14 14 11 22 11
1 33 44 42 22 22 44 14 23 41 11 32 23 41 31 11 14 14 14 23 14
1 32 14 42 22 32 24 14 23 41 41 32 23 41 31 41 14 14 14 23 14
1 33 14 44 33 33 24 11 22 44 41 33 22 44 31 41 11 14 11 23 11
1 33 11 44 33 33 22 11 22 44 44 32 22 44 33 44 11 11 11 22 11
1 33 11 44 32 33 22 11 22 44 41 32 22 44 33 41 11 11 11 22 11
1 33 44 42 32 32 24 14 23 41 11 22 23 44 11 44 14 14 14 23 14
1 33 11 44 32 33 22 11 22 44 44 33 22 44 33 44 11 11 11 22 11
1 32 14 44 32 32 24 14 23 41 11 33 22 44 33 11 14 11 14 22 14
1 33 14 44 32 32 22 11 22 44 44 32 22 41 33 44 11 14 14 23 14
1 33 11 44 33 33 22 11 22 44 44 33 22 44 33 44 11 11 11 22 11
1 33 14 42 32 32 24 14 23 41 41 32 23 41 31 41 14 14 14 23 14
1 33 14 44 32 33 24 14 23 41 41 32 23 41 31 41 14 14 11 23 14
1 33 44 42 22 33 44 11 33 44 11 32 22 41 31 41 14 14 11 23 11
1 33 44 44 32 33 44 44 23 41 11 33 22 44 11 41 14 14 11 23 14
1 33 11 44 33 33 22 11 22 44 44 33 22 44 33 41 11 11 11 22 11
1 32 14 42 22 32 24 44 33 41 41 32 23 41 31 11 44 14 14 23 14
1 33 11 44 33 33 22 11 23 44 41 33 22 44 33 41 14 11 11 22 11
1 33 11 44 33 33 22 11 22 44 44 33 22 44 33 44 11 11 11 22 11
1 33 11 44 33 32 24 11 22 44 44 33 22 44 31 44 11 11 11 22 11
1 32 44 42 22 32 44 14 23 41 41 32 23 41 11 41 14 14 14 33 14
1 33 14 42 22 32 24 14 33 11 11 22 23 41 31 41 14 44 11 23 11
1 22 44 22 22 22 44 44 33 11 11 22 33 11 11 11 44 44 14 33 44
1 33 14 44 33 33 24 11 22 44 44 33 22 44 31 41 11 14 11 22 11
1 33 11 42 33 33 24 11 22 41 41 33 22 44 31 44 11 11 11 22 11
1 33 14 44 32 33 44 14 22 41 41 32 23 44 33 44 44 14 11 22 11
1 33 14 44 32 33 24 11 22 41 41 32 23 41 31 41 14 14 14 23 11
1 33 14 44 33 33 24 11 33 41 41 33 22 44 31 41 14 14 11 23 11
1 33 14 44 33 32 24 14 23 44 41 32 22 41 31 41 14 14 14 22 14
1 33 44 42 22 22 44 44 33 11 11 22 22 41 31 11 44 44 14 33 44
1 33 14 42 32 33 44 44 23 41 41 32 23 41 11 41 14 14 14 23 44
1 33 11 44 33 33 22 11 22 44 44 33 22 44 31 44 14 11 11 22 11
1 33 44 44 33 33 24 14 22 41 41 32 22 44 31 41 14 14 11 23 11
1 33 14 42 32 32 44 14 33 41 11 22 23 41 31 41 14 14 14 23 14
1 33 14 44 33 33 24 11 22 44 44 32 22 44 33 44 11 11 11 22 11
1 33 11 44 32 33 24 11 22 44 41 33 22 44 33 44 11 11 11 22 11
1 33 44 42 32 33 24 14 23 11 41 32 22 44 11 11 44 14 14 23 14
1 33 14 42 32 32 24 14 23 44 41 32 22 44 31 44 14 14 14 23 11
1 33 11 42 32 33 22 14 23 44 11 32 23 44 31 11 14 14 14 22 11
1 33 11 44 33 33 22 11 22 44 44 33 22 44 33 44 11 11 11 22 11
1 32 14 42 32 32 24 11 23 44 41 32 22 44 31 41 14 14 14 22 11
1 33 14 42 32 33 24 11 23 44 11 33 22 44 31 41 14 14 11 23 11
1 32 14 42 32 32 24 14 23 41 41 22 23 41 31 11 14 14 14 23 14
1 33 14 44 32 33 24 11 22 44 41 32 22 44 31 41 14 14 11 23 14
1 32 14 42 32 32 24 14 23 41 41 32 23 41 31 41 44 14 14 33 14
1 33 11 44 33 33 22 11 22 44 44 33 22 44 33 44 11 11 11 22 11
1 33 11 44 32 33 24 11 22 41 44 33 22 44 33 41 14 11 11 22 11
1 33 14 42 32 32 24 14 23 41 41 32 22 44 31 41 11 11 14 23 11
1 33 14 44 22 33 24 14 22 44 41 32 22 41 31 41 14 11 11 23 11
1 33 14 42 32 32 44 44 23 41 11 32 23 44 31 11 14 14 14 23 14
1 32 14 42 32 32 24 14 23 41 41 32 23 41 31 41 14 14 14 23 14
1 33 14 44 32 33 22 11 22 44 41 32 22 44 31 41 14 11 11 22 11
1 33 14 44 32 32 24 14 23 41 41 32 23 41 31 41 14 11 11 23 11
1 33 11 44 33 33 22 11 22 44 44 33 22 44 33 44 11 11 11 22 11
1 33 11 44 33 33 22 14 22 44 44 33 22 44 33 44 11 11 11 22 11
1 32 44 42 22 32 44 44 33 41 11 22 33 41 11 11 44 14 11 33 44
1 33 14 44 33 33 24 14 23 41 41 33 22 44 31 41 11 11 11 22 11
1 33 44 44 22 33 44 11 23 44 41 32 22 44 31 11 14 14 11 23 14
1 33 14 44 32 32 24 14 22 41 41 33 23 44 31 41 14 11 14 22 14
1 33 11 44 33 33 24 11 22 44 44 33 22 44 33 41 11 11 11 22 11
1 32 14 42 32 32 24 14 23 41 41 32 23 41 31 41 14 14 14 23 14
1 33 14 44 22 33 22 14 23 44 44 32 22 44 31 41 11 11 11 22 11
1 33 14 44 33 33 24 11 22 44 41 32 22 44 33 44 14 11 11 22 11
1 33 14 44 32 33 24 14 23 44 41 32 22 41 31 41 14 11 11 22 14
1 33 44 44 33 32 44 14 22 11 41 22 22 41 11 11 14 11 14 23 11
1 33 11 44 33 33 22 11 22 44 41 33 22 44 33 41 11 11 11 22 11
1 33 14 44 33 32 24 14 23 41 41 33 22 44 33 41 14 14 14 23 14
1 33 14 42 32 33 24 11 22 41 41 32 23 41 31 44 14 14 11 23 14
1 32 44 42 32 32 44 44 33 11 11 22 23 41 11 11 44 11 44 33 44
1 33 44 44 33 33 44 44 23 41 11 22 22 44 11 41 44 14 11 22 44
1 33 14 44 22 33 24 11 33 44 41 22 22 41 11 41 14 44 11 23 11
1 32 14 42 32 32 44 14 23 41 41 32 22 41 31 41 14 44 14 23 14
1 33 11 44 33 33 22 11 22 41 44 33 22 44 33 44 11 11 11 22 11
1 32 14 42 32 32 24 14 23 41 41 32 23 44 31 41 14 11 11 23 11
1 33 14 44 33 33 22 11 22 44 44 33 22 44 33 41 11 14 11 22 11
1 33 11 44 33 33 22 11 22 44 44 33 22 44 33 44 11 11 11 22 11
1 33 14 42 32 33 44 14 22 41 41 22 22 11 11 11 44 14 11 23 14
1 32 14 42 22 32 44 14 33 44 11 33 22 44 11 11 14 11 14 23 14
1 33 14 42 32 32 24 14 23 41 41 32 23 41 31 41 14 14 14 23 14
1 33 14 44 33 33 24 11 22 44 44 33 23 44 31 44 11 11 11 22 11
1 33 14 44 32 32 24 14 22 44 41 32 22 44 31 41 14 14 11 22 11
1 33 14 44 32 33 44 11 23 41 41 32 22 44 31 41 44 14 14 23 11
1 33 11 44 33 33 22 11 22 44 41 33 22 44 33 44 11 11 11 22 11
1 33 14 42 32 32 24 14 22 41 41 32 22 44 31 44 11 14 11 22 11
1 33 11 44 33 33 22 11 22 44 44 32 22 44 33 44 14 11 11 22 11
1 33 14 42 32 32 24 14 23 41 41 32 23 44 31 41 14 14 14 23 14
1 32 44 44 22 22 44 44 23 41 11 22 22 41 11 41 44 44 14 33 14
1 33 14 44 33 33 22 11 22 44 41 33 22 44 33 44 11 11 11 22 11
1 33 14 42 22 33 44 14 22 44 41 32 22 44 31 11 14 14 14 23 14
1 33 14 42 32 32 24 14 23 41 41 32 23 41 31 41 14 14 14 23 14
1 33 11 44 32 33 24 11 23 44 44 32 22 44 33 41 14 11 14 23 14
1 33 14 44 33 33 22 11 22 44 44 32 22 44 33 44 11 11 11 22 11
1 33 11 44 33 33 24 11 22 44 41 32 22 44 33 44 11 11 11 22 11
1 33 14 42 33 33 24 11 22 44 44 32 22 44 31 41 11 11 11 22 11
1 33 11 44 33 33 22 11 22 44 44 33 22 44 33 44 11 11 11 22 11
1 33 11 44 22 33 24 14 33 44 11 32 22 44 31 41 14 11 44 22 11
1 33 14 44 32 33 44 14 23 41 44 33 22 44 31 44 11 14 11 23 11
1 33 14 44 32 32 24 14 23 41 41 32 22 44 31 41 14 14 14 23 11
1 33 14 44 32 33 22 11 22 44 41 32 22 44 33 44 11 11 11 22 11
1 32 14 42 32 32 24 14 23 41 41 32 23 41 31 41 44 14 14 23 14
1 32 44 42 22 33 44 44 23 11 11 22 23 44 11 11 44 44 11 33 14
1 33 14 44 22 33 24 11 23 41 41 32 22 44 11 11 11 14 11 23 44
1 33 44 44 32 33 44 14 23 44 11 33 33 44 11 41 44 11 14 23 14
1 33 11 44 32 32 24 11 23 44 41 32 22 44 31 44 14 11 11 22 11
1 32 14 42 32 32 44 44 23 41 41 22 23 41 11 11 14 14 14 23 14
1 33 14 44 33 33 24 14 22 41 41 33 22 44 33 41 44 11 11 22 11
1 33 11 44 33 33 24 11 22 44 44 33 22 44 33 44 11 11 11 22 11
1 33 11 44 33 33 22 11 22 44 41 33 22 44 33 44 11 11 14 22 14
1 32 14 42 32 32 22 14 22 41 44 33 22 44 31 41 14 14 14 23 11
1 32 14 42 32 33 24 44 23 11 11 32 22 44 11 11 44 14 14 22 14
1 33 14 44 32 32 24 11 23 44 41 32 23 44 31 41 11 14 11 23 11
1 33 14 44 33 33 24 11 22 41 41 33 22 44 33 44 11 11 11 22 11
1 33 11 44 33 33 22 11 22 44 41 33 22 44 33 44 11 11 11 22 11
1 33 44 44 32 33 44 14 33 44 44 32 22 44 31 41 14 14 11 23 11
1 33 11 44 33 33 22 11 22 44 44 33 22 44 33 44 11 11 11 22 11
1 33 14 44 33 33 22 11 22 41 11 32 22 44 31 44 11 14 11 23 11
1 33 11 44 32 32 22 11 22 41 41 32 22 44 31 44 11 14 11 23 11
1 32 14 44 32 33 24 11 23 44 44 32 22 44 31 41 14 11 11 23 14
1 33 11 44 33 33 22 11 22 44 44 33 22 44 33 44 11 11 11 22 11
1 33 11 44 33 33 24 11 22 44 41 32 22 44 33 41 11 14 11 22 11
1 32 14 42 22 32 24 14 33 41 11 22 22 44 31 41 14 44 14 33 14
1 33 11 44 32 33 24 11 23 44 44 33 22 44 31 41 11 11 11 22 11
1 33 44 44 33 33 24 14 22 41 41 32 22 44 31 41 14 11 11 22 14
1 33 44 44 22 33 44 11 23 41 11 32 22 41 31 44 11 14 11 23 14
1 33 11 44 33 33 22 11 22 44 44 33 22 44 33 44 11 11 11 22 11
1 33 44 44 32 22 44 14 23 11 11 32 23 41 31 41 11 44 44 23 44
1 33 11 44 33 33 22 11 22 44 44 33 22 44 33 44 11 11 11 22 11
1 33 11 42 32 32 44 14 22 41 41 32 22 44 31 41 14 14 11 22 11
1 33 14 44 33 32 24 14 22 41 44 33 22 44 31 41 14 14 14 22 11
1 33 11 44 33 33 22 11 22 44 44 33 22 44 33 44 11 11 11 22 11
1 33 44 42 32 22 44 44 22 41 11 22 23 41 33 41 44 44 44 33 14
1 33 14 44 33 33 22 11 22 44 44 33 22 44 33 44 11 11 11 22 11
1 33 11 44 32 33 24 11 22 44 44 33 22 44 33 44 14 11 11 22 11
1 33 14 44 32 32 24 11 23 44 41 32 22 44 31 41 14 14 14 23 11
1 33 14 44 32 32 24 14 22 41 41 32 22 44 31 11 14 14 11 23 14
1 33 11 44 33 33 22 11 22 44 44 33 22 44 33 44 14 11 11 22 11
1 33 14 44 32 33 24 14 23 41 41 32 22 41 31 41 11 11 11 23 14
1 33 11 44 33 33 24 11 22 44 44 33 22 44 33 44 11 11 11 22 11
1 33 11 44 33 33 22 11 22 44 44 33 22 44 33 44 11 11 11 22 11
1 33 14 44 32 33 22 14 22 41 44 32 22 44 33 44 11 14 14 23 11
1 33 14 44 32 33 24 11 23 41 41 32 23 44 31 41 14 11 11 22 14
1 33 11 44 32 32 22 11 22 41 41 32 23 44 31 41 11 14 14 23 14
1 33 14 42 32 33 24 14 23 41 41 32 23 41 31 41 14 11 14 23 14
1 33 44 42 22 33 44 44 23 41 11 22 23 44 31 41 14 14 14 23 11
1 32 44 42 32 33 24 14 33 41 11 22 23 41 11 41 14 44 11 33 14
1 33 11 44 32 33 24 14 23 41 41 32 22 44 31 41 14 14 14 22 14
1 32 44 22 22 22 44 14 33 11 41 22 33 11 11 11 44 44 44 33 14
1 33 11 44 33 33 22 11 22 44 44 33 22 44 31 44 11 11 11 22 11
1 33 14 44 33 33 22 11 22 44 44 32 22 44 33 41 11 11 11 22 11
1 33 14 42 32 32 24 14 23 41 41 32 22 41 11 41 44 14 11 23 14
1 32 44 42 22 22 44 44 33 11 11 22 23 11 11 11 44 44 14 33 44
1 33 14 42 22 33 24 14 23 41 11 33 23 41 33 11 11 11 14 22 11
1 33 11 44 33 33 22 11 22 44 44 33 22 44 11 44 11 11 11 22 11
1 33 14 44 32 32 24 14 23 41 11 32 23 41 31 41 14 11 14 23 14
1 33 11 42 32 32 44 11 23 44 11 32 22 41 11 44 44 11 11 23 14
1 33 11 44 32 33 44 14 23 41 44 32 22 41 11 11 14 14 11 23 11
1 33 44 42 32 32 44 44 23 41 41 22 23 41 11 11 44 14 14 33 11
1 33 14 42 32 32 24 14 23 41 41 32 22 41 31 41 14 14 14 23 14
1 33 11 44 33 33 22 11 22 44 44 33 22 44 33 44 11 11 11 22 11
1 33 14 44 32 33 22 11 22 44 44 33 22 44 33 44 11 11 11 22 11
1 33 11 44 32 33 22 11 22 44 41 33 22 44 33 44 11 11 11 22 11
1 33 14 44 32 32 24 14 23 41 41 32 22 41 31 41 14 14 14 23 14
1 32 14 44 32 32 24 14 23 41 41 32 23 41 31 41 14 14 14 23 14
1 33 14 44 32 32 44 11 23 11 41 33 22 44 11 41 14 14 11 22 11
1 32 44 42 22 32 44 44 33 41 11 22 23 11 11 11 44 14 14 23 14
1 33 11 44 33 33 22 11 22 44 44 33 22 44 33 44 14 11 11 22 11
1 33 14 44 32 32 24 14 23 41 41 32 22 41 31 41 14 11 11 23 14
1 33 11 44 33 33 22 11 22 44 44 33 22 44 33 44 11 11 11 22 11
1 33 14 44 32 33 24 14 22 41 11 32 23 41 31 41 14 11 11 23 14
1 33 14 44 22 22 44 14 23 41 11 22 22 41 11 11 11 14 14 22 44
1 33 11 44 33 33 24 11 22 44 41 32 22 44 33 41 11 11 11 23 11
1 33 11 44 33 33 24 11 22 44 44 33 22 44 33 41 11 11 11 22 11
1 33 14 44 32 33 22 14 22 44 41 32 23 44 31 41 14 11 11 23 14
1 33 11 44 33 33 22 11 22 44 41 33 22 44 33 44 11 11 11 22 11
1 33 11 44 33 33 22 11 22 44 44 33 22 44 33 44 11 11 11 22 11
1 33 44 42 32 22 44 44 33 11 11 22 23 41 11 11 44 44 14 23 14
1 33 44 42 22 22 44 44 23 41 11 22 33 41 11 11 44 44 14 33 44
1 33 11 44 33 33 24 11 22 41 44 33 22 44 33 44 11 11 11 22 11
1 33 11 42 22 32 44 14 23 44 41 32 22 44 31 41 14 14 14 23 14
1 32 14 42 32 32 44 14 23 41 41 32 23 41 31 41 14 14 14 23 14
1 33 11 44 32 33 24 14 22 41 41 32 22 41 31 41 11 11 14 23 11
1 33 14 44 32 33 24 14 23 44 44 32 22 44 31 41 11 11 11 23 11
1 33 14 44 32 32 24 11 23 44 41 32 22 44 31 44 14 11 14 22 11
1 32 44 42 22 33 44 14 23 41 11 32 22 41 31 41 11 14 44 22 11
1 33 14 44 22 33 24 14 22 41 41 32 22 41 31 41 14 11 14 23 14
1 33 14 42 32 32 24 14 33 41 11 32 22 41 31 11 44 44 14 23 14
1 33 11 44 32 32 44 14 23 44 41 32 22 44 11 41 44 14 14 22 11
1 33 14 44 33 33 22 11 22 44 44 33 22 44 31 44 11 11 11 22 11
1 32 14 42 32 32 24 14 23 41 41 32 23 41 31 41 14 14 14 23 14
1 33 11 44 33 33 24 11 22 44 44 33 22 44 33 44 11 11 14 22 11
1 33 11 44 33 33 22 11 22 44 44 32 22 44 33 44 11 11 11 22 11
1 33 14 42 33 32 44 14 33 41 11 32 23 44 31 41 14 11 11 23 14
1 33 11 44 32 33 24 14 22 44 44 32 22 44 31 44 14 11 11 22 14
1 33 11 44 32 33 24 11 23 44 41 32 22 44 33 41 14 11 11 23 11
1 33 11 44 33 33 22 11 22 44 41 33 22 44 33 44 11 11 11 22 11
1 32 14 42 32 32 24 14 23 41 41 32 23 41 31 41 14 14 14 23 14
1 33 11 44 33 33 22 11 22 44 41 33 22 44 33 41 11 11 11 22 11
1 33 44 44 32 33 44 11 23 44 41 33 22 44 33 41 14 11 14 22 14
1 33 11 44 33 33 22 11 22 44 44 33 22 44 33 44 11 11 11 22 11
1 33 11 44 32 33 22 11 22 44 44 33 22 44 33 41 11 11 11 22 11
1 33 14 42 32 33 24 14 22 44 44 33 22 44 33 44 14 11 14 22 11
1 33 14 42 33 33 24 14 22 41 41 32 22 44 33 41 14 11 14 22 14
1 33 14 44 32 33 22 11 22 44 11 33 22 44 31 41 11 11 11 22 11
1 33 11 44 32 33 24 14 22 41 41 32 22 44 33 44 11 14 11 22 11
1 32 14 42 32 32 24 14 23 41 41 32 22 41 31 41 14 14 14 23 14
1 33 14 44 22 33 44 14 23 44 11 33 23 44 33 41 14 11 11 22 14
1 33 11 44 33 33 22 14 22 44 44 33 22 44 33 41 14 11 11 23 11
1 33 11 44 32 33 24 11 22 44 41 33 22 44 33 44 11 11 11 22 11
1 33 14 42 32 33 24 11 23 41 41 32 22 44 31 41 11 11 11 22 11
1 33 11 44 22 33 22 14 22 44 41 33 22 44 33 44 11 11 11 22 11
1 32 14 42 32 32 24 14 23 41 41 32 22 44 31 41 14 14 14 22 14
1 32 14 44 32 32 24 14 23 41 41 32 23 41 31 41 14 14 14 23 14
1 33 14 44 32 33 24 14 22 44 44 32 22 44 33 44 14 11 11 23 11
1 33 11 44 33 33 22 11 22 44 44 33 22 44 33 44 11 11 11 22 11
1 33 44 42 32 32 24 14 23 41 11 32 22 41 11 41 14 11 11 22 11
1 33 44 42 22 22 44 44 33 11 11 22 33 41 11 11 44 44 14 33 44
1 32 14 44 32 32 24 14 23 41 41 32 23 41 31 41 14 14 14 23 11
1 33 11 44 32 32 24 14 22 41 41 32 23 41 31 41 14 11 14 23 14
1 32 11 42 32 32 24 14 22 41 41 32 22 41 31 44 11 11 14 22 11
1 33 14 44 32 32 24 14 33 41 11 22 22 41 11 11 44 14 11 23 11
1 33 14 42 22 33 44 14 23 41 11 22 23 11 11 41 14 44 14 22 44
1 33 11 44 33 32 22 11 22 41 44 33 22 44 33 44 11 11 11 22 11
1 33 11 44 33 33 24 11 23 44 44 32 22 44 31 44 11 11 11 22 11
1 33 11 44 33 33 24 11 22 44 41 32 22 44 33 44 14 11 11 22 11
1 33 14 42 22 33 24 11 22 44 41 32 22 41 33 41 44 14 14 23 11
1 33 14 44 22 33 24 44 33 41 41 32 22 41 31 41 44 11 11 23 14
1 33 11 44 33 33 24 11 22 41 41 32 22 44 31 41 11 14 14 22 11
1 33 14 44 32 32 24 14 23 44 11 32 22 44 31 11 14 14 14 23 11
1 33 14 44 32 33 24 14 22 11 41 22 22 44 31 41 14 11 14 23 11
1 32 44 42 22 32 44 44 23 41 11 22 23 11 31 11 44 44 14 23 14
1 32 14 42 32 32 24 11 22 41 41 32 22 44 31 41 14 14 11 23 14
1 33 11 44 33 33 24 11 23 44 44 32 22 44 11 41 11 14 11 22 14
1 32 44 42 22 22 44 14 33 41 11 22 23 41 11 11 14 44 44 33 14
1 32 14 44 32 33 22 14 23 44 41 32 22 41 33 41 14 11 11 23 14
1 33 14 44 32 33 24 14 23 44 11 32 22 41 31 44 11 14 11 22 14
1 33 11 44 33 33 24 14 22 41 11 32 22 41 31 44 44 14 11 33 11
1 32 14 42 32 32 24 14 23 41 41 22 22 41 31 41 14 14 14 23 14
1 33 11 44 33 33 22 11 23 44 41 33 22 44 31 41 14 11 11 22 11
1 33 11 44 33 33 44 11 22 44 41 22 22 44 33 44 14 11 11 22 11
1 32 44 42 22 32 24 14 23 41 41 32 23 41 31 41 14 14 44 23 14
1 33 14 44 33 33 22 14 22 41 41 32 22 44 31 44 14 11 14 22 14
1 33 11 44 33 32 24 11 23 44 11 32 22 44 31 41 14 44 11 22 11
1 33 44 42 32 32 24 14 23 41 41 32 22 41 31 41 11 11 14 22 14
1 33 11 44 33 33 22 11 22 41 41 33 22 44 33 41 11 11 11 22 11
1 33 14 44 32 33 24 14 22 41 44 32 22 44 31 41 14 14 11 22 14
1 33 11 44 32 32 24 14 23 44 41 32 23 44 33 41 14 11 11 22 14
1 33 44 44 33 33 44 11 22 44 11 32 22 41 31 11 44 11 14 23 14
1 33 14 42 22 33 24 11 23 41 41 32 22 44 31 11 44 14 14 33 14
1 33 14 42 33 32 24 14 23 41 41 32 23 44 31 41 11 14 14 23 11
1 33 14 42 33 33 44 11 23 41 41 33 22 44 31 41 14 11 11 22 14
1 33 11 44 33 33 22 11 22 44 44 33 22 44 33 41 11 11 11 22 11
1 32 44 22 22 22 24 44 33 41 11 22 23 41 31 11 44 14 44 33 14
1 32 14 42 32 32 24 14 23 41 41 32 23 41 31 41 14 14 14 23 14
1 33 14 44 32 33 24 11 22 44 41 33 22 44 33 41 11 14 11 23 11
1 33 14 42 32 32 24 14 23 41 41 32 23 41 11 41 14 14 14 23 14
1 32 14 42 32 32 24 14 23 41 41 32 23 44 31 41 14 14 14 23 11
1 33 11 44 32 32 22 11 23 41 41 33 22 44 33 44 11 14 11 22 11
1 32 44 44 22 33 44 11 23 11 41 32 22 44 11 41 14 44 44 23 44
1 33 44 42 22 32 44 11 23 41 11 32 23 11 11 41 14 14 14 23 14
1 33 14 42 22 32 44 14 33 44 11 22 23 44 31 41 14 14 14 33 14
1 33 11 44 33 33 22 11 22 44 41 33 22 44 33 44 11 11 11 22 11
1 33 14 44 32 33 24 11 22 44 44 33 22 44 33 44 14 11 11 22 11
1 33 14 44 33 33 22 11 22 44 44 33 22 44 33 44 11 11 11 22 11
1 32 44 42 32 32 24 14 23 41 41 32 23 41 31 41 14 14 14 23 14
1 32 14 44 33 32 24 14 23 44 41 33 22 44 31 41 14 14 11 23 14
1 33 14 44 32 33 22 14 22 44 41 32 22 44 31 44 11 14 11 23 11
1 32 44 42 22 22 44 44 33 11 11 22 33 11 11 11 44 44 14 33 44
1 33 11 44 32 32 24 11 23 41 44 22 22 41 31 41 14 14 11 23 11
1 33 14 44 32 32 44 44 33 44 11 32 22 44 11 11 14 11 44 23 14
1 32 44 44 22 32 44 14 23 41 11 32 23 41 11 11 44 14 14 23 14
1 33 11 44 33 33 22 11 22 41 44 32 22 44 33 41 11 11 11 22 14
1 33 14 42 32 32 44 11 23 41 41 32 22 44 31 41 14 14 14 23 14
1 33 14 44 22 32 44 14 23 44 11 32 22 41 33 41 14 14 14 23 14
1 33 14 44 32 33 22 14 23 41 41 32 23 44 31 41 14 11 11 23 11
1 33 14 42 32 32 24 14 23 41 41 33 23 41 31 41 11 14 11 22 14
1 33 14 44 33 33 22 11 22 44 44 33 22 44 31 44 11 14 14 22 14
1 33 14 42 32 33 24 11 22 44 41 33 22 44 33 44 11 11 14 22 11
1 33 14 44 32 32 24 11 23 41 41 32 23 44 11 44 11 14 14 22 14
1 33 14 42 32 32 24 14 22 44 41 33 22 44 31 41 14 14 11 22 14
1 33 14 44 32 33 24 11 23 44 41 32 22 44 31 41 14 14 14 22 14
1 32 11 44 32 33 44 44 33 41 41 33 23 44 11 11 44 11 44 23 14
1 33 11 44 32 33 22 11 22 44 44 33 22 44 33 44 11 11 11 22 11
1 33 14 44 32 33 24 14 23 41 41 32 22 44 31 41 14 14 11 23 11
1 33 14 44 33 33 44 11 22 44 44 33 22 44 33 41 14 11 11 22 11
1 32 44 42 32 22 44 44 33 11 11 22 23 41 11 41 44 14 14 23 44
1 33 14 42 32 33 24 11 22 44 41 32 22 44 31 41 14 11 11 23 11
1 33 11 44 33 33 22 14 22 44 44 33 22 44 33 41 11 11 11 22 11
1 33 14 44 33 33 22 11 22 44 44 33 22 44 33 44 11 11 11 22 11
1 33 14 42 32 32 24 11 23 41 44 32 22 41 31 41 14 11 11 23 14
1 33 14 44 32 33 24 14 22 44 41 32 22 44 31 41 11 11 11 22 14
1 33 11 44 32 33 22 11 22 44 44 33 22 44 31 41 11 11 14 22 11
1 33 44 22 22 32 44 44 33 11 11 22 22 41 31 11 14 44 44 33 14
1 33 14 42 32 32 24 11 33 41 11 22 23 41 31 11 14 11 11 23 14
1 33 14 42 32 32 24 11 23 41 41 32 23 41 31 41 14 14 14 23 14
1 33 11 44 32 32 22 11 22 44 41 32 22 44 33 44 14 11 11 23 11
1 33 14 42 32 32 24 14 23 41 41 32 23 41 31 11 14 14 14 23 14
1 33 11 44 33 33 24 14 22 44 44 33 22 44 31 41 11 11 11 22 11
1 33 11 44 33 33 22 11 22 44 44 33 22 44 33 44 11 11 11 22 11
1 33 14 44 32 33 22 14 23 44 41 32 22 41 31 41 14 14 14 23 11
1 33 44 44 33 32 24 11 23 44 41 32 22 44 33 11 14 11 11 23 11
1 33 14 42 32 22 24 14 23 41 41 32 22 44 31 41 14 14 11 22 14
1 33 11 44 33 33 24 11 22 44 44 32 22 44 31 44 14 11 14 22 14
1 33 44 22 33 33 44 14 33 41 11 22 23 44 11 11 44 14 14 33 14
1 33 14 44 32 33 24 11 22 44 41 32 22 41 31 41 14 14 14 23 11
1 32 14 42 32 32 24 14 23 41 41 32 23 41 33 41 14 14 14 23 14
1 33 14 42 33 32 24 14 23 41 11 33 22 44 31 41 14 14 11 22 44
1 33 44 44 22 33 24 44 23 41 41 22 22 44 11 11 44 44 14 22 14
1 32 14 44 32 32 44 11 33 41 41 32 23 44 33 11 44 14 14 33 11
1 33 14 44 33 33 44 14 23 41 41 32 22 44 11 41 44 11 11 22 11
1 32 14 42 32 32 24 44 33 41 41 32 23 11 31 11 44 14 11 23 14
1 32 44 42 32 32 44 14 23 41 41 32 23 11 11 41 44 14 14 23 14
1 32 14 44 22 32 24 14 33 11 11 32 22 44 11 11 14 14 14 23 11
1 32 44 22 22 22 44 44 33 11 11 22 23 41 11 11 44 14 44 23 44
1 33 44 44 32 33 24 14 23 41 41 32 23 41 31 41 11 14 14 22 14
1 33 14 44 22 33 24 14 23 44 44 32 22 44 11 44 14 11 11 22 14
1 33 14 42 32 32 24 14 23 41 41 32 22 44 31 41 14 14 14 23 14
1 33 14 44 32 33 22 11 23 41 41 32 22 44 33 41 14 11 11 23 11
1 33 11 44 33 33 22 14 22 41 41 32 22 44 31 11 14 11 14 23 11
1 33 11 44 32 33 24 11 23 44 44 33 22 44 33 44 11 11 11 22 14
1 33 14 44 32 32 24 14 23 41 41 32 23 44 31 41 14 14 11 22 14
1 33 14 44 32 32 24 14 22 41 41 33 22 41 33 41 14 11 14 22 11
1 33 14 44 32 33 24 11 22 44 41 32 22 44 11 41 14 11 14 22 11
1 33 14 44 32 32 24 14 22 41 41 32 23 41 31 41 14 11 11 23 14
1 33 11 44 33 33 22 11 22 44 44 33 22 44 33 44 11 11 11 22 11
1 33 11 44 33 33 22 11 22 44 44 33 22 44 33 44 11 11 11 22 11
1 33 14 44 32 33 24 11 23 44 41 32 22 44 31 44 14 14 11 22 11
1 33 11 44 33 33 22 11 22 44 41 33 22 44 33 44 11 11 11 22 11
1 33 14 44 22 32 44 14 22 44 11 32 22 44 11 11 44 14 14 23 14
1 32 14 42 22 32 24 14 33 41 11 22 23 41 11 41 14 14 14 23 14
