 rs313990 rs6668505 rs12139433 rs905908
0 44 33 31 41
0 11 33 33 44
0 11 33 33 44
0 11 33 33 44
0 11 32 31 41
0 11 32 31 44
0 11 32 11 41
0 11 33 33 44
0 11 32 33 44
0 11 32 33 44
0 11 32 33 41
0 44 33 11 44
0 11 32 31 44
0 44 33 33 44
0 11 32 31 41
0 11 32 33 44
0 14 22 11 41
0 44 32 11 11
0 11 22 11 41
0 14 32 11 41
0 11 22 31 44
0 14 32 11 44
0 44 32 31 41
0 14 22 31 41
0 11 22 31 11
0 14 22 11 44
0 14 32 33 44
0 44 33 31 44
0 11 32 11 44
0 11 32 33 44
0 11 33 33 44
0 11 33 33 44
0 14 33 31 44
0 11 22 31 44
0 11 32 31 44
0 11 33 31 44
0 44 33 11 11
0 11 33 33 44
0 11 33 33 44
0 44 32 11 41
0 11 33 31 44
0 14 32 33 44
0 11 32 31 44
0 14 22 31 41
0 11 32 31 41
0 44 32 31 41
0 11 32 31 41
0 11 33 33 44
0 11 22 31 41
0 14 32 31 11
0 14 22 11 41
0 11 22 33 44
0 14 32 33 44
0 11 33 33 44
0 11 32 31 11
0 14 32 31 44
0 14 22 31 44
0 14 22 11 41
0 11 33 33 41
0 14 32 11 44
0 14 32 31 41
0 14 33 33 44
0 14 32 31 41
0 11 33 33 44
0 11 32 33 44
0 14 33 31 41
0 14 32 11 44
0 14 32 33 44
0 14 32 11 41
0 14 33 31 44
0 14 32 31 44
0 14 32 11 44
0 44 22 11 41
0 14 33 33 41
0 14 33 31 44
0 14 32 31 11
0 14 32 11 41
0 44 32 11 41
0 14 32 31 41
0 11 32 31 41
0 14 32 31 41
0 14 32 31 41
0 11 33 33 44
0 44 32 31 44
0 14 32 31 44
0 14 33 31 44
0 14 32 31 41
0 14 32 33 11
0 11 33 31 44
0 11 22 11 41
0 14 33 33 44
0 11 33 33 44
0 14 32 11 44
0 14 32 31 44
0 14 32 31 41
0 14 33 33 44
0 14 33 31 41
0 11 32 33 44
0 11 33 33 44
0 44 32 31 44
0 44 32 31 41
0 14 33 31 41
0 14 33 33 44
0 11 33 33 44
0 14 32 31 44
0 11 32 33 41
0 14 22 11 41
0 14 32 31 11
0 11 33 33 41
0 14 22 31 11
0 11 33 33 41
0 11 33 33 44
0 44 32 31 44
0 14 32 11 41
0 11 33 31 44
0 14 33 11 41
0 44 22 31 41
0 11 33 31 44
0 14 33 33 44
0 14 32 31 41
0 11 33 31 11
0 44 32 11 41
0 14 22 11 11
0 11 32 33 41
0 11 33 33 44
0 14 22 11 41
0 14 22 31 44
0 44 32 31 11
0 11 32 11 41
0 14 33 31 44
0 44 32 11 11
0 14 32 31 41
0 11 32 33 41
0 11 32 33 44
0 14 33 33 44
0 44 32 31 11
0 11 33 33 41
0 11 33 33 44
0 44 22 11 11
0 14 33 31 41
0 11 33 33 41
0 14 32 31 44
0 44 33 11 44
0 11 33 33 44
0 44 32 11 11
0 11 32 31 41
0 11 32 33 44
0 11 33 31 44
0 11 32 31 44
0 14 33 31 44
0 14 33 31 41
0 11 33 33 44
0 11 32 11 41
0 11 33 33 44
0 14 32 33 44
0 14 33 11 44
0 14 33 11 41
0 14 32 31 41
0 14 32 31 41
0 14 33 33 41
0 14 32 31 44
0 14 32 31 44
0 14 32 11 41
0 14 32 31 41
0 14 22 33 41
0 11 33 33 44
0 11 32 31 44
0 14 33 31 41
0 14 32 31 44
0 14 32 31 41
0 14 32 33 41
0 11 32 11 44
0 11 33 31 41
0 11 33 33 44
0 11 32 31 44
0 11 32 31 44
0 11 32 31 41
0 11 33 31 41
0 11 32 31 41
0 11 33 33 44
0 14 32 33 41
0 11 32 33 44
0 11 32 11 44
0 11 33 31 44
0 11 32 11 44
0 14 32 11 44
0 14 32 31 41
0 11 32 33 44
0 11 33 11 44
0 14 33 31 41
0 44 32 11 41
0 11 32 11 44
0 11 33 33 44
0 14 32 33 44
0 11 32 11 41
0 11 33 31 44
0 44 32 33 41
0 14 32 33 44
0 14 32 33 44
0 11 33 33 44
0 11 33 31 41
0 14 32 33 41
0 14 32 31 11
0 14 32 31 44
0 14 32 33 41
0 11 32 33 44
0 11 32 31 44
0 14 33 33 44
0 11 33 33 11
0 14 32 31 11
0 14 33 33 44
0 11 33 31 44
0 11 33 33 44
0 44 33 31 44
0 11 22 11 41
0 14 32 33 41
0 14 32 31 44
0 11 33 31 41
0 11 33 11 41
0 11 32 31 44
0 11 32 33 44
0 11 33 31 41
0 11 32 31 11
0 11 33 31 44
0 44 22 11 41
0 11 33 31 41
0 14 33 31 41
0 14 32 31 44
0 14 33 33 41
0 14 32 31 44
0 11 32 33 44
0 11 33 33 44
0 44 32 11 44
0 14 33 33 41
0 14 32 11 41
0 11 32 31 41
0 11 32 31 41
0 11 32 33 41
0 11 33 33 44
0 44 22 31 41
0 14 33 33 44
0 11 32 33 44
0 11 33 33 44
0 11 32 33 44
0 11 33 33 44
0 14 33 31 41
0 14 33 11 41
0 44 22 31 11
0 14 32 31 44
0 11 33 31 44
0 11 33 31 41
0 11 32 31 44
0 11 33 33 44
0 11 22 11 41
0 11 33 31 41
0 14 32 31 41
0 11 33 31 44
0 14 33 11 41
0 14 32 31 41
0 11 33 33 44
0 11 22 11 41
0 14 22 31 11
0 11 33 31 44
0 11 33 31 41
0 11 32 31 44
0 11 33 33 44
0 11 33 31 41
0 14 32 31 44
0 11 32 31 41
0 14 32 31 41
0 11 33 33 44
0 11 32 33 44
0 14 32 31 41
0 14 33 33 44
0 14 32 31 41
0 44 33 31 44
0 11 33 31 44
0 11 33 33 44
0 14 32 33 44
0 14 32 31 41
0 11 33 33 44
0 11 22 33 44
0 11 33 31 44
0 44 32 11 41
0 11 33 33 44
0 44 32 31 41
0 14 22 11 41
0 11 32 31 41
0 14 22 31 41
0 11 22 31 44
0 14 32 33 44
0 14 32 33 41
0 44 22 31 11
0 14 32 31 11
0 14 32 31 44
0 11 33 31 41
0 11 32 33 41
0 14 33 31 41
0 44 32 31 41
0 14 32 33 44
0 14 32 31 41
0 11 32 31 44
0 44 22 11 44
0 14 33 33 41
0 11 22 33 11
0 11 32 11 44
0 14 32 31 44
0 11 22 31 44
0 14 32 33 44
0 11 32 11 44
0 14 32 33 41
0 11 33 33 41
0 11 33 33 44
0 14 32 33 41
0 14 32 31 44
0 44 33 11 41
0 11 32 11 44
0 11 32 11 41
0 11 32 31 44
0 11 33 33 41
0 11 32 11 11
0 11 32 33 41
0 14 33 11 41
0 14 32 31 44
0 44 22 11 44
0 44 22 33 44
0 14 33 31 44
0 11 33 33 44
0 11 33 33 44
0 14 32 31 41
0 11 22 31 11
0 44 32 11 44
0 14 33 31 44
0 11 33 31 41
0 44 32 33 11
0 14 32 33 44
0 44 32 31 11
0 11 32 33 41
0 14 33 33 44
0 11 33 33 44
0 14 32 33 44
0 11 33 31 44
0 11 33 33 44
0 14 33 31 44
0 44 32 11 41
0 14 33 31 41
0 11 33 11 44
0 11 32 33 44
0 14 32 33 41
0 11 32 33 41
0 44 32 11 41
0 11 33 33 11
0 11 33 33 44
0 11 32 11 41
0 11 33 33 44
0 11 32 31 41
0 11 32 33 44
0 14 32 31 44
0 11 33 33 44
0 14 32 11 41
0 11 33 33 44
0 14 32 31 44
0 14 32 31 11
0 14 33 33 41
0 11 22 31 41
0 11 33 33 44
0 11 33 31 44
0 11 33 33 44
0 14 32 33 44
0 11 33 33 44
0 14 22 11 41
0 11 32 33 44
0 14 33 31 44
0 11 32 31 41
0 11 32 31 44
0 14 33 31 41
0 11 22 31 41
0 14 22 31 44
0 44 33 33 41
0 11 33 33 44
0 11 33 33 44
0 11 32 33 44
0 11 32 31 44
0 14 32 33 41
0 44 32 11 41
0 11 32 33 44
0 14 32 11 41
0 11 32 33 44
0 44 22 11 11
0 11 33 33 44
0 11 32 31 41
0 11 32 33 44
0 14 32 33 44
0 14 32 31 44
0 14 33 31 44
0 11 33 33 44
0 11 32 31 44
0 11 32 31 41
0 14 22 31 11
0 14 33 31 44
0 14 22 31 41
0 11 32 31 44
0 11 32 33 44
0 11 32 31 41
0 11 33 31 41
0 11 32 31 44
0 44 22 11 41
0 11 33 33 44
0 11 32 31 41
0 44 32 33 41
0 11 32 31 44
0 44 33 11 44
0 44 22 31 11
0 11 33 31 44
0 11 33 11 41
0 11 33 33 44
0 44 33 33 41
0 14 32 31 44
0 11 33 31 44
0 11 32 31 41
0 11 33 31 41
0 14 32 31 41
0 11 33 31 41
0 14 32 31 41
0 11 33 33 44
0 14 33 33 41
0 11 32 33 44
0 44 22 31 41
0 14 22 11 11
0 44 32 31 41
0 11 33 31 41
0 14 32 11 41
0 11 22 33 44
0 11 33 33 44
0 11 32 33 41
0 14 33 33 44
0 14 22 11 41
0 14 33 33 41
0 11 32 31 41
0 11 32 33 44
0 14 32 31 44
0 14 33 31 44
0 44 22 31 11
0 11 32 33 44
0 14 32 31 41
0 11 33 11 41
0 11 32 11 41
0 14 33 33 44
0 14 32 33 44
0 11 33 33 41
0 11 32 31 44
0 14 22 31 41
0 11 33 33 41
0 14 33 31 41
0 14 33 31 41
0 11 33 33 44
0 14 32 11 41
0 14 33 11 41
0 44 32 11 41
0 11 32 31 41
0 44 33 33 44
0 14 32 31 44
0 11 32 33 44
0 14 33 33 44
0 14 32 33 44
0 11 22 11 41
0 11 22 31 41
0 11 33 31 44
0 44 22 11 41
0 11 33 33 44
0 14 22 31 41
0 11 33 33 41
0 11 32 31 41
0 14 22 31 41
0 44 22 31 44
0 11 32 31 44
0 14 32 31 44
0 14 32 31 44
0 11 33 31 44
0 14 33 31 44
0 11 32 33 41
0 11 33 33 44
0 14 32 31 44
0 14 33 31 44
0 14 33 31 44
0 14 32 11 11
0 11 32 31 41
0 11 32 11 41
0 14 33 33 44
0 14 22 11 44
0 14 32 11 44
0 11 32 33 44
0 11 32 31 41
0 11 32 33 41
0 11 33 31 44
0 14 32 31 44
0 11 33 33 44
0 11 32 11 41
0 11 22 33 44
0 11 32 33 44
1 44 33 31 44
1 11 32 11 44
1 14 32 33 11
1 11 33 31 44
1 11 32 31 44
1 14 32 31 44
1 14 22 11 11
1 14 32 33 41
1 11 32 11 11
1 14 33 31 41
1 11 33 31 41
1 11 32 31 41
1 11 32 33 44
1 14 22 31 44
1 11 22 11 44
1 11 32 33 44
1 14 32 31 44
1 14 33 31 44
1 14 32 33 44
1 11 33 33 41
1 11 33 33 41
1 11 33 33 41
1 11 33 31 44
1 14 32 31 41
1 44 32 31 41
1 44 33 31 41
1 14 32 31 11
1 11 33 31 11
1 14 32 31 41
1 11 32 33 44
1 14 33 31 44
1 11 32 33 41
1 11 32 33 41
1 14 33 31 41
1 11 33 33 44
1 14 32 33 41
1 14 32 11 41
1 11 32 31 44
1 14 33 33 44
1 14 22 11 11
1 14 32 11 11
1 14 32 31 41
1 14 32 31 41
1 14 32 31 44
1 11 33 31 41
1 14 32 31 41
1 14 33 31 44
1 11 32 31 41
1 14 32 31 41
1 11 32 31 41
1 11 32 31 44
1 14 32 31 41
1 11 32 33 44
1 14 33 33 44
1 11 33 33 44
1 44 33 11 41
1 14 32 33 44
1 11 32 11 44
1 11 33 31 44
1 11 33 33 44
1 11 33 33 44
1 14 32 31 11
1 14 32 11 44
1 44 33 31 44
1 14 32 11 41
1 44 32 11 41
1 44 22 31 41
1 14 32 31 44
1 14 33 33 44
1 11 33 33 44
1 11 32 31 41
1 14 33 31 41
1 11 33 33 44
1 11 32 33 44
1 11 33 33 44
1 14 32 31 41
1 14 32 31 44
1 14 33 33 44
1 11 33 33 44
1 11 32 33 41
1 14 33 31 11
1 14 33 31 41
1 14 22 33 44
1 14 32 31 41
1 14 32 33 44
1 14 32 31 41
1 14 32 31 41
1 14 32 33 41
1 11 33 33 41
1 11 22 11 41
1 14 22 31 41
1 44 33 31 11
1 44 22 11 41
1 14 32 31 44
1 14 32 11 44
1 14 33 33 44
1 11 32 31 11
1 14 32 31 41
1 14 33 31 41
1 11 33 31 41
1 14 22 31 44
1 44 33 31 44
1 14 33 33 41
1 44 32 11 44
1 14 33 33 41
1 14 33 33 44
1 11 33 33 44
1 11 32 11 44
1 14 22 33 41
1 11 33 31 44
1 44 32 31 41
1 11 32 31 44
1 14 33 33 44
1 14 22 11 44
1 11 33 33 44
1 11 32 33 44
1 14 33 31 44
1 11 32 31 41
1 14 33 33 44
1 11 32 33 44
1 11 33 31 44
1 14 22 31 41
1 11 22 31 41
1 44 33 31 41
1 11 33 31 41
1 14 32 33 44
1 44 33 11 11
1 11 32 33 41
1 14 32 33 44
1 14 32 31 44
1 14 22 31 41
1 14 32 31 41
1 44 32 11 11
1 14 33 31 44
1 44 22 31 44
1 11 33 31 41
1 11 33 31 44
1 11 33 33 44
1 11 33 33 44
1 11 32 33 44
1 11 33 33 44
1 14 32 33 44
1 11 32 31 41
1 14 32 31 44
1 14 32 31 41
1 11 33 31 44
1 44 32 33 44
1 11 33 33 44
1 11 32 31 44
1 11 33 33 44
1 44 32 31 44
1 44 32 31 11
1 11 33 31 44
1 11 32 33 41
1 11 32 31 44
1 14 32 31 44
1 14 32 11 41
1 14 33 31 41
1 11 32 11 41
1 14 33 33 44
1 11 32 31 41
1 44 33 33 44
1 14 22 11 41
1 14 33 33 44
1 14 32 33 41
1 14 32 31 41
1 14 33 11 41
1 14 22 11 44
1 14 22 11 11
1 11 32 31 44
1 11 32 33 44
1 44 32 31 41
1 14 33 31 44
1 14 33 33 44
1 14 22 31 41
1 11 32 31 44
1 44 22 11 41
1 11 22 33 41
1 14 32 31 44
1 14 32 31 41
1 14 33 33 44
1 14 32 31 41
1 14 33 31 41
1 14 32 31 41
1 11 33 31 44
1 11 32 33 44
1 11 32 11 41
1 14 33 33 44
1 11 32 33 41
1 14 32 31 44
1 11 32 31 41
1 11 32 31 41
1 11 32 33 44
1 14 33 31 41
1 44 22 11 41
1 11 22 31 11
1 14 33 31 44
1 14 33 33 44
1 11 33 31 44
1 11 32 33 11
1 11 32 31 41
1 11 32 31 41
1 11 33 33 44
1 14 32 31 41
1 14 32 31 11
1 14 32 31 41
1 14 33 33 41
1 44 32 11 41
1 14 32 31 44
1 11 32 33 44
1 11 32 31 44
1 11 22 11 11
1 14 33 33 41
1 14 22 11 41
1 11 33 33 44
1 14 22 31 44
1 14 33 31 44
1 11 32 33 44
1 14 22 31 44
1 44 22 31 41
1 11 33 33 44
1 14 32 33 41
1 11 32 31 41
1 44 33 31 41
1 11 22 31 41
1 11 32 33 41
1 11 33 33 41
1 11 32 31 44
1 14 32 31 44
1 11 32 31 41
1 11 32 31 44
1 11 32 31 44
1 44 32 11 41
1 11 33 31 44
1 11 33 31 44
1 11 22 31 41
1 11 32 11 44
1 14 33 31 41
1 11 32 33 41
1 14 33 33 41
1 11 32 33 44
1 44 32 33 11
1 11 33 33 44
1 11 33 31 44
1 14 32 31 41
1 11 32 33 41
1 11 33 31 44
1 11 33 33 44
1 11 33 33 41
1 11 33 33 44
1 14 32 31 44
1 44 22 33 41
1 11 33 31 41
1 11 33 33 44
1 44 33 31 11
1 14 22 33 41
1 11 33 33 44
1 14 32 31 41
1 14 32 11 41
1 14 33 31 44
1 11 32 31 41
1 14 22 31 41
1 44 32 11 41
1 11 32 11 41
1 11 33 33 41
1 14 33 33 44
1 14 32 31 44
1 11 33 33 44
1 14 33 33 44
1 14 33 33 41
1 14 33 11 44
1 14 22 31 44
1 11 33 31 41
1 14 32 33 44
1 14 32 31 41
1 11 33 31 44
1 11 32 33 44
1 11 32 31 44
1 14 32 31 44
1 11 32 33 44
1 14 32 31 41
1 14 32 31 41
1 11 33 33 44
1 14 32 11 41
1 11 32 31 41
1 14 32 31 44
1 14 32 11 44
1 14 22 11 41
1 14 32 31 41
1 14 33 31 44
1 14 33 31 41
1 14 32 31 41
1 11 33 33 44
1 44 33 31 44
1 11 32 33 44
1 44 32 33 11
1 14 32 31 44
1 11 32 31 41
1 11 32 11 44
1 11 32 31 44
1 11 33 33 44
1 44 22 31 41
1 11 33 31 41
1 11 22 31 44
1 14 33 33 44
1 44 33 33 44
1 11 33 31 44
1 14 32 31 41
1 44 22 11 41
1 11 32 33 44
1 11 33 31 44
1 44 22 31 44
1 14 32 11 11
1 44 32 31 41
1 11 33 33 44
1 11 32 31 44
1 11 33 31 44
1 11 33 33 44
1 14 33 31 44
1 14 22 11 11
1 11 32 31 41
1 14 32 31 41
1 44 32 31 41
1 14 22 31 44
1 11 33 33 44
1 14 22 11 41
1 14 32 11 44
1 11 22 33 41
1 11 32 33 44
1 11 33 33 44
1 11 32 31 41
1 11 33 31 44
1 11 32 31 11
1 14 32 33 41
1 14 32 11 11
1 11 33 33 44
1 11 32 11 44
1 11 33 31 44
1 14 33 31 44
1 14 33 11 44
1 14 32 33 41
1 14 32 33 44
1 11 32 33 44
1 14 32 31 41
1 11 22 31 41
1 14 32 31 44
1 11 33 31 44
1 11 33 33 44
1 11 33 33 44
1 14 33 31 44
1 14 33 33 41
1 11 33 33 44
1 14 33 31 44
1 14 32 31 44
1 14 32 31 41
1 11 32 33 44
1 44 33 33 41
1 14 22 11 41
1 14 32 11 11
1 14 33 33 44
1 11 33 33 44
1 11 32 31 44
1 14 33 33 41
1 14 32 31 41
1 14 33 31 44
1 14 32 33 44
1 11 32 33 41
1 14 33 11 44
1 14 32 33 41
1 44 33 33 44
1 11 32 31 44
1 14 32 31 44
1 11 22 11 41
1 11 32 31 41
1 11 33 31 44
1 11 33 33 44
1 14 22 31 41
1 11 32 31 44
1 11 33 33 11
1 11 32 31 41
1 11 33 33 44
1 11 32 31 41
1 14 22 31 41
1 11 32 11 44
1 11 33 31 44
1 14 32 31 44
1 14 33 33 44
1 14 32 11 44
1 14 33 31 44
1 11 32 31 41
1 14 32 11 44
1 11 22 31 41
1 14 32 31 44
1 44 32 31 11
1 11 33 33 44
1 14 32 31 41
1 14 32 31 41
1 14 33 33 44
1 14 22 31 41
1 14 33 31 41
1 14 32 31 44
1 14 22 31 44
1 14 32 31 44
1 14 33 31 44
1 14 33 33 44
1 44 22 11 11
1 14 32 31 41
1 14 22 33 44
1 14 32 31 41
1 44 22 31 41
1 11 32 31 41
1 14 32 31 41
1 14 33 33 41
1 14 32 31 41
1 14 32 33 41
1 11 33 33 44
1 14 32 11 41
1 11 32 11 41
1 11 33 33 44
1 14 32 31 41
1 11 32 33 41
1 11 33 33 44
1 14 32 33 44
1 11 32 33 44
1 14 22 31 11
1 14 22 31 44
1 14 32 31 44
1 11 33 33 41
1 14 33 31 41
1 14 32 31 41
1 11 33 31 41
1 14 33 33 44
1 14 32 31 41
1 11 33 33 44
1 14 32 33 41
1 11 32 31 44
1 14 32 31 44
1 44 32 31 44
1 11 33 33 44
1 11 32 33 41
1 11 32 31 41
1 14 32 33 41
1 11 32 33 44
1 14 33 31 44
1 11 32 33 44
1 14 33 31 44
1 11 32 11 44
1 44 22 31 11
1 14 32 31 41
1 11 33 33 41
1 14 33 33 44
1 14 32 33 41
1 11 22 33 44
1 14 22 31 44
1 14 32 31 41
1 11 33 31 44
1 11 32 31 44
1 11 32 31 44
1 11 33 31 44
1 44 22 31 41
1 11 33 33 44
1 14 32 31 41
1 14 33 11 11
1 14 33 31 44
1 14 32 31 44
1 11 33 33 44
1 14 32 31 41
1 14 32 31 41
1 14 32 33 44
1 14 32 31 11
1 14 32 33 41
1 14 32 31 44
1 11 32 31 44
1 14 22 31 44
1 11 33 33 44
1 14 22 33 44
1 44 32 31 41
1 11 32 33 41
1 11 33 31 44
1 11 32 33 44
1 11 32 31 41
1 11 33 33 44
1 14 32 31 44
1 14 22 33 11
1 11 33 33 44
1 14 32 33 44
1 14 32 31 44
1 14 32 11 44
1 11 33 31 41
1 44 33 31 41
1 14 32 31 41
1 14 22 31 44
1 11 33 33 41
1 11 33 31 44
1 14 32 33 41
1 11 32 33 44
1 14 22 31 41
1 14 32 31 41
1 11 32 33 41
1 14 22 31 41
