 rs12039250 rs9430636 rs6660363 rs4333853 rs11121477 rs6677649 rs6669509 rs4240910 rs4601595 rs12566637 rs12075554 rs6541017 rs3934934 rs9430220 rs11589267 rs10864435 rs1135426 rs1135427 rs12042293 rs11121486 rs12569008 rs10864436 rs7550246 rs10779731 rs11674 rs12047054 rs4845976
0 11 22 14 14 11 14 24 22 42 33 44 14 11 22 33 32 33 22 44 44 33 41 11 14 11 11 33
0 14 23 14 14 14 14 24 23 42 32 41 14 14 23 32 32 32 24 41 41 32 44 14 14 11 14 31
0 11 22 11 14 11 11 44 22 44 33 44 44 14 33 33 33 32 22 44 41 32 41 14 11 11 11 33
0 14 33 44 44 44 44 44 23 22 22 11 44 44 23 22 22 22 24 41 11 22 41 44 14 44 14 31
0 11 22 14 11 14 14 24 23 44 33 44 14 11 22 32 32 33 22 44 41 33 44 11 11 11 14 33
0 14 23 44 44 44 14 24 23 42 33 44 14 14 33 22 22 22 44 41 11 32 41 14 14 14 44 31
0 11 22 14 11 14 11 22 23 44 33 44 11 11 22 33 32 33 22 44 41 33 44 11 14 14 14 33
0 14 23 14 14 14 14 24 23 42 33 41 14 14 23 32 32 33 24 41 41 32 41 14 14 14 14 31
0 11 22 11 11 11 11 22 22 44 33 44 11 11 22 33 32 33 22 44 44 33 44 11 11 11 14 33
0 11 22 14 11 14 14 22 22 42 33 44 11 14 23 33 32 32 22 44 11 33 41 14 14 11 11 33
0 44 23 44 14 14 14 24 23 42 32 44 14 14 23 33 22 32 24 44 41 32 44 44 44 11 14 33
0 14 23 44 14 11 14 24 23 44 33 41 14 44 23 33 32 32 24 41 11 32 44 14 44 11 14 33
0 14 23 14 14 44 14 24 23 42 32 41 44 14 23 32 22 32 22 41 11 22 41 44 44 11 44 31
0 44 23 44 44 44 44 24 23 42 33 41 14 14 22 32 32 32 24 44 41 22 41 11 14 14 14 31
0 14 22 11 11 11 11 22 22 44 33 44 11 11 22 33 33 33 22 44 44 33 44 11 11 11 11 33
0 11 23 14 14 14 14 24 23 42 33 44 14 14 23 33 33 32 22 44 41 32 41 14 14 11 11 31
0 44 23 11 44 44 11 24 22 42 33 44 14 44 22 33 32 32 24 44 44 32 44 14 44 11 44 33
0 14 22 14 14 14 14 24 23 42 32 44 14 14 22 33 32 33 22 44 41 32 44 14 44 14 44 31
0 14 23 14 11 44 44 22 22 42 33 44 11 14 33 33 33 32 22 44 41 33 44 14 14 11 14 33
0 11 22 11 11 11 11 22 22 44 33 44 11 11 22 33 33 33 22 44 44 33 44 11 11 11 11 33
0 14 23 14 44 44 14 44 33 42 32 11 14 44 23 32 22 33 24 41 41 22 44 44 14 14 44 33
0 11 22 14 11 14 11 22 22 44 33 44 11 11 22 33 32 33 22 44 44 33 44 14 14 11 11 33
0 11 22 14 11 11 11 22 22 44 33 44 11 11 22 33 33 33 22 44 44 33 44 11 11 11 11 33
0 14 22 14 11 14 11 24 22 44 33 41 11 14 22 33 32 33 22 44 41 32 41 14 14 11 14 33
0 44 23 44 14 44 11 44 23 44 32 41 44 44 22 33 22 33 24 41 11 22 41 44 44 14 44 31
0 44 33 44 44 11 14 44 23 22 22 44 14 44 33 33 22 32 44 41 41 22 44 44 44 14 44 31
0 14 23 14 14 14 14 24 23 42 33 44 14 44 23 33 32 33 24 44 41 32 44 44 14 11 14 33
0 14 22 11 44 14 11 24 23 42 33 44 14 44 22 33 32 33 22 44 44 22 44 44 14 11 44 31
0 44 23 14 44 14 44 44 23 22 32 41 14 14 23 32 22 22 22 44 11 32 41 44 44 11 44 31
0 14 23 14 14 14 14 22 22 42 33 41 11 14 23 33 32 33 24 44 11 33 41 44 44 11 14 31
0 11 22 44 44 11 14 44 23 22 32 44 11 44 22 33 32 32 24 41 41 32 41 44 44 44 44 33
0 14 23 14 44 14 14 24 23 42 33 41 14 11 23 32 22 33 24 41 11 33 11 14 44 14 14 31
0 11 22 14 44 14 11 24 23 42 33 44 11 14 22 33 33 32 24 44 41 32 44 44 14 14 14 33
0 14 23 14 14 14 14 24 23 42 32 44 14 14 23 32 32 32 24 44 41 32 41 14 14 14 14 31
0 14 22 14 11 11 14 22 22 44 33 44 11 11 22 33 32 33 22 44 41 33 44 11 11 11 14 33
0 11 22 11 14 11 14 22 22 44 33 44 11 14 22 33 22 33 22 44 44 33 44 44 11 11 11 33
0 44 23 44 44 14 14 24 23 22 33 41 14 44 33 22 22 32 24 41 41 22 41 14 14 11 14 33
0 11 22 11 14 11 11 22 22 44 33 44 11 11 22 33 32 33 22 44 41 33 44 14 11 11 11 33
0 44 22 14 14 44 11 44 22 44 33 44 11 14 23 33 33 33 24 44 44 22 41 14 14 14 14 33
0 14 22 11 14 14 14 24 22 42 32 44 14 14 23 33 32 32 22 44 41 33 41 11 14 14 11 33
0 44 23 14 44 44 11 24 33 42 33 44 11 44 33 32 32 22 24 41 11 33 44 14 14 11 44 31
0 14 22 14 14 14 11 24 22 44 33 44 14 14 23 33 33 33 22 44 11 32 41 11 14 11 14 33
0 11 22 11 14 11 11 24 22 44 33 44 11 11 22 33 33 33 22 44 44 33 44 14 44 11 11 33
0 11 22 11 11 11 11 22 22 44 33 44 11 14 22 33 33 33 22 44 44 33 44 11 11 11 11 33
0 11 22 14 14 14 14 22 22 42 32 44 11 11 22 33 32 33 22 44 44 33 41 14 11 11 44 33
0 14 23 14 14 14 14 24 22 42 33 11 14 14 23 32 32 32 22 41 11 32 41 14 44 14 14 33
0 14 22 14 14 11 11 24 22 42 33 44 11 14 22 33 32 32 22 44 41 33 44 14 11 11 11 33
0 11 23 14 44 44 11 44 22 22 33 44 44 14 23 33 22 32 24 44 44 32 44 44 14 11 44 31
0 14 23 44 44 14 14 44 23 22 33 41 44 14 33 32 32 32 44 41 41 32 41 14 44 14 44 31
0 11 22 11 11 11 11 22 22 44 33 41 11 11 22 33 33 33 22 44 41 33 44 11 14 11 11 33
0 11 22 11 11 11 11 24 22 44 33 44 11 11 23 33 32 33 22 44 44 33 44 11 14 11 14 33
0 14 22 14 14 14 11 22 23 44 33 44 11 11 22 33 32 33 22 44 41 33 44 14 11 11 14 31
0 11 22 14 14 14 11 22 22 42 33 44 11 11 23 33 32 33 24 44 44 33 41 11 11 11 11 33
0 14 23 14 14 14 14 44 23 42 33 44 14 14 23 32 32 32 22 41 41 32 41 14 14 11 14 33
0 14 22 11 11 14 11 22 23 42 33 44 11 44 22 33 32 32 22 44 41 32 44 44 14 11 14 33
0 11 23 14 44 44 11 44 33 42 32 44 11 44 22 33 32 33 22 41 11 32 41 11 44 11 11 33
0 11 22 11 11 11 11 22 22 42 33 44 11 11 22 33 33 33 22 44 44 33 44 11 11 11 11 33
0 14 23 44 44 14 14 24 23 44 33 41 14 14 23 32 22 32 24 44 41 32 44 44 14 14 14 31
0 14 23 11 44 11 11 24 23 22 33 44 11 14 22 33 32 33 22 44 41 33 44 14 11 11 14 33
0 11 22 14 11 11 11 24 22 44 33 44 11 14 22 33 33 33 22 44 44 32 44 11 14 11 11 33
0 11 22 44 11 14 14 22 22 22 32 44 44 44 22 33 32 32 22 44 41 32 41 44 11 11 11 33
0 14 23 11 14 11 11 22 22 44 33 41 11 11 23 33 33 33 24 44 44 32 44 14 11 14 14 31
0 14 22 14 11 11 11 22 22 44 33 44 11 14 22 33 33 33 22 44 44 33 44 14 11 11 14 33
0 14 23 14 14 14 14 24 23 42 32 41 14 14 23 32 32 32 24 44 41 33 41 14 14 14 14 33
0 14 22 14 14 14 11 44 23 42 33 41 11 14 22 33 22 32 22 44 41 33 44 44 14 14 14 31
0 11 23 14 14 14 14 24 22 44 33 41 44 11 22 33 32 33 22 44 41 33 41 14 11 11 14 33
0 14 23 44 14 14 11 22 22 42 32 44 11 14 23 33 22 32 22 44 11 32 44 11 11 14 14 33
0 14 22 11 11 14 11 24 23 44 33 44 11 11 23 33 32 32 24 44 44 33 44 14 14 11 11 33
0 11 23 44 14 14 11 22 23 44 33 44 11 14 22 33 33 33 22 44 41 33 44 14 14 11 44 33
0 14 23 14 14 14 14 44 23 42 33 44 11 14 23 33 32 32 24 44 11 32 11 44 11 14 44 33
0 11 22 11 14 11 11 22 22 42 33 44 11 11 23 33 32 33 22 44 41 32 44 11 14 11 11 33
0 14 23 14 14 14 11 24 23 42 33 44 14 14 23 33 33 32 22 44 11 33 44 11 11 11 14 33
0 14 23 44 44 11 14 44 23 42 32 41 11 44 22 33 22 32 24 41 41 32 44 44 14 11 14 33
0 14 33 44 44 44 14 44 23 42 32 41 14 44 33 32 22 32 24 44 11 22 11 44 14 11 44 31
0 11 22 11 11 11 11 22 22 44 33 44 11 11 22 33 33 33 22 44 41 33 44 11 11 11 11 33
0 14 23 11 14 11 14 22 22 42 33 44 11 14 22 33 32 32 22 44 44 33 44 11 14 14 11 33
0 11 23 14 44 11 11 24 23 42 33 41 14 14 23 33 32 32 22 41 44 32 44 44 14 14 11 33
0 11 22 14 14 11 14 22 22 42 33 44 11 11 22 33 33 33 22 44 11 33 44 11 11 11 11 33
0 11 22 14 11 11 11 22 22 42 33 44 11 11 22 33 33 33 22 44 41 33 44 14 11 11 11 33
0 14 23 14 14 11 11 24 22 44 33 44 14 14 23 33 32 33 22 44 44 32 41 14 14 11 14 33
0 44 23 14 44 14 11 44 23 22 32 41 44 44 23 22 22 22 24 41 11 22 44 44 44 14 44 31
0 14 22 44 44 14 14 22 23 42 33 44 11 11 22 33 32 32 22 44 41 33 41 44 44 11 11 31
0 14 22 14 14 14 11 24 23 22 33 41 14 14 22 33 33 33 22 44 41 32 41 14 11 11 44 31
0 14 23 44 44 14 14 24 23 22 32 44 14 14 23 32 22 32 22 41 11 32 41 14 44 14 14 33
0 14 23 44 14 14 14 24 23 42 33 41 14 44 23 33 22 32 24 44 41 32 44 14 14 14 44 33
0 11 22 14 11 14 11 24 22 42 33 44 11 14 22 33 32 33 22 44 41 32 44 14 11 11 14 33
0 11 22 11 14 11 11 22 22 44 33 44 11 11 22 33 33 33 22 44 44 33 44 14 14 11 11 33
0 14 22 14 14 14 14 24 23 44 33 41 11 14 23 33 32 33 24 44 41 32 44 14 44 14 14 31
0 11 22 11 11 11 11 22 22 44 33 44 11 11 22 33 32 33 22 44 44 32 44 14 11 11 11 33
0 14 22 11 14 11 11 44 22 42 33 44 11 44 23 32 33 32 22 41 41 33 44 44 11 14 44 33
0 11 22 44 11 11 11 22 22 44 33 44 11 11 22 33 33 33 22 44 44 33 44 11 11 11 14 33
0 11 22 11 11 11 11 22 22 44 33 44 11 11 22 33 33 33 22 44 44 33 44 14 11 11 11 33
0 11 22 11 14 11 11 22 22 42 33 44 11 14 22 33 33 33 22 44 44 33 44 11 11 11 14 33
0 14 23 14 14 14 11 24 23 22 32 11 14 44 23 32 22 32 24 41 41 32 41 14 44 14 44 31
0 14 23 14 44 14 14 24 23 22 32 41 14 14 33 32 22 33 24 41 41 32 41 11 14 14 14 31
0 11 22 14 14 14 11 24 22 44 33 44 11 14 22 33 32 33 22 44 41 32 41 14 14 11 14 33
0 11 22 14 11 14 11 24 22 42 33 44 11 11 22 33 33 33 22 44 41 33 44 14 14 11 14 33
0 44 22 44 44 44 11 44 23 42 32 44 44 14 23 33 22 32 22 41 11 32 41 44 44 11 44 31
0 14 22 14 14 14 11 22 22 42 33 44 11 11 22 33 32 33 22 44 44 32 44 14 14 11 14 33
0 11 22 11 11 11 11 22 22 44 33 44 11 11 22 33 33 33 22 44 41 33 44 11 14 11 11 33
0 14 22 14 44 44 11 44 23 44 32 41 14 14 23 22 32 32 24 44 11 22 41 44 44 14 44 33
0 14 23 44 44 14 44 24 22 42 33 41 44 44 33 22 22 22 24 44 11 32 44 44 44 14 44 33
0 14 23 14 14 11 11 44 23 22 33 44 11 14 33 33 32 33 24 41 11 33 41 14 44 14 11 31
0 11 22 11 14 11 11 22 22 42 33 44 11 11 22 33 32 33 22 44 44 33 44 11 11 11 11 33
0 44 23 11 14 44 44 44 22 42 33 44 11 11 23 32 32 33 22 44 41 33 44 44 11 11 14 33
0 14 23 14 14 11 14 22 22 44 33 44 11 14 23 33 32 33 22 44 41 32 44 11 11 11 11 33
0 14 23 14 14 14 14 24 23 42 32 41 14 14 23 33 32 32 24 44 41 33 41 14 14 14 14 31
0 14 23 14 44 11 11 22 23 44 33 44 11 14 23 33 32 32 22 44 41 32 41 14 14 11 14 33
0 14 23 14 14 44 14 44 23 42 33 41 14 44 33 32 32 32 24 41 41 32 41 44 14 14 44 31
0 14 22 14 11 11 11 24 22 44 33 44 11 14 22 33 32 33 24 44 44 33 44 14 11 11 44 33
0 44 33 14 44 11 14 44 23 22 33 41 44 44 33 32 22 32 24 41 11 32 41 44 14 44 44 33
0 11 22 14 14 11 11 22 22 44 33 44 11 11 22 33 33 33 22 44 41 33 44 11 11 11 11 33
0 14 23 14 44 14 14 22 23 42 33 41 11 14 23 33 32 33 22 44 44 33 44 14 14 11 44 33
0 11 22 14 14 14 11 24 22 44 33 44 11 11 23 33 32 33 22 44 41 33 44 11 11 11 44 33
0 14 22 11 11 14 11 22 23 42 33 44 11 11 22 32 33 32 24 44 41 33 44 14 11 11 11 33
0 14 22 14 14 14 11 24 22 44 33 44 11 11 23 33 33 33 22 41 44 33 41 11 14 11 11 33
0 11 22 44 14 44 11 24 23 42 33 44 11 44 22 33 32 33 22 44 41 32 44 14 11 11 44 33
0 14 23 14 14 14 14 24 22 42 32 41 14 14 23 32 32 32 24 44 41 32 44 14 14 14 14 31
0 14 23 14 44 11 14 24 22 42 33 44 11 14 22 32 32 33 24 41 44 32 41 14 11 11 14 33
0 11 22 14 14 11 11 22 22 44 33 44 11 14 22 33 32 33 22 44 44 33 44 14 14 11 14 33
0 44 23 44 44 14 14 24 23 42 33 11 14 44 33 33 22 22 24 11 11 32 44 44 44 14 44 33
0 44 22 44 14 11 11 24 22 22 33 44 11 14 22 33 33 33 22 44 11 33 44 14 44 11 14 33
0 14 23 44 44 14 14 44 33 42 32 41 14 44 33 33 32 32 24 41 41 22 44 44 44 11 44 31
0 11 22 14 44 14 14 44 22 42 33 41 14 14 22 32 32 32 22 41 41 33 44 14 44 14 14 33
0 11 22 11 14 11 11 22 22 44 33 44 11 14 22 33 33 33 22 44 41 32 44 11 11 11 11 33
0 11 22 14 11 11 11 22 22 42 33 44 11 14 22 33 33 33 22 44 44 33 44 11 11 11 11 33
0 11 22 14 11 11 11 22 22 44 33 44 11 14 23 33 32 33 22 44 41 33 44 11 14 11 14 33
0 11 22 11 14 11 14 24 23 44 33 44 14 14 23 33 32 32 22 44 44 32 44 11 14 11 11 33
0 14 22 11 14 14 11 24 23 42 33 44 14 14 23 33 32 32 22 44 41 32 41 11 11 11 11 31
0 11 22 14 14 44 11 22 22 42 33 44 11 11 23 33 32 33 22 44 11 33 44 14 11 11 14 33
0 14 22 11 44 11 11 22 23 44 33 44 11 11 22 33 32 33 22 41 11 33 44 11 11 11 11 33
0 14 22 11 14 11 11 22 22 44 33 44 11 11 22 33 33 32 22 44 44 33 44 11 11 11 11 33
0 14 22 14 14 14 14 22 23 42 33 44 14 11 23 32 33 33 24 44 11 33 44 14 14 11 11 33
0 44 23 11 14 11 11 22 22 44 33 44 11 14 23 33 32 33 22 44 44 33 44 11 14 11 11 31
0 11 22 11 11 44 14 24 22 44 33 44 11 11 22 33 22 33 24 44 11 33 44 11 14 11 14 33
0 11 22 14 14 11 11 22 22 44 33 44 11 11 22 33 32 33 22 44 44 33 44 44 14 11 11 33
0 14 22 14 44 44 11 22 22 44 33 41 14 14 23 32 32 33 22 44 41 32 44 14 44 11 14 33
0 44 23 44 44 44 11 44 23 22 33 44 14 14 23 32 22 22 22 11 41 32 44 44 44 11 44 33
0 11 22 11 11 11 11 22 22 44 33 41 11 11 22 33 32 33 22 44 44 33 44 11 14 11 11 33
0 44 23 44 14 14 14 44 23 44 32 41 14 14 22 33 22 33 22 41 11 33 11 14 44 44 44 33
0 14 23 44 44 14 14 44 22 22 33 41 44 11 23 32 22 22 22 44 41 33 41 44 44 11 44 33
0 14 23 44 44 14 14 24 23 22 33 44 11 14 23 33 32 33 24 44 44 32 41 14 14 11 14 33
0 11 22 44 44 11 14 24 22 22 33 44 11 11 23 33 32 33 22 44 44 33 44 14 14 11 11 33
0 14 22 11 14 11 14 22 22 42 33 44 11 14 22 33 32 33 22 44 41 33 44 14 11 11 11 33
0 14 22 14 14 14 14 24 22 42 33 41 14 14 23 33 32 33 24 44 41 33 41 14 14 14 14 31
0 44 23 44 44 14 14 44 23 42 32 11 44 14 33 32 22 32 24 41 11 32 11 44 44 14 44 11
0 14 23 11 14 14 14 24 23 42 33 41 14 14 22 32 33 32 24 41 41 32 41 14 14 11 14 31
0 14 23 14 14 14 11 22 23 42 33 41 14 14 23 33 32 33 22 44 41 32 41 14 14 14 14 33
0 11 22 14 11 11 11 24 23 42 33 44 14 11 23 33 32 33 22 44 41 33 44 14 14 11 14 33
0 44 23 14 44 44 11 44 23 42 33 11 14 44 23 22 22 22 22 11 11 32 41 14 44 44 14 11
0 14 23 44 14 11 14 24 23 42 33 44 14 44 23 32 32 32 22 41 41 32 41 14 14 11 14 33
0 11 22 44 44 44 11 44 23 22 22 11 44 14 23 33 22 32 24 44 11 32 11 44 44 14 44 31
0 14 23 14 14 14 11 24 23 42 32 41 11 14 23 33 32 33 22 41 41 33 41 14 14 11 14 31
0 14 22 44 11 14 14 24 22 42 33 44 11 14 22 33 33 33 22 44 41 33 44 14 14 11 14 33
0 11 22 44 14 11 11 24 22 42 33 44 11 14 22 33 33 33 22 44 41 33 41 14 11 11 11 33
0 11 22 11 11 11 11 22 22 44 33 44 11 11 22 33 32 33 22 44 44 33 44 14 11 11 14 33
0 11 23 14 14 14 11 24 23 42 33 44 11 14 23 33 32 33 22 44 44 33 41 14 14 11 14 33
0 14 23 11 14 11 14 24 22 42 33 44 11 11 22 33 33 33 22 44 44 33 44 11 14 11 11 33
0 11 22 11 11 11 11 24 22 42 33 44 11 11 22 33 32 33 22 44 41 33 44 11 11 11 11 33
0 11 22 11 11 14 11 22 22 44 33 44 11 11 22 33 33 33 22 44 44 33 44 11 11 11 11 33
0 11 22 44 44 44 14 44 33 22 33 44 11 44 23 33 22 32 22 41 11 33 44 44 14 11 44 31
0 11 22 14 14 14 11 22 22 44 33 41 11 14 22 33 32 33 22 44 41 33 41 44 14 14 11 33
0 11 22 11 14 11 14 24 22 42 33 41 11 14 22 33 32 32 24 44 41 32 44 11 14 11 11 31
0 14 33 14 44 14 11 44 22 22 33 44 44 14 23 32 22 33 24 44 44 22 44 14 44 11 44 33
0 14 23 11 11 11 14 44 22 42 33 44 11 14 22 33 32 33 24 44 41 32 44 14 11 11 14 31
0 11 22 14 44 14 14 44 22 42 32 44 11 14 23 33 33 33 22 44 11 33 41 14 44 11 11 33
0 11 23 14 11 11 14 24 23 42 33 41 11 11 22 32 32 32 24 44 44 32 44 14 14 14 44 33
0 14 23 44 44 14 14 44 23 42 32 11 14 44 22 33 32 32 24 44 11 32 41 14 14 11 11 31
0 44 23 44 14 14 11 24 22 42 32 11 14 14 23 32 22 32 22 41 41 33 41 14 14 14 44 31
0 44 22 14 14 14 14 44 23 42 33 44 14 44 33 33 32 32 22 44 41 32 44 14 14 14 14 33
0 44 23 14 14 14 14 44 33 22 32 41 14 44 33 22 22 22 44 11 11 22 41 44 44 14 44 31
0 11 22 14 14 11 11 22 22 44 33 44 11 11 22 33 33 33 22 44 44 33 44 11 14 11 14 33
0 14 23 14 14 14 11 24 22 42 33 44 11 14 22 33 32 32 22 44 44 32 44 14 14 14 14 33
0 11 22 14 14 11 11 22 22 44 33 44 11 14 22 33 33 33 22 44 41 33 44 11 14 11 11 33
0 44 33 14 44 44 14 44 23 42 33 41 14 44 33 32 32 22 44 44 41 32 44 44 44 11 44 33
0 11 22 11 14 14 11 22 22 42 33 44 14 11 22 32 33 33 22 44 44 33 44 14 11 11 14 33
0 44 23 44 44 44 44 44 23 44 33 44 44 14 23 33 32 32 24 41 11 32 41 44 14 14 44 31
0 11 23 44 11 14 14 22 22 44 33 44 14 11 22 32 32 32 22 44 44 33 44 11 11 11 14 33
0 11 22 11 11 11 11 22 22 44 33 44 11 11 22 33 33 33 22 44 44 33 44 11 11 11 11 33
0 44 22 14 44 11 11 24 23 44 33 44 11 14 23 22 32 33 22 41 41 33 44 14 11 11 14 33
0 14 22 44 11 14 44 22 22 42 33 44 14 11 22 33 32 32 22 44 44 32 44 14 44 11 44 31
0 11 22 14 14 14 11 44 22 44 33 44 14 14 23 33 22 33 22 44 44 33 44 14 44 14 44 33
0 11 22 11 14 11 14 24 23 42 33 44 11 14 22 33 32 33 24 44 41 33 44 14 14 14 14 31
0 11 22 11 11 11 11 24 22 44 33 44 11 11 22 33 32 33 22 44 41 33 44 14 11 11 11 33
0 14 22 14 44 14 11 24 23 22 33 41 11 14 22 33 33 33 22 44 44 32 41 14 44 11 14 31
0 14 22 14 14 11 11 44 23 42 33 44 11 14 22 33 32 32 22 44 41 33 44 11 14 11 11 31
0 14 22 14 11 11 11 24 22 44 33 41 11 14 23 33 32 33 24 44 44 33 44 11 14 14 14 31
0 14 23 44 14 14 14 24 23 42 32 41 14 14 23 32 32 22 24 41 41 32 41 44 14 14 44 31
0 14 23 44 44 14 44 24 22 42 33 41 11 14 23 33 32 33 22 41 44 33 44 14 14 11 14 33
0 11 22 11 14 11 11 22 22 44 33 44 11 11 22 33 33 33 22 44 44 32 44 11 14 11 14 33
0 14 23 14 14 14 14 24 22 42 32 41 14 14 23 33 32 32 24 41 41 32 41 14 14 11 14 31
0 14 22 44 44 14 44 44 23 44 33 41 11 14 33 33 32 22 24 41 41 33 44 14 14 44 14 31
0 11 23 14 14 11 44 44 33 44 33 41 11 14 22 33 22 33 22 44 11 32 44 14 44 11 44 33
0 14 22 14 14 14 11 24 22 22 33 44 14 44 33 32 32 33 22 44 11 32 44 14 14 11 14 31
0 14 23 14 14 14 11 24 22 42 32 41 14 11 23 33 32 33 22 41 41 33 41 14 14 11 14 33
0 14 23 44 44 44 11 22 23 42 33 44 14 44 22 33 22 32 22 44 41 33 44 44 14 14 14 31
0 14 23 44 44 14 11 44 33 42 33 41 44 44 33 32 32 33 24 41 11 32 44 14 44 11 14 31
0 14 23 44 44 11 11 24 22 44 33 44 11 14 22 33 32 33 22 44 41 33 44 11 14 11 14 33
0 14 23 14 44 14 11 44 23 22 32 41 44 14 33 33 22 32 24 41 11 32 44 44 44 14 44 31
0 11 23 14 14 14 44 24 23 42 33 44 11 14 23 33 32 32 22 41 11 32 41 44 44 14 44 33
0 11 23 11 11 14 11 22 22 44 33 44 11 14 22 33 32 33 22 44 44 33 44 14 14 11 11 33
0 11 22 14 14 14 11 22 22 42 33 41 11 11 22 33 32 33 22 44 44 33 11 14 44 11 14 33
0 11 22 11 11 11 11 24 22 44 33 41 11 14 23 33 32 33 24 44 41 33 44 14 14 14 11 33
0 14 22 14 14 14 11 24 22 42 32 41 11 14 23 33 22 33 24 41 41 33 44 14 11 11 14 33
0 11 23 11 14 14 11 22 22 44 33 44 11 11 22 33 33 33 22 41 41 33 44 11 11 11 11 33
0 14 22 14 14 14 11 24 23 42 32 44 11 14 22 33 32 33 24 41 41 33 41 14 14 11 14 31
0 14 23 14 14 11 11 22 22 44 33 41 11 11 33 33 32 32 22 44 44 33 44 14 11 44 11 33
0 11 22 14 14 14 11 22 22 42 33 44 11 11 23 33 32 33 22 44 41 33 44 14 11 11 14 33
0 14 23 14 44 14 11 24 23 42 33 41 14 14 22 33 22 32 24 44 11 32 41 14 14 14 44 11
0 14 22 14 14 14 14 24 22 42 33 44 11 11 23 32 33 33 44 41 11 32 44 11 14 11 14 33
0 11 22 11 11 11 11 24 22 44 33 44 11 14 22 33 22 33 22 44 41 33 44 44 11 11 11 33
0 11 22 11 11 11 11 22 22 22 33 44 11 11 22 33 32 33 22 44 41 33 44 11 14 11 44 33
0 44 23 14 44 14 14 24 33 42 33 41 14 44 22 33 32 33 24 44 11 32 41 44 44 11 44 33
0 44 22 14 14 14 11 24 23 42 33 41 11 44 23 33 32 32 22 41 41 32 41 44 14 11 14 31
0 11 22 14 14 44 11 24 22 42 33 44 11 14 23 33 32 33 24 44 41 33 41 44 14 11 14 31
0 44 22 44 14 14 11 44 23 44 33 44 14 14 22 33 22 32 22 44 11 32 44 44 44 44 44 33
0 11 22 14 14 14 11 22 22 44 33 44 11 11 22 33 33 33 22 44 41 33 44 11 11 11 11 33
0 14 22 11 14 11 14 24 23 44 33 44 11 11 22 33 32 33 22 44 11 22 44 11 14 11 44 33
0 11 22 14 14 11 11 24 22 44 33 41 11 11 22 33 33 33 22 44 41 33 44 44 11 14 14 31
0 44 22 14 14 11 14 24 23 44 32 44 14 14 33 33 32 32 22 44 41 32 41 44 14 14 14 33
0 11 22 11 14 11 11 22 22 42 33 44 11 11 23 33 32 33 22 44 41 33 44 11 14 11 11 33
0 11 22 11 11 11 11 22 22 44 33 41 11 14 22 33 32 33 22 44 41 33 44 14 11 11 14 33
0 11 22 14 44 44 11 22 22 42 33 44 11 14 33 33 32 33 24 44 41 32 44 14 14 11 14 33
0 14 23 14 14 44 14 24 23 42 32 41 14 11 33 32 22 33 24 44 41 32 44 14 14 14 14 33
0 11 22 11 44 11 11 22 22 44 33 44 11 44 22 33 22 33 22 44 44 33 44 14 11 11 11 33
0 11 22 11 14 11 11 24 23 44 33 44 11 14 22 33 33 33 24 44 41 33 44 11 11 11 11 31
0 14 23 14 14 14 11 44 23 42 32 41 14 14 23 32 32 33 22 41 11 32 41 14 14 11 14 31
0 11 23 44 14 44 14 24 22 42 33 44 14 11 22 33 32 33 22 44 11 33 44 44 44 11 14 33
0 14 22 44 14 14 14 44 23 44 33 41 14 14 23 33 33 32 22 41 44 32 41 14 14 14 14 31
0 14 22 11 11 11 11 22 22 44 33 44 11 11 22 33 33 33 22 44 44 33 44 11 11 11 11 33
0 14 22 14 44 14 14 22 23 44 33 41 14 44 23 33 32 32 24 44 41 33 41 14 44 11 14 31
0 11 22 11 11 11 11 24 22 42 33 44 14 11 22 33 32 33 22 44 44 33 44 11 44 11 44 33
0 11 23 44 14 11 11 24 22 44 33 44 11 11 22 33 33 33 22 44 44 33 44 14 14 11 11 33
0 11 22 14 44 11 11 44 22 44 33 44 11 11 22 33 33 33 22 41 41 32 41 11 11 11 14 33
0 44 23 14 11 11 14 22 23 42 33 44 14 11 23 32 32 33 22 44 11 32 44 14 44 11 14 33
0 14 23 14 14 14 14 24 23 44 33 41 14 14 23 33 32 32 24 41 41 32 41 14 14 14 14 31
0 14 22 14 14 14 14 24 23 42 33 41 14 14 22 33 32 33 22 44 41 32 44 14 14 11 14 33
0 14 33 44 14 14 14 44 23 22 33 11 44 44 23 33 22 22 24 41 11 32 11 14 44 14 44 31
0 14 23 44 44 14 14 24 22 42 33 44 11 11 23 33 22 33 22 41 11 32 44 44 44 11 14 31
0 14 23 14 14 14 14 24 23 42 32 41 14 14 23 32 32 32 24 41 11 32 41 14 14 14 14 31
0 14 33 14 44 44 14 24 23 22 33 41 14 44 23 32 32 32 24 44 41 32 41 44 14 14 44 31
0 11 22 14 14 11 14 22 23 44 33 44 11 11 22 33 33 33 22 44 44 33 44 14 11 11 11 33
0 11 23 14 14 11 14 24 23 42 33 41 11 14 22 32 32 32 24 41 41 33 41 14 14 14 44 31
0 11 22 11 11 11 11 22 22 44 33 44 11 11 22 33 33 33 22 44 44 33 44 14 11 11 11 33
0 11 22 11 14 11 11 22 22 44 33 44 11 11 22 33 33 33 22 44 41 33 44 11 11 11 11 33
0 11 22 14 44 44 11 44 22 44 33 44 11 14 22 33 32 33 22 44 41 32 44 14 11 11 11 33
0 11 22 11 11 11 11 22 22 42 33 44 11 11 23 33 32 33 22 44 44 33 44 11 11 11 11 33
0 11 23 14 44 11 11 44 33 42 32 44 14 44 33 33 22 32 24 44 11 32 44 14 14 11 14 33
0 44 23 44 14 14 44 44 22 44 33 41 14 44 33 33 22 32 22 44 11 22 11 44 14 14 44 31
0 14 23 14 14 14 11 44 23 42 32 41 14 14 23 33 22 32 24 41 41 32 41 14 44 14 14 31
0 14 23 44 44 14 14 24 23 42 33 44 14 14 23 32 32 32 22 41 11 32 41 44 14 44 14 31
0 11 22 11 14 11 11 24 23 44 33 44 11 44 22 33 33 33 22 44 11 33 11 14 14 11 14 33
0 11 22 11 14 11 11 24 22 44 33 44 11 14 22 33 33 33 22 44 41 33 44 11 11 11 11 33
0 14 23 14 14 14 14 24 23 44 33 41 14 14 23 33 33 33 24 41 41 33 44 14 14 14 14 33
0 11 33 14 11 44 11 24 23 44 33 44 14 14 23 33 33 33 22 44 41 33 41 11 11 11 14 33
0 14 22 11 11 11 11 22 22 44 33 44 11 11 22 33 32 33 22 44 41 32 44 11 11 11 14 31
0 11 22 11 14 11 11 22 22 44 33 44 11 11 22 33 33 33 22 44 44 33 44 11 11 11 14 33
0 14 33 44 44 14 11 24 23 22 32 41 11 44 33 33 22 32 24 41 41 32 41 14 14 14 14 31
0 14 22 14 14 11 14 24 22 44 33 41 11 11 23 33 32 32 22 44 41 32 44 14 11 11 14 31
0 11 23 14 11 11 11 22 22 44 33 44 11 11 23 33 33 33 22 44 44 33 44 14 11 11 14 33
0 14 33 14 44 11 44 44 23 22 32 44 14 44 33 32 32 32 22 44 11 32 41 44 44 14 14 31
0 14 23 14 14 14 14 24 22 42 33 44 11 14 33 33 32 32 22 41 41 33 44 14 14 14 14 31
0 11 22 11 11 11 11 24 22 42 33 44 11 11 22 33 33 33 22 44 44 33 44 11 11 11 11 33
0 11 22 14 11 11 11 24 22 44 33 44 11 14 22 33 33 33 22 44 44 33 44 11 44 11 11 33
0 14 23 14 44 11 11 24 23 42 33 41 14 11 22 33 32 22 24 44 41 32 44 14 14 14 11 33
0 44 22 44 44 14 11 24 23 42 33 44 11 14 23 22 32 32 22 44 44 32 41 14 14 11 14 33
0 11 22 14 14 14 11 22 22 44 33 44 11 11 22 33 32 33 22 44 44 33 44 11 11 11 11 33
0 11 22 11 14 11 14 22 22 44 33 44 11 11 22 33 33 33 22 44 44 33 44 11 11 11 11 33
0 14 23 14 14 11 14 24 23 42 33 41 11 14 23 33 32 32 22 44 41 33 41 14 14 14 11 31
0 11 22 14 11 11 11 24 22 22 33 44 11 14 22 33 32 32 22 44 41 33 44 14 11 11 11 33
0 11 23 14 14 11 14 44 23 42 33 44 14 14 23 33 22 32 22 41 41 32 44 14 44 14 14 33
0 44 23 14 44 14 14 24 22 42 33 41 11 14 23 32 32 33 24 44 41 32 41 14 14 11 44 33
0 14 23 14 44 44 11 44 23 22 32 41 44 44 23 33 22 32 24 44 11 32 41 44 44 14 14 33
0 44 33 44 44 44 14 44 33 22 22 11 14 44 33 32 22 22 24 11 11 22 11 44 44 44 44 11
0 14 22 44 44 44 11 44 23 44 33 44 11 14 23 33 32 22 24 11 41 22 44 14 44 14 14 31
0 14 23 14 14 14 11 24 22 42 33 44 14 14 22 33 32 33 22 44 41 32 44 14 14 11 11 33
0 14 22 44 14 14 44 44 33 22 33 41 11 14 33 22 22 33 24 41 41 32 41 44 14 14 44 33
0 11 22 11 14 11 11 22 22 42 33 44 11 11 22 33 33 32 22 44 41 33 44 11 11 11 11 33
0 11 22 14 14 14 11 24 22 44 33 44 11 11 22 33 32 33 22 44 41 33 44 14 11 11 11 33
0 11 22 11 11 14 11 24 22 44 33 44 14 11 22 33 32 33 22 44 44 22 44 14 14 11 11 31
0 14 23 14 14 14 14 24 22 42 33 41 11 14 23 33 32 32 24 44 41 32 41 14 11 14 14 31
0 11 23 14 14 14 14 24 22 42 33 44 11 14 22 33 32 33 22 44 11 33 44 11 11 11 14 33
0 14 22 11 14 11 11 24 23 22 32 44 11 11 22 33 32 33 22 44 11 32 44 14 14 11 44 33
0 14 22 14 14 14 14 24 23 42 32 41 14 14 23 33 22 32 24 41 41 32 41 14 14 14 14 31
0 14 23 44 14 44 14 24 23 44 32 44 11 14 23 32 32 33 24 41 41 32 41 14 14 11 14 31
0 14 23 14 14 14 14 44 23 22 32 41 14 44 23 32 32 32 24 41 11 32 41 44 14 11 44 33
0 11 22 44 14 11 11 22 22 44 33 44 11 14 23 33 33 33 24 44 41 32 44 14 14 11 11 33
0 14 22 11 14 11 11 24 22 44 33 44 11 11 22 33 33 33 22 44 41 33 44 44 11 11 14 33
0 14 22 44 14 14 14 44 22 22 33 41 14 11 22 32 32 32 24 41 41 33 41 14 14 11 14 33
0 11 23 11 14 11 11 22 23 44 33 41 11 11 22 33 32 33 24 44 41 33 44 11 11 11 14 33
0 14 23 44 44 14 11 24 23 22 33 41 14 44 33 32 32 33 22 44 11 32 44 44 14 14 14 11
0 14 22 14 44 44 11 24 23 42 33 41 14 11 23 33 32 32 22 44 41 32 41 14 14 14 14 33
0 14 33 14 44 44 14 24 23 22 32 41 11 14 23 22 32 32 24 41 41 32 41 14 44 14 14 31
0 14 22 11 14 44 14 24 23 22 33 44 14 14 22 32 32 32 24 44 41 33 41 14 14 14 14 31
0 14 23 14 44 11 11 24 22 44 33 44 14 11 22 33 33 33 22 44 11 33 44 44 14 11 14 33
0 11 22 11 11 11 11 24 22 44 32 44 11 11 22 33 33 33 22 44 44 33 44 11 11 11 11 33
0 14 23 14 14 14 14 44 23 42 33 44 11 14 22 33 32 33 22 44 41 32 44 14 14 11 14 33
0 14 23 11 14 11 11 22 22 44 33 44 11 14 22 33 33 33 22 44 44 33 44 11 11 11 11 33
0 14 23 14 14 11 11 24 22 42 33 41 14 14 22 33 32 32 22 44 41 32 41 14 14 11 14 31
0 11 23 14 14 44 11 22 22 42 33 44 11 14 22 33 33 33 22 44 11 32 44 14 14 11 14 33
0 14 22 14 44 14 11 24 23 42 33 44 11 14 23 32 32 22 22 44 11 32 44 14 14 11 11 33
0 14 23 14 44 14 14 44 23 42 32 44 14 14 23 33 22 33 22 44 11 32 44 14 14 11 14 33
0 44 22 44 11 44 11 44 22 42 33 41 14 14 33 33 22 32 24 41 11 32 44 44 44 14 44 31
0 44 22 14 14 14 14 24 23 42 33 44 14 14 23 33 33 32 22 41 41 32 41 14 14 14 14 33
0 44 23 44 44 14 11 24 23 42 33 44 11 14 23 32 32 33 22 41 44 32 41 44 44 14 44 31
0 14 23 14 14 14 11 44 23 44 33 41 14 14 22 33 22 22 22 44 41 32 44 11 44 11 11 31
0 11 23 14 14 11 11 24 23 42 32 44 11 44 33 32 32 32 22 44 41 32 44 14 14 11 14 33
0 14 23 14 14 14 11 22 23 44 33 44 14 14 22 33 33 33 22 44 44 32 44 14 44 14 14 31
0 14 23 14 14 44 14 44 22 42 32 44 11 14 23 32 22 32 44 44 41 32 41 11 44 11 44 33
0 11 22 14 11 11 11 24 22 44 33 44 14 14 22 33 33 33 22 44 44 33 44 14 44 11 14 33
0 14 22 44 44 11 11 24 22 22 33 41 44 44 23 33 22 22 22 44 11 33 44 44 44 11 44 11
0 14 23 11 14 14 11 44 33 22 33 41 11 14 22 33 32 32 22 44 41 32 44 11 14 11 14 31
0 11 22 11 11 11 11 22 22 44 33 44 14 11 22 33 33 33 22 44 44 33 44 11 11 11 11 33
0 14 22 44 14 14 11 44 23 22 33 41 14 14 23 33 22 33 24 44 41 32 41 44 14 11 44 31
0 11 23 14 14 14 14 24 22 42 33 41 14 14 23 32 32 33 22 44 44 32 44 14 14 14 14 33
0 14 23 44 44 14 14 24 23 42 32 41 14 14 23 32 32 33 22 44 11 32 44 44 14 11 14 11
0 14 22 11 11 14 11 44 23 44 32 44 14 14 23 33 32 32 24 44 41 33 41 44 14 14 14 31
0 14 23 14 14 44 11 24 22 44 33 44 11 44 22 32 32 33 22 44 41 32 44 14 14 14 14 33
0 11 22 14 14 11 44 22 22 42 33 44 11 11 22 33 22 33 22 44 44 33 44 14 14 11 44 33
0 44 22 14 11 14 14 22 23 44 33 41 11 14 22 32 32 32 22 44 44 32 41 11 14 11 44 33
0 11 22 14 11 11 11 24 22 44 33 44 11 11 22 33 32 33 22 44 44 33 44 14 11 11 11 33
0 14 23 14 11 14 11 22 23 44 33 44 11 14 22 33 33 33 22 44 44 33 44 14 11 14 14 33
0 44 33 44 44 44 44 44 33 22 22 11 44 44 33 22 22 22 44 11 11 22 41 44 44 44 44 11
0 14 23 14 14 14 14 24 23 44 32 44 14 14 33 32 22 32 24 44 41 22 41 14 14 11 14 31
0 11 22 14 14 14 14 22 22 44 33 44 11 14 23 33 33 32 22 44 41 33 44 44 44 11 11 31
0 14 23 11 11 11 11 22 22 42 33 44 11 11 22 33 33 33 22 44 41 33 44 14 14 11 44 33
0 14 23 14 44 14 11 24 22 42 33 41 14 14 23 33 32 32 24 44 41 33 41 14 14 11 14 31
0 11 22 11 11 11 11 22 22 44 33 44 11 11 22 33 33 33 22 44 44 33 44 11 11 11 11 33
0 14 23 14 14 14 14 24 23 42 32 41 14 14 23 32 32 32 24 41 11 32 41 14 14 14 14 31
0 11 22 11 14 11 11 22 22 44 33 44 11 11 22 33 32 33 22 44 41 33 44 14 11 11 14 33
0 14 33 44 44 44 44 44 33 22 32 11 14 44 23 32 32 22 44 41 11 22 41 14 14 44 44 31
0 11 22 14 11 11 11 22 22 44 33 41 11 11 22 33 33 33 22 44 44 33 44 11 11 11 11 33
0 14 23 44 44 44 14 44 23 22 33 41 14 14 23 22 32 22 24 41 41 33 44 14 44 11 14 11
0 44 22 11 44 14 44 44 23 44 33 41 11 11 23 33 33 32 22 41 11 32 41 44 44 14 44 31
0 11 22 11 14 11 11 22 22 44 33 44 11 11 22 33 32 33 22 44 44 33 44 14 11 11 11 33
0 11 22 11 11 11 11 22 22 44 33 44 11 11 22 33 33 33 22 44 44 33 44 11 11 11 11 33
0 14 22 14 14 44 11 24 23 42 32 44 11 14 23 33 32 32 22 44 41 32 41 44 14 11 14 31
0 44 33 44 44 44 14 44 23 42 33 41 44 44 33 32 22 22 44 11 11 22 11 44 44 14 44 31
0 44 22 14 11 11 14 24 22 42 33 44 11 14 22 32 32 33 24 44 11 33 44 44 11 11 11 33
0 11 22 14 14 14 11 22 22 42 33 44 11 11 22 33 32 32 22 44 44 33 44 11 44 11 14 33
0 14 22 44 44 14 11 22 22 42 33 41 11 44 23 32 22 32 24 44 41 32 44 14 14 11 14 33
0 14 22 44 14 44 14 44 33 42 32 41 11 14 33 33 22 22 22 44 41 32 44 14 44 14 14 33
0 11 22 11 11 14 11 24 22 44 33 44 11 11 22 33 33 33 22 44 44 33 44 11 11 11 14 33
0 11 22 11 11 11 11 22 22 44 33 44 11 11 22 33 32 33 22 44 44 33 44 11 11 11 11 33
0 44 23 14 14 14 14 24 23 42 32 41 14 14 23 32 32 32 24 41 41 32 44 44 44 14 14 31
0 14 23 14 14 14 14 44 22 22 33 41 11 44 23 32 32 33 22 41 11 32 41 44 11 14 11 31
0 44 23 14 44 11 14 44 23 44 33 44 14 14 23 32 22 32 24 41 11 33 11 11 44 14 14 31
0 11 22 11 11 14 11 24 22 44 33 44 11 11 22 33 33 33 22 44 44 33 44 11 14 11 14 33
0 14 23 14 44 14 14 44 23 42 33 41 14 14 23 32 22 32 24 41 41 22 41 14 14 14 14 31
0 44 22 44 14 14 11 44 23 22 33 41 44 44 33 32 22 32 22 41 41 32 41 14 44 14 44 33
0 11 22 14 14 11 11 22 22 44 33 44 11 11 22 33 33 33 22 44 41 32 44 11 14 11 14 33
0 11 22 11 11 11 11 22 22 44 33 44 11 11 22 33 33 33 22 44 44 33 44 11 11 11 11 33
0 14 22 11 11 14 11 22 23 44 33 44 11 14 22 33 32 33 22 44 41 33 44 11 14 11 11 33
0 14 22 14 11 14 11 22 22 44 33 44 11 14 22 33 33 33 22 44 44 33 41 14 44 11 11 33
0 44 23 44 44 14 14 44 33 22 32 41 14 44 23 32 32 22 44 44 41 32 41 11 11 11 44 31
0 14 23 14 14 14 14 24 23 42 33 41 14 14 23 33 32 33 22 41 41 32 41 14 14 11 14 31
0 44 23 44 44 44 14 44 23 22 32 44 11 14 33 32 22 32 24 41 11 22 41 44 44 14 14 31
0 14 22 14 14 11 14 24 23 42 32 44 11 14 22 33 32 32 22 44 44 33 44 14 11 11 11 33
0 44 33 14 14 14 14 24 23 44 33 44 14 44 23 33 22 32 24 44 11 32 44 11 14 11 14 31
0 14 23 14 14 14 14 24 23 42 32 44 14 14 23 32 32 32 22 44 41 32 41 14 14 14 14 31
0 14 23 44 44 14 14 44 23 42 32 41 14 14 23 32 32 32 24 44 11 32 41 14 14 11 14 31
0 11 22 14 14 11 11 44 22 42 33 41 11 14 22 33 32 33 22 44 44 32 44 14 11 11 11 33
0 14 23 14 14 14 14 24 23 42 33 41 14 14 23 32 32 33 24 41 41 32 44 14 14 14 14 31
0 11 22 11 11 11 11 22 22 44 33 44 11 11 22 33 33 33 22 44 44 33 44 11 11 11 11 33
0 14 22 44 11 11 11 24 22 44 33 44 11 11 23 33 32 32 22 44 44 32 44 14 11 11 14 33
0 14 22 44 14 14 14 24 22 42 33 41 14 44 23 32 32 22 22 41 41 32 41 14 14 11 44 31
0 11 22 11 11 14 11 22 22 44 33 44 11 11 22 33 33 33 22 44 41 33 44 11 11 11 11 33
0 11 22 44 14 14 11 24 22 44 33 44 14 14 22 33 32 33 24 44 41 33 44 14 14 11 14 33
0 14 23 44 14 14 14 24 23 44 33 44 11 11 23 33 33 32 22 44 41 33 44 14 14 11 14 33
0 14 22 44 14 11 11 22 22 42 33 44 11 11 23 33 32 33 22 41 41 33 44 14 44 14 11 33
0 11 22 14 11 11 11 22 22 44 33 44 11 14 22 33 33 33 22 44 44 32 44 11 11 11 11 33
0 14 23 14 14 11 14 24 22 44 33 41 11 14 23 33 32 32 24 41 41 33 41 44 14 11 14 33
0 14 23 14 14 14 14 24 23 42 32 41 14 14 23 32 32 32 24 44 41 32 41 14 14 14 14 31
0 11 22 11 11 11 11 22 22 44 33 44 11 11 22 33 33 33 22 44 44 33 44 11 11 11 11 33
0 11 22 11 11 11 11 22 22 44 33 44 11 11 22 33 33 33 22 44 44 33 44 11 11 11 11 33
0 14 23 44 44 44 14 44 23 22 32 41 44 14 23 22 22 32 24 41 11 32 11 44 44 44 44 31
0 11 22 14 14 14 14 24 23 44 33 44 11 14 22 33 33 33 22 44 44 32 44 11 11 11 14 33
0 11 22 11 14 11 11 22 22 44 33 44 11 11 22 33 32 33 22 44 44 32 44 14 14 11 14 33
0 14 23 14 14 11 11 24 22 44 33 44 11 11 22 33 32 33 22 44 41 32 44 11 11 11 44 31
0 14 23 14 44 14 14 44 33 42 32 41 11 44 23 32 32 32 24 41 11 32 41 14 44 14 14 31
0 11 22 44 11 11 11 22 22 44 33 44 14 14 23 33 32 33 22 44 44 33 44 44 14 11 44 33
0 14 22 14 11 11 11 24 22 42 33 44 11 44 23 33 32 33 22 41 11 32 44 44 44 14 11 33
0 11 22 14 44 44 11 24 22 44 33 44 11 14 33 32 33 33 22 41 44 33 44 14 14 11 14 33
0 14 22 14 14 11 11 24 22 42 33 44 11 11 23 33 32 33 22 44 11 32 44 14 11 14 14 33
0 14 23 14 14 14 14 24 23 42 33 41 14 14 23 32 32 32 24 41 41 32 41 14 14 14 14 33
0 11 22 14 14 14 11 22 22 44 33 44 11 14 22 33 32 33 22 44 44 33 44 14 11 11 14 33
0 14 22 11 44 14 14 44 22 22 33 41 11 14 23 33 32 32 22 44 11 33 44 14 14 11 14 33
0 14 23 44 14 11 11 44 23 44 33 44 14 11 23 33 22 32 24 41 11 33 41 14 44 11 14 31
0 11 23 44 14 11 11 44 22 44 33 44 11 11 22 33 32 33 22 44 44 33 44 11 11 11 11 33
0 11 23 14 14 11 14 24 22 44 33 41 14 14 22 32 32 32 24 44 41 32 41 14 14 11 14 33
0 44 23 14 44 14 14 44 22 44 33 41 11 14 23 33 33 33 22 41 41 32 41 14 44 11 44 33
0 11 23 14 14 14 11 22 22 42 32 44 11 14 23 32 22 32 22 44 11 33 44 14 11 11 14 33
0 44 22 11 14 14 11 24 23 44 33 44 11 44 33 33 22 33 44 44 41 32 44 44 14 14 44 33
0 14 22 14 14 11 11 22 22 44 33 44 11 11 22 33 33 33 22 44 44 32 44 11 11 11 14 33
0 14 23 14 14 14 11 24 22 22 33 44 14 44 33 33 33 33 22 44 41 32 44 14 14 11 14 33
0 44 22 44 44 11 11 44 23 22 33 44 11 14 22 33 32 33 22 44 11 22 44 14 44 14 14 33
0 11 22 14 14 11 11 22 22 44 33 44 11 44 23 33 33 33 24 44 41 33 44 14 14 11 14 33
0 14 23 11 11 11 11 24 22 42 33 44 11 11 22 33 32 32 24 44 41 33 44 14 14 11 14 33
0 14 22 44 14 14 14 44 22 42 33 41 11 14 22 33 22 32 22 41 41 32 41 14 14 11 14 33
0 14 23 14 11 14 44 44 33 42 33 44 44 14 33 33 22 22 24 41 11 32 41 44 44 14 44 33
0 14 23 44 14 14 44 24 22 42 33 44 44 44 33 33 32 32 22 41 41 32 44 44 44 14 44 33
0 11 22 14 11 11 11 22 22 44 33 44 11 14 22 33 33 32 22 44 41 32 44 14 11 11 14 33
0 11 22 14 14 14 14 24 23 42 32 44 14 14 22 33 32 32 24 44 41 33 44 14 14 14 14 33
0 11 22 11 11 14 11 22 22 44 33 44 11 11 22 33 33 33 22 44 44 33 44 11 14 11 11 33
0 14 23 44 14 44 14 24 22 42 33 41 11 14 23 22 22 33 22 44 11 32 44 14 44 11 44 33
0 11 22 11 14 11 11 22 22 42 33 44 11 14 22 32 33 33 22 44 44 33 44 14 14 11 44 33
0 11 22 11 11 11 11 22 22 42 33 44 11 14 23 33 33 33 22 44 41 33 44 14 11 11 11 33
0 11 22 14 11 11 11 22 22 44 33 44 11 11 22 33 33 33 22 44 44 33 44 11 11 11 11 33
0 14 23 14 14 14 14 44 23 42 33 41 14 44 22 32 32 32 22 41 44 32 44 14 14 11 14 33
0 11 22 11 11 44 11 22 22 44 33 44 11 11 22 33 22 33 22 44 44 33 44 14 11 11 11 33
0 14 23 44 14 44 14 44 23 22 32 44 14 44 23 32 22 32 24 41 11 33 41 14 44 14 44 31
0 14 23 11 14 14 11 24 23 42 32 41 14 14 23 33 32 32 24 44 41 33 44 14 14 11 44 33
0 44 22 14 14 11 11 22 22 44 33 44 11 11 23 33 32 33 24 44 44 32 44 11 14 11 11 33
0 11 22 11 11 11 11 24 22 44 33 44 11 11 22 33 32 33 22 44 44 33 44 14 11 11 11 33
0 11 23 11 14 14 14 22 22 42 33 44 11 14 23 32 32 32 22 44 41 32 44 14 14 14 11 31
0 11 22 14 14 11 11 24 22 44 33 44 11 11 22 33 33 33 22 44 44 33 44 11 11 11 14 33
0 14 23 44 14 14 14 24 23 42 32 41 14 14 23 32 32 32 24 41 41 32 41 44 14 14 11 31
0 11 33 14 44 14 44 44 23 22 22 41 14 44 33 32 22 32 24 44 11 32 11 44 14 14 44 31
0 14 23 14 44 14 14 24 23 42 33 41 14 14 23 33 32 32 24 41 41 32 41 14 14 14 44 31
0 11 23 11 11 11 11 22 23 44 33 44 11 11 22 33 22 33 22 44 41 32 44 14 14 11 11 31
0 44 22 14 44 44 14 44 23 42 33 41 14 44 33 32 22 22 24 11 11 22 41 44 14 14 44 31
0 44 33 44 14 44 14 24 23 22 32 44 14 44 23 33 32 32 22 44 11 32 41 14 14 44 11 11
0 14 23 14 11 11 11 22 22 44 33 41 11 14 23 33 33 32 22 44 44 33 44 14 44 11 11 33
0 14 22 14 14 14 14 44 22 22 33 44 11 11 22 32 32 32 22 44 44 33 44 11 11 14 44 33
0 14 33 14 44 44 14 44 23 22 32 41 44 44 23 22 32 32 24 41 11 32 41 44 14 44 44 31
0 44 22 14 14 14 44 44 23 42 33 44 11 14 23 32 32 22 22 41 44 32 41 44 44 14 14 31
0 11 23 14 14 14 11 24 22 42 33 44 11 14 23 33 32 33 22 44 41 32 44 14 14 14 14 31
0 11 22 11 14 11 11 22 22 44 33 44 11 11 22 33 33 33 22 44 44 33 44 14 14 11 11 33
0 11 22 14 11 11 11 44 22 44 33 44 11 11 22 33 33 33 22 44 44 33 44 11 11 11 11 33
0 11 22 11 14 11 11 22 22 44 33 44 11 11 22 33 32 33 22 44 44 33 44 11 11 11 14 33
0 11 22 11 11 11 11 22 22 44 33 44 11 11 22 33 33 33 24 44 41 33 44 14 11 11 11 33
0 11 23 44 14 14 11 24 23 42 33 41 11 14 23 33 32 33 22 44 41 32 41 11 11 14 14 33
0 11 33 44 14 14 11 44 22 42 33 44 11 11 23 33 33 33 22 41 44 33 44 11 44 11 14 33
0 14 23 14 14 14 14 24 23 42 33 44 11 14 22 32 32 32 24 44 41 33 44 14 14 14 14 31
0 44 23 14 14 14 14 24 33 42 32 44 14 14 23 32 22 32 24 41 11 22 41 44 44 44 14 33
0 11 23 44 44 11 14 24 23 22 33 44 11 14 23 33 33 22 24 44 41 32 44 14 44 11 44 31
0 14 23 44 44 11 14 24 22 44 33 44 11 44 22 33 33 33 22 41 41 32 44 14 44 14 44 33
0 14 23 44 44 44 14 24 23 42 33 44 14 44 23 33 22 22 44 44 41 22 41 14 11 11 14 33
0 14 22 14 14 14 11 22 23 42 33 44 11 11 22 33 33 33 22 44 41 33 44 14 14 11 14 33
0 14 23 11 14 11 11 22 22 44 33 44 11 11 22 33 32 33 22 44 44 33 44 11 11 11 11 33
0 11 22 11 11 11 14 22 23 42 33 44 11 14 23 33 33 33 24 44 11 33 44 11 44 11 14 33
0 44 23 44 44 14 11 44 23 42 33 41 11 14 23 32 22 32 24 44 41 32 41 14 14 14 14 31
0 11 22 11 44 11 11 24 22 44 33 44 11 11 22 33 33 33 22 44 41 33 41 44 11 11 14 33
0 14 23 14 14 14 11 24 22 44 33 41 11 14 22 33 32 32 22 44 44 32 44 44 14 11 14 33
0 11 22 11 14 11 11 22 22 44 33 44 11 11 22 33 33 33 22 44 11 33 44 14 14 11 11 33
0 11 22 14 14 11 11 24 22 42 33 44 11 11 22 33 32 33 22 41 41 32 44 14 14 11 14 31
0 11 22 14 14 11 11 22 22 44 33 44 11 11 22 33 32 33 22 44 41 33 44 11 11 11 14 33
0 11 22 44 44 44 14 44 22 22 33 44 14 44 23 33 22 32 44 41 11 32 44 44 14 11 14 31
0 14 23 14 14 14 14 24 23 42 32 41 11 14 23 32 32 32 22 41 11 32 44 14 14 11 44 31
0 14 22 44 44 14 14 44 23 22 32 41 14 44 33 33 22 32 22 41 11 32 41 14 14 11 44 31
0 11 22 11 14 14 11 24 23 44 33 44 11 11 23 33 32 33 22 44 41 33 44 11 11 11 11 33
0 44 23 14 44 14 14 24 33 22 32 11 44 44 23 32 22 32 24 11 41 32 41 44 44 14 44 31
0 11 22 14 14 11 11 22 22 42 33 44 11 14 22 33 33 33 22 44 44 33 44 14 14 11 14 33
0 11 22 14 14 44 14 22 22 42 33 44 11 14 22 33 32 33 22 44 44 33 44 14 14 11 14 33
0 14 23 44 14 44 11 24 23 22 32 44 11 11 23 32 22 33 22 44 44 33 44 14 14 11 14 33
0 14 23 44 14 14 14 44 23 22 33 41 14 44 23 32 22 32 22 44 11 33 44 14 44 11 11 33
0 14 22 14 14 11 11 22 22 44 33 44 11 11 22 33 33 33 22 44 44 33 44 11 11 11 11 33
0 14 22 14 14 14 14 24 23 42 33 41 14 14 22 32 32 32 24 44 11 32 44 14 14 14 14 31
0 14 22 14 14 14 11 22 22 44 33 44 11 11 23 33 32 33 22 44 44 32 44 11 14 11 11 33
0 11 22 14 11 11 11 24 22 44 33 44 11 11 22 33 33 32 22 44 44 33 44 11 11 11 11 33
0 44 33 44 44 44 14 24 33 22 22 11 14 44 33 32 22 32 24 41 11 32 41 14 11 11 14 31
0 44 33 44 14 14 14 44 33 42 33 44 44 44 33 22 22 32 44 41 11 32 41 44 14 14 44 33
0 14 23 14 14 14 11 24 22 22 33 44 11 14 23 33 22 33 22 44 11 33 44 11 14 14 11 33
0 44 23 44 44 44 44 44 22 22 32 41 44 14 33 33 32 22 24 41 41 32 41 44 44 14 44 31
0 11 22 11 44 11 11 22 22 44 33 44 11 14 22 33 32 33 22 44 41 33 44 44 14 11 14 33
0 11 22 14 11 11 14 24 23 44 33 44 11 14 22 33 33 33 22 41 44 33 44 14 11 11 11 33
0 11 22 44 14 11 11 22 23 44 33 44 11 14 22 33 32 33 22 44 44 33 44 14 11 14 11 33
0 11 23 14 11 14 14 24 23 22 33 44 11 11 22 33 32 33 24 44 41 33 44 44 14 14 11 33
0 14 22 14 14 14 14 24 23 44 33 41 11 14 23 33 32 32 24 41 41 32 41 14 14 11 14 33
0 14 23 14 14 14 14 24 23 42 33 41 11 14 23 32 32 32 24 44 41 32 41 14 14 14 14 31
0 11 23 14 44 11 11 24 22 44 33 41 11 11 22 33 22 33 24 44 41 33 41 44 14 11 14 31
0 11 22 14 14 11 11 24 22 44 33 44 11 11 23 33 33 32 22 44 44 33 44 11 11 11 14 33
0 14 23 44 14 14 14 44 22 22 32 41 14 44 33 32 22 22 24 44 11 32 41 44 14 14 44 31
0 11 23 14 14 14 11 44 22 42 33 41 14 14 23 33 32 22 22 41 41 32 44 14 44 11 11 33
0 11 22 11 11 14 11 24 22 44 33 44 11 11 22 33 32 33 22 44 44 33 44 11 11 11 14 33
0 44 33 44 44 44 44 44 33 22 33 41 14 44 33 22 22 32 44 41 11 32 44 44 44 44 44 33
0 11 22 44 14 14 11 24 23 42 33 44 14 14 23 33 32 32 22 41 41 32 44 11 44 11 44 31
0 11 22 14 14 14 11 44 23 42 32 44 11 14 23 33 32 33 22 44 41 33 44 14 14 11 11 33
0 14 23 44 44 11 14 24 22 42 33 41 14 11 23 32 32 32 24 41 11 32 11 44 14 14 14 31
0 14 22 14 44 14 14 22 33 22 32 41 14 44 23 32 22 33 22 41 11 33 41 44 44 11 14 33
0 44 33 44 11 14 14 24 23 42 33 44 11 11 22 32 32 32 22 41 41 22 44 44 44 11 14 33
0 11 23 44 44 14 11 44 22 22 33 41 11 44 23 33 32 22 24 44 41 32 44 14 44 14 11 33
0 11 22 11 11 11 11 22 22 44 33 44 11 14 22 33 33 33 22 44 44 33 44 11 11 11 14 33
0 44 22 44 44 11 11 24 22 22 33 44 11 44 23 33 32 33 22 44 44 32 41 14 14 11 11 33
0 14 22 14 44 11 11 24 23 42 33 44 11 11 23 33 33 33 24 41 41 33 41 14 14 14 14 33
0 14 22 44 14 11 14 44 22 42 33 41 11 14 23 33 22 33 22 44 11 33 44 44 44 14 11 31
0 11 33 14 14 44 11 44 23 44 32 41 11 44 23 33 22 22 24 41 41 22 41 44 44 11 44 33
0 11 33 14 44 11 11 22 22 42 33 44 11 44 33 33 22 22 22 41 11 32 44 44 11 14 14 33
0 44 23 44 14 44 44 44 23 22 32 41 14 44 23 22 22 22 24 11 41 22 11 14 44 14 44 31
0 14 22 44 14 11 11 24 22 42 33 41 11 14 22 33 32 33 22 44 44 32 44 14 44 11 11 33
0 44 23 14 44 14 11 44 23 42 33 44 11 44 22 32 32 32 22 44 41 33 44 44 44 11 14 33
0 11 22 11 11 11 11 22 22 44 33 44 11 11 22 33 33 33 22 44 44 33 44 11 11 11 11 33
0 11 22 11 11 11 11 24 22 42 33 44 14 11 23 33 22 32 24 44 41 32 44 11 44 11 44 33
0 14 23 14 11 11 11 24 22 44 33 44 11 11 23 33 33 33 22 44 44 33 44 11 11 11 11 33
0 14 23 44 14 14 11 24 23 42 32 41 14 14 33 32 32 32 22 44 41 32 41 14 14 11 14 31
0 44 22 14 11 14 14 44 22 22 33 44 11 11 22 33 32 32 22 44 41 33 44 14 14 11 11 31
0 11 22 14 11 11 11 44 22 44 33 44 11 11 22 33 33 33 22 44 44 33 44 11 11 11 11 33
0 11 22 14 14 11 11 24 22 44 33 44 11 14 22 33 32 33 22 44 44 33 44 11 11 11 14 33
0 14 22 14 14 14 14 24 22 42 33 44 11 14 22 32 32 32 22 41 41 33 44 14 14 11 14 31
0 14 33 44 44 44 44 24 23 22 32 11 11 14 23 32 22 22 22 41 11 22 44 44 44 11 44 33
1 14 22 14 14 44 14 24 23 42 33 44 14 11 23 32 22 32 22 41 11 33 44 14 44 11 14 31
1 44 33 44 14 14 44 44 22 22 32 41 44 44 33 22 22 22 24 41 11 32 41 44 44 44 44 31
1 11 22 11 14 14 11 24 22 44 33 44 11 14 22 33 33 32 24 44 44 33 44 11 11 11 11 33
1 11 23 14 44 14 11 24 23 42 33 41 11 11 23 33 33 32 22 44 41 32 41 14 14 11 11 33
1 11 22 14 14 14 14 24 23 44 33 41 11 14 22 33 33 32 22 44 44 33 41 14 44 11 44 31
1 11 22 11 11 14 11 24 23 42 33 44 11 14 33 33 32 32 22 44 11 32 41 11 14 11 11 33
1 14 23 11 44 14 14 24 23 42 33 41 11 14 23 32 32 32 24 41 41 32 41 14 14 14 14 31
1 44 33 44 14 44 14 44 23 22 32 41 14 44 33 32 32 32 44 41 11 22 41 44 44 44 44 31
1 11 22 11 11 11 11 24 22 44 33 44 11 11 22 33 33 33 22 44 44 33 44 11 11 11 14 33
1 14 22 44 44 44 14 44 33 22 33 41 44 44 23 32 22 22 24 41 11 32 44 44 44 44 14 31
1 14 22 14 14 14 11 24 23 42 33 44 11 44 22 33 32 32 22 44 41 33 44 14 11 11 14 33
1 11 22 11 11 14 11 24 22 42 32 44 11 11 22 33 32 33 22 44 44 33 44 14 14 11 14 33
1 44 33 44 44 44 14 44 33 22 32 11 44 44 33 32 32 22 44 11 11 32 11 44 44 44 44 31
1 11 22 44 11 11 11 22 22 44 33 44 11 11 22 33 32 32 22 44 44 32 44 11 14 11 14 33
1 44 33 44 44 44 14 44 33 22 32 41 44 44 33 22 22 32 24 41 11 22 11 44 44 14 44 11
1 11 23 11 14 11 14 24 22 42 33 41 11 14 22 33 32 33 24 41 44 33 44 11 11 11 14 31
1 14 22 14 11 11 11 24 22 42 33 41 11 14 22 33 32 33 22 44 41 33 44 14 14 11 11 33
1 11 22 11 11 14 11 22 22 44 33 44 11 14 22 33 33 33 22 44 44 33 44 44 14 11 11 33
1 14 22 11 44 11 14 44 22 44 33 44 11 11 22 33 32 33 22 44 44 33 44 11 14 11 11 33
1 14 23 14 14 14 14 24 23 42 32 41 14 14 23 32 32 32 22 41 41 33 41 14 14 14 14 31
1 44 23 44 14 44 14 44 33 42 33 44 14 44 23 33 32 32 24 41 11 32 41 44 14 11 44 33
1 11 22 11 11 11 11 22 22 44 33 44 11 11 22 33 33 33 22 44 44 33 44 11 11 11 11 33
1 11 22 11 11 11 11 22 22 44 33 44 11 11 22 33 33 33 22 44 44 33 44 11 11 11 11 33
1 44 22 14 44 14 44 44 33 22 33 41 44 44 23 32 32 32 44 44 11 32 41 44 14 14 14 31
1 11 22 11 11 11 11 24 22 44 33 44 11 11 22 33 33 33 22 44 44 33 44 14 14 11 11 31
1 11 22 11 11 11 11 22 22 44 33 44 11 11 22 33 32 33 22 44 44 33 44 11 11 11 11 33
1 14 22 14 14 44 14 44 22 42 33 44 14 14 23 32 22 32 24 44 11 33 44 14 44 11 14 33
1 14 22 11 11 11 11 22 22 44 33 44 11 11 22 33 33 33 22 44 44 33 44 14 14 11 11 33
1 14 22 14 11 14 11 24 23 22 33 11 14 44 23 32 32 32 22 44 41 32 44 44 14 14 44 31
1 14 22 14 14 11 14 24 22 42 33 44 14 11 22 33 33 33 22 44 44 33 41 11 11 11 14 33
1 14 33 44 44 44 11 44 23 42 32 41 14 44 23 22 22 22 24 41 11 22 11 44 14 44 44 31
1 14 22 14 14 14 14 24 23 44 32 41 11 14 23 33 32 33 22 44 41 32 44 14 14 11 14 33
1 11 22 11 14 11 11 22 22 44 33 44 11 14 22 33 33 33 22 44 44 33 44 14 11 11 11 33
1 44 23 14 44 14 14 24 23 22 32 41 14 14 23 32 32 32 24 41 41 32 41 44 14 14 14 11
1 14 23 44 14 44 14 24 22 42 32 44 14 14 23 32 32 32 24 44 41 33 41 14 14 11 14 33
1 14 23 14 14 14 14 24 23 42 32 44 14 14 23 33 32 32 24 41 41 32 41 14 14 14 14 31
1 14 23 14 14 14 14 24 22 42 33 41 11 14 23 33 32 32 22 41 44 32 41 14 14 14 11 33
1 44 22 44 14 14 14 44 22 44 32 41 14 14 33 32 22 32 24 41 41 32 41 44 44 11 14 31
1 14 23 14 44 11 14 22 23 44 32 41 14 14 23 33 22 32 24 41 11 32 41 14 14 11 14 33
1 44 33 14 44 44 14 44 33 22 33 41 14 44 33 32 22 22 24 41 11 32 41 44 44 11 44 31
1 11 22 14 14 14 11 22 23 44 33 44 11 14 23 33 32 32 22 44 41 33 44 14 14 11 14 31
1 44 33 14 44 44 14 24 22 42 33 11 14 44 22 32 32 32 24 41 41 32 11 44 14 14 44 33
1 14 23 14 11 14 14 24 22 42 33 44 14 14 23 33 32 32 24 41 44 33 41 14 14 11 14 33
1 44 22 44 14 14 14 22 23 42 33 44 11 44 23 33 22 33 22 41 41 32 41 14 44 14 14 31
1 14 22 14 14 14 11 24 22 44 33 44 14 14 22 33 33 33 22 44 41 33 44 11 14 14 11 31
1 11 23 14 44 44 44 24 23 42 33 41 14 44 33 22 32 32 22 44 11 32 41 44 44 11 44 31
1 44 33 44 44 44 14 44 23 42 33 41 44 44 33 32 32 33 24 41 11 32 41 14 14 11 14 31
1 11 22 11 11 11 11 22 22 42 33 44 11 14 23 33 32 33 22 44 44 33 44 11 14 11 14 33
1 14 23 14 14 14 11 24 22 42 33 41 14 14 23 32 32 32 24 44 41 32 41 14 14 14 14 33
1 11 23 11 14 11 11 24 22 44 33 44 11 11 22 33 32 33 22 44 41 32 44 14 14 11 14 33
1 11 23 14 14 14 11 22 23 44 33 41 11 11 22 32 33 33 22 44 41 33 44 14 14 11 14 33
1 14 22 11 14 14 11 24 22 22 33 44 11 44 23 33 32 32 22 44 41 33 41 14 44 14 44 33
1 14 22 44 11 11 11 44 23 44 33 44 14 11 23 33 22 32 22 44 44 32 44 44 44 14 14 31
1 14 22 14 14 14 14 24 23 42 32 41 14 14 23 32 32 32 22 41 41 32 41 14 14 14 14 31
1 14 22 14 14 11 11 44 22 42 33 44 14 44 22 33 33 32 22 41 41 32 44 11 14 11 14 33
1 14 33 14 14 14 14 24 22 42 33 44 11 14 23 33 32 32 22 44 11 33 44 14 14 14 14 31
1 14 33 44 44 14 14 24 33 22 22 41 14 44 23 33 22 32 22 41 11 22 44 44 14 14 44 31
1 14 23 11 14 14 11 24 22 42 33 44 14 11 23 33 32 33 24 44 41 33 44 14 11 11 11 33
1 11 22 14 14 11 11 24 22 44 33 44 11 11 22 33 33 33 22 44 44 33 44 11 11 11 11 33
1 14 23 14 14 14 14 44 23 42 32 41 14 14 23 32 32 32 24 44 41 32 41 44 14 11 44 31
1 11 22 14 14 11 11 24 22 44 33 44 11 14 22 33 33 33 24 44 41 32 41 11 11 14 11 33
1 11 22 14 14 14 11 24 22 42 33 44 11 14 22 33 32 33 22 44 41 33 41 14 11 11 11 33
1 14 23 44 44 14 14 24 22 42 33 41 14 44 22 33 32 32 22 41 41 33 44 14 14 11 44 33
1 14 23 11 11 11 11 44 22 42 33 44 11 14 22 33 33 32 22 44 41 32 44 11 11 11 14 33
1 11 23 14 14 14 14 24 23 42 33 41 11 14 22 33 32 32 22 44 41 33 44 14 14 11 11 33
1 11 22 14 14 11 14 24 22 42 33 44 14 14 23 33 32 33 24 44 11 33 44 11 11 11 14 33
1 14 22 11 14 11 14 22 22 44 33 44 11 11 23 33 22 33 22 44 41 33 44 14 11 11 11 31
1 11 22 11 11 11 11 22 22 44 33 44 11 11 22 33 33 33 22 44 44 33 44 11 11 11 11 33
1 14 22 14 14 14 44 24 22 22 33 44 11 14 23 33 33 33 22 44 44 32 41 44 14 11 44 33
1 44 33 44 44 44 14 44 33 22 32 11 14 44 33 32 22 32 44 11 11 22 11 44 44 14 14 31
1 14 22 44 44 11 11 44 23 42 33 44 11 44 23 33 22 33 22 44 11 32 44 14 44 11 44 31
1 14 22 14 14 14 14 44 23 42 33 41 11 14 22 32 22 32 24 44 11 22 41 44 14 14 14 33
1 44 33 44 14 44 14 44 23 42 32 41 11 44 23 32 32 32 24 41 11 32 41 14 14 14 44 31
1 11 22 14 14 14 11 24 22 44 33 44 11 14 22 33 32 33 22 44 41 33 44 11 11 11 11 33
1 11 22 14 14 14 11 22 22 44 33 44 11 11 22 33 32 33 22 44 41 33 44 11 11 11 11 33
1 11 22 11 11 11 11 22 22 42 33 44 11 11 22 33 32 33 22 44 41 33 44 11 14 11 14 33
1 11 23 14 14 11 14 24 23 44 33 41 11 14 23 32 32 33 22 44 11 32 41 11 14 14 14 33
1 14 23 14 44 14 14 24 23 22 33 41 11 44 23 32 22 33 24 44 41 32 41 14 44 11 44 33
1 11 22 44 14 14 11 44 22 44 33 44 14 14 22 33 32 33 22 44 44 32 44 11 14 11 44 33
1 14 22 14 14 14 14 24 23 42 32 44 11 14 23 33 32 32 24 41 41 33 44 14 14 11 44 31
1 11 22 14 14 44 14 44 33 42 32 41 44 11 33 32 32 32 22 41 41 22 41 14 44 11 14 31
1 11 23 44 14 14 14 22 23 22 33 44 11 14 22 33 32 32 22 41 11 32 41 14 14 11 11 33
1 11 23 44 11 14 14 44 22 42 32 44 14 44 23 33 22 33 22 41 44 33 44 44 44 14 14 33
1 14 23 11 14 11 11 22 22 44 33 44 11 14 22 33 33 33 24 41 41 33 44 11 11 11 14 33
1 14 23 44 14 14 14 24 23 42 33 44 14 14 23 33 32 33 24 41 11 32 41 14 44 11 14 33
1 14 22 14 14 14 14 24 23 22 33 44 14 11 22 33 22 33 22 41 11 33 11 14 14 11 44 33
1 11 23 44 11 44 14 44 23 22 33 41 14 11 23 33 32 33 22 41 41 33 41 11 44 11 14 33
1 11 22 11 14 11 11 22 22 44 33 44 11 14 22 33 33 33 22 44 44 32 44 14 44 11 14 33
1 44 33 44 44 14 44 24 33 42 33 11 44 11 23 33 22 32 24 44 11 32 41 44 14 14 44 31
1 14 33 44 44 14 14 44 33 22 32 41 14 44 33 32 22 22 24 41 11 22 41 44 44 14 44 11
1 14 22 14 14 14 11 24 22 42 32 41 14 14 22 33 32 32 24 44 41 33 41 14 14 11 14 33
1 44 22 44 44 14 11 44 23 44 33 41 14 44 23 33 22 32 24 44 41 22 41 14 14 14 44 33
1 14 23 11 14 14 14 24 22 42 33 44 14 14 23 32 32 32 22 41 41 32 44 14 14 11 14 33
1 14 33 44 44 44 44 24 33 42 33 41 14 14 33 22 22 22 22 41 11 32 41 44 44 11 44 31
1 14 23 14 11 14 14 44 23 42 32 41 14 44 23 32 32 32 24 41 11 33 41 14 14 14 14 31
1 14 23 14 14 11 11 22 22 42 32 44 14 14 22 33 32 32 22 44 11 33 44 14 14 11 14 33
1 14 22 14 14 14 14 24 23 42 32 41 14 14 23 33 22 33 24 44 11 33 44 11 14 11 11 33
1 11 22 44 44 44 14 44 23 42 33 41 14 44 23 33 32 33 24 44 41 33 41 44 14 14 44 11
1 14 22 14 14 11 11 24 22 42 32 44 14 14 23 33 32 33 22 44 41 32 41 14 14 11 14 33
1 44 22 11 44 11 44 24 23 22 33 44 11 44 22 33 22 33 24 44 41 22 41 44 14 11 14 31
1 11 23 14 14 14 14 22 22 44 33 44 14 11 23 32 32 33 24 44 44 32 44 14 14 11 14 33
1 14 23 14 14 14 11 24 23 42 33 41 14 14 23 32 32 32 24 41 41 22 41 44 44 14 14 33
1 11 22 11 14 14 11 22 22 42 33 44 11 11 23 33 33 32 24 44 41 33 41 44 14 11 14 33
1 14 22 44 14 11 11 24 23 42 32 44 11 14 23 33 32 32 24 44 41 32 44 14 11 14 14 33
1 14 22 14 11 11 11 22 22 44 33 44 11 11 23 33 33 33 22 44 41 33 44 14 11 11 14 33
1 14 22 14 44 14 14 24 23 22 32 44 14 44 23 32 22 32 24 41 41 32 41 14 44 14 14 33
1 11 22 11 11 11 11 22 22 44 33 44 11 11 22 33 33 33 22 44 44 33 44 11 11 11 14 33
1 14 23 14 14 11 14 44 22 42 33 41 11 14 22 33 33 32 22 44 44 32 44 14 44 11 14 33
1 14 23 14 14 14 14 24 23 42 32 41 14 14 23 32 32 32 22 41 41 32 41 14 14 14 14 33
1 44 23 44 44 44 44 44 22 22 32 41 14 44 23 32 22 32 44 41 41 33 44 11 44 11 44 33
1 11 22 11 11 11 11 22 23 44 32 41 11 11 22 33 22 33 22 44 41 33 44 11 11 11 11 33
1 14 22 14 14 44 11 44 22 44 33 41 11 14 33 32 33 33 44 44 11 33 44 14 44 14 44 31
1 44 23 14 14 44 14 44 23 22 32 41 14 44 23 22 32 32 24 41 11 32 41 14 14 14 44 33
1 44 23 14 44 14 11 22 23 22 33 44 11 44 23 32 22 33 24 41 41 32 11 14 44 11 44 31
1 44 23 44 44 44 11 44 33 22 32 11 14 14 33 22 22 22 44 41 11 22 44 44 44 14 44 31
1 14 23 14 14 14 14 24 23 42 32 44 14 14 23 33 32 32 24 41 41 32 41 14 44 14 14 33
1 14 22 14 14 14 14 44 22 42 33 41 14 14 22 32 32 32 22 44 41 32 44 14 11 14 14 33
1 11 22 14 11 14 11 44 22 42 33 44 11 11 22 33 32 33 22 44 11 33 44 14 11 11 11 33
1 11 22 14 11 11 11 22 22 44 33 44 11 14 23 33 32 33 24 44 11 32 44 14 14 11 11 33
1 14 23 44 14 14 14 24 22 44 33 44 14 14 23 33 32 33 22 44 11 32 41 14 14 11 14 33
1 11 22 11 14 11 11 44 23 44 33 41 11 14 22 33 32 32 22 44 41 32 44 14 14 11 14 33
1 11 22 11 11 11 11 24 22 44 33 44 11 11 23 33 32 33 22 44 44 33 44 11 11 11 11 33
1 44 22 14 44 44 11 24 22 44 33 44 11 14 33 33 22 33 22 44 41 33 44 14 14 14 11 33
1 11 22 14 11 14 11 24 22 44 33 44 11 14 22 33 32 33 22 44 44 33 44 14 11 11 11 33
1 11 22 11 44 14 11 24 22 42 33 44 11 44 22 32 32 33 24 44 41 33 44 14 14 11 14 33
1 44 22 14 14 14 14 44 23 42 32 41 14 14 23 33 22 33 22 44 41 32 44 44 44 14 14 33
1 11 22 11 14 14 11 44 33 42 33 41 11 44 22 33 22 32 22 44 41 33 44 14 44 11 11 33
1 11 22 11 14 14 14 22 23 22 33 44 11 14 23 33 33 33 24 44 41 33 41 44 14 11 14 33
1 14 22 11 14 11 11 24 22 44 33 44 11 11 22 33 33 33 22 44 44 33 41 14 14 11 14 31
1 14 23 14 14 14 14 24 23 42 33 41 14 14 23 32 22 32 24 41 41 32 44 14 14 14 14 31
1 14 22 14 14 44 11 24 22 42 33 44 11 14 22 33 32 33 22 44 44 33 44 11 14 11 11 33
1 14 22 44 44 44 11 24 23 44 33 41 11 44 23 33 33 33 24 44 41 33 41 44 14 11 14 31
1 44 33 44 44 44 44 44 33 22 32 11 44 44 33 22 22 22 44 11 11 32 11 44 44 44 44 11
1 14 22 14 14 14 11 24 23 42 33 44 11 11 23 33 32 33 22 44 44 33 44 14 11 11 14 33
1 11 22 11 14 14 14 22 23 44 33 44 11 14 22 33 32 33 22 41 44 33 44 14 14 11 14 33
1 14 23 14 11 14 11 24 22 44 32 44 11 11 22 33 32 33 22 44 41 32 41 14 11 11 11 31
1 11 22 11 14 11 11 22 23 42 33 44 11 11 22 33 33 33 22 44 44 33 44 11 14 11 14 33
1 14 22 14 11 11 11 24 22 44 33 44 11 11 22 33 33 33 22 44 44 33 44 14 14 11 44 33
1 14 23 14 44 14 14 22 22 42 33 44 11 14 22 33 33 32 22 44 44 33 44 11 14 11 11 33
1 14 22 11 14 11 11 24 23 42 33 44 11 11 22 33 33 33 22 44 41 33 44 11 11 11 14 33
1 11 22 14 11 14 11 22 22 44 33 44 11 11 22 33 33 33 22 44 41 33 44 11 14 11 11 33
1 11 22 11 11 11 11 24 23 42 33 41 11 14 22 33 32 32 24 44 41 33 44 11 11 11 11 33
1 14 22 14 14 11 11 24 22 42 33 44 11 11 22 33 33 33 22 44 44 33 44 11 11 11 11 33
1 11 22 14 14 14 11 24 23 42 33 41 14 11 23 33 32 33 24 44 41 32 44 11 14 14 11 33
1 11 22 11 11 11 11 22 22 44 33 44 11 11 22 33 33 33 22 44 44 33 44 11 14 11 14 33
1 11 22 14 11 11 11 22 22 42 33 41 11 14 22 32 33 33 22 44 44 32 44 11 11 11 14 33
1 11 22 11 11 11 11 24 22 44 33 44 11 11 22 33 22 33 22 44 11 33 44 14 11 11 11 33
1 14 23 11 14 11 11 24 22 44 33 44 11 14 23 33 33 33 22 44 44 33 44 11 14 14 11 33
1 11 22 11 11 11 11 22 22 44 33 44 11 11 22 33 33 33 22 44 44 33 44 11 11 11 14 33
1 11 22 44 44 14 44 24 22 42 33 44 11 14 22 33 32 32 22 44 44 22 44 14 44 14 44 33
1 14 23 14 14 11 14 24 23 42 32 41 11 11 23 33 33 33 22 44 41 32 41 14 14 11 11 31
1 14 33 44 44 14 14 44 33 22 33 41 14 44 33 32 32 32 24 41 41 22 41 14 44 14 44 31
1 14 22 14 14 14 14 24 22 44 33 44 11 14 22 33 32 33 22 44 11 33 44 14 14 11 14 33
1 14 22 14 14 44 14 24 22 44 32 41 11 44 22 33 32 32 22 44 41 32 44 11 44 11 11 33
1 14 22 14 14 14 11 22 22 22 33 44 11 14 23 33 32 33 22 44 41 33 44 11 11 11 14 33
1 44 23 44 44 14 44 24 23 42 33 41 44 14 33 33 22 32 24 44 41 33 44 14 44 11 14 31
1 14 22 44 14 14 14 24 23 42 33 41 11 44 23 32 22 22 24 44 11 22 44 11 44 11 44 33
1 14 23 44 44 14 14 44 23 22 33 41 14 44 23 32 22 32 24 41 11 32 41 44 44 14 44 31
1 11 22 14 14 14 14 24 23 42 32 41 44 44 23 32 32 32 22 41 41 32 41 14 14 11 14 31
1 14 22 14 14 14 14 24 23 42 33 44 11 14 23 32 32 33 24 44 41 32 44 11 14 11 14 33
1 11 33 44 44 44 14 24 33 42 33 44 14 44 23 32 22 22 22 41 11 22 44 44 44 11 44 33
1 11 23 14 14 11 11 24 22 44 33 41 11 14 23 33 32 32 22 41 41 33 44 14 14 11 14 33
1 11 22 14 11 11 11 22 22 42 33 44 11 11 22 33 33 33 22 44 44 33 44 11 14 11 11 33
1 44 23 44 14 14 11 44 23 22 33 41 44 14 23 32 22 32 44 41 11 33 41 14 44 44 14 31
1 14 22 14 14 11 11 44 22 22 33 44 11 14 22 33 32 33 22 44 44 32 44 44 14 11 14 33
1 14 22 14 14 14 11 22 23 42 33 44 11 11 22 33 32 32 22 44 44 33 44 11 14 11 14 31
1 14 23 14 11 14 11 24 23 44 33 44 14 11 23 32 33 33 22 44 41 32 44 14 14 11 11 33
1 11 22 14 11 14 11 22 22 44 33 44 14 11 22 33 33 33 22 44 41 33 41 14 11 11 11 33
1 11 22 11 11 11 14 24 22 44 33 44 11 11 22 33 33 33 22 44 44 33 44 11 11 11 11 33
1 14 23 44 14 44 11 44 23 42 32 41 14 44 33 32 22 33 24 44 11 32 11 11 14 44 14 31
1 11 22 44 44 14 11 24 22 42 33 41 11 14 23 33 32 33 22 44 41 33 44 14 44 11 11 33
1 14 22 11 14 11 11 22 22 42 33 44 11 11 22 33 33 33 22 44 44 33 44 14 14 11 11 33
1 14 22 11 11 11 11 22 22 42 33 44 11 11 22 33 32 33 22 44 41 32 44 14 11 11 11 33
1 14 22 14 14 11 14 24 23 44 32 44 11 11 22 33 33 33 22 44 41 33 41 44 11 11 14 33
1 44 23 14 44 14 44 24 23 22 32 41 14 14 23 32 32 33 24 41 11 32 41 14 44 14 14 31
1 14 23 14 14 44 14 24 22 22 33 41 44 44 23 33 22 32 24 44 41 22 41 44 14 14 14 33
1 11 23 44 44 44 11 24 22 42 33 44 11 14 22 33 33 33 22 44 41 33 44 11 14 11 14 33
1 14 23 44 14 11 14 44 23 42 33 44 11 14 23 33 32 22 22 44 41 33 41 14 14 14 14 31
1 14 23 11 14 14 14 24 23 42 33 44 14 14 22 33 33 33 22 41 41 32 44 14 14 14 14 31
1 11 22 11 11 14 11 24 22 42 33 41 14 14 23 32 33 33 22 44 41 33 41 14 14 14 14 33
1 11 22 11 14 11 14 22 22 44 33 44 11 14 22 33 33 33 22 44 44 33 44 11 11 11 14 33
1 44 23 14 44 44 14 24 23 42 32 41 11 11 22 32 22 32 22 41 11 32 44 44 14 14 44 31
1 11 22 14 14 11 14 24 22 42 33 41 14 11 22 32 32 32 24 44 41 32 44 11 14 11 14 31
1 11 22 11 11 11 11 22 22 44 33 44 11 11 22 33 32 33 22 44 44 33 44 11 11 11 11 33
1 11 22 14 14 44 14 24 22 42 33 44 11 11 22 33 22 33 22 44 11 33 44 44 14 11 11 33
1 11 22 14 11 11 11 24 23 44 33 44 11 11 23 33 32 32 22 44 44 33 44 11 11 11 11 33
1 14 23 11 11 14 11 22 23 42 33 44 11 44 22 33 22 32 22 41 41 33 41 11 14 11 14 33
1 14 22 14 14 11 11 44 23 42 33 44 14 14 22 33 32 33 24 44 41 33 44 44 44 11 14 33
1 14 23 14 44 44 14 24 23 42 32 41 11 11 23 33 22 32 24 41 41 32 44 44 14 14 44 33
1 11 22 11 14 11 11 22 22 44 33 41 11 11 22 33 33 33 22 44 44 33 44 14 14 11 14 33
1 11 22 11 11 14 11 24 22 44 33 41 11 11 22 33 33 33 22 44 44 33 44 11 11 11 11 33
1 11 23 44 14 11 14 22 22 22 33 44 11 44 22 32 22 33 24 44 41 22 44 14 44 11 44 33
1 44 23 44 44 44 11 44 33 22 22 41 11 14 23 32 22 32 24 11 11 32 41 44 44 14 44 31
1 14 23 14 14 14 14 24 23 42 33 41 14 14 23 32 32 32 24 41 41 32 44 14 14 14 14 33
1 14 33 14 14 44 11 24 22 42 33 44 11 14 22 33 32 33 24 41 41 32 44 14 14 14 14 31
1 14 23 14 44 14 14 24 23 42 32 41 14 14 23 32 22 32 24 41 41 32 41 14 14 14 14 31
1 14 33 44 44 44 14 44 23 42 32 44 44 14 33 33 33 33 24 41 11 33 44 14 44 44 44 31
1 14 23 14 14 14 11 44 23 42 32 44 14 14 22 33 33 32 22 44 44 32 41 14 14 14 14 31
1 11 22 14 14 11 11 22 22 44 33 41 11 11 22 33 33 33 22 44 44 33 44 11 11 11 11 33
1 14 23 14 14 14 14 44 23 42 32 41 14 14 22 33 32 22 24 41 41 32 41 14 14 14 14 33
1 44 33 14 44 11 14 24 23 44 33 44 14 14 22 32 22 32 22 41 41 33 44 14 11 14 14 31
1 11 22 11 11 11 11 22 22 44 33 44 11 11 22 33 33 33 22 44 44 33 44 11 11 11 11 33
1 11 22 11 11 11 11 22 22 44 33 44 11 11 22 33 33 33 22 44 44 33 44 11 11 11 11 33
1 44 23 44 44 14 14 44 23 22 32 41 11 14 22 22 32 32 24 44 11 22 44 44 44 14 44 31
1 44 23 44 14 44 14 44 23 22 32 41 14 44 23 32 22 22 24 44 11 32 41 44 14 14 14 33
1 14 22 14 11 44 11 24 23 42 33 44 11 44 23 32 22 32 22 44 11 32 41 44 14 14 14 33
1 14 23 14 44 11 14 22 22 42 32 44 14 14 22 32 32 33 22 44 41 33 44 11 14 11 11 33
1 11 23 14 14 11 11 24 23 42 33 44 11 14 22 33 32 32 22 44 44 32 44 44 44 11 11 33
1 11 22 11 14 11 14 24 22 42 33 44 11 11 22 33 22 33 22 44 11 33 44 11 14 11 11 31
1 14 23 44 44 44 44 44 23 42 33 41 44 14 33 32 22 32 44 41 41 32 41 14 14 14 44 31
1 11 23 14 14 14 11 24 23 42 33 41 14 14 22 32 22 32 22 41 41 32 41 44 14 14 44 33
1 44 33 44 44 44 44 44 33 22 32 11 44 44 23 22 22 22 44 11 11 22 41 44 44 44 44 11
1 11 22 11 11 11 11 24 22 44 33 44 11 11 22 33 33 33 22 44 41 33 44 14 11 11 11 33
1 14 22 14 14 14 14 24 22 44 33 44 11 14 23 33 33 33 22 44 11 32 44 14 44 11 14 31
1 11 22 11 11 11 11 22 22 44 33 44 11 11 22 33 33 33 22 44 44 33 44 11 11 11 11 33
1 11 22 11 14 11 11 22 22 44 33 44 11 11 22 33 32 33 22 44 44 33 44 11 11 11 14 33
1 11 22 11 44 44 14 24 23 42 33 41 11 44 23 33 32 33 22 44 41 22 44 14 14 14 14 33
1 11 22 11 11 11 11 22 22 44 33 44 11 11 22 33 33 33 22 44 41 33 44 11 11 11 11 33
1 11 23 44 44 14 44 44 33 42 32 41 14 44 33 32 32 22 22 41 11 32 41 44 14 14 14 31
1 14 23 44 14 44 11 24 23 42 33 44 44 44 23 33 32 33 24 44 11 32 44 44 44 11 44 31
1 11 22 14 11 11 11 24 22 44 33 44 11 11 22 33 33 33 22 44 41 33 44 11 11 11 11 33
1 11 22 11 14 11 14 24 22 44 33 44 11 14 22 33 33 32 24 44 41 33 44 14 11 11 11 33
1 44 23 14 14 14 11 22 22 42 33 41 11 44 23 33 22 33 22 41 11 32 41 44 44 11 14 33
1 14 22 11 14 11 11 24 23 44 33 44 11 11 22 33 32 33 22 44 44 33 44 14 14 11 14 33
1 14 22 11 14 11 11 44 22 42 33 44 11 14 23 32 33 33 22 44 44 32 44 14 14 11 14 33
1 14 23 14 14 14 14 24 23 42 32 41 11 11 23 32 32 32 22 44 41 32 41 14 14 11 14 33
1 14 22 44 11 14 11 22 23 42 33 44 14 11 22 33 32 33 22 44 11 32 44 14 14 11 14 33
1 14 23 14 14 44 11 24 22 42 33 41 14 44 23 32 32 32 22 41 41 32 41 14 14 14 14 33
1 44 23 14 44 11 14 24 23 42 32 44 14 14 23 32 32 32 24 44 41 33 44 44 14 44 44 31
1 14 33 44 44 14 14 24 23 42 33 41 14 44 22 33 22 32 22 44 41 22 44 14 11 11 44 31
1 11 22 11 11 11 11 22 22 44 33 41 11 11 23 33 33 33 22 44 41 33 44 11 14 11 11 33
1 14 33 44 14 44 14 44 33 22 32 41 44 44 33 22 22 22 24 41 11 32 41 44 44 14 44 11
1 14 23 14 44 14 11 24 33 42 33 44 14 44 23 32 32 33 22 44 41 33 44 44 14 11 14 33
1 11 22 11 11 11 11 24 22 44 33 44 11 11 23 33 33 32 22 44 41 33 41 14 11 11 11 33
1 11 22 11 11 11 11 24 23 44 33 41 11 11 22 33 32 33 22 44 41 33 44 11 11 11 11 33
1 14 23 14 14 14 14 24 23 42 33 41 11 14 23 32 32 32 24 44 41 32 41 14 14 11 14 33
1 11 22 11 44 44 44 24 22 44 33 41 11 14 23 32 22 33 22 44 41 33 44 14 14 11 44 31
1 11 22 14 11 11 14 24 22 44 33 41 11 11 23 33 32 33 22 44 44 33 44 11 11 11 11 33
1 11 22 14 11 11 11 22 22 44 33 44 11 11 22 33 32 33 22 44 44 33 44 14 14 11 11 33
1 11 22 14 14 14 11 22 22 44 33 44 11 11 22 33 33 33 22 44 41 33 44 14 44 14 14 33
1 11 22 14 14 11 11 22 22 44 33 44 11 14 22 33 22 33 22 44 41 33 44 14 14 11 11 31
1 14 22 14 11 14 11 22 22 44 33 44 11 14 23 33 32 32 22 41 41 32 41 14 14 11 14 33
1 11 23 11 44 11 44 24 22 44 33 44 14 14 22 32 32 33 22 44 44 33 44 14 14 11 44 33
1 44 23 44 44 44 44 44 23 42 33 11 14 14 23 32 22 32 24 44 11 33 44 14 44 11 14 33
1 44 33 44 14 14 14 24 23 42 33 41 14 44 23 33 22 32 24 41 11 32 41 14 11 14 14 33
1 11 23 11 11 11 14 24 22 44 33 44 14 11 22 33 32 33 22 44 41 33 44 14 11 11 11 33
1 14 23 14 14 14 44 44 23 42 32 41 14 14 23 33 22 32 24 44 41 32 44 14 44 14 44 31
1 14 22 14 14 14 14 24 33 42 33 41 14 14 23 32 22 33 24 44 41 33 41 14 44 14 44 31
1 11 22 44 14 14 11 44 22 44 32 44 11 11 22 33 33 33 22 44 41 32 41 14 11 11 14 33
1 11 22 11 11 11 11 22 22 44 33 44 11 11 22 33 33 33 22 44 44 33 44 11 11 11 11 33
1 11 23 11 14 11 11 24 22 42 33 44 11 11 22 33 32 33 24 44 44 33 44 14 14 14 44 33
1 14 22 14 44 14 11 24 33 42 33 44 11 14 22 33 22 33 22 44 41 32 44 44 14 11 14 33
1 11 22 11 14 11 11 22 22 44 33 44 11 14 22 33 33 33 22 44 44 33 44 11 11 11 11 33
1 11 22 11 14 11 11 44 22 44 33 44 11 14 23 33 33 33 24 44 11 33 41 11 14 11 44 33
1 11 22 44 44 14 11 44 22 44 33 41 11 44 23 32 22 33 22 41 11 33 44 44 14 11 14 11
1 11 22 11 11 11 11 22 23 44 33 44 11 11 22 33 33 33 22 44 44 33 44 11 11 11 11 33
1 14 33 14 14 44 11 44 23 42 33 41 14 14 33 32 32 32 24 44 11 32 41 44 44 11 14 31
1 14 33 14 14 14 14 44 23 42 32 41 14 14 33 33 22 22 24 41 11 33 41 44 44 14 14 31
1 11 22 11 11 11 11 24 22 44 33 44 11 11 22 33 33 33 24 44 44 33 44 11 11 11 14 33
1 14 22 14 14 14 14 24 22 42 32 41 14 14 23 32 32 32 24 41 41 32 41 11 11 11 14 31
1 14 23 44 44 14 11 44 23 22 33 44 11 14 23 33 32 32 24 44 11 32 44 14 44 14 14 33
1 14 23 14 14 11 14 24 23 42 32 41 14 14 22 32 32 32 24 44 41 32 44 14 14 14 14 31
1 11 22 11 11 14 11 24 22 44 33 44 11 11 23 33 33 33 22 44 44 33 44 11 11 11 14 33
1 11 22 11 11 14 11 22 22 44 33 44 11 11 22 33 33 33 22 44 44 33 41 11 11 11 11 33
1 11 22 44 44 11 11 24 23 42 33 41 11 14 23 33 32 32 22 44 44 33 44 11 14 11 11 33
1 14 22 14 44 44 11 44 23 44 33 44 44 11 23 33 32 32 22 41 11 33 41 14 44 11 44 33
1 14 23 14 14 11 11 24 23 42 33 41 11 14 22 32 32 32 24 41 41 32 41 44 44 14 14 33
1 11 22 11 11 11 14 24 22 44 33 44 14 14 22 33 33 33 22 44 44 33 44 11 14 11 11 33
1 14 23 14 14 14 14 24 23 44 33 41 11 14 23 32 32 32 24 41 41 32 41 14 14 14 14 33
1 11 23 11 14 11 11 24 23 44 33 44 14 14 23 32 22 33 24 44 41 33 44 14 14 11 14 33
1 14 22 11 14 14 14 22 22 42 33 44 11 11 22 33 33 33 22 44 44 33 44 11 14 11 44 33
1 11 22 11 11 11 11 22 22 44 33 44 11 11 22 33 33 33 22 44 44 33 44 11 14 11 11 33
1 14 23 14 14 14 14 22 22 44 33 44 14 11 22 33 32 33 22 44 41 33 44 14 14 11 14 33
1 14 33 14 44 14 14 24 23 42 33 44 14 14 22 33 33 33 22 44 41 32 41 11 14 14 44 33
1 11 22 11 14 11 11 24 22 44 33 44 11 11 22 33 33 33 22 44 44 33 44 11 14 11 11 33
1 11 22 14 11 11 11 24 23 44 33 41 11 14 22 33 32 32 22 44 41 33 41 14 14 11 11 33
1 11 22 14 11 14 11 22 22 42 33 44 11 14 22 33 33 33 22 44 41 33 44 11 14 11 11 31
1 11 22 14 11 11 11 22 22 44 33 44 11 44 22 32 33 33 22 44 41 33 44 44 14 11 11 33
1 11 22 14 44 14 11 24 22 44 33 44 14 14 23 33 33 33 22 44 41 32 44 11 14 11 14 33
1 11 22 11 14 11 11 22 22 44 33 44 14 14 22 33 33 32 22 44 41 33 41 11 11 11 14 33
1 14 23 11 14 11 11 24 23 42 33 44 11 11 22 33 32 33 22 44 41 33 44 14 11 11 14 31
1 11 22 11 14 11 11 22 22 44 33 44 11 11 22 33 33 33 22 44 44 33 44 11 11 11 11 33
1 14 23 14 44 14 14 24 23 42 32 44 14 14 23 33 32 32 24 44 11 33 44 44 14 11 14 33
1 11 23 14 14 14 11 24 23 42 33 44 11 14 23 33 33 32 22 44 41 33 41 14 14 11 14 33
1 11 23 11 14 44 14 44 22 22 33 41 14 44 33 32 32 22 22 44 41 22 44 14 14 14 11 33
1 44 23 14 44 14 14 44 33 42 32 41 14 44 23 32 22 32 24 41 11 22 41 14 44 14 44 11
1 11 22 44 14 11 11 24 22 44 33 44 11 11 22 32 33 33 22 44 41 33 44 14 14 11 14 33
1 44 33 14 14 14 44 44 23 42 33 44 44 14 33 32 32 33 22 44 11 32 44 14 44 14 11 31
1 11 22 11 14 11 11 24 22 44 33 44 14 11 22 33 22 33 22 44 44 33 44 14 14 11 11 33
1 14 23 14 14 11 14 24 23 42 33 44 14 14 22 32 32 32 24 41 41 32 44 14 14 11 14 33
1 11 22 14 11 11 11 24 22 42 33 44 14 14 22 32 32 33 22 44 44 32 44 11 11 11 11 33
1 11 22 14 11 11 11 22 22 42 33 44 11 11 22 33 32 33 24 44 44 33 44 14 14 11 11 33
1 11 23 44 44 44 14 24 22 42 33 44 14 11 23 32 32 32 22 41 41 33 44 14 14 14 14 33
1 11 22 14 44 11 11 24 22 42 33 44 11 14 22 33 32 33 22 44 11 33 44 14 44 14 44 33
1 11 22 44 14 11 14 44 22 42 32 41 14 11 33 22 22 33 24 44 41 33 44 14 14 14 44 31
1 11 22 11 11 11 11 22 22 44 33 44 11 11 22 33 32 33 22 44 44 33 44 11 11 11 14 33
1 11 22 11 11 11 11 22 22 44 33 44 11 11 22 33 33 33 22 44 44 33 44 11 11 11 11 33
1 44 23 44 14 44 44 24 23 22 32 41 14 44 23 33 22 32 24 41 11 32 11 44 44 14 44 31
1 11 23 14 14 11 11 24 23 42 33 44 11 14 23 33 32 32 22 44 41 33 44 14 14 14 44 33
1 14 22 14 14 14 11 24 23 42 33 41 11 11 22 32 33 33 22 44 41 33 44 14 11 14 14 33
1 11 23 14 14 14 11 22 22 44 32 41 11 14 22 33 32 32 24 44 44 32 41 14 14 11 11 33
1 14 22 44 14 14 14 24 23 42 32 44 11 14 33 32 32 32 24 11 41 32 44 14 14 14 14 31
1 14 23 11 14 11 11 22 23 44 33 44 14 44 22 33 32 32 22 44 41 33 44 14 14 11 14 33
1 11 22 14 11 11 11 24 23 44 33 41 11 44 22 33 33 33 22 44 11 33 44 11 14 11 14 33
1 14 23 14 14 14 14 24 23 44 33 44 14 14 22 32 32 32 22 44 41 33 44 14 14 11 14 31
1 11 22 44 11 11 14 22 22 42 32 44 11 14 23 33 32 33 22 41 11 33 44 14 44 11 44 33
1 14 23 44 44 14 44 44 23 42 32 41 14 14 23 32 22 32 24 41 41 32 41 14 44 14 14 31
1 11 22 14 14 11 14 22 22 44 33 44 14 11 22 33 32 33 22 41 41 33 44 11 11 11 44 33
1 14 23 14 11 14 11 24 22 42 33 41 11 14 22 33 32 33 22 44 41 33 44 44 11 14 11 31
1 11 22 11 11 11 11 22 22 44 33 44 11 14 22 33 33 33 22 44 41 33 44 11 11 11 11 33
1 14 22 14 44 14 14 44 22 44 33 41 11 14 23 32 33 32 24 44 44 32 41 14 14 14 11 33
1 44 22 44 14 44 11 24 23 42 33 11 14 44 22 33 32 33 22 44 41 32 11 14 44 11 14 31
1 11 22 14 14 14 14 24 22 42 33 44 11 11 22 33 33 33 22 44 11 33 44 44 14 14 11 33
1 44 23 44 44 14 11 24 22 42 33 44 14 14 22 33 22 32 24 41 11 32 44 14 11 14 44 33
1 14 23 44 44 44 14 24 22 22 33 44 14 44 33 32 33 33 24 41 11 33 41 44 44 14 14 31
1 14 22 14 14 14 14 24 23 44 32 41 11 14 23 33 32 32 22 41 41 32 41 14 14 11 14 31
1 14 22 44 14 14 14 22 23 44 33 41 11 44 22 33 22 32 22 44 11 32 44 14 44 14 14 31
1 44 33 44 44 14 14 44 33 22 22 41 14 44 23 32 22 32 24 41 11 22 41 44 44 14 44 31
1 14 22 11 11 14 11 22 22 44 33 44 11 14 23 33 32 33 22 44 41 33 44 11 11 11 11 33
1 11 23 14 44 11 11 24 22 42 33 44 14 14 23 33 32 32 22 44 41 32 44 11 14 14 14 31
1 11 22 14 11 11 14 22 22 44 33 44 11 14 22 33 32 33 22 44 44 33 44 11 11 11 11 33
1 44 33 44 44 14 44 24 33 22 22 41 11 44 33 32 22 32 44 41 11 22 44 44 44 14 44 31
1 14 23 14 14 14 14 24 23 42 33 44 11 14 23 32 32 33 24 41 11 32 41 14 14 14 14 31
1 14 23 14 14 14 14 44 23 42 32 41 14 44 23 32 32 32 24 41 41 32 11 14 14 14 14 31
1 44 33 44 44 44 14 44 33 22 32 41 14 14 33 32 22 32 24 41 11 22 41 44 44 11 44 33
1 11 22 14 14 14 14 24 22 42 33 44 11 14 23 33 33 33 22 44 11 33 41 14 44 11 14 33
1 44 33 44 14 44 44 44 33 44 32 44 44 44 33 32 22 33 24 41 11 32 44 44 44 11 44 33
1 44 23 44 44 44 14 44 22 22 32 41 44 44 23 32 32 32 22 41 11 32 41 44 14 14 14 11
1 14 22 11 11 11 11 22 22 44 33 44 11 11 22 33 32 32 22 44 44 33 44 11 14 11 11 33
1 14 23 14 11 44 11 24 22 22 33 44 11 44 22 33 33 32 22 44 41 32 41 44 14 11 14 33
1 14 23 11 11 11 11 24 22 44 33 41 11 11 23 33 32 33 22 44 41 33 44 11 44 11 14 33
1 11 22 14 11 11 11 24 22 44 33 44 11 11 23 33 33 33 22 44 41 33 44 14 11 11 14 33
1 11 23 14 44 14 14 24 23 42 33 44 14 14 23 33 32 32 22 41 41 32 41 44 14 11 11 31
1 11 22 11 14 11 11 22 22 44 33 44 11 11 22 33 33 32 22 44 11 33 44 14 11 11 14 33
1 14 23 44 11 14 11 24 23 42 33 41 14 11 23 33 32 33 22 44 41 33 44 11 11 11 11 33
1 14 22 14 44 14 11 24 22 44 33 44 11 44 23 32 22 32 24 44 11 33 44 14 14 11 14 31
1 14 33 44 14 44 14 24 23 42 33 44 11 14 23 33 32 32 24 41 41 32 41 44 14 14 14 33
1 14 22 11 14 11 14 22 22 42 33 44 11 14 22 33 32 33 22 44 44 32 44 14 14 14 11 31
1 11 22 11 14 11 11 22 22 44 33 44 11 14 22 33 33 33 22 44 44 33 44 11 11 11 11 33
1 11 22 11 11 11 11 22 22 44 33 44 11 11 22 33 33 33 22 44 44 33 44 14 11 11 11 33
1 11 23 14 14 14 14 24 23 42 33 41 14 14 23 32 32 33 24 44 41 32 41 44 14 11 14 31
1 11 22 11 11 11 11 22 22 44 33 44 11 11 22 33 33 33 22 44 44 33 44 11 14 11 11 33
1 14 23 44 14 14 14 24 23 42 32 41 14 44 23 32 32 32 24 41 41 32 41 14 14 14 14 31
1 14 23 14 44 14 14 24 23 22 32 41 14 44 23 32 32 32 24 41 41 32 41 44 44 14 44 31
1 14 22 14 14 11 14 24 23 42 33 44 11 14 33 33 22 33 22 44 44 33 44 14 14 11 14 33
1 14 23 44 44 44 11 44 33 22 32 11 14 44 33 32 22 32 22 41 11 22 11 44 44 14 44 31
1 14 23 14 14 14 14 24 23 44 32 41 11 14 22 32 22 32 24 44 41 33 44 14 14 14 11 33
1 14 23 14 14 14 14 24 23 42 33 41 14 14 23 32 32 32 22 41 41 32 41 14 14 14 14 31
1 11 22 44 11 14 11 24 22 42 33 41 11 44 33 33 32 33 24 41 41 33 41 14 44 11 14 33
1 11 22 14 11 11 11 24 22 44 33 44 11 14 22 32 32 32 22 44 11 32 44 11 11 11 11 33
1 14 22 44 14 44 11 24 22 22 33 41 11 11 33 32 32 33 24 41 11 32 41 44 44 14 11 31
1 14 22 44 14 11 14 44 23 42 32 41 14 14 23 32 22 33 24 41 41 33 44 14 44 11 14 33
1 44 23 44 44 44 44 44 33 22 32 11 14 44 33 22 22 22 22 41 11 32 41 44 44 14 44 31
1 14 23 14 14 14 44 24 23 42 32 41 14 14 23 32 22 32 24 41 41 32 41 44 14 14 44 31
1 14 22 44 14 14 11 24 22 44 33 44 14 44 23 33 22 33 22 41 41 33 11 44 44 14 14 31
1 11 22 14 14 11 11 44 22 22 33 44 11 14 23 32 22 32 22 44 44 33 44 14 11 11 11 31
1 11 23 11 14 14 11 24 23 42 33 41 14 14 23 32 22 32 22 41 41 32 41 44 14 14 14 33
1 11 23 11 14 14 14 24 22 44 33 44 11 44 23 33 32 33 22 44 11 32 44 14 11 14 14 33
1 11 22 11 11 11 11 22 22 44 33 44 11 11 23 33 33 33 22 44 44 33 44 11 11 11 11 33
1 11 22 14 14 11 11 22 22 44 33 44 11 14 22 33 33 33 22 44 44 33 44 11 14 11 11 33
1 11 23 14 11 11 14 22 23 42 33 44 11 14 22 33 33 32 22 44 44 33 41 14 44 11 14 33
1 11 22 11 11 11 11 24 22 42 33 44 11 11 22 33 33 33 24 44 41 33 44 11 14 11 11 33
1 44 22 44 14 14 11 44 22 42 33 41 14 14 22 33 32 32 22 44 44 32 41 44 14 14 11 33
1 11 22 11 11 11 14 22 22 44 33 44 11 14 22 33 32 33 22 44 11 32 44 14 14 11 14 33
1 11 22 44 14 14 11 24 22 42 33 44 11 14 23 33 32 33 22 44 41 33 44 11 44 11 14 31
1 14 23 14 14 44 11 24 22 42 33 44 14 14 23 33 22 33 22 44 11 32 44 44 11 11 44 33
1 14 23 14 44 14 14 24 23 42 33 44 11 14 23 32 32 32 22 41 41 32 41 14 14 11 14 31
1 11 22 14 14 11 11 24 22 44 33 44 11 11 22 33 32 33 22 44 41 33 44 11 14 11 11 33
1 11 22 11 14 14 11 24 22 42 33 44 11 44 22 33 32 33 24 44 11 33 41 14 14 11 11 33
1 11 22 11 11 11 11 22 22 44 33 44 11 11 22 33 33 33 22 44 44 33 44 11 11 11 11 33
1 11 22 44 44 14 11 24 22 42 33 41 14 14 22 33 33 33 24 41 41 32 44 14 14 11 44 33
1 44 22 14 11 11 11 22 22 44 33 44 11 14 22 33 32 33 24 44 44 33 44 14 14 11 14 33
1 11 22 44 44 14 11 22 22 44 32 44 14 44 23 33 32 32 22 44 41 32 41 11 14 11 44 33
1 44 23 44 14 44 14 44 23 22 33 11 14 14 23 32 32 33 24 41 41 33 44 14 14 11 14 31
1 11 23 14 14 14 14 44 23 42 33 41 11 14 23 33 32 33 24 41 11 33 44 44 14 14 14 31
1 11 22 14 44 11 11 24 23 42 33 44 11 11 22 33 32 33 22 44 41 32 44 14 11 11 11 33
1 14 23 14 44 44 14 44 33 42 33 44 11 44 33 33 32 32 44 41 11 32 41 44 44 11 44 11
1 14 23 14 44 44 44 44 33 42 32 41 14 14 23 33 32 33 22 11 11 32 41 44 14 14 14 31
1 11 22 11 14 14 11 24 23 44 33 44 11 11 22 33 33 33 22 44 44 33 44 14 11 11 14 33
1 11 22 11 14 11 14 24 22 44 33 44 11 14 23 33 32 33 22 44 44 33 41 14 11 11 11 33
1 14 22 44 14 11 11 22 22 42 33 44 11 14 22 33 33 32 22 44 41 32 41 14 14 14 11 33
1 14 23 11 11 14 11 22 22 44 33 44 11 11 22 33 33 33 22 44 44 33 44 11 11 11 14 33
1 11 22 11 11 11 11 24 22 42 33 41 11 11 23 33 32 33 22 41 41 32 44 14 11 14 14 33
1 14 23 14 11 11 11 24 22 42 33 44 11 14 23 33 32 32 22 44 11 33 41 14 14 11 14 33
1 44 33 14 44 44 14 22 33 22 32 41 14 14 23 32 22 22 44 41 11 32 41 44 44 14 44 33
1 11 22 11 14 11 11 24 22 42 33 41 14 11 22 33 32 33 24 41 44 32 44 14 14 11 14 33
1 11 23 11 14 11 11 24 23 44 33 44 11 11 22 33 33 33 24 44 44 33 41 14 14 11 14 33
1 14 22 11 14 11 11 22 22 42 33 44 11 11 22 33 32 33 22 44 41 33 44 11 11 11 14 33
1 14 23 44 14 14 14 24 22 42 33 44 11 14 22 33 32 33 22 44 41 32 44 14 14 11 11 33
1 11 22 14 11 11 11 22 22 42 33 41 11 14 22 33 33 33 24 44 44 33 44 14 14 14 14 33
1 11 22 11 11 11 11 22 22 44 33 44 11 11 22 33 33 33 22 44 44 33 44 11 11 11 11 33
1 11 22 14 14 11 11 22 22 44 33 44 11 11 22 32 32 33 22 44 41 33 44 14 11 11 11 33
1 14 22 14 11 14 14 24 22 42 33 44 11 14 22 33 22 33 22 44 41 32 44 14 14 11 11 33
1 14 23 14 14 11 11 22 22 42 33 44 11 11 23 33 33 33 22 44 44 33 44 11 11 14 11 33
1 44 23 14 14 14 14 24 23 42 33 41 14 44 23 33 32 32 24 41 41 32 41 14 14 11 14 31
1 14 23 14 14 14 14 24 23 42 32 41 14 14 23 32 32 32 24 44 41 32 41 14 44 14 14 31
1 14 23 14 14 14 14 24 23 42 32 41 11 14 23 32 32 32 22 41 41 32 41 14 14 14 14 31
1 44 22 14 14 14 11 22 22 22 33 44 11 14 23 33 32 32 22 41 41 32 41 44 14 14 14 33
1 14 22 14 11 14 14 22 23 44 33 44 11 11 22 33 32 33 22 44 44 33 44 14 14 11 14 33
1 11 22 14 11 11 14 24 22 42 33 44 14 14 23 33 32 33 22 44 44 33 41 14 14 11 14 33
1 14 23 14 14 14 14 24 23 42 32 41 44 44 22 32 32 32 24 41 41 32 41 14 44 14 44 31
1 14 23 14 14 14 14 44 23 42 32 41 14 14 33 32 32 32 24 41 41 32 41 14 14 14 14 31
1 11 22 14 11 11 11 24 22 44 33 44 11 14 22 33 33 33 22 44 41 32 44 14 11 11 11 33
1 11 22 14 44 11 11 22 22 42 33 44 11 11 22 33 33 33 22 44 41 33 44 14 11 11 11 33
1 14 23 14 44 14 11 24 23 42 33 41 14 11 23 33 32 32 24 44 41 33 44 14 14 11 14 31
1 44 33 44 44 14 44 24 23 22 32 11 14 14 23 32 22 22 44 41 11 32 11 44 14 14 44 11
1 14 22 14 14 11 11 22 22 42 33 44 11 14 23 33 32 32 22 41 44 32 44 14 11 14 14 31
1 11 22 14 11 11 11 22 23 42 33 44 11 14 23 33 32 32 22 41 44 22 44 11 14 14 14 33
1 14 23 14 44 14 14 24 22 42 33 44 44 44 22 33 22 32 22 44 11 32 41 11 44 11 11 33
1 11 22 11 11 11 11 24 22 44 33 44 11 11 22 33 32 33 22 44 44 33 44 11 11 11 14 33
1 14 22 14 14 11 14 24 33 44 33 41 14 14 23 33 32 22 22 44 44 33 41 14 44 11 14 31
1 14 23 44 14 14 14 44 22 42 32 44 14 14 22 33 32 33 22 44 41 32 44 14 44 11 11 33
1 14 22 11 11 14 11 24 22 44 33 44 11 14 22 33 33 33 22 44 41 33 44 11 14 11 14 33
1 14 33 11 44 14 11 22 33 44 33 44 11 14 23 33 22 33 22 44 11 22 44 14 14 14 14 33
1 14 33 44 14 14 14 24 22 42 33 44 11 44 23 32 33 32 22 44 41 32 44 44 44 14 14 31
1 14 22 14 44 11 11 24 22 44 33 44 11 14 23 33 22 33 22 44 44 33 41 11 11 11 14 33
1 14 23 14 14 14 14 24 23 42 33 44 11 11 23 22 33 32 24 44 44 22 44 44 44 11 14 31
1 11 22 11 11 11 11 22 22 44 33 44 11 11 22 33 33 33 22 44 44 32 44 11 11 11 11 33
1 11 22 14 11 11 11 24 22 42 33 44 11 14 22 33 33 32 22 44 41 32 44 11 11 11 14 33
1 44 23 44 44 14 14 24 23 42 32 44 44 44 22 22 22 22 24 44 11 33 41 14 44 14 44 33
1 14 23 14 14 14 14 24 23 42 32 41 14 14 23 32 32 32 22 41 11 32 41 14 14 14 14 33
1 11 22 14 14 11 11 22 23 42 33 44 11 11 22 33 33 33 22 44 41 33 44 14 14 11 14 33
1 11 23 14 11 14 44 44 23 44 33 44 11 14 22 33 32 33 22 44 41 33 41 11 14 11 14 33
1 11 22 14 11 11 11 22 22 44 33 44 11 14 22 33 32 33 22 44 44 33 44 11 14 11 11 33
1 14 33 14 11 14 11 44 22 22 33 41 14 14 33 32 22 32 22 44 44 32 41 44 11 14 44 33
1 11 22 11 11 11 11 22 22 44 33 44 11 11 22 33 33 33 22 41 44 33 44 11 11 11 14 33
1 11 22 14 11 11 11 24 22 42 33 44 14 14 22 33 33 33 22 44 41 32 44 14 14 11 11 33
1 11 23 14 14 14 44 44 23 42 33 41 14 14 23 32 32 33 22 41 11 32 44 14 14 14 14 11
1 14 22 14 14 11 11 22 22 44 33 44 11 14 23 33 32 33 22 44 44 33 44 14 11 11 11 33
1 14 23 14 14 11 11 24 23 42 32 41 14 14 22 32 32 32 22 41 41 32 41 14 14 11 14 33
1 11 22 44 11 14 11 22 22 44 33 44 11 11 22 33 33 33 22 44 44 33 44 14 14 11 14 33
1 44 23 14 44 44 44 44 23 22 33 41 14 44 23 33 22 22 24 41 11 22 44 44 44 14 44 31
1 11 23 11 44 14 11 24 33 42 32 44 14 44 23 22 32 22 24 41 41 32 41 14 14 11 11 31
1 11 22 11 14 14 11 22 22 44 33 44 11 11 23 33 33 33 22 44 44 33 44 14 11 11 14 33
1 11 22 11 11 11 11 24 22 44 33 44 11 11 22 33 32 33 22 44 44 33 44 11 11 11 14 33
1 14 33 44 44 14 14 44 23 22 33 44 14 11 23 33 22 32 22 44 11 32 11 44 44 14 44 33
1 14 22 44 11 14 11 22 23 42 33 44 11 14 22 33 33 33 24 44 44 33 44 44 11 44 11 33
1 14 22 14 11 11 11 24 22 44 33 44 11 14 22 33 33 33 24 44 44 32 44 11 11 11 11 33
1 14 22 44 14 14 11 44 23 44 32 44 14 14 22 32 32 32 24 41 41 32 41 14 14 14 14 33
1 11 22 11 11 11 11 22 22 42 33 44 11 11 22 33 32 33 22 44 44 33 44 11 11 11 11 33
1 14 23 11 11 14 11 22 22 42 33 41 11 14 23 32 33 33 22 41 41 32 44 14 14 11 11 33
1 11 22 11 11 14 11 22 22 44 33 44 11 14 22 33 33 33 22 44 41 33 41 14 14 11 11 33
1 11 22 11 11 11 11 22 22 44 33 44 11 11 22 33 33 33 22 44 44 33 44 11 11 11 11 33
1 11 22 44 11 14 11 24 22 42 33 41 14 14 22 32 32 33 22 44 44 33 44 14 44 11 44 31
1 11 33 44 14 11 11 44 23 42 33 41 11 14 22 32 22 32 24 44 11 32 41 11 44 14 44 33
1 14 23 14 11 44 14 44 23 42 33 41 11 14 23 33 32 32 44 44 11 32 44 44 11 11 14 33
1 14 33 14 44 44 14 44 23 22 32 11 14 14 23 33 22 33 24 44 11 32 41 44 44 44 14 33
1 11 22 14 11 11 14 22 22 44 33 44 11 14 23 33 22 32 22 44 11 32 44 14 44 11 14 33
1 14 23 14 14 11 14 24 22 42 33 44 11 11 22 33 33 32 22 44 44 32 41 14 14 11 11 33
1 14 23 44 14 14 14 44 23 42 33 41 11 14 23 33 22 33 24 41 41 32 44 11 14 14 14 31
1 14 23 14 11 11 14 24 22 42 33 44 14 11 22 33 33 32 24 44 44 33 44 14 14 11 14 33
1 14 22 14 11 11 11 22 22 22 33 44 11 14 22 33 33 33 22 44 44 33 44 14 11 11 14 33
1 14 23 11 14 11 14 44 23 44 33 44 11 14 33 33 32 32 22 44 11 33 44 11 44 11 11 33
1 14 23 14 44 14 11 24 33 44 33 41 44 14 22 33 33 33 22 44 11 33 41 44 14 11 44 33
1 11 22 11 14 14 14 22 22 44 33 44 14 11 22 33 32 33 22 44 41 33 44 11 11 11 11 33
1 11 23 11 14 11 11 24 22 44 33 41 11 14 23 32 22 33 22 44 41 33 44 14 14 11 14 31
1 14 33 44 44 44 11 44 33 42 33 41 11 44 22 32 22 32 24 44 41 22 41 14 44 14 44 33
1 11 22 14 11 11 11 22 22 44 33 44 11 11 22 33 32 33 22 44 44 33 44 14 11 11 11 33
1 11 22 11 11 11 11 22 22 44 33 44 11 11 22 33 32 33 22 41 41 33 44 14 11 11 14 33
1 14 22 11 11 11 14 22 22 44 33 44 14 14 23 33 32 33 22 44 41 32 41 14 14 11 11 33
1 14 23 14 14 44 14 44 22 22 33 44 14 14 33 22 32 32 22 44 41 32 41 44 44 11 44 31
1 44 23 44 44 44 44 24 33 42 33 44 14 44 23 33 22 33 22 44 11 33 41 44 14 11 44 31
1 14 23 44 11 11 14 24 22 44 33 44 11 11 22 33 32 33 22 44 44 33 44 11 44 11 14 33
1 14 22 11 14 11 11 22 22 44 33 44 14 14 22 33 32 32 22 44 41 32 44 14 14 14 11 33
1 14 22 14 14 11 11 24 23 44 33 44 11 11 22 33 33 33 22 44 44 33 44 11 11 11 11 33
1 14 23 14 44 44 11 44 23 22 33 41 11 14 22 32 32 32 24 44 11 22 41 44 14 14 14 31
1 14 23 14 14 14 14 24 23 42 32 41 11 14 23 33 32 32 24 41 41 33 41 14 14 14 14 31
1 11 22 11 11 14 11 24 22 42 33 44 11 11 22 33 22 33 24 44 11 33 41 11 11 11 14 31
1 11 22 11 14 14 11 22 22 42 33 44 11 14 22 33 32 32 22 44 44 33 44 11 14 11 14 33
1 14 23 44 14 14 14 44 23 44 32 44 14 14 23 33 32 32 22 41 41 33 44 14 14 14 44 31
1 11 22 11 11 11 11 24 22 42 33 44 11 11 22 33 33 33 22 44 41 33 44 11 11 11 14 33
1 11 22 14 11 11 11 24 22 44 33 44 11 14 22 33 32 33 22 44 41 33 41 14 11 11 14 33
1 11 22 11 14 14 11 22 22 44 33 44 14 11 22 32 33 33 22 44 44 33 44 11 11 11 11 33
1 11 22 14 11 14 11 22 22 44 33 44 11 14 22 33 32 32 22 44 41 33 44 11 14 11 14 33
1 14 22 11 14 11 11 24 22 44 32 41 11 14 22 33 32 33 22 44 41 33 44 11 14 11 11 33
1 14 22 14 44 14 44 24 22 42 33 44 44 14 23 33 32 32 24 41 41 33 41 14 14 14 14 31
1 11 22 14 14 11 14 24 22 42 32 41 11 14 22 33 32 32 22 44 41 32 41 14 14 14 14 33
1 11 22 11 11 11 11 24 22 44 33 44 11 11 22 33 33 33 22 44 41 33 44 11 14 11 11 33
1 14 22 11 11 14 11 24 22 42 33 44 11 11 22 33 32 33 22 44 41 32 44 14 44 11 11 31
1 14 22 44 14 14 11 44 22 44 33 44 11 14 22 32 32 32 22 44 44 33 44 14 14 14 14 31
1 11 22 11 14 11 14 22 22 42 33 44 11 11 22 33 32 32 22 44 41 33 41 11 11 11 11 33
1 11 23 14 14 11 11 22 22 44 33 44 11 14 22 33 22 33 22 44 44 33 44 11 11 11 14 33
1 14 23 14 11 11 14 24 22 44 32 41 11 11 22 33 33 33 22 44 44 33 41 11 11 11 14 33
1 11 22 14 14 11 14 22 22 44 33 44 11 11 23 33 22 33 22 44 41 33 44 11 14 11 14 33
1 11 22 14 11 11 11 24 22 44 33 44 11 14 22 33 33 33 22 44 44 33 44 11 11 11 11 33
1 11 22 44 11 11 11 22 23 44 33 44 11 14 23 33 32 33 22 44 41 33 44 11 14 11 14 33
1 11 22 11 11 11 11 22 22 44 33 44 11 11 22 33 32 33 22 44 44 33 44 11 11 11 11 33
1 11 22 14 14 44 14 24 23 44 33 44 11 14 22 32 33 33 22 44 44 33 44 44 11 11 14 33
1 14 22 44 14 14 14 24 23 42 33 41 14 14 23 33 32 32 24 44 41 32 41 14 14 14 11 31
1 11 22 11 11 11 11 22 22 44 33 44 11 11 23 33 33 33 22 44 44 33 44 11 11 11 11 33
1 11 22 11 11 11 11 24 22 42 33 44 11 11 23 33 32 32 22 44 44 33 44 11 11 11 14 33
1 14 22 11 14 11 11 22 22 44 33 44 11 11 22 33 33 33 22 41 44 33 44 44 14 11 11 33
1 44 23 14 44 44 14 24 23 22 33 41 14 44 33 22 32 32 44 44 11 32 11 44 14 14 44 31
1 11 23 11 14 11 11 22 22 44 33 44 11 14 22 33 33 33 22 44 44 33 44 44 44 11 11 33
1 11 33 11 11 11 11 44 22 44 33 44 11 11 22 33 33 33 22 44 41 33 44 14 11 11 11 33
1 14 23 14 14 44 11 44 23 42 33 44 11 14 23 33 32 33 24 44 41 32 41 14 14 11 14 33
1 14 23 14 44 14 14 24 23 42 32 41 14 14 23 32 32 33 22 41 41 32 44 14 14 11 14 33
1 44 22 44 14 14 14 22 22 44 33 44 11 14 22 32 32 33 22 44 11 33 44 14 44 11 44 33
1 11 22 11 11 14 11 24 22 44 33 44 11 11 22 33 32 33 22 44 41 33 44 14 11 11 14 33
1 14 23 14 14 14 14 24 23 42 32 44 14 14 23 32 32 32 24 41 41 32 41 14 14 14 14 31
