 rs12139997 rs11436 rs16834408 rs951545 rs10914367 rs12401792 rs6425744 rs6694857 rs4949393 rs12562824 rs1995585 rs10914372 rs12122184 rs12145450 rs6659255 rs10914374 rs1566960 rs1039630 rs4478858 rs10914375 rs12042883 rs4949400 rs4949402
0 23 32 41 32 41 44 41 14 14 41 44 14 23 23 32 44 31 23 44 44 32 32 32
0 22 33 44 33 44 44 44 14 11 44 11 11 22 22 33 22 33 22 11 11 33 33 33
0 22 32 11 32 44 42 11 14 14 44 44 14 33 23 32 44 31 33 11 11 33 22 32
0 22 32 41 33 44 44 41 14 14 44 14 14 22 23 32 24 31 22 14 11 33 32 33
0 22 33 44 33 44 44 44 11 11 44 11 11 22 22 33 22 33 22 11 11 33 33 33
0 22 32 11 32 44 42 11 14 11 44 14 14 33 23 32 44 31 23 44 14 32 32 22
0 22 33 44 33 41 44 41 14 11 41 11 14 22 22 33 24 33 22 11 11 33 33 33
0 22 33 41 33 44 44 41 14 11 44 14 14 22 23 32 24 33 23 14 11 33 33 32
0 23 22 41 32 11 42 11 44 44 41 44 44 33 33 22 44 11 33 44 14 22 22 22
0 22 32 41 33 44 44 41 14 14 44 14 14 23 22 33 24 33 23 14 14 32 32 33
0 22 32 11 22 11 42 11 44 44 11 44 44 33 33 22 44 11 33 44 44 22 22 22
0 22 33 11 33 44 44 41 11 14 44 44 14 22 23 33 24 33 33 14 11 33 32 33
0 22 33 41 33 41 44 41 11 14 41 14 11 22 23 33 24 31 23 11 11 33 32 33
0 23 32 41 32 41 44 41 44 14 41 14 14 23 23 32 24 31 23 14 14 32 32 32
0 22 33 44 33 44 44 41 11 11 44 14 14 22 33 32 24 33 23 14 11 33 32 33
0 23 22 11 22 11 22 11 44 44 11 44 44 33 33 22 44 11 33 44 44 22 22 22
0 22 33 41 33 44 44 44 11 11 44 11 11 22 22 33 24 33 22 14 11 33 33 33
0 23 32 11 33 11 44 41 14 14 11 44 44 33 33 22 44 31 33 44 44 32 32 22
0 22 33 44 33 41 44 44 14 11 44 11 11 23 23 33 24 33 22 11 11 33 32 33
0 22 33 44 33 44 44 44 11 11 44 11 14 22 22 33 24 33 22 14 11 33 32 33
0 23 32 11 32 11 42 11 44 44 41 44 44 33 33 32 24 11 23 14 44 22 22 32
0 22 33 44 33 44 44 44 14 11 44 14 11 22 22 33 24 33 22 14 11 32 33 33
0 22 33 44 33 44 44 44 11 11 44 11 11 22 22 33 22 33 22 11 11 33 33 33
0 23 32 11 32 11 44 11 44 44 11 44 44 33 33 22 44 31 33 44 44 32 22 22
0 22 33 44 33 44 44 41 11 11 44 11 14 22 22 33 22 33 23 11 11 33 33 33
0 22 33 41 33 44 44 44 11 11 44 11 11 22 22 33 22 33 22 14 11 33 32 33
0 22 33 41 33 44 44 44 11 11 44 44 14 22 23 33 24 33 22 14 11 33 33 33
0 22 33 41 33 44 44 44 11 11 44 11 11 22 23 33 24 33 22 11 11 33 32 33
0 22 33 41 33 44 44 41 14 11 44 14 14 23 23 33 44 33 23 14 14 33 32 33
0 22 33 44 33 44 44 44 11 11 44 11 11 22 22 33 22 33 22 11 11 33 33 33
0 23 33 41 33 44 44 41 14 11 41 14 14 22 22 32 22 33 23 11 14 32 33 33
0 22 33 44 33 44 44 44 11 11 44 11 11 22 23 32 22 33 22 14 11 33 33 33
0 22 33 44 33 44 44 44 11 11 44 11 11 22 22 33 22 33 22 11 11 33 33 33
0 22 32 11 33 41 44 11 14 44 41 14 44 23 33 32 44 33 23 44 44 22 22 32
0 22 33 41 33 44 44 41 11 11 41 14 14 23 23 33 24 33 23 14 11 33 32 33
0 22 32 44 33 41 44 41 11 11 44 11 11 22 22 33 22 33 22 11 11 33 33 33
0 22 32 44 33 41 44 44 14 11 44 14 14 22 23 33 22 33 22 11 11 33 32 33
0 22 33 41 33 44 44 44 11 11 44 11 14 23 23 33 24 33 23 14 14 33 32 33
0 22 32 41 33 44 44 41 14 11 44 14 14 22 23 32 24 31 23 14 14 32 32 32
0 23 32 41 32 11 42 41 14 44 41 44 44 23 23 32 44 31 33 14 14 32 32 22
0 23 32 11 33 41 42 11 44 14 41 44 44 33 23 32 44 31 23 44 14 33 22 32
0 22 33 41 33 44 44 41 11 11 44 14 14 22 23 33 22 33 22 11 11 32 33 33
0 22 33 44 33 44 44 44 11 11 44 44 11 23 33 32 24 33 22 11 11 33 32 33
0 22 22 11 32 11 42 11 44 44 11 44 44 33 33 22 44 33 33 14 44 22 22 22
0 22 32 41 33 44 44 41 11 11 41 14 14 23 23 32 24 33 23 14 11 33 32 33
0 22 33 44 33 44 44 44 11 11 44 11 11 22 22 33 24 33 22 11 11 33 33 33
0 23 32 41 22 41 42 41 14 14 41 44 44 33 33 22 44 31 23 44 14 32 22 32
0 22 32 44 33 44 44 44 11 11 44 11 11 22 23 33 22 33 23 14 11 33 33 33
0 22 33 41 33 44 44 41 11 11 44 44 44 23 22 33 44 33 23 14 11 33 22 33
0 33 22 11 22 11 22 11 44 44 41 44 44 33 33 22 44 11 33 44 44 22 22 22
0 22 33 44 33 44 44 11 11 14 44 11 11 22 23 33 24 33 22 11 14 33 32 33
0 22 33 44 33 44 44 44 11 11 44 11 11 22 22 33 22 33 22 11 11 33 33 33
0 22 32 41 33 44 44 41 11 14 44 14 14 23 23 32 44 33 23 11 11 33 32 33
0 22 32 11 32 44 44 11 14 14 41 44 44 33 23 32 44 11 23 14 14 33 22 33
0 22 32 41 33 41 44 41 11 14 44 11 14 23 23 33 24 33 22 11 14 33 33 33
0 22 33 44 33 44 44 44 14 14 44 14 11 22 23 33 24 31 22 11 11 33 33 33
0 22 33 41 33 41 44 44 11 11 41 11 11 23 22 33 24 33 23 14 11 33 33 33
0 22 33 11 33 41 44 41 44 44 44 44 14 23 33 32 24 33 23 44 11 32 22 33
0 23 32 41 32 41 42 41 14 14 41 14 14 23 33 32 24 31 23 44 44 32 32 32
0 22 33 44 33 44 44 41 11 14 44 14 11 22 23 33 22 33 22 11 11 33 33 33
0 22 33 41 33 44 44 44 14 11 44 11 11 22 22 33 22 33 22 11 14 33 32 33
0 22 33 44 33 44 44 44 11 11 44 11 11 22 22 33 22 33 22 11 11 33 33 33
0 22 32 41 32 41 44 44 14 14 41 14 44 23 23 32 24 31 23 11 14 32 33 32
0 22 32 41 33 41 44 11 14 14 44 14 14 23 23 33 24 31 23 14 14 32 32 32
0 22 33 41 33 41 44 44 14 14 44 14 44 23 33 33 24 33 22 14 14 32 32 33
0 22 32 41 33 41 44 41 14 11 41 14 14 22 23 32 22 31 22 14 14 33 32 33
0 23 32 41 33 41 44 41 14 14 41 14 14 23 23 32 24 31 23 14 14 32 32 32
0 23 32 41 33 41 44 41 44 14 41 44 44 33 33 22 24 31 23 44 44 33 22 33
0 22 33 41 33 41 44 44 44 14 44 44 14 23 23 33 44 11 22 14 11 32 32 33
0 23 33 41 32 44 44 41 11 14 41 14 14 23 22 32 24 31 23 14 11 32 32 32
0 22 32 41 33 41 44 41 14 14 41 44 14 33 23 33 24 31 33 44 14 33 32 33
0 22 32 41 33 44 44 41 14 44 44 11 11 33 33 22 22 33 33 44 11 32 22 32
0 23 32 11 32 41 42 41 14 14 41 44 14 23 23 22 44 31 23 14 14 32 32 32
0 22 33 44 33 44 44 44 11 11 44 11 11 22 22 32 24 33 22 11 11 33 33 33
0 22 33 44 33 41 44 41 11 11 44 14 11 23 23 32 44 33 23 14 11 33 32 33
0 22 33 44 33 44 44 44 11 11 44 11 11 22 22 32 22 33 23 14 11 33 33 33
0 22 33 11 33 44 44 41 14 11 41 14 14 22 23 33 24 33 22 14 11 33 32 33
0 22 33 44 33 44 44 44 11 11 44 11 11 22 22 33 24 33 22 11 11 33 32 33
0 22 33 44 33 44 44 44 11 11 44 11 11 22 23 33 22 33 22 14 11 33 33 33
0 22 33 11 33 41 44 11 14 14 44 14 44 23 23 32 44 31 23 14 14 33 32 32
0 22 32 41 33 44 44 41 11 14 44 44 14 23 22 33 24 33 22 11 14 33 32 33
0 22 33 44 33 44 44 44 11 11 44 11 11 22 22 33 22 33 22 11 11 33 33 33
0 23 22 11 22 11 42 11 44 44 41 44 44 33 33 22 44 11 33 44 14 22 22 22
0 22 33 41 32 41 44 41 11 14 44 14 44 23 23 32 24 31 23 14 14 32 33 32
0 22 32 41 33 41 44 41 14 11 41 11 14 23 23 32 24 33 23 14 14 33 32 33
0 23 33 41 33 44 44 44 11 11 44 14 14 22 23 33 24 33 22 14 11 33 32 33
0 23 32 11 32 41 42 41 14 14 41 14 14 33 23 22 24 31 23 14 14 32 32 32
0 23 32 41 32 41 42 41 14 14 41 14 14 23 23 32 44 31 23 14 14 32 32 32
0 22 33 44 33 44 44 44 11 11 44 14 11 22 22 33 24 33 22 14 11 33 33 33
0 22 32 41 32 41 42 41 14 14 41 14 14 22 23 32 24 31 23 14 14 32 32 33
0 22 33 44 33 44 44 41 11 11 44 11 14 23 23 33 22 33 22 11 11 33 33 33
0 22 33 41 32 44 44 41 14 14 41 14 14 23 33 32 24 31 22 11 11 32 32 33
0 22 33 44 33 44 44 41 11 11 44 11 11 22 23 33 24 31 23 14 11 33 33 33
0 22 32 41 32 41 42 41 11 14 41 14 44 23 23 32 24 31 23 44 14 32 32 32
0 22 22 11 32 11 22 11 44 14 44 44 44 33 33 32 44 31 23 44 44 22 22 32
0 22 33 44 33 44 44 44 11 11 44 11 11 22 22 33 22 33 22 11 11 33 33 33
0 22 33 41 33 41 44 41 14 14 41 14 14 23 22 33 24 33 23 14 14 32 32 32
0 22 33 44 33 44 44 41 11 11 44 11 11 22 22 33 22 33 22 11 11 33 33 33
0 22 32 41 32 11 42 11 11 14 41 44 14 23 33 33 24 31 33 14 14 33 32 33
0 22 33 41 33 41 44 41 14 11 41 14 44 22 23 32 22 33 23 14 11 33 32 33
0 22 33 41 33 41 44 41 14 11 11 14 14 22 22 33 24 33 22 11 11 32 22 33
0 22 33 44 32 44 44 44 14 11 44 14 11 22 23 33 24 33 22 11 11 32 32 33
0 22 33 41 33 44 44 44 11 11 44 11 11 23 33 32 22 33 22 11 11 33 32 33
0 22 33 44 33 44 44 11 11 14 44 14 44 23 22 32 22 33 23 11 11 33 32 33
0 23 32 41 32 41 42 11 14 44 41 14 44 33 33 32 44 31 23 44 14 22 22 32
0 22 22 11 33 11 42 41 44 44 11 14 44 33 33 32 44 33 33 44 14 32 22 32
0 22 33 44 33 44 44 44 11 11 44 11 11 22 22 33 22 33 22 11 11 33 33 33
0 22 33 44 33 41 44 11 11 11 44 14 14 23 33 22 44 31 23 14 14 32 22 33
0 22 33 44 33 44 44 44 11 11 44 14 11 22 23 33 22 33 22 11 11 33 33 33
0 22 33 44 33 44 44 44 11 11 44 11 11 22 22 33 22 33 22 11 11 33 33 33
0 22 32 41 32 41 42 41 14 14 44 14 14 23 23 22 24 31 23 14 14 32 32 32
0 23 32 41 32 41 42 41 14 14 41 14 14 23 23 32 24 31 23 14 14 32 32 32
0 23 32 41 32 41 42 11 44 14 41 44 44 33 23 22 44 31 23 14 14 32 22 32
0 22 33 41 33 41 44 41 14 14 41 14 14 23 23 22 24 33 23 14 11 32 32 33
0 23 32 11 32 11 42 11 44 44 41 44 44 33 33 22 44 31 23 44 44 32 22 22
0 22 33 44 33 44 44 44 11 11 44 11 11 22 22 33 22 33 22 11 11 33 33 33
0 22 33 41 33 44 44 44 44 11 44 11 14 23 33 33 24 33 23 11 14 33 32 33
0 22 32 41 32 41 42 41 14 14 41 14 14 23 23 32 24 31 23 11 14 32 32 33
0 22 33 41 33 44 44 11 11 14 41 44 44 33 23 32 22 33 22 44 44 33 22 33
0 22 32 41 32 41 42 41 14 14 41 14 14 23 33 32 24 31 23 14 14 32 32 32
0 33 22 11 22 11 42 11 44 44 11 44 44 33 33 22 44 11 33 44 14 22 32 22
0 23 22 11 32 11 42 11 44 44 41 44 44 33 33 22 24 11 33 44 44 22 22 22
0 23 32 41 33 44 42 41 14 14 44 44 14 23 23 32 24 31 23 44 14 32 32 32
0 22 33 41 33 41 44 41 11 11 44 14 44 22 23 32 24 33 23 11 11 32 22 33
0 23 32 11 33 41 42 41 14 11 41 14 44 33 23 32 44 31 23 44 44 32 32 22
0 22 32 41 33 44 44 41 14 14 44 11 14 23 23 33 22 33 22 14 11 32 32 33
0 22 33 44 33 44 44 44 11 11 44 11 14 22 22 33 22 33 22 11 11 33 33 33
0 22 33 44 33 44 44 44 11 11 44 11 14 22 22 33 24 33 22 11 11 33 32 33
0 22 32 11 33 11 44 11 44 44 11 44 44 33 33 32 44 33 33 44 44 32 22 33
0 22 33 41 32 41 44 44 11 11 41 14 11 23 23 32 24 33 23 14 11 33 32 33
0 22 33 44 33 44 44 44 11 11 44 14 11 23 23 32 24 33 22 14 11 33 33 33
0 23 32 41 32 41 42 41 14 14 41 14 14 23 23 32 24 31 23 14 14 32 32 32
0 22 33 41 33 44 44 41 11 14 44 14 14 22 23 32 24 33 23 14 11 33 32 32
0 23 33 11 32 41 44 41 44 11 41 44 44 23 33 32 24 31 23 44 14 32 32 32
0 22 32 41 33 44 44 44 14 14 44 14 14 23 23 32 24 33 22 14 11 33 32 33
0 23 32 41 32 41 42 41 14 14 41 14 44 23 23 32 24 33 23 14 14 32 32 32
0 22 33 11 33 41 44 11 14 14 41 14 14 23 33 32 24 33 23 14 14 32 32 33
0 22 32 41 32 41 42 41 14 14 44 14 14 23 23 32 24 31 23 14 14 32 32 32
0 23 22 11 32 11 42 41 14 14 41 44 44 23 23 22 44 31 23 44 14 32 32 32
0 22 32 41 32 44 44 41 14 11 44 14 14 23 23 32 24 33 22 14 11 33 33 33
0 22 32 11 33 11 44 11 14 14 41 44 44 23 33 32 44 31 23 44 14 33 32 32
0 22 22 11 22 11 42 11 14 14 41 44 44 23 33 32 44 31 33 44 44 22 22 32
0 22 33 11 33 44 44 41 14 11 44 11 11 23 33 33 22 31 22 14 11 33 33 33
0 23 32 11 33 41 42 41 14 11 41 14 44 23 23 32 44 31 23 14 14 32 32 32
0 22 33 44 33 44 44 44 11 11 44 11 11 22 22 33 22 33 22 11 11 33 33 33
0 22 32 41 33 41 44 41 14 14 44 14 14 23 23 32 24 33 22 44 11 32 22 32
0 23 33 11 33 41 44 11 14 44 41 14 44 22 33 32 44 31 23 14 14 32 32 32
0 22 32 41 32 41 44 44 14 11 44 14 14 23 23 32 24 33 22 14 11 33 32 32
0 22 33 44 33 44 44 41 11 11 44 11 11 22 33 33 24 31 22 14 11 33 33 33
0 23 32 41 32 41 42 41 14 14 41 14 14 23 23 32 24 31 23 14 14 32 32 32
0 22 32 41 33 44 44 44 14 11 44 44 14 23 23 33 22 31 22 14 11 32 32 32
0 22 32 41 33 41 44 41 14 11 41 14 14 23 23 32 24 31 23 14 14 32 32 33
0 22 33 41 33 44 44 41 11 11 44 11 14 23 23 32 44 33 22 11 11 32 33 33
0 22 33 44 33 44 44 44 11 11 44 14 11 22 22 33 22 31 22 11 11 33 33 33
0 22 33 41 33 44 44 41 11 11 44 11 14 23 23 32 24 33 23 11 11 33 32 33
0 22 33 44 33 44 44 44 11 11 44 11 11 23 22 32 22 33 23 14 11 32 33 33
0 23 32 41 32 41 42 41 14 14 41 14 14 23 23 32 24 31 22 14 14 32 32 32
0 23 32 41 33 41 42 41 14 11 41 14 14 23 23 32 24 33 23 14 14 32 32 32
0 22 33 44 33 44 44 41 11 11 44 11 11 22 23 33 22 33 22 11 11 33 33 33
0 22 33 44 33 44 44 41 11 11 44 11 11 22 22 33 22 33 22 11 11 33 33 33
0 22 33 44 33 44 44 44 11 14 44 14 14 23 23 33 24 33 22 11 11 33 32 33
0 22 32 41 32 41 44 11 14 14 41 44 14 23 23 32 24 31 23 14 14 32 32 32
0 22 33 11 33 44 44 41 44 14 41 11 14 22 23 33 22 33 23 14 11 32 33 33
0 22 33 41 32 44 44 41 14 14 41 14 14 22 23 32 24 33 22 14 11 33 32 32
0 22 33 11 33 41 44 41 44 14 41 44 44 23 23 33 24 31 33 44 14 22 32 33
0 22 33 44 33 44 44 41 11 11 44 14 11 22 23 32 24 33 22 14 11 32 33 33
0 22 32 41 33 11 44 41 11 11 41 44 44 33 23 32 44 33 23 14 11 22 32 33
0 22 32 41 32 41 44 41 11 14 44 14 11 23 23 33 24 33 23 14 14 32 32 33
0 23 32 41 32 41 42 41 14 14 41 14 14 23 23 32 24 31 23 14 14 32 32 32
0 22 33 44 33 41 44 44 11 11 44 14 11 23 33 32 24 33 22 11 11 33 32 33
0 22 33 41 33 44 44 41 14 14 41 44 11 23 22 33 24 33 23 14 11 32 32 33
0 23 33 41 33 44 44 11 14 14 44 44 44 33 33 32 44 31 23 14 44 22 32 33
0 22 32 41 32 41 44 41 14 14 41 14 14 23 23 32 24 33 23 14 14 32 32 32
0 22 33 44 33 44 44 44 11 11 44 14 11 22 22 32 24 33 22 11 11 33 33 33
0 22 33 41 33 44 44 41 14 11 44 14 11 22 22 33 24 33 22 11 11 33 33 33
0 23 32 41 32 11 44 11 14 44 41 44 14 23 23 32 44 33 23 44 14 32 22 22
0 22 33 41 32 41 44 11 44 14 41 14 14 33 23 32 24 31 23 44 14 32 32 32
0 22 33 44 33 44 44 44 11 11 44 11 14 22 22 33 22 33 22 11 11 33 33 33
0 22 32 41 33 44 44 44 14 11 44 14 14 23 22 33 24 33 23 14 11 32 32 33
0 22 33 44 33 44 44 44 11 11 44 11 11 22 22 33 22 33 22 11 11 33 33 33
0 22 32 41 32 41 44 41 14 11 44 14 14 22 23 32 24 31 23 11 14 32 32 32
0 22 33 44 33 44 44 41 11 11 44 14 14 22 23 32 24 33 22 11 11 33 32 33
0 23 32 41 32 41 42 41 14 14 41 14 14 23 23 32 24 31 23 14 14 32 32 32
0 22 33 44 33 11 44 41 11 11 44 11 11 22 23 33 44 33 22 14 11 33 33 33
0 22 33 44 33 44 44 41 11 11 44 14 11 22 22 33 24 33 22 14 11 33 33 33
0 22 22 11 32 41 44 11 14 11 44 44 44 33 33 22 44 31 33 44 44 22 22 33
0 22 33 41 33 44 44 44 11 11 44 14 14 22 23 33 44 33 22 44 44 32 32 33
0 23 32 41 33 41 44 41 14 14 41 14 14 23 23 32 24 31 23 14 14 32 32 32
0 22 33 41 33 41 44 41 11 14 44 14 14 23 33 32 44 33 23 14 14 32 32 33
0 22 32 41 33 41 44 11 14 14 41 14 14 23 23 32 24 31 23 14 14 32 32 32
0 22 33 41 33 41 44 44 11 14 44 14 14 23 23 32 22 31 22 11 14 33 33 33
0 22 33 44 33 44 44 44 11 11 44 11 11 22 22 33 22 33 22 11 11 33 33 33
0 22 32 41 33 41 44 44 14 11 44 14 44 23 33 32 22 31 22 11 11 32 33 33
0 22 33 41 32 41 44 41 11 11 44 14 11 23 23 32 22 31 22 14 14 32 33 33
0 22 32 11 32 41 44 41 14 11 41 14 11 23 23 32 44 31 23 14 14 32 32 33
0 22 33 41 33 44 44 44 11 11 44 11 11 22 22 33 22 33 22 11 11 33 33 33
0 22 33 44 33 44 44 44 11 11 44 11 11 22 22 33 22 33 22 11 11 33 33 33
0 22 33 44 33 44 44 44 11 11 44 11 11 22 33 33 24 33 22 11 11 33 33 33
0 22 32 41 32 41 44 41 14 14 41 14 14 23 23 33 44 31 23 14 14 32 32 32
0 22 32 44 33 44 42 44 11 11 44 11 14 23 23 32 24 31 22 14 11 33 32 33
0 22 33 44 33 44 44 41 11 14 44 14 44 23 23 33 24 33 22 44 11 32 33 33
0 22 33 41 33 44 44 41 11 14 44 14 14 22 23 33 24 33 22 11 14 32 32 33
0 22 32 11 33 44 44 41 14 14 41 14 44 23 23 32 44 33 23 44 11 32 32 33
0 22 33 41 33 44 44 41 11 11 44 14 14 22 23 33 24 33 22 11 11 33 32 32
0 22 33 44 33 44 44 44 11 11 44 11 11 22 22 33 22 33 22 11 11 33 33 33
0 22 33 44 33 44 44 41 11 11 44 11 11 23 33 33 22 31 22 11 11 33 33 33
0 23 33 41 32 41 44 11 14 14 41 44 44 23 23 22 44 31 33 14 14 22 32 33
0 22 33 11 33 44 44 41 14 11 44 14 14 23 23 32 24 31 23 14 14 32 32 33
0 22 33 11 22 41 44 11 44 11 44 14 44 33 33 33 44 31 22 44 11 32 22 33
0 23 32 11 22 41 22 11 44 44 41 44 44 33 33 22 44 11 23 44 44 22 22 33
0 23 32 41 32 41 42 41 14 14 41 14 14 23 23 32 24 31 23 44 14 32 32 32
0 22 33 41 33 44 44 44 14 11 44 11 11 22 22 33 22 33 22 11 11 33 33 33
0 22 33 41 33 44 44 44 11 11 44 11 11 33 23 33 24 33 22 11 11 33 33 33
0 22 33 44 33 41 44 41 11 11 44 14 11 22 22 33 24 33 22 11 11 33 33 33
0 23 32 41 32 41 42 11 14 14 41 14 14 23 23 32 24 31 23 14 14 32 32 32
0 23 32 41 32 41 42 41 14 14 41 14 14 23 23 32 24 31 23 14 14 32 32 32
0 22 33 44 33 41 44 44 14 14 44 14 14 22 33 32 24 31 22 14 14 33 33 33
0 23 32 41 32 41 42 41 14 14 41 14 14 23 23 32 24 31 23 14 14 32 32 32
0 22 33 11 33 41 44 41 11 11 44 14 44 23 23 33 24 31 22 14 11 33 32 33
0 22 33 41 33 41 44 41 14 11 44 14 14 22 23 32 24 31 23 11 14 33 32 33
0 23 22 11 22 11 42 11 44 14 11 44 44 33 33 22 44 11 23 44 44 22 22 32
0 22 33 44 33 44 44 44 11 11 44 11 11 23 33 33 24 33 22 11 14 32 33 33
0 22 33 41 33 44 44 41 14 11 44 11 14 22 23 32 22 33 23 14 11 33 33 33
0 22 32 41 33 41 42 41 14 14 44 14 14 23 33 32 24 31 23 14 14 32 32 33
0 22 33 41 33 41 44 44 11 11 44 14 14 22 23 33 22 31 22 14 11 33 32 33
0 23 33 41 33 41 44 41 14 11 44 14 14 23 33 32 44 31 23 14 14 33 32 33
0 22 32 11 33 41 44 11 14 14 41 14 44 33 23 32 24 33 22 44 44 32 33 33
0 33 22 11 22 11 22 11 44 44 11 44 44 33 33 22 44 11 33 44 44 22 22 22
0 22 33 44 33 44 44 41 11 14 44 11 11 22 23 33 22 33 23 14 11 33 33 33
0 22 33 41 33 41 44 44 11 14 44 14 14 22 22 33 24 31 22 11 11 33 32 33
0 22 33 44 33 41 44 41 11 11 44 11 11 22 23 33 24 33 22 11 11 33 33 33
0 22 33 44 32 41 44 11 14 44 41 14 44 23 23 32 44 31 23 44 11 33 32 32
0 22 32 44 32 41 44 11 14 14 41 44 14 33 33 32 24 33 23 14 14 32 32 33
0 22 32 41 32 41 44 41 14 14 41 44 14 23 33 22 24 31 33 44 14 32 32 32
0 22 33 41 33 44 44 44 11 14 44 14 14 23 23 33 24 33 22 14 14 33 32 33
0 22 33 44 33 44 44 44 11 11 44 14 14 22 23 33 22 33 23 14 11 33 32 33
0 22 33 44 33 41 44 44 11 11 44 11 14 22 22 32 22 33 22 14 11 33 33 33
0 22 33 41 33 41 44 11 11 11 41 14 44 23 33 32 44 31 22 44 14 32 32 33
0 22 33 41 33 41 44 11 14 14 44 44 44 33 33 32 44 31 23 14 14 32 32 32
0 22 33 44 33 44 44 44 11 11 44 14 14 22 23 32 24 33 22 11 11 33 33 33
0 22 33 41 33 44 44 41 11 11 44 11 11 22 23 33 24 33 22 14 11 33 33 33
0 22 32 11 32 11 42 41 44 14 41 44 44 33 33 22 44 11 23 44 14 32 22 22
0 22 33 11 32 11 44 11 44 14 41 14 44 33 23 32 44 33 23 44 14 32 32 32
0 23 33 11 33 41 44 11 11 11 44 14 11 22 33 32 24 33 23 14 14 33 32 33
0 22 33 41 32 44 44 44 11 11 41 44 11 22 23 33 24 31 23 11 11 33 32 33
0 23 32 41 33 44 44 11 14 14 41 44 14 33 33 22 24 11 33 14 44 32 22 32
0 22 33 44 33 44 44 44 11 11 44 11 11 22 23 33 24 33 22 14 11 33 32 33
0 23 32 41 32 41 42 41 14 14 41 14 14 23 23 32 24 31 23 14 14 32 32 32
0 23 33 11 32 41 44 41 44 11 44 44 44 23 33 32 44 31 23 44 14 22 33 32
0 22 33 41 33 41 44 41 14 11 44 14 14 23 23 32 24 33 23 11 11 33 32 33
0 22 33 44 33 44 44 44 11 11 44 11 11 23 23 33 24 33 22 11 11 33 33 33
0 22 33 44 33 44 44 44 11 11 44 11 11 22 22 33 22 33 22 11 11 33 32 33
0 22 33 44 33 44 44 44 11 11 44 11 44 23 23 32 24 31 22 11 11 33 32 33
0 22 33 44 33 44 44 44 11 11 44 11 11 22 23 33 22 33 22 11 11 33 33 33
0 23 33 41 32 41 44 41 14 14 41 14 14 23 23 32 24 31 22 14 11 33 32 32
0 22 33 44 33 44 44 41 11 11 44 11 14 22 22 33 44 33 22 11 11 33 33 33
0 22 33 44 32 44 44 41 14 11 44 14 11 23 23 32 22 31 23 14 11 33 32 33
0 23 32 41 32 41 42 11 14 14 41 14 44 33 23 32 24 31 23 14 14 32 32 32
0 22 33 41 32 44 44 41 14 11 44 44 44 23 23 32 24 31 22 44 14 32 32 32
0 22 33 44 33 44 44 44 11 11 44 44 14 22 23 33 22 33 22 11 11 33 33 33
0 22 33 41 33 44 44 41 14 14 44 14 14 23 23 32 24 31 22 14 11 33 32 33
0 23 32 41 32 41 44 41 14 14 41 14 44 33 23 32 44 33 23 44 14 32 32 33
0 22 33 44 33 44 44 44 11 11 44 11 11 22 23 33 22 33 22 11 11 33 33 33
0 22 33 41 33 44 44 41 14 11 41 14 14 23 33 32 24 33 22 11 14 33 32 33
0 22 32 41 33 44 44 44 14 14 41 44 14 33 33 22 24 33 23 44 44 22 32 33
0 22 32 41 32 44 44 41 14 11 41 14 44 23 33 33 44 33 23 14 14 33 32 33
0 22 33 44 33 44 44 44 11 11 44 11 11 22 22 33 22 33 22 11 11 33 33 33
0 23 32 41 32 41 42 41 14 14 41 14 14 23 23 32 24 31 23 14 14 32 32 32
0 22 32 41 33 41 44 11 44 14 41 44 44 33 33 33 44 33 22 14 11 32 32 33
0 22 33 44 33 44 44 44 11 14 44 11 11 22 22 33 22 33 22 11 11 32 33 33
0 22 32 41 33 41 44 41 14 11 44 14 14 23 23 33 24 31 22 14 11 33 32 33
0 22 33 44 33 44 44 44 11 11 44 11 11 22 22 33 22 33 22 14 11 33 33 33
0 22 33 41 32 41 44 41 14 14 41 44 44 23 23 32 24 31 23 14 11 32 22 33
0 23 32 11 22 11 42 11 44 44 41 44 44 33 33 22 44 11 23 44 44 22 22 32
0 22 33 11 33 41 44 44 11 11 44 44 14 22 23 32 24 33 22 11 14 33 33 33
0 23 33 41 33 44 44 41 14 11 41 14 11 23 23 32 24 33 23 14 11 32 32 33
0 22 32 41 32 41 44 41 14 14 41 14 14 23 23 32 44 31 23 44 14 32 32 32
0 33 22 11 22 11 22 11 44 44 11 44 44 33 33 22 44 11 33 44 44 22 22 22
0 22 32 41 32 44 44 44 14 11 41 14 14 23 23 32 24 31 23 14 11 32 32 33
0 22 33 44 33 44 44 44 11 11 44 11 11 22 22 33 22 33 22 11 11 33 33 33
0 22 32 41 33 41 42 44 14 11 44 14 14 22 23 32 24 33 22 14 14 32 32 33
0 22 33 44 33 41 44 41 11 11 44 14 11 22 23 33 24 33 22 11 11 33 33 33
0 22 33 41 33 41 44 41 11 11 44 11 14 22 23 33 24 31 22 14 11 33 32 33
0 22 33 41 33 41 44 41 11 14 41 14 14 23 23 33 24 33 23 14 11 33 32 33
0 22 33 41 33 44 44 44 11 11 44 14 14 22 23 32 24 33 23 14 11 33 33 33
0 22 33 44 33 44 44 44 11 11 44 14 14 22 22 33 22 33 22 14 14 33 32 33
0 22 33 41 33 44 44 44 11 11 44 14 11 22 23 33 22 33 22 11 11 33 33 33
0 22 33 44 33 44 44 41 11 11 44 14 11 23 23 33 24 33 23 11 11 33 33 33
0 22 33 41 33 41 44 44 11 14 44 11 11 22 22 33 24 33 22 14 11 32 33 33
0 22 33 41 33 44 44 11 11 11 44 14 11 33 23 33 24 33 22 11 14 33 33 33
0 22 32 41 33 41 44 41 44 14 44 14 14 23 23 32 24 31 23 14 14 32 32 32
0 22 33 44 33 44 44 11 14 11 44 11 14 22 33 32 44 31 23 11 11 33 32 33
0 22 33 41 33 44 44 44 11 14 41 14 14 23 23 33 24 33 23 11 11 33 32 33
0 22 32 41 32 11 44 41 44 44 11 44 44 33 23 32 44 31 33 44 14 32 22 33
0 22 33 11 32 41 44 41 14 14 41 44 14 23 33 22 44 31 23 14 11 33 33 33
0 22 33 44 33 44 44 44 11 11 44 11 11 22 22 33 22 33 22 14 11 33 33 33
0 22 33 11 32 41 44 41 14 14 41 14 14 23 23 32 44 31 23 14 14 33 32 32
0 22 32 44 33 44 44 41 14 11 44 14 11 23 22 33 24 33 22 14 11 33 32 33
0 22 33 41 32 41 42 11 11 14 41 44 14 23 23 33 24 33 22 14 14 33 32 33
0 23 32 41 32 44 44 41 14 14 41 11 14 33 23 32 24 31 23 14 11 32 32 33
0 22 33 41 33 44 44 41 14 11 44 14 14 22 23 33 44 33 22 14 11 33 33 33
0 22 32 41 32 11 44 41 14 11 41 44 44 33 23 32 44 31 23 11 14 32 32 33
0 22 33 44 33 44 44 44 11 11 44 11 11 22 22 33 22 33 22 11 11 33 33 33
0 22 32 41 33 41 44 41 11 11 44 11 14 22 23 32 44 31 22 14 11 33 32 33
0 23 22 11 32 11 42 11 44 14 11 44 44 33 33 22 44 11 33 44 44 22 22 32
0 23 32 41 32 41 42 41 14 44 41 14 44 23 23 32 24 31 23 14 14 32 32 32
0 22 33 11 33 41 44 44 14 11 44 14 14 22 22 33 24 33 22 11 11 33 33 33
0 22 33 44 33 44 44 44 11 11 44 11 11 22 22 33 22 33 22 11 11 33 33 33
0 22 33 11 32 41 44 44 14 14 44 14 14 22 23 32 24 33 22 11 11 32 32 33
0 22 32 11 33 41 44 44 14 11 44 14 14 23 33 32 44 33 22 14 11 33 33 33
0 23 32 41 32 41 42 41 14 14 41 14 14 23 23 32 24 31 23 14 14 32 32 32
0 23 32 41 32 41 42 41 14 14 41 14 14 23 23 32 24 31 23 14 14 32 32 32
0 23 32 41 32 41 42 41 14 14 41 14 14 23 23 32 24 31 23 14 11 32 32 32
0 22 33 41 32 41 42 41 14 14 44 14 11 23 23 33 24 31 22 14 11 32 33 32
0 22 33 41 32 41 44 41 44 14 44 11 44 23 23 33 24 31 22 14 11 33 33 33
0 22 33 44 33 44 44 44 11 11 44 11 11 22 22 33 22 33 22 11 11 33 33 33
0 22 33 44 33 44 44 44 11 11 44 11 11 22 22 33 22 33 22 11 11 33 33 33
0 22 33 44 33 44 44 44 11 11 44 11 11 22 22 33 22 33 22 14 11 33 33 33
0 22 33 11 33 41 44 41 11 11 41 14 14 22 23 33 24 33 22 14 11 32 32 32
0 22 33 41 33 41 44 11 11 11 44 14 11 23 23 32 22 33 23 11 14 33 33 33
0 22 33 44 33 44 44 44 11 11 41 44 11 22 23 33 24 33 22 11 11 33 32 33
0 22 33 44 32 41 42 41 14 14 41 14 14 22 23 32 24 33 23 14 14 32 32 32
0 22 33 41 33 41 44 41 11 11 41 11 14 23 33 32 44 31 22 14 11 32 32 33
0 22 33 41 33 44 44 41 11 11 44 11 11 22 23 33 24 33 22 11 14 33 32 33
0 22 33 41 33 41 44 41 11 14 44 14 14 23 23 33 24 33 22 14 11 32 32 33
0 22 33 41 33 44 44 41 14 14 44 14 44 22 23 33 24 31 22 11 14 33 32 32
0 22 32 41 32 44 44 44 14 14 41 14 14 23 23 32 44 33 23 44 14 33 32 32
0 22 33 44 33 44 44 44 11 14 44 14 14 22 33 33 24 31 22 11 11 33 32 33
0 23 32 41 32 41 44 41 14 14 44 14 14 23 23 32 24 33 23 14 14 32 32 33
0 23 32 41 33 41 44 41 14 14 41 14 14 23 23 32 24 31 23 14 14 32 32 32
0 22 33 11 33 41 44 41 14 14 44 44 14 22 23 32 44 31 22 14 14 32 32 32
0 22 33 44 33 44 44 44 11 11 44 11 14 22 22 33 24 33 23 14 11 33 33 33
0 22 32 41 33 41 44 41 14 14 41 14 14 23 23 32 24 33 23 14 14 32 32 33
0 22 33 44 33 44 44 44 11 11 44 14 11 22 22 33 22 33 22 11 11 33 32 33
0 23 33 41 33 41 42 41 14 14 41 14 14 23 23 32 24 31 23 14 14 32 32 32
0 23 22 11 22 11 44 11 14 44 11 44 44 33 33 22 44 31 33 44 44 32 22 32
0 22 32 41 32 11 42 11 14 44 11 44 14 23 33 22 24 31 23 14 14 32 32 32
0 22 33 44 33 44 44 44 11 11 44 11 11 22 22 33 22 33 22 11 11 33 33 33
0 22 33 44 33 44 44 41 11 11 44 11 14 22 22 33 22 33 22 14 11 33 33 33
0 22 33 44 33 41 44 44 11 11 44 44 14 22 23 33 24 33 22 11 11 33 33 33
0 22 33 41 33 44 44 44 11 11 44 14 11 22 23 33 24 33 22 11 11 33 33 33
0 22 32 41 33 41 44 11 11 14 44 14 14 33 23 33 44 31 23 14 14 33 33 32
0 23 32 41 32 41 42 41 14 14 41 14 44 23 23 32 24 31 23 14 14 32 32 32
0 33 22 11 32 11 22 11 44 44 11 44 44 33 33 32 44 11 33 14 44 22 22 22
0 22 32 41 32 41 42 41 14 14 41 14 14 23 23 32 24 31 23 14 14 32 32 32
0 22 22 41 33 11 44 11 14 14 41 14 14 33 33 32 24 11 23 11 11 32 32 32
0 22 33 44 33 44 44 44 11 11 44 11 11 22 22 33 22 33 22 11 11 33 32 33
0 22 33 44 33 44 44 41 11 11 44 11 14 22 22 32 24 33 22 14 11 33 33 33
0 23 33 41 33 44 44 41 14 11 44 11 14 23 23 32 24 33 23 14 11 32 32 33
0 22 33 41 33 44 44 41 11 11 44 11 44 23 23 32 22 33 22 11 11 33 33 33
0 22 33 11 33 41 42 11 14 11 44 44 14 23 22 22 44 33 23 11 44 32 22 33
0 22 33 44 33 44 44 41 14 11 44 11 14 23 23 33 24 33 22 14 11 33 33 33
0 22 32 41 33 41 44 11 14 14 44 44 14 33 33 32 44 33 22 14 11 32 22 32
0 22 33 41 33 41 44 44 11 11 44 11 11 22 22 33 22 33 22 14 11 33 33 33
0 22 33 41 33 41 44 41 11 11 44 14 14 22 23 33 22 33 22 11 11 32 32 33
0 22 33 41 33 44 44 44 11 11 44 11 11 22 23 33 22 33 22 11 11 33 33 33
0 22 32 11 33 41 44 41 11 11 44 14 14 33 33 32 24 33 23 11 11 32 22 33
0 22 33 41 33 41 44 41 14 14 41 14 14 23 23 32 24 33 23 14 14 33 32 32
0 22 33 41 33 44 44 44 14 11 44 11 14 23 22 33 22 33 23 11 11 33 32 33
0 22 33 11 33 44 44 44 11 11 44 14 14 22 23 33 24 33 23 11 11 33 32 33
0 22 33 44 33 44 44 44 11 11 44 11 11 22 22 33 22 33 22 11 11 33 33 33
0 22 33 44 33 44 44 41 11 11 44 11 11 22 22 33 22 33 22 11 11 33 33 33
0 22 33 41 33 44 44 44 14 11 44 11 11 22 23 33 22 33 22 11 11 33 33 33
0 22 33 44 33 44 44 44 11 11 44 11 11 22 22 33 22 33 22 11 11 33 33 33
0 22 32 41 33 41 42 41 11 14 44 14 14 22 23 32 24 31 23 11 14 32 33 33
0 22 33 41 32 41 44 41 14 14 41 11 44 22 23 32 24 31 23 14 14 32 22 32
0 22 33 41 33 44 44 41 11 11 44 14 14 23 22 33 24 33 22 11 11 32 32 33
0 22 33 41 33 41 44 44 11 11 44 14 14 22 23 33 22 33 23 14 11 33 32 32
0 22 33 41 33 41 44 41 14 11 41 14 14 23 22 32 24 31 22 14 11 33 32 33
0 22 32 11 32 11 44 11 14 14 41 14 14 23 33 32 24 31 23 44 14 32 32 32
0 23 32 41 32 41 44 41 14 14 41 14 14 23 23 32 24 31 23 14 14 32 32 32
0 22 32 44 33 44 44 44 11 11 44 11 14 22 23 33 22 33 22 11 11 33 33 33
0 23 32 41 32 41 42 11 14 14 41 44 14 23 33 32 44 31 23 44 44 32 22 32
0 22 33 44 33 44 44 44 11 11 44 11 11 22 22 33 22 33 22 11 11 33 33 33
0 22 33 41 33 44 44 11 14 14 44 14 14 23 23 33 22 33 23 14 11 33 22 33
0 22 33 41 32 41 44 11 14 11 44 11 11 23 23 33 24 31 23 14 14 32 33 32
0 22 32 11 33 41 44 41 14 11 41 14 14 33 33 32 24 31 23 14 14 32 32 32
0 22 32 11 32 41 44 41 14 44 41 44 44 33 23 32 44 31 23 44 44 32 22 32
0 22 33 41 32 44 44 44 11 11 44 11 14 22 22 32 22 33 22 11 11 33 33 33
0 23 32 41 32 41 42 41 14 14 41 14 14 23 23 32 24 31 23 14 14 32 32 32
0 22 33 44 33 44 44 44 11 11 44 14 11 22 23 33 22 33 22 11 11 33 33 33
0 22 33 44 33 44 44 44 11 11 44 11 11 22 22 33 22 33 22 11 11 33 33 33
0 22 33 41 33 44 44 44 11 11 44 11 11 22 22 33 22 33 22 11 11 33 33 33
0 23 32 41 32 41 42 41 14 14 41 14 14 23 23 32 24 31 23 14 14 32 32 32
0 22 33 44 33 44 44 44 11 11 44 14 11 22 22 33 22 33 22 11 11 33 33 33
0 23 32 11 32 41 42 41 14 14 41 14 44 33 23 32 24 31 23 14 14 32 22 32
0 22 33 41 33 41 44 41 44 14 44 44 14 23 23 32 24 31 23 14 14 32 32 33
0 23 32 11 32 11 42 41 44 11 41 44 14 23 33 22 44 31 22 14 44 22 32 32
0 23 32 11 32 41 42 41 14 44 41 44 44 33 23 22 44 31 23 44 44 32 22 32
0 22 22 11 33 11 42 11 14 44 11 44 44 33 33 22 44 31 23 44 11 32 32 22
0 22 33 44 33 44 44 44 11 11 44 14 11 22 22 33 22 33 22 11 11 33 32 33
0 22 33 41 33 41 44 44 11 11 44 44 14 22 33 33 44 33 22 14 11 33 33 33
0 23 32 41 32 41 42 41 14 14 41 14 14 23 23 32 24 31 23 14 14 32 32 32
0 22 33 44 33 44 44 41 11 11 44 14 11 22 22 33 22 33 22 11 11 33 33 33
0 22 32 41 33 41 44 41 14 11 41 14 14 22 23 32 24 31 23 14 14 32 32 33
0 22 33 11 33 41 42 41 44 14 44 44 44 22 33 32 44 31 23 44 11 32 22 32
0 22 32 41 33 41 44 41 14 14 41 44 14 23 23 32 24 31 23 14 11 33 32 33
0 22 32 11 22 41 42 41 44 44 11 44 44 33 23 22 44 31 33 44 14 22 22 32
0 22 33 41 33 44 44 44 14 11 44 11 14 22 23 33 24 33 22 14 11 33 32 32
0 23 32 41 32 41 44 41 14 14 41 14 14 23 23 32 24 31 23 14 14 32 32 32
0 22 33 11 32 44 44 41 14 11 41 14 14 33 33 32 24 31 23 44 14 32 32 32
0 22 33 44 33 41 44 11 11 11 44 11 14 22 33 33 24 33 23 14 14 32 32 33
0 22 33 44 33 41 44 41 11 14 44 14 14 22 23 32 22 33 22 14 14 32 33 33
0 22 33 44 33 44 44 44 11 11 44 11 44 22 23 33 24 33 22 11 11 33 33 33
0 22 33 44 33 44 44 44 11 11 44 11 14 22 22 33 22 33 22 14 11 33 33 33
0 22 33 44 33 44 44 44 11 11 44 11 11 22 22 33 22 33 22 11 11 33 33 33
0 23 22 11 32 11 22 11 44 44 11 44 44 33 33 22 44 11 33 44 44 22 22 32
0 23 32 41 32 41 44 41 14 14 41 14 14 33 23 32 24 33 23 14 14 32 22 32
0 22 33 44 33 44 44 44 11 11 44 11 11 22 22 33 22 33 22 11 11 33 33 33
0 22 33 44 33 44 44 44 11 11 44 14 14 22 23 33 22 33 22 11 11 33 33 33
0 22 33 44 33 44 44 44 14 11 44 11 11 22 22 33 24 33 22 11 11 33 33 33
0 22 32 44 33 44 42 41 14 11 41 14 14 23 23 33 24 33 23 14 14 32 32 33
0 23 22 41 32 11 22 11 14 44 11 44 44 33 33 22 44 11 33 44 44 22 22 32
0 22 33 44 33 41 44 44 14 11 44 14 44 23 23 32 22 33 23 44 14 32 33 33
0 23 22 11 33 41 22 11 14 14 11 44 44 33 23 22 44 11 33 44 14 22 22 22
0 22 33 44 33 44 44 44 11 11 44 11 14 22 22 33 22 33 22 11 11 33 33 33
0 22 32 41 33 44 44 44 11 11 44 11 14 23 23 33 22 33 23 11 11 33 33 33
0 23 32 41 32 41 44 41 14 14 41 14 14 33 33 32 24 31 23 14 14 32 32 32
0 22 33 44 33 44 44 44 11 11 44 11 14 22 22 33 22 33 22 14 11 33 33 33
0 22 33 41 33 41 44 41 11 11 44 14 14 23 23 33 24 31 23 14 11 33 32 33
0 22 33 44 33 44 44 44 11 11 44 14 11 23 23 33 22 31 22 11 11 32 32 32
0 22 32 41 32 44 42 41 14 14 44 11 14 23 33 32 24 33 22 44 14 33 32 33
0 23 32 11 33 11 44 11 14 44 41 44 14 23 23 22 44 31 33 14 14 32 33 32
0 22 33 11 32 44 44 11 14 11 41 44 44 23 33 22 24 31 33 11 14 33 22 33
0 22 33 44 33 44 44 44 14 11 44 11 14 22 23 33 24 33 22 11 11 33 33 33
0 22 33 41 33 44 44 44 14 11 41 14 14 23 23 32 24 33 22 11 11 32 32 33
0 22 32 41 32 11 44 41 14 14 44 44 14 33 23 32 24 31 23 14 44 32 22 33
0 22 33 41 33 41 42 41 11 14 44 11 14 23 23 32 24 31 22 14 11 32 33 33
0 22 33 44 33 44 44 41 11 11 44 14 14 22 22 33 22 33 22 14 11 33 33 33
0 22 32 41 33 41 44 41 44 11 44 14 11 22 23 32 24 31 23 14 14 33 32 33
0 22 33 11 33 41 44 11 14 11 44 14 14 22 23 32 24 33 22 14 14 33 33 33
0 22 32 41 33 44 44 41 11 11 44 14 11 22 23 32 24 33 23 14 11 32 32 33
0 23 32 41 32 41 42 41 14 14 41 14 14 23 23 32 24 33 23 14 14 32 32 32
0 22 33 41 33 44 44 44 14 11 44 14 14 22 23 33 24 31 22 14 14 33 33 33
0 22 33 44 33 44 44 41 11 11 44 14 14 22 23 32 22 33 22 14 11 33 32 33
0 33 33 41 32 41 42 11 44 14 11 44 44 23 33 22 44 31 23 44 44 32 32 32
0 23 32 11 32 41 42 41 14 44 41 14 14 33 23 32 24 11 23 14 14 32 32 32
0 22 22 41 32 11 42 11 44 44 11 14 44 23 33 32 44 33 23 44 44 32 22 33
0 22 33 44 33 44 44 44 11 11 44 14 11 22 23 33 24 33 23 11 11 33 33 33
0 22 33 41 33 44 44 44 11 11 44 11 14 22 23 32 22 33 23 14 11 32 33 33
0 22 33 41 33 11 44 41 14 14 41 14 44 33 23 33 24 31 23 14 14 32 22 33
0 22 32 11 32 11 42 11 14 14 41 14 14 23 23 32 44 31 23 14 14 32 32 33
0 22 33 41 33 44 44 44 14 11 44 14 11 22 22 33 22 33 22 11 11 33 33 33
0 22 33 11 32 41 42 44 11 11 44 14 44 23 33 22 44 31 23 44 14 32 22 33
0 22 32 44 32 11 44 41 11 11 44 14 14 23 23 33 24 33 22 44 11 32 32 32
0 22 33 41 33 41 44 44 14 14 41 14 14 23 23 32 24 31 23 14 14 32 33 33
0 22 33 11 32 41 44 41 11 11 41 14 44 23 33 32 24 33 22 14 14 32 32 32
0 22 33 11 22 41 44 41 11 11 44 14 44 23 33 32 44 31 22 44 11 32 32 33
0 22 32 41 33 41 44 41 14 14 41 44 14 33 33 32 44 31 33 14 14 33 32 33
0 22 32 41 33 44 42 44 14 14 44 14 14 23 23 32 22 31 22 14 14 32 32 33
0 22 33 44 33 44 44 41 11 11 41 11 11 22 23 33 22 31 22 14 11 32 32 33
0 22 33 11 32 41 44 11 14 11 41 11 14 23 33 32 24 33 22 14 14 32 32 33
0 22 33 41 33 41 44 44 14 11 44 14 14 22 22 33 24 33 22 14 14 33 32 32
0 22 32 44 32 44 44 44 11 11 44 14 14 22 23 32 44 31 23 14 11 32 32 33
0 22 33 11 33 44 44 41 11 14 44 14 14 33 23 33 24 33 22 44 11 33 32 33
0 22 33 44 33 44 44 44 11 11 44 11 11 22 22 33 22 33 22 11 11 33 33 33
0 23 32 41 32 41 42 41 14 14 44 14 14 23 23 32 24 31 23 14 11 32 32 32
0 22 32 44 33 44 44 41 11 11 44 14 11 23 23 32 24 33 22 11 11 33 32 32
0 23 32 41 33 41 42 41 14 14 41 14 14 23 23 32 24 31 23 14 14 32 32 32
0 22 33 44 33 44 44 41 11 11 44 14 11 22 22 33 24 33 22 11 11 33 33 33
0 23 22 11 22 11 42 11 44 44 11 44 44 33 33 32 44 11 23 44 14 22 32 22
0 22 33 44 33 44 44 44 11 11 44 11 11 22 23 33 22 33 22 11 11 33 33 32
0 23 22 11 33 11 22 11 44 14 44 44 44 33 33 22 44 31 33 44 14 22 22 22
0 22 33 44 33 41 44 44 14 11 44 11 11 23 22 33 22 33 22 11 11 33 33 33
0 22 33 41 33 44 44 41 14 14 44 14 11 23 23 32 24 31 22 14 14 33 32 33
0 22 33 44 33 44 44 44 11 11 44 11 11 22 22 33 22 33 22 11 11 33 32 33
0 22 32 41 32 41 42 41 14 14 44 14 44 23 23 33 24 31 23 14 11 32 32 32
0 22 33 44 33 41 44 41 11 11 44 11 44 23 33 33 24 33 23 14 11 32 32 32
0 22 32 44 33 44 44 44 11 11 44 14 14 23 23 33 22 33 22 14 11 33 33 33
0 23 22 11 32 11 42 11 44 44 11 44 44 23 33 32 44 11 33 44 11 22 32 32
0 22 33 41 32 41 44 44 14 14 44 14 11 23 23 32 24 33 23 14 11 33 32 33
0 22 22 11 32 11 44 11 44 14 44 44 44 33 33 32 44 33 23 44 14 32 32 32
0 22 33 41 33 44 44 41 11 11 41 14 14 22 23 32 24 31 23 14 14 33 32 32
0 22 33 11 33 41 44 11 44 11 44 14 14 23 33 32 44 33 22 14 14 32 22 32
0 22 33 44 33 44 44 44 11 11 44 11 11 22 22 33 24 33 22 11 11 33 32 33
0 22 33 41 33 44 44 44 11 14 44 11 11 22 23 33 22 33 22 11 11 33 33 33
0 22 33 41 33 44 44 44 14 11 44 11 14 23 22 33 24 33 22 11 11 33 32 32
0 22 32 44 33 44 44 41 11 11 41 14 11 22 23 33 24 33 22 11 11 33 32 33
0 22 32 41 32 41 42 41 14 14 41 14 14 23 33 32 24 31 23 14 14 33 33 33
0 22 33 41 33 44 44 44 11 11 44 14 44 22 22 33 22 33 22 11 11 33 33 33
0 22 33 41 33 41 44 41 11 11 41 14 11 22 23 33 24 31 23 11 11 33 32 33
0 22 33 44 33 44 44 41 14 14 44 14 14 23 22 33 22 31 22 14 14 33 32 33
0 22 33 44 33 44 44 44 11 11 44 11 11 22 22 33 22 33 22 11 11 33 33 33
0 22 33 41 33 41 44 41 14 14 41 14 14 23 23 33 24 33 22 14 14 33 32 32
0 22 32 11 33 41 44 44 11 14 44 44 44 23 33 32 44 33 23 44 14 33 33 33
0 22 33 44 33 44 44 41 11 11 44 14 11 22 22 33 22 33 22 11 11 33 33 33
0 22 32 41 33 41 44 41 11 11 44 14 14 22 22 32 24 31 23 14 11 33 32 33
0 22 33 44 33 11 44 41 14 11 44 14 44 23 33 32 24 33 22 14 11 32 32 32
0 22 32 44 33 44 44 41 11 11 41 14 14 22 23 33 24 33 22 11 11 33 33 33
0 23 22 11 32 11 22 11 44 14 11 44 44 33 33 22 44 11 23 44 14 32 22 22
0 22 33 44 33 44 44 44 11 11 44 11 11 22 22 33 22 33 22 11 11 33 33 33
0 22 33 41 33 44 44 41 14 11 44 14 14 22 22 33 22 33 22 14 11 33 32 33
0 33 22 11 32 11 42 11 44 44 41 44 44 33 33 22 44 11 23 44 14 32 22 32
0 22 32 41 33 41 42 41 14 14 41 14 14 23 23 33 24 31 23 14 14 32 32 32
0 22 33 44 33 44 44 44 14 11 44 44 14 22 23 33 22 33 22 11 11 33 33 33
0 23 32 41 33 41 44 41 14 11 41 14 14 23 23 32 24 31 23 14 14 32 32 32
0 23 32 41 32 41 42 41 14 14 41 14 14 23 23 32 24 31 23 14 14 32 32 32
0 22 32 41 33 41 42 41 14 14 41 14 14 23 23 32 24 31 23 14 14 32 32 33
0 22 33 41 33 41 44 41 11 11 41 14 44 23 23 32 22 33 22 14 14 32 32 32
0 22 33 41 33 41 44 44 14 11 44 44 14 23 23 33 24 33 22 14 11 33 32 33
1 22 32 11 32 41 42 41 14 14 41 44 44 23 23 22 24 31 23 14 14 32 32 32
1 23 32 41 32 41 44 41 11 14 44 14 14 23 23 32 24 31 23 14 14 32 32 32
1 22 33 11 33 44 44 11 14 11 41 14 14 23 33 32 24 31 22 44 11 32 32 33
1 22 32 11 33 44 44 11 14 14 11 14 14 23 33 32 24 33 22 14 11 33 22 33
1 22 33 11 32 44 44 11 14 11 44 14 11 23 23 32 24 33 23 11 11 33 33 33
1 23 32 41 32 41 42 41 14 14 41 14 44 33 23 32 44 31 23 14 14 32 22 32
1 22 33 41 33 41 44 41 14 11 44 44 44 22 23 33 24 31 23 14 11 33 22 33
1 22 33 41 33 41 44 44 11 11 44 44 11 22 22 33 22 33 22 14 14 32 33 33
1 22 32 41 33 41 42 11 14 14 41 44 14 23 23 32 24 31 23 44 14 32 32 32
1 22 33 11 32 11 44 41 14 14 41 14 44 33 33 22 44 33 23 44 11 32 32 33
1 23 32 11 32 41 42 11 44 44 41 44 44 33 33 22 44 31 33 14 14 22 22 22
1 22 33 44 33 41 44 41 11 11 44 11 14 22 22 32 24 31 22 14 11 32 32 33
1 22 32 41 33 41 44 41 11 14 44 44 14 23 23 32 24 33 23 14 14 33 32 32
1 22 33 44 33 44 44 44 11 11 44 11 11 22 22 33 22 33 22 11 11 33 33 33
1 22 33 44 33 44 44 44 11 11 44 11 11 22 22 33 22 33 22 11 11 33 33 33
1 22 32 41 33 41 44 41 14 14 41 14 14 23 23 32 22 31 23 14 11 32 32 33
1 22 32 41 33 44 44 44 11 11 44 11 11 23 22 32 44 33 22 14 11 33 33 33
1 22 33 44 33 44 44 44 11 11 44 14 11 22 22 33 24 33 22 14 11 33 33 33
1 22 33 44 33 44 44 44 11 11 44 11 11 22 22 33 22 33 22 11 11 33 33 33
1 22 33 44 33 41 44 41 11 11 44 14 14 22 23 33 44 33 22 11 14 33 32 33
1 22 33 44 33 44 44 44 11 11 44 11 11 22 22 33 22 33 22 11 11 33 33 33
1 22 33 41 33 41 44 11 14 11 44 11 14 23 22 33 24 33 22 14 11 33 33 33
1 22 32 41 33 41 44 11 11 14 44 44 44 33 33 22 24 33 23 14 11 32 32 33
1 22 32 41 32 41 42 11 14 14 41 14 44 33 23 22 44 31 23 14 14 32 32 33
1 22 33 41 33 44 44 44 14 11 44 14 11 22 23 33 24 31 23 14 11 33 33 33
1 22 32 41 33 41 42 41 44 14 41 44 44 23 33 32 24 33 23 44 14 32 22 32
1 22 33 44 33 44 44 44 11 11 44 14 11 22 22 33 22 33 22 11 11 33 32 33
1 22 33 44 33 44 44 44 11 11 44 11 11 22 22 33 22 33 22 11 11 33 33 33
1 22 32 41 32 41 42 41 11 11 41 14 14 33 23 32 24 31 23 14 14 32 32 32
1 22 32 41 33 41 44 41 14 14 44 14 14 23 23 32 24 31 23 14 14 32 32 32
1 22 33 41 32 11 44 11 14 14 44 44 44 22 23 33 24 33 23 14 11 33 32 33
1 23 32 41 32 41 42 11 14 14 44 14 14 23 23 32 44 31 23 44 14 32 32 32
1 22 32 41 32 41 42 41 14 14 41 14 14 23 23 32 24 31 23 14 14 32 32 33
1 22 33 44 33 44 44 44 11 11 44 11 11 22 22 33 22 33 22 11 11 33 33 33
1 23 22 11 22 11 22 11 44 44 11 44 44 33 33 22 44 11 33 44 44 22 22 32
1 22 33 44 33 44 44 44 11 11 44 11 11 22 22 33 22 33 22 11 11 33 33 33
1 22 33 44 33 44 44 44 11 11 44 11 11 22 22 33 22 33 22 11 11 33 33 33
1 22 32 41 33 41 44 41 14 11 44 14 14 22 23 32 24 33 23 14 14 32 33 33
1 22 33 44 33 44 44 41 11 11 41 11 14 22 23 33 22 33 23 14 11 33 33 33
1 23 22 41 32 41 22 11 44 44 41 44 14 33 33 22 24 31 23 44 44 32 22 22
1 22 33 41 32 11 44 11 14 14 41 44 44 23 23 33 24 33 33 44 14 22 32 32
1 22 33 11 33 41 44 41 14 11 44 14 44 23 33 32 22 31 23 44 14 33 22 33
1 22 33 11 32 41 42 41 14 11 44 44 14 23 23 32 44 33 23 44 44 32 32 33
1 23 32 11 32 41 42 41 14 14 41 14 44 23 23 33 24 31 23 14 11 32 32 33
1 22 32 41 33 44 44 41 11 11 44 14 11 22 33 33 24 33 22 11 11 33 32 33
1 22 32 41 33 41 44 44 14 11 44 14 14 23 23 32 24 31 23 14 11 33 32 32
1 22 33 44 33 44 44 44 11 11 44 11 11 22 23 33 24 33 23 14 11 33 33 33
1 22 22 11 22 44 44 11 14 14 41 44 44 33 33 22 44 31 33 14 14 22 22 22
1 22 32 41 33 41 44 41 14 14 41 14 14 23 23 33 24 33 23 14 14 32 32 32
1 22 33 44 33 44 44 41 14 11 41 14 14 22 33 33 24 33 23 14 11 33 22 33
1 22 33 44 33 44 44 44 11 11 44 11 11 22 22 33 22 33 22 11 11 33 33 33
1 22 33 44 32 41 44 41 14 11 41 14 14 23 23 33 24 31 22 14 14 33 32 32
1 22 33 41 33 44 44 41 11 11 44 11 14 22 22 33 24 33 22 11 11 32 32 33
1 22 33 44 33 44 44 44 11 11 44 14 11 23 22 32 24 33 22 11 14 33 33 33
1 22 33 44 33 44 44 44 11 11 44 11 11 22 22 33 22 33 22 11 11 33 33 33
1 23 33 11 33 11 44 11 44 44 41 44 44 33 33 22 44 31 33 44 14 22 22 32
1 22 32 11 32 41 42 11 44 44 41 14 44 33 33 32 44 31 33 44 44 22 22 32
1 22 33 44 33 44 44 44 11 11 44 14 14 22 22 32 24 33 22 11 11 32 32 33
1 22 32 44 32 44 44 41 11 11 44 14 14 23 23 33 24 31 23 14 11 33 32 33
1 22 33 44 33 44 44 44 11 11 44 11 14 22 22 33 22 33 22 11 11 33 33 33
1 22 33 44 33 44 44 44 11 11 44 11 11 22 22 33 22 33 22 11 11 33 33 33
1 22 32 44 33 41 44 41 14 11 44 14 14 22 23 32 24 31 23 14 11 33 33 33
1 22 32 41 32 41 44 41 14 14 41 44 14 23 23 32 24 31 23 14 14 33 22 32
1 22 33 44 33 44 44 41 11 11 44 11 14 22 22 33 22 33 22 11 14 33 33 33
1 22 33 44 33 44 44 44 14 11 44 11 14 23 22 33 22 33 22 11 11 33 33 33
1 22 33 44 33 44 44 44 11 11 44 11 14 22 22 33 24 33 22 14 11 33 33 33
1 23 22 11 22 11 42 11 44 14 41 44 44 33 33 22 44 31 23 44 44 22 22 22
1 23 32 11 32 41 42 41 14 14 41 44 44 23 23 32 24 31 33 14 14 22 22 32
1 22 33 44 33 44 44 44 11 11 44 11 11 22 22 33 24 33 22 11 11 33 33 33
1 22 32 41 32 11 42 41 14 14 44 44 14 23 33 32 24 31 23 44 14 32 32 32
1 22 32 41 32 41 42 41 14 14 41 14 14 23 23 32 24 31 23 14 14 32 32 32
1 22 32 44 33 41 42 44 11 14 44 14 14 23 22 33 24 33 22 14 14 33 32 33
1 22 33 44 33 44 44 44 11 11 44 11 11 22 22 33 22 33 22 11 11 33 33 33
1 22 33 44 33 41 44 41 14 11 44 14 14 22 22 33 24 33 22 14 11 33 33 33
1 22 33 44 33 44 44 44 11 11 44 11 11 22 22 33 22 33 22 11 11 33 32 33
1 22 33 41 33 44 44 41 14 11 44 14 14 23 22 32 24 31 22 11 11 33 33 33
1 22 32 41 32 41 44 41 14 14 41 14 14 22 23 32 24 31 23 14 14 32 32 33
1 23 22 11 33 11 42 11 44 14 41 44 14 33 33 22 44 11 23 44 14 32 22 32
1 22 33 44 33 41 44 44 11 11 44 11 11 23 22 33 24 33 22 14 11 33 33 33
1 23 22 11 22 41 42 11 14 44 11 44 14 33 33 32 44 11 33 44 44 22 22 32
1 22 32 41 32 44 44 44 14 14 41 11 14 23 23 33 24 33 22 14 14 33 32 33
1 22 33 44 33 41 44 44 11 11 44 11 11 22 22 33 22 33 22 14 11 33 32 33
1 22 32 41 32 44 44 41 14 14 44 14 14 23 23 32 24 31 22 14 14 32 32 33
1 23 32 41 33 44 42 41 14 14 44 14 14 22 23 32 24 31 23 14 14 33 32 32
1 22 33 44 33 44 44 44 11 11 44 11 11 22 33 33 22 33 22 11 11 33 32 33
1 22 32 41 32 44 44 41 14 14 41 14 11 23 23 32 44 31 22 14 14 32 32 33
1 22 32 41 33 41 44 41 14 14 41 14 14 23 23 32 24 31 22 14 14 32 32 32
1 22 33 41 33 44 44 44 11 11 44 11 14 22 22 33 22 33 22 14 14 33 33 33
1 22 32 41 33 44 42 41 11 14 41 14 14 22 23 32 24 33 23 14 11 32 33 33
1 23 33 41 33 41 44 11 11 14 41 14 14 22 23 32 24 33 23 14 14 33 33 33
1 22 32 41 33 41 44 41 14 11 44 11 11 22 23 33 24 33 22 14 11 33 33 33
1 22 33 41 33 44 44 41 11 14 41 44 14 22 23 32 24 31 22 14 11 33 32 32
1 22 33 41 33 44 44 44 14 14 41 14 14 22 23 33 24 33 23 14 11 33 32 33
1 23 32 41 32 41 44 41 14 14 41 44 14 23 23 32 24 31 23 14 11 32 22 32
1 23 32 41 32 41 42 41 14 14 41 14 14 23 23 32 24 31 23 14 14 32 32 32
1 22 33 44 33 44 44 44 11 11 44 11 14 22 23 33 22 33 22 11 11 33 33 33
1 22 33 44 33 44 44 44 11 11 44 14 11 22 23 32 24 33 22 11 11 33 33 33
1 23 32 41 32 41 42 41 14 14 41 14 14 23 23 32 24 33 23 14 14 33 32 32
1 22 33 44 33 44 44 44 11 11 44 14 14 22 22 32 22 33 22 11 11 33 33 33
1 22 33 41 33 41 44 44 14 11 44 11 14 23 23 32 24 31 22 14 14 32 32 32
1 22 33 41 33 44 44 11 14 11 44 14 44 23 33 33 24 31 23 14 11 32 32 33
1 23 33 11 33 44 44 11 11 14 44 14 11 23 22 33 44 33 23 11 11 33 32 33
1 23 32 11 22 11 42 11 14 44 11 44 44 23 33 22 44 33 33 44 44 22 22 22
1 22 33 41 33 41 44 41 14 11 44 14 14 33 22 33 24 31 23 14 11 33 32 33
1 22 32 41 32 41 44 41 14 11 41 14 11 23 23 33 24 31 23 44 11 32 32 32
1 22 32 11 32 41 44 11 14 14 41 14 14 23 33 32 44 31 23 14 14 32 32 32
1 22 33 44 33 44 44 44 11 11 44 11 11 22 22 33 22 33 22 11 11 33 33 33
1 22 32 41 33 44 44 41 11 14 41 14 14 23 23 32 24 31 23 14 11 33 32 33
1 22 32 41 33 44 44 44 14 11 44 11 14 23 22 33 22 33 22 11 11 33 32 33
1 22 33 41 33 41 44 44 14 11 44 14 14 22 22 33 24 33 22 11 11 32 33 33
1 22 22 11 22 41 42 11 14 14 41 44 44 33 33 32 44 11 23 44 14 22 22 22
1 22 33 44 33 44 44 44 11 11 44 11 11 22 22 33 22 33 22 11 11 33 33 33
1 22 33 44 33 44 44 44 11 11 44 11 14 22 22 33 22 33 22 11 11 33 33 33
1 22 33 44 33 44 44 44 11 11 44 11 11 22 22 33 22 33 22 11 11 33 33 33
1 23 32 41 32 41 42 41 14 14 41 14 14 23 23 32 24 31 23 14 14 32 32 32
1 22 33 44 33 44 44 44 11 11 44 11 11 22 22 33 22 33 22 11 11 33 33 33
1 22 33 41 33 44 44 41 11 11 44 14 11 22 22 33 24 33 22 11 14 33 33 33
1 22 32 41 32 41 44 41 14 44 44 14 14 23 33 32 24 31 23 14 14 32 32 33
1 22 33 41 33 44 42 41 14 11 44 14 44 22 33 33 24 33 22 44 11 33 32 33
1 22 33 44 33 44 44 44 11 11 44 11 11 22 22 33 22 33 22 11 11 33 33 33
1 22 33 44 33 44 44 41 14 11 41 14 11 22 22 33 44 33 22 11 11 33 32 33
1 22 32 11 33 44 44 41 14 11 41 14 14 23 23 32 24 31 23 14 11 33 32 33
1 22 33 41 33 41 44 44 11 11 44 11 14 22 23 33 24 31 22 11 11 33 32 33
1 22 22 41 33 41 44 41 11 14 41 44 14 23 23 32 24 31 33 14 11 22 32 32
1 22 33 44 33 44 44 44 11 11 44 14 11 22 22 33 22 33 22 11 11 33 33 33
1 22 33 44 33 44 44 44 11 14 44 11 11 22 22 33 22 33 23 11 11 33 33 33
1 23 22 41 32 11 42 11 44 44 11 14 44 33 33 32 44 11 33 44 44 32 22 22
1 22 32 11 33 41 44 11 44 14 41 44 44 23 33 32 44 11 33 44 14 22 22 33
1 22 32 41 33 41 42 41 14 14 41 14 14 23 23 32 24 31 23 14 14 32 32 32
1 23 32 41 32 41 44 41 14 14 41 14 14 23 23 32 24 31 33 44 14 32 32 32
1 22 32 44 32 44 44 41 14 44 41 44 14 23 23 32 24 33 23 14 14 32 32 33
1 22 32 41 33 44 44 41 11 11 44 44 14 23 23 33 22 33 23 11 11 33 32 33
1 22 33 44 33 44 44 44 11 11 44 11 11 22 22 33 22 33 22 11 11 33 33 33
1 23 32 41 32 41 42 41 14 14 41 14 14 23 23 32 24 31 23 14 14 32 32 32
1 22 32 41 33 44 44 41 14 14 41 14 14 23 23 32 24 31 23 14 14 32 32 33
1 22 33 41 33 41 44 41 14 14 44 14 14 23 23 33 24 31 23 14 11 33 32 33
1 22 33 41 33 11 44 11 14 44 44 44 14 22 33 32 44 33 22 44 14 22 32 33
1 23 32 41 32 41 42 41 14 14 44 14 14 23 23 32 24 31 23 14 14 32 32 32
1 22 33 44 33 44 44 44 11 11 44 14 11 22 22 33 24 33 22 11 11 33 33 33
1 22 32 41 33 41 42 41 14 11 44 14 14 23 23 32 24 31 22 14 11 32 32 33
1 22 32 41 32 41 42 41 14 14 41 14 14 23 23 32 44 31 22 14 14 32 32 33
1 33 22 11 22 41 42 11 44 44 41 44 44 33 33 22 44 11 23 44 44 32 22 32
1 22 32 41 33 44 44 41 14 11 44 44 11 23 23 32 22 33 22 14 14 32 32 33
1 22 33 44 33 44 44 44 11 11 44 11 14 22 22 33 22 33 22 11 11 33 33 33
1 22 32 41 33 41 44 44 11 11 44 14 14 22 22 33 44 31 22 44 14 33 32 33
1 22 32 41 32 11 42 11 14 44 11 44 44 33 33 22 44 31 33 44 14 32 32 32
1 23 32 41 33 41 42 41 14 14 44 14 14 23 23 32 24 31 23 14 14 32 32 32
1 22 33 41 33 41 44 44 14 14 44 44 14 22 33 33 24 33 22 14 11 32 32 32
1 22 33 41 33 41 44 41 14 11 44 14 14 23 23 22 44 31 22 14 11 33 33 32
1 23 33 41 32 41 44 41 14 14 41 14 14 23 23 32 24 31 23 14 14 32 32 33
1 22 33 41 33 41 44 41 14 14 41 14 14 22 33 32 44 33 23 11 11 32 33 33
1 22 33 44 33 44 44 41 14 11 44 14 11 22 22 32 24 33 22 14 11 33 33 33
1 22 32 44 33 44 44 44 11 11 44 11 11 22 22 33 24 33 22 11 11 33 32 33
1 33 22 11 22 11 22 11 44 44 11 44 44 33 33 22 44 11 33 44 44 22 22 32
1 22 33 41 33 44 44 44 11 11 44 14 14 22 22 33 22 33 22 14 11 33 33 33
1 23 32 41 32 41 44 41 14 11 41 14 14 23 23 32 24 31 23 14 14 32 32 32
1 22 33 41 33 44 44 44 11 11 44 14 14 23 23 32 22 33 22 14 11 33 33 33
1 22 33 41 33 44 44 44 11 11 44 11 14 22 23 33 24 33 22 11 11 33 33 33
1 22 33 41 33 41 44 41 44 11 44 14 14 23 23 32 44 31 22 14 14 32 32 33
1 22 33 44 33 44 44 44 11 11 44 11 11 22 22 33 24 33 22 11 11 33 33 33
1 22 33 41 33 44 44 41 11 11 44 14 14 22 23 32 22 33 22 14 11 33 32 33
1 23 32 41 32 41 42 41 14 14 41 14 14 23 23 32 24 31 23 14 14 32 32 32
1 22 33 41 33 44 44 41 11 14 44 11 14 23 23 33 24 33 22 11 14 32 32 32
1 22 22 11 33 11 44 11 11 11 41 44 14 33 33 22 24 33 22 14 14 33 32 32
1 22 33 41 33 44 44 41 14 11 44 14 11 22 33 33 22 33 22 11 11 32 32 33
1 22 33 44 33 44 44 41 11 11 44 11 11 22 23 33 22 33 22 14 11 33 33 33
1 23 32 41 32 41 42 41 14 14 41 14 14 23 23 32 24 31 23 14 14 32 32 32
1 22 33 44 33 44 44 44 11 11 44 14 11 22 22 33 22 33 22 11 11 33 33 33
1 22 33 44 33 44 44 41 11 11 44 14 11 22 22 33 22 33 23 14 11 33 32 33
1 23 33 41 32 44 42 41 11 14 41 14 14 23 23 32 24 31 22 14 11 32 33 33
1 22 33 41 33 41 44 41 14 14 41 14 14 23 23 32 24 33 23 14 14 33 32 33
1 22 33 44 33 44 44 44 11 11 44 11 11 22 22 33 22 33 22 11 11 33 33 33
1 22 33 11 33 41 44 41 11 11 44 44 14 22 22 33 22 33 22 14 11 33 33 33
1 22 33 41 33 44 44 41 14 11 44 14 11 22 22 32 44 33 22 11 11 33 32 33
1 22 33 44 33 44 44 41 11 14 44 14 14 22 23 33 22 33 22 14 11 33 33 33
1 22 32 11 32 44 44 41 14 14 41 14 44 23 33 32 24 31 22 14 11 33 22 33
1 23 32 41 32 41 42 41 14 14 41 14 14 23 33 32 24 31 23 14 14 32 32 32
1 23 32 11 32 41 42 41 14 44 41 44 44 23 33 32 24 11 33 14 14 32 22 32
1 22 33 44 33 44 44 44 11 11 44 11 11 22 22 33 22 33 22 11 11 33 33 33
1 22 33 41 33 44 44 44 14 11 44 14 11 23 23 32 24 33 23 11 11 33 32 33
1 22 33 44 33 44 44 44 11 11 44 11 11 23 22 33 22 33 22 11 11 33 32 33
1 22 33 44 33 41 44 41 11 14 44 14 11 23 33 32 24 33 22 11 11 33 32 33
1 22 33 44 33 44 44 44 11 11 44 11 14 22 22 32 24 33 23 14 11 33 33 32
1 22 33 41 33 44 44 44 14 11 41 11 14 23 23 33 24 33 23 11 11 32 33 33
1 23 32 11 32 11 42 11 44 14 11 14 44 33 33 32 24 31 23 14 44 22 22 32
1 22 33 44 33 44 44 44 11 11 44 11 11 22 22 33 24 33 22 11 11 33 33 33
1 22 32 44 33 41 44 41 11 11 44 14 11 22 22 32 24 33 23 14 14 33 32 33
1 23 22 11 22 41 42 11 44 44 41 44 44 33 33 32 44 31 33 44 44 22 22 22
1 23 32 41 33 44 44 41 14 11 41 44 11 22 22 33 44 33 23 14 14 33 32 33
1 22 32 11 33 11 42 11 44 44 41 44 44 33 33 22 44 31 23 14 11 22 22 32
1 22 32 11 32 41 42 11 44 44 11 44 44 33 23 22 44 11 33 44 44 22 22 33
1 33 22 11 22 11 42 11 44 44 11 44 44 33 33 22 44 11 33 44 14 22 22 22
1 22 33 44 33 44 44 44 11 11 44 11 11 22 22 33 22 33 22 11 11 33 33 33
1 22 33 41 32 41 42 41 14 14 41 14 14 23 23 32 24 31 23 14 14 32 32 32
1 22 33 44 33 44 44 44 11 11 44 11 11 22 22 32 44 33 22 11 11 33 33 33
1 22 32 44 32 11 44 11 14 14 41 14 44 23 23 32 24 31 33 11 14 33 22 32
1 23 32 41 32 41 44 41 14 14 41 14 14 23 23 32 24 31 23 14 14 32 32 32
1 22 33 44 33 44 44 41 11 11 44 11 11 22 22 33 22 33 22 11 11 33 33 33
1 23 33 41 33 44 42 41 11 14 44 14 44 33 22 33 24 33 23 14 14 33 33 33
1 22 32 11 33 41 44 11 14 11 44 44 14 33 33 33 44 33 23 14 44 32 22 32
1 22 33 41 33 41 44 44 11 14 44 14 14 23 23 32 22 31 23 14 14 33 32 33
1 22 32 44 33 44 44 44 11 11 44 11 11 22 22 33 22 33 22 11 11 33 33 33
1 23 33 41 32 41 44 41 14 14 41 14 14 22 23 33 24 31 22 14 14 33 32 33
1 22 33 44 33 44 44 44 11 11 44 11 11 22 23 33 22 33 22 11 11 33 33 33
1 22 33 41 33 44 44 44 11 11 44 11 14 33 22 33 22 33 22 11 11 33 33 33
1 22 32 41 33 41 44 41 14 11 41 14 14 22 23 32 22 31 22 11 14 33 32 33
1 23 22 41 32 41 42 11 44 44 41 44 44 33 33 32 44 31 33 44 14 22 22 22
1 22 33 44 33 44 44 44 11 11 44 11 11 22 23 33 22 33 22 11 11 33 33 33
1 23 32 41 32 41 42 41 14 14 41 14 14 23 23 32 24 31 23 14 14 32 32 32
1 22 33 44 33 44 44 44 11 11 44 11 11 22 22 33 22 33 22 11 11 33 33 33
1 22 33 11 32 41 44 41 14 14 44 44 44 23 23 32 44 31 23 44 14 32 22 33
1 22 33 44 33 44 44 41 11 11 44 14 11 22 22 33 22 33 22 11 11 33 33 33
1 22 33 41 33 44 44 44 11 11 44 11 11 22 22 33 24 31 22 11 11 32 33 32
1 22 33 44 33 44 44 41 11 11 44 14 11 22 22 33 22 33 22 11 11 33 32 33
1 22 33 41 32 41 44 41 11 14 44 14 14 23 23 32 24 31 23 44 11 32 32 33
1 22 33 44 33 44 44 41 14 11 41 14 14 33 23 32 22 31 33 14 14 33 33 33
1 22 33 41 33 44 44 44 14 14 44 14 11 23 23 32 44 33 22 11 11 33 33 33
1 23 32 11 22 11 42 11 44 14 11 44 44 33 33 22 44 11 33 44 14 22 22 22
1 22 32 41 33 41 44 41 11 14 44 14 14 33 33 32 24 31 23 14 11 32 32 32
1 23 32 41 32 41 44 41 14 14 41 14 14 23 23 32 24 31 23 14 14 32 32 32
1 22 33 41 32 41 44 41 11 14 41 44 14 23 23 32 24 31 23 14 14 32 32 32
1 22 33 41 33 44 44 44 11 11 44 11 11 22 22 33 22 33 22 11 11 33 33 33
1 22 32 11 32 41 44 41 11 14 44 44 44 22 33 22 24 33 22 44 11 32 32 32
1 22 32 41 33 41 44 44 14 11 44 14 14 22 23 32 44 33 23 11 11 33 33 33
1 22 33 44 33 44 44 44 11 11 44 11 11 22 22 33 22 33 22 11 11 33 33 33
1 22 33 44 33 44 44 44 11 11 44 11 14 22 22 33 22 33 22 11 11 33 33 33
1 22 22 11 33 11 44 11 14 14 11 44 14 33 33 22 44 31 23 14 14 32 22 32
1 22 33 41 33 41 44 44 11 11 44 11 14 22 23 32 24 33 22 14 11 33 33 33
1 23 32 41 32 41 42 41 14 14 41 14 14 23 23 32 24 31 23 14 14 32 32 32
1 22 33 41 33 44 44 44 11 11 44 11 14 22 22 33 22 33 22 11 11 33 33 33
1 23 32 41 32 41 42 41 14 14 41 14 14 23 23 32 24 31 23 14 14 32 32 32
1 22 32 11 33 11 42 41 14 14 41 14 14 23 23 32 44 31 23 44 14 32 32 32
1 22 33 41 33 44 44 41 14 11 44 14 11 22 22 33 22 33 22 14 11 33 33 33
1 22 32 41 22 41 44 41 44 14 41 14 44 23 33 22 22 33 33 14 14 33 32 32
1 23 32 41 32 41 42 41 14 14 41 14 14 23 23 32 24 31 23 14 14 32 32 32
1 22 32 41 33 44 44 41 11 11 44 14 11 23 23 32 24 33 22 14 11 33 32 33
1 22 33 44 33 44 44 44 11 11 44 11 11 22 22 33 22 33 22 11 11 33 33 33
1 22 33 44 33 44 44 44 11 11 44 11 11 22 22 33 22 33 22 11 11 33 33 33
1 22 32 44 33 44 44 44 11 11 44 11 11 22 22 33 22 33 22 11 11 33 33 33
1 22 33 44 33 44 44 44 11 11 44 11 11 22 22 33 24 33 22 11 11 33 33 33
1 23 22 11 22 11 42 11 44 14 41 44 44 33 33 22 44 31 23 44 44 32 22 32
1 22 33 41 33 41 44 44 11 11 44 14 14 22 23 33 22 33 22 11 11 33 32 33
1 22 33 41 33 44 44 44 14 14 41 14 14 23 23 33 24 31 22 11 14 33 32 33
1 23 33 41 32 41 44 41 14 14 44 14 14 23 23 32 24 31 22 14 14 32 32 32
1 22 33 41 33 41 42 41 14 14 41 14 14 23 23 32 24 33 23 14 14 32 32 32
1 22 33 11 33 41 44 44 11 11 44 14 11 22 23 32 44 33 22 11 11 33 32 33
1 22 33 41 33 11 44 41 14 14 44 44 44 23 33 32 44 31 23 14 14 32 22 33
1 22 33 41 32 41 42 41 14 11 41 14 14 22 23 32 24 31 23 14 14 32 32 32
1 22 32 11 32 11 42 41 44 14 41 44 44 33 33 22 44 31 22 44 44 32 22 32
1 23 32 11 32 41 42 11 14 11 41 44 44 23 33 32 44 31 23 14 14 32 32 32
1 22 33 41 33 41 44 44 11 14 41 14 14 22 23 32 22 33 23 11 11 33 33 33
1 22 32 11 33 11 42 41 14 44 44 44 44 23 33 22 44 11 23 14 14 22 32 32
1 22 22 11 32 11 44 11 44 44 41 14 44 33 33 22 44 11 33 14 44 22 22 22
1 22 33 41 33 41 44 44 11 11 44 11 14 22 22 33 24 33 22 11 11 33 33 33
1 22 32 41 32 44 44 41 11 11 41 14 14 23 23 33 44 33 23 14 14 32 32 32
1 22 33 41 33 41 44 44 11 11 44 11 11 22 22 32 22 33 22 11 11 33 33 33
1 23 33 41 33 11 44 11 14 14 11 44 14 33 33 32 44 33 22 44 44 32 22 33
1 23 32 41 32 44 44 41 14 14 41 14 14 23 23 32 24 31 23 14 14 32 32 33
1 23 32 11 32 41 44 41 14 14 41 14 14 23 23 32 24 31 23 14 11 32 22 33
1 22 33 44 33 44 44 44 11 11 44 14 11 22 22 33 22 33 22 11 11 33 33 33
1 22 32 41 32 41 44 41 14 11 41 14 14 22 33 32 24 31 23 11 14 32 32 32
1 22 33 41 33 44 44 44 11 14 44 44 11 22 23 33 44 33 22 11 14 33 33 33
1 22 32 41 33 11 42 41 11 14 44 14 14 23 22 32 24 33 23 11 11 32 22 32
1 23 32 41 32 41 42 41 14 14 41 14 14 23 23 32 24 31 23 14 14 32 32 32
1 22 33 41 33 41 44 44 11 14 41 14 14 22 23 33 22 31 23 14 11 32 32 33
1 22 33 44 33 44 44 44 11 11 44 11 11 23 22 33 22 33 23 11 11 33 33 33
1 23 32 41 32 41 42 41 14 14 41 14 14 23 23 32 24 31 23 44 14 32 32 32
1 22 22 41 33 41 44 41 14 14 44 14 14 22 22 33 24 33 23 11 14 33 33 33
1 23 33 41 32 41 42 41 14 14 44 14 14 33 23 32 24 31 23 14 14 32 32 32
1 22 33 44 33 44 44 44 11 11 44 11 11 22 22 33 22 33 22 11 11 33 33 33
1 23 33 11 32 11 42 11 44 44 11 44 44 33 33 22 24 31 33 44 14 32 22 22
1 22 33 44 33 44 44 44 11 11 44 11 14 22 22 33 22 33 22 11 11 33 33 33
1 22 33 41 32 44 44 41 11 11 41 14 14 23 23 33 24 33 22 14 11 32 32 32
1 22 33 44 33 41 42 41 14 14 44 11 14 23 23 33 24 33 22 14 14 33 32 33
1 23 32 41 32 41 42 11 14 14 41 44 14 23 33 32 24 31 23 14 14 32 32 32
1 22 33 11 33 41 44 11 14 44 41 44 44 33 23 33 24 31 22 14 11 32 32 32
1 22 33 41 33 44 44 44 11 11 44 11 14 22 22 33 24 33 23 11 11 33 33 33
1 22 33 44 33 44 44 44 11 11 44 11 11 22 22 33 24 33 22 11 11 33 33 33
1 22 33 44 33 41 44 41 11 14 41 14 14 22 23 32 24 33 22 11 11 33 33 32
1 22 32 44 33 44 44 41 14 11 44 14 14 22 22 33 44 33 22 14 11 22 32 33
1 22 33 44 33 44 44 41 11 11 44 11 11 22 22 33 22 33 22 11 11 32 33 33
1 23 32 41 32 41 42 41 14 44 41 14 14 23 23 33 24 31 23 14 14 32 32 32
1 23 32 11 32 11 42 11 44 44 11 44 44 33 33 22 44 31 33 44 44 22 22 32
1 22 33 44 33 44 44 44 11 11 44 14 14 22 22 32 22 33 22 14 11 33 33 33
1 22 33 44 33 44 44 44 11 11 44 11 14 22 22 33 22 33 22 11 11 33 33 33
1 23 32 41 32 41 42 41 14 14 41 14 14 23 23 32 24 31 23 14 14 32 32 32
1 22 33 41 33 44 44 44 14 11 44 14 44 22 23 33 24 33 22 11 14 33 33 33
1 22 32 41 33 41 44 41 11 14 41 14 14 23 23 32 24 31 23 14 11 32 33 32
1 22 33 44 33 44 44 44 11 11 44 11 11 22 22 33 22 33 22 11 11 33 33 33
1 22 33 11 33 41 44 41 11 14 44 44 14 23 33 33 24 33 33 14 14 33 22 32
1 22 33 44 33 44 44 41 11 11 44 14 11 22 22 33 24 33 22 11 11 33 33 33
1 23 22 11 32 41 44 11 44 44 11 44 44 33 23 22 44 31 33 44 44 22 22 32
1 22 33 41 33 44 44 44 14 11 44 14 11 22 22 33 24 33 22 11 11 33 33 33
1 22 33 41 33 41 44 41 11 11 41 11 44 23 33 32 24 33 23 14 44 33 32 32
1 22 33 41 33 44 44 41 11 11 44 11 11 22 22 33 24 31 23 11 11 33 33 33
1 22 32 11 33 41 44 41 44 14 41 14 44 33 33 33 44 31 33 44 11 33 22 33
1 22 32 41 33 41 44 41 14 14 41 14 14 23 23 32 24 33 23 14 11 33 32 33
1 23 32 41 33 41 44 41 14 14 44 14 14 23 33 32 44 31 23 14 14 33 32 32
1 22 33 41 33 44 44 41 14 14 44 11 14 22 23 33 24 33 22 14 14 32 33 33
1 23 32 11 32 41 44 41 14 11 44 14 14 23 33 32 44 31 23 14 11 32 33 32
1 22 33 44 33 44 44 44 11 11 44 11 11 22 22 33 22 33 22 11 11 33 33 33
1 23 22 11 32 11 44 11 44 44 41 44 44 33 33 22 44 31 33 44 14 22 22 32
1 23 32 41 32 44 42 41 14 11 41 44 14 23 33 32 24 31 23 44 14 22 32 32
1 22 33 41 33 11 44 11 14 11 41 44 44 33 33 32 44 11 23 44 14 32 22 32
1 22 33 44 33 44 44 44 11 11 44 11 11 22 22 33 22 33 22 11 11 33 33 33
1 22 33 44 33 44 44 44 11 11 44 11 11 22 22 33 22 33 22 14 11 33 33 33
1 22 33 41 33 41 42 11 44 11 44 44 44 23 23 32 24 31 23 14 11 32 22 33
1 22 32 44 33 41 44 44 14 11 44 44 14 22 33 32 24 33 22 11 11 33 32 33
1 22 33 11 32 11 42 11 14 44 41 44 44 33 33 22 44 11 33 44 44 22 22 32
1 22 33 44 33 41 44 44 11 11 44 14 11 22 23 33 22 33 22 11 11 33 33 33
1 23 22 41 32 11 42 11 44 14 11 44 44 33 33 32 44 31 23 44 44 32 22 32
1 22 33 41 33 11 44 44 11 11 44 11 14 22 33 33 22 33 22 14 11 33 32 33
1 22 33 41 32 44 44 41 14 11 44 44 44 23 23 32 22 33 22 14 14 33 32 33
1 22 22 11 32 11 44 11 14 14 11 44 44 23 33 22 44 31 33 44 44 22 22 22
1 22 33 44 33 44 44 44 11 11 44 14 14 22 22 33 22 33 22 11 11 33 33 33
1 22 33 41 32 41 44 41 14 14 41 44 14 22 23 32 44 31 33 44 11 32 32 32
1 22 33 41 33 41 44 44 11 11 44 14 11 22 23 33 22 31 22 11 11 33 32 33
1 22 32 41 33 44 44 44 11 11 44 14 14 22 22 33 24 33 23 11 11 33 33 33
1 23 32 11 32 41 42 41 14 14 41 44 14 23 23 32 24 31 23 14 14 32 32 32
1 22 32 11 32 44 44 41 14 14 41 44 14 23 23 32 24 33 23 14 14 32 32 32
1 22 32 11 32 41 22 41 14 14 41 44 14 33 33 22 44 31 33 14 14 32 32 32
1 22 32 41 32 41 42 41 14 14 41 14 14 23 23 32 24 31 23 14 14 32 32 32
1 22 33 41 33 44 44 41 11 14 41 14 14 23 33 32 24 33 22 14 11 33 32 33
1 22 33 41 33 44 44 41 14 11 44 14 14 23 23 32 22 31 23 44 14 33 22 33
1 23 32 41 32 41 42 41 14 14 41 14 44 23 23 32 24 31 23 14 14 32 32 33
1 23 32 41 33 41 42 11 14 14 44 44 14 33 23 32 24 31 23 14 14 32 22 32
1 22 32 41 32 41 42 11 14 14 11 44 14 33 23 32 44 33 23 14 14 32 32 33
1 22 32 41 32 41 42 41 14 14 41 14 14 23 33 32 24 31 23 14 14 32 32 32
1 22 32 11 32 41 42 11 14 44 44 44 14 33 33 22 44 33 22 14 14 32 33 33
1 23 32 41 32 41 42 41 14 14 41 14 14 23 23 32 24 31 33 14 14 32 32 32
1 23 32 11 33 41 42 11 14 14 41 44 14 23 23 32 24 31 23 14 14 32 32 32
1 22 33 44 33 44 44 44 11 11 44 11 11 22 22 33 22 33 22 11 11 33 33 33
1 22 32 41 33 41 44 41 14 14 41 14 14 23 23 32 24 31 22 14 14 32 32 32
1 22 32 11 33 44 44 11 11 14 41 44 14 23 23 33 44 31 23 11 11 32 22 32
1 22 32 41 32 44 44 41 14 14 41 14 14 23 23 33 22 31 23 14 14 33 32 33
1 22 33 44 33 44 44 44 11 11 44 11 11 22 22 33 22 33 22 14 14 33 33 33
1 22 33 44 33 44 44 44 11 11 44 11 11 22 23 33 22 33 22 11 11 33 33 33
1 22 33 41 32 41 44 41 14 14 41 14 14 23 23 32 24 33 23 14 14 32 32 32
1 22 33 44 33 44 44 44 11 11 44 11 11 22 22 33 22 33 22 11 11 33 33 33
1 22 33 44 33 44 44 44 11 11 44 11 11 22 22 33 22 33 22 11 11 33 33 33
1 22 33 44 33 44 44 44 14 11 44 14 11 22 22 33 24 33 22 11 11 33 33 33
1 23 32 11 22 11 42 11 44 44 41 14 44 33 33 22 24 11 23 44 14 22 32 32
1 22 32 11 32 11 44 11 11 14 11 44 44 33 23 33 44 31 22 44 14 32 32 33
1 22 33 44 33 44 44 44 14 11 44 11 14 22 22 33 24 33 23 14 11 33 33 33
1 22 33 41 32 44 44 41 11 11 44 14 14 22 23 32 24 33 22 14 11 33 32 33
1 22 33 44 33 44 44 44 11 11 44 11 11 22 22 33 22 33 22 11 11 33 33 33
1 22 33 41 33 41 44 41 14 14 41 14 14 23 22 32 24 33 23 11 14 32 33 32
1 22 33 44 33 44 44 44 14 11 44 11 44 23 33 32 24 33 22 14 11 33 32 33
1 22 33 44 33 44 44 41 11 11 44 14 11 22 23 33 22 33 22 11 11 33 33 33
1 22 33 41 33 41 44 44 14 11 44 14 11 23 22 32 24 33 22 11 14 33 22 33
1 22 33 44 33 44 44 44 11 11 44 11 11 22 22 33 22 33 22 11 11 33 33 33
1 22 33 44 33 44 44 41 11 11 44 11 14 23 22 32 22 33 22 11 11 33 33 33
1 22 33 41 33 44 44 41 11 11 44 11 14 23 22 32 22 33 22 14 11 33 33 33
1 22 33 44 33 44 44 41 11 11 44 11 11 22 22 33 22 33 22 11 11 33 33 33
1 22 33 44 33 44 44 44 14 11 44 11 14 23 22 33 24 33 23 11 14 32 33 33
1 22 33 44 33 44 44 44 11 11 44 11 14 22 23 33 22 33 23 11 14 33 32 33
1 22 33 41 33 41 44 44 11 11 44 14 14 23 23 32 24 31 22 14 11 33 32 33
1 22 33 41 33 41 44 41 11 11 44 11 14 23 23 32 24 31 22 14 11 33 32 33
1 22 33 44 33 44 44 41 14 11 44 14 44 22 22 33 24 33 22 14 14 33 33 33
1 22 22 11 22 41 42 11 44 44 41 44 44 33 33 22 44 11 33 44 44 22 22 22
1 22 33 44 33 44 44 44 11 11 44 11 11 22 22 33 22 33 22 11 11 33 33 33
1 22 33 44 33 44 44 44 11 11 44 11 11 22 22 33 22 33 22 11 11 33 33 33
1 22 32 41 33 44 44 44 11 11 44 14 44 23 23 32 24 33 23 14 14 33 22 33
1 22 33 44 33 44 44 41 11 11 44 14 14 22 23 33 22 33 22 14 11 33 33 33
1 22 33 41 33 44 44 41 11 11 44 14 11 23 23 33 24 33 22 11 11 33 33 33
1 22 33 44 33 41 44 44 11 11 44 14 14 22 33 33 22 33 22 11 11 33 33 33
1 22 32 41 32 11 44 41 14 44 41 44 44 33 33 32 44 11 22 14 11 32 22 33
1 23 32 41 32 41 42 41 14 14 41 14 14 23 23 32 24 31 23 14 14 32 32 32
1 22 33 44 33 44 44 41 14 11 44 11 14 23 23 32 24 33 23 14 11 33 32 33
1 22 32 41 33 41 44 41 14 14 41 14 14 23 22 32 24 31 22 14 14 32 32 33
1 22 33 44 33 44 44 44 11 11 44 11 11 22 22 33 22 33 22 11 11 33 33 33
1 22 32 41 33 41 42 41 11 11 44 14 14 23 23 32 24 33 23 14 14 33 32 33
1 22 22 11 32 11 44 11 44 44 41 44 44 33 33 22 44 11 33 44 14 22 32 22
1 22 33 41 32 41 44 41 14 11 44 14 14 23 23 32 24 31 23 14 14 33 22 32
1 23 32 41 32 41 42 41 14 14 41 14 14 23 23 32 24 31 23 14 14 32 32 32
1 22 33 41 33 44 44 44 11 11 44 11 14 22 22 33 24 33 22 11 11 33 32 33
1 23 32 41 32 41 44 41 14 14 41 14 14 23 23 32 24 31 23 14 14 32 32 32
1 22 33 41 33 44 44 44 11 14 44 14 14 22 22 33 24 33 22 11 11 33 33 33
1 23 32 41 32 41 42 41 14 14 41 14 14 23 23 32 44 31 23 14 14 32 32 32
1 23 32 41 22 11 42 41 14 44 11 44 44 23 23 32 24 31 23 14 14 32 22 32
1 22 32 41 32 44 44 44 11 14 44 14 14 22 23 32 24 33 22 14 11 33 32 33
1 22 33 44 33 44 44 44 11 11 44 11 14 22 22 33 22 33 22 11 11 33 33 33
1 22 22 11 32 41 42 11 44 14 11 44 44 23 23 22 44 33 23 14 14 22 22 22
1 23 32 41 32 41 44 41 14 14 41 14 14 23 23 32 24 31 22 14 14 32 22 33
1 22 33 44 33 44 44 41 14 11 44 11 11 23 22 32 22 33 22 11 11 33 22 33
1 22 33 44 33 44 44 41 14 11 44 14 14 23 23 22 24 31 22 14 11 33 32 33
1 22 33 44 33 44 44 44 11 11 44 14 11 22 33 33 22 33 22 11 11 33 33 33
1 22 33 44 33 44 44 44 11 11 44 11 11 22 22 33 22 33 22 11 11 33 33 33
1 22 33 41 33 41 44 41 11 11 44 14 14 22 22 33 24 33 22 11 11 33 22 33
1 22 32 11 32 11 42 11 44 44 41 44 44 33 33 22 44 31 33 14 14 22 32 32
1 22 33 44 33 44 44 44 11 14 44 14 14 22 22 33 24 33 22 11 11 33 33 33
1 22 33 44 33 44 44 44 11 11 44 11 11 22 22 33 22 33 22 11 11 33 32 33
1 22 22 11 32 41 44 11 44 14 44 44 44 23 23 33 44 11 33 44 14 32 32 32
1 23 33 41 32 41 44 41 14 14 41 14 14 23 23 32 24 31 23 14 14 32 32 32
1 22 33 11 33 44 44 44 44 11 44 14 11 22 23 32 44 31 22 14 11 32 32 33
1 23 33 41 32 41 44 41 14 11 44 14 14 23 23 33 24 33 22 14 14 33 32 32
1 22 33 41 33 41 44 41 14 11 41 14 14 23 23 32 24 31 23 14 14 32 33 33
1 22 33 44 33 44 44 44 11 11 44 14 11 22 22 33 22 33 23 11 11 33 33 33
1 22 33 44 33 44 44 44 11 11 44 11 11 22 22 33 22 33 22 11 11 33 33 33
1 22 33 44 33 44 44 44 11 11 44 11 11 22 22 33 24 33 22 11 11 33 33 33
1 22 33 41 33 41 44 44 14 14 41 14 14 23 23 32 24 31 23 14 14 32 32 33
1 22 32 41 32 41 44 41 14 11 41 14 44 23 23 32 24 33 23 14 11 32 32 33
1 22 33 44 32 44 44 41 14 11 44 14 14 22 23 32 24 33 23 11 14 32 32 33
1 22 33 44 33 44 44 41 14 11 44 14 11 23 23 33 24 33 22 11 11 33 32 33
1 22 33 44 33 41 44 44 11 11 44 11 11 22 23 33 22 33 22 11 11 33 33 33
1 22 32 11 33 41 44 41 14 11 44 14 44 23 23 22 24 31 23 11 11 33 32 32
1 22 33 41 33 44 44 44 14 11 44 11 14 22 23 33 24 33 22 11 11 33 33 33
1 22 33 44 33 44 44 41 11 14 44 11 11 23 23 33 22 33 22 11 11 33 33 33
1 22 33 41 33 44 44 41 11 11 44 11 14 22 23 33 44 33 22 11 11 33 32 33
1 22 32 41 33 41 42 41 14 11 44 14 14 22 23 32 22 33 23 11 11 33 33 33
1 22 33 44 33 44 44 44 11 11 44 11 11 22 23 33 22 33 22 11 14 33 33 33
1 22 32 41 32 41 44 41 14 14 44 14 14 23 23 32 24 31 23 14 14 32 32 32
1 22 33 41 33 44 44 44 11 11 44 14 11 22 22 33 22 33 22 11 11 33 33 33
1 22 33 44 33 44 44 44 11 11 44 14 11 22 22 33 24 33 22 11 11 33 32 33
1 22 32 41 33 44 44 41 14 11 44 14 11 23 23 33 24 33 23 14 14 32 32 33
1 22 33 44 33 41 44 44 11 11 44 11 14 23 22 33 24 33 23 11 11 33 32 33
1 22 32 11 33 41 44 11 44 44 11 44 44 23 33 32 44 11 23 44 14 32 22 32
1 22 33 41 33 41 44 41 11 14 44 44 44 23 23 33 44 33 22 44 14 32 33 33
1 22 33 41 33 41 44 41 14 14 44 14 14 22 23 33 24 33 23 14 11 33 33 33
1 22 33 44 33 44 44 44 11 11 44 14 11 22 23 32 22 33 22 14 11 33 32 33
1 22 33 41 33 44 44 44 11 11 44 11 11 22 22 33 22 33 22 11 11 33 33 33
1 22 33 44 33 44 44 44 11 11 44 11 11 22 22 33 22 33 22 11 11 33 33 33
1 22 33 41 33 44 44 41 11 11 41 14 14 22 23 33 24 33 22 11 11 33 33 33
1 22 33 44 33 44 44 11 14 11 44 11 44 23 23 32 44 31 23 11 44 32 32 32
1 22 32 41 33 44 44 44 11 11 44 11 11 23 22 33 24 33 23 11 11 33 32 33
1 22 33 41 32 44 44 44 14 14 41 44 14 23 23 32 24 31 23 14 14 33 32 33
1 22 33 44 33 41 42 44 11 11 44 11 14 22 22 32 22 33 23 11 11 33 32 33
1 22 32 11 32 11 42 41 14 14 41 14 14 23 23 32 24 31 23 14 14 32 32 32
1 22 33 41 33 44 44 41 11 11 44 14 44 23 22 32 24 33 22 14 11 33 32 33
1 22 33 44 33 44 44 41 11 11 44 14 14 22 23 33 44 33 22 11 11 33 33 33
1 22 33 44 33 44 44 44 11 11 44 11 11 22 22 33 22 33 22 11 11 33 33 33
1 23 33 44 33 44 44 44 11 11 44 11 14 22 23 33 24 33 22 14 11 33 33 33
1 22 32 41 33 41 44 41 14 14 41 14 14 23 22 32 24 31 23 14 11 32 32 33
1 22 32 41 22 41 42 11 44 14 44 44 14 23 23 32 24 31 23 44 14 33 32 32
1 22 33 41 33 41 44 44 11 11 44 11 14 22 23 33 24 31 22 14 11 33 32 33
1 22 32 41 32 44 44 44 11 14 41 14 14 23 23 32 24 33 23 14 11 32 32 32
1 22 33 44 33 44 44 44 11 11 44 11 11 23 33 32 22 33 22 14 11 33 33 33
1 23 32 11 32 41 42 41 14 14 41 14 14 33 33 22 44 31 23 44 14 32 32 32
1 22 33 44 33 41 42 41 14 11 44 14 14 23 33 32 24 11 23 14 11 33 32 33
1 22 33 44 33 44 44 44 11 11 44 11 11 22 22 22 22 33 22 14 11 33 33 33
1 22 33 11 33 44 44 41 14 11 44 11 11 22 22 33 24 33 22 14 11 33 33 33
1 23 32 41 32 41 42 41 14 14 41 14 14 23 23 32 24 31 23 14 14 32 32 32
1 22 33 44 33 44 44 44 11 11 44 14 11 22 22 33 22 33 22 11 11 33 33 33
1 22 32 11 33 41 44 41 14 14 41 44 44 33 23 22 24 31 23 14 14 32 22 32
1 22 33 41 33 41 44 41 11 14 44 14 14 23 23 32 24 31 23 14 11 32 32 33
1 22 33 41 33 41 44 41 14 11 41 11 14 23 23 32 22 33 23 14 14 33 32 32
1 22 33 41 33 41 42 41 14 11 44 14 14 23 23 32 24 31 23 14 14 32 32 33
1 22 32 41 33 41 44 41 11 14 44 14 14 23 22 33 24 33 22 44 11 33 22 33
1 22 33 41 33 44 44 44 14 11 44 14 11 22 23 33 24 33 22 11 11 33 33 33
1 22 33 44 33 44 44 44 14 11 44 14 11 22 22 33 22 33 22 11 11 33 33 33
1 22 33 44 33 44 44 44 11 11 44 11 11 22 22 33 24 33 22 11 11 33 33 33
1 22 33 41 33 41 44 41 14 14 41 14 14 23 23 32 24 31 23 14 14 32 32 32
1 23 32 41 33 41 44 41 11 14 41 14 14 23 23 32 44 31 23 14 11 22 32 32
1 22 33 44 33 44 44 41 11 14 41 14 11 23 23 32 24 31 22 14 11 32 32 33
1 22 33 41 33 41 44 41 11 14 44 14 14 22 23 33 24 33 23 11 11 32 22 33
1 22 33 44 33 41 44 44 11 11 44 11 11 22 22 33 24 33 23 14 11 33 33 33
1 22 33 44 33 44 44 44 11 11 44 11 11 22 22 33 22 33 22 11 11 33 33 33
1 22 32 41 33 44 44 41 14 11 41 14 44 23 22 33 24 33 23 14 11 33 32 32
1 22 33 44 33 44 44 44 11 11 44 14 11 22 23 33 22 33 22 14 11 33 33 33
1 22 33 41 33 41 44 41 11 11 44 14 14 22 33 33 24 31 22 14 11 32 32 32
1 23 32 41 32 41 42 41 14 14 41 14 14 23 23 32 24 31 23 14 14 32 32 32
1 22 33 44 33 44 44 44 11 11 44 11 11 23 22 33 22 33 22 11 11 33 33 33
1 22 32 41 32 41 44 41 14 11 44 14 14 23 23 33 24 31 23 14 14 33 32 32
1 22 33 41 33 41 44 41 14 11 44 14 14 23 22 32 24 33 22 14 14 33 32 33
1 23 32 41 32 41 42 41 14 14 41 14 14 23 23 32 24 31 23 44 14 32 32 32
1 22 32 41 33 41 44 41 14 11 41 14 14 23 23 32 24 31 22 14 14 33 32 32
1 23 32 11 32 41 42 11 14 11 41 44 44 33 23 22 44 31 23 44 14 22 22 33
1 22 32 44 33 44 42 44 14 11 41 14 14 23 23 33 24 33 23 14 14 32 33 33
1 22 33 41 33 44 44 41 14 11 44 14 11 22 23 33 24 33 22 11 11 33 33 33
1 23 33 11 32 41 42 41 14 14 41 44 14 33 33 32 24 31 33 14 44 32 22 32
1 22 33 11 33 41 44 41 44 14 44 14 14 22 33 32 24 31 23 14 14 33 32 33
1 22 33 44 33 44 44 44 14 11 44 14 14 22 22 32 22 33 22 14 11 33 33 33
1 22 33 44 33 44 44 44 11 11 44 11 14 22 33 33 22 33 22 11 11 33 33 33
1 22 32 41 33 44 44 11 14 14 44 14 14 33 22 22 24 33 23 14 11 33 22 32
1 22 33 41 33 44 44 41 14 11 44 14 14 22 22 33 24 31 22 14 11 33 32 33
1 22 33 44 33 44 44 44 11 11 44 11 11 22 33 33 24 33 22 11 14 33 32 33
1 23 32 41 32 41 42 41 14 14 41 14 14 23 23 32 24 31 23 14 14 32 32 32
1 22 32 44 33 41 44 41 11 14 44 14 14 23 23 32 24 33 22 14 11 33 32 33
1 22 33 44 33 44 44 44 11 11 44 11 11 22 22 33 22 33 22 11 11 33 33 33
1 22 33 44 33 44 44 44 11 11 44 14 14 22 22 32 24 33 22 11 11 33 33 33
1 22 33 41 33 41 42 44 11 14 44 14 14 22 23 32 22 33 23 14 11 33 32 33
1 22 33 44 33 44 42 41 14 11 44 44 44 23 33 22 24 31 23 14 11 33 32 33
1 22 32 41 33 41 44 41 11 11 44 14 14 33 23 22 44 33 22 11 11 33 32 33
1 23 32 41 32 41 44 41 14 14 41 14 14 23 23 32 44 31 33 14 14 32 22 32
1 22 33 41 32 41 44 41 11 14 44 14 11 22 22 32 24 31 23 14 14 33 33 33
1 22 33 41 33 44 44 44 11 11 44 11 11 22 23 33 22 33 22 14 11 33 33 33
1 23 32 41 33 11 42 41 14 11 41 44 44 23 23 32 44 33 23 14 44 33 32 32
1 22 33 44 33 41 44 41 11 14 41 44 14 22 33 33 24 31 23 44 14 33 33 33
1 22 32 41 33 41 44 41 14 14 44 14 14 23 23 32 24 31 23 14 14 32 32 32
1 22 33 44 33 44 44 41 11 11 44 11 11 22 22 33 22 33 22 11 11 33 33 33
1 23 32 11 32 41 42 41 14 11 44 14 14 23 23 32 24 31 23 14 14 33 32 32
1 23 32 41 32 41 44 11 14 11 41 44 14 23 23 32 24 31 33 14 14 33 32 32
1 22 33 44 33 44 44 41 14 11 44 44 14 22 23 32 22 33 22 11 11 33 33 33
1 22 32 41 33 41 44 41 14 14 44 14 14 23 23 32 22 33 23 14 14 33 32 33
1 22 22 11 33 11 44 11 44 14 41 44 14 33 33 32 44 33 23 44 44 32 22 33
1 22 33 44 33 41 44 41 14 14 41 44 14 33 33 33 24 31 23 14 14 32 22 33
1 22 33 44 33 44 44 44 11 11 44 14 11 22 22 33 22 33 22 11 11 33 33 33
1 22 33 44 33 44 44 44 11 11 44 11 11 22 22 33 22 33 22 11 11 33 33 33
1 22 33 44 33 44 44 44 11 11 41 11 14 22 22 33 22 33 22 11 11 33 33 33
1 22 32 41 33 41 44 41 14 11 41 14 14 23 33 32 24 31 22 14 14 32 32 32
