 rs872730 rs109490 rs223198 rs223177 rs223179 rs223183 rs16861778 rs4920468 rs11801569 rs11260970 rs223192 rs6603893 rs223201 rs1832787 rs10907304 rs12134352 rs11260977 rs11260978
0 33 22 14 33 32 24 14 41 22 22 44 11 44 33 11 23 44 44
0 32 32 14 31 32 24 14 41 23 23 14 14 41 32 41 23 14 41
0 33 32 14 33 22 44 14 44 22 33 14 11 44 33 11 33 14 41
0 33 32 11 33 33 24 14 41 22 22 11 14 44 33 41 22 14 44
0 33 33 11 33 33 22 11 44 22 22 11 11 44 33 44 22 11 44
0 33 32 14 33 33 24 11 41 23 22 11 14 44 33 41 23 11 44
0 32 32 14 31 32 24 14 41 22 23 14 14 41 32 41 23 14 41
0 32 22 44 31 22 24 14 11 23 23 44 14 41 32 41 33 44 41
0 33 22 14 33 33 24 11 44 22 23 14 11 41 33 41 23 14 44
0 33 32 14 33 33 44 11 41 22 22 14 14 44 33 41 23 11 44
0 33 33 14 33 33 24 11 44 22 23 11 11 44 33 41 22 14 44
0 33 32 44 31 33 44 14 41 22 23 14 11 44 33 41 33 14 44
0 32 33 44 31 32 44 11 41 22 23 14 11 41 32 41 23 14 41
0 32 22 14 33 32 24 14 41 23 23 11 14 44 32 11 23 14 41
0 33 32 11 33 33 24 11 44 22 22 11 11 44 32 41 23 11 44
0 33 32 44 33 33 22 11 44 22 23 14 11 44 33 11 23 14 44
0 33 32 14 33 33 24 11 44 22 22 14 11 44 33 44 23 14 44
0 32 33 14 33 33 24 14 41 22 23 14 11 44 32 41 23 14 44
0 33 32 11 33 33 22 14 44 22 22 11 11 44 33 44 22 14 44
0 33 33 11 33 33 22 11 44 22 22 14 11 44 33 44 22 14 44
0 33 32 14 33 33 44 14 41 22 23 44 11 44 33 44 23 14 44
0 33 32 14 31 32 24 14 41 23 22 14 11 44 32 41 23 14 41
0 33 32 14 33 33 24 11 41 22 22 14 11 44 33 44 22 11 44
0 33 33 11 33 33 22 11 44 22 22 11 11 44 33 41 22 11 44
0 33 33 14 33 33 44 14 41 22 22 44 11 41 33 41 23 44 44
0 33 33 14 33 33 24 11 44 22 22 11 11 41 32 11 23 11 44
0 33 33 14 33 33 24 11 44 22 22 44 11 44 33 44 23 11 41
0 33 32 14 33 33 44 14 41 22 23 14 11 44 33 41 23 14 44
0 33 32 14 33 33 44 11 44 22 23 11 11 44 33 44 22 14 44
0 33 32 14 33 33 24 11 44 22 22 11 11 44 33 44 22 11 44
0 32 22 14 31 33 24 14 41 22 33 11 11 44 33 44 33 14 44
0 33 33 14 33 33 24 11 44 22 22 11 11 44 33 44 23 11 44
0 33 32 14 33 33 24 11 44 22 22 14 11 44 33 41 33 14 44
0 32 32 44 33 33 44 44 11 23 33 14 11 44 32 11 33 44 41
0 33 32 14 33 33 24 44 41 22 23 14 11 44 22 41 23 14 44
0 33 32 11 33 33 22 11 44 22 23 11 11 44 33 44 33 11 44
0 32 32 14 33 32 24 14 41 22 23 14 11 44 32 41 23 14 41
0 33 33 11 33 33 22 11 44 22 23 11 11 44 33 44 22 14 44
0 33 32 14 31 33 24 14 41 22 33 14 11 44 32 41 23 14 44
0 32 32 44 31 32 44 14 11 23 23 44 11 41 33 11 23 14 41
0 33 32 14 33 33 24 14 41 22 22 11 11 44 33 41 23 14 41
0 33 32 14 31 32 24 14 41 22 22 14 11 41 33 41 23 14 44
0 33 33 14 33 33 22 14 44 22 22 14 11 44 33 41 23 11 44
0 32 32 44 11 22 44 44 11 23 33 44 14 11 22 11 33 44 11
0 33 22 44 31 33 24 11 41 22 22 14 11 44 33 11 33 44 41
0 32 32 44 31 22 44 44 11 33 23 14 14 41 32 11 23 44 11
0 33 32 14 33 33 24 14 41 22 23 14 11 44 32 41 23 11 44
0 32 32 44 31 33 44 14 11 23 23 14 14 41 32 41 33 44 44
0 33 32 14 31 32 24 14 41 23 23 14 14 41 32 41 23 14 41
0 33 33 11 33 33 44 14 41 22 22 11 11 44 32 41 23 11 44
0 33 33 11 33 33 24 11 44 22 22 11 11 44 33 41 23 11 44
0 33 33 14 33 33 22 14 44 22 23 14 11 44 33 44 23 11 44
0 33 22 11 33 33 22 11 41 22 23 14 11 44 33 41 22 14 44
0 33 33 11 33 33 22 11 44 22 22 11 11 44 33 44 22 11 44
0 33 33 14 33 33 44 11 44 22 22 14 11 44 33 11 23 14 44
0 33 32 11 33 33 24 14 44 23 22 14 11 44 33 41 23 14 44
0 33 33 14 33 32 22 11 44 22 22 14 11 44 33 44 23 11 44
0 32 32 14 33 32 24 14 41 23 23 14 11 41 32 41 23 14 44
0 32 32 44 33 33 44 14 41 22 23 14 11 44 33 11 33 44 44
0 33 33 11 33 33 22 11 41 22 22 11 11 44 33 44 22 11 44
0 33 32 14 33 32 24 11 41 22 23 14 11 44 32 44 23 44 44
0 33 33 11 33 33 22 11 44 22 22 11 11 44 33 44 22 11 44
0 33 32 14 33 33 24 14 41 22 23 44 11 44 33 11 23 14 44
0 33 33 14 33 33 22 11 44 22 22 11 11 44 33 44 22 11 44
0 33 32 14 33 33 22 14 44 22 22 14 11 44 33 41 23 14 44
0 33 32 14 33 32 24 11 41 22 23 14 11 44 33 41 23 14 44
0 33 33 11 33 33 24 11 41 22 22 14 11 44 33 44 23 14 44
0 33 33 11 33 33 22 11 44 22 22 11 11 44 33 44 22 11 44
0 33 32 44 33 32 44 14 41 23 23 14 11 44 33 44 23 14 44
0 32 32 44 33 32 44 14 41 22 23 14 14 44 33 41 23 14 41
0 33 22 44 33 32 24 14 41 22 23 14 11 44 32 41 22 14 41
0 33 32 14 33 33 24 14 44 22 22 14 11 44 33 44 23 14 44
0 33 32 11 33 33 22 11 44 22 22 11 11 44 33 44 22 11 44
0 33 22 44 33 22 44 14 11 23 33 44 14 41 32 11 33 44 41
0 32 32 14 33 33 44 11 41 23 23 44 11 41 33 41 33 44 41
0 33 33 11 33 33 24 11 44 22 22 14 11 44 33 44 23 11 44
0 33 33 14 33 33 22 11 44 22 22 14 11 44 33 44 22 14 44
0 33 32 11 33 33 24 11 44 22 23 11 11 44 33 44 22 14 44
0 33 33 11 33 33 24 11 44 22 22 14 11 44 33 41 23 11 44
0 33 32 11 33 33 24 11 44 22 22 14 11 44 33 44 22 14 44
0 33 33 11 33 33 22 11 44 22 22 11 11 44 33 44 22 11 44
0 33 33 11 33 32 22 11 44 22 23 14 11 44 33 44 23 14 41
0 33 33 14 33 32 44 14 41 22 33 14 11 44 33 41 33 44 44
0 33 32 14 33 32 24 11 41 22 23 14 11 44 32 44 23 14 41
0 33 22 14 33 32 44 14 41 22 22 14 11 41 32 41 33 44 44
0 33 32 14 33 33 24 14 44 23 23 14 14 44 33 44 23 11 41
0 33 32 11 33 33 24 14 41 22 22 44 11 41 33 41 33 14 44
0 33 22 14 31 33 44 44 11 22 23 14 11 41 32 11 33 14 44
0 33 33 11 33 33 22 11 41 22 22 11 11 44 33 44 22 11 44
0 32 33 14 31 33 24 14 41 22 23 44 11 44 33 44 33 14 44
0 33 32 11 31 32 44 14 41 22 23 14 14 44 32 41 33 44 44
0 33 33 14 33 33 24 14 41 22 23 11 11 44 33 41 23 11 41
0 33 32 11 33 33 22 11 44 22 22 14 11 44 33 44 22 11 44
0 33 33 11 33 33 22 11 44 22 22 11 11 44 33 44 22 11 44
0 33 32 14 31 32 24 11 44 22 22 11 11 44 33 44 22 14 44
0 33 33 14 33 33 22 11 44 22 23 11 11 44 33 44 23 11 44
0 33 33 11 33 33 22 11 44 22 22 11 11 44 33 44 22 11 44
0 33 33 11 33 33 22 11 44 22 22 11 11 44 33 44 23 11 44
0 32 32 44 31 32 24 14 41 23 23 14 14 44 33 41 23 14 41
0 33 32 14 33 32 44 14 41 22 22 14 14 44 32 11 23 44 44
0 32 22 14 11 32 44 44 11 23 33 44 14 41 32 11 33 14 41
0 33 33 11 33 33 22 11 44 22 22 11 11 44 33 44 22 11 44
0 33 33 11 33 33 22 11 44 22 22 11 11 44 33 44 22 11 44
0 33 32 14 31 32 24 14 41 22 23 14 11 44 32 41 23 14 44
0 33 33 11 33 33 22 14 44 22 23 11 11 44 33 44 23 14 44
0 33 33 11 33 33 22 11 44 22 22 11 11 44 33 44 22 11 44
0 33 32 14 33 32 24 14 41 22 23 14 11 41 33 41 23 14 44
0 33 33 14 33 33 22 11 44 22 22 11 11 44 33 44 22 11 44
0 32 32 14 31 32 44 44 41 22 33 14 11 44 32 11 33 11 44
0 33 32 14 33 33 24 11 44 22 22 11 11 44 33 41 23 11 44
0 22 22 44 11 32 44 44 41 33 33 44 14 41 32 11 33 44 11
0 22 22 44 11 22 44 44 11 23 33 44 14 41 22 11 33 44 11
0 33 33 11 33 33 22 11 41 22 23 14 11 44 33 41 23 14 44
0 32 32 14 33 32 44 14 41 22 22 44 11 44 32 41 33 14 41
0 33 33 11 33 33 24 11 44 22 22 14 11 44 33 44 22 11 44
0 33 32 44 31 33 44 14 41 23 23 44 11 41 33 41 23 14 41
0 33 33 11 33 32 24 14 44 22 22 14 11 44 33 41 23 14 44
0 33 33 14 33 33 24 14 41 22 22 11 11 44 33 41 23 14 44
0 33 33 14 33 32 24 14 44 22 23 14 11 44 33 44 22 11 41
0 33 32 14 33 32 24 14 44 22 22 14 11 44 32 44 23 11 41
0 33 22 14 33 33 24 14 41 22 22 14 14 44 33 44 23 14 41
0 33 32 44 33 33 24 11 44 22 22 11 11 44 33 41 23 14 44
0 32 32 44 33 33 44 14 44 22 33 14 11 41 32 41 23 44 44
0 33 33 11 33 33 22 11 44 22 22 11 11 44 33 44 22 11 44
0 33 33 14 33 33 24 11 44 22 23 14 11 44 33 44 22 11 44
0 32 32 44 33 32 44 14 41 22 22 14 11 44 32 11 33 14 41
0 33 32 14 31 32 24 14 41 23 23 14 11 44 32 41 23 14 41
0 33 32 11 33 33 22 14 44 22 22 44 11 44 33 44 23 14 44
0 22 32 44 31 32 44 14 41 23 23 14 14 11 32 11 33 44 41
0 33 32 11 33 33 22 11 44 22 22 11 11 44 33 44 22 11 44
0 33 33 11 33 33 24 11 44 22 22 11 11 44 33 44 23 11 44
0 33 32 44 33 33 24 14 41 22 23 44 11 44 33 11 33 14 11
0 33 32 14 33 32 44 11 41 22 33 44 14 44 33 11 33 14 41
0 33 32 11 33 33 24 11 41 22 23 14 11 44 33 41 33 14 44
0 32 22 14 31 33 44 14 11 22 33 44 11 41 33 44 33 44 44
0 33 32 14 33 33 24 14 41 22 23 14 11 44 33 41 23 14 44
0 33 32 14 33 33 24 11 44 22 23 14 11 41 32 41 23 14 41
0 33 32 44 31 32 24 14 41 22 33 14 14 41 33 41 33 14 41
0 32 33 14 33 33 24 44 41 23 33 14 14 44 32 11 33 44 41
0 32 32 14 31 32 44 14 41 23 23 14 14 41 32 41 33 14 41
0 32 32 44 31 32 44 44 41 22 23 44 14 44 32 41 33 14 41
0 33 33 14 33 32 22 11 11 22 22 14 11 44 33 41 33 14 44
0 33 32 44 33 32 44 44 11 22 23 44 14 44 32 11 33 44 44
0 32 32 44 33 32 24 14 41 22 33 14 14 41 33 41 33 14 41
0 33 33 11 33 33 24 14 44 22 22 11 11 44 33 44 23 11 44
0 33 33 11 33 33 24 11 44 22 22 11 11 44 33 44 22 11 44
0 33 33 14 33 33 22 11 44 22 23 11 11 44 33 44 23 11 44
0 32 32 14 31 32 24 14 41 22 23 14 11 41 32 41 23 14 41
0 33 33 11 33 32 24 11 44 22 23 11 11 44 32 41 33 11 44
0 33 33 11 33 33 22 11 41 22 22 11 11 44 33 44 22 11 44
0 33 33 44 33 33 44 11 44 22 22 11 11 44 32 44 33 44 41
0 33 32 11 33 33 24 14 44 22 23 11 11 44 33 44 23 11 41
0 33 22 44 33 33 22 14 41 22 23 44 11 44 33 11 23 11 44
0 33 32 14 33 33 22 11 41 22 23 14 11 44 33 44 22 11 44
0 33 33 11 33 33 24 11 44 22 22 11 11 44 33 44 22 11 44
0 33 32 44 33 32 24 14 41 22 23 14 14 41 32 11 33 44 44
0 33 32 44 33 33 24 14 41 22 22 14 11 41 32 41 33 11 44
0 33 32 11 33 32 24 11 44 22 22 11 11 44 33 44 23 11 44
0 33 33 14 33 33 22 11 44 22 22 11 11 44 33 44 22 11 44
0 33 32 11 33 33 24 11 44 22 22 11 11 44 33 44 22 11 44
0 33 33 11 33 33 22 14 44 22 22 14 11 44 33 44 23 11 44
0 33 32 11 33 33 24 11 41 22 23 14 11 44 33 41 22 11 44
0 33 32 11 33 33 24 11 41 22 23 14 11 44 33 41 23 14 44
0 33 33 14 33 33 22 11 41 22 22 11 11 44 33 44 22 11 44
0 32 33 11 33 33 22 11 44 22 22 11 11 44 33 41 23 14 44
0 33 32 44 33 33 44 14 44 22 22 11 11 44 33 41 33 11 44
0 33 32 14 31 33 44 11 44 22 22 44 11 44 33 41 33 11 44
0 33 32 11 33 33 24 14 44 22 22 14 11 44 33 11 23 14 41
0 33 22 14 33 32 44 44 41 23 22 14 11 44 33 41 33 14 11
0 32 32 14 33 33 24 11 44 22 22 14 11 44 33 41 22 14 44
0 33 33 14 33 33 24 11 44 22 22 11 11 44 33 44 23 11 44
0 33 33 14 33 33 24 14 41 22 22 14 11 44 33 44 23 11 44
0 33 32 14 33 32 44 44 11 22 33 44 14 44 33 41 33 14 41
0 33 32 44 33 33 24 11 11 22 22 14 11 44 33 41 23 14 44
0 33 32 11 33 33 22 14 44 22 22 14 11 44 33 44 23 14 44
0 33 32 11 33 33 24 14 41 22 22 11 11 44 33 41 23 11 44
0 33 32 11 33 33 22 11 44 22 22 14 11 44 33 44 23 11 44
0 33 32 44 33 32 44 44 44 22 22 14 14 44 33 11 23 14 44
0 33 32 44 31 33 44 14 41 22 33 44 14 44 32 41 23 44 41
0 33 33 11 33 33 24 11 44 22 23 11 11 44 33 44 22 11 44
0 32 32 14 33 33 24 14 41 23 23 14 14 41 32 41 23 14 41
0 32 22 14 33 33 24 14 11 23 23 44 14 44 32 11 33 44 41
0 33 33 14 31 33 44 11 41 22 22 44 11 44 33 44 23 44 44
0 33 33 11 33 33 24 11 44 22 22 11 11 44 33 44 23 11 44
0 32 33 14 33 33 44 44 11 22 23 44 11 41 32 11 23 44 41
0 33 33 11 33 33 22 11 44 22 22 11 11 44 33 41 22 11 44
0 33 32 11 31 33 22 11 41 22 22 11 11 44 33 44 23 11 44
0 33 33 14 33 33 22 14 44 22 22 14 11 44 33 44 23 14 44
0 32 32 14 31 32 44 14 41 23 23 14 14 44 32 41 23 14 41
0 32 32 14 31 32 24 14 41 23 23 14 14 41 32 41 23 14 41
0 33 33 14 33 33 24 14 41 23 23 14 14 41 32 41 23 14 41
0 33 33 44 33 33 24 11 44 22 22 11 11 44 33 44 23 44 44
0 33 32 14 33 33 24 14 41 22 23 14 14 44 33 41 23 14 41
0 33 33 11 33 33 22 11 44 22 22 11 11 44 33 41 22 11 44
0 33 33 11 33 33 22 11 44 22 22 11 11 44 33 44 22 11 44
0 32 22 14 33 32 24 14 41 23 23 44 14 44 33 11 33 44 44
0 32 32 14 31 32 24 14 11 22 23 14 14 41 32 11 33 14 41
0 33 32 14 31 33 22 14 41 22 22 44 11 41 33 44 23 14 44
0 33 32 11 33 32 24 14 41 22 23 14 11 44 32 41 22 14 41
0 33 32 14 33 32 24 11 41 22 23 14 11 44 33 41 33 14 44
0 33 33 11 33 33 22 11 44 22 22 11 11 44 33 11 23 11 44
0 33 33 11 33 33 22 11 44 22 22 11 11 44 33 44 22 11 44
0 33 33 14 33 32 22 11 44 22 22 14 11 44 33 44 22 11 44
0 33 32 14 31 32 44 14 11 33 23 14 14 41 32 11 33 14 44
0 33 32 14 31 32 44 14 11 22 22 14 11 44 33 41 33 14 44
0 33 32 11 33 32 22 11 44 22 23 11 11 44 33 41 22 14 44
0 33 33 14 33 32 24 11 44 22 23 14 11 44 33 41 22 14 44
0 33 32 11 33 33 22 11 41 22 22 11 11 44 33 44 23 11 44
0 33 33 14 31 33 24 14 44 22 23 14 11 44 33 11 23 14 44
0 33 33 11 33 33 22 11 44 22 22 11 11 44 33 44 22 11 44
0 33 33 11 33 33 22 11 44 22 22 11 11 44 33 44 22 11 44
0 33 32 14 31 32 24 14 41 23 23 14 14 41 32 41 23 14 44
0 32 32 14 31 32 44 14 11 23 23 44 14 41 22 11 33 44 41
0 33 32 11 33 33 22 11 11 22 22 14 11 44 33 44 22 11 44
0 32 32 44 33 32 44 44 11 22 22 44 11 41 32 11 33 14 44
0 32 32 14 31 32 24 14 41 23 23 14 14 41 32 41 33 14 41
0 33 33 11 33 33 22 11 44 22 22 11 11 44 33 44 22 11 44
0 32 32 14 33 33 24 14 41 22 23 14 11 44 32 41 23 14 44
0 33 33 11 33 33 24 14 44 22 22 14 11 44 33 44 23 11 44
0 33 33 11 33 33 24 11 44 22 23 44 11 44 33 41 33 14 44
0 33 32 11 33 33 24 11 44 22 22 14 11 44 33 41 23 14 44
0 32 22 44 31 22 44 44 11 23 33 44 14 41 22 11 33 44 41
0 33 33 11 33 33 22 11 44 22 22 11 11 44 33 44 22 11 44
0 33 22 14 33 33 44 11 41 22 33 14 11 41 33 44 33 14 41
0 32 32 14 33 32 44 14 41 23 33 44 14 41 33 11 33 44 41
0 32 32 14 33 33 44 14 41 23 23 14 14 41 33 11 23 44 41
0 33 33 14 33 33 44 11 44 22 22 14 11 44 33 41 23 11 44
0 33 22 44 31 32 24 14 41 23 23 44 11 41 32 11 23 44 41
0 32 32 14 33 33 24 14 41 23 33 14 14 44 32 41 23 44 41
0 33 33 11 33 33 22 11 44 22 22 11 11 44 33 44 22 11 44
0 32 22 14 33 32 24 14 41 23 23 14 14 41 32 41 23 14 41
0 32 32 14 33 32 24 14 41 22 23 14 11 41 32 41 23 14 44
0 33 32 14 31 32 24 14 41 22 23 44 14 44 33 41 33 11 41
0 33 33 14 33 33 24 11 41 22 22 11 11 44 33 41 22 11 44
0 32 32 44 31 32 24 44 41 23 23 44 14 41 32 11 23 44 41
0 32 32 14 33 32 24 14 41 22 23 14 14 41 32 41 33 14 41
0 33 32 14 33 32 24 14 41 23 23 14 14 41 33 41 23 14 41
0 32 22 44 31 32 24 14 41 22 23 44 11 41 33 41 23 44 41
0 33 22 44 33 32 44 14 11 22 23 14 14 41 32 11 33 14 41
0 33 22 14 33 22 44 14 41 22 23 14 11 41 32 41 33 11 11
0 32 32 14 33 32 24 14 41 22 23 14 14 41 33 41 23 14 44
0 33 33 14 33 33 22 11 44 22 22 14 11 44 33 44 33 44 44
0 33 32 14 33 32 44 11 41 22 23 14 11 41 33 44 23 11 44
0 33 33 11 33 32 24 11 44 22 22 14 11 44 33 44 33 14 44
0 33 33 14 33 33 24 11 44 22 22 14 11 44 33 44 23 11 44
0 33 33 11 33 33 24 11 44 22 22 11 11 44 33 44 22 11 44
0 33 33 11 33 33 24 11 44 22 22 11 11 41 33 41 23 11 44
0 33 32 14 31 22 24 14 41 23 23 14 11 41 32 41 33 14 41
0 22 22 44 31 32 44 44 11 22 33 14 14 41 22 11 33 14 41
0 33 33 11 33 33 44 11 44 22 22 14 11 44 33 41 23 14 44
0 33 32 44 33 33 44 11 41 22 23 14 11 44 32 41 23 14 44
0 32 32 14 31 32 24 14 41 23 23 14 14 41 32 41 23 14 41
0 33 33 11 33 33 22 11 44 22 22 11 11 44 33 44 22 11 44
0 33 33 14 33 33 22 14 41 22 22 14 11 41 33 44 22 11 44
0 33 33 11 33 33 22 11 44 22 22 14 11 44 33 44 23 14 44
0 33 33 11 33 33 22 11 44 22 23 11 11 44 33 44 23 11 44
0 33 33 14 33 32 22 11 41 22 22 11 11 44 33 41 22 11 41
0 33 33 11 33 33 22 11 44 22 22 11 11 44 33 44 22 11 44
0 33 22 14 31 32 24 14 11 22 23 44 11 44 33 41 23 14 41
0 33 33 14 33 33 24 14 41 22 22 14 11 44 33 41 33 11 44
0 33 33 44 33 32 24 11 41 22 23 14 11 44 33 41 22 14 44
0 33 32 11 33 32 44 14 44 22 23 11 11 44 33 41 23 11 44
0 33 33 14 33 33 22 11 44 22 22 11 11 44 33 44 22 11 44
0 33 33 11 33 32 22 11 44 22 23 11 11 44 33 44 23 11 44
0 33 33 11 33 33 24 11 44 22 22 11 11 44 33 44 22 11 44
0 32 32 14 33 32 24 14 41 22 23 14 14 41 32 41 23 14 41
0 33 33 14 33 33 24 14 41 22 22 14 11 44 33 11 23 14 44
0 33 32 11 33 33 22 11 41 22 22 44 11 44 33 44 23 44 44
0 32 32 11 33 32 44 14 41 23 23 44 14 41 32 11 23 44 41
0 33 32 14 31 32 24 14 41 22 23 14 14 44 32 41 23 14 44
0 33 32 44 33 32 44 14 41 22 23 44 11 44 32 41 23 14 41
0 33 32 14 31 33 24 14 44 22 22 11 11 44 33 41 23 14 44
0 33 33 44 33 33 24 11 44 22 22 11 11 44 33 41 22 11 44
0 33 33 11 33 33 44 11 41 22 22 44 11 44 33 11 33 11 11
0 33 33 11 33 33 44 11 41 23 22 14 11 44 33 44 22 44 44
0 33 33 11 33 33 24 11 44 22 22 11 11 44 33 44 23 11 44
0 33 32 14 33 33 24 11 44 22 23 14 11 44 33 11 23 14 44
0 33 32 14 33 33 24 11 44 23 23 14 14 41 32 41 23 14 44
0 32 32 14 31 32 24 14 41 23 23 14 14 41 32 41 23 14 41
0 32 32 14 33 32 24 14 41 22 22 14 11 41 33 11 23 14 44
0 33 33 11 33 32 24 11 41 22 22 11 11 44 33 44 23 11 41
0 33 32 14 33 32 44 11 41 22 23 14 14 41 32 41 23 14 41
0 32 32 14 33 32 24 14 41 22 23 14 14 41 32 41 23 14 44
0 33 33 11 33 33 22 11 44 22 22 11 11 44 33 44 22 11 44
0 33 33 44 33 32 22 11 41 22 23 44 11 44 33 41 23 14 44
0 33 32 14 33 32 24 11 41 23 33 44 11 41 32 41 33 44 44
0 33 33 14 33 33 22 11 44 22 22 11 11 44 33 44 23 11 44
0 33 33 14 33 33 24 11 44 22 23 11 11 44 33 44 23 11 44
0 33 32 11 33 33 22 11 44 22 22 14 11 44 33 44 22 11 44
0 33 33 14 33 33 24 11 44 22 23 14 11 44 33 41 22 11 44
0 32 33 14 33 32 24 14 41 22 23 11 11 44 33 44 23 11 44
0 33 33 14 33 33 24 11 44 22 23 14 11 44 33 41 23 14 44
0 32 32 14 31 32 44 14 41 22 23 14 14 44 32 11 33 14 44
0 33 32 14 31 32 24 14 41 23 23 14 11 44 33 41 23 14 44
0 32 32 14 33 32 44 14 41 23 22 14 14 41 32 41 23 14 44
0 33 32 11 33 33 22 11 41 22 22 11 11 44 33 41 23 11 44
0 33 33 14 33 33 24 11 44 22 22 11 11 44 33 41 23 11 44
0 33 32 14 33 32 24 11 41 23 23 14 14 44 32 44 22 14 44
0 33 33 11 33 33 24 11 44 22 22 14 11 44 33 41 23 11 44
0 33 33 11 33 33 22 11 44 22 22 14 11 44 33 44 22 11 44
0 33 22 44 33 33 44 11 41 22 33 11 11 41 32 41 33 14 41
0 33 33 14 33 33 24 11 44 22 22 11 11 44 33 44 33 11 44
0 33 22 44 33 22 44 14 41 33 33 44 14 44 32 11 33 44 41
0 33 32 14 33 33 24 14 41 23 23 44 11 41 33 41 33 14 41
0 32 32 14 33 32 22 11 41 22 23 14 11 44 33 44 23 14 44
0 33 33 11 33 33 24 11 44 22 22 11 11 44 33 44 33 11 44
0 33 32 11 33 33 22 11 44 22 22 14 11 44 33 41 22 11 44
0 33 33 11 33 33 22 11 44 22 22 11 11 44 33 44 22 11 44
0 33 33 11 33 33 24 14 44 22 22 11 11 44 33 41 22 11 41
0 33 33 11 33 33 22 11 41 22 22 14 11 44 33 44 22 11 44
0 32 22 14 33 32 44 14 41 22 23 14 11 44 33 11 33 14 41
0 33 32 14 33 33 44 14 41 22 23 14 14 41 32 41 33 14 44
0 33 22 44 31 22 44 14 11 22 23 11 11 44 32 11 33 14 41
0 33 32 14 33 32 24 11 44 23 22 14 11 44 33 41 23 14 41
0 32 32 14 31 32 24 14 41 22 23 14 14 41 32 41 23 14 41
0 33 33 11 33 33 22 11 44 22 22 11 11 44 33 44 22 11 44
0 32 32 14 31 32 24 14 41 23 23 14 14 41 32 11 33 14 41
0 33 32 14 31 33 44 14 44 22 22 14 11 44 33 44 23 11 44
0 33 33 11 33 33 22 11 44 22 22 11 11 44 33 44 22 11 44
0 33 32 14 31 33 44 11 44 22 23 14 11 44 32 41 22 14 44
0 33 32 14 33 33 44 14 41 22 22 14 11 44 33 41 23 14 44
0 33 33 11 33 33 24 11 44 22 22 14 11 44 33 41 23 14 44
0 33 32 14 31 32 24 14 41 23 23 14 14 41 32 41 23 14 41
0 33 33 44 33 33 24 11 44 22 23 44 11 44 32 11 23 44 44
0 33 32 14 33 33 22 11 41 22 22 14 11 44 33 44 22 11 44
0 33 33 14 33 33 24 11 44 22 23 14 11 44 32 41 23 14 41
0 32 32 44 31 33 44 44 41 23 33 44 11 44 33 41 33 44 41
0 33 33 11 33 33 22 11 44 22 22 11 11 44 33 44 23 11 44
0 33 33 11 33 33 22 11 41 22 22 11 11 44 33 44 22 11 44
0 33 33 11 33 33 22 11 44 22 22 11 11 44 33 44 23 11 44
0 33 33 11 33 33 24 14 41 22 22 14 11 44 33 41 23 11 44
0 33 33 11 33 33 24 11 41 22 22 14 11 44 33 44 22 11 44
0 33 33 44 33 33 24 11 44 22 33 14 14 44 33 11 33 14 44
0 32 22 44 31 22 44 44 11 33 33 44 14 11 32 11 33 44 44
0 33 22 44 33 22 44 14 11 22 23 44 14 41 22 11 33 44 41
0 33 32 14 31 32 24 14 41 22 22 44 11 41 33 44 33 14 41
0 32 22 44 31 33 44 14 41 22 23 14 14 44 33 41 23 44 41
0 33 32 11 33 33 22 11 44 22 22 14 11 44 33 41 22 14 44
0 33 32 11 31 32 24 44 41 22 23 44 14 41 33 41 23 14 44
0 33 33 44 33 32 44 14 41 22 23 44 11 44 32 41 33 14 41
0 33 33 14 33 33 22 14 41 22 22 14 11 44 33 44 23 14 44
0 33 22 14 33 33 24 14 41 22 22 44 11 41 32 44 33 14 41
0 33 22 11 33 33 44 14 41 22 23 14 11 44 33 41 23 44 41
0 33 22 14 33 33 24 11 41 22 23 14 11 44 32 11 33 11 44
0 33 33 11 33 33 22 14 44 22 22 14 11 44 33 44 22 11 44
0 33 33 14 33 33 24 11 41 22 23 14 14 44 33 41 23 44 44
0 32 22 44 31 22 44 44 41 23 23 44 14 41 22 11 33 44 41
0 33 22 14 33 33 22 11 41 22 22 14 11 44 33 41 33 14 44
0 33 33 11 33 33 24 11 44 22 22 11 11 44 33 44 23 14 44
0 33 33 11 33 33 22 11 44 22 22 14 11 44 33 44 23 11 44
0 33 32 14 31 32 44 14 41 22 23 14 14 44 33 41 23 14 41
0 33 32 14 33 33 24 11 44 22 22 11 11 44 33 44 23 11 44
0 33 33 11 31 33 24 11 44 22 22 11 11 44 33 44 22 11 44
0 33 32 11 33 32 24 11 44 22 22 14 11 44 33 44 23 11 44
0 33 32 11 33 33 22 11 44 22 22 11 11 41 33 41 23 11 44
0 33 33 11 33 33 24 11 44 22 22 14 11 44 33 44 23 14 44
0 33 32 14 31 33 44 11 44 22 33 44 11 41 33 11 22 14 44
0 33 33 14 33 33 22 14 44 22 22 14 11 44 33 44 22 11 44
0 32 32 14 31 32 44 11 41 22 33 14 11 44 33 11 23 11 41
0 33 33 14 33 33 44 11 44 22 22 14 11 44 33 41 23 14 44
0 32 32 14 33 32 44 11 44 23 23 14 11 41 33 41 23 14 41
0 33 32 14 33 32 24 14 44 22 23 14 11 44 33 44 23 14 41
0 33 32 11 31 32 24 14 41 22 23 14 14 44 33 44 23 14 41
0 22 32 44 33 32 24 44 11 23 33 44 11 41 32 11 33 44 41
0 33 22 44 33 33 44 14 11 23 23 44 11 41 33 11 33 44 41
0 33 32 14 33 33 24 11 44 22 23 11 11 44 32 44 23 11 44
0 32 22 44 31 33 44 44 41 22 33 44 11 41 32 11 33 14 11
0 33 33 11 33 33 22 11 44 22 22 11 11 44 33 41 22 11 44
0 33 32 14 33 33 22 11 41 23 22 14 11 44 33 41 23 11 44
0 32 32 44 31 32 44 14 41 22 33 44 11 44 32 11 33 14 44
0 33 33 11 33 33 24 11 41 22 22 11 11 44 33 41 23 11 44
0 33 32 44 33 32 44 14 41 23 33 44 14 41 33 11 33 44 41
0 32 22 14 31 22 44 44 11 23 23 44 11 41 22 11 33 44 41
0 22 22 44 11 22 44 44 11 23 33 44 44 11 22 11 33 44 11
0 33 32 11 33 33 24 14 44 22 23 14 11 44 33 44 23 14 44
0 32 22 44 11 22 44 44 11 23 33 44 44 41 32 11 33 44 41
0 32 22 44 31 32 44 44 11 22 33 44 14 41 22 11 33 44 41
0 33 32 14 31 32 24 14 41 22 23 44 11 44 33 41 23 14 41
0 33 33 14 31 33 24 11 41 22 23 14 11 44 33 41 23 14 44
0 33 33 14 33 33 22 11 44 22 22 11 11 44 33 44 23 14 41
0 33 33 11 33 33 24 11 44 22 22 14 11 44 33 41 23 44 44
0 33 33 11 33 32 24 14 41 22 22 14 11 44 33 41 23 11 44
0 33 32 14 33 32 24 14 41 22 22 14 11 44 33 44 23 14 44
0 33 33 11 33 33 22 11 41 22 22 11 11 44 33 44 22 11 44
0 33 33 14 33 33 22 11 44 22 23 14 11 44 33 44 23 11 44
0 33 33 11 33 33 24 11 44 22 22 11 11 44 33 44 23 11 44
0 33 32 14 33 33 22 14 41 22 23 11 11 44 33 44 22 11 44
0 33 22 44 33 32 44 14 11 22 33 44 44 41 33 11 33 14 41
0 32 22 44 31 22 44 44 11 33 33 44 11 41 33 11 33 44 41
0 33 33 11 33 33 22 11 44 22 22 11 11 44 33 44 23 11 44
0 33 33 14 33 33 24 11 44 22 22 11 11 44 33 41 22 14 44
0 33 32 14 31 32 24 14 41 23 23 14 14 41 33 41 23 44 41
0 32 22 44 31 32 44 14 41 23 23 44 14 41 32 11 33 14 44
0 33 22 44 33 33 24 14 11 22 33 14 14 11 32 41 33 14 41
0 32 32 14 31 32 24 14 41 23 23 14 14 41 32 41 23 14 41
0 33 22 14 33 33 44 11 41 22 23 14 11 41 33 44 23 14 44
0 33 33 14 33 33 24 11 44 22 23 14 11 44 33 44 23 14 44
0 33 33 14 33 33 24 11 44 22 22 14 11 44 33 44 23 11 44
0 33 32 14 31 33 24 11 44 22 23 14 14 44 33 41 23 14 44
0 33 32 14 33 33 24 11 44 22 22 14 11 44 33 44 23 14 44
0 33 33 11 33 33 22 11 44 22 22 11 11 44 33 44 22 11 44
0 33 22 44 31 32 44 44 11 23 23 44 11 41 22 11 33 14 11
0 33 22 44 31 33 44 14 11 22 23 44 11 41 33 11 33 11 41
0 33 32 11 33 33 22 11 44 22 22 14 11 44 33 41 23 11 44
0 33 32 44 31 32 44 11 41 22 23 44 44 44 32 41 33 14 41
0 33 33 11 33 33 24 11 44 22 22 14 11 44 33 44 22 11 44
0 33 32 11 33 33 24 14 44 22 22 14 11 44 33 41 23 14 41
0 32 32 14 31 32 24 14 41 23 23 14 11 41 32 41 23 14 41
0 33 33 14 33 33 24 11 41 22 22 11 14 44 33 44 23 11 44
0 33 33 11 33 33 22 11 44 22 23 11 11 44 33 41 23 14 44
0 33 32 14 31 32 24 14 41 22 23 44 11 44 22 44 33 44 44
0 33 33 11 33 33 22 11 44 22 22 11 11 44 33 44 22 11 44
0 33 33 11 33 33 22 11 44 22 22 11 11 44 33 44 22 11 44
0 33 33 14 33 33 24 11 44 22 22 11 11 44 32 44 22 11 44
0 32 32 14 31 32 24 14 41 23 23 14 14 41 32 41 23 14 41
0 32 32 14 31 33 24 14 41 23 23 44 14 44 32 41 23 14 44
0 33 33 14 33 32 44 11 11 22 33 14 11 44 32 41 23 11 44
0 33 33 11 33 33 22 11 44 22 22 11 11 44 33 44 22 11 44
0 33 32 14 33 33 24 14 41 22 23 14 11 44 33 41 23 14 41
0 33 33 11 33 33 22 14 44 22 22 14 11 44 33 44 22 11 44
0 33 32 11 33 32 24 11 41 22 23 14 11 44 33 41 23 14 41
0 33 32 14 33 32 24 14 41 23 23 14 14 44 32 41 23 14 44
0 32 32 14 33 32 24 44 41 22 23 14 14 41 32 41 23 14 41
0 32 32 14 31 32 24 44 41 23 23 14 14 44 32 41 23 14 41
0 32 22 44 33 33 44 44 41 23 33 44 11 44 22 11 23 44 44
0 33 33 11 33 33 22 11 44 22 22 11 11 44 33 44 22 11 44
0 33 33 14 31 33 44 11 41 22 23 14 11 41 33 41 23 14 44
0 33 32 14 33 32 24 14 44 22 23 14 11 44 33 41 23 14 44
0 33 33 14 33 33 24 14 44 22 22 11 11 44 32 41 23 14 44
0 33 33 11 33 33 24 11 41 23 22 14 11 44 33 41 22 14 44
0 33 33 11 33 33 22 11 44 22 22 11 11 44 33 44 22 11 44
0 33 22 14 33 33 24 14 11 22 23 44 11 44 33 41 23 14 44
0 33 33 11 33 33 24 11 44 22 22 14 11 44 32 41 23 11 44
0 32 32 14 31 32 24 14 44 23 23 14 14 41 32 41 23 14 41
0 33 32 11 33 33 44 14 41 22 23 14 11 41 33 41 23 14 44
0 33 33 14 33 33 24 11 44 22 22 11 11 44 33 44 33 11 44
0 33 32 14 33 33 24 11 41 22 22 44 11 44 32 41 22 11 44
0 33 33 14 33 32 24 14 41 22 23 14 11 41 33 41 33 44 44
0 33 32 14 31 32 24 14 41 22 23 14 14 41 32 41 33 14 41
0 33 32 14 33 33 22 14 41 22 23 14 11 41 32 41 22 11 44
0 32 22 14 33 32 44 14 41 22 33 44 14 44 33 11 33 14 41
0 33 33 14 33 32 24 11 44 22 22 14 11 44 33 41 23 11 44
0 33 32 44 31 32 24 14 41 23 23 14 14 41 33 41 23 14 44
0 33 32 14 33 33 24 44 41 22 22 14 11 44 33 41 33 14 44
0 33 33 11 33 33 22 11 44 22 22 11 11 44 33 44 22 11 44
0 33 32 14 33 32 24 11 41 22 22 14 11 44 33 41 22 11 44
0 33 33 11 33 33 24 14 44 22 22 11 11 44 33 41 23 14 44
0 33 32 11 33 33 24 11 44 22 22 14 11 44 33 44 23 14 44
0 33 32 44 33 32 44 14 41 23 23 11 14 41 32 41 23 14 41
0 33 33 44 33 33 44 11 44 22 23 14 11 44 32 11 22 14 41
0 33 32 14 33 33 22 11 44 22 22 11 11 44 33 41 23 11 44
0 33 33 11 33 33 22 11 44 22 22 14 11 44 33 44 22 11 44
0 32 33 14 33 33 24 11 44 22 22 14 11 44 33 44 23 11 44
0 33 33 14 33 33 24 11 41 22 22 14 11 41 33 41 23 14 44
0 32 32 14 31 32 24 14 41 22 23 14 11 44 32 41 23 14 41
0 33 22 44 31 22 44 44 41 33 23 14 11 41 32 11 33 44 44
0 33 32 14 31 32 24 14 41 22 23 14 11 44 32 41 22 14 44
0 33 33 14 33 33 24 14 44 22 23 14 11 44 32 41 23 14 44
0 33 22 44 31 33 24 14 41 22 23 14 14 44 33 11 23 14 41
0 32 22 44 31 32 24 11 11 22 33 14 11 41 33 41 33 44 44
0 33 32 14 31 32 24 11 44 23 22 14 14 41 32 41 23 14 41
0 33 33 14 33 32 22 14 41 22 22 44 11 44 33 44 23 44 44
0 33 32 44 33 33 24 11 44 22 22 14 11 44 33 41 23 14 44
0 32 32 44 31 33 44 44 41 33 23 14 14 41 32 41 23 44 41
0 33 32 44 31 22 44 44 41 23 22 14 14 11 22 11 33 14 44
0 33 33 11 33 33 22 11 44 22 22 11 11 44 33 44 22 11 44
0 33 33 11 33 33 22 11 44 22 22 11 11 44 33 44 22 11 44
0 33 32 14 33 33 44 44 41 22 22 14 11 41 32 41 23 14 41
0 33 32 11 33 33 24 11 41 22 23 14 11 44 32 44 33 44 44
0 33 33 14 33 33 24 11 41 22 22 14 11 44 33 41 23 11 44
0 33 33 11 33 33 24 11 44 22 22 11 11 44 33 44 22 11 44
0 33 32 14 33 32 24 14 41 22 23 14 14 44 33 41 23 11 41
0 33 33 14 33 33 24 14 41 22 22 44 11 44 33 11 23 14 41
0 33 33 11 33 33 24 11 41 22 22 11 11 44 33 44 22 11 44
0 32 22 44 31 32 44 14 41 23 23 44 14 41 32 41 33 44 41
0 33 33 11 33 33 22 11 44 22 22 11 11 44 33 44 22 11 44
0 33 33 11 33 33 22 11 44 22 22 11 11 44 33 44 22 11 44
0 33 32 11 33 33 24 11 44 22 23 14 14 44 33 41 23 11 44
0 33 32 11 33 22 44 11 41 22 22 14 11 44 33 41 23 14 44
0 33 33 11 33 33 22 11 44 22 22 11 11 44 33 41 23 11 44
0 33 33 14 33 33 22 11 44 22 22 11 11 44 33 44 22 11 44
0 33 22 44 33 22 44 44 11 23 33 44 14 41 32 11 33 44 44
0 32 32 14 31 32 24 14 41 23 23 14 14 41 32 41 23 14 41
0 32 32 14 31 32 24 14 41 23 23 14 14 41 32 41 23 14 41
0 32 32 44 31 32 24 14 41 22 23 14 11 41 32 41 23 14 41
0 33 33 11 33 33 22 11 44 22 23 11 11 44 32 44 23 11 44
0 33 33 14 33 33 22 11 44 22 22 11 11 44 32 44 23 11 44
0 32 32 44 31 32 24 14 41 22 22 14 14 41 32 11 33 14 44
0 33 33 11 33 33 22 14 44 22 22 11 11 44 33 44 22 11 44
0 32 32 14 31 33 24 14 41 22 23 14 11 41 33 11 33 44 41
0 33 32 14 31 32 24 11 41 23 23 14 14 41 32 41 33 14 44
0 33 32 11 33 33 24 11 44 22 22 14 11 44 33 41 22 11 44
0 22 32 44 11 32 44 44 41 22 23 44 44 44 22 41 33 44 41
0 32 32 14 33 33 24 14 41 23 23 14 11 41 33 41 23 14 41
0 32 32 14 33 33 44 14 41 22 23 44 11 44 33 11 33 11 41
0 33 32 14 33 33 24 11 44 22 22 11 11 44 33 41 23 11 44
0 33 33 11 31 33 24 11 44 22 23 14 11 44 33 41 23 14 44
0 33 33 11 33 22 44 44 41 22 22 44 14 44 32 41 33 44 41
0 22 22 44 11 22 44 44 11 23 33 44 14 11 32 11 33 44 44
0 33 33 11 33 33 24 14 41 22 22 11 11 44 33 41 33 11 44
1 33 33 11 33 33 22 11 44 22 22 14 11 44 33 44 22 11 44
1 33 22 14 31 32 24 44 11 23 23 14 11 41 33 11 33 14 41
1 22 22 44 31 22 44 44 11 23 23 44 14 41 22 11 33 44 11
1 32 32 14 33 32 24 14 44 22 22 14 11 44 33 11 23 44 41
1 33 33 11 33 33 22 11 44 22 22 11 11 44 33 44 22 11 44
1 33 32 14 33 32 22 14 41 22 23 14 11 44 33 41 23 14 41
1 22 22 44 11 22 44 44 41 33 33 44 14 11 22 11 33 44 41
1 33 33 11 33 33 22 11 44 22 22 11 11 44 33 44 22 11 44
1 33 33 14 31 32 24 14 44 22 23 11 14 44 32 41 23 11 44
1 33 32 14 33 32 24 11 44 22 22 44 11 44 33 44 23 44 44
1 32 32 14 31 22 44 14 41 23 23 14 14 41 32 41 23 14 41
1 33 32 11 33 33 24 11 41 22 23 11 14 44 32 41 23 11 44
1 33 33 14 33 33 22 11 44 22 22 11 11 44 33 44 23 11 44
1 32 22 44 33 32 44 14 11 23 23 44 11 44 32 11 33 44 41
1 33 33 11 33 33 22 11 44 22 23 14 11 44 33 44 23 11 44
1 33 32 14 33 33 22 14 44 22 22 11 11 44 32 41 23 11 44
1 33 33 14 33 33 22 11 44 22 22 11 11 44 33 41 33 14 44
1 33 33 11 33 33 22 11 41 22 22 11 11 44 33 11 22 14 44
1 33 33 11 33 33 22 11 44 22 22 11 11 44 33 44 22 11 44
1 33 33 14 33 33 24 11 44 22 22 14 11 44 33 41 23 14 41
1 33 33 11 33 33 24 14 41 22 23 11 11 44 33 41 22 11 44
1 32 32 14 33 32 44 44 41 22 33 14 11 41 32 11 33 44 41
1 33 32 14 31 32 24 14 41 22 23 14 14 44 32 44 23 14 41
1 33 32 11 33 33 24 11 44 22 23 44 11 44 33 41 23 11 44
1 33 32 11 33 33 24 11 11 22 22 11 11 44 33 41 23 11 44
1 32 22 44 31 32 44 14 11 23 23 44 14 41 33 41 23 11 41
1 33 33 11 33 33 22 11 41 22 22 11 11 44 33 44 23 11 44
1 33 22 14 33 22 24 14 41 22 23 44 11 44 33 41 23 11 44
1 33 33 11 33 33 22 11 44 22 22 11 11 44 33 44 22 11 44
1 32 32 14 31 32 24 14 41 23 23 14 14 41 32 41 23 14 41
1 33 32 14 33 33 24 11 41 23 22 14 14 44 33 44 23 11 44
1 33 22 44 33 32 44 11 41 22 22 44 11 44 33 41 23 14 44
1 33 22 44 31 33 24 44 41 22 23 14 11 44 33 41 33 14 44
1 32 32 14 33 32 24 11 41 22 22 14 11 44 32 41 23 14 44
1 33 32 11 33 33 22 11 41 22 22 11 11 44 33 41 22 11 44
1 33 33 11 33 33 22 11 44 22 22 11 11 44 33 44 22 11 44
1 32 32 14 33 32 24 14 41 23 23 14 14 41 32 41 23 14 41
1 22 22 44 33 32 44 11 41 22 23 44 44 41 33 11 33 14 41
1 33 33 11 33 33 22 11 44 22 22 11 11 44 33 44 22 11 44
1 33 32 14 33 32 24 14 41 23 23 11 14 44 32 41 23 14 41
1 33 33 14 33 33 44 11 41 22 23 14 11 44 33 41 33 14 44
1 33 33 11 33 33 24 11 44 22 22 14 11 44 33 44 22 11 44
1 33 32 14 31 32 22 14 44 22 23 14 11 44 33 41 23 14 44
1 33 33 14 31 32 24 14 41 23 23 14 11 44 33 41 23 11 44
1 32 32 14 31 22 44 44 41 23 23 44 11 41 33 11 33 44 41
1 33 33 11 33 33 22 11 44 22 22 11 11 44 33 44 23 14 44
1 33 22 14 31 33 44 11 41 23 23 44 14 44 22 11 23 44 11
1 32 32 14 31 32 24 14 41 23 23 14 14 41 32 41 23 14 41
1 33 32 14 33 32 24 14 44 22 23 11 11 44 33 41 23 11 44
1 32 32 44 33 32 24 44 11 22 23 14 11 44 32 41 33 14 41
1 33 32 14 33 33 24 14 41 22 23 44 11 44 33 41 23 14 44
1 32 32 14 31 32 44 14 41 22 23 14 11 41 33 41 23 14 41
1 33 33 11 33 33 24 14 41 22 22 11 11 44 33 44 23 11 44
1 33 32 11 33 32 24 14 44 22 23 14 11 44 33 41 23 14 44
1 33 32 44 11 32 24 14 41 22 23 44 14 41 32 11 33 44 41
1 33 32 14 33 33 24 14 41 22 22 14 11 44 33 41 23 11 44
1 32 32 14 31 32 24 14 41 23 22 14 14 41 32 41 23 14 41
1 33 33 11 33 33 22 11 44 22 22 11 11 44 33 44 22 11 44
1 33 33 14 33 33 22 11 44 22 22 44 11 44 33 41 22 11 44
1 32 22 14 11 32 44 14 11 22 23 44 44 44 22 11 33 44 41
1 33 33 11 33 33 22 11 44 22 22 11 11 44 33 44 22 11 44
1 33 33 44 33 32 44 14 11 22 23 44 11 41 32 11 33 44 41
1 33 33 11 33 33 22 11 44 22 22 11 11 44 33 41 22 11 44
1 32 32 14 31 32 24 14 11 23 23 14 14 41 32 41 23 14 41
1 33 33 11 33 33 22 11 44 22 22 11 11 44 33 41 22 11 44
1 32 32 14 31 32 24 14 41 23 23 14 14 41 32 41 23 14 41
1 33 32 14 33 32 24 14 41 22 22 11 11 44 33 44 23 11 44
1 33 32 14 33 33 22 14 44 22 23 11 11 44 33 44 22 11 44
1 32 32 44 31 33 44 44 11 22 23 44 11 41 32 11 33 14 11
1 32 33 14 31 33 24 14 41 23 23 14 14 44 33 41 23 14 41
1 33 32 14 33 33 24 14 41 22 22 11 11 44 33 44 23 14 44
1 33 33 14 33 33 22 11 44 22 22 11 11 44 33 44 23 11 44
1 33 32 11 31 32 24 11 41 22 22 14 11 44 33 44 23 11 44
1 33 32 44 31 22 44 14 44 23 33 44 14 41 33 11 33 44 41
1 33 32 44 31 33 24 14 41 22 22 44 11 41 32 41 33 14 41
1 32 32 44 31 32 24 14 41 23 23 14 14 41 33 11 33 14 41
1 32 32 14 31 32 44 14 41 23 23 14 14 41 32 41 23 14 41
1 32 32 44 31 22 24 14 11 23 33 44 14 41 32 41 33 44 41
1 32 22 44 31 32 44 14 11 33 23 44 44 11 22 11 33 44 41
1 33 32 44 33 32 22 14 41 22 22 11 11 44 33 44 23 44 44
1 33 33 14 33 33 24 14 41 22 22 14 11 44 33 44 23 11 44
1 33 33 11 33 33 22 11 44 22 22 11 11 44 33 41 22 11 44
1 32 32 14 33 32 24 14 41 22 23 14 14 41 33 41 23 14 41
1 33 33 44 33 33 24 11 44 22 23 14 11 44 33 44 22 11 44
1 33 32 14 33 32 24 11 41 22 22 14 11 44 33 44 22 11 41
1 22 22 44 31 32 44 44 11 23 33 44 44 41 22 11 23 44 41
1 33 33 11 33 33 24 11 44 22 22 11 11 44 33 41 22 14 44
1 33 33 14 33 33 22 11 41 22 22 11 11 44 33 41 23 11 44
1 22 22 44 11 22 44 44 11 22 23 44 14 11 22 11 33 44 41
1 33 33 11 33 33 22 11 41 22 23 14 11 44 33 44 23 11 44
1 33 32 14 33 32 24 14 41 22 23 14 11 44 33 41 23 14 41
1 33 22 14 11 22 44 14 11 22 33 44 11 44 32 11 33 44 41
1 33 32 11 33 33 24 11 41 22 23 11 11 44 33 44 22 11 44
1 33 33 11 33 33 24 11 44 22 22 11 11 44 33 44 23 11 44
1 33 32 14 33 33 24 14 41 23 22 11 11 41 32 41 23 14 44
1 33 22 44 31 33 44 44 41 22 23 44 14 41 32 11 33 11 41
1 32 32 44 31 32 44 44 11 23 23 14 11 41 32 41 33 14 44
1 33 32 14 33 33 44 11 11 22 22 11 11 44 32 44 23 44 44
1 33 33 11 33 33 24 11 44 22 23 11 11 44 33 41 22 11 44
1 33 33 11 33 33 22 11 44 22 22 11 11 44 33 44 22 11 44
1 33 32 44 31 32 24 11 41 22 22 14 14 44 32 41 23 14 41
1 33 33 11 33 33 22 11 44 22 22 11 11 44 33 44 22 11 44
1 33 33 44 33 32 24 44 11 22 23 14 14 44 22 11 33 14 41
1 33 22 44 33 32 44 44 44 23 33 44 14 44 32 11 33 14 44
1 33 33 11 33 33 22 11 44 22 22 11 11 44 33 44 22 11 44
1 33 33 11 33 33 22 11 44 22 22 11 11 44 33 44 22 11 44
1 33 32 11 33 33 44 11 44 22 22 14 11 44 33 44 22 11 44
1 33 32 14 31 32 24 14 41 23 23 14 14 41 32 41 22 44 41
1 33 33 11 33 33 24 11 44 22 22 14 11 44 33 41 22 11 44
1 32 32 14 31 32 24 14 41 23 23 14 14 41 32 41 23 14 41
1 33 33 14 33 33 24 14 41 22 23 14 11 44 33 41 23 14 44
1 33 33 11 33 33 22 11 44 22 22 11 11 44 33 44 22 11 44
1 33 33 14 33 32 24 14 41 23 23 14 11 41 33 41 23 14 41
1 33 32 14 33 33 24 11 41 22 23 44 11 44 32 41 23 14 41
1 33 33 11 33 33 22 11 44 22 22 11 11 44 33 41 22 14 44
1 33 22 14 31 32 44 14 44 22 33 44 11 44 32 41 33 11 44
1 33 32 44 33 32 24 11 44 22 22 11 11 44 33 44 22 11 44
1 33 33 11 33 33 24 14 44 22 22 14 11 44 33 44 23 11 44
1 33 33 11 33 33 22 11 41 22 22 11 11 44 33 44 22 11 44
1 33 32 14 33 32 44 14 44 22 22 44 11 44 33 41 33 11 41
1 33 33 14 33 33 22 11 44 22 23 11 11 44 33 44 22 11 44
1 33 32 14 33 33 22 11 41 22 22 44 11 44 33 44 23 11 44
1 33 33 11 33 33 22 11 44 22 22 11 11 44 33 44 22 11 44
1 32 32 14 31 32 24 14 41 22 23 14 14 44 32 41 23 14 41
1 33 33 11 33 33 22 11 44 22 22 11 11 44 33 44 23 11 44
1 33 32 14 33 33 24 14 41 22 23 14 11 44 32 41 23 14 44
1 33 33 14 33 33 24 11 44 22 22 11 11 44 33 41 23 11 44
1 33 32 14 31 32 24 14 41 22 23 14 11 44 33 41 23 14 41
1 33 33 14 11 32 44 14 11 23 23 44 11 41 32 41 33 44 44
1 33 33 44 33 33 44 11 44 22 22 14 14 44 32 41 33 11 41
1 33 32 14 33 33 24 11 44 22 22 11 11 44 33 44 23 14 44
1 33 32 14 33 33 22 14 44 22 23 14 11 44 32 44 22 11 44
1 32 32 14 31 32 24 14 41 23 23 14 11 44 32 41 23 14 41
1 33 32 14 33 32 44 11 44 22 23 44 11 44 32 41 23 14 44
1 33 33 11 33 33 24 11 44 22 22 11 11 44 33 44 23 11 44
1 33 32 14 33 32 22 11 41 22 23 14 11 44 33 44 23 14 44
1 33 32 11 33 33 24 11 44 22 22 14 11 44 33 44 23 11 44
1 33 32 14 31 33 24 14 44 22 23 14 14 44 33 44 23 14 44
1 33 33 11 33 33 22 11 44 22 22 11 11 44 33 44 22 11 44
1 33 33 14 33 32 24 11 44 22 23 14 11 44 32 41 23 11 44
1 33 32 14 33 33 24 11 44 22 22 11 11 44 33 41 23 14 44
1 33 32 11 33 33 24 11 44 23 23 44 11 44 33 41 22 14 44
1 33 32 14 33 33 22 11 41 22 22 14 11 44 33 41 23 11 44
1 33 33 11 33 33 22 11 44 22 22 11 11 44 33 44 22 11 44
1 33 32 14 31 22 44 14 44 23 23 14 14 44 33 41 23 44 41
1 33 33 11 33 33 24 14 41 22 22 44 14 41 33 41 22 14 41
1 33 33 14 33 33 44 11 44 22 22 11 11 44 33 44 23 14 44
1 33 33 11 33 33 22 11 44 22 22 11 11 44 33 44 22 11 44
1 32 32 14 31 32 24 14 41 23 23 14 11 41 32 41 23 14 41
1 33 33 14 33 32 22 11 41 22 22 11 11 44 33 41 23 14 44
1 33 33 11 33 33 22 11 41 22 22 11 11 44 33 44 22 11 44
1 33 33 11 33 33 24 11 44 22 22 14 11 44 33 44 23 11 44
1 33 33 11 31 33 22 11 44 22 22 11 11 44 33 44 23 11 44
1 33 32 14 33 33 44 11 41 22 22 14 11 44 33 11 33 11 44
1 33 32 11 33 33 24 14 44 22 23 14 11 44 33 41 23 14 44
1 32 32 44 31 32 24 14 44 23 22 44 14 44 32 41 33 14 41
1 33 33 14 33 32 24 14 41 22 23 14 11 44 33 41 23 14 44
1 33 33 11 33 33 22 11 44 22 22 11 11 44 33 44 22 11 44
1 33 32 14 33 33 24 11 41 22 23 14 11 44 32 44 23 14 44
1 33 33 11 33 33 24 11 44 22 22 11 11 44 33 44 22 11 44
1 33 33 14 33 32 24 14 41 22 33 14 14 41 32 41 23 11 44
1 33 32 11 33 33 22 11 44 22 22 14 11 44 33 41 33 14 44
1 33 33 11 33 33 22 11 44 22 22 11 11 44 32 44 23 14 44
1 33 32 14 33 32 24 14 41 23 22 14 11 44 32 41 23 14 41
1 33 32 11 33 33 24 11 44 22 23 14 11 44 33 44 33 14 44
1 22 33 44 31 33 44 11 44 23 22 44 11 41 32 41 33 11 44
1 33 33 14 33 33 24 14 44 22 23 14 11 44 33 41 33 44 44
1 32 22 44 31 32 24 44 11 23 33 44 14 41 32 41 33 14 41
1 33 22 14 33 32 44 11 41 22 23 44 11 44 33 41 23 11 41
1 32 32 14 33 32 24 14 41 22 22 14 11 44 32 41 33 14 41
1 33 32 14 33 32 24 14 41 22 22 14 14 41 32 44 23 14 41
1 33 32 14 33 33 24 44 41 23 23 11 11 44 33 41 23 14 41
1 33 33 14 33 32 24 14 41 23 23 44 11 44 32 41 23 14 44
1 33 33 44 33 33 24 11 44 22 22 14 11 44 33 41 22 14 44
1 32 22 44 33 32 44 11 41 23 23 44 11 44 22 41 33 44 41
1 33 33 11 33 33 22 11 44 22 22 11 11 44 33 44 23 11 44
1 33 32 14 33 33 22 11 44 22 22 11 11 44 33 44 23 11 44
1 33 32 14 33 33 24 11 41 22 22 14 11 44 33 41 23 14 44
1 32 32 44 33 32 24 14 41 22 22 44 11 44 33 11 22 14 41
1 32 33 14 31 33 24 14 41 23 23 14 11 44 32 41 23 14 41
1 33 32 14 33 33 24 11 41 22 22 14 11 44 33 41 22 11 44
1 22 22 44 11 22 44 44 11 23 33 44 14 44 32 11 33 44 41
1 32 32 14 31 32 24 14 41 23 23 14 14 41 32 41 23 14 41
1 32 33 14 31 32 44 11 41 22 23 14 11 44 32 41 33 44 44
1 32 32 14 33 32 24 14 41 22 23 14 11 41 32 41 23 14 44
1 32 22 44 31 32 44 44 11 22 33 44 14 41 32 11 33 14 41
1 32 32 14 31 32 24 14 41 23 23 14 14 41 32 41 23 14 41
1 33 33 11 33 32 44 11 11 22 23 14 11 44 33 44 22 11 41
1 33 32 14 33 32 44 11 44 22 22 44 11 44 33 44 23 44 44
1 33 32 14 31 32 24 14 41 23 23 14 14 41 32 41 23 14 41
1 32 32 14 33 32 24 14 11 22 23 14 11 44 33 41 23 14 41
1 33 32 11 33 33 24 14 44 22 22 11 11 44 33 41 23 11 44
1 32 22 44 31 22 44 44 11 33 33 44 14 11 32 11 33 44 41
1 33 32 14 33 33 22 14 41 22 23 14 11 44 33 11 33 11 44
1 33 32 14 33 33 24 14 41 22 23 14 14 44 33 44 23 11 44
1 33 32 11 33 33 24 11 44 22 22 11 11 44 33 41 23 14 44
1 33 32 14 33 33 22 11 44 22 23 14 11 44 33 41 22 14 44
1 33 32 11 33 33 22 14 11 22 23 14 11 44 33 41 22 14 44
1 33 33 11 31 33 22 11 44 22 22 14 11 44 32 44 22 14 44
1 33 32 44 31 33 44 44 41 22 22 14 11 41 32 41 33 14 41
1 33 33 14 33 33 22 44 44 22 22 14 11 44 33 44 22 14 44
1 33 33 11 33 33 22 11 41 22 22 11 11 44 33 41 22 11 44
1 33 33 14 33 33 22 11 44 22 23 11 11 44 33 44 23 11 44
1 32 22 44 33 33 44 11 41 23 33 44 11 44 33 41 33 44 41
1 33 33 44 11 33 44 44 11 22 33 44 11 44 33 11 23 44 41
1 33 32 14 33 33 44 44 41 22 23 44 14 44 33 41 33 14 44
1 33 33 14 33 33 24 11 41 22 22 11 11 44 33 44 23 14 44
1 33 32 14 33 33 24 14 41 22 23 11 11 44 33 44 22 14 44
1 33 32 11 33 33 22 11 44 22 22 11 11 44 33 41 22 14 44
1 33 33 14 33 33 22 11 44 22 22 11 11 44 33 44 22 11 44
1 33 33 11 33 33 24 11 44 22 22 11 11 44 33 44 23 11 44
1 33 33 44 33 33 24 11 44 22 23 44 11 44 33 41 33 14 44
1 33 33 14 33 32 24 14 44 22 22 14 11 44 32 41 23 14 44
1 33 32 44 33 32 44 44 41 22 23 14 11 41 32 44 33 14 44
1 32 32 14 31 32 24 44 41 23 23 14 14 41 32 41 23 14 41
1 33 33 11 33 32 24 11 44 22 22 14 11 41 33 44 23 11 44
1 33 33 11 33 33 24 11 44 22 22 14 11 44 33 44 22 14 44
1 32 22 44 31 32 44 44 11 23 23 44 14 44 32 11 23 14 44
1 33 32 14 33 32 24 14 41 23 23 14 14 44 32 41 23 14 41
1 33 33 11 33 33 24 14 44 22 23 11 11 44 33 44 22 11 44
1 32 32 14 31 32 24 14 41 23 23 14 14 41 32 41 23 14 41
1 33 32 14 33 33 24 14 44 22 33 11 11 44 33 41 23 14 44
1 33 32 14 31 32 44 14 11 22 23 44 14 41 32 41 33 44 11
1 32 32 14 33 33 24 14 41 23 23 14 14 41 32 41 23 14 44
1 33 33 11 33 33 22 11 44 22 22 11 11 44 33 44 22 11 44
1 33 33 11 33 33 22 11 44 22 22 11 11 44 33 44 22 11 44
1 32 32 14 31 32 24 14 41 23 23 44 11 41 32 41 33 14 44
1 32 32 44 31 32 44 14 41 23 23 44 14 41 32 41 33 14 41
1 33 32 14 33 32 44 11 44 22 23 14 11 44 33 11 33 11 44
1 33 32 14 31 22 24 14 41 22 23 44 14 41 33 41 33 14 44
1 32 32 14 31 32 24 14 41 23 23 14 14 41 32 41 23 14 41
1 33 33 11 33 33 22 11 41 22 23 44 11 44 33 11 23 14 44
1 33 33 14 33 33 22 14 41 22 22 11 11 44 33 44 23 14 44
1 33 32 11 33 33 24 11 44 22 22 14 11 41 33 41 23 11 44
1 32 22 14 31 32 44 14 41 23 23 44 14 41 32 11 33 44 41
1 33 32 11 33 32 44 14 41 22 23 44 14 44 33 44 33 14 41
1 33 33 11 33 33 24 11 44 22 22 11 11 44 33 41 22 11 44
1 33 32 11 33 33 22 11 41 22 22 14 11 41 33 44 23 11 44
1 33 33 11 33 33 22 11 44 22 22 11 11 44 33 44 22 11 44
1 33 32 14 33 32 44 14 41 22 23 14 11 44 33 44 23 11 44
1 33 32 14 31 32 24 14 41 23 23 14 14 44 33 41 23 14 44
1 32 33 14 33 33 24 14 41 23 22 11 11 44 33 41 22 11 41
1 33 33 14 33 32 22 11 44 22 23 14 11 44 33 44 23 11 44
1 33 33 14 31 33 22 11 44 22 23 11 11 44 33 44 22 11 44
1 33 32 14 33 33 24 11 44 22 23 14 11 44 33 44 23 44 44
1 33 22 44 33 33 24 11 44 23 23 44 11 44 32 44 33 44 44
1 33 33 14 33 33 24 11 44 22 22 11 11 44 33 44 23 11 44
1 33 22 14 33 32 24 14 41 22 22 44 14 44 33 41 23 11 44
1 33 32 11 33 33 22 11 41 22 22 44 11 44 33 11 23 14 44
1 33 32 14 31 32 24 14 41 22 22 14 11 41 32 41 23 14 41
1 32 32 14 31 32 24 14 41 23 22 14 11 41 33 41 23 14 41
1 33 22 44 33 33 22 11 44 22 22 11 11 44 33 44 22 11 44
1 33 33 11 33 33 22 11 44 22 22 11 11 44 33 44 22 11 44
1 33 32 14 33 33 22 14 41 22 22 14 11 44 33 41 23 11 44
1 33 32 11 31 22 22 11 41 22 33 14 11 44 33 41 22 11 44
1 33 33 11 33 33 22 11 44 22 22 11 11 44 33 44 22 11 44
1 33 33 11 33 33 22 11 44 22 22 11 11 44 33 44 23 11 44
1 33 33 14 33 33 22 11 41 22 22 14 11 44 33 44 23 14 44
1 33 33 11 33 32 24 14 44 22 22 14 11 44 33 44 22 14 44
1 33 32 44 33 33 24 11 41 22 23 11 11 44 33 41 23 14 44
1 33 32 14 33 33 24 11 41 23 22 14 11 41 33 44 23 14 41
1 33 33 14 31 33 24 14 41 22 23 14 11 41 33 41 23 14 44
1 33 22 44 33 32 44 44 11 22 23 14 14 44 33 11 33 44 44
1 22 22 44 11 22 44 44 11 33 33 44 44 41 22 11 33 44 11
1 33 33 11 33 33 24 11 41 22 22 11 11 44 33 41 22 11 44
1 33 32 14 33 32 44 44 44 22 23 44 14 44 32 41 33 14 44
1 33 33 44 33 32 24 14 41 22 23 14 11 41 32 41 23 14 44
1 33 32 14 31 32 22 14 41 22 23 14 14 41 32 11 23 14 44
1 32 32 14 31 32 24 14 41 23 23 44 11 44 32 11 23 14 41
1 33 32 14 33 33 22 11 41 22 22 11 14 44 33 41 22 14 44
1 33 32 14 33 33 24 11 44 22 23 14 11 44 33 11 33 11 44
1 32 22 44 11 22 44 44 11 23 33 44 44 41 32 11 33 44 11
1 33 33 11 33 32 24 11 41 22 22 14 11 44 33 44 23 11 41
1 32 32 14 31 32 24 14 41 23 23 14 14 44 33 41 23 14 44
1 33 32 14 33 32 24 14 44 23 22 14 11 44 32 41 23 11 41
1 32 32 11 31 32 24 14 41 22 23 14 11 44 33 41 23 14 44
1 33 33 11 33 33 22 11 44 22 22 11 11 44 33 44 22 11 44
1 33 32 14 33 32 44 14 11 22 23 44 14 41 32 44 23 44 41
1 33 32 14 33 33 24 14 41 22 22 14 11 44 33 41 22 14 41
1 33 32 14 33 32 24 14 44 22 23 14 11 41 32 41 23 14 41
1 33 32 14 33 33 44 44 11 23 23 44 11 44 32 11 33 44 41
1 33 33 14 33 32 22 11 44 22 23 11 11 44 33 41 23 11 44
1 32 22 44 31 32 44 44 11 23 33 44 11 41 22 11 23 44 11
1 33 22 44 31 22 44 11 11 22 23 14 11 44 33 11 33 14 41
1 32 32 14 33 32 24 14 41 22 22 11 11 41 32 44 23 11 44
1 32 32 14 31 32 44 14 41 23 23 14 14 41 32 41 33 44 41
1 33 33 14 33 33 24 11 44 22 22 44 11 44 33 44 23 11 44
1 33 33 44 33 33 24 11 44 22 22 14 11 44 33 41 23 14 44
1 33 33 14 33 33 24 11 44 22 22 14 11 44 33 44 23 11 44
1 33 33 11 33 33 22 11 44 22 22 14 11 44 33 44 22 11 44
1 33 33 11 33 33 22 11 44 22 22 11 11 44 33 44 22 11 44
1 33 33 44 33 33 44 14 11 22 22 44 11 44 32 44 33 14 44
1 33 32 44 33 33 44 44 44 22 22 44 11 44 33 41 23 14 41
1 33 33 11 33 33 24 11 44 22 22 11 11 44 33 44 23 11 44
1 33 33 11 33 33 24 11 44 22 22 11 11 44 33 41 23 11 44
1 33 32 11 31 33 24 11 41 22 33 14 11 41 32 11 23 14 44
1 33 33 11 33 33 22 11 44 22 22 11 11 44 33 44 22 11 44
1 33 33 14 33 33 24 11 44 22 22 14 11 44 32 41 23 14 41
1 33 33 11 33 33 22 11 44 22 22 11 11 44 33 44 22 11 44
1 33 32 14 33 32 24 14 44 22 23 14 11 44 32 44 22 11 44
1 33 33 11 33 33 22 11 44 22 22 11 11 44 33 44 22 11 44
1 33 32 11 33 32 24 11 44 22 23 14 11 41 33 44 23 11 44
1 33 32 44 33 33 44 44 41 23 33 44 11 44 22 11 33 14 41
1 32 32 44 31 32 24 14 41 23 23 44 14 41 32 11 23 14 41
1 33 32 11 33 33 24 11 44 22 22 14 11 44 33 11 22 14 44
1 33 33 14 33 33 24 14 44 22 22 11 11 44 33 41 23 14 44
1 33 33 14 33 32 24 14 44 22 22 11 11 41 33 44 23 14 44
1 33 33 11 33 33 22 11 44 22 22 11 11 44 33 44 22 11 44
1 33 32 11 33 32 24 11 44 22 23 11 11 44 32 41 22 11 41
1 33 33 14 33 33 24 14 44 22 22 14 11 44 33 41 23 11 44
1 32 32 14 33 33 24 14 41 22 23 14 11 41 32 41 23 14 41
1 33 32 11 33 33 22 14 44 22 22 11 11 44 33 41 23 14 44
1 33 33 11 33 33 22 11 44 22 22 11 11 44 33 44 22 11 44
1 32 32 14 31 32 44 14 41 23 23 14 11 44 32 41 23 14 44
1 33 33 11 33 33 22 11 44 22 22 14 11 44 33 41 33 11 44
1 33 32 11 33 33 22 11 44 22 22 11 11 44 33 44 22 11 44
1 33 33 14 33 33 22 11 44 22 23 44 11 44 33 11 22 11 44
1 33 33 11 33 33 22 11 44 22 22 11 11 44 33 44 22 11 44
1 33 33 14 33 33 22 11 44 22 22 11 11 44 33 44 23 14 44
1 33 33 11 33 33 22 11 44 22 22 11 11 44 33 44 23 11 44
1 33 33 14 33 33 24 11 44 22 22 14 11 44 33 44 23 11 44
1 33 32 44 33 22 44 14 11 22 33 44 11 44 33 11 33 11 41
1 33 33 11 33 33 22 11 44 22 22 11 11 44 33 44 23 11 44
1 32 22 14 31 32 24 14 41 23 23 14 14 41 32 11 23 44 41
1 33 32 14 33 32 24 11 41 22 22 14 11 44 33 41 23 11 41
1 32 32 14 31 32 24 14 41 22 23 14 14 44 32 41 23 14 44
1 33 33 11 33 33 22 11 44 22 22 11 11 44 33 44 22 11 44
1 33 32 44 33 32 24 11 41 22 22 44 14 44 33 41 22 14 41
1 33 32 44 33 33 24 14 41 22 23 14 11 44 32 41 33 11 41
1 33 32 11 33 33 24 11 44 22 22 14 11 44 33 41 33 14 44
1 33 32 14 33 33 24 14 41 22 23 14 11 44 33 44 33 14 44
1 33 32 14 31 32 24 14 41 23 23 14 11 41 32 41 23 14 44
1 33 33 11 33 33 24 14 44 22 22 14 11 44 33 44 23 11 44
1 33 33 11 33 33 22 11 44 22 22 11 11 44 33 44 23 11 44
1 33 32 14 33 33 22 11 44 22 22 11 11 44 33 44 22 14 44
1 32 32 14 31 33 44 14 11 23 23 44 11 44 33 41 33 14 44
1 32 33 14 33 33 24 14 44 22 23 14 11 41 32 41 23 14 44
1 33 33 11 33 33 24 11 44 22 22 11 11 44 33 44 22 11 44
1 33 33 11 33 33 24 11 44 22 22 11 11 44 33 41 23 11 44
1 33 33 14 33 33 24 11 44 22 22 14 11 44 33 44 22 14 44
1 32 32 14 33 33 24 14 44 22 23 14 11 44 32 41 22 14 44
1 33 33 14 33 33 22 11 44 22 22 14 11 44 33 44 23 14 44
1 33 32 14 33 33 24 14 41 22 23 14 14 44 33 41 23 14 44
1 33 32 14 33 33 44 11 44 22 22 11 11 44 33 44 33 11 44
1 32 32 44 31 22 44 14 11 23 23 14 11 41 22 41 23 14 11
1 32 32 44 33 32 44 44 11 23 33 44 14 44 32 11 33 44 41
1 33 22 44 33 32 24 14 41 22 23 14 11 44 32 41 33 44 44
1 33 33 14 31 33 24 11 41 22 23 14 11 44 33 41 23 44 44
1 33 32 14 33 32 24 14 41 23 23 44 14 41 32 11 23 14 44
1 33 22 14 31 32 24 44 41 23 33 44 14 41 33 11 23 14 44
1 33 33 11 33 33 22 11 44 22 23 11 11 44 33 44 22 11 44
1 33 32 14 33 33 24 14 41 22 22 14 11 44 33 41 33 14 44
1 32 32 14 31 32 44 14 11 23 23 44 14 41 32 41 33 14 41
1 32 32 14 33 33 24 14 44 22 22 44 11 44 32 41 23 44 41
1 33 33 11 33 33 22 11 44 22 22 11 11 44 33 44 23 11 44
1 33 33 11 33 33 22 11 44 22 22 11 11 44 33 44 22 11 44
1 33 33 11 33 33 22 11 44 22 22 11 11 44 33 44 22 11 44
1 33 32 11 33 33 22 11 44 22 22 14 11 44 33 44 22 11 44
1 33 33 11 33 33 22 11 44 22 22 11 11 44 33 44 22 11 44
1 32 32 44 33 22 44 14 41 22 23 44 11 44 32 41 33 14 11
1 33 33 11 33 33 24 11 44 22 23 11 11 44 33 44 22 11 44
1 33 33 14 33 33 22 14 44 22 22 14 11 44 33 41 22 14 44
1 33 32 11 33 33 24 11 44 22 22 14 11 44 33 44 23 11 44
1 33 33 11 33 33 22 11 44 22 22 11 11 44 33 44 22 11 44
1 33 32 14 33 33 24 11 41 22 22 11 11 44 33 41 23 11 44
1 33 32 44 33 33 44 14 41 22 23 14 11 44 33 44 33 11 44
1 33 33 11 33 33 22 11 44 22 22 11 11 44 33 44 23 11 44
1 33 32 14 33 32 24 14 44 22 23 14 11 41 32 41 23 14 44
1 33 33 11 33 33 22 11 44 22 22 11 11 44 33 41 22 11 44
1 33 32 44 31 33 24 14 11 22 23 44 11 44 32 11 33 11 44
1 33 33 14 33 33 22 11 44 22 22 11 11 44 33 44 23 11 44
1 33 32 14 33 33 24 14 41 22 22 14 11 44 33 41 23 14 44
1 33 33 11 33 33 22 11 44 22 22 11 11 44 33 44 22 11 44
1 33 33 44 33 33 22 11 44 22 22 11 11 44 33 44 23 14 44
1 33 32 14 31 33 44 14 41 23 23 14 14 41 32 41 23 14 41
1 33 32 14 33 33 22 11 41 22 23 14 11 44 33 11 23 11 44
1 32 32 14 31 32 44 14 41 23 23 14 14 41 32 41 23 14 44
1 33 32 44 33 32 24 14 44 22 23 14 11 41 32 41 23 44 44
1 33 32 14 33 33 24 14 44 22 22 14 11 44 32 41 23 14 44
1 33 33 11 33 33 24 11 44 22 22 11 11 44 33 44 22 11 44
1 32 32 14 33 32 24 14 41 23 23 14 11 44 33 41 33 14 44
1 33 33 11 33 33 22 11 44 22 22 11 11 44 33 44 22 11 44
1 33 33 14 33 33 22 11 44 22 22 11 11 44 33 44 22 14 44
1 33 32 14 33 33 24 14 44 22 22 14 11 44 33 41 23 11 44
1 32 32 14 33 32 24 14 41 22 23 14 11 44 32 41 33 14 41
1 32 32 14 31 32 24 14 41 22 23 14 14 41 32 41 33 14 41
1 33 33 11 33 32 22 11 44 22 22 14 11 44 33 44 23 11 44
1 33 32 44 31 32 44 14 41 22 23 44 11 41 33 11 33 44 44
1 33 33 11 31 33 24 14 41 22 23 14 11 44 33 41 23 11 44
1 33 22 14 33 33 24 11 44 22 23 11 11 41 33 41 23 14 44
1 33 22 14 33 33 22 11 41 22 23 44 14 44 33 41 23 44 41
1 33 32 11 31 32 24 11 41 23 22 14 11 41 32 41 23 14 44
1 33 33 11 33 33 22 11 44 22 22 14 11 44 33 44 22 14 44
1 33 32 14 33 32 44 44 41 22 23 44 14 41 32 41 33 44 41
1 33 33 14 33 32 44 14 11 22 23 14 11 41 32 44 33 14 44
1 33 33 11 33 33 24 11 44 22 22 14 11 44 33 41 23 11 44
1 33 33 11 33 33 22 11 44 22 22 11 11 44 33 44 22 11 44
1 33 22 44 33 32 44 14 11 22 33 44 14 41 33 11 33 44 41
1 33 32 14 33 32 44 14 41 22 23 14 11 44 33 41 33 14 44
1 32 32 11 33 33 44 11 41 22 33 44 11 44 33 11 23 44 44
1 33 33 14 33 33 24 11 44 22 22 14 11 41 32 41 23 11 44
1 32 22 14 31 32 44 44 41 22 23 14 14 41 32 41 33 14 41
1 33 33 14 33 33 44 14 41 22 22 14 11 44 33 11 23 14 44
1 33 33 14 33 33 24 11 44 22 22 11 11 44 33 44 22 11 44
1 33 33 11 33 33 22 11 44 22 22 11 11 44 33 44 22 11 44
1 33 33 14 33 33 22 14 44 22 22 11 11 44 33 44 23 11 44
1 33 33 14 31 33 44 14 41 22 33 14 11 41 32 41 33 44 44
1 33 33 11 33 33 22 11 44 22 22 11 11 44 33 44 22 11 44
1 33 32 11 33 33 22 11 44 22 22 11 11 44 33 44 22 11 44
1 33 33 11 33 33 22 11 44 22 22 11 11 44 33 44 22 11 44
1 33 32 11 33 33 22 11 44 22 23 11 11 44 33 41 33 11 44
1 33 32 44 33 32 44 11 41 23 33 14 11 41 32 11 23 14 41
1 33 32 14 33 33 24 14 44 22 23 14 11 44 32 41 23 14 44
1 33 33 11 33 33 24 11 44 22 22 11 11 44 33 44 22 11 44
1 32 33 14 31 32 24 14 41 22 23 14 11 41 32 41 23 14 41
1 33 33 11 33 33 22 11 44 22 22 11 11 44 33 44 22 11 44
1 33 33 11 33 33 24 11 44 22 22 11 11 44 33 44 22 11 44
1 33 33 14 33 32 44 14 44 22 23 14 11 44 32 41 23 11 44
1 32 32 14 33 33 24 14 41 22 22 14 11 44 33 41 33 14 44
1 33 33 14 33 32 24 14 41 23 23 14 11 44 32 44 23 14 44
1 33 33 11 33 33 22 11 44 22 22 11 11 44 33 44 22 11 44
1 33 32 14 31 22 24 14 11 22 23 14 11 44 32 41 23 11 44
1 33 33 11 33 32 22 11 44 22 22 11 11 44 33 44 22 11 44
1 33 33 11 33 33 24 11 44 22 22 14 11 44 33 41 23 14 44
1 33 33 14 33 33 24 11 44 22 23 11 11 44 33 41 23 11 44
1 33 32 14 31 33 24 11 41 22 22 14 11 44 33 41 22 14 44
1 32 32 14 33 33 24 11 41 22 23 14 11 41 32 41 33 14 44
1 33 32 14 33 33 22 11 11 22 22 14 14 44 32 41 33 14 44
1 33 32 14 31 32 44 14 41 23 23 44 14 41 32 11 33 44 41
1 33 33 44 33 32 24 11 44 22 22 44 11 44 33 41 33 14 44
1 32 32 14 31 32 24 14 41 22 23 14 11 44 33 41 23 14 44
1 33 22 11 33 33 22 11 41 22 22 44 11 44 33 11 22 11 44
1 32 32 14 31 33 24 14 41 22 23 14 11 44 33 41 23 14 44
1 33 33 14 33 33 24 11 44 22 22 14 11 44 33 41 23 14 44
1 33 33 11 33 33 22 11 44 22 22 11 11 44 33 44 22 11 44
1 33 33 14 33 33 24 11 44 22 22 11 11 44 33 44 23 11 44
1 33 33 44 33 32 24 14 41 23 22 14 11 44 32 11 33 14 44
1 32 32 44 31 32 24 14 41 23 23 44 14 41 32 41 23 14 41
1 33 33 11 33 33 22 11 44 22 22 14 11 44 33 44 23 11 41
1 32 32 14 31 33 24 14 44 22 23 14 11 44 32 41 23 11 41
1 33 32 14 33 33 24 11 41 22 22 14 11 44 33 44 23 14 44
1 33 33 11 33 33 22 11 44 22 22 11 11 44 33 44 23 11 44
1 33 32 14 31 32 24 14 41 22 23 14 14 41 32 41 23 14 41
1 33 32 14 33 33 24 14 44 22 22 14 11 44 33 41 23 11 44
1 33 33 11 33 32 24 11 44 22 23 14 11 41 32 41 23 11 44
1 33 22 44 11 32 44 14 41 22 23 14 11 44 32 41 23 44 41
1 33 33 11 33 33 22 11 44 22 22 11 11 44 33 44 22 11 44
1 33 33 14 33 32 24 11 44 22 23 14 11 44 33 41 23 14 41
1 33 32 44 33 33 24 11 41 22 23 44 11 44 33 41 33 44 41
1 32 22 44 33 33 24 14 41 22 22 14 14 44 32 11 22 11 44
1 33 32 44 33 32 24 14 41 22 23 14 14 41 32 41 33 14 41
1 33 33 11 33 33 24 11 44 22 22 14 11 44 33 44 23 11 44
1 33 33 14 33 33 24 14 44 22 22 11 11 44 33 41 23 14 44
1 32 22 14 33 32 24 14 41 23 23 14 11 41 32 41 33 44 41
1 32 22 11 31 33 44 11 11 22 33 14 14 44 32 11 33 44 44
1 32 32 14 33 32 24 14 41 22 22 11 11 44 33 41 23 11 44
1 33 32 14 33 33 24 14 41 23 23 14 14 41 32 41 23 14 44
1 33 32 11 33 33 24 11 44 22 22 11 11 44 33 44 23 11 44
1 33 33 14 33 33 24 11 44 22 22 14 11 44 33 41 23 14 44
1 32 32 14 33 33 22 11 41 22 22 14 11 44 33 41 23 14 44
1 33 33 14 33 33 22 11 44 22 22 14 11 44 32 44 23 11 44
1 32 32 14 31 32 24 14 41 23 23 44 14 41 32 41 23 14 41
1 33 32 14 33 33 22 11 41 22 23 14 11 44 33 41 23 14 44
1 33 33 11 33 33 22 11 44 22 22 11 11 44 33 44 22 11 44
1 33 33 11 33 33 22 11 44 22 22 11 11 44 33 44 22 14 44
1 33 33 14 33 33 22 11 44 22 22 14 11 44 33 44 23 11 44
1 33 33 11 33 33 24 11 44 22 22 14 11 44 33 44 33 11 44
1 33 33 11 33 33 22 11 44 22 22 11 11 44 33 44 23 11 44
1 33 33 11 33 33 24 11 41 22 22 11 11 44 33 44 23 11 44
1 33 33 14 33 33 22 11 44 22 22 11 11 44 33 44 22 11 44
1 33 32 14 31 32 24 14 41 23 23 14 14 41 32 41 23 14 41
1 33 22 11 33 32 24 14 44 22 22 14 11 44 33 41 33 14 41
1 32 32 14 31 32 24 14 41 23 23 44 14 41 32 41 33 14 41
1 33 33 44 33 33 22 11 44 22 22 44 11 44 33 44 23 14 44
1 33 33 11 33 33 22 11 44 22 22 11 11 44 33 44 22 11 44
1 33 32 14 33 32 24 11 44 22 22 11 11 44 33 41 23 11 44
1 32 32 14 31 32 24 14 41 22 23 14 14 44 32 41 23 14 41
1 33 32 14 33 33 22 14 41 22 22 14 14 44 32 44 23 14 44
1 22 22 14 33 32 44 44 11 22 23 44 14 44 22 11 33 44 44
1 33 33 11 33 32 44 11 44 22 23 14 11 44 33 41 33 14 41
1 33 22 14 31 32 24 14 44 22 23 14 11 41 33 11 23 14 41
1 33 33 14 33 33 24 11 41 22 22 11 11 44 33 44 23 11 44
1 33 33 11 33 33 22 11 44 22 22 11 11 44 33 44 22 11 44
1 32 22 14 31 32 44 14 41 23 23 14 14 41 32 41 23 14 41
1 33 33 11 33 33 22 11 41 22 22 14 11 44 33 41 22 11 44
1 33 32 14 33 33 24 11 44 22 22 11 11 44 33 44 23 11 44
1 33 32 44 33 32 24 44 41 23 22 14 14 41 32 11 33 14 11
1 33 33 11 33 33 22 11 44 22 22 11 11 44 33 44 22 11 44
1 32 32 14 31 32 24 14 41 23 23 14 11 41 32 41 33 14 41
1 33 32 11 33 33 24 14 41 22 23 14 14 44 33 41 23 14 44
1 33 32 44 31 32 44 14 11 23 33 44 14 41 22 41 33 14 44
1 33 33 11 33 33 24 11 44 22 22 11 11 44 33 44 22 11 44
1 33 33 11 33 33 22 11 44 22 22 11 11 44 33 41 22 11 44
1 33 33 11 33 33 24 14 44 22 22 11 14 44 33 44 23 11 44
1 32 32 14 31 32 24 14 41 23 23 14 14 44 32 41 33 14 41
1 33 33 11 33 33 22 11 44 22 22 11 11 44 33 44 22 11 44
1 32 22 44 33 33 44 14 11 22 23 14 14 44 32 11 33 44 44
1 33 22 14 31 33 44 44 41 23 23 14 14 44 33 41 23 14 41
1 32 32 14 31 32 44 14 41 23 23 14 14 41 32 41 23 14 41
1 33 33 11 33 33 22 11 44 22 22 11 11 44 33 44 23 11 44
