 rs10127838 rs2640908 rs10462021 rs228654 rs4908699 rs707472 rs10864317 rs170629 rs228651 rs228648 rs11582983 rs228636 rs707476 rs2859389 rs531485 rs2797682 rs12566535 rs504560
0 33 33 11 33 44 42 22 33 44 11 22 22 33 33 22 23 41 32
0 32 32 14 33 41 42 22 33 41 14 22 23 32 33 22 22 41 32
0 33 33 11 33 44 42 22 33 41 11 22 22 33 33 22 22 41 33
0 32 33 11 33 44 42 22 33 44 11 22 22 33 33 22 22 41 33
0 32 33 44 22 41 42 33 33 11 11 22 22 22 33 24 23 41 22
0 33 33 11 33 44 22 33 33 41 11 22 22 33 33 22 22 44 32
0 33 32 11 32 41 22 33 33 11 14 22 22 33 32 24 22 44 32
0 33 33 11 33 44 42 22 33 41 11 22 22 33 33 22 22 44 33
0 32 33 11 33 44 42 22 33 44 11 22 22 33 33 22 22 41 32
0 32 33 14 32 44 22 22 33 41 11 22 22 33 33 22 22 41 33
0 33 33 11 33 44 42 22 33 41 11 22 22 33 33 22 22 44 33
0 33 32 11 33 44 44 23 33 44 11 22 22 33 32 22 22 41 22
0 33 33 11 32 44 22 23 33 41 11 22 22 22 33 24 22 44 33
0 22 32 44 22 11 22 23 32 11 11 23 23 32 32 24 23 11 32
0 32 32 14 32 44 22 33 32 11 11 33 23 33 22 44 23 11 22
0 33 32 11 32 41 42 33 33 41 11 23 22 33 33 22 22 44 33
0 32 32 11 32 41 42 23 32 44 14 22 23 33 33 24 22 41 33
0 33 33 11 32 44 22 23 33 44 11 22 22 33 32 22 22 44 33
0 33 33 11 33 44 42 22 33 41 11 22 22 33 33 22 22 44 33
0 32 33 11 32 44 22 33 33 41 11 22 22 32 32 24 22 11 33
0 33 33 14 33 44 44 22 33 44 11 22 22 33 33 22 22 41 32
0 33 33 11 33 44 42 22 33 44 11 22 22 33 33 22 23 44 33
0 32 32 14 32 41 42 23 33 41 14 23 22 32 32 22 23 41 32
0 32 33 14 32 44 42 23 32 41 11 22 22 33 33 22 23 41 33
0 33 33 11 32 44 22 22 33 11 11 22 22 33 33 22 22 44 33
0 32 33 11 32 44 44 22 33 41 11 22 22 32 33 22 22 41 32
0 33 33 11 33 44 44 22 32 44 11 22 22 33 33 22 22 44 33
0 32 33 11 33 41 42 22 33 41 11 22 22 33 33 22 22 44 32
0 33 32 14 32 41 42 23 32 41 14 22 22 33 33 24 22 44 32
0 33 32 14 33 41 42 23 33 44 14 22 22 33 33 24 22 44 32
0 32 32 14 32 41 22 23 33 41 14 23 23 32 33 24 22 41 32
0 33 22 14 33 41 22 33 33 41 11 23 22 32 33 24 33 41 22
0 33 33 14 32 44 42 23 33 44 11 23 22 33 33 22 22 44 32
0 32 32 44 22 41 22 23 33 11 44 23 23 32 32 24 33 41 22
0 33 33 11 33 44 44 22 33 44 11 22 22 33 33 22 22 44 33
0 33 32 11 22 44 22 23 33 41 11 23 23 33 32 22 22 44 22
0 33 33 11 33 44 22 23 33 41 11 22 22 33 33 22 22 41 33
0 33 32 44 32 44 42 23 33 44 11 22 22 33 33 22 22 44 32
0 22 22 14 32 11 22 33 22 11 14 23 23 33 32 24 23 11 32
0 32 33 14 32 44 42 23 33 41 11 22 22 32 33 22 23 44 32
0 33 32 44 32 44 22 33 32 41 14 22 23 32 33 24 23 11 32
0 32 33 11 32 41 42 23 33 44 11 22 22 33 33 24 23 44 33
0 22 32 14 33 44 22 33 33 41 11 23 22 32 33 22 22 44 33
0 33 33 11 33 44 44 23 33 44 11 22 22 33 33 22 22 44 33
0 33 33 11 32 44 42 23 33 41 11 22 22 33 33 22 22 44 33
0 33 33 11 33 44 44 22 33 44 11 22 22 33 33 22 22 44 33
0 33 33 11 33 44 44 23 33 44 11 22 22 33 33 22 22 44 33
0 32 32 11 32 44 42 22 33 44 11 22 22 33 33 22 23 44 32
0 33 32 14 33 44 22 22 33 44 11 22 22 33 33 22 22 44 33
0 33 33 14 32 44 42 23 33 41 14 23 22 33 33 24 22 41 32
0 32 33 11 32 41 22 23 33 41 14 22 23 32 32 22 22 41 32
0 33 32 11 33 44 44 23 33 44 11 22 22 33 33 22 22 41 33
0 33 33 11 33 44 42 22 33 44 11 22 22 32 33 22 22 44 33
0 33 32 11 33 44 44 22 33 44 11 22 22 33 33 22 22 44 33
0 33 33 11 33 44 44 23 33 44 11 22 22 33 32 22 22 41 33
0 32 33 14 33 41 42 33 33 41 11 23 22 32 33 22 23 41 32
0 33 33 11 33 44 42 22 33 44 11 22 22 33 33 22 22 44 33
0 32 32 11 33 41 22 23 33 44 11 22 23 33 33 22 22 44 32
0 33 33 11 33 44 42 22 33 44 11 22 22 33 33 22 22 44 33
0 22 33 11 22 44 22 23 33 44 11 22 22 32 32 22 23 41 33
0 33 32 14 33 44 22 22 33 44 11 23 22 33 33 22 22 41 33
0 22 32 14 32 41 22 23 32 11 11 22 22 33 32 24 22 41 33
0 33 33 14 33 41 42 23 33 44 11 22 23 33 33 22 22 44 32
0 32 32 11 33 41 44 22 33 44 11 22 22 33 33 22 22 44 33
0 33 32 11 33 44 42 23 33 41 11 22 22 33 33 22 33 44 33
0 32 33 14 33 44 42 23 32 41 11 22 22 32 33 22 23 41 32
0 32 22 14 22 44 42 23 22 11 11 33 23 22 22 22 33 11 22
0 33 32 11 32 41 22 23 32 41 11 33 22 33 33 24 23 41 22
0 33 33 14 33 44 42 23 33 44 11 22 22 33 33 22 22 44 32
0 32 32 11 33 44 22 22 32 41 11 23 23 33 32 24 22 41 32
0 32 22 11 32 41 22 23 32 41 11 22 22 32 33 22 22 41 22
0 32 33 14 33 41 42 22 33 44 11 22 22 33 33 22 22 44 33
0 33 33 14 33 44 42 23 33 44 11 22 22 33 33 22 22 41 32
0 33 22 11 33 44 42 23 33 41 11 22 22 33 33 22 33 44 33
0 33 33 14 32 44 44 22 33 44 11 22 22 33 33 22 22 41 32
0 33 33 11 33 44 44 22 33 44 11 22 22 33 33 22 22 44 33
0 32 33 14 32 44 42 23 33 41 14 23 22 33 33 24 23 41 32
0 33 32 14 33 41 42 23 33 41 14 22 22 32 33 22 23 44 32
0 22 22 44 22 44 22 33 22 11 14 33 23 22 22 24 23 11 22
0 32 32 11 33 44 42 23 33 11 14 22 22 33 33 22 23 41 32
0 32 32 14 32 41 42 23 32 41 14 23 23 33 33 22 22 41 22
0 32 33 11 33 44 44 22 33 44 11 22 22 33 33 22 22 44 33
0 33 32 44 33 44 42 33 32 41 14 23 22 32 33 22 23 11 32
0 33 33 11 33 44 44 22 33 41 11 22 22 33 33 22 22 41 33
0 33 33 11 33 41 44 23 33 44 14 22 22 33 33 24 23 44 33
0 32 32 11 33 44 42 23 33 44 11 22 22 32 33 22 22 44 32
0 22 32 11 33 44 44 33 33 11 11 22 23 33 33 22 23 44 32
0 33 32 14 33 44 22 33 33 41 11 23 23 32 32 22 23 41 32
0 33 33 14 33 44 42 23 33 44 11 22 22 33 33 22 22 44 32
0 32 32 14 32 41 42 23 32 41 14 23 23 32 32 24 23 41 32
0 33 32 11 33 44 42 22 33 44 11 22 22 33 33 22 22 44 33
0 33 33 11 33 44 22 22 32 11 11 23 22 33 33 22 22 41 32
0 22 33 11 32 44 42 22 33 44 11 23 22 33 33 24 22 41 32
0 33 33 11 32 44 44 22 33 44 11 22 22 33 33 22 22 44 33
0 32 32 14 33 44 42 23 33 41 11 22 23 32 33 22 22 41 32
0 32 32 44 33 44 22 33 33 11 11 22 23 32 33 22 22 44 33
0 33 32 14 32 44 42 23 33 11 14 22 23 33 33 22 22 41 32
0 33 33 14 33 44 44 23 33 44 11 23 22 32 33 22 22 44 33
0 33 22 14 32 44 44 33 33 41 14 22 23 33 32 22 22 44 33
0 32 32 11 22 44 42 33 33 41 11 22 22 33 33 22 23 41 32
0 32 32 14 33 44 22 23 32 41 11 23 22 32 33 22 22 41 32
0 32 32 14 32 44 42 33 32 41 14 22 22 33 33 24 22 41 32
0 33 32 14 32 44 22 23 33 41 14 22 22 32 33 22 22 41 32
0 33 33 11 33 44 42 22 33 41 11 22 22 33 33 22 22 44 33
0 33 33 14 33 44 44 23 33 44 11 22 22 33 33 22 22 44 33
0 32 32 44 32 41 22 23 33 11 14 22 23 33 32 24 33 11 32
0 32 32 11 32 44 44 23 32 41 14 22 22 33 33 22 23 41 22
0 22 32 44 32 41 22 33 33 11 14 23 22 32 33 22 22 11 32
0 32 32 14 32 44 22 33 33 41 14 23 22 33 32 44 23 11 22
0 33 22 11 22 41 22 33 32 11 14 33 22 32 22 44 33 11 22
0 33 32 11 33 41 42 23 33 44 11 22 22 33 32 24 22 44 33
0 33 33 14 33 44 42 22 33 44 11 23 22 33 33 24 23 44 32
0 32 32 14 33 41 42 33 32 11 11 23 23 32 33 22 22 11 32
0 32 22 14 32 44 22 22 33 41 11 22 22 33 33 22 23 44 32
0 32 32 11 33 44 42 23 33 41 14 23 23 33 32 24 22 44 32
0 32 32 11 33 41 42 33 33 41 11 22 23 32 32 22 23 41 32
0 32 33 11 32 44 42 22 33 44 11 22 22 33 32 22 22 44 33
0 33 33 11 32 41 44 23 33 44 11 23 22 32 33 22 22 41 32
0 32 32 14 32 41 42 23 33 41 11 22 22 33 32 22 22 44 32
0 32 32 11 33 44 22 22 33 41 11 23 22 33 32 24 22 41 32
0 32 32 14 32 11 42 23 32 41 14 23 22 33 32 24 23 41 32
0 33 32 14 33 41 42 23 33 44 11 22 22 33 33 24 23 41 33
0 33 33 11 33 44 42 22 33 41 11 22 22 33 33 22 22 44 33
0 22 22 44 32 11 22 23 32 11 14 33 23 32 33 24 23 41 22
0 32 32 14 32 41 42 23 32 41 14 23 23 32 32 24 23 41 32
0 33 33 11 33 44 44 22 33 41 11 22 22 33 33 22 22 44 32
0 22 33 14 22 41 22 33 33 11 44 23 23 33 32 22 23 11 32
0 32 32 14 32 41 44 23 33 41 11 22 22 33 32 24 23 41 33
0 32 33 14 32 44 42 33 33 11 11 23 22 33 32 24 23 44 32
0 32 32 14 32 41 42 23 32 11 11 23 22 32 32 24 22 41 22
0 33 32 14 32 41 22 22 33 41 11 23 22 33 33 22 23 41 32
0 33 22 14 33 44 22 23 32 41 11 23 22 32 33 22 22 41 32
0 22 32 14 22 11 22 33 32 11 14 23 23 22 22 24 33 41 32
0 33 33 14 32 44 42 23 32 41 11 22 22 33 33 22 22 44 33
0 22 32 11 32 11 22 23 33 11 11 23 23 32 32 22 23 11 33
0 22 32 14 32 41 22 33 33 41 14 22 23 32 22 24 23 41 32
0 33 32 11 33 44 42 22 33 41 11 22 22 33 33 24 22 44 33
0 32 32 14 32 41 22 23 33 41 11 23 22 32 32 24 23 41 22
0 32 33 14 33 44 44 23 33 44 14 22 22 33 33 22 23 44 33
0 33 32 14 33 44 44 22 33 41 11 22 22 33 33 24 23 41 33
0 33 33 11 33 44 42 23 33 41 11 23 22 33 33 22 22 44 32
0 32 32 14 22 41 22 23 32 11 14 22 23 32 32 24 22 44 32
0 32 32 11 33 44 22 22 33 44 11 22 22 33 33 22 22 44 32
0 33 32 11 32 44 42 22 33 44 11 23 22 33 33 22 22 44 32
0 32 33 11 33 44 44 23 33 44 11 22 22 33 33 22 22 44 33
0 32 32 14 32 44 42 33 32 41 14 23 23 32 32 22 33 41 22
0 32 32 44 22 41 42 23 33 11 11 23 22 33 32 24 22 44 32
0 32 32 14 22 41 22 23 33 11 14 22 23 33 33 24 22 41 32
0 32 32 44 32 44 42 23 32 44 14 23 22 33 32 24 22 41 32
0 33 32 11 32 44 42 23 33 41 11 22 22 22 33 22 22 41 33
0 32 32 14 33 41 42 23 32 41 11 23 23 32 32 24 22 44 33
0 33 32 14 32 41 42 23 32 41 14 23 22 32 32 24 23 41 32
0 32 22 14 33 44 22 33 33 41 44 22 22 22 32 22 33 11 22
0 33 33 14 33 44 42 23 33 41 14 23 22 33 33 22 23 44 32
0 33 33 11 33 44 22 22 33 44 11 22 23 33 33 22 22 44 33
0 22 32 14 32 44 42 23 33 44 11 22 22 33 22 22 22 41 32
0 32 33 14 32 44 22 33 33 44 11 22 22 32 33 22 22 41 33
0 33 32 14 33 44 42 23 32 41 11 22 23 32 32 22 22 41 22
0 33 33 11 33 44 22 23 32 41 14 22 23 33 33 22 23 41 32
0 32 22 44 32 11 42 33 22 41 44 23 23 32 32 44 33 11 22
0 32 33 11 33 44 42 23 33 41 11 22 22 33 32 22 22 44 33
0 33 33 11 33 44 44 22 33 44 11 22 22 33 33 22 22 44 33
0 33 33 11 33 44 44 22 33 44 11 22 22 33 33 24 22 44 33
0 33 33 11 33 44 42 22 33 44 11 22 22 33 33 22 22 44 33
0 32 33 11 33 44 42 22 33 41 11 23 22 33 33 22 22 41 32
0 33 32 14 33 44 44 23 33 41 11 22 23 32 33 22 23 44 32
0 33 33 11 33 44 44 22 33 41 11 22 22 33 33 22 22 44 33
0 32 33 11 33 44 42 22 33 44 11 22 22 33 33 22 22 41 32
0 33 33 11 33 44 42 23 33 11 11 22 22 33 33 22 22 44 33
0 33 33 11 32 44 42 33 33 44 11 22 22 33 33 22 22 44 33
0 32 33 11 33 44 44 22 33 41 14 22 22 33 33 22 23 44 32
0 33 33 11 33 44 44 22 33 44 11 22 22 33 33 22 22 44 33
0 33 33 11 33 44 44 22 33 44 11 22 22 33 33 22 22 44 33
0 33 32 11 32 44 42 23 33 44 14 23 23 32 33 22 22 41 32
0 33 32 11 22 41 22 23 32 41 11 23 22 33 33 24 23 41 22
0 33 32 14 32 44 42 23 33 11 11 22 22 32 33 24 23 44 32
0 33 32 14 32 44 42 23 32 41 14 22 22 32 32 24 22 44 32
0 32 33 14 33 44 22 23 33 44 11 22 22 33 32 24 23 44 33
0 33 32 11 33 44 42 23 33 41 11 22 22 33 33 22 23 44 33
0 33 33 11 33 44 44 22 33 41 11 22 22 33 33 22 22 44 32
0 33 33 14 33 44 22 33 32 41 11 22 22 33 33 22 23 41 32
0 33 33 11 33 44 42 22 33 41 11 22 22 33 33 22 23 44 33
0 32 32 14 32 41 22 23 22 11 14 22 23 32 22 24 23 41 22
0 32 32 11 33 41 42 22 33 44 11 22 22 33 33 22 22 44 32
0 22 32 14 32 41 22 33 22 11 14 23 23 32 33 24 23 41 32
0 32 32 14 32 41 42 23 32 41 14 23 23 32 33 24 23 41 32
0 32 33 11 32 44 42 22 33 41 14 22 22 32 33 22 22 44 32
0 33 33 11 33 44 44 22 33 44 11 22 22 33 33 22 22 44 33
0 32 32 14 33 44 22 33 33 41 11 22 22 33 33 22 23 44 33
0 32 32 11 32 41 42 23 33 41 14 22 22 33 32 22 23 41 32
0 33 32 14 32 44 22 33 33 11 11 33 23 33 32 22 33 11 32
0 32 22 14 32 11 22 33 32 41 11 22 33 22 22 44 23 41 22
0 32 22 14 32 41 22 23 32 11 14 22 23 32 32 24 23 41 22
0 32 32 14 33 41 22 23 32 41 11 23 22 32 32 22 23 11 32
0 33 32 14 33 41 42 22 33 41 11 23 22 32 33 24 22 44 33
0 32 33 14 22 41 22 33 33 41 44 22 22 33 33 44 23 11 22
0 32 22 14 32 41 22 33 33 41 14 23 23 32 32 24 33 41 32
0 32 33 44 32 41 42 23 33 11 11 22 22 33 32 24 23 41 22
0 22 32 14 33 44 22 23 33 11 11 22 22 33 33 22 23 11 22
0 33 33 14 33 44 42 23 33 41 11 22 23 33 32 22 22 44 32
0 33 32 14 32 11 22 33 33 41 11 22 22 32 33 22 22 44 32
0 22 22 14 33 41 42 23 32 11 11 22 23 33 32 24 22 11 22
0 22 32 14 32 44 42 23 32 41 11 23 23 33 33 22 23 41 32
0 33 33 14 32 44 22 22 33 41 11 23 22 33 33 22 22 41 32
0 33 33 11 32 44 44 22 33 44 11 23 22 33 33 22 22 41 33
0 32 33 11 33 44 42 23 32 41 14 23 23 33 33 22 22 44 32
0 32 32 14 32 41 42 23 32 11 14 23 23 32 32 24 23 41 33
0 22 22 14 32 44 42 33 33 44 14 22 23 33 32 22 22 11 32
0 32 32 14 22 41 22 33 32 41 11 23 23 32 32 22 23 41 32
0 22 33 11 33 44 22 22 33 44 11 22 22 33 33 22 22 41 32
0 32 32 11 32 44 42 23 33 44 11 22 22 33 33 22 22 41 22
0 33 33 11 32 44 22 33 33 44 11 22 22 33 33 22 23 44 32
0 32 32 14 33 41 42 23 33 41 14 22 22 32 32 22 22 44 32
0 33 33 14 33 41 22 23 33 41 11 22 22 33 33 22 22 41 33
0 32 32 11 32 44 22 22 33 44 11 22 22 33 33 22 22 44 33
0 32 33 11 33 44 22 23 33 41 11 22 22 33 32 24 22 44 33
0 33 33 14 32 44 44 23 32 41 11 22 22 33 32 22 22 41 32
0 32 32 14 22 44 42 23 32 41 11 23 22 32 33 24 23 41 32
0 22 22 14 22 11 22 23 22 41 14 33 33 32 32 24 22 11 32
0 22 22 14 32 44 22 33 33 41 44 22 22 33 32 24 22 41 32
0 32 32 14 32 44 42 33 32 41 44 22 22 33 33 22 22 11 33
0 33 33 11 33 44 44 23 33 44 11 22 22 33 33 22 22 41 33
0 32 32 14 32 41 42 23 32 41 11 22 23 32 32 22 23 41 32
0 22 32 14 32 44 44 23 32 41 11 23 22 33 33 22 23 41 32
0 32 33 11 32 44 44 23 33 41 11 22 22 33 32 24 22 44 32
0 33 32 14 33 44 22 22 33 41 11 22 22 33 33 22 22 44 33
0 33 33 11 33 44 44 22 33 44 11 22 22 33 33 22 22 41 33
0 33 32 14 32 44 42 22 33 41 14 22 22 33 33 22 23 44 33
0 32 33 11 33 44 22 23 33 44 11 22 23 33 32 22 22 44 33
0 32 32 11 22 41 42 22 33 11 11 22 23 33 32 22 22 44 32
0 33 33 14 33 44 42 22 33 41 11 22 22 33 33 22 22 41 32
0 33 32 11 33 44 42 22 33 41 11 22 22 33 33 22 22 44 33
0 32 33 11 33 44 44 22 33 44 11 22 22 33 33 22 22 44 33
0 33 33 11 33 44 44 22 33 44 11 22 22 33 33 22 22 41 32
0 33 33 11 33 44 44 22 33 44 11 22 22 33 33 22 22 44 33
0 33 33 14 33 44 42 23 33 41 11 22 22 33 33 22 22 44 22
0 32 32 14 32 41 42 33 33 44 14 22 23 33 32 24 23 41 32
0 32 32 14 32 44 42 23 32 41 14 23 22 33 33 24 23 41 33
0 32 32 11 32 44 42 23 33 41 11 22 22 32 33 22 23 41 32
0 33 32 14 33 44 42 23 33 11 11 22 23 32 33 22 23 41 32
0 33 33 14 33 44 42 23 33 41 11 22 22 33 33 22 23 44 33
0 32 33 11 33 44 42 23 33 41 11 22 22 33 33 22 23 41 33
0 33 33 11 33 44 44 23 33 41 11 22 22 33 33 22 22 44 33
0 33 32 11 33 44 42 23 33 44 11 22 22 33 33 24 22 44 33
0 33 33 11 33 44 42 23 33 44 14 22 22 33 32 22 23 44 33
0 32 32 14 32 41 42 23 33 41 11 33 22 32 32 24 22 41 22
0 32 32 11 33 44 42 22 33 44 11 22 22 33 33 22 22 41 32
0 33 33 11 33 44 42 23 33 44 11 22 22 33 33 22 22 44 32
0 33 32 11 32 44 42 22 33 44 11 22 23 33 33 22 22 41 33
0 22 32 14 33 41 42 33 33 41 14 22 22 33 33 24 23 11 32
0 32 32 11 33 44 42 23 33 11 11 22 23 32 33 22 22 41 32
0 32 33 11 33 44 42 22 33 11 11 22 22 33 32 22 23 44 22
0 33 32 11 33 44 42 22 33 44 14 22 22 33 33 22 23 44 33
0 33 33 11 32 44 42 23 33 41 11 22 22 32 33 22 23 41 33
0 33 32 14 33 44 42 23 33 41 14 23 23 32 32 22 23 41 32
0 32 32 14 33 11 22 23 32 41 14 33 23 32 32 24 23 41 22
0 33 33 11 32 41 22 22 33 44 11 23 22 33 33 22 23 41 32
0 33 33 11 33 41 44 22 33 41 11 22 22 33 33 22 22 44 32
0 33 32 14 32 44 22 23 32 41 11 23 22 33 33 24 23 41 32
0 33 33 14 33 44 42 22 33 44 11 22 22 33 33 22 22 44 33
0 33 33 11 33 41 44 22 33 41 11 22 22 33 32 22 22 41 32
0 33 32 11 33 41 22 22 32 44 11 23 22 33 32 24 22 44 33
0 33 33 11 33 44 42 23 33 41 11 22 22 33 32 22 22 44 33
0 32 32 11 32 44 42 23 33 44 14 23 23 33 33 22 22 44 32
0 33 33 11 32 44 42 23 32 41 11 22 22 33 33 22 22 41 33
0 32 32 14 32 44 42 23 32 41 14 22 23 33 32 24 23 44 32
0 33 33 11 33 44 42 33 32 41 11 22 22 33 33 22 23 44 33
0 33 32 11 33 44 42 23 33 41 11 22 23 33 33 22 23 44 33
0 33 33 11 33 44 22 23 33 11 11 22 22 33 32 22 22 44 32
0 33 33 11 33 44 44 22 33 44 11 22 22 33 33 22 23 44 33
0 32 32 11 33 41 22 33 33 41 11 23 22 32 32 22 23 41 32
0 32 32 44 33 41 22 23 32 41 11 23 22 22 32 44 23 11 32
0 32 32 11 33 41 42 23 33 44 14 22 23 32 33 24 23 41 32
0 33 33 11 33 41 44 22 33 41 11 22 33 33 33 22 22 41 33
0 33 33 11 33 41 42 23 33 41 11 23 22 33 33 22 22 41 33
0 33 33 11 33 44 44 23 33 44 11 22 22 33 33 22 22 44 32
0 22 33 14 32 41 42 23 33 44 14 22 23 33 33 22 23 41 32
0 33 33 11 32 44 22 23 33 41 11 22 22 32 33 22 22 44 32
0 33 33 11 33 44 44 22 33 44 11 22 22 33 33 22 22 44 33
0 33 32 11 33 44 42 23 33 41 11 22 22 33 33 22 22 41 33
0 32 22 11 33 41 22 23 33 41 14 23 22 32 33 24 22 11 22
0 32 33 11 33 44 42 23 33 44 11 22 22 33 33 22 22 44 32
0 22 33 11 33 44 42 23 33 41 11 22 22 33 33 22 33 11 32
0 22 32 44 33 11 22 23 32 11 14 23 23 32 32 44 33 41 33
0 32 33 11 32 44 22 33 33 41 11 22 22 32 33 22 33 44 22
0 32 32 14 32 41 42 23 32 41 14 23 22 32 32 24 23 41 32
0 32 33 11 32 44 22 22 33 44 11 22 22 33 33 22 22 44 33
0 22 22 14 32 41 42 33 32 11 14 23 23 32 22 22 23 11 32
0 33 33 11 33 44 42 33 33 44 11 22 22 33 33 22 23 44 33
0 33 33 11 33 44 44 22 33 44 11 22 22 33 33 22 22 44 33
0 32 32 14 32 41 42 23 32 11 14 22 22 32 33 24 23 41 32
0 32 33 14 33 44 42 22 33 41 11 23 22 33 32 24 23 41 32
0 32 33 11 33 44 42 23 33 41 11 22 22 33 32 22 22 44 32
0 33 33 14 33 44 42 23 33 41 11 22 22 33 32 22 22 41 32
0 32 32 14 32 41 42 23 33 11 11 22 23 32 32 24 23 41 32
0 33 33 14 33 44 42 23 33 41 11 23 23 32 33 22 23 44 33
0 32 22 11 32 44 22 33 32 11 11 23 22 33 33 22 23 11 22
0 22 32 14 32 41 42 23 32 41 44 23 22 33 33 24 23 41 32
0 22 22 14 22 41 22 33 32 11 14 23 23 33 32 44 23 41 32
0 33 33 11 33 44 44 22 33 44 11 22 22 33 33 22 23 44 33
0 32 33 11 32 44 42 22 33 44 11 22 22 32 33 24 22 41 33
0 33 33 11 33 44 42 23 33 44 14 22 22 33 33 22 22 44 33
0 32 33 11 32 44 22 33 33 11 14 22 23 32 33 24 23 11 22
0 32 32 11 32 41 42 23 32 11 11 22 23 32 32 22 23 41 22
0 33 32 11 33 44 42 22 32 41 11 22 22 33 33 22 22 41 32
0 32 32 14 32 44 22 23 33 41 14 22 22 32 33 44 22 44 32
0 32 33 11 33 44 22 22 33 41 11 22 22 33 33 22 23 41 33
0 32 32 11 33 41 42 23 32 41 11 23 23 32 33 24 23 41 32
0 33 32 14 32 44 22 33 33 41 11 22 22 33 33 22 23 41 33
0 22 32 14 32 44 42 23 32 41 11 22 23 32 33 24 22 11 33
0 32 33 11 33 44 44 22 33 44 11 22 22 33 33 22 22 41 33
0 33 33 11 33 44 44 23 33 44 11 22 22 33 33 22 22 44 33
0 32 32 14 32 44 42 23 33 41 11 23 23 33 32 24 22 41 32
0 33 33 11 32 44 42 23 33 41 11 22 22 33 33 24 22 44 33
0 33 33 11 32 44 42 22 33 44 11 22 22 33 33 22 23 44 33
0 33 33 11 33 44 44 22 33 44 11 22 22 33 33 22 22 44 33
0 32 32 11 33 44 42 23 32 41 11 23 23 33 33 24 23 41 32
0 32 22 11 33 41 42 23 32 41 14 23 22 22 33 22 23 41 32
0 33 32 11 33 44 42 22 33 44 11 22 22 33 33 22 22 44 33
0 32 32 44 32 11 22 33 32 11 14 22 23 32 32 24 23 41 22
0 32 22 14 22 41 22 33 32 41 14 33 23 22 32 24 23 41 33
0 32 32 14 32 41 22 33 22 41 14 22 23 32 32 22 23 11 32
0 33 33 11 33 44 42 22 33 41 11 23 22 33 33 22 22 44 33
0 32 33 14 32 44 42 23 33 44 11 23 22 33 33 22 22 41 32
0 33 32 11 32 41 44 23 33 44 11 22 22 33 33 24 23 41 33
0 33 33 11 33 44 44 22 33 44 11 22 22 32 33 22 22 44 33
0 33 32 11 33 44 42 23 33 41 11 23 22 33 33 22 22 41 32
0 33 33 14 32 44 42 33 33 44 11 22 23 33 33 22 23 41 33
0 33 33 11 33 44 44 23 33 41 11 22 22 33 33 22 22 44 33
0 33 32 11 33 44 42 22 33 41 14 22 22 33 33 22 23 11 33
0 33 33 14 32 44 42 22 33 41 11 22 22 33 32 22 22 41 32
0 33 32 11 32 44 42 22 33 44 11 22 22 22 33 22 22 44 32
0 33 32 14 22 44 22 33 33 41 11 23 22 33 33 24 22 41 22
0 33 33 11 32 44 42 22 33 41 11 22 22 33 33 24 23 44 33
0 33 32 14 32 44 42 22 33 44 11 22 22 33 33 22 23 44 33
0 32 33 11 32 44 42 33 33 41 11 23 22 33 32 24 23 44 33
0 33 32 14 33 44 42 33 33 44 11 23 22 33 33 24 22 44 33
0 33 33 44 33 44 22 23 33 41 14 22 22 33 33 24 22 44 33
0 33 33 11 33 44 22 22 33 44 11 22 22 33 33 22 22 41 33
0 33 32 11 33 44 42 23 33 41 11 22 22 32 33 22 22 44 33
0 33 32 14 22 41 22 23 32 41 14 23 22 33 32 22 22 41 32
0 33 33 11 33 44 42 22 33 44 11 22 22 33 33 22 23 41 33
0 32 32 14 32 41 42 33 32 11 14 23 23 32 32 24 23 41 32
0 32 32 14 22 44 42 23 32 41 11 22 22 33 33 24 33 41 32
0 33 22 14 32 41 42 33 33 44 11 22 22 33 32 22 22 41 33
0 32 33 11 33 44 42 23 32 44 11 22 22 33 33 24 22 41 32
0 32 33 14 33 44 22 33 33 44 11 22 23 33 33 22 23 41 33
0 32 32 11 33 44 22 23 32 41 11 22 22 32 33 24 23 41 32
0 33 33 14 33 44 42 23 33 41 11 23 23 33 33 22 23 44 32
0 33 32 44 32 44 42 22 32 11 14 23 22 33 32 24 23 41 22
0 32 32 14 22 41 42 33 32 11 14 23 22 32 32 24 23 41 32
0 33 33 11 32 44 42 23 33 41 11 22 22 33 33 22 22 44 33
0 33 32 11 22 44 42 22 33 41 11 22 22 33 33 22 22 44 33
0 33 32 14 33 44 42 22 33 44 11 22 22 33 33 22 23 44 33
0 33 32 14 32 41 22 23 33 41 14 22 22 33 32 24 22 44 32
0 33 32 14 32 44 22 33 32 41 11 22 22 33 33 22 22 44 32
0 32 22 14 32 11 42 23 33 41 14 22 22 32 33 24 22 11 33
0 32 22 44 33 11 22 33 33 11 11 22 22 33 33 24 22 11 22
0 22 33 14 32 44 42 23 32 41 44 23 22 33 32 24 23 41 32
0 22 32 11 33 41 22 22 32 44 14 23 22 32 32 24 22 44 22
0 32 32 14 33 44 44 23 33 41 11 22 23 32 33 24 22 41 33
0 33 33 11 32 44 22 23 32 41 11 22 22 33 33 22 22 41 32
0 33 33 11 33 44 44 22 33 44 11 22 22 33 33 22 22 44 32
0 33 33 14 33 41 42 23 33 44 11 22 22 33 33 22 23 41 32
0 33 33 14 32 44 42 22 33 44 11 22 22 33 33 24 22 44 32
0 33 33 11 33 44 22 22 33 11 11 23 22 33 33 22 23 44 32
0 33 32 14 33 44 44 23 33 44 11 22 22 33 33 22 22 41 32
0 32 32 14 32 44 22 23 33 41 11 22 22 33 33 44 22 44 32
0 33 32 11 33 44 42 23 33 44 11 22 22 33 33 24 23 41 33
0 32 33 11 32 41 42 23 32 41 11 22 22 32 32 24 23 41 32
0 32 32 11 33 41 42 33 33 44 11 22 22 33 33 22 22 41 33
0 32 33 11 33 44 42 22 33 44 11 22 22 32 33 22 22 44 32
0 33 32 14 32 44 22 23 32 41 11 23 22 33 33 22 23 41 32
0 33 33 11 33 44 42 22 33 44 11 22 22 33 32 22 22 44 33
0 32 32 14 32 44 22 23 33 11 14 23 22 33 33 22 22 44 22
0 33 32 11 33 41 22 23 33 44 11 22 22 33 33 22 23 41 32
0 33 32 11 33 41 42 23 33 41 11 22 22 32 33 22 22 44 33
0 33 33 11 33 44 42 22 33 44 11 23 22 33 33 22 22 41 33
0 22 33 11 32 44 22 33 33 11 11 23 22 33 33 24 23 41 32
0 33 32 14 33 44 42 23 33 41 14 23 23 33 33 24 22 44 32
0 33 33 11 33 44 44 22 33 41 11 22 22 33 33 22 22 44 33
0 32 33 11 32 44 42 22 33 44 11 22 22 33 33 22 23 44 33
0 32 33 11 32 44 42 23 32 44 11 22 23 33 32 22 23 41 32
0 32 32 14 32 41 42 23 33 41 14 22 23 32 32 24 23 41 22
0 32 33 11 32 41 44 22 33 41 11 22 22 33 33 22 23 41 33
0 32 32 11 33 44 42 23 33 41 11 23 22 32 32 22 23 41 33
0 32 32 14 33 44 22 33 33 41 44 22 22 33 32 24 22 41 33
0 33 33 11 32 44 42 23 33 41 11 22 22 33 33 22 23 44 32
0 33 33 11 33 44 44 22 33 41 11 22 22 33 33 22 22 44 33
0 32 32 11 32 41 42 33 33 41 14 22 23 33 32 24 23 41 32
0 32 32 14 33 44 42 23 33 41 14 23 22 33 33 22 23 44 33
0 33 33 11 22 44 22 22 33 44 11 22 22 32 33 22 22 11 33
0 32 22 14 32 41 22 23 33 41 14 23 22 33 32 22 23 41 33
0 22 22 14 32 41 22 23 33 11 14 23 22 22 32 24 23 41 22
0 33 33 11 33 44 42 22 33 11 11 22 22 33 33 22 22 44 33
0 33 33 44 32 44 22 33 32 41 14 23 22 32 33 24 23 41 32
0 32 32 14 33 41 42 22 32 41 11 23 23 33 33 24 23 44 32
0 33 33 11 33 44 44 22 33 44 11 22 22 33 33 22 22 44 33
0 33 32 11 33 44 44 22 33 41 11 22 22 33 33 22 22 44 33
0 33 33 11 33 44 42 23 33 11 11 22 22 32 33 24 22 11 33
0 32 33 11 33 44 44 23 33 44 11 22 22 33 33 22 22 44 33
0 32 32 11 33 44 42 33 33 41 14 23 23 32 32 24 23 41 32
0 33 33 14 33 44 44 22 33 41 11 22 22 33 33 22 23 44 33
0 32 32 14 32 41 22 23 32 11 14 22 23 32 32 24 22 11 22
0 22 32 14 32 44 22 23 33 41 14 23 23 32 32 24 23 41 22
0 32 32 14 32 44 42 23 32 41 14 22 23 33 32 24 23 41 32
0 33 33 11 33 44 42 23 33 41 11 22 22 33 32 22 22 44 32
0 33 33 11 33 44 42 22 33 44 11 22 22 33 33 22 22 44 33
0 33 33 11 33 44 44 22 33 41 11 22 22 33 33 22 22 44 33
0 33 33 11 33 44 44 22 33 44 11 22 22 33 33 22 22 44 33
0 33 32 14 32 11 42 23 33 41 14 22 22 33 32 22 33 44 22
0 33 33 11 33 44 44 22 33 44 11 22 22 33 33 22 22 44 32
0 33 33 11 22 44 42 23 33 41 11 22 22 32 33 22 23 41 33
0 33 22 14 33 41 22 23 33 11 14 33 22 32 33 22 23 11 32
0 33 33 11 33 44 42 23 33 44 11 22 22 33 33 22 22 41 32
0 33 33 14 33 44 42 22 32 41 11 23 22 33 33 22 22 44 32
0 32 32 11 32 41 22 23 33 11 11 22 23 32 32 22 22 41 32
0 22 33 14 32 41 42 23 32 41 14 23 23 32 32 24 23 41 22
0 33 33 11 33 44 42 23 33 44 11 22 22 33 32 22 22 44 32
0 22 32 44 32 44 42 23 33 41 14 23 22 33 33 22 22 11 32
0 33 33 11 32 44 42 23 33 41 11 22 22 33 32 22 22 44 32
0 32 22 14 33 44 22 33 33 41 11 22 22 33 32 24 22 41 33
0 32 32 11 33 41 42 23 33 11 11 23 22 32 33 24 23 41 32
0 33 33 11 32 44 42 33 33 41 11 22 22 32 33 22 22 44 32
0 32 32 11 33 44 42 23 33 41 14 22 22 33 33 22 22 44 32
0 32 33 11 32 41 42 23 32 41 14 23 22 32 33 22 22 44 32
0 33 33 11 33 44 44 22 33 44 11 22 22 33 33 22 22 44 33
0 32 32 44 33 41 42 23 33 11 11 22 22 33 33 24 23 44 32
0 32 32 14 22 41 42 23 33 41 14 23 23 32 32 24 23 41 32
0 33 33 11 33 44 42 22 33 41 11 22 22 33 33 22 22 44 33
0 33 22 14 22 44 42 23 33 41 11 23 22 33 33 22 23 41 32
0 33 32 11 33 44 42 23 33 44 11 22 22 33 33 22 23 44 33
0 33 32 11 22 44 22 23 33 41 14 23 22 33 32 24 22 44 32
0 32 32 14 32 44 22 33 32 41 14 23 22 32 32 22 22 41 32
0 33 32 11 32 41 42 23 33 41 11 22 22 33 32 24 23 41 32
0 32 33 11 32 44 44 23 33 41 11 22 22 32 33 22 22 44 32
0 32 32 11 33 44 22 33 33 41 14 22 22 32 33 22 23 41 32
0 32 32 11 33 44 42 23 32 41 14 22 22 32 32 22 22 44 33
0 32 32 14 33 41 44 23 32 44 11 22 22 33 32 22 22 41 32
0 32 33 14 32 41 42 23 33 41 11 22 22 33 32 24 22 41 32
0 33 33 11 33 44 44 22 33 41 11 22 22 33 33 22 22 44 33
0 33 33 44 22 44 42 22 33 41 11 23 22 33 33 22 22 41 32
0 33 32 14 22 44 42 33 33 44 14 22 22 33 33 24 23 41 32
0 33 33 11 33 44 44 22 33 44 11 22 22 33 33 22 22 44 33
0 33 33 14 33 44 44 22 33 44 11 22 22 33 33 22 22 44 33
0 32 32 14 32 41 42 23 32 41 14 23 23 32 33 24 23 41 32
0 33 32 11 32 44 22 22 33 11 14 22 23 33 32 24 23 41 22
0 32 33 14 32 44 42 22 33 41 11 22 22 33 32 22 22 41 33
0 33 33 11 33 44 44 22 32 44 11 22 22 33 33 22 22 44 32
0 32 32 11 33 44 22 33 33 44 14 22 22 33 33 22 23 44 32
0 33 33 14 32 44 44 22 33 44 11 23 22 33 32 24 22 41 32
0 33 32 11 33 44 42 23 33 41 11 22 22 33 33 24 23 41 32
0 32 32 14 32 44 42 22 33 41 14 22 22 33 33 22 22 11 32
0 33 33 11 33 44 44 22 33 44 11 22 22 33 33 22 22 44 33
0 32 33 14 33 41 42 23 32 44 11 22 23 32 32 24 23 41 32
0 33 32 14 32 41 44 23 33 41 14 22 22 33 33 24 23 41 32
0 32 33 11 32 44 42 33 32 44 14 22 23 32 33 22 22 44 32
0 32 32 11 33 44 42 22 32 44 11 22 22 32 33 24 22 44 33
0 32 32 11 33 44 44 23 33 41 11 22 22 33 33 22 23 41 32
0 33 33 11 33 44 42 22 33 44 11 22 22 33 33 22 22 44 33
0 22 33 11 32 44 22 33 33 11 14 23 23 32 22 22 33 41 32
0 33 33 14 32 41 42 23 32 41 14 23 23 32 33 22 23 44 32
0 32 32 14 32 44 22 33 33 41 14 23 23 33 32 22 23 44 32
0 32 33 11 33 44 44 22 33 44 11 22 22 33 33 22 22 44 33
0 32 33 11 32 41 42 23 33 44 11 22 22 33 33 22 23 44 32
0 32 22 14 32 44 42 23 33 11 44 22 33 33 32 22 22 44 33
0 33 33 11 33 44 44 22 33 44 11 22 22 33 33 22 22 44 33
0 33 33 14 22 44 22 22 33 44 11 22 22 33 33 22 22 44 32
0 33 33 11 32 44 42 23 32 44 11 22 22 33 32 22 23 41 33
0 32 33 11 32 41 22 33 33 11 11 22 22 33 33 24 22 41 32
0 33 33 11 33 44 22 23 33 41 14 22 22 32 32 24 23 11 32
0 33 32 14 32 41 42 23 33 11 14 22 23 33 33 22 23 44 32
0 33 33 11 33 44 42 22 33 44 11 22 22 33 33 22 22 44 33
0 33 33 11 33 44 44 22 33 44 11 22 22 33 33 22 22 44 32
0 33 33 11 32 41 22 33 33 44 11 22 23 33 33 24 22 41 33
0 32 32 14 32 41 22 22 33 11 44 33 22 33 33 22 23 41 22
0 32 32 11 33 44 44 33 33 41 11 22 22 32 32 22 23 44 33
0 22 33 14 32 41 22 23 32 41 11 23 22 32 32 22 23 41 32
0 32 32 11 32 44 22 23 32 41 11 22 23 32 33 24 22 44 32
0 32 32 11 32 41 22 23 33 11 14 22 22 32 33 24 22 44 22
0 33 32 14 33 41 22 23 33 11 14 22 23 33 33 22 23 41 32
0 33 32 11 32 44 42 23 33 44 11 22 22 33 33 24 23 41 33
0 22 22 14 32 41 42 33 32 41 14 23 22 22 33 24 23 41 32
0 32 32 11 32 41 42 23 33 44 11 23 22 33 32 22 23 44 33
0 33 33 11 33 44 44 23 33 44 11 22 22 33 33 22 22 44 32
0 32 33 14 32 44 42 23 33 41 11 22 23 33 33 24 22 44 32
0 33 32 11 33 41 42 23 33 41 11 22 23 33 33 22 22 41 33
0 33 32 11 32 41 44 23 33 41 11 22 22 32 33 24 22 41 32
0 33 33 14 33 44 44 23 33 41 11 22 22 33 32 22 22 44 33
0 32 32 11 22 44 22 33 33 11 11 22 22 33 33 22 23 11 22
0 22 32 14 32 44 42 23 32 11 14 23 23 22 22 22 33 11 22
0 33 32 11 33 44 22 22 32 41 11 22 22 33 33 22 22 44 33
0 22 22 14 32 41 22 23 32 41 14 33 22 32 32 24 23 41 22
0 33 22 11 33 44 44 22 32 41 11 22 22 33 33 22 22 44 33
0 33 33 14 33 44 22 22 33 44 11 22 22 33 33 22 22 44 33
0 33 33 11 33 44 42 23 33 44 11 22 22 33 33 22 22 44 33
0 32 33 11 33 44 44 22 33 44 11 22 22 33 33 22 23 44 33
0 32 22 14 22 11 22 33 32 41 44 33 23 22 22 24 33 11 32
0 33 33 14 33 44 22 23 33 41 11 22 22 33 32 22 23 44 32
0 33 33 11 33 44 44 22 33 44 11 22 22 33 33 22 22 44 33
1 32 33 11 32 44 44 23 33 44 14 22 22 33 32 22 23 44 32
1 33 33 11 32 44 44 22 33 44 11 22 22 33 33 22 22 44 33
1 33 33 11 33 44 44 22 33 44 11 22 22 33 33 22 22 44 33
1 33 33 11 32 44 22 22 32 11 11 22 22 33 32 22 22 11 33
1 33 33 11 33 44 44 22 33 44 11 22 22 33 33 22 22 44 33
1 33 33 11 33 44 22 22 32 41 11 22 22 33 32 22 22 44 32
1 33 33 11 33 44 44 23 33 44 11 22 22 33 33 22 22 41 33
1 33 32 14 33 44 44 33 33 41 11 22 22 33 33 22 22 44 33
1 33 22 11 32 44 42 33 33 11 11 22 23 32 33 22 33 44 33
1 32 32 14 32 44 42 23 33 44 11 22 23 33 32 22 23 41 32
1 33 32 44 32 41 22 23 33 41 11 23 22 33 33 24 22 41 32
1 32 32 14 32 41 22 23 32 41 14 23 23 32 32 24 23 41 32
1 32 32 11 33 41 42 22 33 41 11 23 23 33 33 22 23 44 32
1 33 33 11 33 44 42 22 33 41 11 22 22 33 33 22 22 41 33
1 32 32 11 33 41 42 33 33 41 14 22 23 33 33 22 23 41 32
1 33 32 11 32 44 42 33 33 44 44 22 23 33 33 24 22 44 32
1 33 33 11 33 44 44 22 33 44 11 22 22 33 33 22 22 44 33
1 32 32 14 32 41 42 23 33 11 14 22 22 33 22 22 33 44 22
1 33 33 11 32 44 44 22 33 11 11 22 22 33 33 22 22 44 33
1 32 33 11 33 44 42 22 33 41 11 22 22 33 33 24 23 41 33
1 33 32 11 32 44 42 22 33 41 11 22 22 33 33 22 22 44 32
1 33 33 14 32 44 42 33 32 11 11 22 23 32 32 22 23 41 22
1 33 32 11 33 44 42 23 33 41 14 22 22 33 33 22 23 41 33
1 32 32 14 32 41 44 23 33 41 14 23 22 33 32 24 22 41 32
1 32 32 14 22 41 22 23 33 11 44 33 22 32 32 44 33 11 22
1 33 33 11 33 44 42 23 33 44 11 22 22 33 33 24 22 44 33
1 33 32 14 33 44 44 23 33 41 11 22 22 32 33 22 22 44 33
1 32 33 14 33 44 42 23 33 44 11 22 22 33 33 22 22 44 32
1 33 33 44 33 44 44 22 33 44 11 23 22 33 33 22 22 44 33
1 32 33 11 33 44 42 23 33 41 11 22 23 33 33 22 22 41 33
1 22 22 44 22 11 22 23 32 11 11 33 33 22 32 44 33 41 33
1 33 33 11 33 44 44 22 33 44 11 22 22 33 33 22 22 44 33
1 32 33 11 33 44 42 22 32 44 11 23 23 33 32 24 23 41 22
1 32 33 11 33 44 42 22 33 41 11 22 23 33 33 22 22 41 33
1 33 32 11 33 44 42 22 33 41 11 22 22 33 33 22 22 44 22
1 33 33 11 32 41 42 23 33 41 14 22 22 33 33 22 22 41 33
1 32 22 11 32 44 22 23 33 41 14 22 22 22 33 22 22 11 32
1 33 33 11 33 44 44 22 33 44 11 22 22 33 33 22 22 44 32
1 33 33 11 33 44 42 22 33 44 11 23 22 33 33 22 22 44 33
1 33 32 11 33 44 44 22 33 44 11 22 22 33 33 22 22 44 33
1 33 32 11 22 44 42 23 33 41 14 22 22 33 33 24 23 11 22
1 32 32 14 22 41 22 33 32 11 44 23 23 22 32 24 33 41 32
1 32 32 11 32 41 42 23 33 41 11 22 22 33 33 22 23 41 32
1 33 33 11 33 44 44 23 33 44 11 23 22 33 33 22 22 11 33
1 33 22 14 32 44 22 23 33 11 11 33 22 33 33 22 22 11 22
1 33 33 11 33 41 44 22 33 44 11 22 22 33 32 22 22 44 33
1 22 22 11 32 41 22 23 33 11 11 22 23 32 33 24 22 44 22
1 32 32 14 33 44 42 23 32 11 11 22 22 33 32 22 23 44 32
1 33 33 11 33 44 42 22 33 41 11 22 22 33 33 22 22 44 33
1 22 32 11 33 11 22 23 33 41 14 22 22 33 33 24 22 41 32
1 32 32 14 32 41 42 23 32 41 14 23 22 32 32 24 23 41 32
1 33 33 11 32 44 44 22 33 44 11 22 22 33 33 22 22 44 33
1 33 32 11 32 41 42 23 33 41 14 22 22 32 33 24 23 44 33
1 33 32 14 22 44 22 22 33 11 14 22 22 32 32 22 22 41 22
1 33 33 11 33 44 42 22 33 41 11 22 22 33 33 22 22 44 32
1 33 33 11 33 44 22 23 33 41 11 22 23 33 32 22 22 44 33
1 32 32 11 33 44 44 23 33 44 11 23 23 32 32 24 23 41 32
1 33 32 11 33 44 42 22 33 41 11 22 22 33 33 22 22 41 33
1 32 22 14 33 44 22 33 33 11 14 23 23 32 33 24 23 41 33
1 32 33 11 32 44 44 22 33 41 11 22 22 33 33 22 22 44 33
1 33 33 14 33 44 42 22 33 41 11 22 23 33 33 24 22 44 22
1 33 32 11 32 44 42 23 33 41 11 22 23 33 33 22 23 44 32
1 32 33 11 32 44 44 22 33 11 14 22 22 33 33 22 22 41 32
1 32 33 11 32 44 42 23 33 44 11 22 22 32 33 22 23 44 33
1 32 32 11 22 41 42 33 32 11 11 22 22 32 32 22 22 41 32
1 33 22 11 32 41 22 33 32 44 11 23 22 32 32 24 23 41 22
1 33 32 14 32 44 42 22 33 11 14 22 22 33 33 22 23 41 32
1 33 33 11 33 44 44 22 33 41 11 22 22 33 33 22 22 44 33
1 32 33 11 33 44 42 22 33 41 11 22 22 33 33 22 22 44 33
1 32 33 11 33 44 44 22 33 44 11 22 22 33 33 24 23 44 33
1 33 33 11 32 44 42 23 33 44 14 22 22 33 33 24 22 41 32
1 33 33 11 32 41 44 23 33 44 11 23 22 32 33 22 22 44 32
1 33 33 11 32 41 42 23 33 44 14 22 22 33 32 22 22 44 33
1 33 32 14 33 44 42 22 33 11 11 23 22 32 32 22 22 44 33
1 32 33 14 32 44 42 23 33 41 11 23 22 33 33 22 23 41 32
1 33 33 14 33 44 42 22 33 41 11 22 22 33 33 22 22 44 33
1 32 32 11 32 44 42 23 32 41 11 23 22 33 33 22 22 41 32
1 32 22 14 22 44 22 22 33 41 11 22 22 32 33 24 23 11 33
1 33 32 11 33 44 42 22 33 44 11 22 22 33 33 22 22 44 32
1 32 32 14 32 44 42 33 33 41 11 23 22 33 33 22 23 41 32
1 22 22 44 32 44 22 33 33 11 11 33 23 32 33 24 22 41 32
1 33 33 11 33 44 42 23 33 41 11 23 22 32 33 22 22 41 33
1 33 33 11 32 44 44 22 33 44 11 22 22 33 33 22 22 44 33
1 32 32 11 32 11 22 33 32 41 11 22 22 32 33 22 22 44 32
1 33 33 14 32 44 44 23 33 11 11 22 22 33 33 24 22 44 32
1 32 33 14 33 44 42 22 32 11 11 22 22 33 33 24 23 41 33
1 32 32 14 32 44 42 33 33 11 14 23 22 33 32 44 23 41 22
1 33 22 14 33 41 42 23 33 11 14 23 22 32 32 22 22 44 22
1 33 33 11 33 44 44 22 33 44 11 22 22 33 33 22 22 44 33
1 32 33 14 33 44 44 22 33 44 11 22 22 33 33 22 22 44 33
1 22 33 11 32 44 42 22 33 44 11 22 23 33 33 22 22 44 22
1 33 32 14 32 41 42 23 33 41 44 22 23 32 32 24 23 41 32
1 32 32 14 22 41 22 23 32 11 14 23 23 32 32 24 23 41 32
1 32 33 14 32 41 42 23 33 11 14 22 22 32 33 24 22 41 33
1 33 33 14 33 41 42 23 33 41 11 22 22 32 33 24 22 41 33
1 33 32 14 32 44 42 22 32 41 11 22 22 32 32 22 23 41 33
1 22 33 11 32 41 22 23 32 11 14 23 23 32 33 24 22 44 22
1 33 22 11 32 44 42 33 33 41 11 23 22 32 32 22 22 41 33
1 32 32 14 22 44 42 23 32 41 14 23 23 32 32 22 23 41 32
1 32 22 44 32 11 22 33 32 41 11 22 22 32 22 44 23 41 22
1 33 22 11 32 44 42 22 33 41 11 22 22 33 33 22 22 41 22
1 32 32 11 32 41 42 23 33 41 11 22 23 33 33 22 22 11 33
1 33 33 44 32 41 22 23 32 11 11 23 23 32 32 22 23 44 22
1 33 33 44 33 44 22 23 33 41 11 22 22 33 33 22 23 11 33
1 33 33 11 33 44 42 22 33 41 11 22 22 33 33 22 22 44 33
1 33 33 11 33 44 42 23 33 41 11 23 22 33 33 22 23 44 33
1 33 32 11 33 44 44 22 33 41 11 22 22 33 33 22 22 41 33
1 32 32 44 32 41 42 23 32 41 11 22 23 32 32 24 23 41 32
1 32 22 14 22 41 22 33 33 11 14 22 23 32 22 44 33 41 32
1 33 32 14 33 44 44 22 33 44 14 22 22 32 32 22 22 44 33
1 33 32 11 33 41 44 22 32 41 11 22 22 32 32 22 22 44 32
1 32 32 14 22 44 42 33 33 41 11 23 22 33 33 22 23 41 32
1 32 33 14 33 44 44 33 33 44 14 23 22 33 32 22 23 11 32
1 32 33 11 33 44 44 22 33 41 11 22 22 33 33 22 22 41 33
1 32 33 11 33 44 42 23 33 11 11 22 22 32 33 22 22 44 33
1 33 33 11 33 44 42 22 33 44 11 22 22 33 33 22 22 44 33
1 33 33 11 33 44 42 22 33 44 11 22 22 33 33 22 22 44 33
1 33 33 11 32 41 42 23 33 44 11 22 22 33 33 22 22 44 33
1 32 32 14 32 44 22 33 32 41 14 23 23 32 32 24 22 41 32
1 33 32 14 33 44 42 23 32 11 11 22 22 32 33 24 22 44 33
1 33 33 11 33 44 44 23 33 44 11 22 22 33 33 22 22 44 33
1 32 32 11 32 41 42 23 32 41 11 23 23 32 33 24 23 41 32
1 33 33 11 33 44 44 22 33 44 11 22 22 33 33 22 22 44 33
1 22 33 11 22 44 22 23 33 41 14 22 22 33 33 22 22 41 32
1 32 32 14 32 41 42 23 32 41 14 23 23 32 32 24 23 41 32
1 33 33 11 22 41 42 23 33 41 11 22 23 32 33 24 22 41 33
1 33 33 11 33 44 44 22 33 41 11 22 22 33 33 22 22 44 33
1 33 33 11 32 44 44 22 33 44 11 22 22 33 33 22 22 44 32
1 32 33 11 32 44 42 22 32 41 11 22 22 33 33 22 22 41 33
1 32 32 11 32 11 22 23 32 41 11 22 23 32 33 22 33 41 22
1 33 32 11 33 44 42 23 33 44 14 23 23 33 33 22 23 41 32
1 32 33 14 33 44 42 22 33 44 11 22 22 33 33 22 22 44 33
1 33 33 11 33 44 44 23 33 41 14 22 22 33 33 22 22 44 32
1 33 33 11 22 44 42 23 33 41 11 22 23 33 32 22 23 44 32
1 33 33 11 33 41 44 22 33 44 11 22 22 33 33 22 22 41 33
1 33 32 14 33 44 42 22 33 41 11 22 22 33 33 22 23 41 32
1 33 33 11 33 44 44 22 33 44 11 22 22 33 33 22 22 44 33
1 32 32 14 32 41 22 22 32 41 14 22 22 32 32 22 23 41 32
1 33 33 11 33 44 44 22 33 44 11 22 22 33 33 24 22 44 33
1 33 22 14 32 44 22 23 33 11 14 33 23 33 32 22 23 11 22
1 33 33 11 32 44 42 23 33 41 11 22 22 33 33 22 22 44 32
1 33 33 11 33 44 22 23 33 44 11 22 22 33 32 22 22 44 33
1 33 33 11 33 41 42 23 33 44 11 22 22 32 33 22 22 41 32
1 32 33 14 33 44 42 23 33 41 11 22 22 33 32 22 22 44 33
1 32 32 11 33 44 42 23 33 44 11 23 23 33 33 22 22 44 32
1 33 33 11 22 41 42 33 33 41 14 22 22 33 33 22 22 11 22
1 33 22 44 32 41 22 23 33 11 44 23 23 32 32 24 23 11 32
1 33 33 11 32 44 44 22 33 44 11 22 22 33 33 22 22 44 33
1 22 32 14 22 41 22 33 32 41 14 23 22 22 32 24 33 41 22
1 32 32 11 32 41 22 23 33 41 11 22 22 33 33 22 22 44 32
1 33 22 14 33 44 42 23 33 41 11 22 22 33 32 22 23 41 32
1 33 33 11 33 44 44 22 33 44 11 22 22 33 33 22 22 44 33
1 32 22 14 32 41 42 23 32 41 14 23 23 32 32 22 22 44 22
1 33 32 11 33 44 44 23 33 41 11 22 23 33 33 22 22 41 33
1 32 33 11 33 41 22 23 33 41 11 22 22 33 33 24 22 41 33
1 33 32 11 32 44 42 22 33 11 11 22 23 33 32 22 22 44 32
1 33 33 11 32 44 42 23 33 41 11 23 23 33 32 22 22 41 32
1 32 22 44 32 11 22 33 32 11 14 33 23 32 32 44 33 41 22
1 32 22 11 32 44 42 33 33 44 11 23 22 22 33 22 33 11 32
1 32 32 14 32 41 42 33 32 41 14 23 23 32 33 24 23 41 32
1 32 32 14 33 41 42 23 32 41 11 22 23 33 33 22 22 41 32
1 33 33 11 32 44 42 23 33 44 11 22 22 33 33 22 23 44 33
1 32 32 14 32 44 42 33 33 41 11 22 22 33 32 22 22 41 33
1 32 32 14 32 44 42 23 33 44 11 22 22 33 33 24 22 11 32
1 33 32 11 32 44 42 23 32 44 11 22 22 33 33 22 22 44 33
1 22 32 11 33 44 42 23 33 41 11 22 22 32 33 22 22 44 33
1 33 32 11 33 44 44 22 33 44 11 22 22 33 33 22 22 44 33
1 32 32 11 33 44 22 23 32 41 11 23 22 22 32 24 22 44 33
1 33 33 11 33 44 44 22 33 44 11 22 22 33 33 22 22 44 33
1 22 32 14 33 44 22 33 33 41 14 23 22 32 33 22 23 41 32
1 33 33 11 33 44 42 22 33 44 11 22 23 33 33 22 22 44 33
1 22 33 14 33 44 22 23 32 44 11 22 22 33 33 22 22 44 33
1 32 32 14 22 44 42 23 32 41 14 22 22 32 33 24 33 41 22
1 33 33 11 33 44 44 22 33 44 11 22 22 33 33 22 22 44 33
1 33 33 14 33 44 22 33 33 41 11 22 22 33 33 24 23 41 22
1 33 33 11 33 44 42 22 33 41 11 22 22 33 33 22 22 44 33
1 33 32 11 33 44 42 23 33 41 11 23 22 33 33 24 22 41 32
1 32 32 11 32 41 22 23 32 41 14 23 23 32 32 22 23 41 32
1 22 32 14 22 44 44 23 33 41 11 22 22 33 33 22 23 41 32
1 32 32 14 32 41 42 33 33 11 14 22 22 32 32 24 23 41 32
1 33 33 11 33 44 44 23 33 44 11 22 22 33 33 22 22 44 33
1 32 32 11 32 41 42 22 32 44 14 23 22 33 33 24 22 41 32
1 32 32 11 33 41 42 23 33 41 14 22 22 33 33 22 22 41 32
1 33 33 11 32 44 42 33 32 41 11 22 23 32 33 22 22 44 22
1 33 33 14 33 44 44 22 33 44 11 22 22 33 33 22 22 44 33
1 33 32 14 33 44 44 23 33 41 11 22 22 33 33 22 23 41 32
1 32 33 11 33 44 42 23 33 41 11 22 22 33 33 22 22 44 22
1 32 32 14 32 41 42 23 32 44 14 23 22 32 33 24 23 44 32
1 33 33 11 33 44 44 22 33 44 11 22 22 33 33 22 22 44 33
1 33 33 11 33 44 42 22 33 41 11 22 22 33 33 22 22 41 33
1 32 33 44 32 44 22 33 33 11 11 23 23 33 33 24 22 44 33
1 32 33 14 33 44 42 23 33 41 11 22 22 33 33 22 22 44 33
1 32 32 14 32 41 44 23 33 41 11 22 22 33 33 24 22 44 32
1 33 32 14 32 41 44 23 33 41 14 22 22 33 33 24 23 41 33
1 32 33 14 33 44 42 23 33 41 11 23 22 32 33 24 23 41 32
1 22 32 11 32 44 22 33 33 41 11 23 22 32 33 24 22 44 32
1 22 22 44 22 41 42 33 33 11 14 33 23 33 32 22 23 11 22
1 33 32 11 32 41 22 22 33 41 11 23 23 33 33 24 23 41 32
1 32 32 14 32 41 22 23 32 41 14 23 23 32 32 24 23 41 32
1 32 33 11 32 44 42 33 32 44 11 22 23 32 33 22 33 44 32
1 33 33 11 33 44 42 22 33 41 11 23 22 33 33 22 22 44 33
1 32 32 14 32 44 42 23 32 44 14 23 23 33 32 24 23 44 32
1 32 32 11 33 44 42 33 33 41 11 22 22 33 33 22 23 44 33
1 33 33 14 33 44 42 23 33 41 11 22 22 33 33 22 22 41 32
1 33 32 11 33 44 42 23 33 41 14 22 22 32 33 22 22 41 32
1 32 33 11 32 44 22 22 33 41 11 22 23 33 33 22 22 44 33
1 33 32 11 32 44 42 23 33 41 11 22 22 33 32 22 22 41 33
1 33 33 11 33 44 42 22 33 44 11 22 22 33 33 22 22 44 33
1 33 33 11 33 44 44 22 33 44 11 22 22 33 33 22 22 44 32
1 22 32 11 33 44 42 23 32 41 14 22 23 33 33 24 22 41 32
1 32 33 44 32 44 42 23 32 44 14 23 23 32 33 24 23 41 32
1 33 32 14 33 44 44 22 33 44 11 22 22 33 33 22 23 41 33
1 33 33 14 32 41 42 23 33 41 11 22 22 33 32 22 23 44 32
1 33 32 11 33 44 22 22 33 44 11 22 23 33 33 22 22 41 33
1 33 33 11 33 44 44 22 33 44 11 22 22 33 33 22 22 44 33
1 33 33 14 22 44 44 23 33 41 11 22 22 33 33 22 22 41 22
1 32 32 11 33 44 42 33 33 41 11 22 22 33 33 22 23 11 32
1 33 33 11 32 44 42 33 32 41 14 22 22 33 33 22 23 44 33
1 33 33 14 32 44 42 23 33 11 14 22 23 32 22 22 33 41 22
1 32 33 11 32 41 42 22 32 44 11 22 22 33 33 24 22 44 33
1 22 32 11 33 11 42 23 32 11 14 23 22 32 32 22 33 41 32
1 33 33 11 33 44 42 22 33 44 11 22 22 33 33 22 22 44 33
1 33 33 11 33 44 44 23 33 11 14 22 22 33 33 22 22 44 33
1 32 33 11 33 44 44 22 33 41 11 23 22 33 32 22 23 41 33
1 33 33 11 33 44 42 22 33 41 14 22 22 33 33 22 22 44 33
1 33 33 11 33 44 44 22 33 44 11 23 22 33 33 22 22 44 33
1 33 33 14 33 44 22 23 33 41 14 23 22 32 32 22 33 44 32
1 32 33 11 33 44 44 22 33 44 11 22 22 33 33 22 22 44 33
1 32 33 14 33 41 42 22 33 44 11 22 22 33 33 22 22 44 32
1 32 33 11 33 44 42 23 33 41 11 22 22 32 32 22 23 41 22
1 33 33 11 33 44 42 22 33 41 11 22 22 33 33 22 22 44 33
1 32 33 11 33 44 42 22 33 41 11 22 22 33 33 22 22 44 32
1 33 33 11 33 41 44 22 33 44 11 22 22 33 33 22 22 44 33
1 33 33 14 33 44 42 23 33 41 11 22 22 33 33 22 23 44 32
1 33 32 11 33 41 42 22 33 44 11 22 22 33 33 22 22 41 33
1 32 32 44 32 44 42 23 33 41 14 22 22 33 32 24 23 44 32
1 32 32 11 33 41 22 22 33 11 11 23 23 33 33 22 23 41 32
1 33 33 11 33 44 44 22 33 44 11 22 22 33 33 22 22 44 33
1 33 33 14 32 44 42 23 32 44 11 23 23 33 33 22 22 41 32
1 33 33 11 33 44 42 22 33 44 11 22 22 33 32 22 22 44 32
1 32 22 11 33 41 42 23 33 11 14 22 22 33 33 24 22 41 33
1 32 22 14 32 11 42 33 33 11 14 22 23 33 33 22 23 41 33
1 33 33 11 33 44 42 23 33 41 11 22 22 33 33 22 22 44 33
1 33 32 11 32 44 42 22 33 41 11 23 22 33 32 22 22 41 32
1 33 33 11 33 44 44 22 33 44 11 22 22 33 33 22 22 44 33
1 32 22 44 32 44 42 23 32 11 11 23 23 22 33 24 33 41 32
1 32 33 14 32 44 42 22 33 44 14 22 22 33 33 24 23 41 32
1 32 33 11 32 44 42 23 33 41 11 22 22 32 33 22 22 44 33
1 33 33 11 33 44 44 22 33 44 11 22 22 33 33 22 22 44 33
1 33 33 11 33 44 44 22 33 44 11 22 22 33 33 22 22 44 33
1 33 22 14 33 41 22 33 33 41 11 23 23 33 33 24 22 44 22
1 32 33 14 32 44 44 22 33 11 11 22 22 33 33 22 22 41 22
1 33 32 14 32 44 22 23 32 11 11 22 22 33 33 22 22 44 22
1 33 33 11 33 44 22 22 33 44 14 23 22 33 32 22 22 41 32
1 33 32 11 33 44 44 23 33 41 11 22 22 33 33 24 22 44 32
1 32 22 14 32 41 22 33 33 41 14 23 23 33 33 24 33 41 32
1 33 32 11 32 44 42 22 33 44 11 22 22 33 33 22 22 44 33
1 22 33 11 33 44 22 33 32 41 11 22 22 33 32 22 22 44 32
1 33 33 11 33 44 42 22 33 44 11 22 22 33 33 22 22 44 33
1 33 33 11 33 44 42 23 33 41 11 22 22 33 22 22 23 44 32
1 32 22 11 33 41 42 23 33 41 11 22 22 33 32 22 22 41 33
1 33 22 11 22 44 22 33 33 44 11 22 22 33 32 24 23 44 33
1 32 33 14 33 44 42 22 33 11 11 22 22 33 33 24 23 44 33
1 32 22 11 33 41 44 22 33 44 11 22 22 33 33 24 33 44 32
1 33 33 11 32 44 44 22 33 44 11 22 22 33 33 22 22 44 33
1 33 33 11 33 44 22 23 33 44 14 22 22 33 33 22 22 44 32
1 32 22 14 32 44 42 23 32 11 11 23 23 32 32 22 23 41 32
1 33 33 11 32 44 42 23 33 41 11 22 22 33 32 22 22 44 33
1 32 22 14 33 44 42 23 32 41 11 22 22 33 32 22 22 11 32
1 33 33 11 33 44 44 22 33 44 11 22 22 33 33 22 22 44 32
1 33 32 11 33 44 44 22 33 44 11 22 22 32 33 22 22 44 33
1 33 32 11 32 44 42 22 33 44 11 22 22 33 33 22 23 41 33
1 32 22 14 32 41 42 33 32 11 14 23 23 32 33 24 33 41 22
1 33 33 11 33 44 42 22 33 44 11 22 22 33 33 22 22 44 33
1 32 32 11 33 44 42 33 33 41 11 22 23 32 33 22 22 44 33
1 32 33 11 33 41 42 22 33 41 11 22 22 33 32 22 22 44 32
1 33 32 11 32 41 42 23 32 11 11 22 22 33 33 22 22 44 33
1 32 32 14 22 11 42 33 32 41 11 23 22 33 33 24 23 44 32
1 33 33 14 33 44 42 22 33 44 11 22 23 33 32 22 22 41 32
1 32 33 14 32 41 42 23 32 11 14 22 22 32 32 24 23 41 32
1 22 33 11 32 44 22 23 33 44 11 22 22 33 33 44 22 44 33
1 32 32 14 22 41 22 33 32 11 14 23 23 33 22 24 23 41 22
1 33 33 11 33 44 42 23 33 41 11 22 22 33 33 22 22 44 32
1 32 32 11 32 44 42 22 32 41 11 22 22 32 32 22 23 41 32
1 22 22 14 32 44 22 33 32 11 14 23 22 33 33 24 22 41 32
1 33 33 11 33 44 42 22 33 44 11 22 22 33 33 22 22 44 33
1 32 32 11 32 41 42 23 32 41 11 23 22 33 32 24 23 41 33
1 32 33 14 32 41 42 23 33 41 11 22 22 32 32 22 23 41 32
1 33 33 11 33 44 44 22 33 44 11 22 22 33 33 22 22 44 32
1 32 33 14 32 44 22 33 33 11 11 22 22 33 33 22 23 41 32
1 32 33 11 33 44 44 23 33 41 11 22 22 33 33 22 22 41 32
1 32 32 11 32 44 42 33 33 11 11 22 22 33 33 22 23 44 32
1 32 33 44 32 41 42 22 33 41 11 22 23 33 32 24 23 11 22
1 33 32 11 33 44 42 33 33 41 11 23 23 32 33 24 23 41 33
1 33 33 14 33 44 42 23 33 41 11 22 22 33 33 22 22 41 33
1 22 33 11 32 41 44 23 33 41 11 23 23 33 33 24 22 44 32
1 33 32 11 32 44 22 23 33 41 14 23 22 32 33 22 23 44 33
1 32 32 11 22 41 22 23 32 41 11 22 22 33 33 24 22 11 22
1 33 32 11 32 44 42 23 32 44 14 22 22 32 33 22 22 44 32
1 22 32 14 32 41 22 33 33 41 44 23 22 32 32 22 23 41 32
1 32 32 14 32 44 22 33 32 41 11 23 22 22 32 22 22 11 22
1 32 22 44 22 41 22 23 32 11 14 23 22 32 22 22 23 41 33
1 33 32 11 32 44 22 33 33 41 11 22 22 33 33 22 22 41 33
1 32 33 14 32 41 42 23 33 44 14 23 23 33 33 24 22 41 32
1 32 33 14 32 41 42 23 33 41 14 23 23 32 32 22 22 41 32
1 32 32 11 33 41 42 23 33 44 11 22 22 33 33 22 23 44 32
1 22 32 11 32 44 22 23 33 41 11 22 22 22 32 22 23 11 33
1 32 32 11 33 44 42 23 33 41 11 23 22 32 33 22 22 44 33
1 33 33 14 32 44 42 22 32 41 11 22 22 33 32 22 23 41 33
1 33 32 14 22 44 44 33 33 44 11 22 22 33 33 22 22 41 22
1 33 32 14 33 44 42 22 33 41 11 22 22 32 32 22 23 44 33
1 33 33 11 33 41 42 23 32 11 11 22 22 33 33 24 22 41 33
1 32 33 11 33 44 44 23 33 44 11 22 22 33 33 22 22 44 33
1 33 32 14 33 44 42 22 33 44 11 22 22 32 33 22 23 44 32
1 33 32 11 22 11 42 33 33 41 14 23 22 33 33 24 22 44 32
1 33 32 11 32 44 42 23 32 44 11 22 22 33 32 24 23 44 32
1 32 32 14 32 41 22 33 32 41 14 23 23 32 32 24 23 41 32
1 32 33 11 32 44 42 23 33 44 14 22 22 33 33 22 22 44 32
1 33 32 14 22 41 42 23 33 44 14 22 33 32 33 22 23 41 22
1 33 32 11 32 41 42 23 33 41 11 22 22 33 32 22 23 44 32
1 32 33 11 33 44 44 22 33 41 11 23 22 33 33 22 22 44 33
1 22 33 14 33 44 22 23 32 11 14 22 23 32 33 22 22 41 32
1 33 33 11 33 44 42 23 33 41 11 22 22 33 32 24 23 44 32
1 33 33 14 33 44 42 22 33 41 11 22 22 33 33 22 22 41 33
1 32 32 11 32 44 42 22 32 41 14 22 23 32 32 24 22 41 32
1 33 33 11 32 44 22 22 33 41 11 23 22 33 32 22 22 44 33
1 33 33 11 32 44 44 23 33 44 11 22 23 33 32 22 22 44 33
1 33 33 11 33 41 42 23 33 41 11 23 22 33 32 22 22 44 33
1 33 33 11 33 44 42 23 33 41 11 22 22 33 33 22 22 44 33
1 33 33 11 32 44 44 22 33 44 11 22 22 33 33 22 22 44 33
1 32 33 14 32 41 22 23 33 41 11 23 23 33 33 22 23 11 32
1 22 32 44 22 41 42 33 32 11 14 23 23 33 22 22 23 44 32
1 33 33 11 33 44 44 22 33 44 11 22 22 33 33 22 22 44 33
1 33 32 14 33 44 42 22 33 41 11 23 22 33 33 22 22 44 32
1 33 22 11 33 41 42 33 33 41 11 23 23 33 32 24 23 41 33
1 33 33 11 33 44 44 23 33 41 11 22 22 33 33 22 22 44 33
1 22 32 11 22 44 42 22 33 44 11 22 22 33 33 22 22 41 32
1 32 32 14 32 41 22 23 33 41 11 23 22 33 32 24 23 41 32
1 33 33 11 33 44 44 22 33 44 11 22 22 33 33 24 22 44 33
1 32 32 44 32 41 22 23 33 11 14 22 23 33 33 24 23 41 32
1 33 33 11 33 44 42 33 33 44 11 22 22 33 33 22 22 44 33
1 32 32 11 33 41 22 23 33 44 11 22 22 33 32 22 22 44 22
1 32 32 14 32 41 22 23 32 41 14 23 22 32 33 24 23 44 33
1 33 32 14 33 41 44 23 33 44 11 22 22 33 33 22 22 41 33
1 33 33 11 33 44 44 22 33 41 11 22 22 33 33 22 22 44 33
1 33 33 11 32 41 44 23 33 44 11 22 22 32 33 22 22 44 32
1 33 22 11 33 41 22 23 33 44 11 22 23 33 33 24 22 44 33
1 33 32 11 33 44 42 23 32 41 11 22 22 33 33 22 22 41 33
1 32 22 14 32 44 42 22 32 41 11 22 23 33 33 22 22 41 22
1 33 32 11 32 44 42 33 33 41 11 23 22 33 33 22 22 44 33
1 33 32 11 33 44 42 23 33 41 14 23 22 33 33 44 22 44 22
1 33 33 11 33 44 44 22 33 44 11 22 22 33 33 22 22 41 33
1 32 32 11 22 44 22 23 33 41 11 23 22 32 32 24 22 11 32
1 32 33 11 33 41 42 22 33 44 11 22 22 33 33 22 23 41 33
1 32 22 14 32 41 22 23 32 41 11 23 23 32 32 24 23 41 32
1 33 33 14 33 44 44 22 33 41 14 22 22 33 32 24 22 44 33
1 32 22 11 32 44 42 33 33 41 11 22 23 32 33 24 22 44 32
1 33 32 14 22 11 22 23 32 11 11 23 22 22 33 22 22 44 32
1 32 33 14 32 41 22 22 33 44 11 23 22 33 33 22 23 44 32
1 32 22 14 32 41 22 33 33 11 11 23 22 33 32 24 22 11 32
1 33 33 11 32 44 42 22 33 41 11 22 22 32 33 22 22 44 33
1 32 32 14 32 41 42 23 32 41 14 23 23 32 32 24 23 41 32
1 33 32 44 32 41 22 33 22 41 44 23 33 32 22 44 23 11 32
1 32 33 14 32 41 42 23 33 41 11 22 22 33 32 22 22 44 32
1 32 33 14 32 44 22 33 33 41 14 23 22 33 32 24 22 41 32
1 33 32 14 33 41 42 33 33 41 11 22 23 32 32 24 23 41 32
1 33 32 11 33 44 44 22 33 44 11 22 22 33 33 22 22 44 32
1 33 32 14 22 44 42 23 32 41 11 23 22 22 33 24 23 41 22
1 32 33 44 32 41 22 33 33 41 44 23 23 33 32 22 23 11 22
1 32 32 14 32 11 22 33 33 41 14 23 23 32 32 22 23 41 22
1 32 32 11 33 41 42 23 33 41 11 22 22 33 22 22 22 44 32
1 32 32 44 32 44 42 23 32 41 14 23 22 32 33 24 22 41 32
1 33 32 11 33 41 44 23 33 41 11 22 22 33 33 24 23 44 33
1 33 33 14 32 44 42 23 32 41 11 23 22 32 33 22 23 44 32
1 33 33 11 33 44 44 22 33 44 11 22 22 33 33 22 22 44 33
1 32 33 14 33 41 42 23 33 44 14 22 22 33 32 22 23 44 33
1 22 22 44 22 11 22 33 33 41 14 23 23 22 22 44 33 11 32
1 33 32 14 32 44 42 22 33 41 14 22 23 33 33 22 22 41 22
1 33 33 11 32 44 42 23 33 44 11 22 22 33 33 22 22 44 32
1 32 32 11 33 44 22 22 33 44 11 22 22 32 33 22 23 41 33
1 33 32 14 22 41 22 23 33 11 11 23 23 32 32 22 22 44 33
1 33 22 14 22 44 22 33 33 41 11 23 22 33 22 44 23 41 22
1 32 32 14 32 41 42 23 32 41 14 23 23 32 33 24 23 41 32
1 32 32 14 32 41 22 23 32 41 14 23 22 33 33 24 22 44 33
1 33 33 11 33 44 42 22 33 41 11 22 22 33 33 22 22 44 33
1 32 33 11 33 41 42 22 33 41 14 22 22 32 22 24 22 44 33
1 33 32 11 32 44 22 23 32 41 14 23 33 32 32 24 22 41 32
1 33 33 11 33 44 42 22 33 41 11 22 22 32 33 22 22 44 33
1 32 32 14 33 44 42 22 33 44 11 22 22 33 33 22 23 44 32
1 33 33 11 33 44 42 22 33 44 11 22 23 33 32 22 22 44 33
1 33 33 11 32 44 42 23 33 44 11 23 22 33 32 24 22 44 33
1 33 33 11 33 44 44 22 33 41 11 22 22 33 33 22 22 44 33
1 33 33 11 33 44 42 22 33 44 11 22 22 33 33 22 22 44 33
1 33 33 11 33 44 42 23 33 41 11 22 22 33 32 22 22 41 33
1 33 33 11 33 44 22 22 33 41 11 22 22 33 33 22 22 44 32
1 33 33 11 32 44 42 22 33 44 11 22 22 33 33 22 22 44 33
1 32 32 11 32 44 42 23 32 44 44 23 22 33 32 24 23 44 32
1 33 32 11 33 44 42 23 33 41 11 22 22 33 33 22 22 44 33
1 33 33 11 33 44 42 22 33 44 14 22 22 33 33 22 22 44 33
1 33 33 14 33 41 44 23 32 41 14 23 22 33 33 22 22 44 22
1 33 33 11 33 44 44 22 33 44 11 22 22 33 33 22 22 44 33
1 32 32 11 33 41 42 23 33 44 11 23 22 33 33 24 23 41 32
1 33 33 11 33 44 42 22 33 41 11 22 22 33 33 22 22 44 32
1 33 33 11 32 44 44 22 33 44 11 22 22 33 33 22 22 44 33
1 33 33 11 33 44 42 22 32 41 11 22 22 33 33 22 22 44 33
1 33 33 11 33 44 42 22 33 44 11 22 22 33 33 22 22 44 33
1 32 33 14 33 44 44 22 33 44 11 22 22 33 33 22 22 44 33
1 32 22 14 32 41 42 23 32 41 14 22 22 32 32 24 23 41 32
1 32 33 14 32 44 42 23 33 11 11 22 23 33 32 22 22 44 33
1 33 32 11 22 41 22 33 33 11 14 23 22 33 33 24 22 41 32
1 32 32 14 32 44 42 33 32 41 11 23 22 33 32 24 22 41 32
1 33 33 11 33 44 42 23 33 44 11 22 22 33 33 22 22 41 33
1 33 33 11 33 44 44 22 33 44 11 22 22 33 33 22 22 44 33
1 32 32 14 32 41 22 23 33 11 11 23 22 32 33 24 22 41 22
1 33 32 11 32 44 42 23 33 41 11 22 22 33 33 22 22 41 33
1 32 32 14 33 44 42 23 32 11 14 22 22 33 33 22 23 41 32
1 33 32 11 33 44 42 23 33 44 11 22 22 33 33 22 22 44 33
1 32 32 14 33 41 42 22 33 41 11 22 22 32 33 22 22 41 33
1 33 32 11 33 41 22 33 33 44 14 22 23 32 33 24 22 41 32
1 33 33 11 33 44 44 22 33 44 11 22 22 33 33 22 22 44 33
1 32 32 14 32 44 42 22 32 44 14 23 22 32 33 22 23 44 33
1 22 32 11 33 41 42 22 33 41 11 23 22 33 32 22 22 41 33
1 32 32 11 32 41 42 23 33 41 11 22 22 33 33 22 33 44 33
1 33 33 11 33 44 44 22 33 44 11 22 22 33 33 22 22 44 33
1 32 33 14 32 44 42 23 33 41 14 23 22 32 33 24 23 44 32
1 33 33 14 33 44 42 22 33 44 11 22 23 33 33 22 22 44 33
1 32 33 11 33 44 42 23 33 41 14 22 22 33 33 22 22 44 32
1 32 33 11 33 44 42 22 33 41 11 22 22 33 33 22 22 41 32
1 33 33 11 32 44 42 22 33 44 11 23 22 33 33 22 22 41 32
1 32 32 14 32 41 42 23 33 41 14 23 22 32 32 24 23 41 33
1 33 33 11 33 44 44 22 33 41 11 22 22 33 33 22 22 44 33
1 22 22 14 32 41 22 23 32 11 11 23 22 32 32 22 22 41 32
1 33 33 14 32 41 44 23 33 11 11 22 22 33 33 22 23 41 33
1 33 33 14 32 44 42 22 33 41 11 22 22 33 32 22 22 41 33
1 32 22 11 32 44 42 23 32 41 11 23 23 32 33 24 23 41 32
1 22 33 14 33 44 42 23 33 41 11 23 22 33 33 22 22 41 22
1 32 32 14 32 44 42 23 33 44 14 23 22 33 32 24 22 41 32
1 32 33 11 32 44 22 23 33 11 14 22 22 33 33 22 22 41 33
1 32 32 11 33 44 22 23 32 11 11 22 22 33 33 22 22 44 32
1 33 33 11 33 44 44 22 33 44 11 22 22 33 33 22 23 44 33
1 33 33 14 33 44 44 22 33 44 11 22 23 33 33 22 22 44 33
1 33 32 11 33 44 42 22 33 41 14 22 23 33 33 24 23 41 33
1 33 33 11 33 44 44 22 33 44 11 23 22 33 33 22 22 44 32
1 33 33 11 33 44 44 22 33 44 11 22 22 33 33 22 22 44 33
1 33 33 11 32 44 42 23 33 44 11 23 22 32 32 24 22 44 32
1 33 33 11 33 44 42 22 33 44 11 22 22 33 33 22 22 44 33
1 32 32 11 33 44 42 23 33 41 11 22 22 33 32 24 22 44 32
1 33 33 11 33 44 44 22 33 44 11 22 22 33 33 22 22 44 33
1 33 33 14 33 41 42 23 33 44 11 22 22 33 33 22 22 44 33
1 33 33 11 33 44 42 22 33 44 11 22 22 33 33 22 22 44 33
1 22 32 44 22 11 22 23 22 11 14 23 33 33 32 44 23 41 32
1 33 33 11 33 44 42 23 33 44 11 22 22 33 33 22 22 44 33
1 32 32 14 32 41 22 22 33 41 11 23 22 32 32 24 23 44 32
1 33 33 11 33 44 44 23 33 44 11 22 22 33 33 22 22 44 33
1 32 33 14 33 44 22 22 33 11 11 22 22 32 33 22 22 44 32
1 32 32 14 33 44 22 33 33 41 11 22 22 32 32 24 23 41 33
1 33 33 11 33 44 42 22 33 44 11 22 22 33 33 22 22 44 33
1 32 32 14 33 44 42 22 32 41 11 22 22 32 33 22 23 44 32
1 32 32 11 33 44 42 22 33 41 11 22 23 33 32 22 22 41 33
1 32 33 11 33 44 42 22 33 41 11 22 23 33 33 22 22 44 33
1 32 33 14 33 41 44 23 33 41 11 22 22 33 32 22 22 41 32
1 33 32 11 33 44 42 22 32 44 11 22 22 33 33 22 22 41 33
1 33 33 11 33 44 44 22 33 44 11 22 22 33 33 22 22 44 33
1 33 33 11 33 44 44 22 33 44 11 22 22 33 33 22 22 44 32
1 33 33 11 33 44 42 22 33 44 11 22 22 33 33 22 22 44 33
1 33 33 11 33 44 42 22 33 44 11 22 22 33 33 22 22 44 33
1 33 33 11 33 44 44 23 33 41 11 23 22 32 33 22 22 44 33
1 33 32 11 33 44 44 23 32 44 11 23 22 32 32 24 22 41 32
1 22 22 44 22 41 22 33 32 41 11 33 33 22 22 24 33 11 22
1 32 32 14 32 44 42 23 32 41 14 22 23 33 32 24 23 44 32
1 33 32 14 33 41 42 33 33 11 11 22 22 32 33 22 22 44 33
1 33 33 11 33 44 44 22 33 44 11 22 22 33 33 22 22 44 32
1 33 33 11 33 44 44 22 33 44 11 22 22 33 33 22 22 44 33
1 32 33 11 33 44 42 22 33 44 11 22 22 33 33 22 22 44 33
1 33 32 14 32 44 42 23 32 41 11 23 23 33 32 24 22 44 32
1 33 33 11 33 44 42 22 33 41 11 22 22 32 33 22 23 44 32
1 33 22 14 32 44 42 33 33 11 11 23 22 32 32 24 22 41 32
1 32 32 11 33 44 42 23 33 41 11 22 23 32 32 24 22 41 33
1 33 33 11 33 44 44 23 33 44 11 23 22 33 33 22 22 44 33
1 32 32 14 32 41 42 23 32 41 14 23 23 32 32 24 33 41 32
1 33 33 11 33 44 44 22 33 44 11 22 22 33 33 22 22 44 33
1 33 33 44 33 44 44 22 33 44 11 22 22 33 33 22 22 44 33
1 32 32 14 32 44 42 33 33 41 14 23 23 32 32 24 23 41 32
1 33 32 11 33 44 42 23 33 41 11 22 22 33 33 22 23 44 33
1 22 22 44 32 41 22 23 33 11 14 23 22 22 32 24 33 41 22
1 33 32 11 32 41 22 33 33 41 14 23 23 32 33 24 23 41 22
1 33 33 14 33 44 44 23 33 44 11 23 22 33 33 22 22 41 33
1 33 32 11 33 44 44 23 33 11 11 22 22 32 33 22 22 44 22
1 32 32 14 32 41 42 23 33 41 14 22 22 32 32 22 22 41 32
1 32 33 14 32 44 22 22 33 41 14 23 23 33 33 24 22 44 32
1 33 32 11 33 44 42 23 33 44 11 22 22 32 33 22 22 41 32
1 33 33 14 33 44 42 22 33 41 11 22 22 32 33 22 23 41 33
1 33 32 11 33 44 44 23 32 41 11 22 22 33 33 22 23 41 32
1 32 33 11 33 44 44 22 32 41 11 22 22 33 33 24 23 44 32
1 33 33 11 33 44 44 23 33 44 11 22 22 33 33 22 22 44 33
1 33 32 14 33 44 44 22 33 44 11 23 23 33 32 24 23 44 32
1 32 33 11 32 44 44 22 32 41 11 22 22 33 33 24 22 44 32
1 32 32 14 32 41 42 23 33 11 11 22 22 33 33 22 22 44 33
1 33 32 14 32 41 22 22 33 41 11 22 22 33 32 22 33 41 33
1 33 32 11 33 44 42 23 33 41 11 22 22 32 33 44 22 41 33
