 rs10799120 rs4654320 rs3753693 rs17262293 rs3753692 rs4654370 rs17340752 rs10915194 rs602345
0 44 11 41 44 11 44 11 11 33
0 22 14 44 44 13 41 14 14 33
0 24 11 44 44 11 11 11 11 33
0 22 11 11 44 11 44 11 14 32
0 22 11 41 41 11 44 14 14 32
0 22 11 11 44 11 41 14 11 33
0 24 11 44 44 11 44 11 11 33
0 22 11 44 44 11 44 11 11 33
0 24 11 11 41 11 44 11 14 32
0 24 14 41 44 13 41 11 11 32
0 22 11 11 44 11 44 11 11 33
0 24 11 11 44 11 44 11 11 32
0 22 11 41 41 11 44 11 44 33
0 24 44 44 44 11 41 11 11 32
0 24 11 41 44 11 44 14 11 32
0 24 14 41 44 13 44 11 11 33
0 22 11 44 44 13 44 14 11 32
0 22 11 44 41 11 41 11 11 33
0 24 14 41 44 13 44 11 11 33
0 22 11 41 41 11 44 11 14 32
0 44 14 41 44 13 41 11 14 32
0 24 14 41 44 13 44 14 11 32
0 22 11 44 44 13 41 11 14 22
0 22 14 44 44 11 41 11 11 32
0 24 11 44 44 11 44 11 11 32
0 44 11 11 41 11 11 11 44 33
0 22 11 11 44 11 44 11 14 32
0 24 11 44 41 11 44 11 14 32
0 24 14 41 44 11 44 11 14 33
0 24 11 11 44 11 41 11 44 32
0 22 11 11 44 13 44 14 14 32
0 22 14 41 44 11 41 11 14 32
0 22 14 41 44 11 44 14 44 33
0 44 14 44 41 11 44 14 11 33
0 44 11 44 44 11 44 11 11 32
0 22 11 41 44 11 44 11 11 32
0 24 14 41 44 11 44 11 14 33
0 24 11 41 44 11 44 11 11 33
0 24 14 11 44 11 41 11 14 32
0 22 14 44 41 11 41 14 14 22
0 24 11 44 44 11 41 11 44 32
0 24 14 41 44 11 44 11 11 33
0 24 11 44 41 11 44 14 44 33
0 22 11 11 44 11 44 11 11 33
0 24 44 41 44 11 41 11 14 33
0 22 14 41 41 11 44 11 44 22
0 44 44 41 44 11 41 11 11 33
0 22 11 41 44 13 41 11 11 32
0 24 44 11 44 11 44 14 11 32
0 44 11 41 44 13 41 11 14 32
0 44 11 41 44 11 41 11 14 32
0 24 14 44 44 13 44 11 44 32
0 22 44 41 41 11 41 11 14 33
0 22 14 44 44 11 41 14 14 32
0 22 44 44 44 11 44 14 11 33
0 22 14 11 44 33 44 14 14 33
0 22 11 41 44 11 11 14 14 33
0 24 11 41 44 11 44 11 11 33
0 24 11 11 41 13 41 11 14 33
0 22 11 44 44 11 44 11 11 33
0 24 11 41 44 11 44 14 11 32
0 22 14 41 44 11 44 14 14 33
0 22 11 41 44 11 44 11 11 33
0 24 11 44 44 11 44 11 11 33
0 24 11 44 44 13 44 11 11 32
0 24 11 44 44 11 41 11 14 33
0 24 11 11 41 11 41 11 44 32
0 22 14 11 44 11 41 11 11 32
0 24 14 44 44 13 41 11 11 32
0 24 14 41 44 13 44 11 11 32
0 24 11 11 44 11 41 14 11 32
0 22 14 41 44 11 44 11 14 33
0 24 11 41 44 11 11 11 14 32
0 44 11 41 44 11 44 11 14 33
0 22 11 44 44 11 44 14 11 32
0 22 44 41 44 11 44 11 11 32
0 22 11 11 41 11 44 14 11 33
0 24 11 41 44 11 41 14 14 33
0 24 11 44 44 11 44 14 44 32
0 22 11 41 44 11 44 11 11 33
0 24 14 41 44 11 44 11 14 32
0 24 11 11 41 11 44 11 14 33
0 24 11 44 41 33 44 11 14 33
0 22 14 41 44 11 41 14 11 32
0 22 11 41 44 11 44 11 44 33
0 22 11 44 44 11 41 11 14 33
0 22 11 41 44 13 44 14 14 32
0 22 14 41 44 11 41 11 44 22
0 24 11 11 44 11 44 14 14 33
0 24 11 44 44 13 41 11 44 32
0 22 11 11 41 11 41 11 14 33
0 24 11 44 44 13 44 14 14 32
0 22 14 41 44 11 44 11 14 33
0 22 11 41 44 13 11 14 14 32
0 22 14 41 41 11 44 11 11 33
0 22 14 41 44 13 44 11 11 32
0 24 14 41 44 11 44 11 14 32
0 22 14 44 41 11 44 11 11 32
0 22 14 41 44 11 41 11 11 33
0 22 11 41 44 11 44 11 14 32
0 24 11 41 41 11 44 11 11 33
0 22 11 41 44 13 41 11 11 32
0 24 11 41 44 13 44 14 14 33
0 44 11 44 44 11 44 14 14 32
0 44 11 44 41 11 44 14 11 32
0 24 14 41 44 13 41 11 14 32
0 24 11 41 44 11 44 11 11 32
0 22 11 41 44 11 41 11 14 32
0 44 14 44 44 11 44 11 11 32
0 22 11 11 44 11 44 14 14 32
0 22 11 41 44 11 41 11 14 33
0 22 11 41 44 11 11 14 14 32
0 24 11 44 41 13 44 14 14 32
0 24 14 41 44 11 44 14 14 32
0 24 11 41 41 13 44 11 11 33
0 24 11 41 41 11 44 14 11 33
0 44 11 44 44 11 44 11 14 32
0 22 11 11 44 11 41 11 14 33
0 44 14 41 44 11 44 14 14 32
0 22 11 44 44 11 11 14 14 32
0 22 11 41 44 13 41 11 44 33
0 22 11 41 44 13 41 11 11 32
0 24 11 41 44 11 44 14 14 32
0 24 44 11 44 11 44 11 14 33
0 22 11 41 41 13 41 11 44 33
0 24 14 44 44 11 44 11 11 33
0 22 11 41 44 11 11 11 11 33
0 24 11 41 41 13 41 11 44 32
0 22 11 41 41 13 44 44 11 32
0 24 14 11 44 13 44 44 14 33
0 22 14 44 44 11 41 11 11 33
0 24 11 44 44 11 44 11 11 33
0 24 14 11 41 11 44 14 11 32
0 22 11 44 44 11 41 11 11 33
0 24 11 11 44 11 44 11 11 33
0 24 11 44 44 11 41 11 11 32
0 22 11 41 44 11 44 11 11 33
0 24 14 41 44 11 44 11 11 33
0 24 11 41 44 11 44 11 11 33
0 22 11 44 44 11 44 11 11 33
0 44 14 41 41 11 41 14 14 33
0 44 11 11 44 11 41 14 14 33
0 24 14 41 44 11 44 14 14 33
0 24 11 41 44 13 41 44 11 33
0 24 11 41 41 13 44 14 14 32
0 24 14 41 44 13 41 14 14 22
0 24 11 44 44 13 41 11 14 22
0 22 11 41 44 11 41 11 14 32
0 22 11 44 41 11 44 11 11 33
0 22 11 41 44 11 41 11 14 33
0 24 11 44 44 11 44 11 14 22
0 22 14 11 44 11 41 11 11 33
0 24 11 41 44 13 44 14 11 32
0 24 14 41 44 11 44 11 11 32
0 24 14 41 41 13 44 11 14 33
0 44 14 44 44 13 44 11 14 32
0 44 14 44 44 11 44 11 14 32
0 22 14 41 41 13 44 11 14 32
0 24 14 44 44 11 11 11 14 33
0 22 14 44 44 11 11 14 14 32
0 24 14 41 44 11 44 11 14 33
0 22 14 41 44 13 44 11 14 33
0 24 11 41 41 11 44 11 11 33
0 24 11 44 44 13 41 11 14 22
0 24 14 41 41 11 44 14 14 33
0 22 44 44 44 11 44 14 14 33
0 22 44 41 44 11 41 14 14 32
0 24 11 41 44 13 44 11 14 33
0 24 11 44 44 11 44 11 11 33
0 22 11 44 44 13 41 14 14 32
0 44 14 41 41 11 41 11 44 32
0 24 11 41 41 11 44 11 14 32
0 24 14 44 44 11 41 14 11 33
0 22 14 41 41 11 44 14 14 33
0 24 14 11 44 11 41 11 14 32
0 24 11 41 44 11 44 14 11 33
0 44 14 41 41 11 44 11 11 32
0 22 11 44 41 11 41 11 14 33
0 22 11 41 44 11 41 14 14 32
0 24 14 44 44 13 41 44 11 22
0 22 14 41 41 11 44 14 14 32
0 22 11 44 44 13 44 11 14 33
0 22 11 41 44 13 41 11 11 22
0 24 11 44 44 11 11 14 14 32
0 24 14 41 44 11 44 14 11 32
0 44 14 44 44 11 41 11 11 33
0 24 14 44 44 11 41 11 14 33
0 24 14 41 44 13 44 11 44 33
0 22 14 41 44 11 41 14 11 32
0 24 11 41 44 11 41 11 11 33
0 22 11 41 44 13 44 11 11 32
0 24 44 41 44 11 41 11 44 32
0 24 11 44 44 11 44 14 14 33
0 22 14 41 44 11 44 11 11 33
0 22 11 41 44 11 44 11 14 33
0 22 11 11 44 13 44 11 14 33
0 44 14 41 41 11 41 11 44 33
0 22 11 41 44 11 41 11 14 32
0 24 11 41 44 13 44 14 11 33
0 22 11 44 44 11 41 11 11 22
0 22 11 41 44 13 44 11 11 32
0 24 11 41 44 13 44 11 11 33
0 22 11 44 44 11 41 11 14 32
0 22 44 11 44 11 44 11 14 32
0 24 11 44 44 11 41 11 14 33
0 24 11 41 44 11 44 11 11 33
0 24 14 41 44 11 44 11 14 33
0 24 11 41 44 13 44 11 11 32
0 22 11 44 44 11 41 14 14 32
0 22 11 41 44 11 41 14 11 33
0 22 14 41 44 11 44 11 14 22
0 24 11 41 44 11 44 11 11 22
0 24 44 41 44 13 44 11 14 22
0 24 44 44 44 11 44 14 14 33
0 44 11 44 41 11 44 11 14 33
0 22 11 44 44 11 41 11 11 32
0 22 11 44 44 11 44 11 44 22
0 24 11 44 41 11 44 14 11 22
0 24 11 41 44 11 44 14 11 33
0 24 11 44 44 11 44 11 11 32
0 24 11 41 44 11 41 11 14 33
0 24 14 11 41 11 44 14 14 33
0 24 14 44 44 11 44 11 14 32
0 22 11 41 44 11 44 11 11 22
0 22 11 41 44 11 41 11 11 33
0 24 11 41 44 11 11 11 11 33
0 22 44 41 44 11 41 14 14 33
0 22 14 41 44 11 41 14 11 33
0 44 11 44 41 11 11 11 11 32
0 24 14 44 44 11 44 14 11 33
0 24 14 41 44 11 44 11 14 32
0 44 11 41 44 11 44 11 44 33
0 24 11 44 44 11 44 11 11 32
0 44 44 44 44 11 41 14 14 22
0 22 11 44 44 11 11 14 11 32
0 24 11 11 44 11 11 11 44 32
0 22 11 44 44 11 44 11 14 32
0 22 11 41 44 11 41 14 44 33
0 22 14 11 44 11 44 11 11 32
0 22 11 44 44 11 44 11 11 33
0 22 44 44 44 11 44 11 11 32
0 24 11 41 41 11 41 11 11 33
0 22 14 41 44 11 44 14 14 32
0 22 11 41 44 11 41 44 11 33
0 24 14 44 44 11 41 11 11 32
0 22 11 41 44 11 41 14 14 33
0 24 11 11 44 11 44 11 11 32
0 44 11 11 41 11 11 11 14 33
0 24 11 41 44 11 44 11 14 33
0 22 44 44 44 11 44 11 11 32
0 24 11 11 41 13 41 11 14 22
0 24 11 11 44 11 44 11 44 33
0 44 14 41 44 13 41 11 14 32
0 24 11 11 41 13 44 11 14 32
0 22 14 41 41 11 44 11 14 32
0 22 14 41 44 11 41 11 14 32
0 24 11 41 44 11 41 11 14 33
0 22 11 41 44 11 44 11 11 22
0 22 11 11 41 11 44 11 11 22
0 22 14 41 44 11 44 11 11 33
0 24 11 11 44 11 44 11 11 32
0 24 11 41 44 11 11 11 11 32
0 22 44 41 44 13 41 11 11 32
0 22 11 41 44 11 44 11 11 32
0 22 11 41 44 11 41 11 14 32
0 24 14 41 41 11 44 14 11 33
0 44 11 41 44 11 41 14 11 33
0 24 14 11 41 11 41 11 14 32
0 22 14 41 41 11 44 11 14 33
0 24 14 11 44 13 44 11 14 32
0 22 11 44 44 11 11 14 11 32
0 24 44 11 44 11 44 11 44 22
0 24 14 11 44 11 44 11 11 32
0 24 11 11 44 11 44 11 11 32
0 24 14 41 41 11 41 11 14 32
0 22 44 44 44 11 44 14 14 32
0 44 14 11 44 11 44 14 14 32
0 22 14 41 44 11 44 11 14 32
0 44 14 44 41 11 44 11 14 32
0 24 14 11 44 13 41 11 11 33
0 24 11 11 44 13 41 11 14 33
0 24 44 41 44 13 44 11 14 33
0 24 14 11 41 11 41 11 14 32
0 44 11 41 44 11 41 14 14 32
0 44 14 44 44 11 44 14 14 22
0 24 14 41 44 11 44 11 11 32
0 22 14 44 44 11 44 14 11 33
0 24 11 41 44 11 44 11 14 32
0 22 14 44 44 11 44 11 14 32
0 44 14 44 41 13 41 11 14 33
0 22 14 41 44 13 44 11 11 33
0 44 14 44 44 11 44 11 14 33
0 24 11 44 44 13 41 11 14 33
0 24 11 44 44 11 41 11 11 33
0 24 11 41 44 11 44 11 11 32
0 24 11 44 41 13 44 14 14 32
0 22 44 41 44 11 44 14 14 33
0 24 44 11 44 13 41 11 14 22
0 22 11 41 44 11 44 11 11 32
0 22 11 41 44 11 41 11 11 22
0 24 11 41 44 11 44 11 14 22
0 24 11 44 44 11 44 14 44 32
0 24 11 44 41 11 41 11 44 33
0 22 11 11 44 11 41 11 14 32
0 22 14 44 44 13 41 11 11 33
0 22 11 44 41 11 41 14 11 32
0 22 11 44 44 11 41 11 44 33
0 22 14 44 41 11 41 11 11 32
0 22 11 11 44 11 44 11 14 22
0 22 14 41 44 11 44 44 14 32
0 22 14 44 41 11 41 14 11 22
0 24 14 41 44 11 41 14 14 32
0 22 14 41 44 11 11 11 11 32
0 22 14 11 41 11 41 11 14 33
0 24 14 41 44 11 41 11 14 32
0 22 44 11 41 11 44 11 11 33
0 24 14 11 44 11 44 11 14 32
0 24 14 44 41 11 44 44 11 33
0 22 11 11 44 11 44 11 11 32
0 24 11 44 41 11 44 11 14 33
0 24 11 11 41 11 41 11 14 32
0 22 14 41 44 11 41 11 14 33
0 24 11 11 44 11 41 14 11 33
0 24 11 44 44 11 44 11 14 33
0 24 11 11 44 11 44 11 14 32
0 22 11 41 44 13 44 11 44 33
0 24 11 11 44 13 41 14 11 32
0 24 11 44 44 11 41 11 11 33
0 44 11 44 44 11 44 11 11 32
0 24 11 41 44 11 41 11 44 33
0 44 14 41 44 11 44 11 11 33
0 24 11 44 44 11 41 11 11 32
0 22 11 11 44 11 41 11 14 33
0 44 11 11 44 11 44 11 14 33
0 24 11 11 44 11 44 11 14 33
0 22 14 41 44 11 41 11 11 32
0 24 14 11 41 11 44 11 11 33
0 24 11 11 44 11 41 11 11 32
0 24 11 11 44 11 11 11 11 32
0 24 11 11 44 11 44 11 11 33
0 24 14 11 44 13 41 11 11 32
0 44 11 11 44 11 44 11 11 33
0 22 44 41 41 11 41 11 14 32
0 22 11 44 44 11 11 11 14 32
0 22 11 11 44 11 44 11 11 32
0 22 14 41 44 11 44 14 11 33
0 24 11 11 44 11 41 11 11 22
0 24 11 44 44 11 41 11 11 33
0 24 11 41 44 11 41 11 11 22
0 22 44 44 44 11 41 11 11 32
0 44 11 11 41 11 41 11 11 32
0 24 11 41 44 11 41 14 44 33
0 22 11 41 44 13 41 11 14 32
0 22 11 44 41 11 44 11 11 22
0 24 14 41 41 11 11 11 11 33
0 22 11 44 44 11 44 11 14 32
0 24 11 44 44 11 44 11 11 33
0 24 11 11 41 11 41 11 11 32
0 22 11 44 41 11 41 11 44 33
0 22 11 41 44 11 41 11 14 32
0 24 14 41 41 13 44 11 11 33
0 22 11 41 44 11 41 11 11 33
0 24 11 41 41 11 44 11 14 32
0 22 14 44 44 11 41 11 11 33
0 24 11 41 44 13 44 11 11 32
0 44 44 44 44 11 44 11 14 32
0 24 14 41 44 11 44 11 14 22
0 24 14 44 44 11 11 14 14 32
0 22 11 41 44 13 44 11 14 32
0 24 11 41 44 11 41 11 11 32
0 24 44 44 44 11 44 11 14 32
0 24 11 41 41 11 44 11 11 33
0 24 11 44 41 11 44 11 14 22
0 22 44 44 44 11 41 14 11 32
0 22 11 11 44 11 11 11 14 32
0 24 11 44 44 11 44 11 11 33
0 24 14 11 44 11 44 11 11 32
0 22 14 44 44 11 41 11 11 33
0 22 14 41 44 11 44 14 44 33
0 24 14 41 44 11 44 11 14 32
0 22 11 44 41 13 44 11 44 33
0 22 14 44 44 11 41 11 11 32
0 22 11 44 44 13 44 11 11 32
0 22 11 41 44 11 44 14 11 33
0 22 14 41 44 11 41 14 14 32
0 24 14 41 41 11 44 11 14 33
0 44 14 41 41 11 44 11 11 33
0 22 11 44 44 13 41 11 14 33
0 44 11 11 44 11 44 14 44 32
0 22 11 41 41 13 41 11 14 32
0 44 14 44 41 11 41 14 44 33
0 24 11 41 41 11 41 14 14 33
0 22 11 11 44 11 11 11 11 22
0 22 11 41 44 11 44 14 44 32
0 22 14 44 44 11 41 11 14 32
0 24 11 11 44 13 41 11 11 33
0 22 14 44 44 11 44 11 11 32
0 24 11 44 41 11 41 11 11 32
0 24 14 41 44 11 41 14 11 32
0 24 44 41 44 13 44 14 11 32
0 24 11 44 44 11 41 14 11 22
0 22 11 41 44 11 44 11 11 33
0 24 11 44 44 11 44 11 14 32
0 44 14 41 44 11 44 14 11 33
0 22 11 44 44 11 41 11 14 32
0 24 11 44 44 11 44 11 11 33
0 24 11 41 44 11 11 11 14 32
0 24 11 44 41 11 41 11 14 32
0 22 11 44 41 13 44 14 11 33
0 22 11 41 44 11 11 11 14 33
0 22 11 11 44 11 41 14 44 32
0 44 11 44 41 11 41 11 14 33
0 22 11 11 44 11 41 11 14 22
0 24 14 44 44 11 44 14 11 33
0 24 11 41 41 11 44 11 11 33
0 24 14 41 44 11 41 11 44 32
0 22 14 41 44 11 44 14 44 33
0 22 14 41 41 11 41 11 14 32
0 22 11 41 44 11 44 11 14 32
0 22 11 44 44 11 44 11 14 33
0 22 11 11 44 11 44 11 11 32
0 22 14 41 44 11 41 11 44 32
0 22 11 11 44 11 11 14 14 33
0 24 14 11 44 11 44 44 11 33
0 24 11 41 44 11 44 14 44 33
0 24 11 11 41 11 41 14 11 33
0 22 11 41 44 11 44 14 11 33
0 22 14 44 44 13 44 14 11 22
0 22 11 44 44 11 44 11 14 33
0 24 14 41 44 11 11 11 11 33
0 22 11 41 44 11 44 14 14 33
0 22 11 11 41 11 41 11 11 32
0 22 11 41 44 11 44 11 11 33
0 24 14 44 44 13 41 14 11 33
0 24 14 11 44 11 44 11 44 33
0 22 11 41 41 11 44 11 14 32
0 22 14 41 41 11 41 11 44 33
0 24 14 41 44 11 41 14 11 22
0 22 14 41 44 13 41 11 14 33
0 24 11 44 44 11 44 11 14 32
0 22 11 11 44 11 44 11 14 32
0 24 11 11 44 11 41 14 11 32
0 24 14 41 44 13 41 11 11 33
0 24 14 44 44 13 44 11 14 33
0 24 11 44 41 11 41 11 44 32
0 24 44 44 44 11 41 14 14 22
0 24 11 41 41 11 44 11 14 32
0 22 14 41 44 11 41 11 11 32
0 24 14 44 44 13 44 14 44 22
0 24 44 44 44 11 41 14 11 32
0 24 11 41 44 11 44 14 14 32
0 24 11 11 44 11 44 11 14 33
0 24 11 41 44 11 11 14 44 32
0 22 11 41 41 11 41 11 14 32
0 24 11 41 44 13 44 11 14 32
0 22 14 44 41 11 44 11 14 33
0 24 14 41 44 11 44 11 14 33
0 24 11 41 44 11 11 11 14 22
0 24 14 41 44 11 44 11 11 32
0 24 11 41 44 11 44 11 14 33
0 24 11 41 44 11 41 14 14 32
0 24 11 41 44 11 44 11 11 32
0 24 11 11 44 11 41 14 14 32
0 22 11 44 44 13 44 14 14 33
0 24 11 41 44 11 44 11 14 33
0 22 14 44 44 13 44 11 14 33
0 24 11 41 44 11 41 14 14 32
0 24 44 41 44 11 41 14 11 33
0 24 14 11 44 11 44 44 44 33
0 44 11 41 41 11 44 11 14 33
0 24 11 41 44 11 41 14 14 33
0 24 11 11 41 11 44 14 11 33
0 24 11 44 44 13 44 11 14 33
0 24 11 41 44 11 44 11 14 33
0 24 14 41 44 11 44 14 11 32
0 24 14 44 44 13 41 11 11 33
0 22 11 41 44 11 41 11 44 22
0 44 14 41 44 11 44 11 44 32
0 24 14 41 44 11 44 11 11 32
0 24 14 41 41 11 41 14 14 33
0 24 11 11 41 11 44 11 44 33
0 22 14 41 44 11 41 11 11 33
0 22 11 41 44 13 44 11 14 33
0 24 11 44 44 11 41 11 14 32
0 24 11 44 41 11 41 14 14 32
0 22 11 41 41 11 11 11 11 32
0 22 14 41 44 11 44 14 14 33
0 24 11 11 44 11 41 14 11 33
0 22 14 11 41 11 44 44 14 33
0 22 11 44 44 13 41 11 14 32
0 24 11 44 41 13 41 11 14 32
0 22 11 41 44 11 44 11 44 33
0 22 11 44 44 11 44 14 14 32
0 22 11 41 44 11 44 11 11 32
0 24 14 41 44 13 44 11 14 32
0 22 11 44 41 13 44 14 11 33
0 22 14 44 44 11 44 11 14 33
0 24 14 11 44 13 41 11 11 32
0 22 11 41 44 11 44 11 11 33
0 22 14 44 41 13 41 14 14 33
1 22 11 41 41 11 44 14 11 33
1 22 11 44 44 11 44 11 14 32
1 44 14 41 41 11 44 11 14 32
1 22 14 41 44 13 44 11 14 22
1 44 11 11 44 11 41 11 14 32
1 22 11 41 44 11 11 11 11 33
1 24 11 44 44 11 41 14 14 33
1 22 11 41 41 11 44 14 11 33
1 22 11 41 41 11 44 14 14 33
1 22 14 11 44 11 44 11 14 22
1 22 11 44 41 13 41 11 14 32
1 24 11 41 44 11 44 11 14 22
1 24 14 11 41 11 44 44 14 32
1 22 14 41 41 11 41 14 11 33
1 24 11 41 44 11 41 11 11 33
1 22 11 41 44 11 41 14 14 32
1 22 11 44 44 11 41 11 14 33
1 44 11 41 41 13 41 14 11 22
1 24 11 11 41 11 44 11 14 22
1 24 11 41 44 13 41 11 14 32
1 24 14 41 44 11 41 11 14 33
1 22 11 44 41 11 41 11 14 32
1 44 11 41 44 11 44 11 14 33
1 22 11 11 44 11 44 14 11 32
1 24 14 41 44 11 41 11 11 22
1 22 14 44 44 11 44 11 11 32
1 24 11 41 44 11 44 11 11 33
1 24 14 11 44 11 44 11 11 22
1 22 11 41 44 11 41 11 11 33
1 22 14 44 44 11 41 11 11 32
1 22 14 41 44 11 41 14 11 33
1 24 11 11 44 13 44 11 11 32
1 44 11 41 11 11 41 14 14 32
1 24 11 41 44 11 41 11 11 33
1 22 14 44 44 11 41 11 11 33
1 22 14 11 44 11 44 11 11 33
1 24 14 41 44 11 41 11 14 33
1 24 14 41 44 13 41 14 44 32
1 22 11 41 44 13 44 11 11 33
1 22 11 41 41 11 11 14 14 33
1 24 11 44 44 11 44 11 14 33
1 24 11 44 44 13 41 14 14 33
1 44 14 11 41 11 44 11 14 32
1 22 11 41 44 11 44 14 44 33
1 24 11 41 44 11 41 11 14 32
1 22 11 44 44 13 41 11 14 33
1 24 11 41 44 11 44 14 11 32
1 44 14 11 41 11 41 11 14 22
1 24 14 11 44 11 44 14 11 33
1 22 14 41 44 11 44 11 14 32
1 24 14 41 44 11 44 11 14 32
1 22 14 41 41 11 44 14 14 32
1 22 14 41 44 11 41 11 11 33
1 22 11 41 44 11 41 11 14 33
1 44 11 44 44 11 41 11 14 32
1 24 11 41 41 11 44 11 44 33
1 44 11 11 44 13 41 11 14 32
1 22 11 41 44 11 44 14 11 33
1 24 11 44 44 11 44 11 11 32
1 22 11 41 41 11 41 11 44 32
1 22 11 11 44 13 41 11 14 33
1 24 14 44 44 13 44 11 11 32
1 22 11 11 44 11 44 11 11 32
1 22 14 41 44 11 11 14 14 32
1 22 11 11 44 11 44 14 14 32
1 44 14 11 44 11 44 14 14 33
1 22 14 41 44 11 41 11 14 32
1 24 14 41 44 11 44 14 14 33
1 22 11 41 11 13 11 11 14 32
1 24 14 44 44 11 41 11 14 32
1 24 11 11 44 13 44 11 14 32
1 24 11 44 44 11 44 11 44 33
1 44 11 44 44 11 44 11 14 33
1 44 11 41 44 11 41 11 11 32
1 24 14 41 44 13 41 11 11 22
1 22 11 44 44 11 11 11 44 33
1 24 14 11 44 11 11 14 44 33
1 44 11 41 44 11 44 11 14 32
1 22 11 41 44 11 41 11 44 33
1 22 11 41 44 13 44 11 14 32
1 22 14 44 44 11 41 11 14 22
1 22 14 44 41 13 44 44 14 33
1 22 11 44 44 11 44 11 11 32
1 44 11 41 44 11 41 14 14 32
1 22 14 41 44 11 44 14 11 33
1 24 14 44 44 11 44 14 14 33
1 22 44 41 44 11 44 11 11 32
1 24 11 41 44 11 41 14 11 33
1 24 14 41 44 13 41 11 11 32
1 24 14 41 44 11 11 14 14 33
1 24 14 44 44 13 44 11 11 33
1 44 14 44 44 11 41 14 14 33
1 24 14 44 44 13 41 11 11 33
1 44 14 41 41 11 44 11 14 33
1 24 14 11 44 13 41 14 11 33
1 24 14 44 44 11 44 11 11 32
1 24 14 41 41 11 44 11 11 33
1 44 14 44 44 11 44 14 11 33
1 22 14 41 44 13 44 11 14 22
1 44 14 41 44 11 11 14 11 33
1 22 11 41 41 11 41 11 14 32
1 24 11 41 44 13 44 11 14 32
1 24 14 44 44 13 44 11 44 33
1 24 11 41 44 11 41 11 14 22
1 24 11 11 41 11 44 14 11 33
1 24 44 44 41 11 11 14 11 32
1 44 14 44 44 11 11 11 11 33
1 44 11 44 44 11 41 11 11 33
1 44 11 41 44 11 41 11 11 22
1 22 14 11 44 13 44 14 14 32
1 22 14 11 44 11 44 44 14 33
1 22 14 41 41 11 41 11 14 33
1 24 14 44 44 11 41 14 14 33
1 24 14 44 44 11 11 11 11 33
1 22 14 41 44 11 11 14 11 33
1 22 11 41 44 11 44 14 14 22
1 24 11 41 44 13 41 14 44 22
1 24 11 11 44 11 44 11 11 32
1 44 11 41 44 13 41 14 14 32
1 24 14 41 41 11 44 11 44 32
1 24 11 44 41 11 41 11 11 32
1 22 11 44 44 11 41 11 11 33
1 22 14 41 44 11 41 11 11 32
1 22 11 44 44 11 11 11 14 33
1 22 11 41 41 11 41 11 11 22
1 24 11 41 44 33 41 11 11 33
1 22 44 44 44 11 44 11 11 33
1 22 14 44 44 11 44 11 11 33
1 24 14 44 44 13 41 14 14 33
1 44 11 41 44 11 41 11 11 32
1 22 11 41 44 11 41 11 11 32
1 22 11 41 44 11 41 11 14 33
1 24 14 44 44 11 41 11 11 33
1 22 11 41 44 11 44 11 11 33
1 22 44 41 44 13 44 11 14 32
1 24 11 44 44 11 44 11 11 33
1 24 11 41 41 11 11 11 14 33
1 24 14 44 44 11 44 11 11 33
1 22 14 41 44 11 44 11 14 32
1 22 14 44 44 11 44 14 11 33
1 24 11 11 44 11 44 11 11 33
1 24 11 41 44 11 41 11 11 33
1 22 11 41 41 11 41 11 14 32
1 44 11 44 44 11 41 11 14 33
1 22 11 11 44 11 41 11 44 22
1 22 11 41 44 11 44 11 11 32
1 24 14 44 44 11 44 11 14 33
1 22 11 41 44 11 41 14 14 33
1 24 11 44 44 11 41 11 14 22
1 44 14 41 44 11 44 11 14 32
1 22 11 41 44 11 11 11 14 33
1 24 44 44 44 11 11 11 14 33
1 22 14 41 44 11 41 14 14 32
1 22 14 41 41 13 44 14 11 32
1 24 11 41 44 11 41 11 11 32
1 22 14 11 44 11 44 11 14 33
1 24 14 41 44 13 41 44 14 22
1 44 11 11 41 11 44 11 11 32
1 22 11 41 44 11 41 14 11 33
1 24 11 44 44 11 41 14 11 33
1 44 44 41 44 13 44 14 11 32
1 44 11 44 44 11 11 11 11 33
1 22 11 41 44 11 41 11 11 32
1 24 11 41 44 11 41 14 11 32
1 22 11 41 44 11 44 11 14 32
1 44 11 44 41 11 44 11 44 32
1 44 11 41 44 11 44 14 14 32
1 22 11 41 44 11 44 11 14 32
1 44 14 44 41 11 11 14 14 33
1 22 14 41 44 11 44 11 14 33
1 24 14 44 44 11 44 14 11 33
1 22 11 11 44 11 44 11 11 33
1 24 11 41 44 11 41 14 14 32
1 24 11 11 44 13 11 14 14 22
1 24 11 44 44 11 41 11 11 32
1 24 14 41 44 11 44 11 44 33
1 24 14 41 44 13 41 11 14 32
1 24 11 44 41 11 11 11 11 32
1 24 44 44 41 11 44 14 11 33
1 24 14 44 44 11 44 11 14 33
1 24 11 44 44 11 44 11 11 33
1 22 14 41 44 11 44 11 14 32
1 24 14 41 41 11 44 11 11 33
1 22 11 41 41 13 44 11 11 32
1 24 11 44 44 11 44 44 11 32
1 44 14 41 44 13 44 11 11 32
1 24 11 44 44 13 44 11 14 22
1 24 11 41 44 11 41 14 11 33
1 22 11 41 44 11 41 11 14 32
1 22 11 41 44 11 41 11 11 33
1 24 14 44 41 11 44 11 14 32
1 22 11 41 44 11 41 14 11 33
1 24 11 44 44 13 41 14 14 22
1 22 14 11 44 11 41 11 11 22
1 22 11 44 44 11 44 11 11 33
1 24 11 11 44 11 41 14 14 32
1 22 11 44 44 11 41 11 11 32
1 24 14 11 44 13 41 11 11 32
1 24 14 41 44 11 44 11 11 22
1 24 11 11 41 13 44 11 11 33
1 22 11 44 44 11 41 11 14 33
1 22 14 41 41 11 11 11 14 22
1 24 11 44 44 11 44 11 14 33
1 24 11 44 44 11 44 14 14 32
1 22 11 11 44 11 44 14 14 32
1 22 11 44 44 11 41 11 14 32
1 24 44 44 44 11 41 11 44 33
1 22 11 11 44 11 41 11 14 22
1 22 14 41 44 11 11 11 11 22
1 24 11 44 44 11 41 11 11 33
1 24 11 44 44 11 41 14 11 32
1 24 11 44 11 11 41 11 44 33
1 22 14 44 44 13 44 14 11 33
1 44 44 41 41 11 44 11 11 32
1 44 11 11 44 11 41 14 14 33
1 24 11 11 44 11 44 14 14 32
1 24 11 41 44 11 41 14 11 33
1 24 11 41 44 13 41 11 11 22
1 24 11 41 41 11 41 11 14 33
1 22 11 11 44 13 44 11 11 33
1 22 14 11 41 11 41 11 11 32
1 24 14 41 44 11 44 11 11 32
1 24 11 44 44 13 41 11 14 33
1 24 14 41 44 13 41 11 11 32
1 22 11 11 44 13 44 11 14 22
1 22 14 41 44 11 44 44 14 33
1 24 44 44 44 13 44 14 11 33
1 24 11 41 44 13 44 14 11 33
1 24 14 41 44 11 44 14 11 33
1 24 14 41 44 13 44 11 11 32
1 44 11 41 41 13 44 11 11 32
1 24 14 41 44 11 44 11 14 32
1 24 11 41 44 11 44 11 11 33
1 24 14 41 44 11 41 11 11 33
1 24 14 44 44 11 41 14 44 33
1 24 11 44 44 13 44 14 14 32
1 22 11 41 11 11 41 14 11 22
1 24 11 41 44 11 44 11 14 32
1 44 11 41 44 13 41 11 44 33
1 24 11 41 41 11 44 11 11 33
1 22 11 41 44 11 41 11 14 32
1 44 14 44 44 11 44 11 14 22
1 24 11 44 44 13 11 14 14 32
1 22 14 11 44 11 44 11 14 33
1 22 11 11 41 11 41 11 44 22
1 22 11 41 44 11 44 14 14 32
1 22 14 44 41 11 41 14 14 33
1 22 11 41 44 11 41 11 14 32
1 22 14 44 44 11 41 11 14 33
1 44 11 44 41 11 44 11 11 33
1 22 44 44 44 11 44 11 14 33
1 22 44 44 44 13 44 11 44 32
1 22 14 44 44 11 44 44 44 33
1 22 11 11 44 11 41 11 11 32
1 22 14 41 44 11 44 11 14 33
1 24 14 44 41 13 41 14 11 33
1 22 14 44 44 11 44 14 11 22
1 22 11 11 44 11 41 11 11 32
1 22 11 11 44 11 41 11 44 32
1 24 11 41 44 11 44 11 44 33
1 22 14 41 44 11 44 11 14 33
1 24 14 44 44 11 44 11 14 33
1 24 14 11 41 11 44 11 44 33
1 44 14 44 44 11 44 11 11 32
1 24 14 44 44 11 41 11 11 32
1 24 14 41 41 11 41 11 14 33
1 22 14 41 44 11 44 14 11 32
1 24 11 41 44 11 41 14 44 22
1 24 11 44 44 13 41 11 14 33
1 22 11 11 44 11 41 14 14 33
1 22 11 41 44 11 41 11 44 22
1 24 11 41 44 13 41 11 14 33
1 22 14 11 44 11 44 14 14 33
1 22 11 44 44 11 44 14 14 33
1 24 14 44 41 11 44 14 11 32
1 22 44 41 44 11 44 14 11 33
1 24 11 41 44 11 44 11 44 32
1 24 14 41 44 11 44 14 11 32
1 22 44 41 44 11 11 11 14 22
1 44 14 41 44 13 44 11 44 33
1 24 14 41 41 11 41 11 14 33
1 44 14 41 44 11 44 11 11 32
1 22 11 11 44 13 41 11 11 32
1 24 11 44 44 11 44 11 11 22
1 22 11 11 44 11 41 11 11 33
1 24 11 44 41 11 41 11 14 32
1 24 11 41 44 11 44 11 14 33
1 22 11 41 44 11 41 11 14 22
1 22 14 44 44 11 44 14 44 32
1 24 44 41 44 11 44 11 14 33
1 24 14 41 44 11 41 14 11 32
1 22 11 41 41 11 41 11 11 33
1 22 11 41 44 11 44 11 14 33
1 24 11 44 44 13 44 11 14 33
1 24 11 41 44 11 11 11 14 33
1 24 11 44 44 13 41 11 11 33
1 22 11 44 44 11 44 11 44 32
1 22 14 41 44 13 44 14 14 22
1 24 11 41 44 11 44 14 14 32
1 22 14 41 44 13 44 11 11 33
1 24 14 41 44 11 44 11 14 32
1 44 14 41 44 11 44 11 14 32
1 24 11 41 41 11 44 11 11 33
1 24 11 11 44 11 41 14 14 33
1 22 11 11 44 11 44 11 14 33
1 24 11 41 41 11 41 14 11 32
1 22 11 44 44 11 41 11 14 32
1 24 14 41 41 11 11 14 44 32
1 22 11 41 44 11 44 11 14 33
1 24 11 11 44 11 44 14 11 33
1 24 11 41 44 11 41 14 44 22
1 24 11 41 11 13 44 14 14 33
1 22 11 41 44 11 41 11 44 32
1 24 11 41 11 11 44 11 11 22
1 22 14 41 44 11 11 11 11 32
1 22 11 41 44 13 44 11 14 32
1 22 11 44 41 11 44 11 14 32
1 24 14 41 41 33 11 14 11 33
1 22 14 41 44 11 44 11 44 22
1 24 11 41 44 11 41 11 14 33
1 24 14 44 44 11 11 11 11 33
1 22 14 41 41 11 44 11 11 33
1 24 11 41 44 11 44 14 11 32
1 22 11 41 44 11 44 14 14 32
1 44 11 11 44 11 11 11 14 32
1 22 14 44 44 11 44 11 11 32
1 22 11 44 44 11 41 14 11 33
1 22 11 44 44 11 44 14 44 32
1 24 11 11 44 11 44 11 11 33
1 24 11 41 44 11 44 11 14 32
1 24 11 11 41 13 44 11 14 33
1 24 11 41 44 11 44 11 14 33
1 24 11 41 44 11 44 11 11 22
1 22 11 41 41 13 44 11 11 33
1 22 11 11 41 11 41 11 11 32
1 44 11 11 41 11 44 11 11 33
1 22 11 11 41 11 44 14 14 32
1 22 11 11 41 11 41 11 14 32
1 22 11 44 44 11 44 11 14 22
1 24 11 41 44 11 44 11 14 32
1 24 11 44 44 13 44 14 11 33
1 22 44 41 44 11 44 11 11 33
1 22 11 44 44 11 41 11 14 32
1 44 14 11 41 11 41 14 11 33
1 24 11 41 44 11 41 11 14 33
1 24 44 44 44 11 41 11 14 32
1 24 14 41 41 11 41 11 14 32
1 22 14 44 44 11 11 11 11 33
1 22 11 41 44 13 44 14 11 32
1 22 11 41 44 11 44 11 11 33
1 24 14 41 44 13 44 11 11 33
1 22 11 41 44 11 44 14 11 33
1 22 11 44 44 13 41 11 11 33
1 22 11 44 44 13 44 11 11 32
1 22 11 44 44 11 44 14 14 33
1 24 11 44 41 11 41 11 14 33
1 44 11 44 44 11 41 14 11 33
1 22 11 41 44 13 44 11 14 33
1 24 14 41 44 11 41 11 11 32
1 22 11 41 44 11 44 11 14 33
1 24 44 44 41 11 44 14 14 33
1 24 11 11 41 11 41 11 14 33
1 24 14 41 44 13 11 11 14 33
1 24 11 41 44 11 44 11 44 32
1 24 11 41 44 13 44 11 11 22
1 22 11 41 41 11 44 11 14 32
1 44 14 11 44 11 41 11 44 32
1 24 11 41 44 13 41 14 11 32
1 24 44 41 44 13 11 11 44 33
1 22 14 11 44 11 44 14 11 33
1 24 11 41 44 11 44 11 11 33
1 44 11 41 44 13 41 14 14 33
1 22 11 41 44 11 41 11 14 32
1 22 14 41 41 13 11 11 14 32
1 24 11 41 44 11 41 11 44 32
1 24 11 41 44 11 41 14 11 33
1 24 14 44 44 11 44 14 14 32
1 22 11 11 44 11 41 11 14 32
1 22 14 11 44 11 41 11 11 33
1 24 11 41 44 11 11 11 11 22
1 22 11 11 44 11 41 11 44 33
1 24 11 44 41 11 44 11 11 32
1 22 11 44 44 11 41 11 11 33
1 24 14 41 44 11 41 11 11 32
1 22 14 41 44 11 41 14 14 33
1 22 44 44 44 13 44 14 11 33
1 22 11 41 44 11 44 11 14 32
1 44 11 44 41 11 41 14 11 32
1 24 14 41 41 11 11 11 14 33
1 22 11 44 44 11 41 11 14 33
1 22 11 44 41 11 41 11 14 32
1 24 11 11 44 11 41 11 14 32
1 22 11 44 44 13 44 11 14 33
1 22 11 44 44 11 41 11 44 32
1 24 11 41 44 11 44 11 14 33
1 24 14 41 44 11 41 11 14 32
1 24 11 44 41 13 41 11 14 32
1 24 44 44 44 11 11 14 14 33
1 24 11 41 44 11 41 14 14 32
1 22 14 44 44 11 41 14 11 32
1 24 11 41 44 11 44 11 11 33
1 24 14 41 44 11 44 14 11 33
1 24 11 44 44 11 41 14 11 32
1 24 14 41 44 11 44 14 11 33
1 24 14 44 44 11 44 11 11 32
1 24 14 44 44 11 44 11 11 32
1 22 14 41 44 11 41 44 14 33
1 22 11 44 44 13 41 11 14 32
1 24 11 44 44 11 41 11 14 32
1 22 11 41 44 11 41 14 14 32
1 22 11 44 44 11 41 14 14 33
1 22 11 44 44 11 44 11 11 32
1 22 11 41 44 11 44 11 11 33
1 24 14 44 41 11 44 14 11 33
1 24 44 11 44 11 41 14 11 33
1 24 14 11 41 13 41 11 14 32
1 24 14 41 44 11 44 11 11 32
1 22 14 11 44 11 41 11 11 33
1 22 14 41 44 13 41 11 14 32
1 22 14 41 44 11 41 14 14 22
1 22 14 11 44 11 41 11 44 33
1 24 11 44 44 11 44 11 11 33
1 22 14 41 44 11 41 14 14 32
1 24 11 44 44 11 44 14 44 32
1 22 11 44 44 11 11 11 14 22
1 24 14 44 44 11 11 11 11 32
1 24 11 11 44 11 41 11 11 32
1 22 14 41 44 11 41 44 11 33
1 24 11 44 41 11 41 11 11 33
1 44 11 44 44 11 44 14 14 22
1 22 11 41 44 11 44 11 14 22
1 22 14 44 41 11 44 11 11 32
1 44 11 41 41 11 44 44 11 32
1 22 11 41 44 11 44 14 14 22
1 24 11 44 44 13 44 11 11 33
1 22 14 44 44 33 44 11 14 33
1 22 11 41 44 11 11 14 14 32
1 24 11 41 44 11 41 14 14 33
1 24 11 44 41 11 44 11 11 32
1 22 14 41 44 13 41 14 14 33
1 24 44 41 44 11 44 44 14 22
1 44 14 44 44 13 11 14 14 32
1 24 11 41 44 11 44 14 11 32
1 24 11 41 41 11 44 44 11 33
1 22 11 11 44 13 41 11 11 32
1 22 11 11 44 13 41 11 14 33
1 22 14 41 44 11 44 11 44 33
1 24 11 41 44 11 44 11 44 33
1 24 14 11 41 11 44 11 14 33
1 44 14 41 41 11 44 11 14 33
1 24 11 11 44 13 44 11 11 33
1 24 14 41 44 11 41 14 11 33
1 24 14 44 41 11 44 11 44 33
1 44 11 44 44 11 44 14 11 33
1 24 14 11 44 11 41 11 11 32
1 24 14 44 44 11 44 11 44 33
1 22 11 41 44 11 41 14 11 33
1 24 11 41 44 13 41 11 44 33
1 24 11 11 44 11 41 14 11 33
1 22 11 41 41 13 41 14 14 33
1 22 11 44 44 11 41 11 14 32
1 24 11 44 44 11 44 44 14 32
1 24 11 41 44 11 11 44 11 33
1 22 44 11 44 13 44 11 11 33
1 24 11 44 44 11 11 11 11 32
1 44 11 41 44 11 44 14 14 32
1 22 11 11 44 13 41 11 14 33
1 24 11 41 41 13 44 11 14 32
1 22 14 11 44 11 44 14 11 32
1 24 11 44 44 11 44 11 11 32
1 24 11 41 44 11 44 11 11 22
1 22 11 41 41 11 44 14 14 33
1 44 11 11 44 11 44 14 11 33
1 22 11 44 41 13 44 14 14 33
1 44 11 41 44 11 41 14 14 33
1 22 14 44 44 11 41 11 14 32
1 24 14 44 44 11 44 11 11 33
1 24 14 11 44 11 44 14 14 32
1 44 11 41 44 11 41 11 14 33
1 22 11 11 44 11 44 14 14 22
1 22 11 41 41 11 41 11 11 33
1 24 11 44 44 11 41 14 11 33
1 24 11 41 44 11 44 11 11 33
1 24 11 11 41 11 44 14 11 32
1 24 11 11 44 13 44 11 11 32
1 22 11 11 41 11 44 11 11 32
1 24 11 41 44 11 41 11 14 33
1 24 44 41 44 11 41 11 14 32
1 22 44 44 41 11 41 14 11 33
1 22 14 41 44 11 44 14 11 32
1 24 14 44 44 11 41 14 11 32
1 22 11 41 44 11 44 11 14 33
1 44 14 41 41 13 44 11 11 32
1 44 11 44 44 11 44 11 11 33
1 22 11 41 41 11 11 14 14 32
1 22 11 41 44 11 11 11 11 32
1 22 44 11 44 11 44 11 11 32
1 22 11 41 41 11 44 14 14 33
1 24 11 44 44 11 44 11 11 33
1 24 11 41 44 11 41 11 11 32
