 rs4908898 rs737243 rs4908554 rs3935435 rs4243829 rs4243830 rs1556035 rs1010584 rs12046229 rs11122043
0 33 11 33 33 33 22 22 22 33 22
0 31 14 33 32 32 23 22 23 32 23
0 33 11 33 33 33 22 22 22 33 22
0 33 11 33 33 33 22 22 22 32 22
0 33 11 33 32 33 22 22 23 32 22
0 31 14 33 32 33 23 23 23 32 23
0 33 11 33 32 33 22 22 22 32 23
0 11 14 33 32 33 23 22 23 32 23
0 31 11 33 32 33 23 22 23 32 23
0 33 11 33 32 33 22 22 23 32 23
0 11 14 32 22 32 23 23 23 22 33
0 31 44 32 22 33 22 23 23 32 33
0 11 44 33 32 32 33 22 23 33 23
0 33 44 32 32 33 23 22 23 22 23
0 33 11 33 33 33 22 22 22 33 22
0 11 44 33 22 32 23 22 22 22 33
0 11 44 32 22 22 33 23 33 22 33
0 31 14 33 33 33 22 22 23 32 23
0 31 44 33 22 33 23 22 22 32 23
0 31 14 32 22 33 23 22 23 32 33
0 31 44 32 22 32 33 22 23 22 33
0 31 44 33 22 32 23 22 23 22 33
0 11 14 32 22 32 23 23 23 22 33
0 11 14 33 32 32 23 23 23 32 23
0 31 14 33 22 33 22 22 23 22 23
0 31 11 33 33 33 22 22 22 33 22
0 33 14 33 33 33 23 22 22 32 23
0 33 11 33 33 33 22 22 22 33 22
0 31 14 33 33 33 33 22 22 33 33
0 11 14 32 32 32 23 23 33 32 23
0 11 14 32 22 32 23 23 33 22 33
0 11 14 33 32 33 22 22 22 22 23
0 31 14 33 33 33 23 22 22 22 23
0 33 11 33 33 33 22 22 23 33 22
0 33 11 33 32 33 22 22 22 33 23
0 33 14 33 32 33 22 22 23 32 22
0 31 14 32 32 32 23 23 23 32 23
0 33 14 33 33 33 22 22 22 32 23
0 31 14 33 22 33 23 22 23 22 23
0 31 14 33 32 33 22 22 22 32 23
0 31 14 32 32 32 23 22 22 32 33
0 31 14 32 22 33 33 23 33 22 33
0 31 14 33 22 33 22 22 23 32 33
0 31 14 32 32 32 23 23 23 32 23
0 33 11 33 32 33 23 22 22 33 22
0 31 11 33 33 33 22 22 22 33 23
0 31 14 32 32 32 23 22 23 32 23
0 31 44 33 32 32 22 23 33 22 23
0 33 11 33 33 33 22 22 22 32 22
0 33 11 33 32 33 22 22 22 33 22
0 11 44 22 22 33 22 22 23 22 23
0 31 14 33 22 32 33 22 23 22 23
0 33 11 33 32 33 22 22 22 33 22
0 33 14 33 33 33 22 22 23 32 23
0 31 14 33 32 33 22 22 22 32 23
0 31 14 32 32 33 23 22 23 32 23
0 31 14 32 32 32 23 23 23 32 23
0 31 11 32 32 32 23 22 23 32 23
0 31 14 32 22 32 23 23 23 32 23
0 31 11 33 22 33 22 22 23 33 23
0 33 14 33 33 33 22 22 23 32 23
0 33 11 33 32 33 23 22 22 33 23
0 31 14 33 32 33 23 23 23 32 23
0 31 14 32 32 32 23 23 23 32 23
0 33 14 33 32 32 22 23 23 22 23
0 33 44 33 22 33 22 22 23 32 23
0 31 11 33 32 33 23 23 23 32 33
0 31 11 33 32 33 22 22 23 32 23
0 31 11 33 32 33 22 22 23 32 33
0 33 11 33 33 33 22 22 22 32 22
0 31 14 32 32 32 23 23 23 22 23
0 31 14 32 32 32 23 22 23 22 23
0 33 11 33 32 33 23 22 23 32 22
0 31 44 32 22 32 33 23 33 22 33
0 33 14 33 33 32 23 22 22 32 23
0 31 11 32 22 33 23 22 22 22 33
0 33 11 32 33 32 22 22 33 33 23
0 33 11 33 33 33 22 22 22 33 22
0 33 14 33 22 33 23 22 22 32 23
0 31 14 32 32 33 23 22 23 32 23
0 31 14 33 33 33 22 22 23 33 22
0 33 11 33 32 33 22 22 23 33 22
0 11 14 33 22 32 23 22 22 22 33
0 33 14 33 22 32 22 22 23 32 23
0 11 44 33 22 32 33 33 33 22 33
0 11 44 33 22 32 33 22 22 22 33
0 31 14 33 22 32 23 22 23 32 23
0 31 44 32 22 32 23 22 23 22 33
0 31 44 32 32 32 23 23 23 32 23
0 33 11 33 33 33 22 22 22 32 22
0 33 11 33 33 33 22 22 22 33 22
0 11 44 32 22 32 23 33 33 22 33
0 31 14 32 32 32 23 23 23 32 23
0 31 14 33 22 33 22 22 23 32 33
0 31 14 33 32 33 23 22 23 32 23
0 31 11 33 22 33 22 22 22 32 23
0 33 11 33 33 33 22 22 22 33 22
0 31 14 33 32 33 23 23 23 32 23
0 11 14 32 32 32 23 22 33 32 33
0 31 11 33 32 33 22 22 22 33 23
0 11 14 33 32 33 23 22 23 22 23
0 31 14 33 32 32 22 22 23 22 33
0 31 14 33 32 33 23 22 23 32 23
0 31 11 33 32 33 22 22 23 32 23
0 31 14 33 33 33 22 22 22 32 22
0 31 14 33 32 33 22 22 22 32 23
0 31 14 32 32 33 23 23 23 32 23
0 31 14 33 32 33 22 22 23 32 23
0 11 14 33 33 33 22 22 22 32 33
0 33 11 33 33 33 22 22 22 33 22
0 33 14 33 32 33 22 22 23 33 23
0 31 44 33 32 33 23 22 22 22 33
0 33 14 33 32 33 22 22 22 32 22
0 31 44 33 32 33 22 22 23 22 23
0 31 14 33 32 33 22 22 23 32 22
0 31 44 33 32 33 22 22 23 32 23
0 31 14 33 22 32 22 22 23 32 23
0 33 14 33 33 33 22 22 22 33 22
0 31 14 32 32 32 23 22 23 32 23
0 33 44 33 32 32 22 22 23 32 23
0 33 14 33 32 33 23 23 23 32 23
0 11 44 33 33 33 22 22 22 32 23
0 31 14 32 32 32 23 23 23 32 23
0 31 14 33 32 33 23 22 23 22 23
0 33 14 33 22 33 22 23 22 22 33
0 31 14 32 22 33 22 22 33 32 23
0 33 14 33 22 33 22 22 22 32 22
0 31 14 33 32 33 23 22 33 22 23
0 11 44 32 22 33 23 23 23 32 23
0 31 14 33 32 33 23 22 23 32 23
0 31 14 33 32 33 23 22 23 32 23
0 31 44 32 22 33 23 22 33 22 23
0 31 14 33 32 33 23 22 23 32 23
0 11 44 22 22 33 23 22 23 22 23
0 33 11 33 33 33 22 22 22 33 22
0 31 11 32 22 33 22 22 23 22 23
0 33 11 33 32 33 23 22 22 33 23
0 11 44 22 22 32 33 33 23 22 23
0 33 14 32 32 33 22 22 23 33 23
0 31 11 32 33 33 22 22 22 32 33
0 33 14 33 32 33 22 22 23 33 22
0 33 11 33 33 33 22 22 22 33 22
0 31 44 33 22 32 22 22 22 32 22
0 33 11 33 33 33 22 22 22 33 23
0 33 14 33 22 33 22 22 23 32 22
0 11 14 33 22 33 22 22 22 32 22
0 33 11 33 33 32 22 22 22 22 23
0 33 11 33 32 33 22 22 22 32 23
0 31 14 32 32 32 23 22 22 32 23
0 31 44 32 33 33 23 22 23 32 33
0 31 14 33 33 33 22 22 23 32 23
0 11 14 33 32 33 23 22 22 22 23
0 31 14 33 32 32 23 23 23 22 23
0 31 11 33 33 33 22 22 22 33 22
0 33 11 33 33 33 22 22 22 33 22
0 31 44 22 22 32 23 22 23 22 23
0 31 14 33 32 33 22 22 22 33 23
0 11 44 22 22 32 23 23 33 22 33
0 33 14 33 33 33 22 22 22 32 22
0 11 14 33 22 33 22 22 23 32 33
0 31 14 32 32 33 33 22 22 32 23
0 33 11 33 32 33 22 22 22 32 22
0 33 11 33 33 33 22 22 22 32 22
0 33 11 33 33 33 22 22 22 33 22
0 31 11 33 32 33 23 22 22 32 23
0 33 14 33 22 33 23 22 22 22 22
0 11 44 22 22 32 23 23 33 22 33
0 31 14 33 32 33 23 22 23 32 23
0 11 14 32 32 33 22 22 23 32 22
0 11 11 33 33 33 23 22 22 32 23
0 33 11 33 33 33 22 22 23 33 22
0 31 14 32 32 33 22 22 23 32 23
0 33 14 33 32 33 22 22 22 32 23
0 31 11 33 32 33 22 22 23 33 22
0 31 14 33 32 33 23 22 22 22 23
0 31 14 33 32 32 23 22 23 32 33
0 31 11 33 32 32 22 22 22 32 23
0 33 11 33 33 33 22 22 22 32 22
0 33 11 33 33 33 22 22 22 32 22
0 31 44 33 32 33 23 22 33 32 23
0 31 44 32 32 32 23 23 23 32 23
0 33 11 33 32 33 22 22 22 33 33
0 11 44 32 32 32 22 23 23 32 33
0 31 14 32 32 33 23 22 33 32 23
0 31 44 33 32 33 23 22 22 32 22
0 33 14 33 22 33 33 22 22 32 22
0 31 14 33 33 33 22 22 23 33 23
0 33 11 33 32 33 22 22 22 33 22
0 31 44 33 22 33 23 22 23 32 33
0 31 11 32 22 33 23 23 22 32 23
0 31 44 33 32 32 23 22 33 22 33
0 31 11 33 33 33 23 22 22 33 22
0 31 14 33 32 33 23 22 23 33 23
0 33 11 33 33 33 22 22 22 33 22
0 31 14 33 32 32 23 23 23 22 23
0 31 14 33 33 33 22 22 22 32 22
0 33 11 33 33 33 22 22 22 33 22
0 31 14 32 32 33 23 22 23 22 23
0 31 14 33 32 32 22 22 23 32 23
0 33 44 33 32 33 22 22 22 33 23
0 11 44 32 22 32 23 23 23 22 33
0 31 44 32 32 33 23 22 23 32 33
0 31 11 33 33 33 23 22 22 33 22
0 33 14 33 33 33 22 22 22 33 33
0 31 14 33 22 33 23 22 22 33 33
0 11 44 33 22 32 23 23 33 22 33
0 31 44 32 22 33 23 22 23 32 33
0 33 11 33 33 33 22 22 22 33 22
0 31 14 32 32 33 23 23 23 32 23
0 11 14 33 22 33 22 23 23 32 23
0 11 44 33 22 33 22 22 33 32 23
0 33 11 33 32 33 22 22 22 33 22
0 31 11 33 33 33 22 22 23 32 23
0 31 11 33 32 33 23 22 22 32 23
0 11 44 33 32 33 22 22 23 22 22
0 33 11 33 32 33 23 22 23 32 23
0 31 14 33 32 33 22 22 22 33 22
0 33 11 33 33 33 22 22 22 32 22
0 31 14 33 32 33 22 22 22 32 23
0 33 11 33 33 33 23 22 22 32 23
0 33 11 33 33 33 22 23 22 33 22
0 33 14 33 32 33 23 22 22 33 22
0 31 44 32 32 33 23 23 23 32 33
0 31 14 33 33 33 23 22 22 32 23
0 33 11 33 32 33 22 22 22 33 22
0 11 44 22 22 22 33 23 23 22 33
0 11 44 32 22 32 23 23 23 22 33
0 11 44 32 22 33 23 22 23 32 33
0 33 11 33 33 33 22 22 22 33 22
0 33 14 33 32 33 22 22 22 22 22
0 31 14 33 32 33 22 22 23 32 23
0 31 14 32 32 32 22 22 23 32 22
0 11 44 32 22 33 23 23 23 22 33
0 31 14 33 32 32 23 23 23 32 23
0 31 44 33 32 33 33 22 33 22 23
0 33 11 33 33 33 22 22 22 32 22
0 33 11 33 33 33 22 22 22 33 22
0 33 14 33 32 33 22 22 22 33 22
0 33 11 33 33 33 22 22 22 33 22
0 33 14 32 32 32 22 23 22 32 22
0 31 44 33 32 33 23 22 22 32 23
0 11 14 32 32 33 23 23 33 32 23
0 11 44 33 33 33 23 23 22 22 23
0 11 44 32 22 33 33 22 33 22 33
0 11 44 32 22 32 23 22 33 33 23
0 31 44 33 32 33 22 22 23 22 33
0 33 14 33 32 33 23 22 23 33 33
0 33 14 33 22 33 22 22 22 32 22
0 33 44 32 33 33 23 22 23 32 33
0 31 14 32 33 33 23 22 33 22 23
0 33 14 33 32 33 22 22 23 32 23
0 33 11 33 33 33 22 22 22 32 23
0 33 14 33 32 33 22 22 22 32 23
0 31 14 33 33 33 23 23 23 22 23
0 31 14 33 32 32 22 23 23 32 22
0 31 11 33 33 33 22 22 22 22 22
0 33 11 33 33 33 23 22 33 32 22
0 11 14 32 22 32 23 23 22 32 23
0 11 14 33 22 33 23 23 23 32 33
0 11 44 32 22 22 33 23 33 22 22
0 31 11 33 32 33 22 22 23 32 22
0 31 14 33 32 33 23 22 22 32 23
0 31 14 33 32 33 23 22 22 22 22
0 33 14 33 33 33 22 22 22 22 23
0 33 14 33 32 33 22 22 23 32 23
0 31 11 33 22 33 23 22 23 22 33
0 11 44 33 22 32 33 23 33 22 33
0 31 14 32 22 33 33 23 33 32 33
0 31 44 22 22 22 23 23 33 22 33
0 33 11 33 33 33 22 22 22 33 22
0 33 11 33 33 33 22 22 22 32 22
0 31 44 33 32 32 22 22 33 32 22
0 31 14 33 32 33 22 22 22 32 22
0 31 44 33 32 33 23 22 33 32 33
0 11 14 33 22 32 23 22 23 32 23
0 31 11 33 33 33 23 22 22 32 33
0 31 14 33 32 33 23 22 22 33 23
0 31 14 32 22 32 33 23 33 32 23
0 33 11 33 33 33 22 22 22 33 22
0 31 11 33 33 33 22 22 22 32 23
0 31 14 33 32 33 23 22 23 32 23
0 31 11 33 32 33 22 22 22 33 22
0 31 11 33 32 33 22 22 22 33 23
0 11 14 33 22 32 23 22 23 22 33
0 33 11 33 33 33 22 22 22 33 22
0 11 14 33 22 32 33 22 23 22 33
0 31 14 33 32 33 22 22 23 32 23
0 33 14 33 33 33 22 22 22 33 22
0 31 14 32 32 32 23 23 33 22 33
0 33 14 33 32 33 23 22 23 33 23
0 33 11 33 33 33 22 22 22 22 23
0 11 44 32 32 32 22 22 33 22 23
0 33 11 33 33 33 22 22 22 32 22
0 31 44 32 22 32 23 23 33 22 23
0 11 11 33 33 33 23 23 23 33 23
0 31 14 32 32 33 22 22 22 32 22
0 31 14 33 33 33 22 22 22 32 22
0 31 14 33 22 33 23 23 23 32 22
0 31 14 33 32 33 23 22 23 32 23
0 31 14 33 32 33 23 22 23 32 23
0 31 44 32 32 32 22 22 23 32 22
0 31 14 33 32 33 23 22 23 32 23
0 31 14 33 32 33 23 23 23 22 23
0 33 11 33 33 33 22 22 22 33 22
0 31 11 32 32 32 22 23 22 32 23
0 31 11 33 33 33 22 22 23 32 22
0 31 14 32 22 32 22 22 23 22 23
0 33 14 32 32 32 23 23 23 33 23
0 33 11 33 32 33 23 22 23 22 23
0 31 14 32 32 32 23 22 23 32 23
0 31 14 32 32 32 23 23 23 32 33
0 33 11 33 33 33 22 22 22 33 22
0 31 14 33 33 33 23 22 22 33 22
0 33 14 33 32 33 23 22 22 33 33
0 31 14 33 32 33 22 22 22 22 33
0 33 11 33 33 33 23 22 22 32 22
0 33 11 33 32 33 22 22 23 33 22
0 33 11 33 33 33 22 22 22 33 22
0 31 11 33 32 33 23 22 23 32 23
0 31 14 33 22 33 23 22 23 32 22
0 31 14 33 32 32 23 22 23 32 23
0 31 14 33 22 33 22 22 23 22 22
0 31 14 22 22 33 23 22 23 22 33
0 31 14 33 32 33 22 22 23 22 23
0 33 14 33 32 33 22 23 22 32 23
0 31 14 32 32 33 23 23 22 32 23
0 31 14 32 32 32 23 23 23 22 23
0 11 44 33 22 33 23 23 33 22 33
0 11 44 33 22 33 22 23 22 32 33
0 11 44 32 22 32 33 33 33 22 33
0 11 14 33 22 32 23 22 23 22 23
0 33 14 33 33 33 22 22 22 32 22
0 31 14 32 32 32 23 23 23 32 23
0 33 14 33 33 33 22 22 22 33 22
0 31 44 32 22 32 23 23 23 22 33
0 31 14 33 22 33 23 22 23 32 23
0 33 11 33 33 33 22 22 22 33 23
0 33 11 33 33 33 23 22 22 32 22
0 33 11 33 32 33 22 22 22 22 23
0 33 11 33 33 33 22 22 23 33 23
0 33 14 33 33 33 23 22 23 33 23
0 31 14 33 32 33 22 23 22 32 23
0 31 11 33 32 33 22 22 33 32 23
0 33 11 33 32 33 22 22 22 32 22
0 31 11 32 22 33 33 22 23 32 23
0 31 44 33 32 33 33 22 23 22 23
0 31 11 33 32 33 23 22 23 32 22
0 11 14 33 22 33 23 23 33 22 33
0 11 44 32 32 33 22 22 22 32 23
0 31 14 32 32 33 23 23 23 32 23
0 11 11 33 32 33 23 22 22 22 23
0 31 11 33 32 33 22 22 22 32 23
0 31 11 33 22 33 22 22 22 32 22
0 31 14 33 32 33 33 22 23 32 22
0 31 14 33 33 33 22 22 23 32 23
0 33 11 33 33 33 22 22 22 33 22
0 31 14 33 32 33 22 22 23 32 23
0 31 14 33 32 33 22 22 22 32 22
0 31 14 33 32 33 23 22 23 32 23
0 31 14 32 33 33 22 22 23 32 23
0 33 11 33 33 33 22 22 22 33 22
0 31 14 32 32 32 23 22 23 32 33
0 33 44 33 22 33 23 22 23 22 33
0 11 44 32 22 22 33 23 33 22 33
0 33 11 33 32 33 22 22 22 33 22
0 11 44 33 22 33 23 22 22 32 33
0 33 14 33 32 33 23 22 23 33 23
0 31 14 32 32 33 23 23 23 32 23
0 33 11 33 32 33 22 22 22 32 23
0 11 14 33 33 33 33 22 23 32 23
0 33 11 33 33 33 22 22 22 33 22
0 31 11 33 33 33 23 22 22 32 23
0 31 14 32 22 32 23 23 23 32 23
0 31 11 33 32 33 22 22 23 33 23
0 31 14 33 32 32 23 22 22 32 23
0 31 14 33 32 33 22 22 23 33 23
0 31 14 32 32 32 23 23 23 32 23
0 33 11 33 33 33 22 22 22 32 22
0 31 11 33 33 33 22 22 22 32 22
0 11 44 33 22 33 33 22 23 22 33
0 11 11 32 22 33 22 22 23 22 23
0 11 11 33 22 33 33 22 23 22 33
0 33 11 33 33 33 22 22 22 33 22
0 31 11 33 32 33 22 22 22 32 23
0 33 11 33 33 33 22 22 22 32 22
0 31 14 33 22 22 23 23 33 32 23
0 33 14 33 22 33 23 22 23 33 23
0 33 11 33 33 33 22 22 22 33 22
0 31 14 33 33 33 22 22 23 33 22
0 11 11 33 33 33 23 22 23 32 23
0 31 14 33 32 32 23 23 33 32 23
0 11 44 32 22 32 33 23 23 32 33
0 11 44 33 22 33 33 23 33 22 33
0 31 11 32 22 33 23 22 23 22 23
0 11 14 32 32 33 23 23 23 22 23
0 33 11 33 32 33 22 22 23 32 22
0 31 14 33 33 33 23 22 23 32 23
0 11 44 33 22 32 33 22 33 22 33
0 31 14 33 32 33 23 22 23 32 23
0 33 11 33 33 33 22 22 22 33 22
0 31 14 32 32 33 23 23 23 22 23
0 31 14 33 32 33 22 22 23 22 22
0 11 14 33 32 33 33 22 23 32 33
0 33 14 32 32 32 23 22 23 32 23
0 31 14 32 32 32 23 22 23 32 22
0 33 11 33 33 33 22 22 22 33 23
0 33 14 33 32 33 23 22 23 32 23
0 33 11 33 33 33 22 22 22 33 22
0 33 44 32 32 33 22 22 23 32 23
0 33 14 33 32 33 23 22 23 32 22
0 33 14 33 32 33 23 23 23 32 33
0 31 44 32 32 33 33 22 23 22 33
0 11 44 33 32 33 33 23 23 22 33
0 33 14 33 32 33 23 22 22 32 23
0 33 11 33 33 33 22 22 22 32 23
0 31 14 33 32 33 22 22 23 33 33
0 33 11 33 33 33 22 22 22 32 22
0 33 14 33 33 33 22 22 22 33 23
0 31 14 32 32 32 23 23 23 32 23
0 33 14 33 33 33 23 22 33 22 23
0 33 11 33 32 33 22 22 33 22 22
0 33 14 33 32 33 23 23 22 32 23
0 11 44 33 22 32 33 22 23 22 33
0 31 11 33 32 33 23 22 23 33 22
0 11 44 33 22 32 33 22 33 22 33
0 31 14 33 32 33 23 22 23 32 23
0 33 11 32 32 33 23 22 22 32 23
0 33 14 33 32 33 23 22 23 33 22
0 31 14 32 32 33 23 23 23 32 23
0 33 11 33 33 33 22 22 22 33 22
0 11 44 32 32 32 23 23 33 22 33
0 11 44 32 22 32 33 33 33 32 33
0 31 14 33 32 33 23 22 23 32 23
0 31 14 32 32 32 23 23 23 32 23
0 33 44 33 32 33 23 23 22 32 23
0 31 11 33 33 33 23 22 22 32 22
0 31 14 32 32 32 23 23 23 22 23
0 33 14 33 33 33 22 22 22 33 22
0 31 14 33 33 33 22 22 22 32 23
0 31 11 33 32 33 22 22 22 32 23
0 33 11 33 33 33 22 22 22 33 22
0 31 14 33 32 32 23 22 22 32 33
0 31 14 32 32 32 23 23 23 32 23
0 33 11 33 32 33 22 22 22 33 23
0 33 14 33 33 33 22 22 22 33 22
0 33 11 33 33 33 22 22 22 33 22
0 33 11 33 33 33 22 22 22 33 22
0 11 44 33 22 22 23 33 33 22 33
0 33 14 33 22 32 22 22 23 22 23
0 31 14 33 32 33 22 22 33 22 33
0 33 11 33 33 33 22 22 22 33 22
0 33 11 33 33 33 23 22 22 32 23
0 31 11 33 32 32 22 22 23 33 23
0 33 11 33 33 33 22 22 22 33 23
0 11 14 32 22 32 33 22 33 32 22
0 33 14 33 33 33 22 22 22 33 22
0 31 11 32 32 33 22 22 22 33 23
0 33 11 33 33 33 22 22 22 33 22
0 31 14 33 32 33 22 22 23 22 23
0 33 11 33 33 33 22 22 22 33 22
0 31 14 32 32 33 23 22 23 32 23
0 33 11 33 33 33 22 22 22 33 22
0 31 11 33 32 33 23 22 23 22 22
0 33 11 33 32 33 22 22 22 33 22
0 31 14 33 32 33 22 22 22 22 23
0 31 14 32 32 33 23 23 23 32 23
0 31 14 33 32 32 23 22 23 32 23
0 31 14 33 32 32 23 22 33 22 23
0 11 11 33 22 32 22 23 33 22 33
0 33 11 33 32 33 22 22 23 32 22
0 33 14 33 32 33 22 22 22 33 22
0 31 44 32 32 32 33 23 23 22 23
0 31 14 33 32 33 22 22 22 33 22
0 31 14 33 33 33 23 22 22 33 23
0 11 44 32 33 33 33 22 33 32 33
0 31 14 32 32 32 23 23 23 32 23
0 11 14 33 32 33 33 22 23 32 23
0 33 11 33 33 33 22 22 22 32 22
0 11 14 32 32 32 23 23 23 32 33
0 31 44 33 32 33 23 22 23 32 22
0 31 11 33 33 33 22 22 22 33 22
0 33 14 33 32 33 23 22 23 32 23
0 11 44 32 22 32 23 23 23 32 23
0 31 14 33 33 33 23 22 23 33 22
0 33 44 33 32 33 22 22 23 32 23
0 31 11 33 32 33 22 22 22 32 22
0 33 11 33 32 33 22 22 22 32 23
0 11 44 33 32 32 22 22 23 32 23
0 11 14 33 22 33 22 22 23 32 33
0 31 14 32 32 32 23 23 23 32 23
0 31 11 33 22 32 22 22 33 32 23
0 33 14 33 33 33 23 22 23 33 22
0 33 14 32 32 32 23 22 23 33 23
0 31 44 32 22 32 23 23 33 22 33
0 33 11 33 33 33 22 22 22 33 22
0 33 11 33 32 33 22 22 23 32 22
0 33 14 33 32 33 22 22 22 33 22
0 11 14 33 33 33 22 22 33 32 33
0 31 11 33 32 33 23 22 22 32 22
0 31 14 33 33 33 23 22 22 32 22
1 31 11 33 32 33 22 22 22 32 23
1 33 11 33 33 33 22 22 22 33 22
1 31 44 32 22 33 23 22 23 22 33
1 33 14 33 33 33 23 22 22 32 23
1 33 14 33 32 33 22 22 23 32 23
1 33 11 33 33 33 22 22 22 32 23
1 33 11 33 22 33 22 22 23 32 22
1 33 11 33 33 33 22 22 23 32 22
1 11 14 32 22 33 33 23 33 32 33
1 31 44 32 32 32 22 22 23 22 23
1 33 11 33 33 33 22 22 22 33 22
1 31 14 33 33 33 23 22 23 32 23
1 31 11 33 32 33 22 22 23 22 23
1 33 14 32 32 33 22 22 22 32 33
1 31 44 33 22 33 23 33 33 22 33
1 31 14 33 32 33 23 23 23 32 23
1 11 14 32 32 32 33 22 33 22 33
1 31 14 33 32 33 23 23 23 32 23
1 33 11 33 33 33 22 22 22 33 22
1 11 14 33 32 33 22 22 33 22 23
1 11 44 22 22 32 23 23 23 22 33
1 33 44 33 33 33 22 22 22 32 22
1 31 11 33 22 33 22 22 23 22 23
1 31 14 33 32 33 23 22 23 32 23
1 31 14 32 32 32 23 22 23 32 23
1 31 44 33 22 22 33 23 23 22 33
1 11 14 33 32 33 22 22 33 32 23
1 31 14 33 32 32 22 23 23 32 23
1 31 14 33 22 33 23 22 23 32 33
1 31 11 33 33 33 23 22 22 33 22
1 31 14 33 33 33 22 22 22 33 23
1 31 44 33 32 33 23 23 23 22 23
1 31 14 33 22 33 22 22 33 22 23
1 31 14 33 32 33 23 23 22 32 23
1 33 11 33 33 33 22 22 23 32 22
1 33 14 33 32 33 22 22 23 32 22
1 31 14 32 32 33 22 22 22 32 22
1 11 44 32 22 32 23 23 33 22 33
1 31 14 33 32 33 23 23 33 32 33
1 11 44 32 32 32 23 23 23 22 33
1 33 14 33 32 32 22 22 33 32 23
1 33 11 33 33 33 22 22 22 32 22
1 33 11 33 33 33 22 22 22 33 22
1 31 14 32 32 33 23 22 22 32 23
1 31 11 32 32 33 22 22 22 22 33
1 31 11 33 33 33 22 22 23 32 22
1 11 44 33 22 32 23 23 23 22 23
1 33 11 33 33 32 22 22 22 32 22
1 31 14 33 32 33 22 22 23 33 23
1 31 11 33 32 33 22 22 23 32 22
1 31 11 33 32 33 22 22 22 32 22
1 31 14 33 32 33 22 23 23 33 33
1 31 14 33 32 33 23 22 23 32 23
1 33 14 33 32 33 22 22 22 32 23
1 31 14 33 33 33 22 22 22 33 23
1 33 14 32 22 33 23 23 23 32 23
1 33 11 33 33 33 22 22 22 33 22
1 33 11 33 32 33 22 22 22 32 22
1 31 11 33 33 33 22 22 23 33 22
1 31 14 33 22 33 23 22 23 22 33
1 33 14 33 32 33 22 23 23 32 23
1 11 44 22 22 22 33 23 33 22 33
1 31 14 32 32 33 23 22 23 32 23
1 33 14 33 33 33 22 22 22 32 23
1 11 14 33 32 33 22 22 22 32 23
1 33 14 33 32 33 22 22 22 32 23
1 33 11 33 32 33 22 22 22 32 22
1 11 44 32 32 32 23 22 33 22 33
1 31 14 33 32 33 23 22 23 32 22
1 33 14 33 33 33 22 22 22 33 22
1 33 11 33 32 33 22 22 22 33 22
1 31 14 33 32 32 23 22 23 32 23
1 31 44 33 22 33 23 22 33 32 33
1 33 11 33 22 33 22 22 22 33 23
1 33 14 33 32 33 22 22 22 32 23
1 31 14 33 32 33 23 22 23 33 23
1 31 14 33 22 33 23 23 23 32 23
1 33 14 33 33 33 22 22 23 32 22
1 11 11 33 32 32 22 22 23 32 33
1 11 44 32 22 32 33 22 33 22 33
1 11 44 33 22 32 22 22 22 22 22
1 31 14 33 22 33 22 23 23 32 23
1 31 11 33 33 33 22 22 22 32 22
1 31 11 33 33 33 22 22 22 32 23
1 31 14 33 32 33 23 22 23 32 23
1 33 11 33 33 33 22 22 22 33 22
1 31 44 32 22 32 23 23 33 22 33
1 31 14 32 32 32 23 23 23 32 23
1 33 11 33 32 32 22 22 22 33 23
1 33 14 33 32 33 23 22 22 33 22
1 31 14 32 32 32 23 23 23 32 22
1 33 14 32 32 32 23 22 22 32 33
1 11 44 32 22 32 33 33 33 22 33
1 31 14 32 32 33 23 23 23 32 23
1 31 44 32 22 32 23 23 22 32 23
1 33 11 33 32 33 22 22 22 33 22
1 33 11 33 33 33 22 22 22 32 22
1 31 11 33 32 33 22 22 22 33 22
1 11 44 33 32 32 22 23 33 22 33
1 31 14 33 32 33 23 22 23 32 23
1 11 14 32 32 32 23 22 23 22 23
1 31 11 33 32 33 22 22 22 32 23
1 11 44 22 22 32 33 33 33 22 33
1 31 11 32 32 33 22 22 22 32 23
1 31 14 32 22 32 23 23 33 32 23
1 33 14 33 33 33 22 22 33 32 22
1 11 44 32 22 33 23 22 22 32 23
1 31 11 33 32 33 22 22 23 32 23
1 31 11 33 33 33 22 22 22 32 22
1 11 11 33 32 33 22 22 23 32 22
1 33 11 33 33 33 22 22 22 32 22
1 11 44 33 32 32 23 22 33 22 33
1 11 44 33 32 32 23 22 23 32 33
1 33 14 33 32 33 22 22 23 22 23
1 33 14 33 32 33 22 22 22 33 22
1 33 11 33 33 33 22 22 23 33 22
1 11 44 33 32 33 22 23 33 32 23
1 31 14 33 33 33 22 23 22 32 23
1 11 11 33 32 33 23 22 22 32 23
1 33 11 33 32 33 22 22 22 33 22
1 33 11 33 33 33 22 22 22 33 22
1 31 14 32 32 33 22 22 23 32 23
1 33 11 33 32 33 22 22 22 32 22
1 31 14 33 22 33 23 22 22 32 23
1 31 14 32 32 32 23 23 23 32 23
1 31 14 32 22 32 23 22 33 22 33
1 31 14 32 32 32 23 23 23 32 33
1 33 11 33 33 33 22 22 22 33 23
1 33 11 33 33 33 22 22 22 33 22
1 31 14 32 32 32 23 23 23 32 23
1 31 14 32 33 33 22 22 23 22 22
1 31 11 33 32 33 23 22 22 32 23
1 33 14 33 22 33 22 22 22 32 23
1 33 11 33 32 33 22 22 22 33 22
1 31 14 33 32 32 22 22 23 32 23
1 31 14 33 32 33 22 22 23 33 23
1 33 14 33 32 33 22 22 23 33 23
1 31 44 32 32 33 22 23 33 32 22
1 33 11 33 32 33 22 22 22 33 22
1 33 11 33 32 33 22 22 22 32 22
1 31 14 32 32 32 23 23 23 22 23
1 11 14 33 33 33 22 22 23 22 23
1 33 11 33 33 33 22 22 22 33 22
1 31 44 32 22 33 22 22 23 22 22
1 11 14 33 22 33 23 23 33 32 22
1 33 14 33 32 33 22 23 22 32 22
1 33 44 32 32 33 23 22 22 33 33
1 33 11 33 33 33 23 22 22 33 23
1 33 11 33 32 33 23 22 23 33 23
1 31 14 32 33 32 23 23 23 32 23
1 33 11 33 32 33 22 22 23 32 23
1 31 14 33 22 32 23 22 23 32 23
1 33 14 33 33 33 22 22 22 33 22
1 33 14 33 22 33 22 22 22 32 22
1 33 14 33 32 32 22 22 22 33 23
1 33 44 33 32 33 33 22 23 32 23
1 31 14 33 33 33 23 22 22 32 22
1 33 11 33 33 33 22 22 22 33 22
1 11 11 33 22 33 23 22 23 32 23
1 33 11 33 33 33 22 22 22 32 22
1 31 44 33 22 33 23 22 23 22 23
1 31 11 33 32 33 22 22 23 32 23
1 33 11 33 32 33 22 22 22 32 23
1 33 14 33 32 33 22 22 22 33 22
1 31 14 32 33 32 22 22 22 32 23
1 11 44 33 22 33 33 22 23 22 33
1 33 11 33 33 33 22 22 22 33 22
1 33 11 33 33 33 22 22 22 33 22
1 33 14 33 33 33 22 22 22 32 22
1 33 11 33 33 33 22 22 22 33 22
1 31 14 33 32 33 23 22 33 22 23
1 33 11 33 32 33 22 22 22 33 23
1 11 44 33 22 33 22 22 23 22 22
1 31 14 33 33 33 22 22 23 22 22
1 31 14 33 32 33 23 23 23 32 23
1 33 14 33 33 33 22 22 22 32 23
1 31 14 33 32 32 23 22 22 33 23
1 31 11 33 33 33 22 22 22 32 23
1 33 14 32 22 33 23 22 23 22 22
1 11 44 33 22 32 23 22 23 32 23
1 31 14 33 32 33 22 22 22 33 23
1 31 14 32 32 33 22 22 23 33 22
1 31 14 32 22 32 23 22 23 33 33
1 11 44 33 22 32 33 22 23 32 33
1 11 44 22 22 22 33 22 33 22 33
1 11 14 33 22 32 23 22 22 22 23
1 33 11 33 33 33 22 22 22 33 22
1 11 44 33 22 32 22 23 23 33 33
1 31 14 33 32 33 22 22 22 33 22
1 31 14 33 32 33 22 22 22 33 23
1 33 11 33 33 33 22 22 23 33 22
1 31 14 33 33 33 22 22 22 33 22
1 11 14 33 33 33 22 23 23 22 23
1 31 14 33 22 32 22 22 22 22 33
1 11 14 33 32 33 22 22 33 32 23
1 31 44 33 22 33 23 22 23 32 33
1 31 14 32 32 33 22 22 23 32 23
1 31 14 33 32 32 23 22 23 32 23
1 31 14 33 32 32 23 23 23 32 23
1 31 44 33 32 33 23 22 22 32 22
1 33 14 33 33 33 22 22 22 33 23
1 33 11 33 33 33 22 22 33 32 23
1 31 14 32 32 33 22 22 33 22 23
1 33 11 33 33 33 22 22 22 32 22
1 31 14 33 33 33 22 22 22 33 22
1 33 11 33 33 33 22 22 22 32 22
1 11 14 32 22 32 33 23 33 22 33
1 11 44 32 32 32 23 22 23 22 23
1 33 11 33 32 33 22 22 23 33 22
1 33 11 33 33 33 22 22 23 33 23
1 31 14 33 32 33 22 22 23 32 23
1 33 11 33 33 33 22 22 22 33 22
1 11 14 33 33 32 23 22 23 22 22
1 33 11 33 33 33 22 22 23 33 22
1 33 14 33 32 33 23 22 22 22 23
1 31 14 33 22 33 23 23 23 32 23
1 31 44 33 22 32 23 23 33 32 23
1 31 14 33 32 33 23 22 22 32 23
1 33 11 33 33 33 22 22 22 32 22
1 31 14 32 32 33 23 22 23 32 23
1 33 14 33 33 33 23 22 22 33 22
1 31 11 33 32 32 23 22 33 32 23
1 33 11 33 33 33 22 22 22 32 23
1 11 14 33 22 32 33 22 33 22 33
1 11 14 33 33 33 22 22 23 32 23
1 31 14 33 32 33 22 22 22 32 23
1 31 11 33 32 33 23 22 23 32 23
1 33 11 33 32 33 22 22 22 32 22
1 31 14 33 33 33 22 22 22 32 22
1 31 44 33 22 33 23 22 33 22 23
1 33 11 33 33 33 22 22 22 33 22
1 11 14 33 33 33 22 23 23 32 23
1 33 14 32 33 33 23 22 22 32 23
1 31 11 33 32 33 33 22 22 32 23
1 33 14 33 33 33 22 22 23 32 22
1 31 11 33 32 32 22 22 22 33 22
1 31 14 33 32 33 22 23 23 32 23
1 31 14 33 33 33 22 22 22 32 23
1 31 14 32 32 32 23 22 22 32 33
1 31 14 33 22 33 23 22 23 33 23
1 33 11 33 32 33 22 22 22 33 22
1 31 14 33 32 33 23 22 22 32 22
1 11 44 33 22 33 23 22 23 22 33
1 31 14 33 32 33 22 22 22 33 33
1 31 14 33 33 33 22 23 22 22 23
1 33 11 33 33 33 22 22 22 33 22
1 33 44 33 32 33 22 23 23 32 23
1 33 11 33 32 32 23 22 22 32 22
1 31 14 33 32 33 22 22 22 32 23
1 31 14 32 32 32 23 23 23 32 33
1 33 14 33 32 33 23 22 22 32 23
1 31 14 33 32 33 23 22 33 22 23
1 33 11 33 33 33 22 22 23 33 22
1 31 14 32 22 32 23 23 33 32 33
1 31 14 33 22 33 23 23 22 32 33
1 33 14 33 32 33 23 22 23 32 22
1 33 14 33 22 33 22 22 22 33 23
1 11 14 33 22 32 23 22 23 22 23
1 31 14 32 32 33 23 22 23 32 22
1 11 14 32 32 33 23 22 23 32 33
1 11 14 32 32 33 22 22 33 22 22
1 11 14 32 22 33 23 22 23 22 33
1 33 11 33 32 33 23 22 23 32 23
1 31 14 33 32 32 23 22 33 22 33
1 33 11 33 33 33 22 22 22 33 22
1 11 11 33 32 33 33 22 23 32 23
1 31 14 33 22 33 23 22 23 22 33
1 11 14 33 33 33 22 22 22 32 23
1 31 44 33 32 33 22 22 22 32 23
1 31 14 33 22 33 22 23 33 32 23
1 11 44 22 22 32 33 23 33 22 33
1 11 44 32 22 33 33 23 23 22 33
1 31 14 33 22 33 23 22 23 22 33
1 33 14 33 32 33 23 22 23 33 23
1 31 11 33 32 33 22 22 22 32 33
1 33 11 33 33 33 22 22 22 33 22
1 31 11 33 33 33 22 22 22 32 22
1 31 14 32 32 33 23 22 22 32 23
1 33 14 33 32 33 23 22 23 32 23
1 33 11 33 33 33 22 22 22 33 22
1 33 14 33 33 33 23 22 22 32 22
1 31 14 32 32 32 23 23 23 32 23
1 31 44 33 32 33 22 23 22 32 22
1 33 14 33 32 33 23 22 23 32 23
1 31 11 33 32 33 22 22 22 32 22
1 33 44 33 22 33 22 22 22 32 33
1 33 14 33 22 33 33 22 22 33 23
1 11 14 33 22 32 22 22 33 22 23
1 33 11 33 32 33 22 22 23 32 22
1 11 44 22 22 32 23 23 23 22 23
1 31 14 33 32 33 22 22 22 32 23
1 11 44 32 22 33 23 22 23 22 33
1 33 11 33 33 33 22 22 22 33 22
1 31 14 33 33 33 22 22 23 22 22
1 31 14 32 22 32 23 22 23 22 23
1 33 11 33 32 33 22 22 22 33 22
1 33 11 33 33 33 23 22 22 33 22
1 33 14 33 33 33 22 22 22 32 22
1 31 14 32 32 32 23 22 23 32 23
1 31 14 32 32 32 23 23 23 32 23
1 31 14 33 32 33 23 22 33 22 23
1 33 11 33 33 33 23 23 22 33 22
1 33 11 33 22 33 22 22 22 32 22
1 31 14 33 32 33 23 22 22 32 23
1 33 14 33 33 33 23 22 23 32 23
1 33 11 33 32 33 22 22 22 32 22
1 33 14 33 32 33 22 22 23 33 22
1 33 14 33 33 33 22 22 22 32 22
1 31 14 33 32 33 22 22 22 32 22
1 33 14 33 32 33 22 22 22 33 22
1 31 11 33 32 33 22 22 22 32 23
1 33 11 33 33 33 22 22 22 33 23
1 31 44 32 32 33 23 22 23 22 33
1 31 14 32 32 32 22 22 23 32 23
1 31 14 33 32 33 22 22 22 32 23
1 33 11 33 32 33 23 22 22 33 22
1 33 11 33 32 33 23 22 22 22 22
1 33 11 33 33 33 22 22 22 33 22
1 33 11 33 32 33 23 22 23 22 23
1 31 14 33 33 33 22 22 23 32 23
1 11 44 33 32 32 22 23 23 22 23
1 31 44 33 22 33 23 22 22 32 33
1 31 14 32 22 33 23 23 23 32 22
1 31 44 32 22 32 33 33 33 32 33
1 31 44 32 22 32 33 23 23 22 23
1 31 44 32 32 33 23 22 23 22 33
1 11 14 33 22 33 23 22 33 22 23
1 31 11 33 32 33 22 22 22 33 23
1 11 44 22 22 32 33 33 33 22 33
1 31 14 33 32 32 22 22 23 32 23
1 33 14 33 33 33 22 22 22 33 23
1 31 14 33 33 33 22 22 23 32 23
1 33 14 33 33 33 22 22 23 33 23
1 31 14 33 32 32 23 22 23 22 23
1 33 14 33 33 32 23 22 23 33 33
1 31 11 33 33 33 23 22 22 32 33
1 31 14 32 32 32 23 22 22 32 23
1 33 14 33 32 33 22 22 23 32 23
1 33 44 33 32 33 22 22 22 33 22
1 11 44 33 22 32 22 23 23 22 23
1 31 14 33 33 33 23 22 23 32 22
1 33 14 33 33 33 23 22 23 22 33
1 31 11 33 32 33 22 22 22 22 23
1 31 14 32 32 32 23 23 23 32 23
1 31 14 33 32 33 23 22 23 32 23
1 31 44 33 32 33 23 23 23 22 33
1 31 44 22 32 33 33 22 33 22 33
1 31 14 32 32 32 23 22 23 32 23
1 31 14 32 22 32 23 22 23 22 23
1 33 14 33 33 33 22 22 22 32 23
1 31 44 33 32 32 23 22 23 22 33
1 33 11 33 33 33 22 22 22 33 22
1 11 11 33 32 32 23 22 22 32 22
1 31 44 32 32 32 23 23 23 22 23
1 33 11 33 33 33 22 22 22 33 22
1 33 11 33 33 33 22 22 22 33 22
1 33 14 33 32 33 22 22 23 33 23
1 31 44 32 32 33 23 23 23 32 23
1 31 14 33 22 33 23 22 33 32 33
1 33 11 33 33 33 22 22 22 33 22
1 31 14 32 32 33 23 22 23 32 23
1 33 14 33 22 32 23 22 22 32 23
1 31 44 33 22 33 22 22 22 32 22
1 33 11 33 33 33 22 22 23 33 23
1 33 11 33 33 33 22 22 22 33 22
1 33 11 33 32 33 23 22 23 33 22
1 31 14 32 32 32 23 22 33 22 23
1 31 14 32 33 33 23 22 23 33 23
1 33 14 33 33 33 22 23 23 32 23
1 33 11 33 32 33 23 22 23 32 23
1 11 14 33 32 33 23 22 23 22 22
1 11 44 33 22 32 23 23 33 22 23
1 33 11 33 33 33 22 22 22 33 22
1 31 14 33 32 33 22 23 23 32 23
1 31 44 32 22 32 23 23 23 22 33
1 31 44 33 22 32 33 23 33 22 33
1 11 44 33 32 33 33 22 23 33 23
1 31 14 33 32 33 22 22 22 32 23
1 33 14 33 32 33 22 22 22 32 23
1 11 14 33 22 33 22 22 23 22 23
1 11 14 32 32 33 22 22 23 32 23
1 33 14 33 32 33 22 22 23 33 23
1 33 11 33 33 33 22 22 22 33 22
1 31 11 33 33 33 22 22 23 33 23
1 11 44 33 22 22 33 22 23 22 23
1 31 14 33 33 33 33 22 22 32 22
1 31 44 33 32 33 22 22 23 32 22
1 31 14 32 32 32 23 23 23 32 23
1 31 14 33 32 32 22 22 23 32 23
1 33 11 33 33 33 23 22 22 33 22
1 31 11 33 32 33 23 22 22 32 22
1 31 14 33 22 33 23 23 33 32 23
1 11 11 32 32 33 23 23 23 32 23
1 31 11 33 32 33 23 22 23 32 23
1 31 14 33 32 33 22 22 23 33 23
1 31 11 33 33 33 22 22 22 32 23
1 31 14 32 33 33 22 22 33 32 23
1 31 14 33 32 33 23 23 23 32 23
1 31 14 33 32 33 22 22 22 33 22
1 33 11 33 32 33 22 22 22 33 23
1 31 14 32 32 32 23 23 23 32 22
1 33 11 33 33 33 22 22 22 33 22
1 31 14 32 32 33 23 23 23 32 23
1 31 14 33 22 33 22 22 33 22 23
1 31 14 33 32 32 23 22 33 32 23
1 33 14 33 32 33 22 22 23 32 23
1 33 11 33 32 33 22 22 22 32 22
1 31 14 32 32 33 23 22 23 32 23
1 31 11 32 32 33 23 22 33 32 22
1 31 11 33 32 32 23 22 23 32 23
1 31 14 33 32 33 22 22 23 32 23
1 33 14 33 32 33 22 22 22 22 23
1 11 44 32 32 32 23 23 23 32 23
1 31 14 33 32 33 23 22 23 32 23
1 33 14 33 33 33 22 22 22 32 23
1 11 11 33 32 32 33 22 22 22 33
1 31 14 33 32 33 22 22 23 32 23
1 11 44 33 32 33 33 22 33 22 23
1 11 44 32 32 32 23 22 23 22 33
1 31 14 32 32 32 23 23 23 32 33
1 33 11 33 32 33 22 22 22 32 22
1 11 14 33 32 33 23 22 33 22 33
1 11 44 32 22 32 33 22 33 22 33
1 11 44 33 22 33 33 22 22 32 23
1 31 14 33 32 33 23 22 23 32 23
1 11 44 33 32 33 22 22 33 22 23
1 31 14 33 22 33 22 22 22 22 23
1 31 14 32 22 33 33 23 33 32 23
1 31 44 33 22 33 33 22 23 32 23
1 31 14 33 32 33 23 22 22 32 22
1 33 11 33 33 33 22 22 22 33 22
1 11 14 33 33 33 23 22 22 33 22
1 31 14 33 32 33 22 22 23 22 22
1 31 11 33 32 32 23 22 23 32 23
1 33 11 33 32 33 22 22 22 33 22
1 11 44 33 22 33 23 22 33 22 23
1 33 11 33 33 33 22 22 22 33 22
1 31 14 33 22 32 23 22 23 22 23
1 11 11 33 32 33 22 22 22 32 22
1 31 44 33 32 32 23 23 23 32 23
1 33 44 33 32 33 23 22 22 22 23
1 31 14 32 32 33 22 22 23 22 23
1 11 14 32 32 33 23 23 23 22 23
1 33 11 33 32 33 22 22 23 33 22
1 33 11 33 32 33 22 22 22 33 22
1 31 11 33 32 33 23 23 22 22 23
1 33 11 32 32 33 23 22 22 32 23
1 11 44 32 32 32 23 23 23 32 23
1 11 44 32 32 32 23 22 33 22 33
1 31 14 33 32 33 22 22 23 32 23
1 31 14 33 32 33 23 22 22 22 23
1 31 14 32 32 32 23 23 23 22 23
1 11 44 22 22 33 23 22 23 32 33
1 31 44 32 22 32 22 22 23 22 33
1 33 11 33 33 33 22 22 23 33 22
1 31 14 33 32 33 23 23 23 22 33
1 11 44 33 22 33 33 22 33 32 33
1 31 11 33 32 33 22 22 23 22 23
1 31 14 32 32 32 23 23 23 32 23
1 31 14 32 32 33 23 22 23 32 23
1 31 14 32 32 33 22 22 23 32 23
1 11 44 32 22 22 33 22 23 22 23
1 31 14 32 32 32 23 22 23 32 23
1 31 44 33 22 32 23 22 33 22 23
1 31 14 33 33 33 22 22 22 32 22
1 31 14 33 32 33 22 23 23 32 23
1 11 14 32 32 32 33 23 23 22 33
1 31 44 33 32 33 23 22 22 22 23
1 31 44 32 32 32 23 23 22 32 23
1 31 14 32 32 32 23 22 23 32 23
1 33 14 33 22 33 22 22 33 22 23
1 31 14 33 33 33 22 22 23 32 22
1 31 14 33 32 32 23 22 23 32 23
1 33 14 33 33 33 22 22 22 32 33
1 33 11 33 22 33 23 22 22 32 22
1 33 14 33 33 33 22 22 22 33 23
1 31 14 32 22 32 23 23 23 22 23
1 31 14 33 22 32 23 23 23 22 23
1 11 44 33 22 33 23 22 22 32 23
1 31 11 33 33 33 22 22 22 33 22
1 33 11 33 32 33 22 22 22 33 22
1 33 14 33 33 33 22 22 22 33 33
1 11 14 33 22 33 22 22 23 32 23
1 11 14 32 22 33 23 22 23 22 33
1 11 44 32 32 32 23 22 33 22 23
1 31 44 33 33 33 22 22 22 33 22
1 31 44 32 22 32 23 23 33 32 23
1 11 14 32 22 33 33 23 33 22 33
1 33 11 33 33 33 22 22 22 33 22
1 11 44 32 32 33 23 22 23 22 23
1 33 14 33 32 33 23 22 23 32 23
1 33 14 33 32 32 23 22 33 32 33
1 33 14 33 32 33 22 22 22 32 22
1 31 14 33 32 33 23 23 22 32 23
1 33 11 33 22 33 22 22 22 32 33
1 31 14 33 33 33 23 22 23 22 22
1 31 11 33 32 33 22 22 22 32 22
1 31 11 33 33 33 22 22 22 32 22
1 31 14 33 22 33 33 22 23 22 23
1 33 14 32 32 33 22 22 22 32 23
