 rs2821025 rs2821023 rs2995006 rs4648528 rs2821017 rs35701577 rs4648398 rs4364818 rs10909989 rs10909990 rs4648537 rs4648538 rs4276857 rs1128474 rs2821007 rs2760321 rs3818330 rs12408890 rs2251098 rs10910001 rs2181484 rs2368544 rs2224718 rs10737193 rs4648545 rs6703610 rs10752740 rs3765692 rs7523732
0 41 44 44 23 44 23 23 22 11 44 32 33 22 11 32 44 31 22 22 22 33 14 44 23 41 22 14 22 23
0 44 41 44 23 11 23 23 33 41 11 22 33 22 11 32 41 33 23 33 33 33 11 44 22 41 22 11 23 33
0 44 44 44 22 44 22 22 22 41 44 33 33 23 14 33 44 33 22 22 22 33 11 44 22 44 32 11 22 22
0 41 41 41 22 44 23 33 22 41 44 32 33 23 14 33 44 31 22 22 33 32 14 41 22 11 32 14 22 22
0 41 44 44 22 44 22 22 22 11 44 33 33 22 14 32 41 33 22 22 33 33 11 41 23 44 22 11 22 22
0 44 44 44 22 44 22 22 22 44 44 33 32 22 11 33 44 33 23 22 22 33 14 44 22 44 32 11 22 23
0 11 41 44 23 41 23 22 23 11 44 22 32 22 11 22 44 11 22 22 22 32 14 41 22 41 22 14 22 33
0 44 41 44 22 41 23 23 23 44 44 22 33 22 11 33 41 33 22 22 33 32 11 44 23 44 32 11 23 22
0 41 44 11 22 41 23 22 22 41 44 32 32 23 44 33 44 31 22 23 33 32 14 44 22 44 22 14 23 23
0 44 44 44 33 41 22 22 22 41 11 22 33 22 14 32 44 33 23 33 33 22 14 41 33 41 22 11 22 23
0 41 44 44 22 41 22 22 23 41 44 33 33 23 14 33 44 33 22 22 22 33 14 44 22 41 22 11 22 22
0 44 44 44 22 44 22 23 22 41 44 32 32 22 11 33 44 33 22 22 23 33 11 44 22 41 22 11 22 23
0 44 41 44 22 44 22 22 22 44 44 32 33 23 14 33 44 33 23 22 23 33 11 44 22 44 32 11 22 23
0 44 44 44 22 44 23 33 23 41 41 22 33 22 14 33 41 33 33 23 22 33 44 44 33 44 32 11 22 22
0 41 44 44 23 44 22 22 23 41 44 32 33 22 44 32 44 31 22 22 22 33 11 41 22 41 32 11 22 22
0 44 44 44 22 41 23 23 22 44 44 22 32 22 14 33 44 33 22 22 22 33 14 44 23 44 33 11 23 23
0 41 44 41 23 44 23 33 23 11 44 32 32 22 44 32 44 31 23 23 33 32 11 44 23 44 32 14 22 23
0 11 41 44 22 41 23 23 23 44 41 32 32 23 44 32 11 33 33 22 33 32 44 41 33 41 22 14 22 33
0 11 44 41 22 41 22 33 22 41 41 32 22 23 11 32 44 31 22 22 23 33 14 44 22 41 33 11 22 22
0 41 44 44 22 44 23 23 23 41 41 32 33 23 44 32 44 31 23 23 33 32 14 41 23 44 32 11 23 23
0 11 41 44 22 41 23 22 23 41 44 22 32 22 44 32 44 31 22 22 33 32 14 41 22 41 22 11 22 23
0 41 44 44 22 44 23 22 22 11 44 33 33 22 11 32 44 33 22 23 23 33 11 41 22 44 22 11 22 33
0 44 44 44 22 44 23 23 22 44 44 33 33 22 11 33 44 33 22 23 22 33 14 41 23 44 32 11 22 22
0 44 44 41 22 44 22 22 22 41 44 33 33 22 14 32 41 33 22 22 23 32 11 44 22 44 32 11 22 33
0 44 41 44 22 41 22 22 23 41 44 33 33 22 44 33 44 31 22 22 23 32 14 44 23 41 33 11 22 22
0 44 44 44 22 41 22 23 22 41 44 32 32 22 14 33 44 33 23 22 23 33 11 44 23 41 32 14 22 22
0 11 44 44 22 44 22 23 22 41 41 32 32 22 14 32 44 33 22 22 23 33 14 44 22 41 22 11 22 22
0 41 44 11 23 41 23 22 23 11 44 22 32 22 44 32 41 31 23 23 33 33 14 44 23 11 32 11 23 33
0 11 44 41 22 41 23 23 23 11 11 22 22 22 14 33 41 33 23 23 23 33 44 44 22 11 22 11 23 33
0 41 44 44 22 44 22 22 23 41 44 32 33 23 14 33 44 31 22 23 33 32 11 44 22 44 32 11 22 22
0 41 44 44 23 44 22 22 22 41 44 33 32 22 11 33 44 33 22 22 23 32 11 41 22 44 32 11 22 22
0 44 44 41 22 44 22 22 22 44 44 33 32 23 14 33 44 33 23 22 22 33 14 44 23 44 22 11 22 23
0 11 41 44 22 11 23 33 33 41 44 22 22 22 44 32 41 31 33 23 33 32 44 11 22 44 22 44 23 33
0 44 44 44 22 44 22 22 22 44 44 33 33 23 11 33 44 31 23 22 23 33 11 44 22 41 33 14 22 23
0 11 44 41 22 41 23 23 23 11 41 33 33 23 44 32 44 31 23 22 33 33 44 44 23 41 22 14 22 33
0 41 44 44 23 44 23 22 22 11 41 32 33 22 44 22 44 33 22 22 23 33 44 41 22 44 22 11 23 22
0 41 41 44 22 41 23 33 23 41 44 22 32 22 44 33 41 31 23 23 33 32 14 11 23 41 32 11 23 23
0 44 44 41 22 44 22 22 22 41 44 33 33 22 11 32 44 33 22 23 23 33 11 44 22 44 33 11 23 23
0 44 44 44 22 41 22 22 23 41 44 33 33 22 11 33 44 33 22 22 22 33 11 44 22 44 33 11 22 22
0 41 44 44 22 44 22 23 22 11 44 32 33 22 14 33 44 33 23 22 23 33 11 41 22 41 22 11 22 22
0 44 11 11 23 41 22 23 23 41 44 22 32 23 14 32 41 31 23 23 33 32 14 44 23 11 32 11 22 23
0 44 44 41 22 44 22 22 22 41 44 33 32 22 11 33 44 33 22 23 23 32 11 44 22 41 32 11 22 23
0 41 41 41 33 41 33 23 33 11 41 32 32 23 14 22 44 31 23 23 23 32 14 41 22 11 32 14 22 23
0 41 44 44 23 41 33 23 22 44 44 33 22 22 11 32 44 33 22 22 23 33 14 44 22 41 32 11 22 22
0 41 44 41 22 41 22 23 33 41 44 32 22 22 11 32 44 33 22 23 23 33 44 44 23 41 32 14 23 23
0 41 41 11 22 44 23 33 22 11 44 22 32 23 11 22 41 31 23 22 33 33 14 41 22 44 33 14 23 33
0 41 41 41 23 44 22 22 23 41 41 32 32 22 44 22 41 31 22 23 33 32 14 44 23 41 32 11 23 33
0 44 44 44 22 41 22 22 22 11 44 32 33 22 11 33 44 33 22 22 22 33 14 44 22 44 33 11 22 22
0 44 44 41 23 41 22 22 22 41 44 32 32 22 14 32 11 33 22 22 23 32 11 11 22 41 32 11 22 22
0 44 44 44 22 44 22 22 22 41 44 33 32 22 11 33 44 33 23 22 23 33 11 41 22 41 33 11 23 23
0 41 44 44 33 41 22 22 33 41 44 32 32 22 11 32 44 33 23 23 23 33 11 44 23 44 22 11 22 33
0 11 44 11 23 41 23 33 33 41 44 22 22 23 14 33 41 11 23 33 23 32 44 44 22 41 22 11 22 23
0 41 44 44 23 11 22 22 22 41 44 32 32 22 11 33 41 33 22 22 33 33 14 41 22 41 32 14 22 23
0 41 11 44 22 41 23 23 22 41 44 33 22 22 11 33 11 11 22 22 22 33 14 41 22 41 33 11 22 22
0 44 44 44 22 44 22 22 22 44 44 32 33 22 11 33 44 33 22 22 22 33 11 44 22 44 33 11 22 23
0 44 44 44 22 44 22 22 22 41 41 33 33 22 11 32 44 33 22 22 22 32 11 44 23 44 33 11 22 33
0 44 41 41 23 44 23 23 22 11 44 22 32 23 11 33 41 31 33 22 33 22 44 44 33 41 32 11 23 22
0 41 44 44 22 44 22 22 33 44 44 22 33 23 11 32 41 33 22 22 22 33 11 44 22 44 32 14 23 23
0 41 41 44 23 44 23 23 22 41 41 32 33 22 11 32 44 33 22 23 33 32 14 41 22 44 22 11 22 33
0 44 44 44 22 44 22 22 22 44 44 33 33 22 11 33 44 33 22 22 22 33 11 44 22 44 32 11 22 22
0 11 41 44 23 41 23 23 23 11 41 22 32 23 14 33 44 11 33 33 23 32 44 41 33 44 22 14 23 33
0 41 11 44 23 41 22 33 23 44 44 33 33 23 11 32 44 31 22 23 33 33 14 44 23 44 33 14 22 33
0 44 41 44 23 11 22 22 23 41 44 32 32 23 44 32 44 33 22 23 22 32 14 41 23 41 32 14 22 23
0 41 41 41 23 44 23 22 23 11 44 32 32 23 14 32 41 33 23 23 22 32 44 41 23 41 22 11 22 23
0 41 41 44 23 41 23 23 22 41 44 32 32 23 14 32 41 31 22 23 22 33 11 44 23 44 32 14 22 23
0 41 41 44 23 44 22 22 22 44 44 32 33 22 44 32 44 33 23 22 33 33 11 44 22 41 32 14 22 23
0 41 44 44 22 44 23 22 22 44 41 32 33 22 11 32 44 31 23 23 23 33 14 44 22 41 32 11 22 23
0 11 44 41 22 44 22 23 23 41 44 22 32 22 11 33 44 33 23 22 23 32 44 11 23 44 32 11 22 33
0 11 44 44 23 11 33 33 33 41 41 22 33 23 14 32 44 11 23 22 22 32 44 41 33 44 32 14 23 33
0 44 44 44 22 41 22 22 22 44 44 33 22 22 44 33 44 33 22 23 23 33 11 44 22 44 33 11 22 23
0 41 44 44 22 41 23 33 22 41 44 22 33 22 14 33 44 33 22 22 23 32 44 44 33 44 32 11 22 33
0 11 44 44 22 41 23 33 23 11 44 32 32 23 11 33 44 33 33 23 23 32 14 41 22 41 33 11 22 23
0 41 44 44 22 44 22 23 22 41 44 33 33 22 11 33 44 31 22 22 23 33 14 44 23 44 32 11 22 22
0 41 44 44 22 41 22 23 23 41 44 32 32 22 11 33 44 33 23 22 22 33 44 44 23 44 32 11 22 33
0 41 44 41 23 41 22 33 23 41 44 32 32 33 11 32 11 33 33 23 33 33 14 44 22 11 33 11 22 22
0 41 41 44 23 44 23 33 23 44 44 22 32 23 14 32 44 11 23 22 23 33 11 41 23 11 22 14 22 22
0 44 44 44 23 41 22 23 23 41 44 32 32 23 11 32 44 31 23 23 23 33 14 41 23 44 32 11 22 23
0 41 44 44 23 44 22 23 22 44 44 33 33 22 14 32 44 31 22 22 22 33 11 44 22 11 32 11 22 33
0 11 41 41 22 41 23 23 33 41 41 32 33 23 44 32 44 33 22 23 22 33 44 41 23 44 22 11 22 23
0 11 11 41 23 44 23 33 23 41 44 32 33 22 14 32 41 33 22 22 23 32 14 44 23 11 32 14 22 23
0 41 44 41 22 41 22 22 22 11 44 32 33 22 14 33 44 31 23 22 22 33 11 44 22 41 33 11 22 23
0 41 44 44 23 44 22 33 23 41 44 22 33 22 11 22 44 31 33 22 33 33 11 44 22 44 22 14 22 33
0 44 41 41 23 41 23 23 22 41 41 32 32 22 14 32 41 33 23 22 23 33 11 41 23 41 32 11 23 22
0 44 44 44 22 44 22 22 22 41 44 32 33 22 11 32 44 31 22 23 33 33 11 44 22 44 32 14 22 23
0 44 44 44 22 44 22 23 22 44 44 32 33 22 44 33 44 33 22 22 22 33 14 44 23 44 32 11 22 22
0 44 44 44 22 41 22 33 23 41 44 33 33 22 11 33 44 33 23 23 23 33 14 44 23 41 33 14 22 22
0 11 41 44 22 41 23 22 22 41 41 32 32 22 14 33 41 31 22 22 33 32 14 44 22 44 32 11 22 23
0 44 44 41 23 44 23 23 22 41 44 32 33 22 11 33 44 33 22 23 22 33 11 44 23 44 32 11 22 22
0 11 44 41 22 41 23 23 23 41 44 32 32 22 44 32 44 31 22 33 22 33 14 41 22 11 32 14 22 33
0 41 44 44 22 41 22 23 22 41 44 32 33 33 11 32 41 31 33 33 22 33 14 44 23 41 32 14 22 23
0 41 44 41 23 44 23 23 23 44 41 32 33 22 14 33 44 33 22 23 33 33 14 44 22 41 32 11 22 22
0 41 44 44 22 44 23 23 23 41 44 33 32 22 11 33 44 31 23 22 22 33 14 44 22 41 32 14 23 22
0 44 44 44 22 44 22 22 23 44 44 33 32 22 14 33 44 33 22 22 23 33 11 44 23 44 32 11 22 22
0 44 41 11 22 41 22 22 22 41 44 32 22 22 14 33 44 33 22 22 23 33 11 41 22 44 33 11 22 22
0 11 41 44 23 11 33 23 33 44 44 22 32 22 14 32 44 31 23 22 33 32 14 41 23 41 32 11 22 33
0 44 44 44 22 44 22 33 22 44 44 33 32 22 11 33 44 31 23 33 22 33 14 44 23 44 33 11 23 22
0 41 41 44 23 41 23 23 23 41 44 22 33 22 14 22 44 33 22 23 22 32 11 44 22 41 32 11 22 23
0 11 41 44 22 44 33 22 23 44 44 32 33 22 11 33 44 33 22 22 22 33 14 44 23 44 32 11 22 22
0 41 44 44 22 44 22 22 23 44 44 32 33 23 11 33 44 33 23 23 33 33 14 44 22 41 22 11 22 33
0 41 41 41 23 41 22 23 23 41 41 22 32 23 14 32 44 31 22 23 23 32 11 41 23 41 32 14 23 23
0 44 41 44 23 11 33 23 22 44 44 22 22 22 44 22 41 31 22 22 23 33 14 41 23 41 22 14 22 23
0 11 41 41 23 44 22 33 33 41 41 22 32 23 14 32 41 31 23 23 23 32 14 44 23 41 22 14 23 23
0 44 41 41 22 44 33 22 33 44 41 33 33 23 14 22 41 33 23 33 23 33 11 44 22 44 32 11 22 22
0 41 44 41 22 44 22 22 22 44 44 33 32 23 11 33 44 33 22 23 23 33 14 44 22 44 33 11 22 22
0 41 44 44 23 44 22 33 22 41 44 22 33 23 14 32 44 33 23 22 23 33 14 44 22 41 32 11 22 23
0 41 44 41 23 41 22 23 23 41 41 32 33 22 11 32 44 31 23 22 23 33 14 44 22 41 32 14 23 23
0 44 44 44 22 44 23 22 22 41 44 32 33 22 11 33 44 33 22 22 23 33 11 44 22 44 32 14 22 33
0 11 44 44 23 44 23 33 22 41 44 32 32 22 14 32 41 31 22 23 22 32 14 44 23 44 22 44 22 23
0 44 44 44 22 44 22 23 23 41 41 33 32 23 11 33 44 33 22 22 33 33 11 44 22 41 32 11 23 22
0 44 44 44 22 44 22 22 22 41 44 33 33 22 11 33 44 31 22 22 22 33 11 44 33 44 33 11 23 22
0 41 44 44 23 41 22 23 23 11 44 22 32 22 14 33 44 31 33 23 23 33 44 41 22 41 33 11 23 22
0 44 44 44 22 44 23 23 22 41 44 32 33 22 11 32 44 33 22 22 22 33 11 44 22 44 32 11 22 33
0 44 41 44 22 44 23 33 23 41 41 22 32 33 11 33 44 31 23 23 23 33 44 44 22 41 33 11 22 23
0 44 44 41 22 44 22 33 23 11 41 32 33 33 14 32 44 31 22 23 22 33 14 11 22 44 32 11 33 22
0 41 44 44 23 11 23 33 22 44 44 32 32 22 14 32 41 31 22 22 22 33 44 44 22 41 33 11 22 23
0 44 44 44 22 44 22 22 22 44 44 33 33 22 11 33 44 33 22 22 23 33 14 44 22 44 33 11 22 22
0 41 11 41 23 41 22 23 23 41 41 32 33 23 14 33 41 11 23 23 23 33 44 41 23 44 32 11 22 22
0 11 44 44 23 44 22 23 22 44 11 32 22 23 14 32 44 33 23 23 22 33 44 44 23 44 33 44 23 33
0 41 44 44 23 44 22 22 33 41 44 22 22 23 44 22 41 31 23 33 33 22 44 11 33 41 22 14 23 23
0 41 44 44 22 41 23 22 23 41 44 32 32 22 14 32 41 33 23 23 23 33 14 44 23 44 32 11 22 23
0 41 41 41 22 41 23 23 23 44 44 22 33 23 14 33 41 33 33 23 22 32 14 44 22 41 32 11 22 23
0 11 44 44 22 11 22 23 23 41 41 32 33 23 11 32 44 33 23 22 23 33 11 44 22 41 32 11 22 22
0 44 44 44 22 44 33 23 22 44 44 32 33 22 11 33 41 33 23 23 23 33 14 41 22 44 22 11 22 22
0 44 44 44 22 44 23 33 23 44 44 32 33 22 14 32 44 33 22 22 22 33 11 44 22 44 32 11 22 22
0 44 44 44 22 44 23 23 23 41 44 32 33 23 14 32 44 31 23 22 23 32 14 44 23 44 32 14 22 23
0 41 44 44 22 44 22 33 22 41 44 33 32 22 14 32 44 33 22 22 33 33 14 44 22 41 32 11 33 23
0 11 44 41 22 41 23 33 22 41 44 32 22 22 44 33 44 31 23 22 23 33 14 41 23 44 32 44 23 23
0 44 44 44 22 44 22 22 22 41 44 33 33 22 11 33 44 33 23 22 22 33 14 44 22 44 33 11 22 22
0 41 44 44 22 44 22 22 23 41 41 32 33 22 11 33 41 31 22 22 33 33 11 44 23 44 22 11 22 23
0 41 41 41 22 44 22 22 22 44 44 32 32 23 14 33 44 33 22 22 33 33 11 44 22 41 33 11 22 23
0 41 41 41 22 41 22 22 22 11 41 22 32 22 11 33 41 31 22 22 23 33 14 44 23 11 22 14 33 23
0 44 44 44 22 44 22 22 23 44 44 33 33 22 11 33 41 33 22 23 23 33 11 44 23 41 32 11 22 33
0 41 11 41 23 44 23 23 22 11 41 22 22 33 14 33 44 31 23 22 33 32 14 41 33 41 33 44 23 33
0 41 44 44 22 41 33 33 23 11 44 32 32 23 11 32 44 33 23 23 23 33 14 44 23 11 22 11 23 23
0 44 44 44 22 44 22 22 22 44 44 32 33 22 14 32 41 33 22 22 23 33 11 44 22 44 32 11 22 23
0 41 44 44 23 44 22 23 23 41 44 33 32 23 44 32 44 33 22 23 23 33 14 41 22 41 32 11 22 23
0 41 44 44 22 41 22 23 23 41 41 22 33 22 11 22 41 31 22 23 23 32 11 41 33 41 32 11 22 22
0 41 44 44 22 44 22 22 22 44 44 22 33 22 14 33 44 31 23 22 22 32 11 44 23 44 22 11 22 23
0 44 44 44 22 44 23 23 22 11 44 32 22 22 11 33 44 33 23 22 23 33 11 44 22 44 33 11 22 23
0 44 44 44 33 41 23 22 22 44 44 32 32 23 14 32 44 31 23 23 23 32 14 41 22 41 22 11 22 22
0 41 41 41 22 44 22 23 23 41 44 33 33 22 14 33 44 33 22 22 33 32 11 41 23 41 22 11 22 22
0 44 44 44 22 41 23 22 33 41 44 32 33 22 11 32 44 31 22 23 23 33 44 44 33 11 22 14 22 22
0 41 44 44 23 44 22 23 22 44 44 32 32 22 14 33 44 31 33 22 33 33 11 44 23 11 22 14 23 23
0 41 44 44 22 44 22 22 22 41 44 33 33 23 11 33 44 33 22 23 22 33 14 44 23 41 33 11 22 23
0 41 44 41 23 11 22 23 23 41 41 32 32 23 44 32 44 31 23 23 23 32 44 44 23 11 22 11 22 33
0 44 41 44 22 41 23 23 22 11 44 32 22 22 14 33 41 31 23 23 23 32 14 41 22 41 32 44 22 23
0 44 44 44 22 44 22 22 22 41 44 33 33 23 11 32 44 33 23 22 22 33 11 44 22 41 33 11 22 23
0 41 41 44 23 44 22 23 23 41 44 32 33 22 11 32 44 31 22 23 22 33 44 44 22 44 33 11 22 23
0 41 44 44 22 44 23 22 23 41 44 33 22 22 11 32 44 33 22 22 22 33 14 44 22 41 32 14 23 23
0 41 44 44 22 44 22 22 23 41 44 33 33 22 14 33 44 33 22 22 22 33 11 44 23 44 33 11 22 23
0 11 44 44 23 41 33 33 23 11 11 32 32 22 14 33 11 11 23 22 33 33 14 44 22 41 32 14 22 23
0 41 44 44 22 41 22 23 33 11 44 32 32 23 14 32 44 31 23 23 23 33 11 44 23 41 33 11 23 23
0 44 44 44 22 44 22 22 22 44 44 33 32 22 11 33 44 33 23 22 22 33 11 44 23 44 33 11 22 22
0 11 44 41 22 11 22 23 33 44 44 22 22 23 14 32 44 31 23 22 33 32 14 41 33 44 33 11 23 33
0 11 41 44 22 11 22 23 33 44 41 32 22 22 44 32 44 31 23 33 23 22 14 44 33 41 32 44 22 33
0 41 44 41 22 44 23 23 33 41 44 32 32 33 11 32 41 33 23 23 33 33 11 44 23 41 22 11 22 33
0 41 44 44 22 41 23 23 23 41 44 32 33 22 11 32 44 31 23 22 33 33 14 44 22 41 32 11 23 22
0 11 41 41 23 41 23 33 22 11 41 32 32 23 44 22 41 31 23 23 23 32 14 44 23 41 22 14 23 23
0 44 44 44 22 44 22 23 22 41 44 32 33 22 14 33 44 33 22 22 23 33 14 44 22 44 33 11 22 23
0 41 44 44 23 44 23 23 23 41 41 32 33 22 14 22 44 33 23 22 22 33 14 44 23 44 32 14 23 23
0 41 41 41 22 41 22 33 23 41 44 32 22 22 11 33 44 31 23 22 23 32 14 41 23 41 22 14 22 23
0 44 44 44 23 44 22 23 22 44 44 32 32 22 11 33 44 33 23 22 22 32 11 44 23 44 32 11 22 22
0 44 44 41 22 44 22 23 23 11 44 32 33 23 11 33 44 11 22 23 23 32 14 44 22 41 22 11 22 33
0 41 44 44 22 44 22 23 23 41 44 33 32 23 11 32 44 33 23 22 33 32 44 44 22 41 32 11 22 23
0 44 41 44 22 44 22 22 22 44 44 32 32 22 11 33 44 31 22 22 22 33 14 44 22 44 33 14 22 22
0 41 41 44 22 44 22 23 22 41 41 32 32 22 11 32 44 33 23 22 23 32 44 44 22 41 33 11 22 33
0 41 44 44 22 44 22 23 22 44 41 32 33 22 11 32 44 33 23 22 33 33 14 44 23 44 32 11 22 22
0 41 44 44 22 44 22 22 23 41 44 33 33 22 11 33 44 31 23 22 22 32 11 44 22 41 32 11 22 22
0 41 44 44 22 44 22 23 22 41 44 32 32 23 14 33 44 31 22 23 23 32 11 44 23 44 22 14 22 23
0 41 41 44 22 41 23 23 22 11 44 22 33 22 14 33 44 33 23 22 23 33 11 44 23 44 33 11 23 22
0 11 41 41 22 41 33 33 23 11 44 22 22 22 44 32 41 33 23 22 33 33 14 41 23 44 22 11 22 33
0 41 41 44 23 41 23 23 23 44 41 32 32 22 14 32 44 33 23 23 23 33 14 44 23 41 33 11 22 23
0 41 44 41 22 41 23 22 22 11 44 33 32 33 11 32 44 31 23 33 33 32 14 44 22 44 32 11 23 23
0 11 44 44 22 44 22 33 23 41 41 33 32 22 14 33 44 31 22 23 23 32 14 41 23 41 33 11 33 33
0 41 44 44 22 41 23 22 33 44 11 32 32 22 14 22 44 33 23 22 23 32 14 41 33 11 22 11 22 23
0 44 44 44 22 41 22 22 23 41 44 32 32 22 11 33 44 33 22 23 23 33 11 44 23 11 22 14 23 23
0 41 44 44 22 44 22 23 22 41 44 32 32 22 11 32 44 33 22 22 23 33 11 41 22 44 32 11 22 22
0 44 44 44 22 44 22 23 22 44 44 32 33 22 11 32 44 33 22 22 23 33 11 44 22 44 32 14 22 23
0 44 44 44 22 44 22 22 22 44 44 33 33 22 11 33 44 31 22 22 22 32 14 44 22 44 33 11 22 22
0 41 44 44 22 44 22 22 33 41 44 32 32 23 11 22 44 33 22 22 22 33 11 44 22 41 22 11 23 23
0 41 44 44 22 44 22 22 23 44 41 32 33 22 14 32 41 33 23 22 33 33 11 44 22 44 33 14 22 23
0 44 44 41 23 44 22 23 22 11 44 32 32 22 14 33 44 33 22 23 22 33 44 41 22 44 32 11 23 33
0 41 44 44 22 41 22 22 22 11 44 22 33 22 14 32 41 33 23 22 23 32 44 44 23 41 22 11 22 22
0 41 44 41 23 41 23 33 33 44 44 32 32 22 14 33 44 31 22 23 33 22 11 41 22 11 33 14 23 23
0 44 44 41 23 41 23 23 22 44 41 32 32 22 11 33 44 33 22 22 22 32 11 44 23 41 33 14 23 23
0 41 44 44 22 41 33 23 23 44 41 22 33 22 14 33 41 31 23 22 33 33 14 41 23 41 33 11 22 23
0 41 41 41 22 41 23 33 23 44 41 33 22 23 14 22 11 33 33 23 23 33 14 41 23 44 33 44 22 33
0 11 44 44 22 44 22 23 23 41 41 22 33 23 14 32 44 31 22 22 23 33 44 41 23 11 32 11 22 33
0 41 44 41 23 44 22 22 22 44 44 22 32 23 44 33 44 11 23 23 33 33 44 41 23 41 22 44 22 22
0 41 44 44 22 11 22 22 23 41 41 33 33 22 11 32 44 33 23 23 22 33 11 44 22 41 22 11 22 22
0 44 41 44 22 44 23 22 22 41 44 32 33 22 11 33 44 33 22 22 22 33 11 44 23 41 33 11 22 23
0 44 44 44 22 44 22 22 23 41 44 32 32 22 14 33 44 33 22 23 23 33 14 44 23 41 32 14 23 23
0 11 44 41 22 11 33 23 23 11 44 22 32 22 11 32 41 31 33 22 33 33 44 44 23 41 32 14 23 23
0 41 41 44 22 41 23 23 23 11 44 32 33 22 14 33 44 33 22 23 23 32 14 44 22 44 32 11 22 33
0 44 44 44 22 44 22 23 22 44 44 33 32 22 11 32 44 33 22 22 22 33 11 44 23 41 32 11 22 22
0 44 44 44 22 44 22 22 22 44 44 33 33 22 11 33 44 33 22 22 23 33 11 44 22 41 32 11 22 22
0 11 44 44 22 44 22 23 23 44 44 32 33 23 11 32 44 33 22 33 23 33 11 44 23 41 32 44 22 33
0 11 44 44 22 44 22 23 22 41 44 32 32 22 11 33 41 33 22 22 23 33 14 44 22 44 33 11 22 22
0 41 41 44 22 44 22 23 22 44 44 33 33 33 11 32 44 33 22 22 22 33 11 44 22 41 33 11 22 22
0 41 41 44 22 41 23 23 33 41 44 32 33 33 44 22 44 33 22 33 22 33 14 11 23 44 32 14 23 23
0 44 44 44 22 44 22 23 22 41 44 32 32 22 14 32 44 33 23 22 23 33 44 44 23 44 32 11 23 22
0 44 44 44 22 44 23 22 23 41 44 33 33 23 11 33 44 33 23 22 23 33 44 44 23 44 33 14 22 23
0 41 44 11 23 44 22 33 33 41 44 32 22 33 44 32 41 33 23 22 33 32 44 41 22 11 32 14 23 23
0 44 44 41 22 44 23 23 23 41 44 32 33 23 14 32 44 33 22 23 22 33 14 44 23 44 33 14 23 23
0 41 44 41 22 41 23 23 22 44 44 33 32 33 14 33 44 33 23 23 23 33 11 41 23 41 33 14 23 23
0 44 44 44 23 44 22 23 33 41 44 32 32 22 11 32 44 33 22 22 23 33 14 44 22 44 22 11 22 33
0 44 44 44 22 44 22 23 22 44 44 33 33 22 11 33 44 33 22 22 22 33 11 44 22 44 33 11 22 22
0 41 44 44 23 41 22 23 23 44 44 32 33 22 11 32 44 31 22 22 23 33 11 44 22 41 33 11 22 23
0 41 44 44 22 44 22 22 22 44 44 33 32 22 14 32 41 33 33 22 22 33 14 44 22 41 22 14 22 22
0 41 11 44 23 44 23 23 33 41 44 32 32 23 14 32 44 33 22 23 23 32 14 41 22 11 32 11 22 22
0 41 41 44 22 44 23 33 22 44 41 32 22 22 14 33 41 11 23 23 33 32 11 41 23 11 32 11 23 33
0 44 44 44 22 44 22 23 22 41 44 32 22 23 14 32 41 31 22 22 23 33 14 44 22 44 22 14 23 23
0 44 44 44 22 44 22 22 22 41 44 32 33 22 11 32 44 33 23 22 22 33 11 44 22 44 33 11 22 23
0 44 44 44 22 44 23 22 22 11 44 32 33 22 14 33 44 33 22 22 22 33 11 44 22 44 33 11 22 22
0 44 44 44 22 44 22 22 22 44 44 33 32 22 11 33 44 33 22 22 22 33 14 44 23 44 33 11 22 22
0 41 44 44 23 44 22 22 22 44 44 33 33 22 11 33 44 33 33 22 23 33 14 44 22 41 33 11 22 22
0 11 44 44 22 44 22 33 23 41 44 33 33 23 14 32 41 33 23 23 22 22 14 41 33 44 32 14 22 23
0 41 41 41 23 41 33 23 22 41 44 32 33 22 11 32 44 31 22 23 23 33 14 44 23 11 32 14 22 33
0 41 44 41 22 41 23 23 22 44 44 22 32 23 11 32 44 33 22 22 23 33 11 11 23 44 32 11 22 23
0 41 44 44 22 44 23 23 22 41 44 22 32 22 14 33 44 31 23 23 33 33 14 44 22 44 33 11 22 23
0 44 44 44 22 41 23 22 23 44 44 33 32 22 11 33 44 31 22 22 22 33 14 41 33 44 33 14 22 33
0 44 44 44 22 44 22 23 23 44 44 33 33 23 11 33 44 33 22 22 23 33 14 44 22 41 33 11 22 23
0 44 44 44 22 41 22 22 22 41 44 32 33 22 14 32 44 33 22 23 23 33 11 44 22 44 32 11 22 22
0 41 44 44 22 41 22 23 22 41 44 33 33 22 11 33 44 33 22 23 23 33 14 44 22 44 32 11 22 22
0 11 41 44 23 44 22 23 22 44 44 32 32 22 11 22 44 33 23 22 33 33 14 44 22 44 32 11 22 23
0 41 44 41 23 44 22 23 23 41 44 32 32 23 14 33 44 31 22 22 22 33 44 44 23 44 33 11 22 22
0 44 44 44 22 44 22 22 22 44 44 32 33 22 11 33 44 33 22 22 22 33 11 44 22 44 33 11 22 22
0 11 44 44 22 11 23 23 22 11 41 32 32 23 14 22 44 31 22 23 23 33 44 11 22 44 22 14 33 23
0 11 44 41 33 41 23 33 23 11 44 32 33 33 14 32 44 31 23 23 23 33 44 41 23 41 22 11 22 33
0 41 44 44 23 41 23 23 22 41 44 32 33 22 44 32 41 33 22 22 23 33 14 44 23 44 33 11 22 23
0 44 44 44 22 44 22 22 33 44 44 33 32 22 11 33 44 33 22 22 22 33 11 44 22 44 33 14 22 23
0 41 44 11 23 11 23 23 22 41 41 22 32 22 14 33 44 31 23 23 23 32 44 44 23 44 32 14 22 33
0 41 41 44 22 44 22 22 22 44 44 33 33 22 11 33 44 33 22 22 23 33 11 41 22 41 33 11 22 22
0 44 44 44 22 41 22 22 22 41 44 32 33 22 14 33 44 33 22 22 23 33 11 44 22 44 33 14 22 22
0 41 41 44 22 44 22 23 23 44 44 33 32 22 14 33 44 33 22 22 23 32 14 44 23 44 22 11 22 23
0 41 44 44 22 44 22 22 22 44 44 32 33 22 11 33 44 31 22 22 23 33 11 44 22 44 33 11 22 22
0 44 44 44 22 44 23 23 22 41 44 32 33 23 14 33 41 33 22 22 22 33 14 41 23 41 32 11 22 22
0 44 44 41 22 44 22 23 23 44 44 33 33 22 11 22 44 33 23 22 22 33 14 41 22 44 32 14 22 33
0 11 44 44 22 44 22 23 23 11 44 32 32 23 11 33 44 31 22 22 22 33 14 44 22 11 33 11 22 23
0 11 44 41 23 41 23 22 22 44 41 32 33 23 14 32 41 31 23 23 23 32 14 41 22 41 33 14 22 23
0 41 44 44 23 44 22 22 23 44 41 33 33 23 11 33 44 33 33 23 23 33 14 41 22 41 33 11 22 22
0 11 44 44 23 44 23 33 33 41 41 22 32 33 14 22 41 11 23 33 33 22 44 11 33 41 22 14 23 33
0 44 44 44 22 44 22 22 22 44 44 33 33 22 11 32 44 33 22 22 23 33 11 44 22 44 33 14 22 23
0 44 44 41 22 41 22 23 22 41 44 32 33 23 14 32 44 33 33 22 33 32 11 44 23 41 33 11 23 22
0 44 44 44 22 41 22 33 22 11 44 33 33 23 11 32 44 33 23 22 23 33 11 44 22 41 32 11 22 22
0 44 44 44 22 44 23 23 33 44 44 32 33 22 11 33 44 33 22 22 22 33 14 41 33 44 32 11 22 23
0 41 44 44 23 41 22 22 23 44 44 33 33 22 11 32 44 33 23 22 22 33 14 44 23 41 32 11 22 23
0 44 44 44 22 44 22 22 22 41 44 32 33 22 11 33 44 31 22 22 22 33 14 44 22 44 33 11 22 22
0 44 44 44 22 44 22 23 23 44 44 33 32 23 11 33 44 33 23 22 23 33 14 44 22 44 32 11 22 22
0 11 44 44 22 41 23 23 22 41 44 32 32 22 14 33 44 33 22 22 22 33 14 41 23 44 32 11 22 23
0 11 11 41 23 44 22 33 22 44 41 32 32 23 14 32 44 33 23 23 22 33 11 44 22 44 32 14 23 23
0 44 41 44 22 44 22 23 33 41 44 32 32 22 14 32 44 33 22 22 23 33 14 41 22 44 33 11 22 22
0 41 44 44 23 44 23 23 23 41 44 33 33 22 14 33 44 31 22 22 22 33 14 41 22 44 32 11 22 22
0 11 44 44 22 44 22 23 23 44 44 33 22 23 11 33 44 33 23 22 33 32 14 41 23 41 32 11 22 23
0 44 44 44 22 41 22 23 22 41 44 32 32 22 14 33 41 33 22 23 22 33 14 44 23 41 32 11 22 23
0 41 44 41 22 41 23 22 22 41 44 32 33 22 14 33 44 31 33 23 23 32 14 44 23 44 33 11 22 23
0 41 44 44 22 11 23 23 23 44 44 33 33 22 11 32 44 31 23 23 33 33 11 44 22 41 32 14 22 23
0 41 44 44 23 44 23 22 23 11 44 32 33 22 11 33 44 33 23 22 23 33 11 44 22 44 22 11 22 22
0 41 41 44 33 44 22 23 33 41 44 22 22 22 14 32 44 31 23 22 23 33 11 41 23 44 32 14 22 22
0 44 44 44 22 44 33 22 23 41 41 33 32 23 11 33 44 33 22 22 22 33 14 41 23 44 33 14 22 33
0 41 11 41 33 44 22 33 23 44 44 33 33 22 11 33 41 31 23 22 23 33 44 41 23 44 32 14 22 22
0 11 44 41 22 44 23 33 23 41 41 32 32 22 14 32 11 31 22 22 23 32 14 11 33 41 22 11 23 33
0 44 44 44 22 44 22 22 23 44 44 32 32 22 14 33 44 33 22 22 23 33 11 44 22 44 32 11 22 22
0 41 44 44 22 41 22 23 22 44 44 32 33 22 11 33 44 33 23 22 22 33 14 44 22 44 33 11 22 22
0 11 44 44 22 44 22 22 22 41 44 32 33 22 11 33 44 33 22 22 22 33 11 41 23 41 33 11 22 22
0 44 44 44 33 44 23 22 23 44 44 32 22 23 14 32 44 33 22 22 22 33 14 44 33 44 33 11 22 22
0 11 44 44 23 44 22 23 23 11 44 22 22 22 11 32 44 33 23 33 23 32 14 41 22 44 32 11 22 23
0 11 44 41 23 44 22 22 22 41 44 32 33 22 11 33 44 33 22 23 23 33 44 44 22 44 33 11 22 22
0 41 44 41 22 41 22 23 23 11 44 32 32 23 14 32 41 33 23 23 22 33 14 44 22 44 33 14 22 23
0 41 41 41 22 44 22 23 22 41 44 33 33 22 44 32 41 33 22 22 23 33 14 41 23 41 22 11 22 33
0 44 41 44 22 41 22 22 23 11 44 32 32 22 14 22 44 11 22 22 23 33 11 41 33 44 22 14 22 33
0 44 44 44 22 44 22 23 33 44 44 32 32 23 14 32 44 31 23 22 23 33 14 41 22 44 22 14 22 23
0 41 41 41 22 44 23 33 23 41 44 32 32 22 11 32 44 31 23 22 23 33 14 41 22 41 32 11 22 23
0 41 44 44 22 44 23 22 33 44 44 32 33 23 11 33 44 31 22 22 23 33 14 44 22 44 32 11 22 23
0 44 44 44 22 44 22 22 22 44 44 33 33 22 11 33 44 33 23 23 22 33 11 44 22 44 33 11 22 22
0 41 44 44 22 44 22 22 23 41 44 32 33 22 14 33 44 31 23 23 23 32 14 44 22 41 33 11 22 23
0 11 41 44 22 44 22 23 23 41 41 32 32 22 14 22 41 31 22 23 23 33 44 44 23 41 32 14 22 33
0 11 44 41 22 11 33 23 23 11 41 32 32 23 14 32 44 31 23 22 23 32 44 41 23 11 22 11 22 33
0 44 41 41 22 41 23 23 23 41 41 22 32 23 14 22 41 31 23 23 33 32 14 11 23 41 32 14 22 23
0 41 41 44 22 41 23 22 33 44 44 32 22 23 44 32 44 33 23 23 22 33 44 41 33 44 22 11 22 23
0 44 44 44 22 44 23 23 23 41 44 32 33 22 11 33 44 31 22 23 23 33 14 44 23 41 22 11 22 23
0 41 41 44 22 44 22 33 33 11 44 33 32 22 14 32 44 31 23 23 33 32 14 11 33 41 33 14 23 23
0 41 44 44 22 44 23 23 22 44 44 32 33 22 14 33 44 33 33 22 23 33 44 44 22 44 33 11 23 23
0 11 41 44 33 44 22 22 23 44 41 33 33 23 14 32 44 31 23 23 33 33 14 44 23 44 22 14 22 33
0 41 44 44 23 44 33 23 23 41 44 32 33 22 14 33 41 33 23 22 22 32 14 44 22 41 32 11 22 23
0 41 44 44 22 44 23 22 22 41 44 32 33 23 11 33 44 33 22 22 23 33 14 44 23 44 33 11 22 23
0 44 44 44 22 44 22 22 22 44 44 33 32 22 11 33 44 31 22 22 22 32 14 41 23 44 33 11 22 23
0 41 44 41 23 11 23 33 23 41 44 32 33 23 44 33 41 31 23 33 22 33 44 41 22 11 22 14 22 23
0 41 44 44 22 44 22 23 23 44 41 32 32 22 11 33 44 33 22 22 23 33 14 41 23 41 33 11 22 22
0 41 44 44 23 44 22 22 22 44 44 33 32 22 14 33 44 33 22 22 23 32 44 44 22 44 22 11 22 22
0 41 44 44 23 44 23 22 22 44 41 22 33 33 11 32 41 33 23 23 23 33 14 41 22 44 22 11 22 23
0 41 41 44 23 41 23 33 23 41 44 33 33 22 44 33 44 33 23 23 22 33 11 41 22 41 33 14 23 33
0 44 44 44 22 44 22 23 22 44 44 32 33 23 11 33 44 33 22 22 33 33 14 44 23 44 32 11 22 22
0 11 44 44 23 11 33 33 33 41 44 22 22 23 14 32 44 31 23 23 23 22 14 41 23 41 22 44 22 23
0 41 41 44 22 44 22 33 23 44 41 33 32 23 14 32 44 31 22 23 22 33 14 41 33 44 32 11 22 23
0 44 44 41 22 41 23 22 22 11 44 32 32 23 14 32 44 33 22 23 22 32 11 44 23 41 22 11 23 22
0 44 44 41 22 44 22 22 22 44 44 32 33 22 14 32 44 33 22 22 22 33 11 44 22 44 33 11 22 22
0 41 44 44 22 41 22 22 33 41 44 32 33 23 14 32 44 31 22 22 23 32 44 44 22 41 32 14 23 22
0 44 44 44 22 44 22 22 22 44 44 32 33 23 11 33 44 33 22 23 22 32 11 44 22 44 22 11 22 23
0 11 11 41 23 44 23 23 23 11 44 22 22 23 11 22 44 31 33 22 23 32 44 41 23 44 22 44 22 33
0 41 44 44 22 41 22 22 22 44 44 33 33 22 44 32 44 31 22 22 23 33 14 41 22 41 32 11 23 23
0 44 11 44 23 41 23 33 23 41 41 22 22 22 11 33 41 31 22 23 23 22 44 11 23 11 22 11 23 23
0 11 44 44 23 11 22 33 22 41 44 22 32 22 14 33 44 33 33 23 33 33 14 41 33 41 22 14 22 23
0 44 44 44 22 44 22 22 23 41 44 33 32 22 11 22 44 33 23 22 23 32 11 44 22 44 32 14 22 23
0 44 44 44 23 41 23 23 22 44 44 33 32 22 11 33 44 33 22 23 22 33 11 41 22 44 33 11 22 23
0 41 41 41 23 41 22 23 23 44 44 32 32 22 14 32 41 31 22 23 33 33 44 41 23 41 32 11 23 33
0 44 41 44 23 41 23 22 23 44 44 32 32 23 14 22 44 33 23 22 23 33 44 44 22 44 32 11 22 22
0 44 44 44 23 41 22 23 22 41 44 22 32 23 11 33 41 33 22 22 23 32 14 44 23 41 32 11 22 22
0 44 41 44 22 41 22 23 23 41 41 33 32 22 11 32 44 31 23 23 23 32 14 41 22 41 22 11 22 23
0 44 44 41 22 41 22 33 22 41 44 32 33 23 11 33 44 31 22 23 22 33 44 44 22 41 32 14 23 23
0 41 44 44 22 44 22 33 23 44 44 32 32 22 11 33 41 31 22 23 22 33 11 44 22 44 33 11 22 22
0 41 11 44 23 41 22 23 22 44 44 32 22 23 11 22 41 11 33 22 33 33 14 44 23 41 33 14 23 33
0 41 44 41 22 44 23 22 22 44 44 32 32 22 11 22 41 31 22 22 23 33 14 44 22 44 22 11 22 23
0 44 44 44 22 44 22 23 23 44 44 33 33 22 11 33 44 33 22 22 23 32 11 44 22 44 22 11 22 22
0 44 44 44 22 44 23 22 22 44 44 33 33 22 11 33 41 33 22 22 22 33 11 44 22 44 33 11 22 23
0 44 44 44 22 44 22 23 23 41 44 32 22 22 11 22 44 33 22 22 23 32 14 44 22 41 32 11 22 22
0 41 44 41 22 44 23 23 23 41 44 32 32 23 11 33 44 11 23 22 23 33 11 44 22 41 32 11 22 22
0 41 44 44 22 44 22 23 22 44 44 33 33 23 44 33 44 33 23 22 22 33 14 44 23 44 32 14 22 22
0 41 44 41 22 44 23 22 22 44 44 32 32 22 11 32 44 33 22 23 22 33 11 44 22 44 32 11 22 22
0 41 44 44 22 44 22 22 22 41 44 32 32 22 11 33 44 33 22 22 22 32 14 44 23 41 33 11 22 23
0 11 41 41 22 41 23 33 23 11 44 32 32 22 44 32 44 33 22 22 23 33 11 44 22 44 22 11 22 22
0 41 44 44 22 44 22 23 22 44 44 33 33 23 11 33 41 33 22 22 22 33 11 44 22 44 33 14 23 23
0 41 41 44 22 44 22 22 23 44 44 22 33 23 11 33 44 33 23 22 33 33 11 44 22 41 32 11 22 22
0 44 44 41 22 41 22 22 23 11 44 32 33 22 14 33 44 33 22 22 22 32 14 44 22 44 32 14 22 23
0 44 41 44 23 44 23 22 33 11 44 32 32 23 44 22 44 31 23 23 22 32 14 44 23 44 22 11 22 33
0 41 44 44 22 44 22 23 23 44 44 32 33 22 14 32 41 31 33 23 23 32 44 41 22 41 22 11 22 22
0 11 44 41 22 44 23 23 33 41 44 32 32 23 44 22 44 31 23 33 22 33 44 44 23 41 22 14 22 33
0 44 44 41 22 41 23 23 33 44 41 32 32 22 11 33 44 33 23 22 22 33 11 41 23 41 33 44 22 23
0 41 41 41 23 41 23 23 23 11 41 32 32 23 14 32 44 31 23 22 23 32 11 44 33 44 33 11 23 23
0 41 44 41 22 44 23 22 22 41 44 32 32 22 14 32 44 33 23 22 23 32 14 44 23 41 33 11 22 22
0 41 44 44 22 41 22 22 22 41 44 22 33 23 14 33 44 33 23 23 23 33 14 44 22 44 33 11 22 23
0 41 44 41 23 44 22 23 22 11 44 33 32 22 11 33 41 33 22 22 23 33 14 44 23 41 22 44 22 33
0 41 44 44 22 44 22 33 33 41 44 33 22 23 11 33 44 33 23 22 22 33 44 44 22 11 32 11 22 22
0 41 44 41 22 44 22 22 23 44 44 32 33 22 14 33 44 33 23 22 23 33 14 44 23 44 32 11 22 23
0 41 44 11 22 41 23 33 23 11 41 22 22 33 44 22 44 31 33 22 33 32 44 41 23 41 32 14 23 33
0 41 44 44 22 41 22 33 22 44 44 32 33 22 14 32 44 31 23 22 33 33 14 41 23 41 32 14 22 23
0 41 44 44 22 44 22 22 23 44 44 32 32 22 11 33 44 33 22 22 23 33 14 41 23 44 22 11 22 23
0 41 44 44 22 44 22 22 22 41 44 33 33 22 14 33 44 33 22 22 22 33 11 44 22 44 33 11 23 23
0 41 44 11 23 41 23 33 23 41 41 22 22 22 44 22 41 31 33 23 33 33 44 41 23 41 22 44 23 33
0 41 44 41 23 44 23 23 22 41 44 33 33 22 14 33 41 31 22 22 22 33 14 44 23 44 32 11 22 33
0 44 44 44 22 41 23 23 22 41 44 22 33 22 11 32 41 33 33 22 23 32 14 44 23 41 32 11 22 33
0 44 41 44 22 41 23 23 23 41 41 32 32 33 14 33 44 33 33 22 22 32 14 41 23 41 22 14 22 22
0 44 44 44 22 41 23 22 22 41 44 33 33 22 14 32 44 31 22 22 22 32 14 41 22 44 32 11 22 22
0 44 44 44 22 11 23 22 22 44 44 32 33 23 11 32 44 33 23 22 23 33 11 44 23 41 32 11 22 22
0 44 41 44 23 44 33 22 23 41 41 32 32 22 14 32 41 31 33 23 22 33 14 41 23 41 22 11 22 22
0 44 44 44 23 41 23 33 23 41 44 32 33 23 14 33 41 31 22 23 23 33 11 44 22 11 32 14 23 33
0 41 41 44 23 41 23 33 22 44 44 33 33 23 14 32 41 33 33 23 23 33 14 44 23 44 33 11 23 22
0 41 44 44 22 44 22 22 23 44 44 33 33 22 14 33 44 33 22 22 22 33 11 44 23 41 32 11 22 23
0 41 44 44 22 44 23 23 23 11 44 33 32 22 14 33 44 31 22 33 23 33 11 41 23 11 32 11 22 22
0 41 44 44 23 41 22 23 22 41 44 22 22 22 14 33 44 11 22 33 23 32 11 11 23 44 22 14 22 33
0 44 44 44 22 44 22 22 23 44 44 32 33 22 11 33 44 33 23 23 33 32 14 44 23 44 32 11 22 33
0 41 44 41 22 41 23 23 23 41 44 32 33 22 14 33 44 31 22 23 22 32 14 44 22 41 33 11 22 22
0 44 44 44 22 41 23 22 22 41 44 33 32 22 11 32 44 33 22 22 23 33 11 44 22 44 32 11 22 23
0 41 41 11 22 41 23 23 33 44 44 22 32 23 14 32 44 33 33 23 33 33 44 44 23 41 32 14 23 33
0 44 44 44 22 44 22 33 22 44 44 32 33 22 11 33 44 33 22 22 23 33 14 44 22 41 32 11 22 33
0 41 44 41 22 41 23 23 23 11 44 33 32 22 44 33 41 31 33 22 23 33 14 44 23 41 32 11 22 33
0 41 44 44 22 44 22 22 22 44 44 22 32 22 14 32 44 31 22 23 33 33 14 44 23 44 32 14 22 33
0 41 44 44 22 41 23 23 23 44 44 32 32 22 11 33 41 33 22 22 33 33 11 44 23 44 32 11 23 33
0 44 44 41 22 41 23 22 23 41 44 32 32 22 11 32 41 33 23 23 33 32 14 44 23 44 32 11 22 23
0 44 41 44 22 44 22 22 23 41 44 32 32 23 11 32 44 31 22 23 23 33 11 44 23 44 33 11 22 22
0 11 44 44 23 44 22 23 23 11 44 22 33 22 14 32 44 31 22 23 33 32 14 44 22 41 33 11 22 23
0 11 41 44 23 11 33 33 23 11 41 22 32 22 14 32 44 31 33 23 33 32 44 44 22 41 32 11 23 33
0 41 41 44 22 41 22 23 33 44 44 32 32 22 14 32 44 31 22 22 33 33 14 44 22 44 33 14 22 22
0 41 44 44 22 44 22 23 22 41 44 32 33 23 11 33 44 33 22 23 22 33 11 44 22 44 32 11 22 23
0 44 44 41 22 44 22 22 22 41 44 32 33 22 14 33 41 33 23 23 22 32 14 41 23 41 33 11 23 33
0 44 44 44 22 41 22 22 22 44 44 33 32 23 11 32 44 33 22 22 23 33 14 44 22 41 32 11 22 22
0 44 44 44 23 41 23 23 22 41 44 33 32 23 11 32 41 31 23 23 33 33 14 44 22 41 33 14 22 23
0 41 41 44 22 44 22 23 23 41 44 22 33 22 11 32 44 31 22 23 23 33 14 41 22 44 33 14 22 23
0 41 44 41 22 41 23 23 22 41 44 22 33 22 11 32 44 31 23 22 23 33 44 44 23 44 32 11 22 23
0 11 44 44 23 44 23 23 23 11 44 32 32 22 14 22 41 33 23 22 23 33 14 41 22 41 22 14 22 33
0 44 44 44 22 44 23 22 23 41 44 33 33 23 11 32 41 33 22 22 23 33 11 44 23 44 32 11 22 22
0 44 44 44 22 44 23 22 33 41 44 32 32 22 44 32 44 31 22 23 22 33 14 44 22 44 32 11 23 23
0 41 44 41 22 44 22 22 23 11 44 32 32 23 11 33 41 31 22 22 23 32 14 41 23 41 32 11 22 23
0 41 44 44 22 44 22 23 23 11 44 33 33 22 14 32 44 33 33 22 23 33 11 44 23 44 32 11 23 23
0 41 44 44 22 41 22 23 23 44 44 32 32 23 14 32 44 31 23 22 22 32 14 41 33 41 33 14 23 23
0 41 44 44 22 41 23 22 23 41 44 22 32 23 11 33 41 33 22 22 22 33 11 41 23 44 32 14 22 33
0 44 44 44 22 44 22 22 22 41 44 32 32 22 11 33 44 31 23 22 33 32 14 41 23 41 32 11 22 22
0 44 44 44 23 44 23 22 23 41 44 22 33 22 11 33 44 31 22 22 23 33 11 44 22 41 32 11 23 23
0 11 44 41 33 44 23 23 23 11 41 22 22 22 44 33 41 31 22 22 23 33 44 41 22 44 32 11 23 23
0 41 41 41 33 11 23 33 23 41 41 32 22 23 14 22 41 33 23 23 33 33 11 41 22 41 32 14 22 22
0 41 44 41 23 44 22 23 23 41 41 22 32 22 44 33 41 31 22 23 23 32 14 44 23 44 32 44 23 33
0 11 41 44 22 44 23 23 23 11 44 32 32 22 14 32 44 33 33 22 23 33 14 44 22 11 32 11 23 23
0 41 44 44 23 44 22 22 22 44 44 32 33 22 11 33 41 33 33 23 22 32 11 44 22 44 32 11 22 23
0 41 44 44 22 41 22 22 22 44 44 22 33 23 14 22 41 33 23 22 22 33 44 44 22 44 32 11 22 33
0 41 44 44 22 44 22 23 22 44 44 22 33 22 11 33 44 33 22 22 22 33 14 44 23 44 33 11 22 23
0 44 44 44 22 44 22 23 23 41 44 33 33 22 14 33 41 33 23 33 22 32 14 41 22 41 33 11 22 33
0 41 44 44 23 44 23 22 22 41 44 22 32 22 11 32 44 31 22 22 22 32 14 44 22 44 32 14 23 23
0 41 44 44 22 44 22 22 22 11 44 32 32 22 11 32 44 31 22 33 23 32 14 44 22 44 32 14 22 22
0 41 44 11 23 44 22 22 22 41 44 33 33 22 11 33 44 11 23 23 23 33 14 11 23 41 22 11 22 22
0 41 44 44 22 44 22 23 23 44 41 33 32 23 11 32 44 33 22 22 23 33 14 44 33 41 33 11 22 22
0 41 44 44 22 44 22 23 23 11 44 22 32 22 14 33 44 31 23 22 33 33 14 44 23 44 22 11 22 33
0 44 44 44 22 44 22 22 22 11 44 32 22 22 11 32 41 33 22 22 22 33 11 44 22 44 33 11 22 22
0 41 44 44 22 44 22 22 22 44 44 33 32 22 14 33 44 31 22 22 22 33 11 41 22 44 32 11 22 22
0 41 41 41 23 44 22 23 23 41 41 32 32 22 14 32 44 33 22 23 23 32 44 41 23 41 22 44 23 23
0 41 44 41 23 11 22 23 33 11 41 22 32 33 14 33 44 31 23 22 23 32 14 44 22 11 32 14 22 23
0 44 44 44 22 44 23 23 22 11 44 33 32 22 11 33 44 33 23 22 23 33 11 44 22 11 33 14 22 23
0 44 41 41 22 44 22 23 22 41 41 33 33 22 14 33 44 33 23 23 33 33 11 41 23 44 32 11 22 23
0 11 41 41 33 11 23 22 33 11 44 22 32 23 11 22 44 31 22 23 33 32 44 44 23 41 32 14 23 22
0 44 44 44 22 44 23 23 23 41 44 32 32 23 11 32 44 31 22 22 23 32 44 44 22 41 32 14 23 22
0 11 44 44 22 44 22 23 23 41 44 33 32 22 11 32 41 31 23 22 23 32 11 41 23 41 32 11 23 22
0 41 44 44 22 41 22 33 22 44 44 33 33 22 11 32 44 33 22 23 22 33 14 41 23 44 33 11 22 23
0 41 11 44 22 41 33 23 22 11 44 33 33 22 11 33 44 33 23 23 22 33 14 44 23 44 32 11 22 23
0 44 44 44 22 44 23 22 22 44 44 33 33 22 11 33 44 33 22 22 22 33 11 41 22 44 33 11 22 23
0 41 44 41 23 41 22 22 22 41 44 32 32 33 11 32 44 31 22 23 23 33 14 41 23 41 33 14 22 33
0 44 44 44 22 41 22 22 22 41 44 32 32 22 14 32 44 33 22 23 23 32 14 44 23 44 33 11 22 23
0 44 41 41 33 41 23 23 33 44 44 32 33 22 14 32 44 33 22 23 33 32 14 44 23 41 32 11 22 23
0 41 44 44 22 41 23 22 22 41 44 32 32 22 11 32 44 33 22 23 23 33 11 41 22 41 33 11 22 23
0 41 41 44 23 44 22 33 23 41 44 22 32 22 11 33 44 11 23 23 23 32 11 44 22 11 22 11 23 23
0 41 41 44 33 44 23 33 33 41 44 22 33 33 44 22 44 31 33 23 33 22 44 41 33 11 32 44 23 33
0 41 44 44 22 44 22 22 22 44 44 22 32 22 11 33 44 33 23 22 33 33 11 44 22 44 32 11 22 23
0 44 44 44 23 44 23 23 22 11 44 22 32 22 11 33 44 33 22 33 23 33 11 44 23 41 33 11 22 22
0 41 41 41 22 41 23 23 23 44 44 32 33 23 14 22 41 33 22 23 33 22 14 11 22 41 22 14 22 23
0 41 44 44 22 44 22 22 23 11 44 22 32 22 14 32 41 31 33 22 23 33 14 41 22 44 22 14 23 22
0 41 44 41 23 44 23 22 23 41 44 32 33 22 14 32 44 33 23 22 23 33 14 44 33 44 32 11 22 23
0 41 41 44 23 44 22 33 23 41 44 32 32 23 14 32 44 31 22 23 23 32 14 41 22 41 33 14 23 33
0 44 44 44 22 44 23 23 33 41 41 33 32 23 14 32 44 33 22 22 33 33 14 44 23 41 32 11 33 23
0 11 41 44 23 41 23 33 23 41 44 32 32 22 14 32 44 33 23 23 23 32 44 41 33 44 22 11 22 23
0 44 44 44 22 41 22 23 22 44 44 33 32 23 11 33 44 33 23 22 23 33 14 44 22 44 32 14 22 23
0 41 41 41 23 41 23 33 23 41 41 32 32 23 14 32 44 31 33 22 23 33 44 44 23 11 32 14 22 33
0 11 44 44 22 44 23 33 33 11 41 32 33 23 11 32 44 33 23 23 33 33 14 41 33 44 22 11 22 23
0 11 44 44 23 41 22 23 23 11 44 22 32 33 14 33 44 31 23 22 23 22 14 41 23 41 22 14 22 33
0 44 44 41 22 44 23 23 23 44 44 33 33 23 14 33 44 33 23 23 33 32 14 44 23 44 22 11 22 22
0 41 41 11 22 44 23 33 23 11 41 22 22 23 44 32 44 31 23 23 22 22 14 11 33 44 33 11 22 23
0 41 44 41 23 41 33 33 22 11 44 22 32 23 14 32 44 31 22 22 33 32 44 41 22 44 32 14 22 33
0 44 41 44 22 41 23 22 22 41 44 33 33 22 11 33 44 33 22 22 22 33 14 44 22 44 33 11 22 23
0 44 44 44 23 41 22 22 22 44 44 22 32 22 14 32 44 31 23 23 33 33 14 44 22 41 32 11 22 23
0 41 44 41 22 41 22 22 22 44 44 33 33 22 11 33 44 33 23 33 23 33 11 44 22 44 33 11 22 22
0 41 44 44 22 44 22 22 22 11 44 33 32 22 11 32 44 33 22 22 23 33 11 44 22 44 32 11 22 22
0 44 44 44 22 41 22 22 23 11 44 32 33 23 11 32 44 33 33 23 22 32 11 41 22 11 32 11 23 33
0 41 44 44 22 44 23 22 22 44 44 32 32 22 14 33 44 31 22 22 23 33 14 41 23 44 33 11 22 33
0 44 44 41 22 11 22 23 23 11 44 32 32 22 14 32 11 33 23 22 23 33 14 44 23 41 22 11 22 22
0 41 41 41 22 41 23 33 23 41 44 33 32 23 14 32 41 31 22 23 33 32 14 41 23 44 32 14 22 33
0 41 41 44 22 41 22 23 22 11 44 32 32 22 11 22 44 31 23 33 23 33 14 44 22 44 32 11 22 33
0 44 44 41 22 44 23 23 22 11 44 32 33 22 11 33 44 31 22 22 23 33 44 41 23 44 33 11 23 23
0 11 41 44 23 11 23 33 23 41 44 32 33 22 11 32 41 31 33 22 33 32 11 11 22 11 22 11 22 33
0 41 44 44 22 11 22 23 23 44 44 33 33 23 11 33 44 31 22 23 23 33 14 44 22 44 33 11 22 23
0 41 41 41 23 41 23 23 23 41 44 22 33 23 11 32 44 31 22 22 23 33 44 41 22 44 22 11 23 23
0 11 41 41 23 41 23 23 22 11 41 22 22 22 44 32 44 11 23 23 23 32 11 41 23 41 33 11 23 33
0 44 41 44 23 11 23 22 23 44 41 33 22 22 14 33 44 31 22 23 23 33 14 44 22 44 22 11 22 23
0 44 44 44 22 44 23 23 23 44 44 32 32 22 11 32 41 33 23 23 23 33 11 44 22 41 32 11 22 23
0 41 41 41 23 41 23 23 33 41 44 22 32 33 14 22 11 31 22 22 23 32 44 41 22 11 33 14 33 33
0 44 44 44 23 41 33 22 22 41 44 32 33 22 14 33 44 33 22 23 23 32 11 44 22 44 32 11 23 23
0 11 44 44 23 41 22 22 22 44 44 33 33 33 11 32 44 33 22 22 23 33 14 44 23 44 22 11 22 23
0 11 41 41 22 44 22 33 22 44 44 22 32 22 11 33 44 31 33 23 22 33 44 11 22 41 32 14 23 23
0 44 41 44 22 44 22 23 22 44 44 32 32 22 11 33 44 33 23 22 23 33 11 44 22 41 32 11 22 23
0 44 44 41 23 44 22 23 23 11 41 32 32 22 14 33 41 31 22 22 23 33 11 44 23 41 32 14 23 33
0 41 44 41 22 44 22 33 33 41 41 22 32 22 44 32 44 31 23 23 23 32 14 44 22 41 32 11 22 22
0 11 41 44 22 11 23 33 33 41 44 22 22 23 44 32 44 31 23 23 33 32 44 41 23 41 22 11 23 23
0 41 44 41 33 44 22 33 23 41 44 32 22 22 14 22 41 33 23 23 33 33 44 44 23 11 32 14 22 33
0 44 44 44 22 44 22 23 22 44 44 33 33 23 11 33 44 33 22 22 23 33 11 44 22 44 33 11 22 22
0 11 44 44 22 44 23 23 33 44 44 32 32 22 14 32 41 33 22 22 23 33 14 44 22 44 32 11 22 23
0 44 44 44 22 44 22 22 22 44 44 33 33 22 11 33 44 33 22 23 22 33 11 44 22 44 33 11 22 23
0 44 41 44 22 41 22 23 23 11 44 22 33 22 11 33 41 33 22 22 23 32 14 44 23 11 32 14 23 23
0 41 41 44 23 44 23 33 33 11 41 33 32 23 14 32 44 33 22 33 23 32 11 44 23 44 22 14 23 23
0 44 44 41 22 44 23 22 22 44 44 32 32 22 11 33 44 33 22 22 22 33 11 44 22 41 22 11 22 22
0 44 44 44 23 44 23 23 22 41 44 32 32 22 14 32 44 33 22 22 22 32 11 41 23 41 32 11 22 22
0 44 41 41 22 41 22 23 33 11 44 32 32 23 11 32 44 33 23 22 33 33 14 44 22 41 32 14 22 33
0 41 44 44 23 41 23 22 23 41 44 22 32 22 11 22 44 33 22 33 33 33 44 44 22 44 32 14 22 23
0 44 44 44 22 41 23 23 22 41 44 32 33 22 11 33 44 31 22 23 23 33 14 44 22 44 32 11 22 22
0 44 44 44 22 41 22 22 22 41 44 32 32 22 14 33 44 31 23 33 22 33 11 41 22 41 33 11 22 22
0 41 44 41 23 44 23 23 23 44 44 33 32 23 14 32 41 33 33 22 33 33 14 41 33 44 22 11 22 23
0 41 41 44 23 41 22 22 23 11 44 22 22 22 11 22 41 11 22 23 33 32 14 41 33 11 22 11 23 23
0 44 44 44 22 44 23 23 22 41 44 22 32 23 14 32 44 33 33 23 33 32 14 44 23 44 33 11 22 23
0 41 44 41 23 44 23 23 23 41 41 32 32 23 11 32 41 33 23 23 23 32 44 41 23 41 32 14 23 22
0 41 41 41 22 41 23 23 23 41 41 32 33 23 14 32 41 11 23 22 33 32 14 44 33 41 22 14 22 33
0 11 11 41 23 44 22 33 23 41 41 22 33 33 14 32 41 31 22 33 33 33 14 44 33 11 32 14 22 23
0 41 44 44 22 44 23 22 22 41 44 33 33 23 11 33 44 33 23 22 23 33 44 41 22 44 33 14 22 22
0 44 44 41 23 44 22 22 23 41 44 32 32 22 11 33 44 33 22 22 23 32 11 41 23 44 32 14 22 23
0 41 44 44 22 44 23 22 23 44 44 32 33 22 11 33 41 33 22 22 22 33 14 44 22 41 33 11 22 23
0 41 44 44 22 41 23 22 23 41 44 32 22 23 11 33 41 33 33 22 22 33 14 44 22 41 32 14 22 33
0 41 41 44 23 44 33 22 23 41 44 32 32 22 14 33 41 31 22 22 23 33 44 41 23 41 33 11 23 23
0 44 44 41 23 41 22 22 23 41 44 32 32 23 44 33 44 33 22 22 22 33 14 41 33 44 32 11 22 33
0 41 44 44 22 44 23 23 22 44 44 33 33 22 14 33 41 33 22 22 23 32 14 44 23 44 32 11 22 22
0 41 44 41 23 41 23 23 22 11 41 32 33 22 11 33 44 31 22 22 33 33 11 41 22 44 22 11 22 22
0 41 41 44 22 44 23 22 22 44 44 32 33 23 14 33 44 33 22 22 23 33 14 44 22 44 33 11 22 23
0 41 44 44 22 44 22 23 22 41 44 33 22 22 11 33 44 33 23 22 22 32 11 44 23 44 32 14 23 22
0 44 44 44 22 44 23 23 23 11 44 22 33 23 11 33 44 33 22 22 23 33 11 44 22 44 32 11 23 22
0 41 41 41 23 41 23 33 23 11 44 22 32 33 14 32 44 11 22 23 22 33 14 11 23 11 22 11 22 33
0 44 44 44 23 44 33 23 23 41 44 32 33 22 14 32 41 33 22 22 23 33 44 41 23 44 32 11 23 23
0 41 44 44 22 41 22 22 23 44 44 33 32 22 11 33 44 33 23 22 22 32 44 44 23 41 32 11 22 23
0 11 41 41 23 41 23 23 23 41 44 33 32 23 14 32 44 33 23 22 23 33 14 41 23 11 22 11 22 23
0 41 44 41 23 41 22 22 22 41 41 22 32 22 44 33 41 31 22 23 23 33 14 41 23 41 32 14 22 22
0 41 44 44 22 41 23 23 23 41 41 32 33 23 11 33 41 31 23 23 23 32 44 41 23 41 22 14 23 33
0 41 41 44 22 44 22 23 23 41 41 32 32 23 14 32 44 33 23 22 22 33 11 44 23 44 33 11 22 22
0 41 44 44 23 44 22 22 22 44 41 32 33 23 44 33 44 31 22 22 33 33 11 41 23 44 33 11 22 23
0 44 44 41 22 44 22 22 22 44 41 32 32 22 11 32 44 33 22 22 22 33 11 41 23 11 32 11 22 22
0 41 44 44 22 44 22 23 23 44 44 33 33 22 11 33 44 31 22 22 22 33 14 44 22 44 32 11 22 23
0 41 41 44 22 41 23 33 33 41 44 32 33 22 14 33 41 33 22 23 33 33 11 41 22 41 32 11 22 33
0 41 44 44 22 41 22 22 23 44 41 32 32 22 14 33 44 31 22 23 33 32 14 41 33 41 32 11 23 22
0 41 44 44 23 44 22 22 22 44 44 32 33 23 11 33 44 33 23 23 23 32 14 44 23 41 33 11 23 22
0 41 44 41 22 41 33 33 23 41 44 32 32 23 14 32 41 31 23 23 33 33 14 11 33 11 22 11 22 33
0 44 44 44 22 44 22 22 22 41 44 33 32 22 11 33 44 33 22 22 22 33 11 44 22 44 33 11 22 22
0 41 44 41 23 44 22 22 22 41 41 32 32 23 14 32 44 31 22 22 22 33 11 44 22 44 22 11 22 22
0 41 44 41 22 44 22 22 22 41 44 33 32 22 11 32 41 33 22 23 23 33 14 41 22 41 33 11 22 22
0 44 44 44 22 44 22 22 22 44 44 33 33 22 11 33 44 33 22 22 23 33 14 44 23 44 33 11 22 23
0 11 41 44 22 44 22 22 22 44 44 32 32 22 11 32 44 33 23 22 22 33 11 44 22 41 32 11 22 23
0 44 44 44 22 44 23 33 23 11 41 22 33 22 14 32 44 31 23 23 33 32 44 44 22 41 32 11 22 33
0 41 41 41 23 11 23 33 23 41 41 22 22 22 11 32 44 31 33 22 23 22 44 44 33 41 32 14 23 33
0 41 44 44 23 41 22 23 22 41 44 32 32 22 11 33 44 33 23 23 33 32 14 44 23 41 32 14 23 33
0 44 44 44 22 44 23 23 33 41 44 33 33 22 11 33 44 33 22 22 33 32 11 41 22 41 32 11 22 33
1 11 41 44 23 11 22 23 23 44 41 22 22 22 11 32 41 11 22 22 22 32 14 41 33 41 22 11 22 22
1 41 11 41 23 41 22 23 23 41 41 22 22 23 44 33 44 33 33 22 23 33 14 44 33 11 32 14 23 33
1 41 44 44 23 41 22 23 23 41 44 22 32 23 11 33 44 33 23 23 23 33 11 41 23 11 32 11 22 23
1 44 44 44 22 41 23 23 22 44 44 32 33 23 11 32 44 33 33 22 23 33 14 44 23 44 33 11 23 23
1 44 44 41 22 44 22 23 33 44 41 33 33 22 14 33 44 33 23 22 23 33 14 44 23 44 22 11 22 33
1 44 44 44 22 44 22 23 22 41 41 33 33 22 11 32 44 33 22 22 22 33 14 44 23 44 32 14 22 22
1 11 44 44 22 44 23 23 22 41 41 33 33 23 14 32 44 33 22 22 23 33 11 44 22 41 32 11 22 22
1 41 44 41 22 44 23 23 22 11 44 22 32 23 11 33 44 31 23 22 22 33 14 44 22 41 32 11 22 23
1 41 44 44 22 41 22 33 23 11 41 32 32 22 14 33 41 33 22 23 33 33 14 44 23 41 22 11 22 23
1 41 44 44 22 11 22 22 22 11 44 32 33 22 14 33 44 33 22 22 33 33 11 11 23 44 32 11 23 22
1 41 44 41 22 11 23 22 22 41 44 33 32 22 11 22 44 33 23 22 23 33 14 41 22 41 32 11 22 23
1 44 44 44 22 41 23 22 23 44 44 32 32 22 11 32 44 33 23 22 22 33 14 41 22 44 33 11 22 23
1 41 44 44 23 44 22 23 23 44 44 32 33 22 14 33 41 33 22 22 23 33 11 44 22 41 33 11 22 23
1 11 44 41 23 44 23 23 33 44 44 22 33 33 44 22 44 31 23 23 23 32 44 44 23 11 22 11 23 33
1 41 44 44 23 44 23 22 23 44 44 32 32 22 14 33 44 33 22 22 23 33 44 44 22 44 33 14 22 23
1 41 44 44 22 44 22 23 33 44 44 33 33 23 11 32 44 33 22 22 22 33 11 44 22 44 33 11 22 23
1 41 44 44 22 44 33 23 23 44 44 22 33 22 11 33 41 33 22 23 33 33 11 44 22 44 33 14 23 23
1 41 11 44 22 11 23 33 22 11 44 22 33 23 14 33 44 31 22 22 33 32 14 41 23 11 22 14 22 22
1 41 44 44 23 44 22 22 23 44 41 33 33 23 11 33 44 33 22 22 33 33 14 44 23 41 32 14 23 33
1 44 41 41 23 41 23 23 23 44 44 32 32 23 14 33 44 33 23 23 23 33 44 44 33 11 32 11 22 23
1 41 41 44 22 41 22 33 22 11 41 32 33 23 14 32 44 33 33 22 33 32 14 41 33 41 33 14 23 33
1 11 44 44 23 44 23 33 23 11 41 22 33 22 44 32 44 33 23 23 23 33 14 41 22 41 22 14 23 22
1 41 44 41 22 41 23 23 23 41 44 32 33 22 11 33 44 31 22 23 23 32 14 41 23 44 32 11 22 23
1 11 44 41 22 41 23 23 23 41 44 32 32 23 14 32 44 33 23 23 23 32 44 41 22 44 22 14 22 33
1 41 44 44 22 44 22 33 23 41 44 33 32 22 14 33 44 31 23 22 33 32 44 44 23 41 32 11 22 23
1 41 44 41 23 44 22 23 23 41 44 32 33 23 14 33 41 33 23 23 23 33 14 11 23 41 32 11 22 33
1 41 44 44 33 41 23 23 33 44 41 33 33 23 14 33 44 31 33 22 23 33 14 44 23 41 32 11 22 33
1 44 44 44 23 44 23 23 23 44 41 33 33 22 11 32 44 33 22 23 23 33 14 44 23 44 33 11 22 23
1 11 44 44 22 11 23 22 23 41 44 22 33 22 11 33 44 31 23 22 23 32 44 44 23 44 32 11 22 22
1 11 41 41 23 41 23 23 33 41 11 32 22 22 44 22 41 31 33 22 33 32 44 44 23 41 32 14 23 33
1 41 44 44 22 44 23 23 23 44 44 32 22 22 44 32 41 31 23 23 23 32 44 44 23 44 32 14 23 33
1 44 44 44 23 44 22 23 22 44 44 32 32 22 14 33 44 33 23 22 33 33 11 44 23 44 22 11 22 23
1 11 41 44 22 44 22 23 23 41 44 22 33 22 14 33 44 33 33 22 22 32 14 41 23 11 32 14 23 33
1 44 44 44 22 44 22 23 22 41 44 32 33 23 14 22 44 33 23 22 22 32 14 44 23 41 32 11 23 23
1 41 44 44 22 44 22 33 23 41 44 32 33 22 11 33 44 33 22 22 22 32 11 44 23 44 33 11 23 22
1 41 41 41 33 41 23 23 23 11 44 22 22 23 11 22 41 31 23 33 33 22 44 41 23 11 22 14 23 23
1 44 44 44 23 44 23 23 22 11 44 33 32 22 14 33 44 33 23 23 33 33 14 44 33 44 33 11 22 33
1 44 44 44 22 41 22 22 22 44 44 33 33 22 14 33 44 33 22 22 22 33 11 44 22 11 33 11 22 22
1 41 44 44 23 41 22 23 23 41 41 32 32 22 11 32 41 33 23 22 22 32 14 44 22 44 32 14 22 33
1 41 44 41 22 41 23 23 22 11 41 32 32 22 11 32 41 31 23 22 23 32 14 41 22 44 32 11 22 23
1 41 44 44 22 44 22 22 23 44 44 22 33 22 14 33 44 33 22 22 33 33 44 44 23 44 33 11 22 33
1 41 44 41 22 41 23 22 22 41 44 32 33 23 11 22 44 33 23 23 22 33 14 44 33 44 22 14 22 23
1 11 41 44 23 11 23 22 22 41 44 32 32 22 14 33 44 33 23 23 33 33 44 41 23 11 32 14 22 33
1 41 44 44 22 44 22 22 22 44 44 33 33 22 14 33 44 33 22 22 23 33 11 44 22 44 33 11 22 23
1 41 44 44 22 44 22 22 23 41 44 32 32 22 14 33 44 33 22 22 22 33 14 44 23 11 32 11 23 23
1 41 44 44 23 44 22 22 23 41 44 33 32 22 11 33 44 31 22 22 22 32 14 44 23 44 33 11 23 23
1 41 44 44 22 44 23 33 33 11 44 32 33 22 14 33 44 31 23 22 23 33 14 41 23 11 32 11 22 33
1 44 41 44 22 44 22 23 22 41 44 32 33 23 14 33 44 33 22 23 23 33 11 44 22 44 33 11 22 22
1 41 41 41 23 41 22 33 22 41 44 22 33 23 11 32 44 31 23 23 33 33 14 44 23 41 32 14 22 23
1 41 44 44 22 41 22 23 23 11 41 32 32 22 11 32 44 33 22 22 33 33 14 44 23 41 32 14 22 23
1 11 41 44 23 41 23 22 22 41 44 32 32 22 11 32 41 33 23 22 22 32 14 41 23 41 32 14 22 33
1 11 44 11 22 44 22 22 33 41 44 32 32 22 11 32 41 33 22 22 33 32 14 41 23 44 32 11 22 22
1 44 44 44 22 44 33 33 22 11 44 32 32 22 11 33 41 33 23 23 33 32 44 44 22 41 32 11 22 22
1 11 44 41 22 41 23 22 22 44 44 32 32 22 14 33 44 33 23 22 23 33 14 44 22 44 32 11 22 23
1 44 44 44 22 44 22 22 22 44 44 33 33 22 14 33 44 33 22 22 22 33 14 44 22 44 33 11 22 22
1 11 44 44 22 44 22 22 22 11 44 22 22 22 11 33 11 33 22 23 23 33 14 44 23 44 32 11 23 23
1 44 44 44 23 41 23 22 23 44 44 22 22 23 14 32 44 33 22 22 22 33 14 41 23 41 32 14 22 23
1 41 44 41 22 41 22 22 22 41 44 33 33 22 14 32 44 31 22 22 33 32 44 44 22 44 32 11 33 22
1 44 44 44 23 41 23 23 23 44 44 22 33 22 11 33 44 31 23 23 23 33 11 41 23 44 33 11 23 23
1 44 44 44 22 44 22 22 22 44 41 33 33 22 11 33 44 33 23 22 33 33 11 44 22 44 33 11 22 23
1 41 11 44 22 44 22 22 22 11 44 22 32 22 11 32 44 31 22 22 22 33 14 44 33 41 32 14 22 33
1 44 41 44 22 44 22 23 23 44 44 33 33 22 14 33 44 33 22 22 22 33 11 44 23 41 32 11 22 22
1 44 44 41 22 44 22 33 22 44 41 32 33 22 14 32 44 33 22 23 22 33 14 44 22 44 33 11 22 23
1 44 44 44 22 44 22 22 22 41 44 33 33 22 11 32 44 33 22 22 22 32 11 44 22 41 33 11 22 23
1 41 41 44 22 41 22 33 33 41 44 33 33 22 11 33 44 31 22 22 23 32 11 44 23 44 22 11 22 23
1 44 44 44 23 44 22 22 22 41 44 33 32 22 11 32 44 33 22 23 22 33 14 41 23 41 33 11 23 23
1 44 44 44 22 44 22 23 22 44 44 33 32 22 14 32 44 33 22 22 22 33 14 41 22 44 32 11 22 23
1 44 44 44 22 44 22 23 22 11 44 32 32 22 44 32 44 31 23 22 23 33 14 41 23 41 32 14 22 33
1 41 41 41 23 41 23 23 23 11 44 32 32 33 44 32 11 11 23 23 33 22 14 11 23 11 32 14 23 33
1 41 44 44 22 44 23 23 22 41 41 32 33 23 14 33 44 31 22 22 23 33 44 44 22 41 33 11 22 23
1 44 44 44 22 41 22 33 23 44 44 32 33 23 14 32 44 31 23 22 22 33 11 44 23 44 32 14 22 23
1 44 44 44 22 11 22 22 23 41 44 32 32 23 14 33 41 33 23 23 23 32 44 44 23 44 32 14 22 33
1 41 44 44 23 44 22 23 23 44 44 32 32 22 14 33 44 31 33 23 33 33 14 41 33 41 32 11 22 23
1 41 44 44 23 41 23 23 33 41 44 32 22 22 14 32 44 31 22 22 23 32 14 44 23 41 32 14 22 23
1 41 44 44 22 44 22 23 23 41 41 32 32 22 14 32 41 33 22 22 23 33 14 41 23 41 32 11 22 23
1 11 41 44 22 41 23 23 23 41 44 32 32 22 14 33 44 31 22 22 33 33 14 44 23 44 22 11 22 22
1 44 44 44 22 44 23 22 22 41 44 33 33 22 11 33 44 33 22 23 22 33 11 44 22 44 33 11 22 33
1 41 44 41 23 41 22 23 23 41 44 33 32 22 11 33 41 31 23 23 22 33 14 44 22 41 32 11 22 23
1 44 44 44 22 11 22 22 22 11 44 32 33 22 11 33 44 33 33 33 23 33 14 41 22 44 32 14 22 23
1 41 41 44 22 41 23 23 33 11 44 22 32 22 14 33 41 31 23 22 33 33 11 44 23 44 33 14 23 33
1 41 44 41 22 41 23 23 23 41 44 32 32 23 44 32 41 31 22 33 22 32 44 44 23 44 22 11 22 23
1 44 11 41 22 44 22 33 23 41 44 32 33 22 14 33 44 33 33 22 33 33 11 44 23 44 32 14 22 22
1 41 41 44 23 11 22 33 23 41 44 32 32 22 44 33 44 33 22 22 23 33 14 41 22 41 32 11 22 23
1 41 44 44 22 44 22 23 33 11 41 22 33 22 11 22 44 31 22 23 33 33 11 44 22 11 32 14 22 23
1 41 44 44 22 41 22 23 22 41 44 33 22 22 14 22 44 33 23 22 23 33 14 41 23 44 32 11 22 22
1 44 44 41 23 41 23 22 23 11 44 22 32 23 11 32 44 33 33 23 23 33 14 44 22 44 32 11 22 23
1 41 41 41 22 44 23 22 33 44 44 32 32 23 14 33 41 31 22 22 23 32 11 44 23 44 32 11 23 23
1 11 41 41 22 41 23 33 23 44 41 22 33 33 14 22 44 33 23 23 22 32 11 41 22 41 22 14 23 33
1 44 44 44 22 44 22 22 22 41 44 22 33 22 14 32 44 31 23 22 23 32 11 44 22 41 33 11 22 23
1 44 41 44 22 44 22 33 23 41 44 32 32 22 11 33 44 31 22 23 33 33 14 44 23 44 32 11 22 23
1 44 44 41 22 41 23 23 23 11 44 22 32 23 44 32 41 31 23 23 23 32 44 11 33 44 32 14 23 23
1 41 44 41 22 41 22 22 23 44 41 32 33 22 11 32 44 33 22 22 23 33 11 44 22 44 33 11 23 23
1 11 41 41 22 44 22 23 23 41 44 32 33 22 14 33 41 33 23 23 33 33 14 44 23 41 32 11 23 23
1 41 44 44 23 41 22 22 22 44 44 33 33 23 11 33 44 33 22 23 23 33 14 11 23 44 22 14 22 23
1 44 44 44 23 11 22 23 22 41 41 32 22 22 14 32 41 33 23 23 23 33 44 44 23 41 33 11 23 33
1 44 44 41 22 44 23 33 23 44 44 33 32 22 14 33 41 33 22 23 22 33 11 44 23 41 32 14 22 23
1 44 44 44 22 41 23 23 23 41 41 22 32 22 14 33 44 31 22 23 23 33 11 44 33 44 22 11 33 33
1 44 44 44 22 44 23 23 23 41 44 32 33 23 14 33 44 33 22 23 22 33 14 44 33 44 33 11 22 33
1 44 44 41 23 44 23 23 22 11 44 22 33 22 14 22 41 31 23 22 23 32 14 41 22 41 32 11 22 23
1 44 41 44 22 44 22 23 23 41 44 32 32 22 11 33 44 33 22 22 22 33 14 41 22 44 32 11 22 22
1 11 41 44 23 44 22 23 23 41 41 32 32 33 44 22 41 11 22 33 33 33 14 41 23 11 22 14 23 23
1 44 44 44 22 41 22 23 23 44 44 32 33 22 14 33 41 31 23 22 23 32 11 44 23 44 22 11 22 23
1 44 44 44 22 41 23 23 22 11 44 22 33 22 11 33 44 31 22 22 22 32 14 44 23 41 32 11 22 22
1 41 41 44 22 44 23 22 23 44 44 32 32 23 14 32 44 31 33 22 23 33 14 41 23 41 32 14 22 33
1 41 44 44 22 41 23 22 22 41 44 33 32 22 14 33 41 33 22 22 23 33 11 44 22 44 32 14 23 22
1 44 44 11 23 44 23 23 23 41 44 22 22 23 11 32 41 31 22 23 23 32 44 11 23 44 33 44 22 33
1 41 44 44 22 41 23 22 22 11 44 32 32 22 14 33 44 33 23 22 23 33 14 44 23 41 33 11 22 23
1 44 44 11 22 44 22 23 22 44 41 32 32 23 14 33 44 33 22 22 33 33 11 41 23 41 32 11 22 23
1 44 44 44 22 44 22 23 22 41 44 33 33 22 11 33 44 33 22 22 22 33 14 44 22 44 22 11 22 22
1 11 44 41 23 41 23 23 22 44 44 22 32 22 44 33 44 31 22 22 23 33 11 44 22 44 22 11 23 23
1 44 44 44 22 44 22 23 22 41 41 33 33 22 11 33 44 31 22 22 23 33 14 44 23 44 32 11 22 23
1 41 44 44 23 44 22 22 23 41 44 32 33 22 14 33 44 11 23 23 22 32 11 44 23 44 32 14 22 23
1 41 44 44 23 44 23 22 22 41 41 32 32 23 14 32 44 33 22 23 23 33 14 11 33 41 32 14 22 33
1 44 44 44 22 44 23 22 23 44 44 33 33 22 11 33 44 31 22 22 22 33 11 44 23 44 33 11 23 33
1 41 44 44 22 44 22 23 22 41 44 32 32 22 11 32 44 31 22 22 23 33 11 41 22 44 32 11 22 22
1 44 44 44 22 44 22 22 22 44 44 33 33 22 11 33 44 33 22 22 22 33 14 44 22 44 32 11 22 22
1 44 44 41 22 44 22 23 22 41 44 33 32 23 14 32 44 33 22 23 22 32 11 41 23 41 32 11 22 33
1 44 44 44 22 44 23 22 23 41 44 33 22 22 11 32 44 33 23 22 22 33 14 41 23 41 32 11 22 23
1 41 44 41 22 44 22 22 22 41 44 33 33 22 11 32 44 33 23 22 22 33 14 44 22 44 33 11 23 22
1 11 44 41 23 44 33 33 22 11 44 32 22 22 14 33 44 33 33 23 22 32 11 11 23 11 22 11 23 23
1 41 44 44 33 41 22 22 33 11 44 22 32 22 14 33 44 33 23 23 22 33 11 44 23 44 33 11 22 22
1 41 41 44 22 44 22 23 22 44 44 32 32 22 14 33 44 31 22 22 23 32 11 44 22 44 22 14 22 23
1 41 44 44 22 44 22 22 23 44 41 33 33 22 14 33 44 33 22 22 23 33 11 44 22 44 33 11 22 23
1 44 44 44 22 44 22 22 22 44 44 33 33 22 11 33 44 33 22 22 22 33 11 44 22 41 33 14 22 23
1 41 44 41 22 41 23 22 22 11 44 32 32 22 11 33 44 31 23 23 23 33 14 44 23 44 32 11 23 33
1 44 44 44 22 44 22 22 22 44 44 32 32 23 11 33 41 33 22 22 22 33 14 44 22 44 33 11 22 22
1 41 41 44 23 44 22 23 22 44 44 33 33 22 14 22 44 33 22 22 23 33 14 41 22 11 32 11 22 23
1 11 44 11 22 11 33 33 23 41 41 22 22 33 44 22 41 31 22 22 33 22 44 44 33 41 22 14 22 33
1 41 44 44 22 44 22 23 23 41 44 32 32 22 11 32 41 31 22 22 23 33 14 44 22 44 32 14 22 33
1 41 44 41 22 11 23 23 23 11 44 22 32 22 11 32 44 33 22 22 23 32 14 44 23 11 32 14 22 22
1 41 11 44 22 41 22 22 22 44 44 22 33 22 11 33 44 31 22 22 33 32 11 44 33 11 32 11 23 33
1 41 44 44 22 44 22 22 23 44 41 33 33 22 11 33 44 33 22 22 22 33 14 44 22 41 32 11 22 23
1 41 11 44 22 41 33 33 23 41 44 22 33 23 44 32 44 31 23 23 33 22 11 41 23 44 32 11 23 33
1 44 44 41 23 44 33 33 23 41 44 22 22 23 11 32 41 33 22 23 23 33 44 44 23 11 22 11 22 22
1 41 44 44 22 41 23 23 23 41 44 32 33 22 14 33 44 11 22 23 23 33 11 41 23 41 22 11 22 23
1 44 44 41 22 44 23 23 22 41 44 33 33 22 11 32 44 31 22 22 23 33 14 44 23 44 32 11 22 23
1 41 44 44 22 44 23 33 22 44 44 32 32 22 44 32 44 31 23 23 22 33 11 41 23 44 33 11 22 22
1 41 44 41 22 11 22 23 23 44 44 33 22 22 11 32 44 31 22 22 33 33 44 44 23 11 33 11 22 33
1 41 44 44 23 41 23 22 22 44 44 22 33 33 14 33 44 33 22 22 23 33 14 44 22 44 33 11 22 23
1 11 44 44 22 44 22 22 23 41 44 22 33 22 11 33 44 33 22 22 33 32 11 44 23 41 33 11 22 22
1 41 11 44 23 11 23 33 22 11 41 22 22 22 44 32 41 31 22 23 33 32 44 44 23 44 32 14 23 23
1 41 44 41 22 44 22 22 23 41 44 33 33 22 11 33 44 33 22 22 33 33 11 44 22 41 32 11 22 22
1 41 41 41 23 44 23 22 23 41 41 32 32 23 14 32 44 31 33 23 33 32 14 44 22 41 32 44 22 23
1 11 44 44 22 41 22 23 22 41 44 32 22 33 11 22 41 31 23 22 23 33 14 44 22 41 33 14 22 23
1 41 41 41 22 41 23 23 23 41 44 33 33 22 11 33 41 33 22 22 22 32 11 44 22 44 32 11 23 23
1 41 44 44 23 41 23 33 33 11 41 22 22 22 14 32 44 33 23 23 33 32 11 11 23 41 22 11 23 33
1 41 44 44 23 11 23 23 22 44 44 32 33 22 11 32 44 31 22 22 22 33 14 41 23 44 32 11 22 23
1 41 44 41 22 41 23 23 33 41 11 32 22 23 14 32 44 33 23 23 23 33 11 41 23 11 32 14 22 33
1 41 44 44 23 44 22 22 23 44 44 22 32 23 14 32 44 33 23 22 23 33 14 41 22 41 22 14 22 33
1 44 44 44 23 44 23 23 33 44 44 33 32 22 44 33 44 33 22 22 23 33 14 41 22 11 32 11 22 33
1 44 44 44 22 44 22 22 22 41 44 22 33 23 11 33 44 33 23 22 23 33 11 44 22 44 33 11 33 22
1 44 41 44 22 44 22 23 22 41 44 32 32 22 11 33 44 33 22 22 23 33 11 44 22 41 33 11 22 22
1 44 44 41 22 41 33 23 23 41 44 32 32 23 11 22 41 33 23 23 22 32 14 41 23 41 32 11 22 23
1 11 41 44 22 44 23 23 22 11 44 33 22 22 11 33 44 31 22 22 33 22 11 44 33 41 32 11 23 23
1 41 41 41 22 44 22 23 23 11 41 33 22 22 14 32 44 11 33 23 22 33 14 41 22 44 22 44 23 33
1 11 44 44 22 44 23 23 23 41 44 22 22 22 44 33 44 33 22 23 23 32 14 11 23 41 32 11 22 22
1 11 41 44 22 44 23 33 33 41 44 32 22 22 11 32 44 33 22 22 23 22 14 41 23 44 32 14 22 23
1 41 44 44 23 41 22 23 23 11 44 33 32 33 11 32 44 33 33 22 23 33 14 41 22 41 33 11 23 33
1 11 41 41 22 41 22 22 22 41 44 22 33 22 14 32 41 33 23 23 23 33 14 44 23 41 33 14 22 23
1 41 44 44 22 44 23 22 23 11 44 22 32 22 14 33 44 31 22 33 23 33 14 44 22 41 32 11 22 23
1 44 44 44 23 41 23 23 23 41 41 22 33 22 14 32 44 33 23 23 33 32 14 44 23 41 22 44 22 23
1 11 44 41 23 41 22 23 23 41 44 22 33 23 14 33 41 33 22 23 33 32 44 44 23 44 33 11 23 33
1 41 41 44 22 44 22 22 23 41 41 32 33 23 14 33 44 33 22 23 23 33 14 44 23 44 32 11 22 33
1 44 44 44 22 41 22 33 23 41 44 22 33 22 11 33 44 31 22 33 22 33 11 41 22 44 32 11 22 23
1 44 44 44 22 44 23 23 22 44 11 32 33 22 11 33 41 11 23 22 33 32 44 41 23 41 33 14 22 33
1 44 44 44 22 41 23 22 22 41 44 22 33 23 14 32 44 33 22 22 23 33 11 44 23 41 33 14 23 23
1 41 44 41 22 41 23 23 33 11 44 22 32 22 14 32 44 33 23 22 33 33 14 44 23 41 22 11 22 33
1 44 41 44 23 44 23 22 22 44 44 32 32 22 11 32 41 33 22 22 22 33 14 44 22 41 32 11 22 33
1 44 41 41 22 41 22 22 23 41 44 32 22 22 11 22 41 33 23 22 23 32 44 44 33 41 32 11 22 23
1 41 44 41 23 41 33 33 23 41 41 22 22 23 14 32 41 33 23 23 33 32 44 41 33 44 22 14 22 33
1 41 44 41 22 44 22 22 23 41 44 22 32 22 44 33 44 11 22 22 23 33 14 44 22 41 33 14 23 23
1 41 44 41 23 41 22 22 23 44 44 32 32 22 44 22 44 33 23 22 33 32 44 44 22 11 22 14 22 23
1 44 44 44 22 44 22 22 23 44 44 32 33 23 11 33 44 33 22 22 33 33 14 44 22 44 32 11 22 22
1 41 41 44 22 41 22 23 23 44 44 32 22 22 11 33 44 33 23 23 23 32 44 44 22 44 32 11 22 22
1 41 44 44 22 11 33 23 33 11 41 22 32 22 44 32 41 33 22 22 23 32 44 11 33 41 22 11 23 23
1 44 44 44 22 44 22 22 23 44 44 32 32 23 11 33 44 33 22 22 22 33 11 44 33 44 33 11 22 23
1 41 41 41 23 41 23 23 23 44 41 22 32 23 14 32 41 31 23 33 33 33 14 11 23 41 32 14 23 23
1 41 41 44 23 41 23 33 23 41 41 22 32 33 44 22 11 33 23 22 22 22 44 11 33 41 32 11 22 33
1 11 44 44 22 44 22 23 23 41 41 32 33 22 14 33 41 33 22 22 23 33 14 44 23 44 33 14 23 23
1 44 44 44 22 44 22 22 22 44 44 33 33 22 11 33 44 33 23 23 22 33 11 44 22 44 32 11 23 23
1 44 44 44 22 44 22 22 22 44 44 32 33 23 11 33 44 33 22 22 23 33 14 41 22 44 22 11 22 23
1 11 44 41 22 41 23 23 23 11 44 32 33 22 14 22 44 31 22 23 23 32 14 41 23 41 22 11 22 23
1 41 41 41 22 41 22 33 33 41 41 32 33 23 11 22 44 31 23 22 33 22 44 44 22 44 22 14 22 23
1 41 44 44 22 44 22 23 23 11 41 32 32 23 44 33 44 31 22 22 22 32 14 44 22 41 22 44 23 33
1 44 44 41 22 44 22 22 22 41 44 22 32 22 14 32 44 33 22 22 23 33 44 44 22 44 33 11 22 23
1 41 41 44 23 44 23 23 23 41 41 22 32 22 44 32 41 31 23 23 23 33 44 11 23 44 32 14 23 33
1 41 41 44 23 41 23 33 23 41 11 22 32 23 11 32 41 31 33 23 23 32 14 41 23 44 22 11 33 33
1 11 41 41 23 44 23 33 22 44 44 22 32 22 14 33 44 33 23 23 22 33 14 44 23 44 22 11 23 23
1 11 44 44 22 44 22 22 23 41 44 33 33 22 11 32 44 31 22 22 22 33 11 44 22 44 32 14 22 23
1 44 44 41 23 44 22 22 22 44 41 22 33 22 11 33 44 33 23 23 23 33 11 41 22 44 32 11 22 23
1 41 44 44 22 44 23 22 22 41 44 33 33 23 44 32 41 33 22 22 22 33 11 44 23 44 33 11 22 33
1 41 41 44 22 44 23 22 22 44 44 33 33 22 11 32 44 31 22 23 22 33 44 44 22 44 33 11 22 23
1 11 41 44 22 44 23 23 22 11 44 32 22 22 11 33 44 33 22 23 33 32 44 41 23 44 32 11 22 23
1 44 44 44 22 44 23 23 22 44 44 32 32 22 11 33 44 33 22 22 23 33 14 41 23 44 33 11 22 23
1 41 44 44 22 41 22 23 23 41 44 22 32 23 11 33 41 33 23 33 33 33 14 44 23 41 32 14 22 23
1 11 44 41 22 11 22 33 23 41 44 22 32 23 14 22 41 33 33 23 23 32 14 41 23 41 22 11 23 22
1 44 44 44 22 41 23 23 23 41 44 22 22 22 14 33 44 33 23 22 23 32 14 44 22 44 32 11 22 22
1 44 44 41 22 41 22 22 23 41 41 32 22 23 11 32 44 33 22 22 23 32 11 44 23 41 22 11 23 33
1 41 44 44 22 44 22 22 22 41 44 32 32 22 14 33 44 33 22 22 22 33 11 44 23 44 33 11 22 23
1 11 44 44 22 44 22 23 23 41 44 32 32 23 14 33 44 31 22 33 23 33 11 44 22 41 32 11 22 23
1 44 44 44 22 41 23 22 22 11 41 32 22 23 14 33 44 33 22 23 33 33 14 44 23 44 33 11 22 22
1 41 44 44 22 44 22 22 22 41 44 32 33 23 44 33 44 33 23 22 23 33 11 44 23 41 32 14 23 23
1 41 41 44 23 44 33 22 23 41 44 32 32 22 11 32 44 31 22 23 23 32 14 44 22 44 33 14 22 22
1 44 44 44 22 11 22 22 22 44 44 32 33 22 11 33 44 33 22 22 22 33 14 41 23 41 32 11 22 22
1 44 44 44 22 44 23 23 23 44 44 22 32 22 11 32 44 33 22 22 22 33 11 44 23 41 32 11 22 23
1 41 44 44 23 44 23 22 22 44 44 33 33 23 14 33 44 33 22 22 23 32 11 41 22 44 33 11 22 22
1 41 44 44 22 11 23 33 23 41 44 32 22 22 14 32 41 31 22 22 23 32 44 44 22 44 22 14 23 23
1 41 44 44 23 44 22 23 33 44 44 32 32 23 11 33 44 33 22 23 23 32 11 41 22 41 22 11 22 23
1 41 11 41 23 44 23 23 33 41 41 22 22 23 44 32 41 33 23 23 33 33 44 44 23 41 32 11 23 23
1 44 44 44 23 41 22 23 23 44 41 32 33 23 11 33 44 31 22 23 22 32 14 44 22 44 33 14 22 22
1 41 44 41 23 11 22 22 23 41 41 22 32 23 44 22 44 31 23 22 33 32 44 41 23 44 33 11 22 23
1 41 44 44 22 44 22 22 23 44 44 33 33 22 11 33 44 33 22 22 33 32 14 44 23 44 22 11 22 22
1 41 44 44 23 11 22 23 23 41 44 22 32 23 14 32 44 31 23 22 23 33 14 44 33 41 32 14 22 23
1 11 44 44 22 41 22 33 22 11 44 32 32 22 11 33 44 31 22 22 22 33 11 41 22 41 22 11 22 23
1 11 41 44 23 44 22 22 23 11 44 32 33 23 44 32 44 11 23 22 22 33 11 44 23 44 32 11 23 23
1 41 41 41 22 44 22 23 23 41 44 22 32 22 11 32 41 31 33 22 23 33 14 44 23 41 32 11 22 22
1 44 44 44 22 44 22 22 23 41 44 33 33 22 14 33 44 33 22 23 33 33 11 44 22 41 32 14 22 23
1 44 44 44 22 44 22 23 22 41 44 32 33 22 11 33 44 31 33 22 23 33 14 44 22 44 32 14 22 23
1 11 44 44 22 41 23 22 23 41 44 22 32 22 14 33 44 31 23 22 23 32 14 41 22 41 32 14 22 23
1 11 44 44 22 44 22 23 22 44 44 22 32 22 14 33 44 33 22 23 23 32 14 41 23 11 32 11 22 22
1 44 44 44 22 44 22 22 22 41 44 33 33 22 11 32 44 33 22 22 22 33 11 44 22 41 32 11 22 22
1 41 44 44 23 11 23 33 23 11 41 22 32 23 14 32 41 11 33 23 23 33 14 41 23 44 22 11 23 23
1 44 41 44 22 44 22 22 22 44 44 33 33 22 11 32 44 33 22 23 23 33 11 44 22 41 33 14 22 23
1 44 11 41 23 41 22 23 22 41 44 32 33 23 11 33 44 31 23 23 23 33 14 41 23 41 22 11 22 23
1 44 11 44 22 44 22 22 22 41 44 32 33 22 11 32 44 33 23 22 23 33 11 44 22 44 33 11 22 22
1 44 44 44 22 41 22 22 22 41 44 33 33 33 14 33 44 33 22 22 23 33 14 44 22 44 32 11 22 22
1 44 44 41 22 44 22 22 22 44 44 32 33 22 11 33 44 33 22 22 22 33 11 44 22 44 33 11 22 22
1 41 44 44 23 41 23 23 23 41 44 22 32 22 11 32 41 31 22 23 33 33 11 44 22 44 32 14 33 22
1 41 44 44 22 41 22 22 23 41 41 33 33 23 14 32 44 33 23 22 23 33 11 41 22 41 32 11 23 22
1 41 11 44 22 44 22 23 22 41 44 33 33 23 11 32 44 31 23 22 23 33 14 44 23 44 32 11 23 22
1 41 41 44 22 44 22 23 23 11 44 22 32 22 14 33 44 33 22 22 23 32 14 44 22 44 32 11 22 22
1 44 44 41 22 44 22 23 23 44 41 32 33 22 11 33 44 31 22 22 22 32 14 44 22 44 22 11 33 22
1 41 44 44 22 44 23 23 23 44 44 22 33 23 11 32 41 31 22 23 23 33 11 44 23 41 32 11 22 23
1 41 11 11 22 44 23 23 33 41 44 32 22 22 14 32 41 33 23 23 33 33 14 44 23 44 22 11 22 33
1 44 44 44 22 44 22 23 23 11 41 32 33 23 14 32 44 11 23 22 23 32 14 44 22 44 33 11 22 23
1 11 44 44 22 44 22 23 22 44 44 32 33 22 11 33 44 33 23 22 22 33 14 44 22 44 22 11 22 22
1 44 44 44 22 11 22 22 22 44 44 33 33 22 11 22 44 33 22 22 23 33 14 44 23 44 32 11 22 22
1 44 44 44 22 44 22 22 22 44 44 33 33 22 14 33 44 33 23 22 23 33 11 44 22 44 33 14 22 22
1 41 44 41 22 41 22 33 22 41 41 22 33 23 44 32 41 33 23 22 22 33 44 41 22 41 32 11 23 23
1 11 44 44 22 44 23 23 23 41 44 33 32 23 14 33 44 33 23 22 23 32 14 41 22 41 32 14 22 23
1 44 44 44 23 44 22 22 22 44 44 33 32 22 11 33 44 33 22 22 22 33 11 44 23 44 22 11 22 23
1 44 44 41 22 41 22 22 22 44 44 33 32 22 14 33 44 33 22 22 23 33 14 44 22 41 32 11 22 23
1 41 44 41 22 11 33 23 33 11 41 32 32 23 14 33 41 31 23 23 23 32 14 11 23 41 32 14 22 23
1 44 41 44 22 41 22 23 22 41 44 32 32 23 11 32 44 31 23 22 23 33 14 44 22 44 32 11 22 23
1 41 44 44 22 44 22 22 22 41 41 33 33 22 11 32 44 33 23 22 23 32 11 44 23 44 33 11 22 23
1 41 44 44 22 41 22 23 22 44 44 33 33 22 11 33 41 31 22 22 23 33 14 44 23 44 33 11 22 23
1 44 44 44 22 41 22 23 22 41 41 32 32 23 14 32 44 33 23 22 23 33 14 44 23 41 22 11 22 23
1 11 44 44 23 44 22 23 23 41 44 32 32 23 14 33 41 31 23 33 23 33 44 44 23 41 22 14 22 33
1 41 44 44 22 41 23 22 23 44 44 33 32 22 11 33 44 33 23 22 23 33 11 44 22 41 22 11 22 23
1 41 41 41 23 41 22 23 22 41 44 32 32 23 14 33 44 33 23 23 33 32 14 41 22 44 32 11 23 33
1 41 11 41 22 41 23 23 33 11 44 32 22 23 14 32 11 11 23 23 22 33 44 41 33 41 22 14 33 33
1 11 41 41 23 41 22 22 33 41 44 22 33 23 44 32 41 33 23 23 22 32 44 44 33 41 22 14 23 33
1 44 44 44 22 44 22 22 22 44 44 33 33 22 11 32 44 33 22 22 23 32 14 44 22 44 32 11 22 22
1 11 44 44 23 41 22 23 22 11 41 33 33 23 14 33 44 33 22 23 23 33 44 44 22 41 32 11 22 23
1 41 44 11 22 41 22 23 23 44 44 32 33 22 14 32 44 31 22 23 33 32 44 44 33 11 32 11 22 23
1 41 44 44 22 41 22 33 22 44 44 22 33 22 14 33 41 33 23 23 22 33 14 44 22 41 33 11 22 23
1 41 44 41 23 41 23 23 23 41 44 32 32 23 14 32 41 33 23 23 23 32 14 41 23 44 32 11 22 23
1 44 41 41 23 44 22 23 22 11 41 32 32 22 11 22 44 33 22 23 23 33 14 41 23 41 32 11 22 22
1 41 44 44 22 44 23 23 23 44 44 22 33 22 11 32 44 33 23 22 33 33 14 11 23 11 32 11 22 33
1 41 41 44 22 41 23 33 23 11 41 32 32 22 44 22 44 11 22 22 23 33 44 11 23 41 22 11 22 23
1 41 44 41 22 41 23 33 22 41 44 22 33 22 44 22 41 31 23 22 33 33 11 41 23 41 22 11 33 23
1 44 44 41 22 41 23 23 22 41 44 22 33 22 11 32 41 31 23 22 33 33 14 44 22 41 32 14 22 23
1 41 41 41 22 41 23 33 23 41 44 22 33 23 44 33 41 33 22 23 23 32 14 44 23 41 32 14 22 23
1 44 44 44 33 41 23 23 23 44 41 32 32 22 11 33 44 33 33 22 22 32 14 44 22 44 22 11 22 23
1 41 44 44 22 41 22 22 22 44 44 32 33 22 11 33 44 33 22 22 23 33 11 44 22 44 33 11 22 22
1 41 44 44 23 41 22 22 23 11 41 32 33 23 14 32 44 33 23 23 22 32 11 41 23 44 33 11 22 22
1 44 44 41 22 44 22 22 22 41 44 33 33 22 14 32 44 33 22 22 23 33 11 44 22 44 32 11 22 23
1 44 44 44 22 41 23 22 22 41 44 32 33 22 11 33 44 33 22 22 23 33 14 44 22 44 32 11 22 22
1 41 44 44 23 41 23 33 22 44 44 32 22 33 14 32 44 11 22 22 23 33 14 44 22 41 32 14 23 33
1 41 44 41 22 11 23 23 22 41 44 22 22 22 14 32 41 33 22 23 23 33 14 11 23 41 32 11 23 23
1 41 44 44 23 44 22 22 22 41 44 33 33 22 14 33 44 33 22 22 22 33 11 44 23 41 33 11 22 23
1 44 44 44 22 44 23 22 22 44 44 32 33 22 11 33 44 33 23 22 22 33 14 44 22 44 33 11 22 22
1 41 41 44 22 41 22 23 22 41 44 33 32 22 14 33 41 33 22 23 22 33 14 44 23 44 32 11 22 22
1 41 41 41 22 44 22 22 22 44 44 22 22 22 11 32 44 33 23 22 23 33 14 44 23 44 32 11 22 23
1 11 41 44 22 44 23 23 33 41 41 32 32 23 11 33 44 11 33 23 23 33 14 44 33 44 22 11 22 23
1 11 44 44 22 44 23 22 23 11 41 32 33 23 14 32 44 33 23 22 23 33 14 44 23 41 32 11 22 33
1 41 41 11 22 41 23 23 23 11 44 32 32 22 11 32 44 33 23 23 23 33 14 41 23 11 32 14 23 22
1 41 44 44 23 44 23 23 23 41 44 32 33 23 14 33 44 33 23 22 33 32 14 44 22 44 32 11 22 33
1 11 44 44 23 41 22 33 23 44 44 22 22 23 14 32 44 31 23 23 33 32 11 41 22 41 33 11 22 33
1 11 41 44 23 41 33 33 33 41 41 22 22 23 14 22 41 31 22 23 23 33 44 41 33 41 33 11 22 23
1 41 44 44 23 41 23 23 22 44 44 32 32 22 11 32 44 33 22 22 33 33 11 44 22 44 32 11 22 23
1 41 44 41 22 44 22 22 22 44 41 33 32 23 11 33 44 33 33 22 22 33 11 44 23 44 32 11 22 22
1 11 44 44 23 41 23 23 23 11 41 22 32 22 11 33 44 33 23 22 33 33 11 44 23 41 22 11 22 22
1 41 44 11 23 11 33 33 23 11 44 22 22 33 14 33 41 31 23 33 33 33 44 41 23 41 32 11 23 33
1 41 44 41 23 44 22 23 23 11 44 32 33 23 11 33 41 33 23 23 22 33 14 44 23 41 32 11 22 23
1 44 44 44 22 44 22 23 23 41 44 33 33 22 11 33 44 33 22 22 23 33 11 44 22 44 33 14 23 22
1 11 41 41 23 44 22 33 23 41 44 22 32 23 11 32 41 33 33 22 33 33 14 41 23 41 22 44 23 33
1 41 44 44 23 44 22 33 22 41 44 32 32 22 11 32 44 31 33 23 33 33 14 44 23 44 33 11 22 23
1 44 44 44 22 44 22 23 33 44 44 33 33 23 11 33 44 33 22 22 22 33 14 44 22 44 33 11 22 23
1 11 44 41 22 41 22 23 33 41 41 32 33 22 11 32 41 31 22 23 33 33 44 44 22 41 32 14 22 33
1 41 44 41 23 44 23 33 23 41 11 22 33 23 14 32 41 33 23 23 23 32 14 41 22 44 22 44 22 33
1 41 44 41 22 44 22 22 22 44 41 22 33 23 11 32 11 31 22 22 23 33 11 11 23 44 32 11 22 22
1 41 44 41 22 44 22 22 23 41 44 33 33 22 11 33 41 33 22 22 23 33 14 44 22 41 32 11 22 33
1 44 44 44 22 44 22 23 22 41 44 32 33 22 11 32 44 33 23 22 22 32 11 44 23 44 33 11 22 22
1 44 44 44 23 41 22 22 23 41 44 32 33 22 14 33 41 31 22 22 22 33 14 44 22 44 33 11 22 22
1 41 44 44 22 41 22 22 23 44 44 33 32 22 11 32 44 33 22 22 22 33 11 44 22 44 32 14 22 22
1 41 44 44 22 44 22 23 22 41 44 33 33 23 11 32 44 33 22 22 22 33 44 44 22 41 33 11 22 22
1 44 44 44 22 44 22 22 22 41 44 33 33 23 11 33 44 31 33 22 22 33 11 41 22 41 33 14 22 23
1 44 44 44 22 44 23 23 23 41 44 22 32 22 11 32 44 33 22 22 22 33 44 41 22 44 33 11 22 22
1 41 44 41 22 41 22 33 22 41 44 32 32 23 14 22 41 11 23 22 22 33 14 44 22 41 22 11 22 33
1 11 41 44 22 11 22 22 23 41 44 22 32 23 11 22 41 33 23 23 23 32 14 44 33 41 32 44 22 23
1 41 11 41 23 41 23 23 23 11 44 32 32 23 44 32 44 11 23 23 33 32 44 41 33 41 32 44 23 23
1 44 44 44 22 41 22 22 22 44 44 33 32 22 11 22 41 31 23 23 23 33 14 44 23 44 32 11 22 22
1 44 44 44 22 44 22 22 22 44 44 32 33 22 11 33 41 31 23 23 22 33 11 44 23 44 33 11 22 23
1 11 44 44 22 41 23 23 22 11 44 32 32 33 14 33 44 31 23 22 23 22 44 44 23 41 22 11 23 23
1 41 44 44 22 44 22 23 22 41 44 33 33 23 11 33 44 33 22 22 22 33 11 44 22 44 33 11 22 33
1 41 41 44 33 44 23 23 23 41 41 22 32 22 14 33 41 31 22 22 23 33 14 41 22 44 22 14 23 23
1 41 44 41 22 41 23 33 23 41 41 22 32 33 14 32 41 33 22 23 23 33 11 44 33 44 33 11 22 23
1 11 11 41 22 41 22 23 23 11 44 32 32 23 44 22 44 11 23 33 33 32 14 11 23 41 22 11 23 33
1 44 44 44 22 41 22 23 23 44 44 32 33 22 11 32 44 31 23 22 23 33 14 44 22 44 33 14 22 22
1 11 44 44 22 44 22 22 22 44 44 32 33 22 14 33 41 33 23 22 22 33 11 44 22 44 32 11 22 22
1 41 41 44 22 44 22 23 22 44 44 33 33 23 11 32 44 33 22 22 22 33 14 41 23 44 32 11 22 23
1 41 44 44 22 41 23 23 23 44 44 33 33 23 11 22 41 33 22 22 23 32 11 41 33 44 32 14 22 23
1 44 44 44 22 44 22 22 22 41 44 33 33 22 11 33 44 33 22 22 22 33 14 44 22 41 22 11 22 23
1 41 44 44 22 41 22 22 23 44 44 33 33 22 11 33 44 33 22 22 22 33 14 44 22 44 33 11 22 22
1 41 44 44 22 41 33 22 22 44 44 32 32 22 14 32 41 33 22 23 23 22 14 44 22 44 32 11 22 22
1 44 41 44 22 41 22 22 22 44 44 32 33 22 11 32 44 33 22 23 22 33 11 44 23 44 32 14 22 23
1 44 41 41 22 41 22 33 23 41 44 22 22 22 11 33 44 11 22 22 23 33 44 41 22 41 22 14 22 23
1 44 44 44 23 44 23 23 23 41 41 33 32 22 11 33 44 33 22 22 23 33 11 41 22 44 33 11 22 33
1 41 41 44 23 41 22 23 22 44 11 32 33 23 14 33 44 33 23 23 33 32 14 44 23 44 32 14 22 23
1 41 44 44 23 41 22 33 23 44 44 22 22 33 14 32 44 11 22 23 33 33 44 44 23 11 22 11 23 23
1 41 44 41 22 41 23 23 23 44 44 32 32 23 14 33 41 31 33 22 22 33 44 41 22 41 22 44 23 23
1 44 44 44 22 44 22 22 22 44 44 22 32 23 11 32 44 33 22 22 33 33 11 44 22 44 33 11 22 33
1 41 44 44 23 41 22 33 22 41 41 32 33 23 14 22 44 33 22 22 23 33 14 44 22 41 32 11 23 22
1 44 44 44 22 44 22 23 22 44 44 32 32 23 11 32 44 33 22 22 22 33 11 44 23 44 32 11 22 22
1 11 44 44 23 44 22 23 23 44 44 33 33 22 14 33 44 31 23 22 23 33 11 41 23 41 32 11 22 23
1 41 41 44 23 44 22 22 23 44 44 33 33 23 14 33 44 33 23 22 33 33 11 44 23 44 33 11 22 23
1 41 44 41 22 41 23 23 23 41 44 33 32 23 11 32 41 31 23 23 23 33 14 44 23 44 22 11 23 23
1 41 44 44 22 41 22 23 22 41 44 22 32 22 11 33 44 31 23 22 23 33 44 44 22 41 32 11 23 22
1 11 44 11 22 41 22 33 23 41 41 32 32 23 11 33 44 33 22 23 33 33 14 44 22 41 32 11 22 23
1 11 44 44 22 44 23 22 23 44 44 32 22 22 14 33 44 33 22 22 33 33 14 44 23 44 32 11 22 22
1 44 44 41 22 44 22 22 23 41 44 32 32 22 11 33 44 33 22 22 23 33 14 41 23 44 32 11 22 22
1 41 44 44 22 44 22 22 23 41 44 32 33 22 11 33 44 33 22 22 23 33 11 44 23 41 32 11 22 22
1 44 44 44 22 41 22 33 22 44 44 32 33 22 11 33 44 33 22 22 23 33 11 44 22 44 32 11 22 22
1 11 44 44 23 44 22 22 33 11 44 22 32 23 14 22 41 33 33 22 23 32 44 11 23 44 33 14 23 23
1 44 44 41 22 44 22 22 22 41 44 33 33 22 11 33 44 33 22 22 22 33 11 41 22 44 32 11 22 33
1 41 44 41 23 41 22 23 23 44 44 33 32 22 11 33 44 33 23 22 23 32 14 44 22 44 32 11 23 23
1 44 44 44 22 11 23 23 23 44 44 32 33 23 11 32 41 33 23 22 33 33 11 41 22 41 32 11 22 23
1 41 44 41 22 44 22 22 22 44 44 33 33 22 14 33 44 33 22 22 22 33 11 44 22 44 32 11 22 23
1 41 44 41 22 44 22 23 23 44 44 33 33 22 11 33 44 33 23 22 23 32 44 41 22 41 32 11 22 23
1 41 44 41 22 44 22 33 23 11 44 32 33 22 11 33 41 33 22 22 33 33 11 44 23 41 32 11 22 33
1 44 41 44 22 44 22 23 23 44 44 33 33 22 11 32 44 33 22 22 23 33 11 44 22 41 32 11 22 22
1 41 44 44 23 41 23 23 22 41 44 32 33 22 14 22 41 33 22 22 23 32 14 44 23 44 22 11 23 22
1 11 41 41 22 44 23 22 23 11 44 32 32 22 44 32 44 33 23 22 23 32 14 44 22 41 33 11 23 23
1 44 44 44 22 44 22 23 22 41 44 33 32 22 14 33 41 33 22 22 23 33 14 44 22 44 33 11 22 23
1 41 41 44 22 44 23 22 23 44 41 32 33 23 11 32 44 31 33 22 22 33 14 44 23 44 32 14 22 33
1 41 44 44 22 41 22 23 22 41 11 22 33 22 44 33 41 11 33 22 33 32 11 41 22 44 22 11 22 23
1 41 41 44 23 44 23 22 22 41 44 32 32 23 14 33 44 33 22 23 33 33 11 44 22 41 22 14 23 23
1 44 44 41 22 44 22 23 23 44 44 32 33 22 11 32 44 31 23 22 22 33 11 44 23 44 32 11 22 22
1 41 44 44 22 41 23 22 22 44 44 33 33 22 11 33 44 31 22 22 22 33 11 44 22 44 33 11 22 22
1 44 44 44 23 11 23 23 22 44 44 32 33 22 14 32 41 31 23 23 33 32 14 41 23 44 22 14 22 23
1 11 44 41 22 11 22 33 23 41 44 22 32 22 14 22 41 31 33 22 23 33 44 44 23 11 32 14 23 22
1 41 44 41 23 44 23 23 23 44 44 33 33 22 44 33 44 11 23 33 23 32 11 44 23 44 32 14 23 23
1 41 44 44 22 41 22 23 23 41 44 33 32 23 11 33 44 33 22 22 23 32 14 44 22 44 32 14 22 23
1 11 44 44 23 44 22 22 22 41 44 32 33 23 11 33 44 33 22 22 22 33 14 44 22 44 32 11 22 23
1 41 44 44 22 44 22 23 22 44 44 33 33 22 11 32 44 33 22 22 33 32 11 41 22 44 32 14 22 22
1 41 41 44 22 41 23 23 23 44 44 22 33 22 11 32 44 33 22 23 22 33 14 44 23 44 32 11 22 22
1 41 11 41 23 44 33 33 22 44 44 22 33 22 11 33 44 33 33 22 33 32 14 44 33 11 32 14 22 33
1 44 44 41 23 44 22 23 23 44 44 22 33 22 14 32 44 31 22 22 23 32 44 41 22 44 32 14 22 23
1 44 44 44 22 44 22 23 23 44 44 33 33 22 11 33 44 33 22 22 22 33 14 44 23 44 32 11 22 23
1 41 44 44 23 44 22 22 22 11 44 32 33 22 11 32 44 31 22 22 23 33 14 44 22 44 33 11 22 23
1 44 41 44 22 41 22 23 22 41 44 22 32 22 14 32 44 11 22 23 22 33 11 44 22 44 32 11 22 33
1 41 41 44 22 44 23 23 22 44 44 32 32 22 14 33 44 33 22 22 22 33 14 44 22 44 32 11 22 23
1 41 44 44 22 44 22 33 22 44 44 33 33 22 11 32 44 33 23 22 22 33 11 44 23 44 32 11 22 23
1 41 44 41 23 41 22 22 22 41 44 32 33 22 14 32 41 31 23 22 22 32 14 44 23 41 32 14 22 23
1 41 41 44 22 44 22 23 23 44 44 33 33 22 11 32 44 33 22 23 23 33 11 44 22 44 32 14 22 22
1 44 44 44 22 44 22 22 22 44 44 33 22 22 11 33 44 31 22 22 23 33 11 44 22 44 33 14 22 22
1 41 44 41 22 41 23 23 33 44 44 32 33 22 14 32 44 31 22 23 22 33 14 44 22 41 32 11 23 23
1 41 44 41 23 11 23 23 33 11 44 32 22 33 44 22 44 33 33 33 23 32 44 11 33 41 32 14 22 33
1 44 44 44 22 44 22 23 22 44 44 33 33 23 11 33 44 31 22 22 22 32 14 44 22 44 32 11 22 23
1 11 41 41 23 41 33 33 23 11 44 22 22 22 14 32 41 31 22 23 22 33 44 44 33 11 22 14 22 23
1 41 41 41 22 41 33 23 23 44 44 32 32 22 14 32 44 31 23 23 23 33 14 41 22 41 32 14 22 22
1 41 44 44 22 41 22 22 22 41 44 32 33 22 44 33 44 33 23 23 23 33 44 11 22 44 32 11 22 22
1 44 41 41 22 41 22 33 23 11 11 32 32 23 44 22 41 33 23 23 33 32 44 41 33 11 22 11 23 33
1 44 41 44 22 41 22 23 23 41 44 32 32 22 11 32 41 31 22 22 23 32 14 41 23 44 33 11 22 33
1 41 44 44 22 41 23 23 22 41 44 32 32 23 14 32 44 31 23 22 23 32 14 41 23 44 32 11 22 23
1 44 44 44 22 41 23 23 22 11 41 33 33 23 11 32 44 31 23 23 23 33 14 41 23 44 22 11 23 23
1 41 44 44 23 44 22 23 23 44 44 33 32 22 11 33 41 31 22 22 23 33 11 44 23 44 22 11 22 23
1 44 44 41 23 44 22 22 22 44 44 32 33 22 14 33 44 33 22 22 23 33 14 44 23 44 33 11 22 33
1 41 44 44 22 41 22 22 22 41 44 33 33 22 11 32 41 33 23 22 22 33 14 44 22 41 32 14 22 22
1 41 44 44 22 44 22 22 23 44 44 33 32 22 11 33 41 33 22 22 23 33 14 41 23 44 32 11 22 22
1 41 41 44 22 41 22 22 23 11 41 22 22 23 14 33 44 33 23 23 33 33 14 44 22 44 32 11 23 23
1 41 44 44 23 44 23 22 23 44 44 32 33 23 14 33 41 33 23 23 22 33 14 44 23 41 22 11 23 23
1 11 41 44 23 11 22 23 23 11 44 22 32 33 11 22 44 11 23 23 23 32 14 11 23 41 32 14 22 33
1 11 44 41 22 41 22 33 23 41 44 32 33 22 14 33 41 33 22 22 23 33 44 44 23 44 32 11 22 33
1 11 41 44 22 44 22 22 23 11 44 32 33 22 14 33 44 33 22 22 23 33 14 41 23 44 22 11 22 22
1 41 41 41 23 44 23 33 22 11 41 22 22 23 44 32 41 33 23 22 33 22 44 41 33 11 22 11 22 33
1 44 44 44 22 44 22 22 22 41 44 32 33 22 11 32 44 33 23 23 22 33 14 44 22 44 32 11 22 23
1 41 44 44 22 11 22 23 33 11 44 22 33 33 14 32 44 11 22 23 33 32 44 44 23 11 32 11 23 22
1 44 44 44 22 41 23 23 23 44 41 22 33 22 11 33 44 31 22 23 23 32 11 41 22 41 32 11 22 22
1 41 41 44 23 44 22 22 23 41 44 33 22 23 14 32 41 31 23 23 23 33 14 44 22 41 32 11 22 33
1 41 44 44 22 41 22 23 22 44 44 22 33 22 14 33 44 33 22 22 22 33 14 44 23 41 32 11 22 22
1 41 41 44 23 41 23 23 22 11 41 32 33 22 11 32 44 33 22 23 23 33 11 44 22 11 32 11 22 33
1 41 44 44 22 44 23 33 22 44 41 32 33 22 11 33 41 33 23 23 23 33 11 44 23 41 22 14 22 23
1 41 41 44 22 41 22 23 33 41 41 22 33 23 14 33 44 31 22 23 33 33 14 41 33 41 32 14 23 23
1 44 41 44 22 44 22 23 23 41 44 33 32 22 14 33 44 33 23 22 23 32 11 44 22 41 33 14 23 23
1 44 44 44 22 44 23 22 23 41 44 33 32 23 14 32 44 33 23 22 33 33 44 44 23 41 33 14 22 33
1 41 44 41 22 44 23 33 23 44 44 22 33 22 11 33 41 33 22 22 22 32 14 41 23 44 33 11 22 23
1 44 44 44 23 11 22 22 23 41 44 22 32 22 11 32 44 31 23 22 23 32 44 44 22 41 32 14 22 33
1 41 44 44 22 41 22 23 22 44 41 32 33 22 11 33 41 33 22 23 23 33 11 44 22 41 32 14 22 23
1 11 44 44 23 41 23 22 33 41 44 32 33 22 14 32 41 31 33 22 23 32 44 41 23 11 32 14 22 23
1 41 44 41 22 41 22 33 23 41 44 22 32 22 14 32 41 31 23 23 22 32 14 44 33 41 22 11 22 23
1 44 41 44 23 41 22 23 23 41 44 32 32 22 11 33 44 33 22 22 33 32 14 41 23 41 32 14 22 22
1 41 44 41 22 41 22 23 23 41 41 33 32 22 14 32 41 33 22 23 33 32 14 41 22 44 32 11 23 23
1 44 44 41 22 11 23 23 22 11 41 33 32 22 14 33 44 33 23 23 23 33 11 44 23 41 32 11 22 33
1 41 44 44 23 44 22 22 22 44 44 33 33 22 11 33 44 31 22 23 33 32 14 44 22 44 33 11 22 22
1 41 44 44 22 44 22 22 22 44 44 32 33 22 14 33 44 33 22 22 23 33 11 44 22 44 32 11 22 23
1 41 44 41 23 44 22 23 33 41 44 22 22 22 44 33 44 31 33 23 23 33 14 44 22 44 32 11 22 23
1 41 41 44 23 41 22 23 22 41 41 33 33 23 14 32 44 33 22 22 23 33 14 44 23 44 33 14 22 23
1 41 44 44 23 41 22 33 22 41 44 32 22 22 44 32 44 33 22 23 23 33 14 44 22 41 22 14 23 23
1 41 44 44 22 41 22 22 22 41 44 33 32 22 11 33 44 33 22 22 23 33 11 44 22 44 33 11 22 22
1 41 44 41 22 44 23 23 22 11 41 32 32 23 14 33 41 11 22 23 23 32 11 41 22 44 32 11 22 22
1 41 44 44 22 44 22 22 22 41 44 32 33 22 11 33 44 33 22 22 23 33 11 44 22 44 32 14 22 23
1 41 44 44 22 41 23 23 22 11 44 22 32 23 14 32 44 33 23 23 23 33 14 44 22 44 22 14 23 23
1 11 44 11 22 44 23 33 23 41 41 32 33 33 44 32 11 31 33 23 33 33 14 11 23 41 22 14 23 33
1 44 44 41 22 44 22 23 22 44 44 32 32 22 11 33 44 33 22 23 22 33 14 44 22 44 32 11 22 23
1 44 44 44 22 44 23 22 22 41 44 33 33 22 11 33 44 33 23 23 22 33 11 41 22 44 32 11 22 22
1 41 44 44 23 44 22 22 23 41 44 33 33 22 11 33 44 33 22 22 33 33 14 44 23 44 32 11 22 23
1 41 44 44 22 44 22 22 22 44 44 32 33 22 11 33 41 31 23 22 33 33 14 41 22 41 33 11 22 22
1 41 41 44 22 41 22 23 22 11 44 22 22 33 14 32 44 33 23 22 22 33 11 41 23 44 32 11 22 22
1 11 41 44 23 44 22 23 33 44 44 22 32 22 44 32 44 33 23 22 23 32 44 44 33 11 32 14 23 33
1 44 41 41 22 44 22 22 22 11 44 32 33 22 14 33 41 33 22 22 33 32 11 44 22 41 32 14 22 22
1 44 44 44 23 44 23 23 23 41 44 33 33 23 14 33 44 33 22 23 22 33 11 41 23 41 32 11 23 23
1 41 44 44 22 41 22 23 22 44 41 22 33 22 14 32 44 33 22 22 23 32 11 41 23 44 32 14 22 33
1 44 44 44 33 11 22 22 23 11 41 22 33 22 14 33 44 31 22 23 23 33 14 44 22 41 32 14 22 23
1 44 44 44 22 44 23 22 22 44 44 22 32 22 11 33 44 31 22 23 22 33 11 41 22 44 22 11 22 23
1 41 44 41 23 44 23 22 22 44 44 22 33 22 11 32 44 33 22 23 23 33 44 41 23 41 32 11 22 23
1 11 44 44 22 44 22 23 22 41 11 33 33 22 11 33 44 33 22 23 22 33 14 44 23 41 32 14 22 23
1 11 41 44 22 41 22 33 23 41 44 32 32 22 14 33 44 11 22 23 23 33 14 44 33 44 33 14 23 33
1 44 44 44 23 41 22 22 22 41 44 32 33 22 11 32 44 33 23 23 22 33 11 44 22 44 22 11 22 23
1 44 44 44 22 44 22 22 22 44 44 33 33 23 11 33 44 33 22 22 23 33 14 44 22 44 32 11 22 22
1 41 41 44 22 44 22 23 23 11 41 32 32 23 11 32 44 33 22 22 22 33 44 44 23 44 22 14 23 23
1 44 41 44 22 44 23 23 22 44 44 22 33 22 14 32 44 33 22 23 22 33 44 44 33 44 33 11 22 22
1 41 41 44 23 44 22 23 33 41 44 32 33 23 14 33 41 31 23 22 23 33 11 44 23 44 22 14 22 22
1 11 41 44 22 41 22 23 23 41 44 22 32 22 11 22 41 31 33 22 22 22 44 44 23 11 22 14 23 23
1 41 11 41 33 11 33 33 33 11 41 32 32 22 44 22 41 31 23 22 23 33 44 44 23 41 22 11 22 33
1 41 44 44 23 44 23 23 23 44 44 32 33 23 14 33 44 33 22 23 23 33 11 41 23 41 32 11 22 22
1 11 44 44 22 44 33 33 23 41 11 32 33 22 14 33 44 33 22 22 23 33 14 44 23 44 32 11 23 23
1 41 44 41 22 41 23 23 23 44 44 22 32 23 14 33 44 11 23 23 22 33 14 41 22 44 33 11 22 23
1 11 44 41 23 11 23 33 22 41 41 22 32 23 44 33 11 11 23 23 23 32 44 41 23 41 22 14 23 23
1 11 41 44 22 41 23 22 22 44 44 32 32 22 14 33 41 31 22 23 23 33 14 41 22 44 32 11 22 23
1 41 41 44 23 11 23 33 23 41 44 32 33 23 14 32 11 31 23 23 23 32 14 44 33 41 33 11 23 23
1 41 44 11 22 44 22 23 22 41 44 33 32 23 11 33 44 31 23 22 22 33 14 44 22 44 22 14 22 23
1 41 44 44 22 44 22 22 22 41 44 32 33 22 11 33 44 33 22 22 23 33 11 44 22 41 33 14 22 33
1 44 44 44 22 44 22 23 22 41 44 33 33 22 11 33 41 33 23 22 22 33 11 44 22 44 32 11 22 22
1 41 44 44 22 41 22 22 23 41 44 33 33 22 11 33 44 33 23 22 22 33 14 44 22 41 32 11 22 22
1 44 44 41 22 44 23 23 23 11 44 32 22 22 14 22 44 31 33 22 22 32 14 41 33 41 32 11 22 33
1 41 44 44 23 11 22 23 33 41 44 32 32 22 14 33 41 31 33 23 33 33 44 44 33 41 22 11 22 33
1 44 44 44 22 41 22 22 23 41 44 32 32 22 11 33 44 33 22 22 23 33 11 44 23 11 32 11 22 33
1 41 44 44 22 41 22 22 22 44 44 32 32 22 14 33 44 33 22 22 22 33 14 41 23 44 33 14 22 22
1 41 44 44 22 44 22 22 22 41 44 32 32 22 11 33 44 31 23 23 22 33 11 44 23 44 32 11 22 23
1 41 41 41 23 44 22 22 22 11 44 22 33 22 14 32 44 31 33 22 23 33 14 41 23 41 22 11 22 33
1 41 41 41 22 41 23 33 23 11 41 32 32 23 11 32 44 31 22 23 23 22 44 44 23 11 32 14 23 23
1 41 44 44 23 41 23 22 22 11 44 32 32 22 14 22 44 33 22 22 23 32 44 44 23 41 32 14 22 23
1 44 41 44 23 44 23 23 22 41 44 33 33 22 44 33 44 31 23 22 23 32 14 44 23 44 32 11 22 23
1 44 44 44 22 41 22 23 22 44 44 32 33 22 14 33 41 31 22 22 22 33 11 44 22 44 22 11 23 23
1 44 41 44 22 41 22 23 23 44 44 32 33 22 11 33 44 31 22 22 22 32 11 44 23 44 22 11 22 22
1 44 44 44 22 44 22 22 22 44 44 33 33 22 14 32 44 33 23 22 22 33 11 44 22 44 33 11 22 23
1 41 44 41 23 41 23 22 23 41 41 22 32 23 11 32 41 31 33 23 23 32 14 41 33 41 32 14 23 23
1 41 44 44 22 41 23 23 22 41 41 32 33 22 14 32 44 33 22 23 23 33 14 44 33 44 33 11 22 22
1 41 44 41 22 44 23 33 22 44 44 22 33 23 14 32 44 31 22 23 33 33 14 44 23 11 32 11 22 23
1 44 44 44 22 41 22 23 22 44 44 33 32 22 14 32 44 31 23 23 23 33 11 41 23 41 32 11 22 23
1 44 44 44 22 44 22 22 22 44 41 33 32 22 11 33 44 33 23 22 22 33 11 44 22 44 32 11 22 33
1 44 44 44 22 44 22 22 22 41 44 22 33 22 14 33 44 33 22 22 22 33 11 44 22 41 32 11 22 22
1 41 41 41 22 41 33 22 23 41 41 22 32 23 14 22 41 31 33 23 23 22 11 41 23 41 32 14 23 23
1 44 41 44 23 44 22 22 22 44 44 32 33 22 14 33 44 33 22 22 23 33 14 41 22 44 32 11 22 22
1 44 44 44 23 41 22 22 23 44 44 32 32 23 11 33 44 31 23 22 23 32 14 44 23 44 33 14 22 23
1 41 41 41 23 41 23 23 23 44 41 32 32 22 44 32 44 33 22 23 33 33 14 11 23 44 32 11 23 33
1 44 44 41 22 44 22 22 22 44 44 33 32 22 11 32 44 31 23 22 23 33 11 41 22 41 32 11 22 23
1 41 44 41 22 41 23 33 23 41 44 32 33 22 11 32 44 31 22 23 23 33 14 41 22 41 33 11 22 22
1 44 11 44 23 41 23 23 22 11 44 32 32 22 14 32 44 33 22 22 33 33 14 44 23 44 32 44 22 22
1 41 44 41 33 41 22 23 22 41 44 22 32 22 11 32 41 31 23 23 23 32 11 44 33 11 22 11 22 33
1 44 44 44 23 44 22 23 23 44 44 33 32 22 11 33 44 33 23 22 22 33 14 44 22 44 32 11 22 23
1 41 44 41 22 41 22 33 23 11 44 33 32 23 14 32 44 11 22 23 23 33 44 44 23 41 32 14 23 33
1 41 11 41 23 44 23 22 23 44 44 32 32 23 11 22 41 31 23 22 33 33 14 44 22 41 32 14 22 22
1 11 41 44 33 44 22 23 33 11 44 22 32 23 14 22 41 31 23 33 33 33 44 41 23 41 22 14 22 23
1 44 44 44 33 44 22 23 33 41 44 33 33 22 14 33 44 33 23 23 23 33 11 44 23 41 32 11 22 22
1 11 41 41 23 44 33 22 22 41 44 32 32 22 11 33 41 33 22 23 23 33 11 44 23 41 22 14 22 23
1 41 41 44 22 41 23 23 23 41 44 22 32 23 14 32 44 31 23 22 33 32 14 44 23 41 22 11 22 33
1 41 44 44 22 44 22 23 23 44 44 33 33 23 11 32 44 33 22 22 22 33 44 44 23 41 32 11 22 23
1 41 44 44 22 44 23 23 22 44 44 33 32 22 14 33 44 31 22 23 33 33 14 44 33 41 22 11 22 23
1 44 44 44 22 41 22 23 22 44 44 32 32 22 11 33 44 33 22 22 23 33 11 44 22 44 32 11 22 23
1 44 44 44 22 44 22 22 22 44 41 22 33 22 11 33 44 33 22 22 23 33 14 41 23 44 33 11 23 23
1 44 44 44 22 44 22 22 22 41 44 33 32 22 11 33 44 31 22 22 23 33 11 44 22 44 32 14 22 23
1 44 44 44 22 41 23 23 23 11 41 22 33 22 44 32 41 11 33 22 23 32 14 41 23 11 22 11 22 23
1 41 44 44 22 41 22 22 22 44 44 32 33 22 44 33 41 33 23 22 23 33 44 44 22 44 22 11 22 23
1 44 44 44 22 41 23 22 23 41 44 22 32 22 11 33 41 31 23 22 33 33 14 44 23 41 32 11 22 23
1 44 44 44 23 44 22 22 22 44 44 33 33 23 14 33 44 33 22 22 23 33 14 44 22 41 33 11 22 22
1 11 44 44 33 41 23 33 23 11 44 22 22 23 44 32 41 31 23 23 33 33 44 44 23 44 32 11 22 33
1 44 44 44 23 44 22 22 22 41 44 33 33 22 11 33 44 33 22 22 23 32 44 44 22 44 33 11 23 22
1 41 44 44 22 41 22 23 23 41 44 32 32 22 11 33 44 31 23 22 23 33 11 44 23 44 32 11 23 22
1 41 44 44 23 44 22 22 22 41 44 33 22 22 11 33 44 33 23 23 33 33 11 41 22 44 22 11 22 22
1 44 44 44 23 44 22 23 23 41 44 32 33 23 14 33 44 33 22 22 23 33 14 44 22 44 32 14 22 22
1 11 44 44 22 41 22 23 23 41 41 32 32 23 11 33 41 33 22 22 22 33 11 41 22 41 32 11 22 22
1 41 44 44 22 44 33 22 22 41 44 22 33 22 11 32 44 33 22 22 22 33 14 44 22 44 32 11 22 23
1 41 41 41 23 41 23 33 23 11 41 22 33 23 11 32 44 33 23 23 22 33 11 44 23 41 32 14 22 23
1 44 41 44 23 41 22 22 23 44 41 22 32 22 11 32 44 31 22 23 23 33 11 44 22 41 22 11 22 23
1 41 44 44 23 44 22 23 23 11 41 32 32 23 14 32 44 31 22 22 23 32 14 11 23 41 22 14 22 23
1 44 44 44 22 44 22 23 22 44 44 33 32 22 14 33 44 33 22 22 23 33 14 44 22 44 33 11 22 22
1 41 44 44 22 44 22 22 22 11 41 32 33 22 14 33 44 33 23 22 23 33 11 44 22 44 32 11 22 23
