 rs2095904 rs10864413 rs10779722 rs6688312 rs11121406 rs12022654 rs12145857 rs10864418 rs9726404 rs9659326
0 11 11 22 33 31 44 41 44 22 32
0 11 44 23 33 31 44 44 44 22 33
0 14 44 33 11 31 41 41 44 23 33
0 14 14 23 31 31 44 41 41 22 32
0 11 11 22 33 33 44 44 44 22 33
0 14 44 22 33 31 44 44 41 22 33
0 44 11 23 33 33 44 44 44 23 32
0 11 14 23 33 11 44 44 41 23 33
0 11 11 23 31 11 44 44 44 22 33
0 11 11 22 11 33 44 41 44 22 32
0 14 14 23 33 31 44 44 44 23 33
0 44 44 22 31 31 44 11 44 22 32
0 11 11 22 33 33 44 44 41 22 32
0 11 14 23 33 11 44 44 44 22 33
0 11 11 22 33 33 44 41 44 22 33
0 11 11 22 33 33 44 44 44 23 33
0 11 11 23 31 11 44 44 44 22 33
0 11 14 23 31 31 44 41 41 22 33
0 11 14 23 33 31 44 11 44 23 33
0 14 11 22 33 31 44 41 44 22 33
0 14 14 33 33 31 44 44 11 22 33
0 11 11 22 31 11 44 44 41 22 32
0 14 44 23 11 31 44 11 41 22 33
0 11 11 23 31 31 44 44 41 22 33
0 44 11 22 31 31 44 44 44 22 32
0 14 14 23 31 31 41 41 44 23 32
0 14 14 23 31 33 44 41 44 23 33
0 11 14 23 31 33 44 44 44 23 33
0 44 14 22 31 31 41 41 41 23 33
0 11 14 22 33 33 44 44 44 23 33
0 14 11 22 33 33 44 44 41 22 33
0 14 11 23 33 33 44 41 41 22 33
0 14 14 22 33 31 44 44 44 22 33
0 14 14 22 33 31 44 44 41 22 33
0 11 11 22 31 33 44 41 44 22 32
0 11 11 23 31 31 41 44 41 23 32
0 14 11 22 33 33 44 44 44 22 33
0 11 14 22 33 31 44 44 44 22 33
0 14 11 23 33 11 44 41 41 23 33
0 14 14 23 31 31 44 44 41 22 33
0 14 11 23 11 31 41 44 41 23 33
0 11 11 33 31 33 44 44 11 22 33
0 11 14 23 33 33 44 44 44 23 32
0 11 11 23 31 31 41 41 41 23 32
0 11 11 22 31 33 44 44 41 23 33
0 44 11 33 11 33 44 44 41 22 32
0 11 11 33 31 31 44 44 41 23 33
0 14 14 23 11 31 44 11 41 22 32
0 11 11 23 31 31 41 41 44 23 33
0 14 11 23 31 31 44 44 41 22 33
0 11 11 22 31 31 44 41 44 22 32
0 11 14 33 33 31 44 44 41 22 33
0 11 11 22 31 33 44 44 44 22 32
0 11 11 22 31 31 44 41 44 22 33
0 14 11 22 33 31 44 44 44 23 33
0 11 11 23 11 11 44 41 44 22 33
0 11 11 22 33 33 44 44 44 22 33
0 11 14 22 33 31 44 41 41 22 33
0 14 14 23 11 31 11 44 41 23 32
0 11 44 22 33 31 44 41 44 23 22
0 14 44 22 31 33 44 44 44 23 33
0 11 14 23 33 11 41 44 44 23 33
0 11 14 22 33 31 41 44 44 23 33
0 14 11 22 33 33 41 41 44 22 33
0 14 11 22 31 31 44 44 41 33 33
0 11 14 22 33 31 44 44 44 23 32
0 14 14 23 33 31 44 41 11 23 32
0 11 14 22 31 33 44 11 41 23 33
0 14 11 33 31 31 44 41 41 22 32
0 11 11 22 33 33 44 44 41 22 33
0 11 44 23 31 11 44 44 41 23 33
0 14 44 33 11 11 44 41 41 23 33
0 14 14 22 33 31 44 44 44 22 33
0 14 11 22 33 31 41 11 41 33 32
0 11 11 22 33 31 44 44 41 23 32
0 11 11 23 33 33 41 41 44 23 33
0 11 14 23 31 33 41 44 44 22 33
0 11 11 22 33 11 41 41 41 23 33
0 14 14 23 33 33 44 44 41 23 33
0 44 14 23 31 11 44 44 41 23 33
0 11 14 23 31 31 44 44 41 23 33
0 14 14 22 33 33 44 41 44 22 33
0 11 44 23 33 31 44 44 41 23 33
0 14 14 33 31 11 44 41 41 23 32
0 44 11 23 11 31 44 41 44 23 33
0 11 11 22 31 33 44 44 41 23 33
0 11 14 23 31 31 41 11 11 22 22
0 11 11 23 31 31 44 44 41 33 33
0 14 11 22 31 33 44 41 44 22 33
0 11 14 22 31 33 44 44 41 22 33
0 44 14 33 31 11 44 44 11 23 33
0 14 14 22 31 31 44 44 44 33 33
0 11 11 33 31 11 44 44 11 23 32
0 14 14 23 33 31 44 11 41 22 33
0 14 14 22 31 31 44 44 41 22 32
0 11 14 33 31 33 44 44 44 22 33
0 11 14 22 33 33 44 44 44 22 33
0 11 14 22 31 31 44 11 44 23 33
0 11 11 22 33 33 41 44 41 22 32
0 11 14 22 31 11 44 44 41 22 33
0 14 11 23 31 31 44 44 44 22 33
0 11 11 22 31 31 44 44 44 22 33
0 14 11 33 11 11 41 44 11 23 32
0 14 14 22 33 31 44 44 44 22 33
0 11 11 23 33 11 44 44 41 22 33
0 11 14 22 31 31 44 41 41 33 32
0 11 11 23 31 33 44 44 44 22 33
0 11 14 22 31 31 44 44 44 23 33
0 44 14 23 31 31 44 44 41 33 32
0 11 11 22 33 11 44 41 44 22 33
0 44 44 23 33 33 44 41 41 22 32
0 14 11 22 33 11 44 44 41 22 33
0 14 11 22 31 31 44 41 41 22 33
0 14 11 23 33 33 44 44 41 23 33
0 11 11 22 33 33 44 44 44 22 32
0 11 11 22 33 33 41 44 41 22 33
0 11 14 33 31 31 44 44 44 22 32
0 11 11 23 31 33 44 44 41 23 33
0 14 11 23 33 33 44 44 41 22 33
0 11 11 22 33 11 44 44 44 22 32
0 11 11 22 33 31 44 44 41 22 33
0 14 44 23 33 11 44 41 11 22 33
0 11 14 23 31 31 41 41 41 22 33
0 11 11 23 31 11 41 41 41 23 33
0 11 11 22 33 31 44 44 44 23 33
0 14 14 22 33 33 44 44 44 22 33
0 11 14 23 31 33 44 41 11 22 32
0 44 14 23 11 33 41 44 41 23 33
0 14 14 23 33 31 44 44 41 23 33
0 11 14 22 33 31 44 44 41 23 33
0 14 11 23 33 31 44 44 41 22 33
0 11 11 23 31 31 44 41 41 22 33
0 11 11 22 33 11 44 44 41 23 33
0 11 14 22 31 31 41 44 41 22 33
0 44 11 22 31 31 44 44 41 22 33
0 14 11 22 31 31 11 41 41 23 32
0 14 11 22 31 33 44 44 44 22 32
0 14 14 23 11 33 44 44 44 23 32
0 44 11 23 31 31 44 41 41 22 33
0 11 11 22 33 31 44 44 41 22 33
0 14 44 22 31 31 44 44 44 22 33
0 14 14 33 31 33 41 41 44 23 33
0 14 14 22 31 31 41 44 41 22 33
0 14 14 22 33 11 41 41 41 22 33
0 14 14 22 33 33 44 44 44 23 33
0 14 14 33 31 31 44 41 44 23 32
0 11 11 22 33 31 44 41 44 22 32
0 14 44 22 31 33 41 41 41 23 33
0 14 44 22 33 33 41 44 44 22 33
0 14 11 22 33 11 44 44 44 23 33
0 44 14 23 11 31 44 41 11 23 33
0 14 14 22 33 33 44 44 11 33 32
0 11 14 22 33 11 44 44 44 23 33
0 14 11 23 33 31 44 44 44 22 33
0 44 14 23 33 31 44 41 11 33 32
0 11 11 23 33 31 41 44 41 22 33
0 11 11 33 33 33 44 44 41 23 33
0 11 11 23 33 33 44 44 44 22 33
0 11 11 22 11 33 44 44 44 22 33
0 11 14 23 31 31 44 41 41 22 33
0 11 44 23 33 11 44 41 44 22 32
0 11 14 22 33 33 44 44 41 23 33
0 11 11 22 31 33 44 44 44 22 33
0 14 14 23 33 31 41 44 41 22 33
0 14 14 23 33 31 44 41 44 22 33
0 14 11 33 31 33 44 41 41 22 33
0 14 14 22 33 31 44 44 44 22 33
0 14 11 33 31 31 44 44 41 23 32
0 11 14 23 33 31 44 44 41 22 33
0 11 44 23 33 33 44 41 44 22 33
0 14 11 22 31 11 44 41 44 23 33
0 11 14 23 33 33 44 41 44 22 22
0 44 11 33 31 33 44 41 11 23 33
0 11 44 22 31 33 41 44 41 22 33
0 11 14 23 31 31 41 44 11 22 33
0 14 14 23 31 31 41 44 44 22 33
0 11 44 23 33 33 44 44 11 22 22
0 11 11 23 31 31 44 44 44 22 33
0 44 14 33 31 33 41 41 44 22 32
0 11 14 23 31 31 44 44 44 22 33
0 11 14 22 11 11 44 44 41 22 33
0 14 44 23 31 31 41 41 41 23 32
0 11 11 23 31 33 44 44 44 22 33
0 11 44 33 31 11 41 44 41 23 22
0 44 14 23 11 31 44 11 11 23 32
0 14 44 23 11 11 44 44 41 23 32
0 11 11 22 33 11 44 44 44 33 33
0 14 14 22 33 31 44 44 44 22 33
0 11 44 22 33 31 44 41 41 23 33
0 14 14 23 31 31 44 44 44 33 33
0 11 14 23 33 31 44 44 44 22 32
0 14 11 23 33 11 44 41 41 22 33
0 14 44 23 11 11 44 44 11 22 32
0 14 14 22 31 11 41 41 44 33 32
0 14 11 23 31 11 41 41 41 33 33
0 14 11 23 11 11 44 41 44 23 33
0 14 14 23 31 31 41 44 41 23 33
0 14 11 22 33 33 44 44 41 23 33
0 14 14 23 33 31 44 44 41 22 32
0 14 11 22 31 31 44 44 44 23 32
0 11 14 22 31 31 44 44 41 22 33
0 14 14 22 11 33 44 41 41 22 33
0 11 14 23 33 33 44 41 41 22 32
0 14 14 23 33 31 41 44 41 23 33
0 11 14 23 31 33 44 44 44 23 33
0 11 14 22 31 31 41 41 44 22 32
0 14 44 23 31 11 44 41 41 23 32
0 14 14 33 31 31 44 44 11 22 33
0 14 11 23 11 31 41 11 11 22 32
0 14 11 23 31 31 44 44 41 23 33
0 14 14 23 33 31 44 41 44 23 33
0 11 14 33 33 33 44 41 41 23 32
0 11 11 22 31 33 41 41 41 22 33
0 14 14 22 31 33 44 41 44 22 32
0 11 11 22 31 33 44 11 41 23 33
0 44 14 23 33 31 44 44 41 22 33
0 14 14 22 33 33 44 41 41 22 33
0 14 44 33 31 33 44 44 11 23 33
0 14 14 23 33 33 44 41 41 22 32
0 11 11 22 33 33 44 44 44 23 33
0 44 11 23 31 31 44 44 11 23 33
0 11 14 22 31 11 44 44 11 23 33
0 14 11 22 31 33 41 11 44 23 32
0 11 11 23 33 33 44 44 44 23 33
0 11 11 22 31 11 44 44 44 22 32
0 14 44 22 31 11 44 44 41 23 32
0 14 14 23 11 31 41 11 41 22 32
0 11 14 33 33 33 44 44 41 23 33
0 14 11 23 31 31 41 41 44 22 32
0 14 14 22 33 33 44 44 11 22 33
0 14 11 33 33 31 44 44 44 22 33
0 14 44 23 31 31 44 11 41 33 33
0 11 14 22 33 31 44 41 41 22 33
0 11 11 23 33 31 41 11 41 23 32
0 14 11 22 33 31 44 41 41 23 33
0 44 44 23 31 11 41 41 41 23 32
0 11 11 22 31 11 44 11 11 22 33
0 14 44 33 33 11 44 11 11 22 32
0 14 11 22 33 31 44 44 41 23 32
0 14 11 22 33 33 44 44 44 23 33
0 14 44 22 31 31 11 41 44 33 32
0 11 11 22 31 33 44 44 44 22 33
0 14 11 23 31 11 41 44 44 23 33
0 14 44 22 33 33 44 44 44 22 33
0 14 11 33 31 11 44 41 11 23 33
0 11 14 23 31 31 44 44 41 23 32
0 14 44 23 33 31 44 41 41 22 32
0 11 44 33 11 31 44 41 44 23 33
0 44 14 23 31 31 44 44 41 22 32
0 11 11 23 11 33 44 44 44 23 33
0 14 11 22 33 31 41 44 44 22 33
0 11 11 23 31 33 44 41 44 22 33
0 11 44 23 31 11 44 44 41 33 32
0 11 44 33 31 31 44 41 11 23 33
0 11 14 23 31 33 44 44 41 22 33
0 14 11 23 11 31 41 41 44 23 33
0 11 11 22 33 31 44 44 44 22 33
0 11 14 22 31 31 44 41 44 33 33
0 11 11 22 33 33 44 44 41 22 33
0 14 11 22 31 31 41 41 41 33 32
0 11 14 23 31 31 44 41 44 22 32
0 14 14 23 31 33 44 41 44 23 32
0 11 14 23 31 31 44 44 41 23 32
0 14 14 23 31 33 44 41 41 22 33
0 14 11 22 31 33 44 41 41 22 32
0 14 14 22 33 33 41 41 41 22 33
0 11 11 22 31 33 44 44 44 22 33
0 44 14 33 11 33 44 44 11 22 33
0 14 14 33 33 31 44 41 41 23 33
0 11 14 33 33 33 41 41 41 23 33
0 11 11 23 33 31 44 44 44 22 32
0 11 14 23 33 31 44 44 44 23 33
0 11 11 22 31 31 44 44 41 23 33
0 11 14 22 31 31 44 44 44 22 33
0 11 11 23 31 33 44 44 44 23 32
0 44 14 23 33 33 44 44 44 22 33
0 11 11 22 33 33 44 44 44 23 33
0 14 11 22 33 31 44 41 44 23 32
0 11 14 22 33 11 44 41 41 22 33
0 14 11 22 11 33 44 44 41 33 32
0 11 14 22 31 31 44 44 44 23 32
0 14 11 23 33 31 44 41 41 22 32
0 14 11 22 33 11 44 44 41 23 33
0 14 14 23 31 31 41 41 44 22 32
0 11 11 22 33 31 44 11 44 22 32
0 11 14 22 33 33 44 44 41 22 32
0 11 14 23 31 31 44 41 41 23 33
0 11 14 23 31 33 44 44 11 22 33
0 11 11 23 33 31 44 44 44 22 33
0 14 14 22 31 33 41 41 41 22 32
0 14 11 23 33 33 44 41 44 33 33
0 14 14 22 31 31 44 44 41 22 33
0 11 14 23 11 33 44 41 11 22 33
0 44 11 33 31 11 44 41 41 23 33
0 11 11 22 33 33 44 44 44 23 33
0 44 14 23 31 33 44 41 41 22 33
0 14 11 22 33 33 44 41 41 22 32
0 14 14 22 11 33 44 44 41 22 32
0 11 11 22 33 11 44 44 41 23 32
0 14 11 22 33 31 44 44 41 23 32
0 14 11 22 31 31 44 44 44 23 32
0 11 11 23 33 33 44 44 44 23 33
0 11 11 23 31 11 41 44 44 22 32
0 44 44 22 33 11 44 44 41 22 33
0 14 11 22 33 33 44 44 44 22 33
0 11 11 22 31 31 44 44 44 22 32
0 14 14 23 33 31 41 41 41 22 33
0 14 11 22 31 31 44 41 41 23 32
0 14 11 33 31 31 41 44 44 23 33
0 14 14 23 31 33 44 44 41 22 32
0 11 11 23 31 31 41 44 41 23 33
0 11 11 22 31 33 44 44 41 22 33
0 44 14 22 11 31 44 44 11 23 33
0 44 11 23 33 11 41 44 44 22 33
0 11 14 23 31 33 41 44 11 22 33
0 11 11 23 31 31 44 44 44 22 33
0 44 11 23 31 33 41 41 44 23 32
0 14 11 22 33 11 41 11 41 23 32
0 14 14 22 33 33 44 44 11 23 33
0 14 11 23 31 33 44 44 41 22 33
0 14 11 23 31 31 44 44 41 22 22
0 11 14 23 33 11 41 44 41 22 33
0 44 44 23 11 11 41 44 41 33 33
0 14 11 22 33 31 41 44 41 23 33
0 11 11 22 31 33 44 44 41 23 33
0 14 11 22 33 33 44 11 44 22 33
0 14 14 22 33 31 44 44 41 22 32
0 14 14 22 33 31 44 44 41 22 22
0 11 11 33 31 31 44 41 44 33 33
0 11 11 23 31 31 44 41 41 23 32
0 11 14 22 11 33 44 11 41 22 32
0 14 11 23 33 31 44 44 11 22 32
0 11 11 22 33 31 44 44 44 22 33
0 14 11 23 33 33 44 41 44 22 33
0 14 14 23 31 31 11 41 41 23 33
0 11 11 22 33 33 44 44 41 22 33
0 14 11 22 31 31 44 44 41 22 33
0 14 14 23 33 33 44 41 44 22 33
0 14 11 33 31 11 44 41 41 23 32
0 11 11 22 33 33 44 44 41 22 33
0 14 11 22 33 11 44 44 41 23 32
0 14 11 23 33 31 44 44 44 23 33
0 14 14 22 33 11 44 44 41 22 33
0 14 14 22 11 31 44 44 41 22 33
0 44 14 23 31 33 41 11 41 23 32
0 11 14 23 11 31 41 11 41 23 32
0 14 14 23 11 31 44 41 41 23 33
0 14 14 22 31 33 44 44 41 22 33
0 44 11 22 31 31 44 44 41 22 33
0 44 11 23 33 31 44 44 44 22 33
0 14 14 22 33 31 44 44 41 22 33
0 11 11 22 33 11 44 44 44 23 33
0 14 44 23 11 33 41 44 41 23 32
0 14 14 22 33 33 44 44 41 22 33
0 11 11 22 31 33 44 44 44 23 33
0 11 11 33 33 31 44 44 44 23 33
0 11 11 22 33 33 44 44 44 23 33
0 14 11 22 33 31 44 41 41 22 33
0 14 11 22 33 31 44 44 44 23 32
0 14 11 22 33 33 44 44 41 22 33
0 14 11 23 31 11 44 44 41 23 33
0 14 14 23 33 31 44 41 41 23 32
0 14 14 23 33 31 41 41 11 22 32
0 11 14 33 31 33 44 44 44 23 33
0 44 14 23 31 31 44 41 41 22 33
0 11 14 22 31 31 41 41 11 22 33
0 11 14 22 31 31 44 44 44 23 33
0 14 14 33 31 33 44 44 44 22 32
0 14 11 23 31 31 44 44 44 22 32
0 11 11 23 31 11 44 41 41 22 33
0 14 14 23 33 31 44 41 41 23 33
0 11 11 23 31 11 44 44 44 22 33
0 11 11 22 33 31 44 44 41 22 33
0 14 14 23 31 11 44 44 41 22 33
0 11 14 22 31 31 44 44 11 22 33
0 11 14 33 33 33 44 44 44 23 33
0 11 14 23 33 11 44 44 44 23 33
0 11 14 23 33 31 44 44 44 22 33
0 14 11 33 11 33 44 41 41 22 32
0 14 11 33 31 31 44 41 41 22 33
0 14 11 22 31 31 44 41 44 23 32
0 11 14 22 31 33 44 41 44 22 33
0 11 11 22 31 31 41 44 41 22 32
0 11 14 22 33 33 44 44 41 23 33
0 14 11 22 33 31 44 41 44 22 32
0 11 14 23 11 31 44 41 41 23 32
0 11 14 22 11 31 44 41 44 23 33
0 11 14 22 31 33 41 44 44 22 32
0 11 11 23 31 33 44 44 41 22 33
0 11 11 22 11 31 44 44 41 22 33
0 11 14 23 31 31 44 44 41 23 33
0 14 11 22 33 31 44 41 44 22 32
0 11 11 22 33 33 44 44 44 23 33
0 11 11 22 31 31 41 41 41 23 33
0 14 11 23 11 31 44 41 11 23 33
0 11 14 23 11 33 41 41 44 22 33
0 14 14 22 31 33 44 44 44 23 33
0 14 14 33 31 31 44 44 11 22 33
0 14 14 23 33 31 44 44 41 23 33
0 14 11 22 31 33 44 44 44 23 33
0 11 14 22 33 11 44 44 41 33 33
0 14 11 33 31 33 44 41 44 23 33
0 11 11 23 31 33 44 11 41 22 33
0 11 14 22 33 33 44 44 44 23 33
0 11 14 23 31 33 44 44 44 22 33
0 11 11 22 33 31 44 44 44 22 33
0 14 14 23 31 31 41 41 44 22 33
0 44 14 23 31 31 41 44 41 23 33
0 14 11 33 33 11 44 41 11 33 33
0 11 44 23 33 33 44 44 44 22 33
0 11 11 33 31 31 44 44 44 22 33
0 14 11 23 31 33 44 11 44 23 33
0 14 11 23 31 31 41 44 44 22 33
0 44 14 23 31 11 44 11 41 33 33
0 14 14 33 31 33 44 41 41 22 33
0 14 11 23 31 33 44 44 44 22 32
0 11 11 33 11 31 44 41 41 23 32
0 14 14 33 33 31 44 41 41 23 32
0 14 14 23 33 31 44 44 44 23 33
0 11 14 22 33 31 44 44 44 23 33
0 11 11 33 33 11 44 44 41 22 32
0 14 14 22 31 11 44 44 11 22 33
0 14 11 23 33 33 44 44 41 23 32
0 11 11 22 31 31 44 44 44 22 33
0 14 11 33 33 31 11 41 41 22 33
0 44 11 23 31 31 44 44 41 22 32
0 44 11 23 33 11 44 41 44 23 33
0 44 14 22 33 33 44 44 11 23 32
0 14 11 23 33 31 41 44 44 23 33
0 14 11 23 33 33 44 44 44 22 22
0 14 11 22 33 33 44 44 41 23 33
0 14 14 22 33 31 44 41 41 22 33
0 44 14 22 31 33 44 41 11 22 33
0 44 11 22 33 33 44 41 41 23 33
0 14 14 22 31 31 44 44 41 23 33
0 44 11 23 11 31 44 44 44 23 33
0 11 14 22 31 11 44 44 41 22 32
0 11 14 22 33 31 44 44 44 23 22
0 11 14 23 33 33 44 41 41 22 33
0 11 14 22 33 11 44 44 41 22 32
0 11 11 23 31 31 41 44 44 22 33
0 14 14 23 33 11 11 41 41 33 32
0 11 14 22 31 33 44 44 41 22 33
0 14 11 22 31 31 44 11 11 22 32
0 14 11 22 33 31 44 44 44 22 32
0 14 11 33 31 33 41 41 41 22 33
0 14 14 22 31 11 44 44 44 22 33
0 11 11 22 33 31 44 44 44 23 33
0 14 14 22 33 31 44 41 44 23 33
0 11 44 22 31 33 41 41 44 22 33
0 44 44 22 31 31 44 41 41 33 33
0 11 11 22 31 11 44 41 44 23 33
0 14 11 23 11 33 44 41 41 22 33
0 44 11 23 31 31 44 44 41 22 33
0 11 14 22 31 33 41 44 44 22 33
0 11 11 22 31 11 44 44 44 22 32
0 11 14 23 33 31 44 41 44 22 32
0 11 14 22 33 31 44 44 41 22 33
0 11 11 22 33 11 44 44 44 22 33
0 44 44 22 31 33 44 44 41 23 33
0 11 11 22 33 31 44 44 44 22 33
0 11 14 22 11 31 44 41 44 23 33
0 44 14 23 31 33 44 41 44 22 33
0 14 14 23 31 31 41 41 11 33 33
0 11 14 22 33 31 44 41 41 22 33
0 14 11 23 11 31 44 44 11 23 32
0 11 11 22 31 31 44 44 41 22 32
0 11 14 23 31 31 44 44 44 22 33
0 44 14 22 11 11 44 41 41 22 32
0 14 14 23 31 33 44 41 41 23 32
0 14 14 23 31 31 41 41 41 23 32
0 11 11 23 33 33 44 44 44 22 33
0 14 14 23 31 11 44 44 41 22 33
0 11 11 22 31 11 44 44 41 22 33
0 11 14 22 31 31 44 44 41 22 33
0 11 14 22 31 11 44 41 41 23 32
0 11 14 23 31 31 44 41 44 22 33
0 11 14 23 11 31 44 44 41 22 33
0 11 14 22 33 11 44 44 44 23 32
0 11 14 33 31 11 44 44 41 22 33
0 11 14 22 31 11 41 44 41 22 32
0 14 14 22 31 33 44 44 44 23 32
0 14 11 23 33 31 44 11 41 22 22
0 11 11 22 31 31 44 41 41 33 33
0 14 14 22 33 31 44 44 41 22 33
0 14 14 23 31 33 44 41 41 22 33
0 11 11 22 33 31 44 41 41 22 32
0 44 44 22 31 33 44 44 11 22 33
0 14 44 22 31 33 41 41 41 23 33
0 11 11 22 31 31 44 44 41 23 33
0 11 11 23 33 33 41 44 41 22 32
0 11 11 23 33 33 44 44 44 22 33
0 14 11 22 11 33 44 44 44 22 33
0 44 11 22 33 33 44 41 41 22 33
0 11 11 23 31 31 44 44 44 23 33
0 11 14 23 33 11 44 44 44 22 32
0 44 11 22 33 31 44 41 44 22 32
0 14 44 23 31 33 44 41 41 22 33
0 11 14 23 33 31 44 44 41 22 32
0 11 11 23 33 31 44 41 44 22 33
1 14 11 23 33 31 44 44 44 22 33
1 14 11 22 33 31 44 44 44 23 33
1 11 14 23 33 33 44 44 41 23 33
1 44 11 22 31 31 41 41 11 33 33
1 11 14 22 33 33 44 44 44 22 32
1 14 14 23 31 11 44 44 44 33 32
1 14 14 22 31 31 44 44 41 23 33
1 14 14 23 33 31 41 44 44 23 33
1 14 11 33 33 31 44 41 41 23 33
1 11 14 22 33 33 44 44 44 22 33
1 14 14 22 31 33 44 44 44 22 33
1 14 14 23 33 31 44 44 41 23 32
1 14 14 23 33 31 44 44 41 22 32
1 44 14 23 33 31 41 44 41 22 33
1 14 14 23 31 33 44 44 44 22 33
1 11 14 23 31 31 41 41 41 33 33
1 14 44 22 11 11 44 41 44 22 32
1 14 11 33 11 33 41 44 11 23 32
1 11 14 33 33 11 41 41 41 33 32
1 14 11 23 31 33 44 44 44 22 33
1 14 14 23 33 31 44 44 41 23 32
1 11 11 23 33 31 41 41 41 22 33
1 11 11 23 33 33 44 44 41 22 33
1 14 14 23 33 31 44 44 44 22 32
1 11 11 22 33 31 44 44 44 22 32
1 14 44 23 33 11 44 41 41 22 33
1 11 14 22 33 33 44 44 44 22 33
1 44 11 23 33 11 44 11 44 22 33
1 11 14 23 33 31 44 44 11 22 33
1 11 11 22 31 33 41 44 41 22 33
1 14 11 23 31 11 44 11 41 23 32
1 14 14 23 33 11 44 41 41 23 33
1 14 11 22 33 31 44 44 44 33 33
1 11 14 22 33 31 41 44 44 23 33
1 14 14 23 33 33 41 44 44 22 33
1 14 14 23 33 31 44 41 41 22 33
1 14 14 23 31 11 44 41 41 23 22
1 11 11 22 31 33 44 44 44 22 33
1 14 14 23 31 31 44 41 41 22 33
1 11 11 23 33 31 44 44 44 22 33
1 14 11 22 31 33 44 41 44 23 33
1 11 11 22 33 31 44 44 44 22 33
1 11 11 23 31 31 41 11 11 22 33
1 44 11 33 31 11 44 41 41 23 33
1 14 14 23 31 31 44 41 44 22 33
1 11 11 22 33 33 44 44 44 23 33
1 11 11 22 11 31 44 44 41 23 33
1 14 11 23 33 33 44 44 41 22 33
1 14 14 23 31 33 44 11 41 22 33
1 11 11 23 31 31 44 41 41 23 32
1 11 11 22 31 33 44 44 41 23 33
1 11 11 23 33 11 44 41 41 23 33
1 14 14 23 33 31 44 41 41 22 32
1 11 11 22 31 31 41 41 11 23 32
1 11 14 22 33 31 44 44 41 22 33
1 14 11 22 33 31 44 44 41 22 33
1 14 14 22 33 31 44 44 41 23 33
1 11 14 22 33 31 44 44 11 23 32
1 11 11 22 33 31 44 44 11 23 33
1 11 11 23 33 33 44 44 44 22 33
1 44 14 23 31 31 44 44 44 22 33
1 44 14 23 31 31 41 11 44 23 32
1 11 14 22 33 31 44 41 41 23 32
1 11 11 23 33 31 44 44 41 22 33
1 11 11 22 31 33 44 44 11 23 33
1 11 11 22 31 31 44 41 44 33 32
1 11 11 22 31 31 44 44 44 22 33
1 14 44 23 31 31 44 44 44 22 33
1 11 11 22 33 33 44 44 44 22 33
1 14 11 23 33 33 41 44 44 22 33
1 11 11 33 31 11 41 41 41 23 32
1 11 11 22 33 33 44 44 44 23 33
1 11 14 23 31 11 44 41 44 23 33
1 11 44 22 11 11 41 41 41 22 33
1 11 11 33 33 33 44 44 44 22 33
1 14 14 33 11 31 41 41 41 22 33
1 14 11 23 33 31 41 44 41 23 32
1 14 11 22 33 33 44 44 41 23 33
1 14 11 23 31 31 44 44 44 22 33
1 11 11 22 33 33 44 41 41 22 33
1 14 11 22 33 33 44 44 44 22 33
1 14 14 33 31 33 44 41 44 22 33
1 11 14 23 33 31 41 44 41 23 33
1 14 11 22 33 33 44 44 44 23 33
1 14 44 22 31 33 44 41 44 33 33
1 11 11 22 31 31 44 44 41 22 33
1 14 14 23 31 31 41 44 44 22 22
1 14 11 23 33 33 44 44 41 22 33
1 11 11 23 33 33 44 44 44 22 33
1 11 14 22 31 31 44 44 44 22 33
1 11 11 22 33 33 44 44 44 22 33
1 14 14 23 33 33 44 44 41 23 33
1 44 14 23 31 31 44 44 41 22 32
1 11 11 22 33 33 44 41 44 22 33
1 11 14 23 31 33 44 44 44 22 33
1 14 11 33 31 31 44 44 41 22 32
1 44 14 23 33 31 41 44 11 22 33
1 11 14 22 31 11 44 41 41 22 33
1 44 11 23 33 33 44 11 41 22 32
1 14 14 22 31 33 44 44 41 23 33
1 11 14 23 33 11 44 41 44 22 33
1 11 44 23 33 33 44 44 44 22 33
1 11 11 22 33 31 41 44 44 33 32
1 11 14 23 31 11 44 11 41 22 33
1 11 11 23 33 11 41 41 11 22 33
1 14 14 33 33 33 41 41 44 23 33
1 11 44 23 33 11 41 44 41 23 32
1 44 44 23 33 31 41 44 44 23 32
1 11 14 23 33 33 44 44 44 22 33
1 14 14 22 11 11 41 11 41 23 32
1 14 11 22 33 31 44 41 44 22 32
1 11 14 23 31 31 44 44 11 22 32
1 11 14 23 31 33 44 44 44 22 33
1 11 14 23 31 31 44 44 41 23 33
1 14 11 22 33 31 44 44 41 23 33
1 11 14 23 33 11 44 11 11 22 33
1 14 11 22 11 33 44 44 44 22 32
1 11 11 22 33 31 44 41 44 33 32
1 14 14 33 33 33 44 44 44 22 33
1 14 11 23 33 11 44 41 44 23 33
1 14 14 22 31 31 44 41 41 23 32
1 11 14 22 31 33 41 44 44 22 32
1 14 11 23 11 11 44 41 44 22 33
1 11 14 23 31 11 44 44 11 22 33
1 11 11 22 33 33 44 44 44 22 33
1 14 14 22 31 31 11 44 11 22 33
1 14 14 23 31 11 11 44 11 22 22
1 11 14 33 11 31 44 41 11 22 33
1 14 14 23 33 31 44 44 44 23 33
1 14 44 22 33 11 44 41 41 23 33
1 14 14 23 31 31 44 41 41 23 33
1 11 14 22 31 33 44 44 41 22 32
1 11 14 23 33 31 44 44 11 22 32
1 11 11 22 33 33 44 44 44 22 33
1 11 11 22 33 33 44 44 44 23 33
1 14 11 23 31 11 44 41 11 22 33
1 14 11 23 33 11 44 44 44 22 33
1 14 14 22 31 31 44 44 44 33 32
1 44 11 23 11 11 44 44 44 22 33
1 14 14 23 31 33 44 44 41 22 32
1 14 11 22 31 31 44 44 44 22 32
1 11 14 22 31 33 44 11 41 33 33
1 14 11 22 11 31 44 41 41 23 33
1 14 14 22 31 31 44 44 44 22 33
1 44 44 33 31 31 41 41 41 23 32
1 11 11 23 31 31 44 44 44 22 33
1 11 11 23 31 33 44 44 41 22 33
1 11 11 23 31 33 44 44 44 33 33
1 11 11 23 33 33 44 44 41 22 33
1 14 11 22 31 33 44 44 41 22 32
1 14 11 22 33 31 44 41 44 22 32
1 14 44 23 33 31 44 44 41 22 33
1 11 11 23 33 31 44 44 41 23 33
1 11 14 23 33 33 41 44 44 22 33
1 11 11 23 33 31 44 44 44 22 33
1 11 14 22 31 31 44 41 41 22 33
1 14 14 23 33 31 11 41 41 22 33
1 44 11 33 31 31 41 44 41 22 33
1 11 14 33 31 31 44 44 41 22 33
1 11 11 22 33 31 44 44 41 23 33
1 14 11 22 31 33 44 41 11 22 32
1 11 11 22 33 31 44 44 44 22 33
1 14 11 23 31 31 44 44 44 23 33
1 11 14 22 33 31 41 44 41 33 33
1 11 11 22 33 31 44 44 44 22 32
1 14 11 33 31 11 44 11 41 23 32
1 14 44 33 31 11 41 41 44 22 32
1 44 11 22 11 33 44 41 41 33 33
1 14 44 23 31 31 44 41 11 23 32
1 14 11 33 31 11 41 41 41 23 33
1 11 14 23 31 31 41 44 44 23 33
1 11 14 23 31 33 44 44 44 23 32
1 14 11 33 33 33 44 44 44 23 33
1 14 11 23 33 31 44 41 44 23 33
1 11 11 22 33 31 44 41 44 23 33
1 11 14 23 31 11 41 41 11 23 32
1 11 11 23 31 31 41 44 41 22 33
1 11 14 22 31 33 44 41 44 22 33
1 44 44 23 31 31 11 41 44 33 32
1 14 14 33 31 31 44 44 41 33 32
1 44 11 33 31 31 41 41 41 22 32
1 11 14 23 33 31 44 44 44 22 32
1 14 14 23 31 31 44 11 41 23 32
1 11 11 22 31 31 44 11 44 22 33
1 11 14 23 31 31 41 41 41 23 32
1 14 11 23 31 31 44 11 41 23 33
1 14 14 23 11 33 44 44 11 22 33
1 14 14 23 33 33 44 44 41 23 32
1 11 11 22 33 33 44 44 41 22 33
1 14 14 23 31 31 44 44 44 23 33
1 14 14 33 31 33 44 44 41 22 33
1 44 44 22 33 31 44 11 41 22 22
1 14 11 23 33 31 44 44 41 23 33
1 11 11 23 33 33 44 41 44 22 33
1 14 11 23 33 31 44 41 41 22 33
1 14 14 23 31 31 44 44 44 22 33
1 44 14 33 31 11 44 41 41 22 32
1 14 11 22 31 33 44 44 41 22 33
1 14 11 22 33 33 44 44 44 22 33
1 11 11 22 33 31 41 44 44 22 32
1 14 11 22 33 31 44 41 44 22 33
1 11 14 23 11 31 44 41 41 23 33
1 14 14 22 33 31 44 44 44 22 33
1 11 11 22 31 31 44 41 44 23 33
1 44 14 23 31 31 41 41 41 23 22
1 14 11 22 31 31 41 41 41 22 32
1 11 11 23 31 31 41 44 41 23 32
1 11 11 22 33 33 41 44 44 22 33
1 11 11 23 31 11 41 41 44 23 33
1 11 44 23 11 31 41 41 41 22 33
1 14 14 22 33 11 44 41 41 22 22
1 44 11 22 33 11 44 41 44 33 33
1 11 11 22 31 31 44 44 41 22 33
1 14 11 22 31 33 44 41 44 22 33
1 11 14 22 11 31 11 41 44 22 33
1 11 14 23 33 31 44 44 44 22 32
1 14 14 33 33 31 44 44 44 22 33
1 14 14 22 11 31 44 41 44 23 33
1 11 14 22 31 33 44 44 41 22 33
1 14 14 23 33 31 44 44 11 22 33
1 11 11 22 31 33 44 41 44 22 33
1 11 11 22 31 33 44 44 44 23 33
1 11 11 33 33 31 44 44 44 22 32
1 14 14 33 11 11 44 41 41 23 32
1 14 14 22 33 31 44 44 41 23 32
1 14 14 23 31 11 41 11 44 23 33
1 11 11 23 33 11 44 44 41 23 33
1 14 11 23 33 31 44 44 44 22 33
1 44 11 23 31 33 44 44 41 33 33
1 14 14 23 31 31 44 44 44 23 33
1 44 44 22 33 31 44 44 44 22 32
1 44 11 23 33 33 44 41 11 22 33
1 14 11 23 33 11 44 44 41 23 33
1 11 14 33 11 33 44 11 11 22 33
1 11 11 23 33 31 44 11 41 22 33
1 11 44 23 33 31 44 11 44 22 33
1 11 14 22 31 31 44 44 44 22 33
1 11 44 33 33 11 44 44 41 22 32
1 14 11 22 31 33 41 44 44 22 33
1 11 11 23 31 33 44 41 44 22 32
1 11 44 23 33 31 44 44 44 22 32
1 11 14 22 33 31 44 11 41 22 32
1 11 14 22 33 31 44 44 41 22 32
1 11 44 33 11 33 44 44 44 22 32
1 14 11 22 33 11 44 11 41 23 33
1 11 11 33 33 11 41 44 44 23 32
1 14 14 22 31 31 44 41 41 22 33
1 11 44 23 31 33 44 41 44 22 33
1 11 14 33 31 31 44 44 11 22 32
1 11 11 23 31 31 44 44 44 22 33
1 11 11 22 33 11 41 41 41 23 22
1 44 11 23 33 31 44 41 41 33 33
1 14 11 22 31 33 44 44 44 22 33
1 14 11 23 31 31 41 44 41 22 33
1 14 44 23 33 11 41 44 11 33 33
1 11 11 22 33 31 44 44 41 22 33
1 44 44 23 31 11 44 41 11 23 22
1 14 14 22 31 31 44 11 41 23 32
1 14 14 23 33 11 41 41 41 23 33
1 14 44 23 11 31 44 41 11 23 32
1 11 11 22 31 31 44 44 44 23 33
1 11 44 33 33 31 11 41 41 22 32
1 14 11 22 33 31 44 44 41 22 33
1 11 44 23 33 31 44 44 41 22 33
1 44 11 22 11 33 44 41 44 22 33
1 11 11 22 31 11 44 41 44 22 32
1 11 11 22 33 31 44 44 41 22 33
1 14 11 22 31 33 44 44 11 23 33
1 14 11 22 31 31 44 44 11 23 33
1 14 11 23 31 31 41 44 41 23 32
1 11 44 23 11 33 44 41 41 23 33
1 14 44 23 33 11 41 41 41 22 32
1 11 14 23 31 33 44 44 44 22 33
1 11 14 22 11 31 44 44 41 23 33
1 14 11 33 33 31 44 44 41 23 32
1 14 14 23 31 33 44 44 41 22 32
1 11 11 23 31 33 44 44 44 23 22
1 14 14 22 11 31 44 44 41 23 33
1 44 14 33 31 31 41 11 41 23 33
1 11 11 33 31 31 44 44 41 23 33
1 11 11 22 33 31 44 44 44 22 33
1 11 11 22 33 33 44 41 41 23 33
1 11 11 22 33 33 44 41 44 22 33
1 14 11 23 33 31 44 44 41 22 33
1 14 44 23 31 31 44 44 41 23 33
1 14 14 23 33 33 44 44 11 33 33
1 11 11 23 11 33 44 41 44 23 33
1 11 14 23 31 33 41 41 41 23 33
1 11 11 23 33 11 44 44 44 22 33
1 11 11 23 31 31 41 41 41 22 33
1 14 14 33 33 31 44 41 11 23 32
1 11 11 23 33 31 44 44 44 33 33
1 11 14 22 31 33 44 44 41 22 32
1 14 14 23 31 33 44 11 11 23 32
1 11 11 33 33 31 41 44 44 22 33
1 14 14 23 11 11 44 44 44 22 32
1 11 14 22 31 31 44 41 44 23 33
1 44 14 23 33 31 11 41 11 22 32
1 14 11 22 31 33 44 41 44 22 33
1 14 44 23 31 31 41 41 44 23 32
1 11 11 23 33 33 44 41 41 23 33
1 14 11 23 33 33 41 44 41 22 33
1 11 11 23 33 11 44 11 41 22 33
1 14 14 23 11 31 44 11 41 22 33
1 11 11 22 33 33 44 44 44 22 32
1 14 44 23 33 31 44 41 41 23 33
1 14 14 22 31 31 44 11 41 23 33
1 14 11 22 33 33 41 44 44 22 33
1 11 14 22 33 33 41 41 41 23 33
1 11 11 23 31 33 44 41 41 22 33
1 14 14 22 31 33 44 44 41 22 32
1 44 14 23 31 31 44 44 41 22 32
1 11 11 22 33 33 44 44 44 22 33
1 14 44 23 31 31 44 41 41 22 32
1 11 11 22 33 33 44 41 44 22 33
1 11 11 22 33 31 44 44 44 22 33
1 14 44 22 33 11 44 41 11 23 32
1 11 11 22 31 31 44 44 44 22 33
1 14 14 33 11 31 41 41 41 33 22
1 14 11 23 31 31 44 44 41 22 33
1 14 14 23 33 31 44 41 41 22 33
1 14 11 23 33 31 44 44 41 22 32
1 11 11 23 33 11 11 44 44 23 33
1 11 14 22 31 33 44 44 41 22 33
1 11 14 23 31 33 41 44 44 23 32
1 14 11 22 33 33 44 44 41 22 32
1 14 11 22 31 33 44 44 44 23 33
1 11 14 22 31 31 41 44 11 22 33
1 11 11 22 11 33 44 44 44 22 33
1 11 44 23 33 11 44 44 44 22 33
1 14 44 23 31 11 41 41 11 33 22
1 11 11 22 31 33 44 41 41 22 32
1 14 14 23 33 33 44 44 41 22 32
1 11 11 22 31 31 44 41 44 22 32
1 44 11 22 33 33 44 41 41 23 33
1 11 11 23 31 33 44 44 11 22 22
1 11 14 23 33 33 41 41 11 23 33
1 14 14 22 33 33 41 41 41 23 33
1 11 14 23 31 31 44 44 41 23 33
1 11 14 22 11 31 44 44 44 33 33
1 11 14 22 33 33 44 44 41 22 33
1 14 11 23 31 31 41 41 11 23 32
1 14 11 22 33 11 41 41 44 22 32
1 14 11 23 31 31 41 44 41 22 33
1 14 14 22 33 33 44 41 41 22 33
1 14 14 22 31 11 44 44 44 23 33
1 11 11 23 33 11 44 44 41 22 33
1 11 11 23 33 31 44 44 41 22 33
1 11 14 23 31 31 41 41 44 22 33
1 11 14 33 31 11 41 44 41 23 32
1 11 11 23 31 33 44 41 44 22 33
1 11 44 23 11 33 44 44 44 23 33
1 14 11 33 31 33 41 41 41 23 33
1 14 14 23 11 33 41 44 44 23 33
1 11 44 23 33 33 44 44 41 22 33
1 14 11 23 33 33 41 44 44 23 32
1 14 11 33 33 33 44 44 41 22 33
1 11 14 22 33 33 41 41 41 23 33
1 14 44 22 31 31 41 11 41 33 32
1 14 11 23 31 31 44 41 41 23 32
1 11 14 23 31 31 44 44 41 23 33
1 14 11 33 11 11 44 41 41 22 33
1 11 11 22 31 31 44 44 44 22 33
1 11 44 23 31 33 44 41 44 22 33
1 14 14 23 31 31 41 41 44 23 33
1 14 11 23 31 11 44 11 41 22 33
1 11 11 23 31 11 41 41 41 23 33
1 11 11 23 33 31 44 44 44 23 33
1 14 11 23 33 33 44 44 44 22 33
1 14 11 23 31 31 44 41 44 23 33
1 14 11 22 31 33 44 41 41 22 33
1 11 11 33 31 31 44 41 41 33 32
1 14 11 23 33 33 44 44 44 22 33
1 14 44 23 31 11 44 11 11 23 32
1 14 14 23 33 33 44 41 41 22 33
1 14 11 33 33 11 41 44 44 23 33
1 11 11 22 33 33 44 44 44 22 33
1 14 44 22 31 11 44 44 41 23 33
1 11 14 22 33 33 44 44 41 22 33
1 11 11 33 33 31 44 41 41 23 33
1 11 11 23 31 33 44 44 44 22 33
1 11 14 22 31 31 44 41 41 22 32
1 14 11 22 33 33 44 44 44 23 33
1 14 14 23 33 33 44 41 44 23 33
1 14 14 23 33 31 44 44 44 23 33
1 14 14 23 33 31 44 41 11 33 32
1 14 11 22 31 31 41 44 41 23 32
1 11 14 22 11 33 44 44 11 23 33
1 44 14 22 33 11 41 41 44 33 33
1 14 14 22 31 31 44 41 44 23 33
1 14 11 22 31 11 41 41 41 22 33
1 11 11 23 31 33 44 44 44 22 33
1 14 11 23 33 31 44 11 41 23 33
1 14 44 23 11 31 44 11 41 33 32
1 11 11 22 31 31 44 44 44 22 33
1 14 14 33 33 11 44 41 44 23 33
1 11 11 23 11 33 44 44 41 22 33
1 14 11 23 31 33 41 44 41 23 32
1 11 11 23 31 31 41 41 41 22 33
1 14 11 23 31 31 44 44 41 23 33
1 14 14 23 33 33 44 41 44 22 33
1 44 14 23 33 31 44 44 44 23 33
1 14 11 22 31 33 44 44 41 22 33
1 14 44 23 11 33 44 44 44 22 33
1 11 14 22 31 33 41 41 11 33 32
1 14 14 23 11 33 44 11 44 23 32
1 14 11 23 31 31 44 44 44 23 33
1 44 11 23 11 11 41 41 11 33 33
1 44 14 22 31 11 44 44 41 22 22
1 14 44 23 31 11 44 41 41 22 32
1 44 44 33 31 31 44 44 41 23 33
1 14 14 22 31 33 41 11 44 22 33
1 14 11 23 31 11 44 44 44 23 32
1 14 11 22 31 33 44 44 41 22 33
1 11 11 22 33 33 44 41 44 22 33
1 14 11 23 31 11 44 44 44 23 33
1 14 14 33 11 31 11 41 11 23 32
1 11 11 22 33 33 44 44 41 23 32
1 11 11 23 31 31 44 41 44 22 33
1 14 11 22 31 33 44 44 44 23 33
1 11 11 23 31 33 41 44 44 23 33
1 44 14 33 31 31 44 41 11 23 32
1 11 11 23 31 31 41 44 44 23 33
1 14 14 22 31 33 44 44 41 22 33
1 14 14 22 31 11 44 44 11 22 33
1 44 11 22 33 33 44 41 41 22 33
1 44 44 22 31 11 44 41 44 23 32
1 14 11 23 33 11 44 44 41 23 33
1 14 44 23 31 31 44 11 44 23 33
1 14 14 22 31 33 44 44 44 22 33
1 14 11 22 31 33 44 44 11 22 33
1 11 11 23 33 33 44 44 44 22 33
1 11 11 22 33 33 11 44 44 22 33
1 11 11 33 31 31 44 41 41 22 33
1 14 11 23 33 31 44 44 44 23 32
1 14 14 23 33 31 41 44 44 23 33
1 14 14 22 31 11 44 41 44 22 33
1 14 14 23 33 31 44 44 44 22 33
1 14 14 23 33 31 44 41 11 23 33
1 11 14 22 31 33 44 44 44 23 33
1 14 11 22 11 31 44 41 41 22 33
1 14 11 22 31 11 44 41 44 22 33
1 11 14 23 31 31 44 41 41 23 33
1 11 14 23 33 33 44 44 41 22 33
1 44 14 22 33 33 44 44 44 23 32
1 11 11 23 33 11 44 44 11 23 33
1 14 11 23 33 31 44 44 41 22 33
1 11 14 23 31 31 44 41 11 22 32
1 14 11 23 31 11 44 44 44 23 32
1 11 14 23 33 33 44 44 41 22 32
1 11 11 23 33 33 44 44 41 23 33
1 14 11 33 31 11 41 44 44 23 33
1 14 14 23 31 11 44 44 41 23 32
1 11 14 23 33 33 44 44 44 22 33
1 14 11 22 33 31 41 44 44 22 33
1 11 14 23 33 33 44 44 41 22 33
1 44 11 33 31 31 44 44 44 23 22
1 14 14 23 31 31 44 44 44 23 32
1 14 14 23 33 11 44 41 41 22 32
1 11 14 23 33 11 44 41 41 23 32
1 44 11 22 11 33 44 44 41 23 33
1 11 11 23 31 31 44 44 41 23 33
1 11 11 22 31 11 44 41 11 23 32
1 14 14 23 31 31 41 41 41 23 33
1 11 14 23 33 11 44 44 41 23 33
1 11 11 23 31 33 44 44 44 33 33
1 11 11 22 33 31 44 44 41 22 33
1 11 14 23 31 31 44 44 44 23 33
1 11 11 23 33 33 44 41 44 23 33
1 14 14 33 33 31 41 41 11 23 22
1 14 44 33 31 31 44 44 44 23 32
1 14 11 23 31 33 44 44 44 22 33
1 14 14 23 31 31 44 41 44 22 33
1 11 44 22 31 33 44 44 41 23 33
1 11 14 23 33 31 44 41 41 23 32
1 14 11 22 33 11 44 41 44 22 33
1 14 14 23 31 31 44 41 44 22 33
1 14 14 33 31 31 44 41 41 23 33
1 11 14 22 31 31 44 41 41 22 33
1 14 14 22 31 33 44 44 41 23 33
1 14 11 23 31 31 44 41 44 33 32
1 14 14 23 31 31 44 41 41 23 22
1 14 14 22 33 33 44 44 44 22 33
1 44 11 22 33 31 44 44 41 22 33
1 14 14 22 33 11 44 11 44 23 32
1 14 14 33 33 31 44 41 44 23 33
1 44 14 23 31 31 44 41 41 22 33
1 11 11 33 31 31 44 41 44 23 33
1 11 14 22 31 33 44 41 41 22 33
1 14 14 22 33 33 44 41 11 22 33
1 11 44 22 31 31 44 44 44 22 32
1 11 14 23 33 33 44 41 11 22 33
1 11 11 23 33 11 41 44 41 22 33
1 11 11 22 33 33 44 41 44 22 32
1 14 11 23 33 31 44 44 41 22 22
1 14 11 23 31 31 44 41 41 22 33
1 11 44 22 33 31 44 44 41 23 22
1 11 14 22 31 31 44 11 41 23 32
1 14 44 33 31 33 44 44 41 22 33
1 11 14 23 31 31 44 41 41 22 33
