 rs3748759 rs1999967 rs3748757 rs16862578 rs952790 rs870482 rs1009806 rs6694521 rs2066002 rs7519084 rs3762396 rs4912051 rs11588032 rs10799734 rs841374 rs12122656 rs12062540 rs12758524 rs10158374 rs10158092 rs17393888 rs12130051 rs710870 rs2073105 rs710875 rs12565770 rs709681 rs709682
0 11 22 44 22 44 33 33 11 44 22 33 11 44 33 33 14 11 22 22 33 31 33 33 11 22 41 22 44
0 14 22 41 33 44 32 33 11 44 23 32 14 44 32 32 14 14 23 23 31 31 33 32 14 33 41 33 11
0 14 22 44 23 41 33 33 11 11 22 32 44 44 32 22 44 11 22 23 33 31 33 32 14 33 11 23 44
0 14 22 44 22 44 32 22 11 44 23 33 14 41 32 32 14 11 23 23 31 31 32 32 14 23 11 33 44
0 11 22 41 22 44 33 33 11 44 23 33 11 41 32 22 11 14 22 22 33 31 32 33 14 33 41 33 11
0 14 22 11 23 44 32 23 11 44 22 32 44 41 32 22 14 11 23 23 31 11 32 32 14 22 11 23 11
0 44 24 41 22 41 22 33 11 41 23 32 44 11 22 22 44 14 22 33 33 31 32 32 14 22 44 33 41
0 14 22 44 22 44 33 23 11 44 22 33 11 44 33 33 11 11 22 22 33 33 33 33 11 22 41 23 41
0 11 22 44 23 44 33 22 11 44 22 33 11 44 33 32 11 11 22 23 33 33 33 33 11 23 44 23 44
0 11 22 44 23 44 32 22 11 44 22 33 11 44 33 32 44 11 22 22 33 31 33 33 11 22 44 23 41
0 11 22 44 22 44 33 22 11 44 22 33 11 41 32 32 11 11 22 22 33 33 32 33 14 22 44 23 44
0 11 24 41 23 44 33 23 14 41 22 33 14 41 32 32 14 11 23 23 31 31 32 33 14 23 41 23 41
0 11 22 44 22 44 33 22 11 44 22 33 11 41 33 33 11 11 22 22 33 33 32 33 11 22 41 22 44
0 11 22 44 22 44 33 22 11 44 22 33 11 41 33 33 11 11 22 22 33 33 33 33 11 22 41 22 44
0 11 24 41 23 44 33 23 14 44 23 32 14 41 22 32 14 11 23 23 33 31 22 33 14 23 41 33 41
0 11 22 44 22 44 33 22 11 44 22 33 11 44 33 33 11 11 22 22 33 33 33 33 11 22 44 22 44
0 44 22 11 23 41 32 23 14 41 23 33 14 41 32 32 14 14 22 22 33 31 32 32 14 23 11 33 41
0 11 24 41 23 41 32 23 11 44 22 32 14 41 22 22 11 11 22 23 31 31 32 33 44 23 41 22 41
0 44 22 44 33 44 32 33 11 44 23 33 14 41 32 33 44 11 23 23 31 33 22 32 14 23 44 22 41
0 11 22 41 23 44 33 22 11 44 22 33 14 41 22 22 14 11 23 23 31 33 33 33 14 23 41 22 41
0 14 22 44 23 44 33 23 11 44 22 33 11 44 33 22 11 11 22 22 33 31 33 32 11 22 41 23 44
0 14 22 41 23 44 32 23 14 44 22 33 14 44 32 22 44 14 23 23 33 31 22 33 14 22 41 33 41
0 44 22 41 23 44 32 23 11 41 22 32 14 44 32 22 44 11 23 23 31 31 32 22 11 33 41 23 41
0 14 24 41 23 41 32 23 11 41 23 32 14 41 32 33 14 14 23 33 33 31 33 32 44 23 41 23 41
0 14 22 44 22 41 33 23 11 44 22 32 14 11 32 22 14 11 22 23 33 11 32 33 14 23 11 33 44
0 11 22 41 22 44 32 23 11 41 22 33 14 41 32 33 11 11 22 23 33 33 33 33 14 22 11 22 41
0 11 22 41 23 44 33 23 11 44 22 33 11 44 33 33 11 11 22 22 33 31 32 33 11 22 41 23 44
0 11 24 44 23 44 33 23 11 44 23 33 11 44 32 33 14 11 23 23 31 33 32 33 14 23 44 23 44
0 11 22 41 22 44 33 23 11 44 22 33 11 44 33 22 11 11 22 22 33 31 22 33 44 33 44 22 41
0 11 22 44 23 44 33 23 11 44 23 33 14 44 33 32 14 11 23 23 33 11 22 33 11 22 44 22 44
0 11 22 41 23 44 33 22 14 44 22 33 14 11 22 33 44 11 22 22 33 33 32 33 14 22 44 23 44
0 11 22 41 22 44 32 23 11 44 22 33 14 44 33 33 11 11 22 22 33 31 32 33 14 23 44 33 44
0 11 22 44 22 44 33 22 11 44 22 33 11 44 33 33 11 11 22 22 33 33 33 33 11 23 44 22 44
0 11 22 41 22 44 33 33 11 44 22 33 14 44 32 33 11 11 23 22 33 33 33 33 14 22 44 22 44
0 14 22 44 33 44 22 33 11 44 22 32 44 41 32 22 14 14 23 33 33 31 32 33 44 23 41 23 41
0 14 22 44 23 44 33 23 11 44 23 32 11 44 32 33 44 11 23 23 33 33 32 33 11 22 41 22 44
0 14 22 44 23 44 32 23 14 41 22 32 14 44 32 32 14 11 23 23 33 31 32 33 14 23 44 23 41
0 14 24 41 23 41 32 33 14 41 33 33 44 11 22 22 14 14 33 23 11 31 22 22 44 33 11 33 41
0 14 22 41 22 44 33 22 11 44 22 33 11 41 22 33 14 11 22 33 31 31 32 33 14 22 44 23 41
0 11 22 41 22 44 32 22 11 44 22 32 11 44 32 32 11 11 22 22 33 31 32 33 44 23 41 23 44
0 11 22 41 23 41 32 33 14 44 23 32 14 44 32 32 44 11 23 33 33 11 32 22 14 33 11 33 41
0 11 22 44 22 44 33 23 11 44 22 33 14 44 32 32 14 11 22 23 33 33 22 33 14 23 41 22 44
0 11 24 44 22 41 32 23 11 44 22 32 14 44 22 33 14 11 23 23 33 33 32 33 14 22 44 23 44
0 11 22 44 22 44 33 22 11 44 22 33 11 44 33 33 11 11 22 22 31 33 33 33 11 22 44 22 44
0 44 24 41 33 41 33 33 11 44 22 32 14 44 22 22 44 11 23 23 11 11 22 22 14 33 41 33 11
0 14 22 44 22 44 33 23 11 44 22 32 44 41 32 32 14 11 23 23 31 31 32 33 44 23 44 22 41
0 11 22 44 22 44 33 22 11 44 22 33 14 44 33 32 14 11 22 22 33 33 33 33 14 22 44 22 44
0 11 22 44 22 44 32 22 11 44 22 32 11 44 32 33 14 11 22 22 33 31 32 33 11 23 44 33 41
0 11 22 44 22 44 33 23 11 41 22 33 11 44 33 33 14 11 22 22 33 31 33 33 11 22 44 22 44
0 11 22 44 22 44 32 33 11 44 23 32 11 44 33 33 44 14 23 22 33 31 32 32 44 23 41 23 44
0 11 22 44 22 44 32 23 11 44 23 32 14 44 22 32 44 11 22 23 31 33 32 33 14 22 41 22 44
0 11 22 44 22 44 32 23 11 44 22 33 11 44 33 32 14 11 22 22 33 33 33 33 11 22 44 22 44
0 44 22 41 23 44 33 33 14 44 33 33 11 41 32 33 14 14 23 23 33 11 32 33 14 23 41 22 41
0 14 22 44 23 41 32 33 11 44 23 33 11 44 32 33 14 11 22 23 31 31 32 32 11 23 41 33 41
0 14 22 41 22 44 33 33 11 44 22 33 14 41 32 33 11 11 22 23 33 11 22 33 14 22 44 23 41
0 11 24 41 22 44 33 23 14 41 22 33 14 41 33 32 11 11 23 22 31 31 32 33 14 23 11 23 44
0 11 24 41 22 41 32 22 11 44 23 33 14 44 32 33 44 11 23 23 33 31 33 33 11 23 44 33 44
0 14 22 41 22 41 32 23 11 44 23 33 14 41 32 32 14 11 23 23 31 31 33 32 14 23 41 23 41
0 11 22 44 22 44 33 23 11 41 22 32 11 44 22 32 11 11 22 23 33 31 33 33 14 23 41 33 44
0 14 22 44 22 44 22 23 11 41 22 33 11 41 22 22 14 11 23 23 33 31 22 33 11 22 44 33 11
0 11 22 41 22 44 33 23 11 44 23 33 14 44 33 32 11 11 22 22 33 31 33 33 14 22 41 23 41
0 11 22 44 22 44 33 22 11 44 22 33 11 44 32 33 11 11 22 22 33 31 33 33 11 22 44 22 44
0 44 22 44 22 44 33 33 11 44 33 32 14 44 33 32 44 11 22 33 33 31 33 32 11 33 11 22 44
0 11 22 44 22 44 22 22 11 44 22 33 14 41 33 33 11 11 22 23 33 31 33 32 14 22 44 22 44
0 11 22 44 22 44 32 22 11 44 22 33 14 44 32 33 14 11 22 22 33 33 32 33 11 23 41 22 44
0 11 22 44 22 44 32 23 11 44 22 33 11 44 33 33 44 11 23 23 33 33 32 33 14 22 41 23 44
0 14 22 41 23 44 33 22 11 44 22 33 14 44 32 33 14 11 22 23 33 33 33 33 11 23 44 33 44
0 44 24 11 23 41 22 33 11 44 23 32 44 11 32 32 14 14 23 23 11 31 22 32 44 23 11 23 41
0 14 22 11 23 44 32 23 14 41 23 33 14 11 33 22 14 14 33 33 31 11 22 32 44 23 41 33 41
0 11 22 44 22 44 33 22 14 44 22 33 14 44 32 33 14 11 22 22 33 31 32 33 14 22 41 22 41
0 11 22 44 23 44 33 22 11 44 22 32 14 41 22 22 14 11 23 23 33 33 32 32 14 33 44 22 41
0 14 24 41 33 41 22 33 44 41 23 22 14 41 22 32 14 14 33 23 31 31 32 22 14 33 41 23 41
0 14 22 44 22 44 33 22 11 44 22 32 14 41 33 32 14 11 23 22 33 31 32 32 14 23 41 23 41
0 11 22 41 22 44 33 22 11 41 23 32 14 44 32 32 44 14 23 23 33 31 32 32 14 33 11 23 44
0 14 24 11 22 44 32 33 11 11 33 22 14 41 22 22 44 14 33 23 31 31 32 33 14 23 11 33 11
0 11 22 44 23 44 32 33 11 44 23 33 14 41 22 32 14 11 23 23 33 31 32 33 11 22 41 23 44
0 11 24 44 23 41 32 23 11 44 22 32 14 44 32 32 11 11 22 23 31 33 32 33 11 22 44 23 41
0 11 22 41 23 44 22 23 14 44 22 32 11 41 32 32 44 11 22 22 31 33 32 32 14 23 44 23 41
0 11 22 44 22 44 33 33 11 44 22 33 11 44 33 32 14 11 22 23 33 11 33 33 11 23 44 33 44
0 14 24 44 23 41 33 23 11 44 22 32 14 44 32 22 14 11 22 23 33 31 32 33 14 33 11 33 11
0 44 22 44 23 41 33 23 11 44 22 33 44 44 33 22 14 11 22 23 33 31 33 32 44 23 11 33 41
0 11 22 44 22 44 33 22 11 44 22 33 14 44 32 33 11 11 22 22 33 33 32 33 14 22 41 22 41
0 11 22 41 22 41 33 23 11 44 22 33 11 44 32 32 11 11 22 22 33 33 32 32 11 22 44 22 44
0 14 24 11 22 44 32 23 11 44 22 33 14 44 32 33 44 11 22 22 31 31 22 22 11 23 11 33 41
0 11 22 11 22 44 33 23 11 44 23 33 44 11 33 32 14 11 23 23 31 31 33 22 14 23 41 23 11
0 14 22 44 23 44 32 23 11 44 23 32 14 44 32 32 14 11 22 23 31 31 32 32 14 22 41 23 44
0 11 22 44 22 44 33 22 11 44 22 33 14 44 33 32 14 11 22 22 31 33 32 32 11 22 44 23 44
0 14 24 44 23 44 32 23 14 11 23 32 14 44 33 22 14 14 23 23 33 31 22 33 14 23 41 33 11
0 11 22 41 33 44 33 23 11 44 22 32 14 41 22 33 11 11 22 23 33 33 32 33 44 23 44 22 44
0 11 22 44 22 44 33 22 11 44 23 33 11 44 33 33 14 14 22 22 33 33 33 33 11 22 44 22 44
0 11 24 41 23 41 32 33 14 44 23 33 44 44 22 22 44 11 23 33 31 31 22 22 11 22 11 33 41
0 11 22 44 22 41 33 23 11 44 22 33 44 44 33 32 14 11 22 23 33 33 22 33 14 22 44 22 44
0 44 22 41 23 44 33 33 11 41 33 33 14 11 32 22 14 11 33 33 33 11 22 32 44 23 11 33 41
0 14 22 44 22 44 32 23 11 44 22 33 11 44 32 32 14 11 22 22 33 31 33 32 11 33 41 22 44
0 11 24 44 22 41 32 23 11 44 22 33 11 44 32 22 14 11 22 23 33 31 32 33 14 33 11 33 41
0 11 24 44 22 44 33 22 11 44 22 33 11 44 32 32 14 11 22 22 33 31 33 33 14 22 41 23 44
0 14 22 41 22 41 33 23 11 44 23 32 44 41 32 32 44 11 23 23 31 11 22 33 14 23 11 23 41
0 11 22 41 23 41 32 23 11 44 23 32 14 41 22 32 14 11 23 23 33 31 33 32 14 23 41 23 44
0 11 22 44 22 44 33 23 11 44 22 32 44 44 32 33 11 11 22 22 33 31 32 33 14 23 41 23 44
0 11 22 44 23 44 33 33 11 44 23 33 44 44 33 33 44 11 33 22 33 33 32 33 44 22 41 23 41
0 11 22 11 22 44 32 23 14 44 23 32 14 44 32 33 14 11 23 23 33 31 32 33 44 22 11 33 41
0 11 22 44 22 44 33 23 11 44 22 33 11 44 33 33 11 11 22 22 33 33 33 33 11 22 44 22 44
0 11 22 44 22 41 33 33 11 41 22 32 14 11 32 32 44 11 23 23 11 31 32 33 14 33 11 23 41
0 44 22 41 23 44 33 23 11 44 23 33 14 41 32 33 44 11 33 23 33 31 32 33 11 23 41 23 44
0 11 22 41 23 44 33 23 11 44 22 33 11 44 33 33 11 11 22 22 31 33 32 33 14 22 44 23 44
0 14 24 44 23 44 33 23 11 41 22 33 14 41 32 32 14 11 23 23 33 31 32 33 14 23 41 23 41
0 11 24 41 22 44 32 23 11 44 22 33 11 41 33 32 44 11 22 33 33 33 32 32 11 23 41 23 44
0 14 24 41 22 44 32 33 14 41 23 33 14 41 32 32 14 11 23 33 33 11 22 32 14 23 11 33 41
0 11 22 44 22 44 33 22 14 44 22 32 11 41 33 22 14 11 22 23 33 11 32 33 11 22 44 23 44
0 11 22 11 23 44 32 23 11 44 22 33 14 44 32 33 14 11 22 23 31 33 22 32 14 33 44 23 41
0 14 22 44 22 44 32 23 11 44 22 33 14 44 22 33 14 11 22 23 31 31 33 33 11 23 44 22 41
0 11 24 41 23 44 33 23 11 44 22 33 11 41 33 32 14 14 23 22 33 33 32 33 11 23 41 22 41
0 11 22 41 22 44 33 22 11 44 22 33 11 44 33 33 14 11 22 22 33 31 32 33 11 22 44 23 41
0 11 22 41 33 44 33 33 11 44 23 32 11 44 32 32 14 11 23 23 33 31 32 32 14 22 41 23 41
0 11 22 41 22 44 33 22 11 44 22 33 11 44 33 33 11 11 22 22 31 33 33 33 11 22 41 23 44
0 11 22 44 22 44 33 22 14 44 22 33 11 44 33 33 14 11 23 22 33 31 33 33 11 23 44 23 44
0 11 22 44 22 44 32 23 11 41 23 33 14 41 33 33 14 11 22 23 33 33 32 32 14 23 44 33 41
0 14 22 41 23 44 32 23 11 44 23 32 14 41 32 22 44 11 22 23 33 31 32 33 14 33 44 22 41
0 14 22 41 23 44 32 23 14 44 23 33 14 44 22 32 44 11 22 23 33 31 32 32 14 22 41 23 41
0 44 44 41 22 41 32 33 14 44 33 32 14 41 33 32 14 14 23 22 31 31 22 33 14 33 41 33 41
0 44 24 41 22 41 32 23 14 41 23 33 14 41 22 22 44 11 23 33 33 11 22 32 44 23 41 23 11
0 14 24 44 22 44 33 33 11 44 22 33 14 44 32 32 14 14 22 22 33 11 33 22 14 33 11 33 41
0 11 22 44 22 44 32 22 11 44 22 33 11 41 33 33 14 11 22 22 33 33 32 33 11 22 41 22 44
0 14 22 11 22 44 32 22 11 44 22 33 14 11 32 32 14 11 23 23 33 31 22 33 14 23 44 23 41
0 14 22 44 23 44 32 23 14 44 22 33 11 44 32 33 14 14 22 23 31 33 33 32 14 23 41 23 44
0 11 22 44 22 44 33 22 11 44 22 32 11 44 32 33 14 11 22 22 33 33 33 33 14 22 41 33 44
0 11 22 44 22 44 32 23 14 44 22 33 14 41 32 32 44 11 22 33 33 33 32 32 11 23 41 22 44
0 11 24 11 23 44 32 22 11 41 22 33 44 41 32 22 14 14 22 23 31 11 22 32 14 23 41 23 41
0 14 22 41 22 41 32 22 11 44 22 33 11 44 33 33 14 11 33 23 33 33 32 32 14 23 41 23 41
0 14 24 44 23 44 32 23 11 44 23 33 14 44 33 32 14 11 33 23 31 31 33 32 44 22 44 22 44
0 11 22 44 23 44 22 33 11 44 22 33 14 44 32 33 14 11 33 23 31 33 22 33 14 23 44 22 41
0 11 24 11 22 44 33 23 11 44 23 33 11 44 33 33 11 11 22 22 33 33 33 33 14 23 44 23 44
0 11 24 41 23 44 33 23 11 41 22 33 44 41 32 32 14 14 22 23 33 31 32 32 14 23 41 33 41
0 14 22 41 22 44 33 23 14 41 22 33 11 41 33 33 14 11 22 23 33 33 32 33 14 23 41 23 41
0 44 22 41 33 41 33 33 14 41 23 32 44 41 33 32 14 11 22 22 31 11 33 22 14 23 11 33 41
0 14 24 41 22 44 32 23 14 41 22 33 11 41 33 22 14 14 33 23 31 31 32 32 14 33 41 33 11
0 14 22 41 23 41 32 23 14 41 23 32 14 41 22 32 14 14 33 23 11 31 32 32 14 23 41 23 41
0 11 22 41 23 44 32 23 11 44 33 33 14 41 33 32 14 11 22 22 33 31 32 33 11 23 41 22 44
0 11 22 44 22 44 33 23 14 44 22 33 11 41 22 32 14 11 23 23 33 33 32 33 14 23 41 23 41
0 11 22 41 23 44 33 23 11 44 22 33 11 44 33 33 11 11 22 22 33 31 32 33 11 22 41 23 44
0 14 24 41 23 44 33 33 14 41 22 32 14 44 32 22 44 14 22 23 31 33 33 33 44 33 11 23 44
0 11 22 44 23 44 32 23 11 44 23 33 44 11 32 22 44 11 22 23 33 11 32 32 44 23 11 22 11
0 14 22 41 22 44 32 33 11 41 23 33 11 41 33 32 14 14 23 22 33 31 32 33 11 23 41 23 41
0 11 22 44 22 44 33 22 14 44 22 33 11 41 32 32 14 11 22 22 33 33 33 33 11 22 44 23 44
0 14 22 41 23 44 33 22 11 44 23 33 11 41 32 32 11 14 22 22 33 31 33 33 11 22 41 23 44
0 11 22 44 23 44 33 23 11 44 23 33 14 44 32 32 14 11 23 22 33 33 32 33 44 23 11 22 44
0 11 22 41 22 44 33 33 11 44 22 33 11 44 22 22 11 11 22 23 33 31 22 33 14 23 11 33 41
0 11 22 44 23 44 33 23 11 44 22 33 11 44 32 33 11 11 22 22 33 33 33 33 14 22 44 22 41
0 11 22 44 22 44 32 33 11 44 22 33 11 44 33 33 11 11 23 22 33 33 33 33 11 22 44 23 41
0 11 22 41 23 44 32 22 11 44 22 33 11 44 33 33 14 11 23 23 33 31 32 33 11 22 44 23 44
0 11 22 41 22 41 33 33 11 41 22 32 14 44 33 33 14 11 23 22 33 31 32 33 44 22 41 33 41
0 11 22 41 23 44 33 33 11 44 22 33 14 41 32 32 44 11 23 23 33 31 32 33 14 22 41 33 41
0 11 22 44 22 44 33 22 11 44 22 33 11 44 22 33 11 11 22 22 33 33 33 33 11 22 44 22 41
0 14 24 41 22 41 22 23 11 44 23 32 44 44 22 32 14 11 22 23 31 11 22 32 14 33 44 22 41
0 14 22 44 23 44 33 33 11 44 23 32 14 44 32 32 44 11 22 23 31 33 32 33 14 23 44 33 44
0 11 22 41 23 41 32 33 11 41 23 32 14 41 22 32 44 11 22 23 31 33 22 32 44 23 11 23 41
0 11 22 44 23 44 33 23 11 44 22 33 11 44 32 32 11 11 22 22 33 33 33 33 14 22 41 23 44
0 11 22 44 22 44 33 22 11 44 22 33 14 44 32 33 14 14 22 22 33 31 33 33 11 22 11 23 44
0 11 22 11 22 11 33 23 11 44 23 33 44 44 22 22 44 11 23 22 31 31 32 32 14 33 44 23 11
0 11 24 41 23 44 32 23 11 44 22 33 14 44 32 32 14 11 23 22 33 31 32 32 11 23 41 33 41
0 44 22 44 22 44 32 33 11 44 22 32 44 41 32 22 14 11 22 22 33 33 32 32 14 22 11 23 44
0 11 22 44 22 44 33 23 11 44 22 33 11 44 33 33 11 11 22 22 33 33 32 33 11 22 44 22 44
0 14 24 44 22 41 33 22 14 44 23 32 11 41 32 32 14 14 23 23 31 31 32 32 11 23 41 23 44
0 11 22 44 23 44 33 23 11 41 23 32 14 44 33 32 11 14 22 22 33 31 32 32 14 33 41 23 41
0 11 22 41 23 44 33 23 11 44 22 33 11 44 22 33 11 11 23 22 33 33 33 33 11 22 44 23 44
0 11 22 44 22 44 32 23 11 44 22 33 11 44 33 32 11 11 23 22 31 31 33 33 11 22 44 23 44
0 11 22 44 22 44 33 33 11 44 22 33 11 44 33 33 11 11 23 23 33 31 22 33 14 22 41 23 44
0 14 22 41 22 44 33 22 11 44 22 33 14 44 32 22 14 14 22 33 33 33 32 33 44 23 41 33 41
0 14 22 41 23 44 33 23 11 44 22 33 14 44 22 33 14 11 22 23 33 31 32 33 14 22 41 23 41
0 14 24 44 22 41 33 23 11 41 22 32 14 44 33 22 11 11 23 22 11 31 33 33 14 22 44 23 44
0 11 22 44 23 44 22 33 11 11 22 32 14 44 22 33 44 14 22 23 33 33 32 33 11 23 41 23 44
0 14 22 44 22 44 33 22 11 44 22 33 11 44 32 33 14 11 22 22 33 33 33 33 14 23 44 22 44
0 11 22 41 23 44 22 33 11 44 23 33 14 44 32 32 14 11 23 23 33 31 32 32 44 23 41 23 41
0 11 22 41 22 44 32 23 11 41 23 32 11 41 32 32 11 11 23 22 33 31 32 32 14 33 11 33 44
0 11 24 11 22 44 32 33 11 44 22 33 14 44 22 32 14 11 23 23 33 33 22 33 11 23 44 22 41
0 14 22 11 22 44 32 33 14 41 23 33 11 41 22 32 44 11 23 22 33 31 33 33 14 23 44 33 41
0 44 24 41 23 41 22 33 14 44 23 33 14 41 32 22 14 14 23 33 33 33 32 32 44 33 11 33 41
0 11 22 41 23 44 33 33 11 44 22 33 14 44 32 33 11 11 22 23 33 31 33 33 11 22 41 22 44
0 11 22 44 22 44 33 23 11 44 22 32 14 41 32 32 11 11 22 23 33 33 33 33 11 23 44 22 41
0 11 24 41 22 41 32 23 11 41 23 33 14 41 32 32 14 14 23 23 33 31 22 32 14 23 41 23 41
0 11 22 44 22 44 33 23 11 44 22 33 11 44 33 33 11 11 22 23 33 31 32 33 11 23 41 22 44
0 14 22 41 23 44 33 23 11 44 22 33 14 41 22 32 11 11 23 23 33 31 32 33 14 23 11 23 41
0 44 22 44 23 11 32 33 11 44 23 33 44 11 22 32 44 11 23 23 31 31 32 22 44 23 41 23 41
0 11 22 44 22 44 32 22 11 44 22 33 11 41 32 33 14 11 22 22 33 31 33 32 14 22 44 23 44
0 11 22 41 23 44 32 33 11 44 22 33 11 44 32 32 44 11 22 23 33 31 33 33 14 33 41 23 44
0 11 22 41 23 44 32 33 11 44 22 33 11 41 33 33 44 11 33 22 31 31 32 32 14 23 11 33 41
0 14 22 44 22 41 32 23 11 41 22 33 11 44 33 32 14 11 23 23 33 31 22 33 14 23 44 23 44
0 11 22 41 22 44 33 22 11 44 22 33 11 44 32 32 11 11 22 22 33 31 32 33 14 22 41 23 44
0 14 24 41 23 44 32 23 11 44 22 32 14 44 32 33 44 11 22 22 31 33 32 32 44 23 41 23 44
0 11 22 41 23 44 32 23 11 41 22 33 14 41 22 32 44 11 23 33 33 33 32 33 14 22 41 33 44
0 14 22 41 23 44 32 23 11 44 22 32 14 44 22 32 14 44 22 22 31 11 32 32 14 33 41 23 41
0 14 22 41 23 44 33 23 14 44 23 33 11 41 33 32 14 11 23 22 33 33 32 33 11 23 41 33 41
0 11 22 44 22 44 33 22 11 44 22 33 11 44 33 32 14 11 22 22 33 33 32 33 11 22 41 23 44
0 44 24 44 23 44 32 23 11 44 22 33 44 41 32 22 44 11 23 33 31 33 32 32 11 22 11 33 41
0 11 22 41 23 44 33 33 11 44 23 33 14 41 22 32 14 11 22 23 31 31 22 33 14 23 44 23 44
0 14 22 41 22 44 32 33 11 44 23 33 14 44 32 33 14 11 23 22 33 33 33 32 14 23 41 23 44
0 14 22 41 23 44 33 33 11 44 22 33 11 41 33 32 14 11 22 23 33 31 32 32 14 22 41 22 44
0 11 22 41 22 44 33 23 11 44 22 33 14 41 22 32 11 11 22 22 33 33 32 33 11 22 11 22 41
0 11 22 41 22 44 32 23 11 44 22 33 14 44 32 32 11 11 22 22 31 31 33 33 14 23 44 22 41
0 14 24 41 22 41 32 23 11 44 23 33 44 41 32 32 14 14 23 23 33 31 32 32 14 23 41 23 41
0 11 22 41 22 44 33 22 11 44 22 33 14 44 33 33 11 14 22 23 33 33 33 33 14 22 44 23 41
0 14 22 11 22 44 33 23 14 44 23 32 11 41 33 32 14 11 22 22 31 31 32 32 14 22 44 23 41
0 14 22 41 23 44 32 23 11 44 23 33 44 44 33 32 44 11 22 22 31 11 32 32 11 23 41 23 44
0 14 22 44 23 44 33 33 14 44 23 33 14 44 22 32 14 14 23 33 31 31 22 32 11 33 11 23 41
0 11 22 44 22 44 33 22 11 44 22 33 11 41 33 33 11 11 22 23 33 31 33 33 11 22 44 22 44
0 11 22 44 22 44 33 22 11 44 22 33 11 41 33 33 11 11 22 33 33 33 33 33 11 22 41 22 44
0 14 22 41 23 44 33 23 11 44 22 32 11 41 32 32 14 11 23 23 31 11 32 33 14 23 41 23 41
0 44 24 41 22 44 33 33 11 44 23 33 14 41 32 22 14 11 23 23 33 33 22 22 11 33 11 23 41
0 11 22 44 22 41 32 23 11 44 22 32 14 44 32 32 14 11 23 23 31 31 32 33 11 23 44 33 41
0 14 22 41 23 44 33 22 14 41 22 33 14 41 33 32 14 14 23 22 33 33 33 33 14 22 44 22 44
0 11 22 44 23 44 33 33 11 44 22 33 44 44 33 32 11 11 23 22 33 31 32 32 14 23 41 33 41
0 11 22 44 23 44 32 22 14 41 23 33 14 41 32 32 14 14 23 23 31 31 33 32 11 23 44 33 44
0 11 22 11 22 44 32 33 11 41 22 33 11 41 33 22 14 14 23 23 33 31 32 33 44 23 44 23 41
0 11 22 41 22 44 32 23 11 44 22 33 14 44 32 33 11 11 22 23 33 31 32 33 14 22 44 23 44
0 11 22 11 22 41 32 33 11 44 23 33 14 41 32 32 44 11 23 33 11 31 22 32 44 23 41 33 44
0 11 24 41 22 44 32 23 11 44 22 33 11 44 33 33 14 11 22 23 33 33 33 32 11 33 44 23 44
0 11 22 44 22 44 33 22 11 44 22 33 11 44 33 33 14 11 22 22 33 33 33 33 11 22 44 22 44
0 14 22 41 23 11 33 22 11 44 23 33 11 41 32 32 14 11 23 33 33 33 22 33 11 33 41 33 44
0 14 24 11 23 44 32 23 14 11 23 32 14 41 22 32 14 14 33 23 33 31 32 22 14 23 41 23 41
0 14 22 41 22 44 32 23 11 44 22 33 44 44 33 33 11 11 22 22 33 31 33 33 14 23 41 22 41
0 11 24 44 22 44 32 23 11 44 22 32 11 41 22 32 11 11 22 23 33 31 22 32 11 22 44 22 41
0 11 22 41 23 44 33 23 11 44 22 33 14 44 33 32 11 11 23 23 31 33 22 32 14 33 41 22 41
0 11 22 11 23 44 33 23 11 44 22 33 44 44 32 32 44 11 22 23 33 31 22 32 14 23 41 22 11
0 11 22 41 22 44 33 33 11 44 23 33 14 41 22 32 14 11 22 23 33 11 32 32 44 23 11 23 11
0 11 22 44 22 44 33 22 11 44 22 32 14 44 32 33 44 11 22 22 33 31 33 33 14 22 41 23 41
0 11 22 41 22 44 33 23 11 44 22 33 44 44 32 32 44 11 22 23 31 11 32 32 14 23 44 23 44
0 11 24 11 23 44 33 22 11 44 22 33 11 41 33 32 11 11 22 23 31 31 32 33 11 22 44 23 44
0 14 22 41 22 41 33 33 14 41 23 32 14 11 22 33 14 14 23 23 33 11 32 32 44 22 41 33 41
0 11 22 44 23 44 33 23 11 44 22 33 11 44 33 33 11 11 22 23 33 31 33 33 14 22 44 22 44
0 11 22 41 22 44 33 23 11 44 22 33 11 44 33 33 11 11 22 22 33 33 22 32 11 23 11 22 44
0 11 24 11 22 44 32 33 14 44 22 33 14 41 22 32 14 14 23 23 31 31 22 33 14 33 44 23 41
0 14 44 41 23 44 32 23 11 41 22 32 14 41 32 32 14 14 22 23 31 11 32 32 14 33 11 33 41
0 11 22 41 22 44 33 22 11 44 22 33 14 44 33 32 14 11 23 22 33 33 32 32 14 23 44 23 41
0 11 24 41 23 41 32 23 11 44 22 32 14 41 32 32 14 14 23 23 33 31 32 33 14 23 41 23 44
0 14 24 41 33 44 32 33 11 44 23 22 44 44 32 22 14 14 33 23 31 31 32 32 11 23 41 23 41
0 11 22 11 23 44 33 33 11 44 22 33 11 44 32 32 14 11 22 22 31 31 33 32 11 23 41 23 44
0 14 22 41 22 44 32 33 11 44 33 33 14 44 32 33 44 11 23 22 33 33 33 33 14 22 44 23 41
0 14 22 11 23 44 33 23 11 44 22 33 14 41 32 32 14 14 23 23 33 31 33 33 11 22 44 23 44
0 11 22 44 22 44 33 22 11 44 22 33 11 44 33 22 11 11 22 22 33 33 33 33 11 22 41 22 44
0 11 44 41 33 44 22 23 14 44 23 22 44 41 32 22 14 14 33 33 33 11 22 22 44 33 11 33 41
0 11 22 41 22 44 33 22 14 41 22 33 11 41 32 32 14 11 22 23 31 11 33 33 11 23 11 23 44
0 11 24 41 23 41 32 23 14 41 23 32 14 41 22 32 14 14 22 23 31 31 32 32 14 23 41 33 41
0 14 24 11 33 41 32 23 14 41 22 22 14 44 22 32 44 11 23 23 31 11 22 32 44 33 41 23 41
0 14 22 41 23 44 32 23 14 44 22 22 11 41 22 33 44 11 22 22 31 11 22 32 14 22 44 23 11
0 14 22 11 22 44 33 22 14 44 22 33 14 41 33 32 11 11 23 23 33 11 33 33 14 23 41 23 44
0 11 22 44 22 44 33 23 14 44 22 33 11 41 22 33 11 11 23 23 33 33 33 33 14 23 41 22 44
0 11 22 41 23 44 33 23 11 44 22 33 14 44 33 33 14 11 22 23 33 33 33 33 11 22 44 22 11
0 44 22 44 22 41 33 23 11 44 22 33 44 44 33 32 14 11 23 22 31 31 22 32 14 23 11 33 11
0 11 22 44 22 44 33 22 11 44 22 33 11 44 33 33 11 11 22 22 33 33 33 33 11 22 44 22 44
0 44 22 41 22 44 33 23 11 41 23 32 11 11 22 32 44 11 23 22 33 31 33 32 44 23 41 23 41
0 11 22 44 22 44 33 23 11 44 22 32 11 44 32 33 11 11 22 23 33 33 32 33 14 23 44 22 44
0 11 22 44 22 44 33 23 11 44 22 33 14 44 33 33 14 11 22 22 31 33 32 33 11 23 44 22 44
0 11 22 44 22 44 32 22 11 44 22 33 11 44 33 22 14 11 22 22 33 33 32 33 11 22 44 22 44
0 11 22 11 23 44 32 33 14 44 33 32 44 44 32 32 44 11 33 22 33 11 32 22 11 23 41 23 41
0 44 22 44 22 44 33 23 11 44 22 33 11 44 33 33 11 11 22 22 33 31 33 32 11 22 41 22 44
0 11 22 41 22 44 32 23 14 44 23 33 11 44 22 33 14 11 22 22 33 33 32 32 14 23 11 22 41
0 14 24 41 22 44 32 23 11 44 23 32 44 41 22 22 14 11 33 22 33 11 22 32 14 33 11 33 11
0 14 22 11 22 41 22 33 11 41 23 32 44 44 22 32 44 14 23 23 33 31 32 32 44 23 11 23 11
0 14 22 44 22 44 33 23 11 44 22 32 14 44 22 22 11 11 22 23 33 33 22 33 14 22 44 23 44
0 14 24 44 22 44 32 33 11 44 23 32 14 44 32 32 11 14 22 22 33 33 32 33 11 33 41 33 41
0 14 22 41 23 41 32 23 11 44 23 33 14 41 22 32 14 14 22 22 33 11 22 32 11 23 44 33 41
0 11 24 41 33 44 22 33 14 41 23 33 44 41 32 32 44 44 33 33 31 31 32 33 44 33 11 33 41
0 14 22 41 23 44 32 23 11 44 22 32 14 11 32 32 11 14 22 33 33 31 32 22 44 22 41 22 44
0 14 22 41 23 44 33 23 11 44 23 33 14 44 32 33 11 14 22 23 33 31 33 33 11 33 11 33 44
0 11 22 41 23 44 32 22 14 44 33 33 14 44 33 32 44 11 23 33 33 31 32 32 44 33 41 33 44
0 11 22 41 22 44 32 23 11 44 22 32 11 41 32 32 44 11 23 23 33 31 32 33 14 23 41 33 41
0 14 22 41 22 44 32 23 11 44 23 33 14 44 32 32 44 11 23 23 33 33 32 32 11 23 44 23 41
0 11 22 44 23 44 32 23 11 41 22 33 14 44 22 33 14 11 23 22 33 31 33 33 14 22 41 23 41
0 14 22 41 23 44 33 22 14 41 22 33 11 41 33 32 44 14 23 23 33 11 32 33 44 22 41 33 44
0 11 22 11 23 44 33 23 11 44 22 33 44 44 33 33 14 11 22 22 33 31 33 32 14 23 44 23 44
0 14 24 44 33 41 22 23 14 41 22 33 44 44 22 32 44 14 22 22 31 11 22 32 14 23 11 33 11
0 11 24 44 23 44 32 33 14 41 23 32 44 41 33 32 14 11 22 23 31 11 33 32 14 22 41 23 41
0 14 22 41 22 41 33 23 11 44 23 33 14 41 32 32 14 11 33 23 31 31 22 33 14 23 11 23 41
0 11 22 44 22 44 33 23 11 44 22 33 11 44 33 33 11 11 22 22 33 33 33 33 11 22 41 22 44
0 11 22 41 22 44 22 23 11 44 22 32 14 44 32 32 11 11 22 23 33 11 32 33 14 22 41 23 41
0 11 22 41 22 44 33 22 11 44 22 33 11 41 32 33 14 11 22 23 33 11 32 33 11 22 41 23 44
0 11 22 11 23 11 33 23 11 44 23 33 14 44 32 22 14 11 22 33 31 33 33 32 14 23 41 23 44
0 11 22 44 22 44 33 22 11 44 22 33 11 44 33 33 11 11 22 22 33 11 33 33 11 23 44 33 44
0 14 22 41 23 44 33 23 11 44 22 33 11 44 33 32 11 11 22 22 33 33 32 32 14 23 44 23 44
0 14 22 41 22 44 32 23 11 44 23 33 11 41 32 32 14 14 22 22 33 31 33 33 14 23 44 23 41
0 11 24 44 22 44 33 22 11 41 22 33 11 44 32 33 11 11 23 23 33 31 33 33 14 22 41 33 44
0 11 24 41 22 41 33 23 14 44 23 33 14 44 22 32 11 11 22 23 33 33 33 32 11 23 41 23 11
0 14 22 41 23 11 33 23 11 44 23 32 14 44 32 32 44 11 23 22 33 11 32 32 11 23 41 33 44
0 44 22 41 22 44 32 23 11 44 22 33 14 44 32 32 44 14 33 23 33 11 22 32 44 23 41 23 41
0 14 24 11 23 44 32 33 11 41 23 33 14 41 22 22 14 11 22 23 31 11 33 32 44 23 41 23 11
0 14 22 41 22 44 33 23 11 44 22 33 14 41 33 32 14 11 22 33 33 31 22 32 14 23 44 33 44
0 14 22 41 22 44 33 23 11 44 23 33 14 44 22 22 14 11 22 22 33 31 32 33 14 22 41 33 11
0 14 24 44 22 41 33 23 11 44 22 33 11 44 32 33 44 11 22 23 33 33 32 32 11 22 44 22 44
0 11 22 44 22 44 33 22 11 44 22 33 11 44 33 33 11 11 22 22 33 33 33 33 11 22 41 22 44
0 14 22 41 22 41 33 23 11 44 22 33 14 44 32 32 14 11 22 22 33 31 32 33 14 22 41 23 44
0 11 22 41 23 44 33 22 11 44 22 33 11 44 33 32 14 14 22 23 31 33 32 33 14 22 44 22 44
0 11 22 44 22 44 33 22 11 44 22 33 11 44 33 33 14 14 22 22 33 33 33 33 11 23 41 22 44
0 14 24 11 22 44 33 23 11 44 22 33 11 41 33 32 14 11 23 23 31 31 33 32 11 22 41 23 41
0 14 24 41 22 41 32 33 14 44 23 33 11 44 32 22 44 14 23 23 33 31 32 32 44 23 41 23 44
0 14 22 41 22 44 32 22 11 44 22 33 11 44 32 32 11 11 22 23 33 31 32 33 11 23 41 23 44
0 14 44 41 22 44 32 33 14 44 23 33 11 44 33 22 14 11 22 23 31 31 32 33 14 33 41 22 41
0 11 22 44 23 41 33 23 14 44 23 33 44 44 32 33 14 11 22 23 33 11 32 33 44 23 41 33 11
0 11 22 44 22 44 33 22 11 44 22 33 11 44 32 33 14 14 22 23 33 33 33 33 11 22 41 22 41
0 11 24 11 33 44 22 33 11 41 23 33 14 11 22 22 44 11 33 23 33 11 32 22 44 33 11 22 44
0 11 22 44 22 44 32 22 11 44 22 33 11 44 33 32 14 11 22 23 33 33 32 33 44 22 41 22 44
0 11 22 41 22 44 33 22 11 44 22 33 44 44 33 33 44 11 22 22 31 11 22 32 11 33 41 33 44
0 14 24 44 23 44 32 33 11 41 33 33 14 41 22 32 14 11 23 22 11 31 32 32 14 23 41 23 41
0 14 22 11 22 44 22 23 11 44 22 33 11 44 32 22 44 11 33 22 31 11 32 33 44 33 41 23 41
0 14 22 44 22 44 33 23 11 44 23 33 11 44 33 33 11 11 22 22 33 33 32 33 44 23 41 22 44
0 14 22 44 23 44 33 33 11 41 22 33 14 41 32 32 14 11 22 33 11 31 32 33 14 33 41 33 44
0 11 22 44 23 44 33 22 11 44 22 33 11 44 32 33 11 11 22 22 33 33 33 33 11 23 44 23 44
0 14 22 44 22 44 33 23 11 44 22 33 11 44 32 32 14 11 22 22 33 31 32 33 11 33 41 23 44
0 11 22 41 22 44 33 22 11 44 22 33 14 44 33 32 11 14 22 22 33 31 32 33 11 23 41 23 44
0 11 24 41 23 44 33 22 11 44 33 33 11 44 32 22 44 11 23 22 33 31 22 22 14 22 41 23 41
0 11 22 44 22 44 32 23 11 44 22 33 11 44 33 33 14 11 22 22 33 31 32 33 14 23 44 22 44
0 11 22 44 22 44 33 22 11 41 22 33 11 44 32 32 11 11 22 22 33 33 33 32 11 23 41 23 44
0 11 22 41 23 44 22 23 11 41 22 32 14 41 32 33 11 11 22 23 33 33 33 33 11 23 44 22 11
0 11 22 44 22 44 33 23 11 44 23 33 11 44 33 33 11 11 22 22 33 33 33 33 11 23 44 22 44
0 11 22 41 22 44 33 23 14 44 23 33 11 41 32 32 11 11 23 23 33 31 33 33 11 23 44 23 44
0 14 22 41 23 44 32 23 14 44 23 32 14 41 22 32 14 14 33 23 11 31 22 33 14 22 41 23 11
0 11 22 44 22 44 33 23 11 44 23 32 11 44 33 22 14 11 22 22 33 33 32 33 14 23 11 22 41
0 14 24 41 22 44 32 22 11 44 23 33 14 41 32 32 11 14 22 22 33 31 22 33 14 22 41 23 41
0 14 22 11 23 44 33 23 11 44 22 33 14 44 32 32 44 11 23 23 33 31 22 33 14 23 11 33 41
0 14 22 41 22 41 33 22 11 44 22 33 11 41 32 33 11 11 22 23 33 31 33 32 14 22 44 23 44
0 11 22 44 22 44 22 33 14 44 23 33 14 41 22 22 14 11 23 22 11 31 22 22 44 33 11 23 11
0 11 22 44 22 44 33 22 11 44 22 33 11 44 33 33 11 11 22 22 33 33 33 33 11 22 44 22 44
0 14 22 41 22 44 33 22 11 44 22 33 11 44 33 33 11 11 22 23 33 33 33 33 11 23 44 22 44
0 14 22 41 22 41 32 23 11 44 22 33 44 44 32 33 11 11 22 22 33 33 33 33 14 23 11 23 41
0 11 22 44 23 41 32 23 11 41 23 33 14 41 33 32 14 11 23 22 33 11 32 33 14 22 44 23 41
0 14 44 41 22 44 32 23 11 41 22 33 14 41 32 32 44 11 22 33 31 11 32 32 44 23 11 23 11
0 11 22 41 23 44 22 23 14 41 23 22 44 41 22 22 14 11 23 22 31 31 32 33 14 33 11 33 44
0 11 22 44 22 44 33 23 11 44 22 33 11 41 32 33 14 14 23 22 33 33 32 33 14 22 44 23 41
0 11 22 44 23 44 32 22 11 44 22 33 11 44 32 33 14 11 22 22 33 31 32 33 11 23 41 23 44
0 14 22 41 23 41 32 33 11 44 22 32 14 44 22 32 14 11 22 23 33 11 33 33 44 23 41 23 41
0 14 22 44 22 44 32 23 11 44 22 33 11 41 33 33 14 11 22 22 31 33 33 33 14 23 41 22 41
0 14 22 11 22 44 32 22 11 44 22 33 44 44 22 33 44 11 22 33 31 33 22 32 11 33 11 33 41
0 14 22 41 33 44 33 33 14 44 22 33 14 44 33 32 14 14 23 23 33 31 33 33 14 22 41 33 44
0 11 22 44 22 44 33 22 11 44 22 33 11 44 33 33 11 11 22 22 33 31 33 33 11 22 44 23 44
0 14 22 11 23 41 33 33 11 44 22 33 14 44 32 22 14 14 22 22 33 33 33 32 44 22 11 22 44
0 14 24 44 23 44 32 22 11 44 22 33 11 44 32 33 44 11 22 23 33 31 33 32 14 23 41 33 44
0 11 24 44 22 44 32 33 11 41 22 33 11 44 33 32 11 11 22 22 33 31 32 33 14 23 44 23 44
0 14 24 41 22 44 33 23 14 44 23 32 11 41 32 22 11 11 23 23 31 33 33 32 14 22 41 23 41
0 11 22 41 23 44 33 22 11 44 22 32 14 44 22 33 14 11 22 23 33 31 32 33 14 33 11 23 44
0 14 22 41 23 44 33 23 11 44 23 33 11 41 32 32 14 11 23 22 33 31 33 32 44 22 44 33 44
0 14 24 44 22 44 32 22 11 44 23 32 14 41 32 22 14 14 22 33 33 33 33 32 14 22 41 33 41
0 11 22 41 23 44 32 23 14 41 22 33 14 41 32 32 44 11 33 23 31 11 33 32 11 23 41 23 41
0 11 22 11 33 41 33 33 11 44 22 32 14 44 32 32 44 11 23 22 33 11 32 33 14 23 41 33 44
0 14 22 44 22 44 33 22 11 44 23 33 11 41 32 32 11 11 22 22 33 33 32 33 11 23 41 23 41
0 11 22 44 22 44 33 33 11 44 22 33 14 41 33 33 14 11 22 22 31 33 33 33 11 22 41 22 44
0 11 22 44 22 44 33 22 11 44 23 33 11 44 33 32 14 11 23 23 33 33 33 33 11 23 41 23 41
0 14 22 44 22 44 33 23 11 44 22 33 14 41 32 33 14 11 22 22 33 31 33 33 11 23 41 23 44
0 44 22 41 23 44 32 33 11 41 23 33 14 41 32 33 14 11 23 23 33 31 22 33 14 22 41 23 44
0 11 24 44 22 44 33 23 11 44 23 33 14 44 32 32 14 11 22 23 31 31 32 33 14 23 44 22 41
0 11 22 44 22 44 33 22 11 44 22 33 14 44 33 33 11 11 22 22 33 33 33 33 11 22 44 22 44
0 11 22 44 22 44 33 23 11 44 22 33 11 44 32 33 44 11 22 22 33 33 33 32 11 23 44 22 44
0 11 22 44 22 44 33 23 11 44 22 33 11 41 32 32 11 14 23 22 33 33 32 33 11 23 44 23 44
0 11 22 44 23 44 33 22 11 41 22 33 11 44 32 33 11 11 23 22 33 31 32 33 11 22 44 23 44
0 11 22 41 22 44 33 23 14 41 22 32 14 44 32 32 11 11 23 22 33 31 32 32 44 23 11 33 44
0 11 22 41 23 44 33 23 11 44 22 32 14 44 32 33 11 14 23 23 33 33 32 33 11 22 44 23 44
0 11 22 44 22 41 22 22 11 44 22 32 11 44 33 32 11 11 22 23 31 33 32 32 14 23 41 23 44
0 14 22 44 22 44 33 23 11 44 23 33 14 41 32 32 14 14 23 22 31 11 33 32 14 23 41 22 41
0 11 22 44 22 44 33 22 11 44 22 32 14 44 32 33 11 11 22 23 33 33 33 33 14 23 44 33 44
0 11 24 44 22 44 32 33 14 44 22 33 14 41 22 32 44 14 22 22 33 11 22 32 14 23 41 22 11
0 11 22 44 22 44 32 23 14 44 23 33 11 44 33 32 44 11 23 22 33 33 32 32 11 23 41 23 44
0 11 22 44 22 44 33 23 14 44 22 33 11 41 33 32 14 11 22 23 33 31 32 33 11 22 44 23 41
0 11 22 44 22 44 33 22 11 44 22 33 11 44 33 33 11 11 22 22 33 33 32 33 11 22 44 23 44
0 14 22 41 22 41 32 33 11 44 22 33 44 44 22 32 14 11 23 23 31 31 22 32 14 33 41 23 41
0 11 22 44 22 44 33 22 11 44 22 33 11 44 33 33 11 11 22 22 33 33 33 33 11 23 44 22 44
0 11 22 11 23 41 33 33 11 44 23 33 14 44 32 32 14 11 23 23 31 31 22 32 14 23 11 23 41
0 11 22 44 22 41 32 23 11 44 22 33 14 41 32 22 11 11 33 23 33 31 22 33 14 23 11 23 11
0 11 22 44 23 44 33 23 11 44 22 33 14 44 32 33 14 11 23 22 33 31 33 32 44 23 44 23 44
0 14 22 44 22 44 33 23 11 44 22 33 14 44 22 33 14 11 22 22 33 31 33 32 44 23 41 23 41
0 11 24 11 22 44 33 33 11 41 22 33 11 44 22 32 44 11 22 22 31 33 33 33 14 23 11 23 41
0 11 22 41 22 44 32 23 14 41 23 33 14 41 32 33 44 14 23 33 33 11 22 22 14 22 41 23 44
0 14 22 41 23 44 32 23 11 44 22 33 14 44 32 22 11 11 22 23 31 31 22 32 11 23 41 22 44
0 11 22 44 22 44 33 22 11 44 22 33 11 41 33 33 11 11 22 22 33 31 33 33 14 22 41 22 41
0 11 22 41 22 44 32 23 14 41 23 32 14 44 33 32 14 11 23 22 33 31 32 22 14 23 11 33 44
0 11 24 44 22 44 32 23 11 11 23 32 14 44 22 32 11 11 23 22 33 11 32 32 14 23 41 23 44
0 14 22 44 23 44 33 22 11 44 22 33 14 44 32 32 14 11 22 23 33 31 32 33 11 23 41 22 41
0 14 24 41 22 44 33 22 14 44 23 32 14 44 33 22 14 11 23 23 33 33 32 33 11 23 11 22 41
0 11 22 41 22 41 32 23 11 44 22 32 14 41 32 22 14 11 22 33 31 11 32 33 14 22 11 33 44
0 11 22 44 23 44 33 23 11 44 22 33 11 41 32 32 11 11 22 22 33 33 32 33 44 22 11 23 44
0 14 22 41 23 44 32 23 11 44 22 33 14 44 32 32 11 11 23 33 31 33 32 32 14 23 41 22 44
0 44 22 11 23 44 32 33 11 41 23 22 44 41 22 22 14 14 23 22 11 31 22 32 44 33 11 23 41
0 14 22 44 22 44 33 22 11 44 22 33 11 44 33 32 11 11 22 22 31 33 32 33 14 22 44 23 44
0 11 24 41 23 44 32 23 11 44 23 32 11 44 32 32 14 11 23 22 31 33 33 32 14 23 44 23 41
0 14 24 11 22 44 32 33 14 44 23 33 14 44 22 32 14 11 22 22 33 11 33 32 44 33 11 33 11
0 14 24 44 22 44 32 23 14 44 22 33 14 44 32 32 14 11 22 23 31 31 32 33 14 22 44 33 44
0 14 22 44 22 44 32 23 11 44 23 32 14 41 32 32 14 11 23 33 31 31 32 33 14 23 41 23 41
0 11 22 44 22 44 33 22 11 44 22 33 11 44 33 33 11 11 22 22 33 33 33 33 11 22 44 22 44
0 11 22 44 22 44 33 22 11 44 22 33 11 44 33 32 11 11 22 22 33 11 32 33 14 22 41 23 44
0 11 22 44 22 44 32 33 11 44 23 32 14 11 22 32 44 14 23 33 33 31 32 33 14 22 11 23 11
0 11 24 11 23 44 32 23 11 44 23 33 14 44 22 22 14 11 33 33 33 33 33 33 44 23 44 33 41
0 11 24 41 23 11 32 33 14 41 23 32 14 44 22 32 14 11 23 23 11 11 32 33 14 33 41 33 41
0 11 22 44 22 44 33 22 11 44 22 33 14 44 32 33 11 11 22 22 33 31 33 33 11 22 41 22 44
0 11 22 44 22 44 32 23 11 44 22 33 14 44 22 33 14 14 23 23 33 33 32 33 14 33 41 23 41
0 44 22 11 22 44 33 23 11 41 23 33 44 44 33 32 11 11 23 22 33 31 33 33 14 22 44 22 44
0 11 22 41 23 11 32 23 11 41 23 33 14 41 33 33 44 11 23 23 33 31 32 33 14 23 41 23 41
0 44 24 11 33 41 22 33 44 41 23 33 44 11 32 22 44 14 23 33 11 11 22 32 44 33 11 33 11
0 11 22 41 22 44 33 23 11 44 23 33 14 44 32 32 14 11 22 23 33 33 22 33 14 33 41 23 44
0 14 24 41 33 44 33 23 14 41 23 33 44 44 32 32 14 14 23 33 31 31 32 32 44 33 41 23 41
0 11 22 44 23 44 33 23 14 44 22 32 14 41 22 33 14 14 33 23 33 33 32 32 11 22 41 33 41
0 11 22 44 23 41 32 23 11 44 23 33 14 41 22 33 14 11 22 22 33 33 32 33 11 23 11 23 41
0 11 22 41 22 44 33 23 11 44 23 33 11 41 33 33 11 11 22 22 33 33 22 33 14 23 44 22 41
0 11 22 41 23 44 33 33 11 44 22 32 11 44 32 22 14 11 22 23 31 33 22 32 11 22 44 23 44
0 11 22 44 22 44 33 22 11 44 22 33 14 44 32 33 11 11 22 22 33 31 33 33 11 22 44 22 44
0 14 22 41 23 44 33 22 11 44 23 32 11 41 33 33 44 11 23 23 33 31 32 33 44 23 41 33 41
0 14 24 11 23 41 33 23 11 44 23 33 14 41 32 32 14 14 23 23 31 31 32 32 14 23 41 23 44
0 11 24 41 23 41 22 23 11 41 23 32 44 11 22 22 44 44 23 33 31 11 22 32 44 23 11 33 11
0 14 22 41 22 41 33 33 14 44 22 33 11 44 32 32 14 11 22 22 33 33 22 33 14 23 11 23 44
0 11 22 41 22 44 33 22 11 44 22 33 11 44 33 33 11 11 23 22 33 31 33 33 11 23 44 22 44
0 11 24 41 23 44 33 23 11 11 23 32 44 11 33 22 14 14 22 33 31 11 22 33 44 33 11 33 41
0 14 22 41 23 41 32 23 11 44 23 33 44 41 32 22 44 11 22 23 31 33 22 33 11 33 11 33 41
0 11 22 11 33 44 22 23 14 44 23 33 44 41 22 22 44 11 23 23 33 33 33 33 14 22 41 23 11
0 11 22 44 22 41 33 22 11 44 22 33 11 44 22 33 11 11 22 22 33 33 33 33 11 22 44 22 44
0 11 22 44 22 44 33 22 11 44 22 33 11 44 32 33 14 11 22 22 33 33 33 33 11 23 44 22 41
0 14 22 44 23 44 33 22 11 44 22 32 14 44 22 32 11 11 22 22 33 33 32 33 11 23 44 23 44
0 11 22 44 22 44 33 22 11 44 22 33 11 44 33 33 14 11 22 22 33 33 33 33 14 22 44 22 44
0 11 22 44 22 41 33 23 11 44 22 33 11 44 32 33 11 11 33 22 33 33 32 33 11 22 44 22 41
0 11 24 44 22 44 33 22 11 44 22 33 11 44 33 32 11 11 22 22 33 33 33 32 14 23 41 23 44
0 11 22 41 22 44 32 33 14 44 23 32 11 41 22 22 14 14 33 33 33 11 33 33 44 23 11 22 41
0 11 22 44 22 44 33 22 11 44 22 33 11 44 32 33 14 11 23 23 33 33 32 32 44 22 41 22 44
0 14 24 41 22 44 33 23 14 44 22 33 14 41 32 32 44 11 22 22 33 31 33 33 14 22 44 23 41
0 14 22 44 22 44 33 22 11 44 23 33 11 41 33 32 14 11 22 22 33 31 32 32 14 22 41 23 44
0 11 22 44 22 44 33 22 11 44 22 33 14 44 32 33 11 11 22 22 33 33 33 32 11 22 44 22 44
0 11 22 44 22 44 32 23 11 44 23 33 14 44 33 32 11 11 22 22 33 33 33 33 11 23 44 23 44
0 11 22 44 22 44 33 22 11 44 22 33 14 44 33 33 11 11 22 22 33 31 33 33 11 33 44 22 44
0 14 22 44 22 44 33 23 11 44 23 33 11 41 22 32 14 14 22 22 31 11 33 33 14 23 41 23 41
0 14 24 44 22 41 32 23 11 44 22 33 14 44 32 33 14 11 33 22 33 31 32 32 14 33 44 33 41
0 14 22 41 23 41 32 22 11 41 23 32 14 41 32 22 44 14 23 23 33 31 22 32 44 23 41 33 41
0 11 22 41 22 44 33 23 11 44 22 33 14 44 32 32 11 11 23 22 33 31 33 33 11 22 41 22 44
0 11 22 44 22 44 33 23 11 44 22 32 14 44 33 32 14 11 23 23 31 33 33 33 14 23 44 23 44
0 14 22 44 23 44 32 33 14 44 23 32 44 41 32 22 14 11 33 23 31 31 22 22 14 23 41 33 41
0 14 22 44 22 44 33 22 11 44 22 32 11 44 22 33 11 11 23 23 33 33 22 33 11 23 41 22 41
0 14 22 11 22 41 33 22 11 44 22 33 14 44 32 32 14 11 23 22 33 31 33 33 11 22 41 23 44
0 14 22 44 22 44 33 23 11 44 22 33 14 44 32 32 44 14 23 23 31 11 32 33 11 23 44 23 41
0 11 22 44 22 44 33 22 11 44 22 33 11 44 32 33 14 11 22 22 33 33 32 33 11 22 41 22 44
0 14 22 41 33 44 33 23 14 44 22 33 11 41 33 33 11 11 22 23 33 31 32 33 11 22 44 23 44
0 14 22 11 22 44 32 23 11 44 23 32 44 44 32 33 14 14 22 23 33 31 32 32 11 33 41 23 44
0 11 22 41 23 44 32 23 11 41 23 32 11 41 32 32 11 11 33 22 33 31 32 33 14 23 41 23 41
0 14 24 44 22 44 33 22 11 44 22 33 11 44 32 33 14 11 22 22 31 31 33 33 14 23 44 23 41
0 14 22 41 23 44 32 23 14 44 23 32 44 41 32 32 44 14 23 23 31 11 32 32 14 23 41 23 41
0 11 22 44 22 44 33 22 11 44 22 33 11 44 33 33 14 11 22 23 33 33 33 33 11 22 44 22 44
0 14 22 41 22 44 22 33 11 41 33 32 11 44 22 22 44 14 23 33 31 31 32 32 14 33 11 33 11
0 11 22 44 22 44 33 22 11 44 22 33 11 44 33 33 14 11 22 22 33 33 32 33 11 23 44 22 44
0 14 22 44 23 44 33 23 11 44 22 33 14 41 32 22 14 11 23 22 31 31 32 32 14 23 41 23 41
0 14 24 41 23 41 32 23 14 41 22 32 14 41 22 32 14 14 23 23 11 31 22 33 14 22 41 23 11
0 14 22 41 22 44 33 23 14 44 23 32 14 11 22 22 44 11 22 23 31 11 33 22 14 23 41 33 41
0 11 22 41 22 44 32 22 11 44 22 33 11 44 32 33 11 11 22 22 33 33 32 32 14 22 41 22 44
0 11 22 44 23 44 33 22 11 41 23 33 11 44 33 33 14 11 23 23 33 33 33 33 14 22 41 23 41
0 14 22 41 22 44 32 23 11 44 23 32 14 44 22 32 44 11 22 23 31 33 32 32 14 23 41 23 44
0 44 22 41 23 44 32 23 14 44 22 32 11 41 32 32 14 11 22 23 33 31 32 33 44 23 41 33 44
0 11 22 44 22 44 33 22 11 44 22 33 11 44 33 33 14 11 22 22 33 33 33 33 11 22 44 22 44
0 11 22 44 23 41 33 22 11 44 23 33 11 41 33 32 14 14 22 23 33 31 32 33 14 23 44 23 41
0 11 22 44 23 44 33 23 11 44 22 33 14 41 33 33 11 11 22 22 33 31 32 33 14 33 44 22 44
0 11 22 44 22 44 33 22 11 44 22 32 14 44 33 22 14 11 23 23 33 33 32 33 11 22 44 23 44
0 11 22 44 22 44 32 23 11 44 23 33 14 44 32 32 14 11 22 23 33 31 22 33 14 22 44 23 41
0 11 22 44 22 44 33 22 14 44 22 33 11 41 32 32 14 11 23 23 33 33 33 32 44 22 11 23 44
0 14 22 41 23 44 33 23 11 41 22 33 14 41 33 33 14 11 22 22 33 31 33 33 14 23 41 22 41
0 11 22 44 23 44 32 22 11 44 22 33 11 44 32 32 14 14 23 22 33 33 32 33 11 22 44 23 44
0 14 22 11 23 41 32 33 11 44 23 32 11 11 32 33 14 11 22 33 33 31 32 32 14 33 41 33 44
0 11 22 44 22 44 33 22 11 44 22 33 11 44 33 33 11 11 22 22 33 33 33 33 11 22 44 22 44
0 11 22 44 22 44 33 22 11 44 22 33 11 41 32 33 14 11 23 22 33 33 33 33 11 22 41 22 44
0 11 24 41 23 44 33 23 11 44 22 33 14 44 32 22 14 11 22 22 31 11 33 33 14 33 41 23 41
0 14 24 41 23 44 33 33 14 41 23 32 14 41 22 22 44 14 23 23 33 31 22 32 14 33 11 33 41
0 11 22 44 22 44 32 23 11 44 22 33 14 44 33 32 44 11 23 22 33 33 32 32 14 23 44 23 41
0 14 22 41 23 44 33 23 11 44 22 32 14 44 33 32 11 11 33 23 33 11 32 33 14 33 44 23 44
0 14 22 44 22 44 22 23 11 41 23 33 44 41 22 33 14 14 23 23 33 31 32 33 14 33 44 23 44
0 14 22 41 33 44 33 33 11 44 22 32 14 41 22 32 14 11 23 22 33 11 32 33 14 23 11 23 11
0 11 24 41 23 44 33 33 14 44 23 32 14 41 32 32 11 11 23 23 31 31 32 32 14 23 41 23 41
0 14 22 41 22 44 32 23 11 44 23 33 14 44 32 32 11 11 23 23 33 33 22 33 11 22 11 22 41
0 11 24 44 22 44 33 23 11 44 22 33 14 44 32 32 14 11 22 22 33 31 32 33 11 23 44 33 44
0 14 22 41 33 41 33 23 14 44 22 33 14 41 22 22 14 11 23 22 31 11 22 33 11 23 44 23 41
0 14 22 44 22 41 32 23 14 41 23 32 14 44 32 32 44 14 23 33 33 31 33 32 14 23 11 33 41
0 11 22 44 22 44 33 33 11 44 22 33 11 44 33 33 11 11 22 23 31 31 33 33 11 22 44 23 44
0 11 22 44 22 44 32 22 11 44 22 33 11 44 32 32 11 11 22 22 31 31 33 33 11 22 41 23 44
0 11 22 41 23 44 22 23 11 44 22 33 44 44 32 33 44 11 23 23 31 31 22 33 14 23 44 33 41
0 11 22 11 23 44 22 23 11 41 23 32 14 44 32 22 44 14 22 33 33 31 22 32 44 33 44 23 11
0 14 22 11 22 41 22 33 14 41 23 32 44 41 32 22 14 14 22 23 33 11 22 32 14 23 11 33 11
0 11 22 44 22 44 33 33 11 44 23 32 11 44 33 33 11 11 23 23 33 33 32 33 11 23 41 22 44
0 14 24 11 23 41 32 23 14 44 23 33 44 41 22 22 11 11 33 33 33 11 22 33 44 33 11 23 41
0 11 22 41 22 44 33 33 11 41 23 33 11 44 32 32 14 14 23 23 33 31 32 33 14 22 11 33 41
0 11 22 44 22 44 33 22 11 44 22 33 14 44 33 32 11 11 22 22 33 33 33 33 11 22 44 22 44
0 11 22 44 22 41 33 23 11 44 22 33 11 44 32 32 14 11 23 23 33 31 32 33 11 22 44 23 41
0 11 22 44 22 44 33 23 11 44 22 33 11 41 33 33 14 11 23 22 33 33 32 32 14 23 41 22 44
0 11 22 41 22 44 33 22 11 44 22 33 11 44 32 33 11 11 22 22 33 33 32 33 11 23 44 22 44
0 11 22 11 23 41 33 33 11 44 23 33 44 44 22 32 44 11 23 22 33 31 32 32 14 22 41 33 41
0 14 24 44 23 44 33 23 14 44 23 32 14 44 33 32 14 11 22 22 33 31 32 33 11 23 41 33 44
0 11 22 41 22 44 33 23 11 44 22 32 11 41 32 22 44 14 23 23 31 31 33 33 11 22 41 33 41
0 14 44 41 22 44 32 33 11 44 23 33 14 41 22 22 44 11 22 23 33 31 32 33 44 23 41 23 41
0 11 22 44 22 44 33 23 11 44 22 33 11 41 33 33 11 11 22 23 33 33 33 33 11 22 44 23 44
0 11 22 11 22 44 32 22 11 44 22 33 11 44 33 33 11 11 22 22 33 33 33 32 11 23 41 23 11
0 14 24 41 22 41 32 22 11 44 23 33 11 44 32 32 44 11 22 22 33 33 32 33 11 22 41 23 41
0 14 22 41 23 44 32 33 14 44 22 32 14 44 33 32 14 11 22 33 11 31 22 33 11 33 41 23 41
0 14 22 41 22 44 32 23 11 44 22 33 14 41 33 32 14 11 33 23 33 11 33 32 11 22 41 23 44
0 14 22 44 22 41 33 33 11 41 22 33 14 41 33 32 14 11 23 23 31 31 32 33 11 33 41 23 44
0 11 22 44 22 44 33 33 11 44 22 33 14 44 32 22 14 11 22 22 31 33 33 33 11 23 44 23 44
0 44 22 41 33 41 22 33 14 44 23 33 44 11 22 32 44 11 22 33 31 31 32 32 44 33 41 33 41
0 14 22 41 23 44 33 23 11 44 22 33 14 41 32 22 14 14 22 23 33 33 32 32 44 23 11 23 41
0 14 24 41 23 41 33 23 11 11 22 32 14 41 32 32 44 44 22 33 33 31 22 32 14 22 11 33 11
0 11 22 44 22 44 33 22 11 44 22 33 11 44 32 33 14 11 22 23 33 33 33 33 11 22 44 33 44
0 14 24 41 33 41 32 23 14 41 23 32 14 41 32 32 44 11 23 23 31 11 32 32 14 23 11 33 41
0 11 22 44 22 44 33 23 11 44 22 33 11 44 32 33 11 11 22 22 33 11 33 33 11 22 44 23 44
0 44 22 41 22 44 33 23 11 44 22 33 11 44 33 32 44 11 33 22 31 11 32 33 11 23 11 23 41
0 14 22 41 23 44 32 33 11 44 23 32 14 11 22 22 14 14 33 23 33 11 32 32 44 23 41 23 11
1 11 22 41 23 44 32 23 11 44 23 33 14 41 33 22 14 14 22 22 31 11 33 22 14 23 11 23 41
1 14 22 44 22 44 33 22 11 44 22 33 11 44 33 32 11 11 22 22 33 31 33 33 11 22 44 23 44
1 11 22 44 23 44 32 23 11 44 22 33 11 44 33 32 44 11 22 23 33 31 32 32 44 23 41 23 41
1 14 22 41 23 44 33 23 14 44 22 33 14 44 32 22 14 14 22 23 31 31 32 33 14 22 41 23 44
1 14 24 44 22 41 32 23 11 44 22 32 14 11 32 33 14 11 23 22 31 31 32 33 44 23 11 23 41
1 44 22 41 22 44 33 23 11 44 22 33 14 44 32 32 14 11 22 22 31 31 33 33 11 22 41 22 41
1 14 22 41 22 44 33 22 11 44 23 33 14 44 33 32 11 11 22 22 31 31 33 33 11 22 41 22 41
1 11 22 41 22 44 33 23 11 44 22 32 11 44 32 32 14 14 33 23 33 11 32 33 44 22 44 23 41
1 14 22 11 23 44 33 33 11 44 23 33 44 44 22 32 44 11 22 22 33 33 33 32 14 33 11 23 11
1 14 22 41 23 44 32 33 14 41 23 33 14 41 22 33 14 11 23 33 33 31 22 32 14 33 41 33 41
1 14 22 41 22 44 33 22 11 41 22 32 14 44 22 32 14 11 23 22 31 33 33 33 14 33 41 23 44
1 14 22 11 23 44 33 33 11 44 23 33 44 44 32 33 14 11 23 33 31 31 32 32 14 23 11 23 41
1 11 24 41 22 44 33 23 11 44 23 32 14 41 32 32 14 11 22 22 33 33 32 33 14 22 41 23 41
1 14 22 41 23 41 33 23 14 44 23 33 14 41 32 33 14 11 22 23 33 31 32 32 14 23 11 22 41
1 11 22 44 23 44 33 22 11 44 22 33 11 44 33 33 11 11 22 22 33 33 32 33 14 22 41 22 44
1 11 24 41 22 44 32 23 11 44 23 33 14 41 22 32 11 11 23 22 33 31 32 33 11 23 41 33 41
1 11 22 44 22 44 33 23 11 44 22 32 11 44 33 22 44 11 22 22 33 33 33 33 44 23 44 23 44
1 11 22 44 23 44 32 22 11 44 22 33 11 44 32 33 14 11 22 22 31 31 32 32 14 23 41 23 41
1 14 22 44 23 44 32 23 11 44 22 33 11 41 32 32 14 11 22 23 33 31 22 22 44 22 11 23 41
1 14 22 41 23 41 33 23 11 44 22 33 11 41 32 32 14 11 23 23 33 31 33 32 14 23 41 23 44
1 11 22 44 23 44 33 33 11 44 22 33 11 44 32 32 11 11 23 23 33 33 33 32 11 23 41 22 41
1 14 22 41 22 44 32 23 11 44 23 33 11 44 33 32 11 11 23 23 33 31 32 32 44 23 44 22 41
1 44 24 44 22 44 32 23 44 44 23 32 44 41 22 22 14 11 22 23 11 31 32 32 44 33 11 33 44
1 11 22 44 23 44 33 22 14 44 23 32 14 41 33 32 14 14 22 22 33 31 32 33 11 22 41 23 44
1 14 22 41 23 44 33 23 14 44 22 33 14 44 32 33 14 14 22 23 33 31 33 32 14 23 44 23 41
1 14 22 41 22 44 32 23 11 44 23 32 14 44 32 32 11 11 22 23 33 31 22 33 11 22 41 23 44
1 14 22 44 22 44 32 33 11 41 22 33 14 44 22 32 14 11 23 23 33 31 22 32 14 23 11 33 44
1 14 22 41 22 44 33 33 11 44 23 33 14 44 32 22 14 11 23 23 33 11 32 33 44 22 41 23 41
1 11 22 44 22 44 33 23 11 44 22 32 14 41 33 33 14 11 22 23 33 31 22 33 14 22 11 23 44
1 11 22 44 22 44 33 22 11 44 22 33 14 41 32 33 11 11 22 22 33 31 32 32 14 22 11 23 44
1 11 24 41 22 44 32 22 11 41 22 32 11 41 22 22 44 14 33 23 31 31 32 32 14 23 44 23 11
1 11 22 44 22 44 33 22 11 44 22 33 14 41 32 33 14 11 23 23 33 33 33 33 44 22 44 23 44
1 44 22 41 22 41 32 23 11 41 23 33 14 44 33 32 14 11 23 33 33 33 22 32 14 23 44 23 41
1 14 22 41 23 44 33 23 11 44 22 33 11 44 32 32 11 11 22 23 33 31 32 32 11 22 41 23 41
1 11 22 41 22 41 33 22 11 44 22 33 14 41 32 33 11 11 33 22 33 33 22 33 14 23 44 22 44
1 11 22 41 23 44 33 23 11 41 22 33 14 44 32 32 11 11 23 33 33 33 33 33 11 23 11 33 44
1 11 22 41 22 44 33 23 11 44 22 33 11 44 32 33 11 11 23 33 31 33 33 32 14 23 44 22 44
1 44 22 41 33 11 22 33 44 11 33 32 44 41 22 22 14 44 33 33 11 11 22 33 44 33 11 33 11
1 14 22 41 22 44 33 23 11 44 22 33 11 44 22 32 11 14 23 23 33 33 33 33 14 22 11 22 44
1 14 24 11 22 11 33 33 11 41 23 32 14 41 32 32 14 14 23 23 31 31 22 32 14 23 11 33 11
1 14 22 44 22 44 33 23 11 44 23 33 11 44 33 33 14 11 22 22 33 33 33 33 11 22 41 33 44
1 11 22 41 22 44 33 22 11 44 22 33 14 44 32 33 11 11 22 22 33 33 33 33 11 22 41 22 44
1 11 24 41 23 44 33 23 11 44 23 33 14 11 22 32 14 11 23 33 33 33 32 32 14 33 11 33 41
1 11 22 11 22 44 32 33 11 44 23 32 14 44 32 22 14 11 23 22 31 31 32 33 14 22 44 33 41
1 14 22 44 22 44 32 23 11 44 22 33 14 41 33 22 14 11 23 22 31 31 33 33 14 23 44 23 41
1 14 22 44 22 44 32 22 11 44 22 33 14 44 22 22 14 11 22 22 33 33 33 32 11 22 11 23 44
1 11 22 44 23 44 33 23 11 44 22 33 14 41 22 33 11 11 22 22 33 31 32 33 14 33 44 33 44
1 11 22 44 22 44 33 22 11 44 22 33 11 41 33 33 14 11 22 23 31 33 32 32 11 22 44 23 41
1 11 22 44 22 44 33 22 11 44 22 33 11 44 33 33 44 14 22 22 33 33 32 33 11 23 44 23 41
1 11 22 41 23 44 32 33 11 44 33 22 14 44 22 22 11 11 23 22 31 31 32 32 14 33 41 23 11
1 11 22 41 22 44 33 22 14 44 22 33 14 11 32 32 14 14 23 23 31 31 32 33 14 23 41 22 44
1 11 22 41 22 44 33 22 11 41 23 33 14 44 32 32 11 11 22 22 33 31 33 33 14 23 44 23 41
1 14 24 11 33 44 32 33 11 41 23 33 11 11 32 22 44 11 23 22 33 31 32 32 14 33 41 33 44
1 14 22 44 22 44 33 22 11 44 23 33 11 41 33 33 11 11 22 22 33 31 32 33 14 33 41 22 41
1 11 24 41 23 44 32 33 11 44 22 33 44 41 32 33 44 11 22 23 33 33 22 33 44 33 44 23 11
1 14 22 44 23 44 33 22 11 44 22 33 14 44 33 32 44 11 22 23 33 33 33 33 11 23 41 22 44
1 11 22 44 22 44 33 23 11 44 22 33 11 44 33 33 14 11 22 22 33 31 33 33 11 22 44 22 44
1 11 22 44 22 44 33 33 11 44 22 32 14 44 33 33 11 11 22 22 33 33 22 33 11 22 44 23 44
1 14 24 41 23 44 33 33 11 44 23 32 14 44 32 32 44 11 22 22 33 31 32 33 14 23 41 23 41
1 14 22 44 22 44 32 23 11 44 22 33 14 44 32 32 14 11 23 23 33 11 22 33 14 33 44 22 44
1 11 22 44 23 44 33 23 11 44 22 33 11 44 33 33 14 11 22 23 33 11 32 32 44 23 11 33 41
1 11 24 41 22 41 33 22 11 44 23 33 14 41 32 33 11 11 22 22 33 33 33 33 14 23 41 22 44
1 44 24 11 22 44 22 33 14 44 33 32 44 41 32 32 44 11 23 33 11 11 22 22 44 23 11 33 41
1 14 22 44 33 44 32 23 11 44 23 32 14 44 22 32 14 11 22 22 31 33 32 33 14 23 11 33 11
1 11 24 11 33 41 32 33 14 41 23 32 44 11 22 32 14 14 33 33 31 11 22 32 14 23 11 33 44
1 14 22 41 22 44 32 23 11 41 22 33 44 44 32 32 14 11 22 33 33 33 33 32 14 23 41 23 41
1 11 22 44 22 44 33 22 11 44 22 33 14 41 33 33 11 11 22 23 33 11 33 32 11 22 44 22 44
1 11 22 41 22 44 33 22 11 44 22 33 11 44 32 33 14 11 22 22 33 33 32 33 11 22 44 22 44
1 14 24 11 22 44 33 23 14 44 22 33 11 41 32 22 14 11 23 33 31 31 22 33 14 33 41 23 44
1 14 22 44 23 44 22 23 11 44 23 33 11 44 32 33 14 11 22 23 31 33 22 32 14 22 41 23 41
1 14 22 44 22 44 33 33 11 44 23 33 44 44 32 32 14 11 22 22 33 33 32 33 11 22 41 22 44
1 14 24 41 23 44 32 22 11 44 22 32 14 44 22 32 14 14 22 23 33 31 32 32 11 22 44 23 41
1 14 22 41 22 44 32 23 11 44 22 32 14 41 32 22 44 11 22 22 33 11 22 32 11 33 11 33 41
1 11 22 41 22 44 33 23 11 44 22 33 11 44 33 33 11 11 23 22 33 31 32 33 11 22 41 23 41
1 11 24 41 22 44 22 22 11 44 23 32 14 41 32 33 14 11 33 22 31 33 22 32 14 23 11 23 44
1 11 22 41 23 44 33 22 11 44 22 33 11 44 33 32 11 11 22 22 33 33 33 33 14 23 41 22 44
1 11 22 11 23 44 32 23 11 44 33 33 11 41 32 33 14 11 22 23 33 33 22 33 14 23 41 33 44
1 44 24 41 23 44 22 23 14 44 23 32 14 41 22 32 14 11 23 23 31 31 32 22 14 23 11 23 41
1 44 22 11 23 41 32 23 11 44 23 33 14 44 32 32 14 11 22 33 31 31 32 33 14 23 41 22 44
1 11 22 44 23 44 32 22 11 44 23 32 14 44 32 33 11 11 22 23 33 31 32 33 11 22 44 23 41
1 11 24 44 22 44 33 33 11 44 23 33 11 44 33 32 11 11 22 22 33 31 33 33 11 23 41 22 44
1 14 22 41 33 41 32 33 11 44 23 32 14 41 22 22 14 11 23 23 31 33 32 32 44 33 11 33 44
1 11 22 44 22 44 33 33 11 44 22 33 14 44 32 22 11 11 23 22 31 31 33 32 11 23 44 22 44
1 14 22 44 22 41 32 23 11 44 22 33 11 11 32 33 11 11 22 23 33 33 32 33 14 22 11 33 41
1 14 22 11 23 44 33 33 11 41 22 33 11 41 32 33 14 11 22 22 33 33 32 33 11 22 11 22 44
1 11 22 44 22 44 33 23 11 44 23 32 14 44 33 32 14 11 22 22 33 31 33 33 11 22 44 23 44
1 11 22 44 22 41 33 23 11 44 22 33 11 44 33 32 44 11 22 22 33 33 33 33 14 23 44 23 44
1 14 22 11 22 44 33 22 14 44 23 33 14 41 32 33 44 14 23 23 33 11 22 32 14 23 41 23 41
1 11 22 41 22 44 32 22 11 44 22 33 11 44 32 32 11 11 22 33 33 33 32 33 14 22 44 33 44
1 11 22 41 22 44 33 23 11 44 22 32 14 41 32 33 14 11 23 23 33 33 33 33 14 23 44 22 44
1 14 22 11 23 44 33 33 11 44 22 33 44 44 32 32 44 11 22 22 33 31 32 33 14 23 41 33 41
1 14 24 41 23 44 32 23 14 44 23 32 14 41 32 32 14 11 23 23 31 31 32 32 14 23 41 23 41
1 14 22 44 22 44 33 23 11 44 23 32 14 41 33 33 11 11 22 23 31 31 32 33 14 33 44 33 41
1 11 22 44 22 44 33 22 11 41 22 33 14 44 33 33 14 11 22 22 33 31 33 33 11 22 44 22 44
1 11 22 44 23 41 22 33 11 44 23 33 11 44 22 33 11 44 22 23 33 31 32 33 14 22 41 23 41
1 14 24 41 22 41 32 23 14 44 22 33 14 44 32 32 14 14 23 23 31 31 32 32 14 23 41 23 44
1 11 22 44 22 44 33 22 11 44 22 33 11 41 33 33 14 11 22 22 33 33 32 33 11 22 41 23 41
1 11 22 44 22 44 33 22 11 44 22 33 14 44 32 33 14 11 22 22 33 31 33 33 14 23 44 22 41
1 11 22 44 22 44 33 23 11 44 22 33 14 44 33 32 14 11 22 22 33 33 33 33 11 23 11 22 44
1 11 22 44 22 44 22 22 11 44 22 33 14 44 22 22 14 11 23 22 33 33 33 33 14 22 41 22 41
1 14 22 41 22 44 32 23 11 41 22 33 11 41 22 32 14 14 22 23 33 31 32 33 11 23 41 22 44
1 14 24 44 23 44 33 23 11 44 22 33 14 44 32 32 14 11 22 22 33 31 32 33 14 22 41 23 41
1 11 22 44 22 44 33 33 14 44 22 32 14 44 33 22 14 11 22 23 33 33 33 33 11 22 44 22 44
1 14 22 11 22 44 22 23 11 41 22 32 14 44 32 22 44 11 33 22 31 11 22 32 11 23 41 22 44
1 11 22 44 22 44 33 23 11 44 23 33 14 44 33 32 44 11 22 22 33 31 33 33 14 23 11 33 41
1 11 22 44 22 44 33 23 11 44 22 33 14 44 33 32 11 11 22 22 33 31 22 33 14 22 41 22 44
1 11 22 44 22 44 33 22 11 44 23 33 11 44 32 32 11 11 22 22 33 33 33 33 14 22 41 22 44
1 11 24 41 22 44 33 23 11 44 22 33 14 44 22 32 44 14 23 23 31 31 32 33 14 23 41 33 44
1 11 22 44 22 41 33 22 11 44 22 33 11 44 32 33 11 11 23 22 33 31 32 32 11 22 41 23 44
1 14 24 41 22 41 32 23 11 41 23 33 14 44 32 32 44 11 23 22 31 31 22 32 14 33 11 23 41
1 14 22 44 22 44 33 22 11 44 23 33 44 44 32 32 11 11 23 22 33 33 32 33 11 33 41 23 41
1 11 22 44 22 44 33 22 11 44 22 33 11 44 33 32 11 11 22 23 33 33 33 33 11 22 44 22 44
1 11 22 41 23 44 33 22 11 44 22 33 11 44 22 32 14 11 23 22 33 31 32 33 44 22 41 23 41
1 11 22 44 23 44 33 23 11 44 22 33 11 41 32 33 14 11 22 22 33 31 33 33 14 22 44 23 44
1 11 22 41 22 41 32 23 11 44 22 32 11 44 32 32 14 11 22 23 31 11 22 33 14 23 41 23 41
1 11 22 44 23 44 33 22 11 44 22 32 11 44 33 33 14 11 22 22 33 33 32 33 11 22 41 23 44
1 11 22 41 22 44 33 23 11 41 22 32 44 41 32 32 11 11 22 23 31 31 32 32 14 23 11 22 41
1 11 22 41 23 41 32 23 14 44 23 33 14 44 32 32 14 11 22 23 31 31 22 32 14 23 41 22 44
1 11 22 11 23 44 33 22 44 44 22 32 14 41 22 32 14 11 33 23 31 31 22 33 11 22 41 33 11
1 11 22 44 22 44 33 23 14 41 22 33 11 44 32 32 14 11 23 23 33 31 32 33 14 23 44 33 44
1 11 22 11 22 44 32 23 11 44 23 33 14 11 22 22 14 11 23 23 33 31 32 22 44 33 41 23 11
1 11 22 41 22 44 33 22 11 44 22 33 11 44 32 33 11 11 22 23 33 33 33 33 14 22 44 23 44
1 11 24 44 22 44 33 23 11 44 22 32 14 41 22 33 14 11 23 22 33 31 33 32 14 22 44 23 44
1 14 22 44 23 44 33 22 11 44 22 33 14 44 33 22 11 11 22 23 33 31 33 33 11 23 44 23 44
1 14 22 44 22 44 33 22 11 44 23 32 11 11 32 33 14 11 22 22 33 33 32 33 14 23 44 22 44
1 11 24 41 23 44 33 33 11 44 22 33 11 44 22 33 14 11 23 22 33 31 33 32 11 23 11 22 44
1 11 22 41 23 44 33 33 14 44 22 32 14 44 32 33 14 11 22 22 31 11 32 33 14 23 44 33 11
1 11 22 44 22 44 33 22 11 44 22 33 11 44 33 33 14 11 22 22 33 33 33 33 11 22 44 22 44
1 11 22 41 22 44 33 23 11 44 22 33 11 44 32 33 11 11 22 22 33 31 32 32 11 22 44 33 11
1 11 22 11 23 44 32 22 11 44 23 33 11 44 32 32 11 11 23 23 33 33 22 33 14 33 41 22 41
1 14 24 41 23 44 33 22 11 41 22 32 14 41 32 32 44 11 23 23 31 31 32 33 14 23 41 23 41
1 14 24 11 33 41 32 23 14 44 23 33 14 41 22 22 14 11 22 33 11 11 32 32 14 23 41 23 41
1 44 22 11 23 11 22 33 11 44 22 33 14 11 22 22 44 11 33 23 31 31 22 33 14 33 11 33 41
1 44 22 44 22 44 32 22 11 44 23 33 11 44 32 33 14 11 33 22 33 33 33 33 11 23 44 33 41
1 11 22 44 22 41 33 23 11 44 22 33 14 44 32 32 44 11 22 23 31 33 32 33 14 23 41 22 44
1 14 24 41 22 44 32 23 14 44 23 32 44 41 32 32 14 11 23 23 33 33 32 32 44 23 41 23 41
1 11 22 44 22 44 32 23 11 44 22 32 14 44 32 32 11 11 22 23 33 31 33 33 11 22 44 22 44
1 14 22 41 23 44 33 22 11 44 23 33 11 44 32 32 44 14 23 23 31 31 33 33 14 23 44 23 41
1 11 22 44 22 44 32 23 11 44 22 33 14 44 33 32 11 11 22 33 33 31 32 33 14 23 41 23 44
1 14 22 41 23 44 32 33 11 44 23 33 14 44 22 22 44 11 23 23 33 11 32 22 11 23 41 33 44
1 11 22 44 22 41 33 22 11 44 22 33 11 44 22 33 11 14 22 23 33 33 22 32 14 22 41 33 41
1 14 22 41 23 44 32 23 11 44 23 32 11 44 32 33 14 11 23 22 31 31 33 32 11 22 41 23 41
1 14 22 41 22 44 33 23 11 44 23 33 14 44 32 32 11 11 22 23 33 31 32 32 44 22 41 33 44
1 11 24 44 22 44 33 23 11 44 22 32 14 44 32 32 14 11 22 23 33 31 32 32 11 22 44 22 44
1 14 22 44 22 41 33 22 11 44 22 33 14 44 32 33 11 11 22 22 33 31 32 33 14 33 41 23 44
1 14 22 44 22 44 33 22 11 44 22 33 11 44 32 33 11 11 22 22 33 33 33 33 11 22 41 22 44
1 14 22 41 23 41 22 23 14 44 22 33 14 41 22 33 44 14 22 23 33 33 32 22 44 23 41 23 11
1 11 22 44 23 44 33 23 11 44 22 33 11 44 32 32 14 11 22 22 33 31 22 33 44 22 41 22 44
1 11 22 11 22 44 32 33 11 44 23 32 14 41 32 22 44 11 22 23 33 11 32 33 44 23 41 23 41
1 14 22 41 22 44 33 23 11 44 22 33 11 44 33 32 11 11 22 22 33 33 32 33 14 23 44 23 41
1 11 24 41 23 44 32 23 11 44 23 32 11 41 32 32 11 11 22 23 33 33 22 33 14 23 11 23 41
1 44 22 11 23 41 22 33 11 41 23 33 44 41 33 32 44 44 33 23 31 31 22 32 44 23 41 23 41
1 11 22 44 23 44 32 22 11 44 23 33 11 41 32 22 11 11 23 22 31 31 32 33 44 23 41 33 44
1 11 24 41 22 44 33 22 11 44 23 33 14 44 33 32 14 11 23 23 33 33 32 33 14 23 44 23 44
1 11 22 44 22 44 33 23 11 44 22 33 14 44 32 33 14 11 22 22 33 33 33 33 11 22 44 23 44
1 11 24 41 23 44 33 23 14 44 23 33 11 41 22 32 11 11 22 23 33 33 22 33 14 23 11 33 44
1 11 22 44 23 44 33 23 11 44 22 33 11 44 32 32 14 11 22 33 33 33 33 33 14 33 44 22 44
1 14 22 11 23 41 32 23 11 44 23 32 14 44 33 33 44 14 22 23 33 11 22 33 14 23 41 23 41
1 14 22 41 23 41 33 33 11 41 23 32 11 44 33 32 11 44 23 22 33 31 32 33 14 33 41 33 41
1 14 24 41 22 44 32 23 11 44 23 33 11 41 32 32 14 11 22 23 31 11 22 33 14 23 41 22 44
1 14 22 44 22 44 33 22 11 44 22 33 14 44 22 32 44 14 22 22 31 33 32 33 44 22 11 23 41
1 11 24 41 33 44 33 23 11 44 22 33 14 41 22 32 11 11 22 22 31 33 32 33 11 23 41 23 41
1 11 22 11 33 41 22 22 14 41 33 32 44 44 32 22 44 11 33 33 33 31 22 32 44 23 11 23 11
1 11 22 41 23 44 33 22 11 44 23 33 14 44 33 32 14 11 22 23 31 11 32 32 11 22 41 22 44
1 11 22 44 23 41 32 23 11 44 33 32 11 11 32 33 44 11 22 22 33 31 32 32 44 23 41 33 44
1 11 22 41 22 41 33 23 11 44 23 33 14 41 32 33 14 11 22 23 33 11 22 32 44 33 41 23 41
1 11 22 41 23 44 33 22 11 44 22 32 11 44 32 32 14 11 23 22 33 33 32 32 14 23 41 22 44
1 14 22 41 22 44 32 33 11 41 22 33 14 44 33 33 11 11 22 23 33 33 22 32 11 22 44 23 44
1 44 22 41 22 41 22 22 14 44 23 33 44 41 22 32 44 11 23 23 31 11 22 22 44 23 41 33 41
1 11 22 41 23 44 33 22 14 44 23 32 11 44 32 32 14 11 22 22 33 31 33 33 14 23 11 23 44
1 11 22 41 22 44 33 22 11 44 22 33 14 44 32 33 14 11 22 22 33 31 33 33 14 23 44 23 41
1 11 22 44 22 44 33 23 11 44 22 33 14 44 32 33 14 11 22 22 33 33 32 33 11 33 11 23 44
1 14 24 44 23 44 33 23 11 41 33 32 11 44 32 33 44 11 23 23 33 11 32 33 11 33 41 33 41
1 14 22 44 33 44 33 23 11 44 22 22 14 44 32 32 14 11 23 23 33 31 33 33 44 22 41 23 44
1 11 22 44 22 44 33 23 11 44 22 33 11 44 22 33 11 11 22 22 33 33 33 33 11 22 44 22 44
1 14 22 44 22 44 32 23 14 44 33 33 14 44 32 33 11 11 23 22 33 33 33 33 14 23 41 23 41
1 11 24 11 23 41 32 23 14 44 22 32 44 41 22 22 44 14 22 22 33 33 22 32 14 33 11 23 44
1 11 22 44 22 44 33 22 11 44 22 32 11 44 32 32 11 11 22 22 33 33 33 33 14 22 44 23 44
1 11 24 41 22 44 32 22 14 41 23 22 14 44 22 32 44 11 22 23 31 31 32 33 14 33 41 33 11
1 11 22 44 22 44 32 22 11 44 22 33 11 44 33 22 14 11 22 23 33 33 33 33 11 22 41 22 44
1 11 22 41 23 41 32 22 11 44 22 32 11 41 32 33 44 11 23 23 31 31 32 33 11 23 41 22 41
1 14 22 44 22 44 33 23 11 44 22 33 11 41 22 22 14 11 22 23 31 31 32 33 14 22 41 33 44
1 11 22 44 22 44 33 22 11 44 22 33 14 44 22 32 14 11 22 22 33 11 32 33 44 22 41 33 41
1 14 22 44 23 44 33 22 11 44 22 33 14 44 33 32 44 11 22 22 33 33 33 33 11 23 41 22 41
1 11 22 41 22 44 33 23 11 44 22 33 11 44 33 33 11 11 22 22 33 33 33 33 11 23 44 22 44
1 44 24 41 23 41 22 33 14 41 33 33 44 11 32 22 44 11 23 33 31 31 22 33 14 33 41 33 11
1 14 24 11 23 44 33 23 11 41 33 32 14 11 32 32 11 11 23 33 31 11 22 33 14 33 11 23 41
1 11 22 41 22 44 22 22 11 44 22 32 14 11 32 32 14 11 23 23 33 31 33 33 14 22 11 23 44
1 14 22 44 23 44 33 22 11 44 23 32 11 44 32 32 14 11 22 22 33 31 32 33 14 22 41 22 44
1 11 22 41 22 44 33 22 11 44 23 33 14 44 32 33 11 11 22 22 33 33 32 32 14 23 41 23 44
1 11 22 41 22 44 33 22 11 44 22 32 14 44 32 32 11 11 22 33 33 33 32 32 11 22 41 23 41
1 11 22 44 22 44 32 23 11 44 22 33 14 44 33 32 11 11 22 22 33 33 33 33 11 22 11 22 41
1 11 22 44 22 44 33 22 11 44 22 33 14 41 32 32 14 14 22 23 31 31 33 33 14 23 41 23 44
1 11 22 11 22 44 32 23 11 44 22 33 14 44 32 32 14 11 23 22 31 33 32 32 14 23 44 23 41
1 14 22 41 22 44 33 22 11 44 22 33 44 44 22 22 14 11 22 33 33 33 32 33 14 22 41 23 41
1 11 22 41 22 44 33 23 11 41 22 32 11 41 22 32 14 14 23 22 33 31 22 32 14 23 41 23 41
1 11 22 44 23 44 33 23 11 44 22 33 14 44 33 33 11 11 22 22 31 33 32 33 11 23 44 22 44
1 11 22 41 22 41 33 23 11 44 22 33 14 44 22 32 14 11 23 23 31 31 32 32 14 22 44 23 41
1 11 22 41 23 44 33 22 11 44 22 33 14 44 33 32 11 11 22 23 33 31 33 32 14 23 44 22 44
1 14 24 41 23 41 32 23 11 44 33 32 14 44 32 32 14 11 23 23 33 33 22 33 11 23 41 23 41
1 11 22 41 23 44 32 22 11 44 22 33 11 44 32 33 14 14 22 23 33 31 33 32 11 23 11 33 44
1 11 22 44 22 44 33 22 14 44 22 33 14 44 33 33 14 11 22 22 33 33 22 32 11 22 11 23 41
1 11 22 44 23 44 33 22 11 44 23 33 11 44 33 33 11 11 22 22 33 33 32 33 14 33 41 23 44
1 11 22 11 23 44 33 23 11 44 23 32 14 44 22 33 14 11 22 22 33 33 32 33 11 23 11 23 44
1 11 22 44 23 44 32 22 11 44 22 33 11 41 32 33 14 11 22 22 33 31 33 32 11 23 41 22 44
1 11 22 44 22 44 33 22 11 44 22 33 14 41 32 32 11 11 23 22 33 31 33 32 14 23 44 22 41
1 11 22 41 22 44 33 23 11 44 22 33 11 41 32 33 11 11 22 22 33 33 33 33 11 22 44 22 44
1 11 24 44 22 44 32 22 11 44 22 33 14 44 32 32 11 11 22 23 31 31 33 33 11 22 41 22 41
1 14 22 41 22 44 32 23 11 44 22 33 11 41 32 33 14 11 22 22 33 33 32 33 11 22 11 22 44
1 14 22 44 22 44 32 23 11 44 22 33 11 41 33 33 44 11 23 22 33 31 32 33 11 22 11 33 44
1 11 22 41 33 44 32 22 11 44 23 33 11 41 32 33 11 11 23 22 33 31 32 33 11 22 41 23 44
1 14 22 41 22 44 33 22 11 44 23 33 11 44 22 22 11 11 22 22 33 31 32 33 11 22 44 22 44
1 11 22 41 23 44 22 23 11 41 22 33 44 44 22 33 44 11 22 22 33 11 32 32 14 22 11 33 41
1 11 22 44 22 44 32 23 11 44 22 32 14 44 32 32 14 11 22 22 33 31 32 32 44 22 44 22 41
1 11 22 41 22 44 32 23 11 44 33 33 44 41 32 33 44 11 23 22 33 31 33 33 11 23 44 23 44
1 11 24 44 23 44 33 33 11 44 23 32 14 41 32 22 14 11 23 33 31 31 33 33 14 23 41 33 44
1 14 22 41 23 44 33 23 11 44 22 32 44 44 33 33 14 11 22 22 33 33 32 33 11 22 41 23 41
1 11 24 41 22 44 33 23 11 44 22 33 11 44 32 33 14 11 22 22 31 31 33 33 14 22 44 22 44
1 44 22 44 23 44 33 23 11 44 33 32 14 11 32 33 14 11 23 33 33 11 33 33 14 33 44 22 41
1 11 22 41 22 41 33 23 11 44 33 33 14 44 32 32 44 11 23 22 33 11 22 33 14 22 11 22 44
1 11 22 44 22 44 33 33 11 44 22 33 14 44 33 33 14 11 22 23 33 33 33 33 14 23 41 23 44
1 11 22 44 22 41 32 23 14 44 33 32 14 41 22 22 14 11 23 22 33 33 22 22 44 23 41 23 11
1 14 22 44 22 44 32 23 11 44 22 33 11 44 32 33 14 11 23 23 33 11 33 33 11 23 44 23 44
1 14 22 41 22 44 33 23 11 44 22 33 14 44 33 22 44 11 23 22 31 31 32 32 14 22 11 33 44
1 11 22 41 22 44 33 23 11 44 23 33 14 41 33 33 11 11 23 22 33 33 22 33 14 22 41 33 41
1 11 22 44 23 44 33 23 11 44 22 33 11 41 33 32 11 11 22 23 33 31 32 33 11 22 41 33 44
1 11 24 44 22 44 33 22 11 44 22 33 14 44 32 32 11 11 23 23 33 33 32 33 11 22 41 23 41
1 11 24 41 23 41 32 33 14 41 23 32 14 41 32 22 14 14 33 23 31 31 32 32 11 23 41 23 44
1 14 22 44 22 44 33 22 14 44 22 32 14 44 32 32 14 11 23 23 33 33 33 33 44 23 44 23 44
1 14 24 41 23 41 33 23 11 44 22 33 44 44 22 32 44 11 22 33 31 31 33 32 14 33 44 33 41
1 11 22 44 23 44 33 22 14 44 22 33 11 41 22 33 14 11 23 23 33 31 33 32 14 22 41 22 41
1 11 24 41 23 44 33 23 11 44 23 32 14 44 32 32 44 14 23 33 33 31 32 33 14 22 41 23 44
1 11 22 44 22 44 33 23 11 44 22 33 11 44 33 33 14 11 22 22 33 33 33 33 14 22 41 22 44
1 14 24 41 22 11 32 33 11 44 23 32 44 44 32 32 44 11 22 33 33 11 22 22 44 33 11 23 41
1 11 22 41 22 44 33 23 11 44 22 33 44 44 32 32 11 14 22 22 33 33 33 33 11 23 44 33 44
1 11 24 11 23 44 33 22 11 44 22 33 14 41 32 32 11 14 22 22 33 31 22 32 44 23 41 23 41
1 11 24 44 22 44 32 23 11 44 22 33 11 41 32 32 14 11 22 22 33 33 33 33 11 22 44 23 41
1 11 22 44 22 44 33 23 11 44 22 33 44 44 32 22 11 11 23 22 33 33 32 22 14 23 41 23 44
1 14 22 41 22 44 32 22 11 41 23 33 14 41 22 32 11 11 22 23 31 33 32 32 44 22 11 23 41
1 14 22 44 22 44 32 23 11 44 22 33 11 44 33 33 11 11 22 22 33 31 33 33 14 22 41 23 41
1 14 22 41 22 44 33 22 11 44 23 33 11 44 33 33 14 11 23 23 33 33 32 32 44 23 41 22 44
1 11 22 41 23 44 33 23 11 44 22 32 44 44 32 32 14 14 23 23 33 31 32 32 14 23 41 23 44
1 14 22 44 23 44 33 23 11 44 23 32 14 41 22 32 14 14 33 23 31 31 32 33 11 23 11 23 44
1 14 22 44 22 44 33 23 11 44 23 33 11 41 32 32 14 14 22 23 31 31 33 33 44 22 11 22 44
1 14 22 44 23 44 32 23 11 44 22 33 14 44 32 32 44 11 22 23 31 33 32 33 14 33 41 23 44
1 14 22 44 22 44 32 22 11 44 22 33 11 44 33 32 14 11 22 22 33 31 32 33 14 22 11 22 44
1 11 22 11 22 44 32 33 11 44 23 32 14 44 32 22 44 11 22 22 33 31 22 32 44 23 11 22 44
1 11 24 44 23 44 32 23 11 44 22 32 44 41 22 32 14 11 33 33 33 31 22 33 44 23 41 23 11
1 11 22 41 22 41 33 22 11 41 23 33 14 44 22 33 11 11 23 23 33 33 32 32 11 23 11 33 44
1 14 22 41 22 44 33 23 14 44 22 33 11 41 33 33 14 11 23 23 33 31 32 32 11 22 44 22 44
1 11 22 11 22 44 33 22 11 44 22 33 11 44 22 33 14 11 22 22 33 33 32 33 14 22 41 23 41
1 11 22 44 22 44 33 23 11 44 22 32 14 44 33 33 11 11 22 22 33 33 33 33 11 23 44 22 41
1 11 22 41 22 44 32 22 11 44 22 33 11 44 33 33 11 11 23 33 33 33 33 33 14 23 44 22 44
1 14 22 41 23 44 33 23 11 44 22 33 11 44 32 32 14 11 22 23 33 31 32 33 11 23 41 33 41
1 11 22 44 22 44 32 23 11 44 22 33 14 41 33 32 44 11 22 22 33 31 32 33 14 22 11 33 41
1 11 22 44 22 44 32 22 11 44 22 33 11 44 33 33 14 11 23 23 33 33 33 33 11 22 41 22 44
1 14 22 44 22 44 32 23 11 44 23 32 14 41 32 32 14 11 22 23 31 33 33 32 14 23 41 23 41
1 11 22 44 22 44 32 23 11 44 22 33 14 44 32 33 14 11 22 22 33 31 32 33 14 22 41 22 44
1 11 22 44 22 44 33 22 11 44 22 33 14 44 32 32 11 14 22 22 33 31 33 33 11 22 44 22 44
1 14 22 11 22 44 33 22 11 44 23 32 11 44 32 32 14 11 22 23 33 31 32 32 11 23 11 23 11
1 11 22 44 22 44 33 23 11 41 23 32 14 44 33 33 11 11 22 22 33 33 22 33 11 22 44 22 44
1 14 22 41 23 44 33 23 14 44 23 32 14 41 22 32 44 11 22 22 33 31 32 22 14 23 41 23 44
1 11 24 41 22 41 33 23 14 11 23 32 14 41 32 22 11 11 22 23 31 11 32 32 14 23 41 33 41
1 14 24 11 23 41 22 23 11 41 23 32 14 41 22 22 14 14 23 23 11 11 22 22 44 23 11 33 11
1 11 24 44 22 44 33 22 11 44 22 33 11 44 32 32 44 11 23 23 33 33 33 33 14 22 44 33 44
1 11 24 41 22 44 33 22 11 44 23 33 11 41 32 32 11 14 23 22 33 31 32 33 14 23 44 23 44
1 14 24 11 23 41 32 33 11 41 23 33 14 41 22 32 14 11 23 23 31 11 32 32 14 33 41 23 41
1 44 22 41 23 44 33 33 11 44 22 33 11 44 33 32 14 11 22 23 33 33 32 33 11 23 11 23 44
1 11 24 44 23 44 33 23 11 44 22 33 14 44 22 32 44 11 22 33 33 31 33 33 14 23 44 33 41
1 11 22 44 23 44 32 33 14 44 22 32 11 44 22 33 44 14 33 23 31 33 32 32 44 23 11 33 11
1 11 22 44 22 44 32 22 11 44 22 33 11 44 32 33 14 11 22 22 33 31 32 33 11 22 44 22 44
1 11 22 44 23 44 33 23 11 44 23 33 14 44 33 32 14 11 23 22 33 33 32 33 14 23 11 22 44
1 11 22 44 22 41 33 23 11 44 23 33 11 44 33 32 11 11 23 23 33 31 33 33 14 23 41 23 41
1 14 22 41 22 44 33 23 11 44 23 33 11 44 33 32 11 11 22 22 33 31 33 33 14 22 41 23 44
1 11 22 44 22 44 33 22 11 44 22 33 11 44 33 32 44 11 22 22 31 33 33 32 11 22 44 22 44
1 11 22 41 23 44 33 23 11 44 23 33 11 44 22 33 11 11 22 33 33 33 32 33 14 22 41 23 44
1 11 22 44 23 44 32 22 11 44 22 32 11 44 32 33 11 11 22 23 33 31 32 33 14 22 11 33 11
1 14 22 41 22 44 33 23 11 44 23 33 14 44 32 33 11 11 22 23 33 31 33 32 11 23 44 23 44
1 14 22 44 22 44 33 33 11 44 23 32 14 44 22 32 44 11 22 22 33 33 32 33 11 23 41 22 41
1 11 22 44 22 44 33 22 11 44 23 32 11 44 22 32 14 11 23 22 33 31 33 33 14 33 44 23 44
1 11 22 41 23 41 32 23 11 44 22 32 44 41 32 22 14 11 22 33 31 11 32 33 11 23 41 23 41
1 11 22 44 23 44 33 23 14 44 22 33 14 44 32 32 14 14 22 23 33 31 32 32 14 23 11 23 44
1 14 22 44 22 44 33 23 11 41 22 32 11 41 32 33 14 11 23 23 33 31 22 32 11 22 44 23 44
1 14 22 44 22 44 33 22 11 44 22 33 11 44 32 32 44 11 22 22 33 33 22 33 44 23 44 22 41
1 11 22 44 22 44 32 23 11 44 22 33 11 44 33 32 11 11 23 22 33 33 32 33 11 22 41 22 44
1 14 24 41 33 44 32 23 11 44 22 32 14 44 33 32 44 14 23 23 31 31 32 32 44 33 41 22 41
1 11 24 41 23 44 33 23 14 41 23 33 14 44 32 33 14 14 23 23 31 31 22 32 44 23 41 23 41
1 14 22 44 22 44 33 22 11 44 22 33 14 44 33 33 11 14 23 23 33 33 32 33 11 22 44 22 44
1 11 22 41 23 44 32 22 14 44 22 33 14 41 22 32 14 11 22 23 33 31 22 33 44 23 41 33 41
1 11 22 41 22 44 33 23 11 44 22 33 14 41 32 33 14 11 22 22 31 33 33 32 14 23 44 33 41
1 14 22 44 22 44 33 23 11 44 22 33 11 44 33 32 11 11 22 22 33 33 32 33 11 23 44 22 44
1 11 22 44 23 44 33 23 11 44 22 33 14 44 32 32 11 11 23 22 33 33 32 33 11 23 41 23 41
1 11 22 44 22 44 33 22 11 44 22 33 11 44 22 33 14 11 23 23 33 31 33 33 11 23 41 23 44
1 14 22 44 22 44 33 22 11 44 22 32 11 44 32 33 11 11 22 22 33 33 33 33 14 22 44 22 44
1 11 22 41 22 44 33 22 11 41 22 33 14 41 32 32 14 11 23 23 33 31 33 33 11 23 44 23 41
1 11 22 41 22 44 33 22 11 44 23 33 11 44 22 32 11 11 22 22 33 31 33 33 11 22 44 23 44
1 11 22 41 23 44 33 23 11 44 22 33 11 44 33 33 11 11 22 23 33 33 33 33 11 23 44 22 44
1 11 22 11 23 44 32 33 11 44 22 33 14 41 22 32 11 11 23 33 31 31 32 33 14 22 41 23 44
1 11 22 44 22 44 33 23 11 44 22 33 11 44 33 33 11 11 22 22 33 33 33 33 14 22 44 22 44
1 44 22 11 23 44 33 23 11 41 23 33 44 41 32 32 14 11 23 23 33 33 32 32 14 23 44 23 41
1 11 22 41 23 44 33 23 11 44 23 33 14 41 32 33 11 14 22 23 31 31 33 33 11 23 44 23 44
1 14 22 41 22 41 32 22 11 44 23 33 14 41 33 32 11 11 23 23 33 31 32 33 44 23 44 23 44
1 11 22 41 22 44 33 23 11 44 22 33 11 44 32 22 44 11 22 33 33 33 33 33 44 22 41 23 44
1 11 22 44 22 44 33 22 11 44 22 33 14 44 33 32 11 11 22 23 33 31 32 32 11 23 41 23 41
1 11 22 41 23 44 33 22 11 44 22 33 14 44 33 33 14 11 23 22 33 31 32 32 14 23 41 23 41
1 11 24 41 23 44 33 33 11 44 22 32 14 41 22 32 11 14 22 22 31 31 32 33 14 33 11 33 44
1 11 24 44 22 41 33 23 14 44 23 33 14 44 33 33 14 11 22 23 33 31 33 33 14 23 41 22 44
1 14 22 44 22 44 33 23 11 44 22 32 11 44 33 33 14 11 33 23 31 33 33 33 44 22 41 23 44
1 11 22 41 22 44 33 23 11 44 23 33 14 44 33 33 44 11 22 23 33 31 32 33 14 33 41 23 41
1 14 24 41 22 44 32 23 11 44 23 32 14 44 33 33 14 14 23 23 31 31 32 32 14 23 41 23 41
1 11 22 44 22 44 33 23 11 44 22 33 11 44 32 33 11 11 22 22 33 33 33 33 11 22 44 23 44
1 11 22 44 23 41 33 23 14 44 22 33 11 44 32 33 14 11 22 22 33 11 22 32 11 22 44 23 41
1 11 22 41 23 44 32 23 11 41 22 33 44 44 32 32 11 11 22 23 33 31 32 32 11 23 41 23 41
1 11 22 44 22 44 33 23 11 44 22 33 11 44 33 33 11 11 22 22 31 33 32 33 11 22 44 22 44
1 11 22 44 22 44 33 23 14 44 22 33 11 44 33 32 14 11 22 22 33 33 33 33 11 33 44 22 44
1 11 22 44 22 44 32 22 11 44 23 32 14 41 32 32 11 11 23 22 33 31 32 33 14 23 41 33 44
1 11 24 41 22 44 32 33 14 44 23 32 14 41 32 32 14 11 33 23 33 31 32 32 14 33 11 23 41
1 44 22 44 22 44 32 23 11 44 23 33 11 44 32 32 14 11 23 23 33 33 32 22 14 23 41 33 44
1 11 22 41 23 44 33 33 11 44 22 32 14 11 22 22 14 11 22 22 33 31 33 33 14 23 41 23 44
1 14 22 44 22 44 33 22 11 41 23 33 14 41 22 32 14 11 22 23 33 11 33 32 14 22 41 22 44
1 44 22 41 23 11 33 23 14 41 22 32 14 44 22 22 44 11 22 23 31 31 33 33 11 23 44 23 44
1 14 22 11 23 41 32 23 14 41 22 32 14 41 32 33 14 11 23 33 31 31 32 33 44 23 11 23 41
1 11 24 41 23 44 32 23 44 44 22 32 14 41 32 32 14 14 23 23 31 31 32 32 11 33 41 33 41
1 14 22 44 23 44 33 23 11 44 33 33 14 41 32 22 14 11 22 33 31 31 32 33 14 23 11 33 41
1 11 24 44 22 44 33 22 11 44 22 33 11 44 33 33 11 11 22 22 33 33 22 33 11 23 44 23 44
1 14 22 41 23 41 32 23 44 11 22 32 44 41 32 32 14 14 23 23 31 11 32 32 44 23 41 33 44
1 14 24 41 23 41 32 23 14 44 23 32 14 44 22 22 44 14 23 33 31 31 32 32 44 33 41 23 41
1 11 22 41 23 44 32 23 11 44 23 32 14 41 22 33 44 11 23 23 31 31 22 32 11 23 41 23 41
1 14 22 11 22 41 32 33 11 44 23 32 11 44 22 32 44 11 22 23 33 31 32 33 11 23 11 23 11
1 14 22 44 23 41 33 22 11 44 22 33 11 41 32 33 14 11 33 23 33 31 32 33 44 23 41 33 44
1 11 22 41 23 44 32 33 11 41 22 33 14 41 32 32 14 11 22 22 31 31 32 33 14 23 41 23 41
1 11 22 44 22 44 33 22 11 44 22 33 11 44 32 33 11 11 22 22 33 33 33 33 14 23 44 23 41
1 14 22 41 22 44 32 22 11 44 23 33 14 44 32 22 14 11 23 22 31 31 32 33 14 23 41 22 41
1 11 22 44 22 44 33 23 11 44 22 33 11 44 33 33 14 11 22 23 33 33 33 33 11 22 11 22 44
1 11 22 41 22 44 33 23 11 44 22 33 14 44 32 33 11 11 22 22 33 31 33 33 14 22 41 23 41
1 14 22 44 22 44 33 22 11 44 22 33 14 44 33 33 11 11 22 22 33 31 33 33 14 23 41 23 44
1 11 22 41 22 44 32 23 11 41 23 33 14 44 32 32 11 11 22 22 31 11 32 32 11 33 41 23 44
1 14 24 41 22 41 32 22 14 41 23 32 14 41 32 22 14 14 23 23 31 31 32 32 11 23 41 33 41
1 11 22 41 22 44 33 22 11 44 22 33 11 44 33 33 14 11 22 23 33 31 32 32 11 33 41 23 41
1 44 24 44 33 41 32 33 11 44 23 32 14 41 32 33 44 11 23 23 33 33 22 33 11 23 11 33 41
1 14 24 41 23 44 33 33 11 44 23 32 14 44 32 32 44 11 23 23 33 31 32 32 14 23 11 23 41
1 11 22 41 22 44 33 23 14 44 22 33 11 44 33 33 14 11 22 22 33 33 33 33 11 22 41 22 41
1 14 22 44 22 44 33 23 11 44 22 33 11 44 33 33 11 11 22 23 33 33 33 33 11 23 44 23 44
1 11 22 41 22 44 33 23 11 44 23 33 14 44 32 32 11 11 22 22 33 31 33 33 14 23 41 23 41
1 11 22 44 22 44 32 23 14 44 23 33 44 44 22 33 14 11 23 33 31 33 22 33 11 23 41 33 44
1 14 22 11 22 41 33 23 11 44 23 33 11 44 22 32 14 11 23 22 31 31 22 22 14 23 11 23 41
1 11 22 44 22 41 33 23 11 44 33 33 11 41 32 33 11 11 22 23 31 33 33 33 14 23 44 22 41
1 11 22 44 22 44 33 22 11 44 22 33 14 44 33 33 44 11 22 23 33 31 32 32 11 22 41 23 44
1 14 22 41 23 44 33 22 14 41 23 33 14 44 33 33 11 11 22 23 31 31 33 33 11 22 44 23 44
1 11 22 44 23 44 33 23 11 41 23 33 14 41 32 33 14 11 23 23 31 33 33 33 14 23 11 23 44
1 11 22 41 22 44 33 22 11 44 22 33 11 44 33 32 14 11 22 22 31 31 32 33 14 22 41 22 44
1 11 22 44 22 44 33 33 11 41 22 33 14 44 32 32 14 14 22 22 33 33 33 33 14 22 11 23 41
1 14 22 44 22 44 33 33 11 41 22 33 44 44 22 32 14 11 23 23 33 11 32 33 14 22 44 33 41
1 14 24 41 23 44 33 33 11 44 22 33 14 41 32 33 11 11 22 22 33 31 32 33 11 22 11 22 11
1 11 22 41 22 44 33 23 11 41 22 33 14 44 33 33 44 11 22 23 33 31 33 33 11 22 44 23 44
1 11 22 44 22 44 33 22 11 44 22 33 14 44 33 33 11 11 22 22 33 33 33 33 11 33 44 23 44
1 11 22 44 22 41 32 23 11 44 23 33 14 44 33 32 11 11 22 22 31 31 32 32 14 22 41 22 44
1 11 24 41 23 44 32 33 11 44 33 33 14 41 32 32 44 11 22 33 33 33 32 33 14 22 41 33 41
1 11 22 41 22 44 33 22 11 44 23 33 11 44 33 32 11 11 22 22 33 33 33 33 11 22 41 22 44
1 11 22 41 23 44 32 23 14 44 23 32 14 44 32 32 11 11 23 23 31 31 32 32 11 23 41 23 41
1 14 22 44 23 44 32 22 14 44 22 33 14 44 32 32 11 11 22 23 33 31 33 33 11 23 44 23 41
1 14 22 44 23 41 32 23 11 44 22 32 11 41 32 32 14 11 22 22 33 33 32 33 14 22 41 23 44
1 14 22 44 22 44 33 23 11 44 22 32 11 41 32 32 11 14 23 23 33 31 32 33 11 23 44 23 44
1 11 44 41 23 44 33 33 11 44 23 22 14 11 22 32 44 11 22 23 33 11 22 33 14 23 41 33 41
1 11 22 11 22 41 33 23 11 44 33 33 14 41 22 22 44 11 23 23 33 11 32 22 44 23 41 23 11
1 14 22 41 23 44 32 23 14 41 23 32 14 44 22 22 11 11 23 33 33 33 32 32 44 33 11 23 41
1 11 24 41 23 41 33 23 11 44 23 33 11 41 32 32 14 14 22 23 31 31 32 32 14 23 41 23 44
1 44 22 44 22 41 32 23 14 41 22 33 11 44 22 22 44 11 22 22 33 33 32 33 44 23 41 22 41
1 11 22 41 22 44 32 22 14 44 22 33 14 41 32 33 14 11 22 22 33 31 32 33 14 23 44 22 44
1 14 22 44 22 44 33 23 11 44 22 33 14 44 22 33 11 11 23 22 33 33 32 33 14 23 44 23 44
1 11 22 44 22 44 33 22 11 44 22 33 11 44 32 32 44 11 22 22 33 33 32 33 11 22 44 22 44
1 11 22 41 22 44 33 22 11 44 22 33 11 44 33 33 11 11 22 22 33 33 32 33 11 23 44 23 44
1 11 22 44 22 44 33 22 11 44 22 33 14 41 33 32 14 11 22 23 33 33 32 32 11 22 44 22 44
1 14 22 41 22 44 33 23 11 44 22 33 11 44 33 33 14 11 23 23 33 33 33 32 11 22 44 23 44
1 44 24 44 23 44 32 33 11 44 22 33 14 44 22 32 14 11 33 22 33 33 22 33 14 23 11 33 41
1 11 22 41 33 44 32 23 14 44 33 33 11 41 22 33 44 14 22 23 33 11 32 33 14 33 44 23 44
1 14 22 44 22 44 32 22 11 44 22 33 44 41 22 32 14 14 23 22 31 31 22 32 14 23 41 23 11
1 11 24 41 23 41 33 23 11 44 22 32 14 41 32 32 14 14 23 23 31 31 32 33 14 23 41 23 41
1 14 22 44 22 44 32 33 11 44 22 33 14 44 33 32 11 11 22 22 33 31 32 33 14 22 44 33 41
1 11 22 41 22 44 32 33 14 44 22 33 11 44 33 33 14 11 23 22 33 31 32 33 14 23 41 33 44
1 11 24 44 22 41 32 22 14 44 23 33 14 44 32 33 14 11 23 23 33 31 33 33 14 23 41 23 41
1 14 24 41 23 44 33 23 11 44 23 33 14 41 33 32 14 11 23 23 33 31 33 33 11 23 41 23 41
1 11 22 41 22 44 32 22 11 44 22 33 11 44 33 32 44 11 22 22 33 33 32 33 14 22 41 22 44
1 11 22 44 22 44 32 23 11 44 22 32 14 44 32 33 14 11 22 23 33 31 32 33 11 23 41 23 44
1 14 22 41 23 44 32 33 11 44 22 33 14 44 22 33 11 11 23 23 33 11 32 32 44 22 11 23 44
1 11 22 44 22 44 33 22 11 44 22 33 11 44 33 33 11 11 22 22 33 33 33 33 11 22 44 22 41
1 11 22 41 22 44 33 23 11 44 22 33 11 44 33 22 11 11 22 22 33 33 33 33 11 22 41 22 44
1 14 24 11 22 41 33 33 14 44 22 33 11 41 22 33 14 14 22 23 33 31 22 33 14 22 41 33 41
1 14 22 41 23 41 32 23 11 44 23 32 14 41 32 32 11 11 23 22 33 11 22 33 11 22 41 23 41
1 11 22 41 22 44 33 23 14 44 23 33 14 44 33 32 14 11 23 23 31 33 33 33 14 23 41 23 44
1 14 24 41 22 44 33 33 14 44 23 32 44 41 22 22 44 14 23 33 31 11 22 22 14 33 41 33 41
1 11 22 44 22 44 32 22 11 44 22 33 11 44 32 33 14 11 22 23 33 33 33 33 14 22 44 23 44
1 11 22 41 23 44 22 22 11 44 23 32 14 41 32 32 44 11 22 23 31 31 22 32 14 22 11 33 44
1 11 22 44 23 44 33 33 14 44 22 33 44 41 22 32 14 11 22 23 33 31 32 33 11 33 41 22 44
1 44 24 41 23 44 32 23 14 41 22 33 14 41 22 22 14 14 23 33 31 11 22 33 14 23 41 23 41
1 11 22 44 22 44 33 22 11 44 22 33 11 44 32 33 11 11 22 22 33 31 33 32 11 23 44 22 44
1 44 22 41 33 41 32 23 11 44 33 32 44 41 22 22 44 44 23 23 31 33 22 32 11 33 41 33 41
1 11 22 44 22 44 33 22 11 44 22 33 11 44 33 33 11 11 22 22 33 33 33 33 14 22 44 23 44
1 11 24 44 22 44 33 23 11 44 22 33 14 44 33 33 44 11 22 22 33 31 32 33 14 23 41 33 41
1 11 22 41 23 41 32 23 11 44 23 32 14 44 33 32 14 11 23 23 33 31 32 32 14 22 41 23 44
1 14 44 44 23 44 33 23 11 44 22 32 11 44 32 33 11 11 23 23 33 31 32 33 11 23 41 33 44
1 11 22 41 22 44 33 23 11 44 23 33 14 44 22 32 44 14 23 23 33 31 33 33 14 22 11 22 41
1 11 22 44 22 44 33 23 11 44 22 32 11 44 33 33 14 11 22 33 33 33 32 33 44 22 44 22 44
1 11 22 44 22 44 33 22 11 44 22 33 11 44 32 33 14 11 22 22 33 33 33 33 14 22 44 22 44
1 14 22 44 23 44 33 23 11 44 22 33 14 44 33 32 11 11 22 23 31 33 33 22 11 23 41 23 44
1 14 22 44 22 44 33 23 14 41 23 33 44 41 32 32 11 11 23 22 33 31 32 33 14 23 41 23 44
1 44 22 41 33 44 33 23 44 41 23 22 11 41 22 22 14 14 23 23 33 31 32 33 14 23 41 23 41
1 11 22 41 22 44 33 22 14 44 22 33 11 41 33 22 11 14 23 22 31 31 33 33 11 33 11 23 41
1 14 24 41 22 41 32 23 11 41 23 33 14 41 32 33 44 11 22 22 33 31 22 32 11 23 41 33 41
1 14 24 44 23 44 33 23 11 44 23 32 11 44 33 33 14 11 23 23 33 33 33 32 14 23 41 23 44
1 11 24 41 22 44 32 33 11 44 23 33 14 44 22 33 44 11 23 33 33 11 32 32 14 23 44 23 41
1 11 22 44 23 44 33 22 11 41 23 32 14 44 33 22 14 11 23 23 33 31 32 33 44 22 44 23 41
1 44 22 41 33 44 32 23 11 41 23 33 14 41 32 32 14 14 22 23 33 31 32 32 14 23 41 22 44
1 11 22 41 22 44 33 22 11 41 22 33 11 44 33 33 14 11 22 23 33 33 32 33 11 23 41 23 44
1 11 22 44 23 44 32 23 11 44 22 33 14 44 32 22 11 11 22 23 31 31 33 33 14 23 41 33 41
1 14 22 41 23 44 33 23 11 44 22 33 11 41 22 32 44 11 22 22 31 31 32 33 11 22 44 22 44
1 11 22 44 22 44 33 23 11 44 22 33 14 41 32 32 11 11 22 22 33 31 32 33 11 22 41 22 44
1 11 22 44 22 44 33 22 11 44 22 33 11 44 22 32 11 11 22 22 33 33 32 32 11 23 44 22 44
1 11 22 41 22 44 33 22 11 44 22 33 11 44 22 33 11 11 22 22 33 33 33 33 11 22 11 23 41
1 14 24 41 23 41 32 23 14 44 23 32 44 41 32 32 14 14 23 23 31 31 32 22 14 23 11 33 41
1 11 22 44 22 44 33 22 11 44 22 33 11 44 33 33 11 11 22 22 33 33 33 33 11 22 44 22 44
1 11 22 44 23 44 33 23 11 41 22 32 11 41 22 32 14 11 22 23 31 31 32 32 44 23 11 33 41
1 14 22 41 22 44 32 23 11 44 22 32 11 41 32 32 14 11 22 22 11 31 22 32 14 23 11 23 44
1 11 22 41 22 44 33 23 11 44 22 32 14 11 33 33 14 11 33 23 33 33 22 22 11 23 41 23 41
1 11 22 11 23 44 33 23 14 44 22 32 11 11 33 22 44 11 23 22 33 11 22 32 11 23 41 23 41
1 11 22 41 22 44 33 23 14 44 23 32 44 41 32 32 44 11 23 23 33 31 22 32 14 33 11 23 44
1 14 22 44 23 44 33 33 14 44 22 33 11 44 32 22 44 11 23 23 31 11 22 33 14 23 41 33 11
1 11 22 44 22 41 33 22 11 44 22 33 11 44 33 32 14 11 22 22 33 33 33 33 11 22 11 33 41
1 11 22 41 22 44 33 22 11 44 22 33 11 44 33 33 14 11 22 23 33 31 32 32 14 23 41 22 44
1 14 22 11 22 44 32 22 11 44 23 32 14 44 32 22 11 11 22 22 33 33 32 32 11 23 41 22 44
1 11 22 44 22 44 33 22 11 44 22 33 11 44 32 33 44 11 22 22 33 31 33 33 11 23 44 23 44
1 11 22 41 22 44 33 23 11 44 22 33 11 41 32 32 14 11 22 22 33 31 22 32 11 22 41 22 44
1 11 22 44 22 44 33 22 11 44 22 33 14 44 33 33 11 11 22 22 33 31 33 33 11 22 44 22 44
1 11 22 41 22 44 32 22 11 44 22 32 14 44 33 22 14 11 22 22 33 31 33 32 14 22 11 23 44
1 11 22 44 22 44 32 33 11 44 22 33 14 44 32 32 11 11 22 23 33 31 33 33 14 22 41 23 41
1 11 22 44 23 44 32 23 14 41 23 32 14 41 32 32 44 11 23 33 31 31 32 32 14 33 41 33 41
1 44 24 44 22 44 22 23 11 44 22 32 44 41 22 22 44 11 33 33 31 11 32 33 14 23 11 23 44
1 11 22 44 22 41 33 22 11 44 22 33 11 44 33 32 14 11 22 23 33 31 32 33 14 23 41 22 44
1 14 22 44 33 41 33 22 11 41 22 33 14 41 33 33 11 11 22 22 31 31 32 32 11 23 41 23 41
1 14 22 41 22 44 32 22 14 44 23 33 44 11 32 32 11 14 22 22 31 31 32 33 44 33 41 33 41
1 11 22 11 22 44 33 23 14 44 22 33 14 41 33 33 14 11 22 23 33 33 33 33 11 22 11 33 41
1 14 22 11 23 44 32 23 11 44 23 33 44 41 22 33 44 14 23 23 33 11 32 32 14 23 11 23 41
1 11 24 41 23 41 32 23 11 41 22 33 11 44 33 32 11 11 23 23 33 31 33 32 11 23 44 23 44
1 11 44 41 22 44 33 33 11 44 22 33 44 44 32 32 14 14 22 22 33 31 33 33 44 23 41 23 44
1 11 22 41 22 44 33 33 11 44 22 33 11 44 32 33 11 11 23 23 33 33 33 33 14 22 41 22 44
1 11 22 44 22 44 33 23 11 44 22 33 44 44 33 32 14 11 23 22 33 31 32 33 14 23 11 23 41
1 11 22 44 22 44 33 23 11 44 22 33 14 44 32 33 14 11 22 22 33 31 22 33 11 23 41 23 44
1 11 22 41 22 44 33 22 11 44 23 33 14 44 33 33 11 11 22 22 33 33 32 33 14 22 44 22 44
1 14 22 44 23 44 32 33 14 44 23 33 14 41 33 32 44 11 22 23 31 31 22 33 44 22 44 33 41
1 11 22 41 22 44 32 23 11 44 22 32 14 41 32 32 44 11 23 33 33 11 32 33 44 22 41 22 41
1 11 24 41 22 44 32 23 11 44 22 32 11 44 32 22 14 11 22 22 31 33 33 32 14 22 41 23 41
1 44 22 41 23 44 32 23 11 41 22 33 14 44 32 32 14 14 23 33 33 31 32 32 11 23 11 23 11
1 11 22 41 22 44 33 23 11 44 22 33 11 44 33 33 44 11 22 23 33 33 32 33 44 23 44 22 44
1 11 22 41 23 41 33 23 11 41 23 33 14 44 32 32 14 14 23 22 33 31 33 33 11 23 11 22 44
1 11 22 44 22 44 33 23 11 44 22 33 11 44 22 33 44 11 23 22 33 33 32 33 14 23 41 22 44
1 14 22 41 23 44 33 23 14 44 23 33 44 41 32 32 11 11 22 23 33 31 32 33 14 23 44 23 44
1 14 22 41 22 44 33 23 11 44 22 33 14 44 32 22 44 14 23 23 33 33 32 33 14 23 41 23 44
1 11 22 44 23 44 32 22 11 44 22 33 11 44 22 32 14 11 22 23 33 33 33 32 44 33 41 23 44
1 14 22 41 23 41 32 33 14 41 22 32 14 44 32 32 44 11 23 33 31 11 32 32 14 23 11 33 41
1 11 24 41 22 41 32 33 14 44 23 33 14 44 22 22 14 11 22 33 31 31 22 33 14 33 41 33 41
1 14 22 41 22 44 33 23 11 44 23 33 11 44 33 33 11 11 22 22 33 31 32 33 14 33 41 22 44
1 11 22 44 22 44 32 23 11 44 23 33 14 44 32 32 11 11 22 23 33 33 33 33 14 33 41 23 44
1 11 22 44 22 44 33 23 11 44 22 33 11 44 32 32 11 11 22 23 33 33 32 33 14 33 11 23 44
1 11 22 41 22 44 22 23 11 44 22 33 14 41 22 22 14 11 22 23 31 31 22 32 14 23 11 23 44
1 44 44 44 23 44 32 23 11 44 23 33 14 44 32 22 14 14 33 22 33 31 32 32 14 33 41 23 44
1 14 22 41 23 44 32 22 11 44 23 33 14 44 33 33 14 11 22 22 31 33 33 33 11 22 41 23 44
1 14 44 41 23 41 32 33 44 41 23 32 44 41 32 22 14 11 23 33 31 31 22 32 14 23 11 23 41
1 11 22 41 22 44 22 23 14 41 23 32 11 44 22 32 44 11 23 23 33 31 22 32 44 22 41 33 41
1 14 22 11 23 41 32 23 11 44 22 33 11 41 32 32 44 11 23 23 33 31 32 32 14 22 41 22 44
1 14 24 44 23 44 32 23 11 44 22 33 14 41 32 32 14 11 23 23 31 31 22 33 14 23 41 23 44
1 14 22 11 23 44 22 33 11 41 23 32 44 41 32 32 44 11 23 23 33 11 32 32 14 22 41 33 11
1 14 22 41 22 44 33 22 11 44 23 32 14 41 32 32 14 11 23 23 33 31 22 32 14 23 41 23 41
1 11 22 41 23 44 33 23 11 44 22 33 14 44 32 32 14 11 23 23 31 31 32 33 11 22 44 33 44
1 14 22 44 23 44 32 33 14 41 23 33 11 44 22 32 44 11 23 23 33 31 32 33 14 23 41 23 44
1 14 22 44 22 44 32 33 11 41 33 32 14 44 32 32 11 14 23 33 33 33 32 33 14 23 11 33 11
1 11 22 44 23 44 33 23 11 44 22 33 11 44 33 33 11 11 22 22 33 33 33 33 11 22 44 22 44
1 14 22 11 23 44 32 33 11 44 33 33 14 41 22 22 14 11 33 23 33 31 33 32 11 23 41 23 41
1 44 24 41 33 41 32 22 14 44 22 33 44 41 32 22 44 11 33 23 11 31 32 32 14 33 41 33 41
1 11 22 41 22 44 32 23 11 44 22 33 14 41 32 33 14 11 22 22 33 31 32 33 11 23 41 33 44
1 11 22 41 22 41 33 22 11 44 22 33 11 44 33 33 11 11 22 22 33 31 32 33 14 22 41 22 44
1 11 22 41 22 44 32 23 14 44 33 32 14 41 32 32 14 11 22 23 33 31 33 33 14 23 41 22 41
1 11 22 41 23 44 32 23 11 44 22 33 11 41 32 32 14 14 22 33 33 31 33 32 44 23 41 22 41
1 11 24 44 22 44 32 23 11 44 23 32 11 44 33 32 14 44 22 23 31 31 22 33 44 23 44 22 11
1 44 24 11 23 44 32 33 11 44 23 33 14 44 32 22 44 14 23 23 31 11 33 33 44 33 44 33 44
1 11 24 41 22 44 22 23 11 44 23 32 44 44 32 22 14 11 23 22 31 11 33 33 11 33 41 22 41
1 11 22 44 22 44 33 22 11 44 22 33 11 41 33 33 11 11 22 22 33 31 33 33 11 22 41 33 44
1 14 22 41 22 41 32 23 11 44 22 33 14 41 22 33 14 11 23 22 33 31 32 32 14 23 41 23 44
1 14 24 44 23 44 32 23 11 44 23 33 11 44 22 32 44 11 22 23 33 31 32 33 11 23 41 23 41
1 11 22 41 22 44 22 23 11 44 22 33 14 44 32 32 14 11 23 22 33 33 22 32 11 23 44 33 41
1 14 24 44 22 44 33 23 11 44 23 33 44 44 33 22 14 11 22 22 33 33 33 32 14 22 41 23 41
1 11 22 44 22 44 33 23 14 44 22 33 14 44 32 32 14 14 22 23 33 33 32 33 14 23 44 23 41
1 11 24 11 22 44 32 23 11 44 23 22 14 44 33 32 14 11 33 23 31 31 32 32 11 23 41 22 11
1 11 22 41 23 41 32 23 11 44 22 33 11 44 32 33 44 11 22 22 31 31 32 33 14 23 44 23 44
1 11 22 44 22 44 33 23 11 44 22 33 11 44 33 33 11 11 22 22 33 33 33 33 11 22 44 22 44
1 11 22 41 22 44 33 23 11 44 23 33 11 44 33 32 14 11 22 22 33 33 33 32 11 22 41 23 44
1 44 24 11 33 44 22 23 14 44 23 32 14 41 22 32 44 11 33 33 31 11 22 33 11 33 41 33 11
1 11 22 44 22 44 32 22 11 44 22 33 11 44 33 32 11 11 22 22 33 33 33 33 14 22 41 23 44
1 14 22 41 23 41 32 23 14 44 23 22 11 41 32 32 14 14 23 23 31 11 22 32 14 23 41 23 41
1 44 22 41 22 44 32 33 14 41 33 32 14 41 32 22 44 11 33 33 31 33 22 33 14 33 41 23 41
1 11 22 44 22 44 33 22 11 44 22 33 11 44 32 32 14 11 23 22 33 33 33 32 11 22 44 33 44
