 rs333185 rs10799708 rs12030578 rs6426724 rs4654981 rs7554400 rs6702312 rs16825895 rs16825896 rs6664218 rs10753517 rs7538354 rs2315931 rs333195 rs333204 rs541552 rs17458515 rs6667223
0 11 33 33 44 14 32 11 22 33 44 11 22 22 22 22 44 22 11
0 44 33 32 41 44 22 11 22 33 41 14 23 23 22 23 11 22 14
0 41 31 33 44 11 33 11 23 13 41 11 33 22 22 23 44 23 44
0 44 31 22 41 14 32 11 23 11 41 44 33 23 24 22 14 22 11
0 41 11 33 11 44 32 11 22 13 41 11 22 23 22 22 11 22 11
0 44 33 33 44 14 22 11 22 13 44 11 33 33 22 22 44 22 14
0 44 33 33 44 14 22 11 23 33 44 11 23 23 22 33 11 23 11
0 44 31 33 41 11 33 11 23 11 41 11 22 23 22 23 14 23 14
0 44 33 22 44 44 33 11 22 13 44 14 22 33 22 23 11 22 14
0 44 31 33 41 14 32 11 22 13 44 14 33 33 22 23 11 22 14
0 11 31 33 41 11 32 14 22 33 41 14 23 22 22 22 14 23 11
0 44 33 22 41 44 32 11 23 11 11 14 33 23 24 23 14 22 14
0 41 33 33 41 11 32 11 22 13 44 11 23 33 22 23 14 23 11
0 44 33 33 44 11 32 14 23 11 41 44 23 22 22 23 44 23 11
0 44 33 32 41 11 32 11 22 13 41 14 23 22 22 22 11 23 11
0 41 31 33 44 44 22 11 23 13 41 11 22 23 22 22 44 22 11
0 44 33 33 41 14 32 14 22 33 44 14 23 22 22 22 44 23 11
0 44 33 32 44 11 33 11 23 33 44 14 22 33 22 23 14 23 11
0 41 33 33 41 14 22 14 22 13 41 11 22 33 24 23 14 23 14
0 41 31 32 41 11 22 11 22 33 44 44 23 22 44 22 11 23 14
0 44 31 32 41 14 32 44 23 33 41 44 23 33 24 23 14 23 14
0 41 31 32 44 11 33 11 22 13 41 14 33 23 22 22 11 23 11
0 41 31 33 41 14 22 11 22 13 44 14 23 23 22 22 14 22 14
0 44 33 33 11 14 33 11 23 11 44 14 22 22 22 22 11 23 14
0 44 33 33 41 14 32 11 22 11 44 44 23 22 24 22 11 22 11
0 44 33 33 41 14 32 11 23 33 41 11 23 22 24 23 14 23 11
0 41 31 22 44 11 32 44 22 11 44 11 23 22 24 22 14 22 11
0 44 33 32 41 11 32 11 23 11 44 11 23 23 22 22 44 22 11
0 44 33 33 44 14 32 44 22 13 41 14 23 22 22 22 14 22 14
0 41 33 32 41 11 33 11 22 33 41 44 33 22 22 23 11 23 11
0 41 31 22 44 14 32 11 22 13 41 14 22 33 22 23 14 23 11
0 41 33 33 41 14 33 11 33 11 41 11 22 23 22 33 44 22 11
0 44 33 32 44 11 33 11 22 11 41 11 33 23 22 22 44 22 11
0 41 33 32 44 14 33 11 22 33 41 11 23 23 22 22 14 22 11
0 44 33 32 44 11 33 14 22 13 41 11 23 23 22 22 14 22 11
0 41 33 33 41 14 33 14 22 33 44 14 23 33 22 22 44 22 11
0 41 33 32 44 11 33 11 23 13 41 14 23 33 22 23 11 23 11
0 41 33 22 41 14 22 14 22 13 41 11 23 33 22 23 14 23 11
0 41 33 22 41 11 32 11 23 13 41 14 22 22 22 23 11 22 11
0 44 31 33 41 11 32 14 22 13 44 14 23 23 22 33 11 22 14
0 41 33 33 44 14 32 11 23 11 41 11 23 22 24 22 14 22 44
0 41 33 32 41 14 33 14 22 13 41 11 33 22 22 22 14 23 11
0 41 31 32 44 11 33 11 22 13 41 14 23 23 22 22 11 23 14
0 41 31 33 11 44 33 11 33 13 41 14 23 22 22 33 11 33 14
0 44 33 33 44 14 32 11 22 13 41 11 33 23 22 22 44 22 11
0 44 31 33 41 14 32 11 22 13 41 11 22 22 24 23 14 23 14
0 44 33 33 44 11 32 11 23 13 41 14 22 23 22 22 14 23 14
0 41 33 22 41 14 33 14 23 13 11 14 33 23 22 23 14 23 14
0 11 31 32 41 11 33 14 22 13 44 14 33 33 24 23 14 23 11
0 41 33 32 44 14 22 44 22 13 41 14 23 22 24 22 44 22 14
0 44 31 33 41 11 32 14 22 11 41 11 33 23 22 22 14 23 11
0 44 31 32 41 14 32 14 22 13 11 11 33 23 24 22 44 22 11
0 44 31 32 41 11 33 11 23 13 41 11 23 22 22 22 14 23 14
0 41 33 32 11 11 33 14 22 33 41 14 22 33 22 23 44 22 14
0 44 33 22 41 14 32 11 22 33 44 14 23 23 22 33 11 22 14
0 41 33 32 11 14 32 44 33 13 44 14 22 33 22 23 11 22 11
0 41 33 33 41 14 22 11 22 11 44 14 33 23 24 22 14 22 11
0 44 31 33 44 44 33 11 22 13 41 14 23 23 22 22 44 23 14
0 41 33 33 41 14 32 44 23 13 41 44 23 33 24 22 14 22 14
0 41 31 33 41 14 32 11 22 11 41 11 22 23 22 23 14 22 14
0 44 33 33 44 11 22 11 22 33 41 11 22 22 24 23 14 23 11
0 11 31 32 41 14 32 14 33 13 11 14 23 23 22 22 14 23 14
0 44 33 32 44 44 32 14 22 13 41 14 23 23 22 22 14 23 11
0 41 33 32 41 11 32 14 22 11 41 14 33 23 22 22 11 22 14
0 44 31 22 41 14 22 11 23 11 41 44 22 33 22 22 44 33 11
0 41 31 33 11 11 32 11 22 13 41 11 22 23 22 22 14 22 11
0 41 31 33 11 14 32 11 22 13 44 14 23 33 22 22 11 22 11
0 44 31 33 11 11 33 11 23 13 41 14 22 33 22 22 14 23 11
0 41 31 32 44 11 22 44 23 13 41 11 22 23 22 33 14 23 14
0 11 33 33 41 11 33 11 22 11 41 14 22 22 24 22 14 22 11
0 44 31 22 41 14 32 14 23 13 44 11 22 23 22 22 14 23 14
0 44 33 22 44 11 32 11 22 13 41 11 23 23 22 22 11 23 11
0 44 33 32 11 14 22 14 22 13 44 44 33 33 24 22 11 22 14
0 11 11 22 41 14 32 14 23 33 44 11 23 23 22 23 14 23 14
0 41 31 32 44 14 32 14 22 13 11 14 23 22 44 23 44 23 11
0 44 33 33 44 11 33 14 22 11 41 11 23 22 22 22 11 22 11
0 44 33 22 41 14 32 11 23 13 41 14 33 22 44 22 44 22 14
0 44 33 32 11 14 33 11 22 13 41 11 23 33 22 22 44 23 11
0 44 33 32 41 11 32 44 22 33 41 44 23 23 22 23 14 23 14
0 44 33 32 41 11 33 11 22 11 44 11 23 22 22 22 14 23 11
0 41 33 33 41 11 33 14 22 11 44 44 23 22 22 22 11 23 11
0 41 33 22 44 11 32 11 22 11 44 11 23 22 22 22 14 22 11
0 41 33 32 41 14 32 11 22 13 41 14 23 23 22 23 11 22 11
0 44 33 33 41 44 33 11 22 11 41 11 22 22 22 22 14 23 11
0 44 33 33 41 11 22 44 22 33 44 11 23 23 22 22 14 23 11
0 11 11 33 41 14 32 11 22 33 11 14 23 23 24 23 11 22 14
0 44 33 33 44 44 22 14 22 13 41 44 33 23 22 22 14 23 11
0 11 33 33 44 14 22 44 23 11 41 44 23 22 22 23 44 23 14
0 11 33 32 41 11 22 11 22 11 44 11 23 22 24 22 11 23 14
0 41 31 33 11 14 32 14 23 33 41 11 33 22 22 22 14 23 11
0 44 33 33 11 14 33 11 22 33 44 11 22 23 24 23 44 23 14
0 44 31 32 44 14 33 14 22 13 41 11 22 22 22 22 14 23 11
0 11 33 32 41 11 32 11 22 13 11 14 23 33 24 22 44 22 44
0 44 31 33 44 11 33 14 23 33 44 11 23 22 22 23 11 23 11
0 41 31 33 44 44 22 14 23 13 41 14 23 33 22 22 11 22 14
0 44 31 32 41 11 32 11 22 13 41 11 23 22 22 23 14 22 11
0 44 31 33 41 14 32 11 23 11 44 14 33 23 22 22 11 33 11
0 41 33 32 11 11 32 14 22 13 44 14 23 23 22 22 14 22 11
0 44 31 33 41 11 32 14 23 13 41 14 22 23 22 23 44 22 11
0 11 33 32 41 11 33 14 23 11 41 11 23 22 22 22 14 33 11
0 44 31 32 41 14 32 11 23 13 41 14 22 23 24 22 14 33 11
0 41 33 32 41 14 22 14 22 13 41 14 22 23 22 23 14 23 14
0 44 31 33 44 14 32 14 22 33 41 14 23 23 22 33 44 22 11
0 44 31 22 44 14 32 44 23 13 41 11 22 23 22 33 11 22 11
0 44 33 32 41 14 32 14 23 33 44 11 22 33 22 23 44 22 14
0 44 33 22 41 14 32 14 23 13 41 14 23 23 22 23 14 22 11
0 41 33 32 11 14 32 14 23 13 44 14 33 22 24 23 11 22 11
0 11 31 22 44 11 32 44 22 11 41 11 23 33 24 22 14 23 11
0 44 31 33 41 11 33 14 23 13 44 11 33 23 22 23 14 22 14
0 44 33 32 44 14 32 14 22 13 11 11 23 23 22 22 11 23 11
0 44 31 32 41 11 32 11 22 13 11 44 22 23 22 22 14 22 14
0 44 33 33 11 11 32 14 22 11 44 14 23 33 22 23 14 22 11
0 41 33 33 44 14 33 11 22 33 44 14 22 23 24 22 14 22 11
0 44 33 33 44 14 32 11 22 13 44 11 22 23 22 22 14 23 14
0 44 33 32 44 11 32 14 22 13 11 11 22 23 22 22 14 23 14
0 44 33 32 41 11 33 11 22 13 41 44 22 23 22 22 44 22 11
0 44 31 33 44 11 32 11 22 33 41 11 33 23 22 22 14 22 11
0 41 33 32 11 14 32 11 22 13 44 14 23 23 22 23 14 23 14
0 41 33 33 41 14 33 14 22 13 41 11 22 22 24 22 14 23 14
0 44 33 33 44 14 32 11 22 13 44 14 22 23 22 22 44 23 11
0 11 33 32 41 11 32 11 22 11 44 14 22 22 22 22 11 23 11
0 44 31 32 41 11 33 11 23 33 41 11 23 23 22 23 14 22 11
0 44 33 32 11 14 33 11 23 13 41 14 22 23 24 22 14 33 14
0 44 33 32 11 44 33 11 22 11 41 14 23 33 24 23 14 33 44
0 44 33 32 41 11 32 11 22 33 41 14 23 23 22 22 14 22 14
0 41 33 32 41 14 32 11 23 13 41 11 23 33 24 22 14 22 11
0 41 33 33 41 11 32 14 23 13 11 11 23 23 22 23 11 22 14
0 44 31 32 41 11 32 14 23 13 41 11 33 23 22 22 14 22 11
0 41 31 32 41 14 33 11 23 13 44 14 23 23 24 33 11 23 11
0 44 31 32 44 11 32 11 23 33 11 44 23 22 22 23 44 22 11
0 44 33 32 44 11 32 11 22 11 41 11 23 33 22 22 14 22 11
0 41 31 32 44 44 33 11 22 33 44 11 23 23 24 33 14 33 11
0 41 33 33 44 14 32 11 23 11 41 14 22 22 22 23 14 22 11
0 41 33 32 44 14 33 14 22 11 44 44 22 23 22 22 14 22 11
0 44 31 32 41 14 22 14 22 11 41 11 23 23 22 23 11 22 11
0 44 33 33 44 14 32 11 23 13 44 11 23 23 22 22 14 22 11
0 41 11 33 41 14 33 11 22 33 41 14 22 22 22 22 11 22 14
0 44 33 33 41 44 33 11 22 13 44 14 22 23 22 22 11 23 14
0 44 31 33 44 14 22 11 23 13 44 14 23 23 22 23 14 23 11
0 41 31 22 41 14 33 14 22 33 11 14 33 23 22 23 14 23 11
0 41 33 32 41 14 32 14 33 11 44 14 23 23 22 22 14 22 14
0 41 31 22 44 14 33 14 23 33 41 11 33 23 22 22 44 22 44
0 44 31 33 11 14 32 11 22 11 41 14 23 22 22 22 11 22 11
0 41 33 32 44 14 22 14 23 13 41 11 23 22 22 23 14 23 11
0 41 33 32 44 14 33 14 22 13 44 14 23 23 22 22 14 22 11
0 11 31 32 41 14 22 11 23 33 11 14 23 23 22 22 14 33 14
0 44 31 32 41 11 32 14 22 13 11 11 23 22 24 22 14 33 11
0 44 31 22 41 11 33 14 33 11 11 44 23 23 24 22 44 22 11
0 44 31 22 11 11 22 14 22 13 11 11 23 22 22 22 14 22 14
0 44 33 32 44 14 22 44 23 11 44 14 22 23 24 22 44 22 11
0 44 33 32 41 11 33 11 22 13 41 14 23 23 24 22 11 23 11
0 41 31 32 41 11 33 14 22 13 44 11 23 22 22 22 44 22 11
0 44 33 32 41 14 33 14 22 13 11 11 22 33 22 22 44 33 11
0 44 33 32 41 44 32 44 22 11 41 11 23 23 22 23 44 22 11
0 41 11 33 11 14 33 14 23 13 41 11 22 22 22 22 14 23 11
0 11 33 22 41 44 33 11 22 33 44 11 22 23 24 33 11 23 11
0 41 33 33 41 14 32 11 33 13 11 14 33 23 24 23 14 22 14
0 44 33 33 41 44 32 11 22 11 11 44 23 23 22 33 11 23 11
0 41 31 32 44 14 33 11 22 13 44 14 33 22 22 23 11 22 11
0 41 33 32 11 14 32 14 22 11 11 11 23 23 22 22 14 23 14
0 41 33 33 11 14 22 11 22 13 41 14 23 23 22 23 14 22 14
0 41 31 33 41 11 32 11 23 33 41 11 22 23 22 22 14 33 14
0 11 31 33 41 11 33 14 22 33 11 14 23 23 22 22 11 22 11
0 44 33 32 41 14 33 11 22 13 11 44 23 23 24 22 44 23 11
0 44 33 33 44 44 33 14 23 33 41 11 23 23 22 23 11 23 11
0 41 33 33 41 14 33 14 23 33 41 11 23 22 22 22 44 22 11
0 41 33 33 41 11 33 14 22 11 41 11 22 33 22 22 14 33 11
0 44 31 32 41 11 32 14 22 11 41 14 33 23 22 22 44 22 11
0 41 33 32 44 14 32 11 22 13 41 11 22 33 22 23 14 23 14
0 41 33 32 41 44 32 14 33 33 11 44 23 22 24 33 44 22 14
0 41 31 33 41 14 22 11 33 13 44 14 23 33 22 23 11 22 14
0 44 11 33 41 14 33 11 22 11 11 14 23 33 44 22 44 22 11
0 44 33 32 41 11 22 11 23 33 44 14 22 22 22 23 44 23 11
0 41 31 32 41 11 22 14 23 13 44 44 23 23 22 23 14 23 11
0 44 33 33 11 11 33 14 23 33 41 14 33 22 22 23 14 23 11
0 41 33 32 41 44 32 11 22 13 41 14 23 23 24 22 14 23 11
0 41 31 32 44 44 32 11 22 33 44 14 33 23 22 22 11 22 14
0 44 33 32 44 11 22 14 22 13 44 11 23 22 22 22 14 22 14
0 41 33 33 41 11 32 11 23 11 11 14 23 23 22 23 44 23 11
0 11 31 32 41 14 32 11 22 13 41 44 22 23 24 23 44 22 14
0 44 33 33 41 14 33 44 23 11 41 11 23 23 22 22 44 22 11
0 44 11 33 44 11 22 11 23 13 41 14 23 22 22 22 14 22 11
0 44 33 22 41 14 32 11 23 13 44 14 22 33 24 22 11 23 14
0 44 31 32 41 14 33 14 22 11 44 11 33 33 44 23 44 23 14
0 41 33 32 41 11 32 11 23 33 41 14 23 22 22 22 14 23 11
0 11 33 22 41 14 32 11 22 33 41 14 23 23 22 33 14 22 14
0 11 11 33 41 44 32 14 23 33 44 11 22 23 22 23 11 22 11
0 11 31 32 44 44 32 14 22 13 41 14 33 33 22 22 11 22 11
0 41 31 32 41 11 33 44 22 13 41 14 23 23 22 22 14 22 11
0 44 33 32 44 11 32 14 33 13 41 11 23 23 22 23 44 23 14
0 44 33 22 11 11 33 11 23 11 41 11 22 33 22 22 14 33 44
0 41 31 22 44 14 33 11 23 11 44 14 23 23 24 23 14 22 14
0 41 33 22 41 14 33 11 23 33 44 44 23 23 22 33 14 22 11
0 44 33 33 11 11 33 14 23 13 44 11 22 23 22 22 11 22 14
0 44 31 33 44 14 33 14 22 13 44 11 22 23 24 23 11 22 14
0 41 33 32 44 11 22 11 22 13 41 14 23 22 22 22 14 22 14
0 41 33 22 41 44 32 14 22 13 44 11 33 23 22 22 11 23 14
0 44 33 33 11 14 33 11 23 13 11 14 33 33 22 22 11 22 11
0 41 33 33 41 14 33 11 22 11 44 14 22 23 22 23 14 22 14
0 41 33 32 41 14 32 11 22 33 41 14 23 23 22 23 11 23 11
0 44 33 32 41 11 33 14 22 13 41 11 23 23 22 22 14 33 11
0 11 11 33 41 14 33 14 22 13 44 14 23 23 22 22 11 22 14
0 44 33 22 44 14 22 11 23 13 44 11 23 22 22 23 14 23 11
0 41 33 22 44 11 33 11 23 13 41 44 23 22 24 23 14 23 14
0 41 33 32 41 11 32 11 23 33 44 11 23 33 22 22 14 22 11
0 44 33 32 44 14 33 14 23 33 44 11 23 23 22 22 14 33 14
0 44 33 33 11 14 22 11 23 33 44 44 22 23 22 23 14 22 11
0 44 33 32 41 14 32 11 33 13 41 11 33 23 22 23 44 22 11
0 44 33 22 44 11 33 14 23 13 41 11 23 22 22 22 14 23 11
0 41 31 33 44 11 33 11 22 11 11 14 22 22 22 22 14 23 11
0 41 31 32 44 14 32 11 22 11 41 14 23 23 22 22 14 22 44
0 41 33 32 41 14 22 14 23 11 11 11 33 22 22 33 44 22 11
0 41 31 33 41 11 33 11 23 13 44 14 33 23 22 22 14 23 14
0 44 33 32 44 11 22 14 23 13 44 11 23 33 22 22 11 22 14
0 11 31 32 44 14 32 11 23 33 41 11 23 23 22 23 14 23 11
0 41 33 33 41 14 22 14 23 13 44 14 23 22 22 23 14 22 14
0 41 33 33 11 11 33 11 22 13 44 14 22 23 24 22 14 22 11
0 41 33 32 41 11 32 11 22 11 44 14 23 23 22 23 14 22 11
0 11 33 32 41 44 33 14 23 33 41 14 23 33 22 23 44 23 14
0 11 33 22 41 11 32 14 33 11 44 11 22 23 24 22 44 22 11
0 41 31 33 41 11 33 11 23 13 44 14 23 23 22 23 44 22 14
0 44 33 32 44 11 33 14 23 13 41 11 33 22 22 22 44 22 11
0 41 33 32 44 14 33 14 22 33 41 14 23 23 24 22 44 22 14
0 44 31 33 41 11 33 44 23 13 44 14 33 22 22 22 11 22 14
0 41 33 22 44 11 32 11 22 11 41 14 33 23 22 23 44 23 11
0 11 33 33 41 14 33 11 22 13 41 44 22 23 22 23 14 22 11
0 11 31 33 41 14 32 11 23 13 41 11 22 22 24 22 11 22 14
0 41 31 32 44 11 32 14 22 13 11 14 23 33 24 23 14 22 11
0 41 31 33 11 11 33 14 22 13 41 14 22 22 22 22 44 23 11
0 44 33 33 11 11 22 14 23 13 44 14 23 23 24 23 14 33 11
0 44 33 32 44 11 22 11 22 13 44 14 23 23 22 33 14 22 11
0 41 33 22 41 14 33 14 23 11 11 14 23 33 22 22 11 23 11
0 44 33 32 44 11 33 14 22 33 44 11 23 22 22 23 14 23 14
0 44 33 32 41 14 32 11 23 13 41 14 33 22 22 22 14 23 14
0 11 11 32 41 11 22 11 33 33 41 44 23 23 22 22 14 22 44
0 44 33 33 44 14 22 11 33 33 41 44 23 22 24 22 14 22 14
0 44 33 22 41 11 33 11 33 11 41 11 22 23 22 22 11 22 11
0 44 31 32 44 11 32 11 22 13 11 14 23 23 22 22 14 22 11
0 41 33 33 44 11 32 14 23 13 41 14 22 22 22 22 14 22 14
0 44 31 32 44 14 22 11 23 13 11 14 22 22 22 23 14 22 11
0 41 33 32 41 14 32 14 22 33 44 14 22 23 22 22 14 33 14
0 41 33 22 44 14 22 11 22 11 41 44 23 33 22 22 44 23 11
0 44 31 33 44 14 33 14 22 13 11 14 22 23 22 23 11 23 11
0 44 33 33 41 11 32 11 23 13 44 44 23 22 22 23 44 22 11
0 44 33 32 11 11 32 11 23 11 41 11 33 23 22 23 14 22 14
0 41 31 33 41 44 32 14 22 33 41 44 33 33 24 23 44 23 11
0 41 31 22 11 44 22 11 23 33 11 11 33 23 44 23 11 23 14
0 41 33 32 41 14 22 14 22 33 44 11 33 33 22 23 14 23 11
0 11 31 33 41 11 32 14 22 11 41 14 23 22 22 22 11 22 11
0 41 31 22 44 14 22 14 23 13 11 14 33 22 22 22 11 22 11
0 41 31 33 41 44 22 14 22 13 44 44 22 22 22 22 44 23 11
0 44 33 32 44 14 33 11 33 33 11 14 23 22 22 23 14 22 11
0 41 33 32 41 44 32 11 23 33 11 14 23 33 22 22 11 22 14
0 41 33 32 44 44 22 11 23 33 41 14 33 22 24 22 11 23 11
0 41 33 33 44 44 32 11 33 13 11 14 33 22 24 22 11 22 11
0 44 33 33 44 14 32 11 22 13 41 14 22 22 22 22 11 22 11
0 41 31 33 41 44 32 11 23 13 11 44 23 22 22 23 11 22 14
0 41 33 33 41 14 33 11 23 13 11 14 23 33 24 22 14 23 11
0 44 33 32 41 11 33 14 23 11 11 14 23 23 22 22 14 22 11
0 41 33 22 41 11 32 11 23 11 41 11 23 22 24 22 44 23 11
0 11 31 32 44 14 22 11 22 13 41 11 22 22 22 22 14 23 11
0 44 31 22 11 11 22 11 33 11 11 11 33 23 22 23 14 22 14
0 44 33 33 44 11 33 11 23 11 41 11 33 23 22 23 14 22 11
0 44 33 32 44 11 22 11 22 11 41 11 23 33 24 22 44 22 14
0 44 33 32 44 44 32 11 22 11 41 14 23 22 22 22 11 23 11
0 41 33 32 41 11 33 14 22 13 11 14 33 22 24 22 11 33 11
0 44 33 33 41 11 33 11 22 11 44 14 23 33 22 23 11 23 11
0 41 33 33 44 11 32 11 22 11 44 11 23 22 22 22 14 22 11
0 41 33 32 44 14 32 14 22 13 41 11 22 22 24 22 44 22 11
0 44 33 32 44 14 22 11 22 11 11 11 22 22 22 33 11 22 11
0 44 33 32 44 11 32 11 22 13 41 14 22 23 22 22 14 23 44
0 41 33 32 41 11 32 11 22 33 44 11 22 23 24 23 11 23 11
0 41 31 33 41 44 32 11 22 11 44 14 33 23 24 22 44 22 11
0 11 11 32 41 11 22 11 22 11 44 11 33 22 24 23 44 23 11
0 44 33 22 41 14 32 14 23 11 44 44 33 33 22 22 14 23 11
0 44 33 22 41 14 32 11 22 11 41 14 33 23 22 22 44 22 14
0 41 31 32 41 11 22 14 23 33 44 44 23 33 22 22 44 23 44
0 41 33 32 44 14 33 14 23 13 41 14 23 23 22 23 14 23 11
0 41 31 32 41 11 32 11 22 13 11 14 23 22 22 23 44 22 14
0 41 33 32 44 11 32 14 23 13 41 14 33 33 22 23 14 23 11
0 44 31 33 41 11 32 11 23 13 41 44 23 33 24 22 11 22 11
0 44 11 33 41 14 33 14 23 13 44 11 33 23 22 23 11 23 11
0 41 31 32 44 14 32 44 22 13 41 14 23 23 24 22 11 23 11
0 44 33 33 44 11 32 11 22 13 41 14 22 23 22 22 11 22 11
0 41 33 33 44 44 33 14 22 13 41 14 33 23 22 22 11 23 14
0 44 33 32 11 14 32 11 22 11 44 11 23 23 22 23 44 23 11
0 44 33 22 44 14 22 14 22 11 11 11 22 22 24 22 44 22 11
0 41 31 32 11 44 32 14 23 33 41 14 23 33 24 22 14 22 14
0 41 31 33 41 14 32 44 22 13 41 14 22 23 22 23 11 23 14
0 44 31 33 41 14 22 14 22 33 41 14 33 23 22 33 11 22 11
0 41 31 32 41 14 32 11 22 11 41 44 22 23 24 22 14 23 11
0 44 31 33 41 14 33 14 22 13 41 44 23 23 44 23 11 22 14
0 44 33 32 41 14 32 11 22 13 41 14 22 22 24 23 11 23 11
0 41 33 22 41 11 33 44 22 11 41 14 22 23 22 23 11 22 11
0 44 31 32 41 11 32 11 22 11 41 11 23 23 22 22 11 22 11
0 41 33 32 44 11 32 11 22 13 44 11 22 23 22 22 11 22 11
0 11 33 32 44 14 33 11 22 13 41 14 23 33 24 22 44 23 11
0 41 11 32 41 14 32 14 22 13 44 14 22 22 22 22 11 23 14
0 41 11 33 11 11 32 14 22 33 44 14 33 33 24 22 11 22 11
0 44 33 32 11 14 33 11 22 13 41 11 22 22 24 22 11 33 14
0 44 33 22 41 11 32 14 23 13 44 14 22 33 24 23 14 23 14
0 41 33 32 41 14 32 11 22 13 44 11 33 22 22 22 14 22 14
0 11 33 33 11 14 22 11 23 33 41 11 22 22 22 22 14 22 11
0 44 33 33 41 44 32 11 23 13 44 11 33 22 22 22 14 22 14
0 44 11 32 41 14 33 44 23 33 44 14 23 23 22 22 14 33 11
0 44 31 22 44 14 33 44 23 13 44 14 22 23 22 22 14 22 14
0 41 31 32 41 11 22 14 23 11 41 11 22 23 22 23 44 22 14
0 44 33 33 41 14 32 11 22 13 44 11 23 22 22 23 11 33 11
0 44 33 22 41 14 32 11 22 13 11 11 23 33 24 22 14 22 11
0 44 31 33 41 11 32 11 22 13 44 11 23 22 22 22 14 23 11
0 44 31 32 41 11 22 14 22 13 44 14 22 23 24 22 11 23 14
0 44 33 33 11 11 32 14 22 13 11 14 23 22 24 22 14 23 14
0 44 33 32 44 11 33 11 33 11 41 11 33 33 24 23 11 22 11
0 44 33 32 11 11 33 14 23 33 11 14 22 23 22 23 44 22 14
0 44 31 32 41 14 32 14 22 13 44 11 22 23 22 23 14 33 11
0 44 33 33 41 44 33 11 22 13 44 14 23 23 22 23 11 22 14
0 41 33 33 44 11 33 11 22 11 41 11 22 33 22 33 44 23 11
0 11 31 33 44 14 32 11 22 13 41 14 23 23 22 22 11 23 11
0 44 31 32 11 14 33 14 23 13 41 11 23 23 22 22 14 23 44
0 44 33 33 41 14 22 11 23 33 41 14 23 22 24 22 14 22 11
0 44 31 32 44 11 33 14 22 11 44 11 23 22 22 22 11 22 11
0 44 31 32 41 14 32 11 22 13 44 11 33 33 24 22 11 23 11
0 44 33 22 41 14 32 11 33 33 41 44 33 33 22 23 14 23 14
0 41 33 33 41 44 32 14 22 13 44 11 33 23 22 22 11 22 11
0 11 33 32 44 44 33 14 22 33 41 14 23 22 22 22 14 22 11
0 41 33 22 11 44 22 11 22 13 44 14 22 23 22 33 14 23 14
0 44 11 22 44 11 33 14 22 13 41 14 23 23 24 22 11 23 11
0 44 33 32 41 11 33 11 23 33 41 14 22 23 22 22 14 23 11
0 44 33 32 44 11 22 11 23 13 44 11 22 22 22 23 14 23 11
0 11 31 22 41 14 22 11 23 13 41 44 22 23 22 23 14 22 14
0 44 33 33 44 14 32 11 23 13 41 11 23 33 22 23 44 23 11
0 44 33 33 41 11 33 14 22 11 44 14 33 22 22 23 14 23 11
0 41 11 32 41 14 32 11 23 33 41 11 23 33 22 22 14 23 11
0 44 33 32 41 11 32 14 23 13 41 14 22 23 22 23 14 23 14
0 41 33 22 41 11 32 14 22 11 11 14 33 23 22 22 14 23 11
0 41 33 22 41 11 33 11 22 11 41 11 23 22 22 22 14 23 11
0 41 33 32 44 14 22 11 22 13 11 14 22 22 22 23 11 22 11
0 41 33 33 11 11 32 14 23 13 11 14 23 33 22 22 14 23 14
0 41 33 33 44 14 33 14 22 11 11 11 22 22 22 22 14 22 11
0 44 31 32 44 14 32 14 23 33 41 11 23 22 22 22 14 23 11
0 44 31 32 44 14 33 14 22 13 44 11 23 22 24 23 11 23 14
0 44 31 33 41 44 32 11 22 13 41 44 23 33 22 23 44 23 14
0 44 33 22 44 11 33 11 23 13 41 11 23 23 22 22 44 22 11
0 41 31 33 41 11 32 44 22 13 41 14 23 33 22 23 11 23 11
0 44 33 32 11 11 33 14 23 13 41 14 33 33 22 23 44 23 14
0 41 33 33 41 11 32 14 22 13 44 14 23 33 24 33 14 22 14
0 41 33 33 44 11 22 11 23 13 41 14 33 33 22 22 14 22 11
0 44 33 33 44 14 22 11 33 33 11 14 23 33 44 23 14 22 14
0 44 33 32 44 44 32 14 22 13 41 14 23 23 22 22 14 22 14
0 41 31 33 11 11 22 14 22 13 44 44 23 22 22 23 14 22 11
0 41 31 32 11 14 22 11 23 11 44 11 23 23 22 22 11 22 11
0 44 33 32 44 44 33 11 23 11 44 11 23 23 22 22 14 23 14
0 44 33 32 41 14 32 14 22 13 11 14 22 33 24 22 11 33 14
0 44 31 33 41 11 33 11 23 11 11 14 22 22 22 22 14 22 11
0 44 33 32 41 11 32 14 23 11 44 14 23 23 22 23 14 22 11
0 11 31 22 44 11 33 14 22 13 41 14 23 33 22 22 14 23 14
0 41 31 32 44 14 32 14 23 13 41 14 23 33 22 23 44 23 11
0 44 31 32 44 14 22 14 23 13 44 14 23 23 22 22 14 22 14
0 41 31 22 41 11 32 11 22 13 11 44 22 22 22 23 14 22 11
0 41 31 22 41 11 22 14 22 13 41 14 22 23 44 22 44 23 11
0 41 31 32 41 14 32 11 22 11 44 11 22 23 22 22 14 22 11
0 41 11 22 44 14 32 14 33 33 44 11 33 23 22 23 14 22 11
0 44 11 32 44 14 33 11 23 33 41 11 23 22 24 22 14 23 11
0 44 33 33 44 14 33 11 22 33 41 44 23 22 22 23 11 23 11
0 41 33 32 41 11 22 11 22 13 11 44 23 23 22 22 14 23 44
0 41 31 32 41 11 33 11 22 33 44 14 23 23 22 22 44 22 14
0 44 11 32 41 11 32 14 22 13 11 14 23 23 22 22 14 22 14
0 44 33 22 41 44 33 11 23 11 44 14 23 33 22 22 14 22 44
0 44 33 33 11 11 33 44 23 13 44 14 23 22 22 22 44 22 14
0 44 33 22 41 44 32 11 22 11 41 11 22 33 22 22 11 23 14
0 41 33 32 41 11 22 14 33 13 41 11 23 33 22 23 11 22 44
0 41 33 33 41 14 22 44 22 11 44 14 23 33 22 22 14 22 11
0 41 33 33 11 14 22 14 23 13 41 14 23 23 44 22 11 22 11
0 44 33 33 11 14 32 14 23 13 41 14 22 22 22 23 14 22 14
0 41 33 32 41 11 32 14 23 11 41 14 22 23 24 22 14 23 11
0 44 33 32 11 14 33 14 23 13 44 14 22 22 22 33 14 33 14
0 11 31 32 44 11 33 11 23 13 41 11 33 33 24 23 11 22 14
0 41 33 33 44 44 22 11 22 11 44 44 22 23 22 23 14 23 11
0 44 33 32 44 11 33 14 22 11 44 11 22 33 22 22 14 23 14
0 44 33 32 44 11 32 11 22 33 44 14 22 22 22 23 14 22 14
0 11 31 33 41 44 32 11 23 33 41 14 33 33 24 23 44 33 11
0 44 31 32 44 14 32 11 22 11 44 14 23 23 22 22 11 22 11
0 44 31 33 44 11 32 11 23 11 41 11 23 23 22 22 11 23 11
0 44 33 32 44 14 33 11 22 13 41 14 23 23 22 23 44 22 11
0 41 33 32 44 14 32 14 22 11 41 14 23 23 22 22 11 33 11
0 44 31 32 11 11 22 14 23 13 44 11 23 22 22 22 44 23 14
0 41 33 33 44 14 33 11 23 13 41 11 33 33 22 22 11 22 11
0 41 33 32 11 44 33 14 22 11 41 14 22 22 22 22 14 23 11
0 44 11 32 11 14 33 14 22 13 41 14 22 22 22 22 14 22 11
0 44 33 32 44 44 33 11 23 33 11 14 23 33 22 23 44 23 11
0 41 33 22 41 11 22 11 23 13 44 44 22 23 24 22 44 23 11
0 44 33 32 44 44 33 14 22 11 44 44 33 22 22 22 11 22 11
0 44 31 33 41 11 32 14 22 13 41 14 23 22 22 22 11 22 14
0 11 33 33 44 11 32 14 22 11 44 44 22 23 22 22 11 23 11
0 44 33 32 41 11 32 11 22 13 41 14 33 23 22 22 44 33 11
0 41 11 22 41 14 32 11 22 13 41 14 33 23 22 23 44 23 11
0 44 31 22 41 11 33 11 23 13 11 14 33 23 22 33 14 23 11
0 44 33 32 44 11 32 11 22 13 44 44 22 23 22 22 11 22 11
0 41 31 32 44 11 33 11 22 13 44 14 23 23 22 22 14 22 14
0 41 33 32 41 11 32 11 23 11 44 11 33 23 22 23 44 22 11
0 41 33 33 41 44 33 44 22 11 44 14 33 23 22 23 44 22 14
0 41 31 32 41 14 32 14 22 13 41 14 22 33 22 23 44 23 14
0 44 33 22 41 14 33 14 23 33 11 44 23 33 22 23 11 23 11
0 44 33 22 41 14 32 11 22 13 11 14 22 33 22 22 11 23 14
0 44 31 32 11 11 32 11 22 13 41 14 33 23 22 22 11 23 11
0 41 31 32 44 11 32 11 23 11 44 11 22 33 22 22 14 22 11
0 44 31 32 41 14 33 14 23 11 41 44 22 22 22 22 14 22 14
0 44 31 32 41 14 32 11 22 33 11 14 33 33 22 22 11 23 11
0 44 31 32 44 11 22 11 22 13 41 14 33 22 22 22 44 22 14
0 41 33 22 41 11 32 11 33 33 41 14 23 23 22 33 14 23 14
0 44 33 32 41 14 33 11 22 13 11 44 33 33 22 22 14 23 14
0 41 11 32 44 14 32 14 22 33 44 11 23 23 22 23 14 23 14
0 41 33 32 44 11 32 11 23 13 44 11 23 33 22 23 44 22 11
0 44 33 32 44 14 32 11 22 13 41 14 22 23 22 23 11 23 11
0 41 33 22 44 14 32 14 22 13 44 14 23 23 22 22 14 23 14
0 44 33 22 11 11 22 14 23 13 44 14 33 33 22 23 44 23 11
0 41 31 22 44 11 33 14 22 11 44 14 33 22 22 23 14 23 11
0 44 31 22 41 14 32 11 22 11 44 11 23 22 22 23 14 22 11
0 41 31 32 44 44 33 14 22 13 44 44 23 33 22 22 11 23 14
0 44 33 32 11 14 32 44 22 13 41 44 23 22 22 23 11 23 11
0 41 31 33 44 14 33 11 22 13 11 11 33 33 22 23 11 22 14
0 44 33 32 41 14 22 11 22 13 44 11 23 23 22 22 14 23 11
0 11 33 33 44 14 32 14 23 11 41 14 33 23 24 23 14 33 14
0 44 31 33 41 11 33 11 22 13 44 11 22 22 22 22 44 23 14
0 44 33 32 11 14 32 11 33 13 11 44 33 23 22 22 11 23 14
0 44 33 22 41 14 22 14 23 33 41 11 23 23 22 23 11 22 14
0 44 33 22 41 14 32 11 23 13 41 14 23 23 22 33 14 33 14
0 11 33 22 41 14 33 11 23 13 11 11 23 23 24 33 14 23 14
0 41 31 33 41 14 22 11 23 13 44 14 23 33 22 23 11 23 11
0 41 31 33 44 11 33 11 22 11 44 11 23 23 22 22 14 22 14
0 41 31 32 44 44 33 14 22 33 44 44 22 23 22 23 14 22 11
0 41 33 32 11 11 33 11 22 33 41 14 33 23 22 22 14 22 11
0 11 33 32 41 11 22 11 23 13 41 11 23 22 24 22 14 33 14
0 41 33 33 44 11 33 14 22 13 41 11 23 22 22 22 44 22 11
0 44 33 22 44 11 33 11 22 11 41 14 23 23 22 22 44 23 14
0 41 33 32 41 14 32 14 23 13 41 11 33 22 22 22 44 23 11
0 41 31 32 41 11 32 11 23 13 41 14 22 22 22 22 44 23 11
0 41 33 32 41 44 32 11 22 13 41 14 23 23 22 22 14 33 14
0 44 31 33 41 11 32 11 22 11 41 44 23 23 22 23 44 23 11
0 44 33 33 41 14 33 11 23 13 44 14 22 23 22 22 14 22 11
0 44 31 22 41 14 33 11 22 13 44 44 23 22 22 33 14 23 44
0 11 11 33 41 14 32 11 23 13 44 14 23 33 22 23 14 33 14
0 44 31 33 41 11 33 14 22 13 41 14 22 22 22 22 11 22 11
0 44 31 33 11 14 32 14 22 11 41 11 33 33 24 23 14 22 14
0 41 33 32 44 11 32 14 22 11 44 11 23 22 44 22 11 22 14
0 44 31 32 44 11 32 14 22 13 44 14 23 23 24 22 44 22 11
0 41 33 32 44 14 32 11 23 13 44 11 33 23 22 23 14 23 14
0 44 11 33 41 11 32 14 22 11 44 14 23 22 22 22 14 22 11
0 44 33 32 44 11 22 14 23 13 41 14 22 23 24 23 14 22 11
0 44 33 33 44 11 33 14 23 13 41 11 23 33 22 22 44 23 14
0 44 31 22 41 11 32 14 23 13 44 11 22 23 22 23 14 23 11
0 41 33 32 44 14 33 11 23 13 41 14 22 22 22 22 11 33 11
0 41 33 32 41 14 32 14 33 11 44 14 23 33 44 23 14 22 11
0 44 33 32 44 14 33 11 22 13 44 14 22 22 22 22 14 22 11
0 41 33 33 41 11 33 11 22 13 11 14 33 23 22 23 14 23 11
0 44 33 33 44 11 33 14 22 33 44 11 23 23 22 22 14 22 11
0 44 33 22 41 11 33 14 22 13 41 14 33 22 22 23 44 23 11
0 41 33 22 11 14 33 11 22 13 41 11 23 23 22 23 14 23 11
0 41 33 33 41 44 32 14 22 13 41 14 23 33 22 22 44 23 14
0 44 33 33 41 14 22 11 22 11 44 11 22 23 22 22 11 22 14
0 44 31 22 44 11 22 11 22 33 11 44 23 23 24 23 11 33 14
0 41 33 32 44 14 32 11 22 13 41 14 33 33 22 23 44 23 11
0 41 31 33 41 14 33 14 23 13 41 11 23 22 24 22 11 22 11
0 41 11 32 44 11 32 14 23 11 44 14 23 22 22 23 14 22 11
0 44 31 33 41 14 32 11 22 11 44 11 22 23 24 22 14 23 11
0 44 31 33 41 14 32 11 23 11 41 14 22 22 22 22 14 22 11
0 41 33 22 41 14 33 11 23 13 41 11 23 22 24 22 14 22 11
0 41 33 33 41 14 32 11 22 13 41 14 33 23 24 22 14 33 14
0 41 33 33 41 44 32 14 22 13 41 14 23 23 22 33 44 23 14
0 41 33 33 41 14 33 14 22 33 41 44 33 33 22 33 11 23 14
0 41 31 33 41 11 33 11 23 11 41 14 23 22 22 22 14 22 44
0 44 31 22 41 14 32 14 22 11 44 14 23 33 22 22 14 23 14
0 41 31 32 41 14 32 44 22 11 41 11 23 22 22 22 44 23 11
0 44 33 33 11 11 33 11 22 13 44 14 22 23 22 23 11 33 44
0 41 33 22 41 11 32 44 23 11 44 14 23 23 22 23 11 23 11
0 44 31 33 41 14 32 11 23 13 44 14 22 33 44 22 44 22 14
0 44 33 32 11 11 32 44 23 33 41 11 22 23 22 33 14 22 11
0 44 33 32 41 14 32 14 23 11 41 11 23 23 22 22 14 23 11
0 44 33 33 41 14 33 44 22 13 41 11 23 33 22 22 11 22 11
0 44 33 32 44 44 22 14 22 11 44 14 23 22 24 22 11 22 11
0 11 11 32 41 11 32 14 22 11 11 14 23 22 22 23 44 22 14
0 44 33 32 44 11 33 14 23 13 44 14 23 23 22 23 11 23 11
0 41 33 33 44 44 33 14 23 11 41 14 23 22 22 22 44 22 44
0 44 33 33 41 11 22 14 23 13 44 14 22 33 22 23 14 22 44
0 44 33 33 44 14 32 14 23 11 44 11 22 23 22 22 14 23 14
0 44 31 33 41 14 32 14 33 13 11 14 33 22 22 22 14 23 11
0 44 31 22 44 14 33 11 22 11 44 44 33 23 22 22 11 33 14
0 41 31 33 44 14 32 11 22 11 44 14 33 23 24 22 11 23 14
0 41 11 22 11 44 32 11 23 11 41 11 23 33 22 22 44 33 11
0 44 31 32 44 14 22 44 23 11 41 11 23 23 22 22 14 22 11
0 41 33 33 41 14 33 11 22 13 41 44 23 22 22 22 14 23 11
0 44 31 33 41 11 33 11 23 33 11 14 33 23 24 22 14 22 11
0 41 31 33 11 14 32 11 23 11 11 11 23 23 22 22 14 23 11
0 44 31 32 11 14 33 11 22 11 41 11 22 23 24 22 11 22 14
0 11 33 22 44 11 22 14 23 11 41 11 23 22 22 22 11 22 11
0 41 33 22 41 14 22 14 22 13 44 14 23 22 24 23 14 23 11
0 44 33 22 41 14 33 14 22 11 41 44 23 22 22 23 14 22 11
0 11 33 33 11 14 32 11 23 33 44 14 23 23 24 22 11 22 14
0 44 33 32 44 11 33 11 22 33 44 14 22 23 22 33 44 22 14
0 41 33 33 41 14 33 11 22 13 41 14 23 33 22 22 14 23 44
1 41 31 33 41 14 33 11 22 33 41 44 33 33 22 33 11 23 11
1 11 11 32 41 11 32 11 22 13 41 14 23 33 22 22 14 22 14
1 44 31 33 41 14 32 14 22 13 44 11 22 23 24 23 14 23 11
1 41 31 22 44 14 33 14 22 13 44 14 23 22 22 33 14 23 44
1 41 31 33 41 44 32 14 23 11 41 14 23 23 22 22 14 33 14
1 41 33 32 41 11 33 11 22 13 44 14 23 33 24 23 44 23 11
1 44 33 32 44 11 33 14 22 13 44 14 23 23 22 22 14 22 11
1 41 33 33 41 14 32 11 22 13 41 14 22 22 22 23 14 23 11
1 41 31 22 41 11 33 11 22 11 11 14 33 23 22 23 14 23 11
1 41 31 32 11 11 33 44 22 11 44 14 23 22 22 33 14 22 14
1 41 31 32 41 44 32 11 23 11 41 14 23 23 24 22 11 23 14
1 41 31 22 11 14 32 14 23 13 41 14 22 33 24 23 14 23 11
1 41 33 32 44 11 33 14 22 11 11 11 23 23 24 22 14 23 11
1 44 33 33 41 11 32 44 23 13 41 14 23 23 22 22 14 22 14
1 11 33 32 44 11 32 11 22 11 44 11 22 23 22 23 11 22 14
1 44 31 32 44 11 33 11 23 33 41 44 22 22 22 22 44 22 11
1 41 31 33 41 14 32 11 22 13 44 14 23 23 22 23 44 22 11
1 41 33 33 41 14 33 11 22 11 41 44 33 23 22 33 14 23 14
1 44 33 32 44 11 32 11 22 13 44 44 22 23 24 22 14 23 11
1 44 31 32 44 14 33 14 22 13 44 14 23 33 22 22 44 23 14
1 44 33 32 44 11 33 11 22 13 44 14 23 22 22 22 14 22 11
1 44 33 32 41 14 33 44 22 13 44 11 23 22 22 22 14 23 11
1 44 31 33 41 14 33 11 23 13 44 14 23 23 22 22 11 23 14
1 44 33 22 44 11 22 11 22 13 41 11 22 33 22 23 11 23 11
1 44 33 33 41 44 22 14 22 13 44 14 22 23 22 23 14 22 14
1 44 33 32 44 14 32 11 22 33 44 14 23 22 22 22 14 22 11
1 44 31 33 44 14 33 14 22 13 44 14 23 22 22 22 44 23 14
1 41 33 33 44 11 22 11 23 11 41 44 33 23 22 22 11 23 11
1 41 33 33 44 14 33 11 22 33 44 14 23 33 22 23 11 22 11
1 44 31 22 41 11 33 11 22 11 44 11 23 22 22 22 44 23 11
1 41 31 33 44 11 32 14 22 33 44 11 23 23 22 23 44 23 14
1 41 33 33 44 11 33 14 22 13 44 44 22 23 22 22 11 33 14
1 41 31 33 44 14 33 11 22 11 11 44 23 23 24 33 11 33 11
1 44 31 32 41 44 32 14 23 13 41 14 33 23 22 23 14 23 11
1 44 33 33 44 44 32 11 22 13 41 11 33 23 22 22 14 22 11
1 41 33 22 44 14 33 11 23 13 41 14 23 23 24 22 44 33 11
1 11 33 32 41 11 33 11 22 33 44 44 23 23 22 22 14 22 11
1 44 33 22 44 44 33 11 22 33 41 14 22 23 22 23 11 23 11
1 41 31 32 41 11 22 11 22 11 41 11 23 33 22 33 14 22 11
1 41 33 32 41 44 32 14 22 13 11 44 33 23 22 22 44 22 11
1 44 31 22 44 14 32 11 23 33 41 14 33 33 22 22 11 22 44
1 44 33 32 44 14 32 11 22 11 41 11 23 23 24 22 14 23 11
1 44 31 32 11 14 33 11 22 13 41 11 22 22 22 23 11 23 11
1 41 33 32 41 14 32 11 22 11 11 11 23 23 22 22 14 23 14
1 44 33 33 41 14 32 11 23 13 44 14 22 23 22 23 11 33 14
1 44 33 32 41 11 32 11 23 33 41 14 23 22 22 33 11 23 14
1 44 31 22 41 14 32 14 22 33 44 11 22 22 22 23 14 23 11
1 41 31 33 41 44 32 11 23 13 44 14 33 23 24 33 44 23 14
1 44 33 33 44 11 33 11 33 11 11 44 22 22 22 22 11 22 11
1 44 31 33 44 14 32 14 22 11 44 14 33 22 22 23 44 22 11
1 44 33 33 11 14 32 44 22 13 41 11 23 23 22 23 14 22 11
1 44 33 33 44 14 22 11 22 13 44 44 23 23 24 23 44 23 44
1 41 33 33 44 11 32 11 22 13 41 44 22 33 22 23 14 22 11
1 44 31 32 41 14 33 11 33 11 41 11 23 33 24 22 11 22 11
1 41 31 33 44 11 33 11 22 13 44 11 23 22 22 22 44 23 11
1 41 33 32 41 11 32 14 22 33 41 11 23 23 22 22 14 22 14
1 41 33 33 44 44 33 11 22 11 44 14 33 33 22 23 14 23 11
1 44 33 33 41 14 32 11 22 11 41 14 33 23 22 33 14 22 11
1 41 33 32 41 11 22 11 22 13 11 44 33 23 22 22 11 22 14
1 41 31 32 44 11 33 11 22 13 11 14 33 23 22 22 44 23 44
1 44 33 33 44 11 22 14 23 13 41 11 22 22 22 22 14 23 11
1 11 31 33 11 44 32 14 22 11 41 14 23 23 22 22 11 23 11
1 41 31 33 41 11 22 11 22 13 41 14 22 23 22 22 14 22 11
1 11 33 33 41 44 22 44 23 13 41 14 23 22 22 33 44 22 11
1 44 33 33 41 44 22 14 23 13 41 11 23 22 22 22 14 22 11
1 41 33 32 44 11 32 11 22 11 11 14 22 23 22 22 11 23 11
1 41 33 33 41 11 22 11 23 11 41 11 23 23 22 23 11 23 11
1 41 11 32 44 11 32 14 22 33 41 14 23 23 22 33 14 22 11
1 44 33 33 41 14 33 11 22 13 44 14 23 22 22 23 44 22 14
1 44 31 32 41 14 32 11 22 11 44 44 22 23 24 23 44 22 11
1 41 33 33 44 14 22 11 23 13 11 11 23 23 24 33 11 23 14
1 41 31 33 11 11 22 14 33 33 44 44 22 23 22 23 11 22 11
1 44 33 32 41 11 32 14 33 11 44 11 23 23 24 23 11 23 11
1 44 33 32 44 14 33 14 33 33 41 44 23 23 22 23 14 22 14
1 41 33 32 11 14 32 14 22 11 44 14 23 23 22 23 14 22 11
1 41 33 33 41 44 32 14 22 11 44 11 23 23 22 23 11 22 11
1 44 33 33 44 14 22 44 23 11 44 14 33 22 24 22 14 22 14
1 44 33 32 41 14 32 14 22 11 41 11 23 23 22 23 11 23 11
1 11 11 32 11 44 33 14 23 33 44 44 33 33 22 22 14 33 14
1 44 33 33 41 11 33 11 22 33 41 14 23 22 22 22 14 23 11
1 41 11 33 44 11 32 11 22 13 41 14 22 23 22 22 14 33 14
1 41 31 22 41 44 22 11 23 33 41 14 33 23 22 22 14 23 14
1 44 33 33 41 11 33 11 22 11 41 14 23 23 24 22 11 23 11
1 41 31 32 41 44 22 11 22 33 41 44 23 22 22 22 14 23 11
1 41 33 22 44 14 33 14 22 33 44 14 33 23 22 22 44 23 11
1 44 31 32 41 11 33 11 23 13 41 11 33 23 22 23 11 23 14
1 41 33 32 44 11 33 14 23 13 44 14 22 33 22 23 44 23 11
1 44 31 33 44 44 33 14 23 11 44 14 22 22 22 23 14 33 11
1 41 33 32 44 11 33 44 23 13 41 11 23 23 22 23 14 22 14
1 44 33 32 41 11 22 14 22 11 44 14 22 23 22 22 14 22 14
1 11 33 33 44 14 32 11 23 13 41 44 22 33 24 22 14 22 11
1 11 33 32 41 11 33 14 22 11 44 11 23 23 24 23 11 22 11
1 11 33 32 41 11 33 14 22 33 41 14 23 33 22 22 44 22 11
1 41 33 33 11 11 32 11 22 33 41 11 23 33 22 23 11 23 14
1 44 33 22 41 14 32 14 23 13 41 14 22 23 22 22 44 22 11
1 41 33 22 44 14 32 11 22 13 41 11 23 33 24 23 44 22 11
1 41 33 33 44 11 32 11 22 11 11 14 22 33 22 23 14 33 11
1 41 31 32 41 14 32 11 33 13 44 11 22 33 22 22 14 22 11
1 41 31 32 41 44 22 44 23 13 41 44 33 23 22 22 14 33 11
1 41 33 33 41 11 33 14 22 13 44 14 33 33 22 22 14 23 11
1 41 33 33 41 11 32 14 22 13 44 14 22 23 22 22 14 22 11
1 11 33 33 44 14 22 11 23 11 11 14 22 23 24 22 11 22 11
1 41 33 22 41 11 33 11 22 13 41 11 22 23 24 22 11 22 14
1 44 33 32 41 11 32 44 23 13 11 14 33 22 22 22 14 23 11
1 44 31 33 41 14 22 14 23 13 41 44 23 23 24 33 14 33 11
1 41 31 33 44 11 33 14 22 33 44 14 22 22 22 22 14 22 11
1 44 11 22 41 11 32 11 23 13 11 11 23 23 22 22 14 22 14
1 41 31 33 44 14 22 11 23 13 41 44 23 23 22 22 44 23 44
1 44 31 32 11 44 32 14 23 11 44 14 23 23 22 23 14 23 14
1 44 33 22 44 11 32 14 23 13 41 11 33 23 22 22 44 33 11
1 44 33 33 41 11 33 11 23 33 41 14 23 23 22 23 14 22 11
1 44 31 32 11 11 32 14 22 33 11 44 22 23 22 23 44 22 14
1 44 31 32 44 11 32 11 23 13 41 11 33 23 22 33 14 23 11
1 44 33 22 41 14 32 11 23 11 41 11 23 33 24 22 44 22 14
1 44 33 33 44 11 33 11 22 13 11 14 23 23 24 22 14 23 14
1 41 11 22 11 11 32 11 23 33 41 14 23 22 22 22 11 22 11
1 44 33 32 41 44 22 14 22 13 41 14 23 23 22 22 14 33 14
1 11 31 33 44 11 22 44 22 13 44 11 23 22 22 22 14 23 14
1 41 33 32 41 11 32 11 22 33 41 14 33 23 22 22 44 23 11
1 41 33 32 44 14 22 14 23 33 41 11 23 23 22 23 44 22 14
1 11 11 33 44 14 33 14 22 13 44 11 33 22 22 33 44 22 14
1 41 31 33 44 11 22 11 22 33 44 14 23 22 24 23 14 23 11
1 44 33 33 44 11 32 11 22 13 41 14 22 22 24 22 14 22 11
1 41 31 22 41 14 32 11 22 13 41 44 23 33 24 33 14 23 14
1 41 33 22 41 44 32 11 22 13 41 44 23 23 22 23 44 22 14
1 41 33 32 11 11 33 14 23 13 44 11 22 23 24 23 11 33 14
1 11 31 33 41 14 32 14 23 13 44 11 23 22 22 23 11 33 11
1 41 31 32 44 14 33 14 22 13 44 14 23 22 22 23 44 33 44
1 11 11 32 41 11 32 11 22 13 44 14 23 23 24 22 14 23 11
1 44 33 32 41 14 33 11 23 11 44 11 22 23 22 22 11 23 14
1 44 31 32 44 11 32 11 22 13 44 14 23 23 22 22 44 23 11
1 44 33 33 11 11 33 14 22 11 44 14 33 23 22 22 14 23 11
1 41 33 32 11 14 32 14 22 11 41 14 23 22 22 23 11 22 11
1 44 33 32 11 14 32 11 22 33 44 44 23 23 22 22 44 22 14
1 41 33 32 11 11 33 11 23 33 44 11 23 22 22 22 44 22 14
1 44 33 33 44 11 32 11 22 13 41 14 33 22 22 23 14 22 11
1 44 33 32 41 14 22 11 23 33 41 14 23 23 24 33 14 23 14
1 41 33 32 44 14 32 14 22 13 41 11 23 23 22 22 11 22 11
1 44 33 33 41 14 33 11 23 33 41 44 22 22 22 22 14 22 11
1 44 31 32 41 44 32 14 22 33 11 14 33 22 24 22 14 33 14
1 44 33 32 41 44 32 11 23 11 41 14 23 33 44 33 14 23 11
1 44 33 32 44 11 33 11 23 11 41 14 33 33 24 22 14 23 14
1 41 31 22 41 14 32 11 23 11 41 14 22 23 44 22 14 22 14
1 41 33 22 11 11 32 11 22 13 41 14 23 23 22 22 14 23 44
1 44 33 32 41 11 22 11 22 11 44 14 23 33 22 23 11 22 11
1 41 33 33 11 11 32 11 22 13 41 14 22 23 22 22 11 23 14
1 44 11 32 44 14 32 11 22 13 11 14 23 33 24 22 44 23 14
1 44 33 33 11 14 32 11 22 13 41 11 22 23 22 23 14 22 14
1 44 31 32 44 11 32 11 22 13 44 14 22 22 22 23 11 22 11
1 41 33 33 11 11 22 14 22 13 41 11 23 23 22 22 44 22 14
1 44 33 33 41 14 32 14 22 13 41 11 22 23 22 22 11 23 44
1 41 31 32 41 14 32 11 22 33 44 14 23 22 22 22 44 23 11
1 44 33 33 44 11 33 11 22 33 44 11 22 22 22 33 11 22 11
1 41 33 33 41 11 33 11 23 11 44 14 22 22 22 22 14 22 14
1 41 31 22 44 44 32 11 22 11 11 14 33 33 22 22 14 23 14
1 44 31 32 41 14 33 14 22 11 44 14 22 33 22 33 44 23 14
1 41 33 22 44 11 33 14 22 11 41 11 23 33 22 23 14 22 14
1 44 11 32 44 11 33 11 22 13 44 11 23 23 24 33 14 22 11
1 44 33 33 44 11 32 11 22 13 44 11 22 22 22 22 44 22 11
1 44 33 33 44 14 33 11 23 11 44 11 23 23 22 22 14 22 11
1 44 33 33 41 44 32 11 22 13 44 44 23 33 22 22 11 22 11
1 44 33 33 44 14 22 14 22 13 41 14 23 33 22 23 11 23 11
1 41 31 33 41 11 33 11 23 13 44 14 23 23 22 33 11 23 11
1 44 33 32 11 11 32 11 23 11 44 14 23 22 22 23 11 33 11
1 44 33 32 44 14 32 14 22 11 41 14 33 23 22 22 11 22 44
1 41 33 32 44 11 32 11 33 11 11 11 22 22 22 22 44 23 11
1 41 33 22 41 44 22 14 22 13 44 44 23 33 22 23 11 22 11
1 44 33 32 44 44 22 14 23 11 11 11 23 23 22 22 44 33 11
1 44 33 33 44 11 22 14 22 13 41 14 23 23 22 23 11 22 11
1 41 31 33 41 11 32 11 22 33 44 11 23 33 22 22 14 23 11
1 44 33 32 41 44 32 44 22 33 41 11 22 23 44 23 44 23 11
1 44 11 33 44 14 33 11 23 13 41 14 22 22 22 22 11 22 11
1 41 33 22 44 14 33 11 23 13 44 11 23 22 22 23 11 22 11
1 41 31 32 11 14 22 11 23 11 41 11 33 33 22 23 14 22 11
1 41 11 32 44 44 33 14 22 13 44 44 23 23 22 22 44 22 11
1 41 33 32 44 14 32 14 22 13 44 11 22 22 22 22 14 22 11
1 41 31 32 44 11 33 11 22 13 41 14 22 22 22 22 11 23 11
1 44 31 32 41 14 33 11 22 11 41 14 22 23 22 23 14 22 14
1 41 33 32 11 11 22 11 22 13 44 11 33 23 22 22 44 23 14
1 44 33 32 41 14 32 14 22 33 11 14 23 23 22 22 44 22 14
1 44 33 22 41 44 33 14 23 13 41 14 22 23 22 23 44 33 44
1 41 33 33 41 11 32 11 23 13 11 11 23 23 22 22 11 22 11
1 41 33 33 44 14 33 14 22 11 41 14 23 23 22 22 14 23 11
1 11 33 33 41 14 32 14 22 11 44 11 22 33 24 23 14 23 14
1 41 11 33 44 14 22 14 23 13 41 14 33 23 24 22 14 33 11
1 41 33 32 11 11 32 11 22 11 41 14 22 23 22 33 44 22 11
1 41 33 22 41 14 32 11 23 33 44 14 33 22 22 22 14 33 11
1 41 33 33 44 11 33 14 33 11 44 11 33 22 22 23 14 22 14
1 41 33 33 41 11 33 11 22 33 44 11 22 23 22 23 14 23 14
1 44 33 33 44 14 32 14 23 11 44 44 22 22 22 22 11 22 14
1 41 33 32 41 14 32 14 23 33 44 11 33 22 22 22 14 23 11
1 44 33 33 44 14 33 11 23 13 41 14 23 23 22 33 14 33 11
1 11 31 32 44 14 32 11 22 33 41 14 33 23 22 22 44 23 11
1 44 33 33 11 44 32 11 22 13 41 44 23 22 22 22 11 22 11
1 44 31 33 41 11 32 44 23 13 44 14 22 22 24 22 11 23 11
1 44 31 33 44 11 32 11 23 33 41 14 23 22 24 22 14 33 11
1 41 31 32 41 14 32 14 22 11 41 14 33 23 24 23 11 22 11
1 44 31 33 41 11 33 11 23 11 41 14 33 23 22 22 11 23 14
1 44 31 33 11 44 32 44 23 33 41 44 22 22 22 22 44 23 14
1 11 33 22 11 11 33 14 23 13 44 14 23 23 22 22 44 23 11
1 41 33 22 44 14 22 11 23 13 41 11 23 22 22 23 11 23 11
1 44 33 32 44 14 33 11 22 33 41 14 22 23 22 22 11 33 11
1 41 31 33 41 14 33 14 22 33 44 14 33 22 24 22 11 33 14
1 41 11 33 44 11 22 14 22 33 41 11 23 22 22 23 11 23 11
1 41 33 32 11 44 32 14 23 13 44 14 23 33 22 22 11 33 14
1 41 31 32 41 14 33 11 22 33 44 14 22 33 24 22 14 22 14
1 44 33 32 41 14 32 44 23 33 44 44 23 33 24 22 14 23 14
1 44 31 32 44 11 32 11 23 13 44 11 22 22 22 22 44 23 11
1 41 33 33 41 14 32 14 22 11 41 14 33 22 22 22 14 23 14
1 41 33 33 41 14 32 14 23 13 11 44 22 22 22 23 11 23 11
1 44 33 33 44 11 33 11 22 13 44 44 22 22 22 22 44 22 11
1 41 33 32 41 11 32 11 23 13 41 14 22 22 22 22 14 23 44
1 44 33 32 11 11 32 11 22 11 41 11 23 33 22 23 11 22 11
1 44 33 22 41 14 32 14 22 13 41 44 23 22 24 22 14 33 11
1 41 31 32 41 14 32 11 22 11 44 44 33 23 22 22 14 23 11
1 41 31 32 11 14 32 11 22 11 44 44 33 23 24 22 11 33 14
1 41 33 22 41 14 32 11 33 11 11 14 33 22 22 23 14 23 14
1 41 31 33 41 14 32 14 33 33 44 44 22 23 24 22 44 22 11
1 41 33 33 44 11 32 11 22 13 11 44 23 33 22 23 44 22 14
1 44 33 33 44 11 32 11 22 33 44 14 23 22 22 22 11 22 11
1 44 33 33 41 11 32 14 23 33 44 44 22 23 22 23 11 22 11
1 44 33 32 44 14 33 11 22 13 44 11 22 23 22 22 14 22 11
1 41 31 33 44 14 22 11 23 11 44 44 33 23 22 33 14 22 11
1 41 33 32 41 11 32 11 23 13 11 11 23 22 22 22 14 23 11
1 44 31 22 44 14 32 11 22 13 44 11 33 22 22 22 44 22 11
1 44 33 32 44 14 33 11 22 33 41 11 23 23 22 33 11 23 14
1 44 31 32 44 14 32 14 22 13 11 11 33 33 22 23 14 22 11
1 11 31 32 44 14 32 11 22 13 41 14 33 33 22 23 14 22 11
1 41 33 22 41 11 32 11 22 13 41 11 23 23 22 23 44 22 11
1 41 11 32 41 11 33 11 22 13 11 14 22 22 24 23 14 22 14
1 44 31 33 44 14 32 11 33 13 41 14 33 23 22 33 44 22 11
1 11 33 32 41 44 32 14 23 13 11 44 22 23 22 22 14 23 11
1 44 31 32 41 11 32 14 23 13 41 14 22 33 24 22 14 23 14
1 41 31 33 41 11 33 11 22 13 41 14 23 23 22 23 11 22 11
1 41 31 32 44 11 22 14 33 13 44 44 22 23 22 23 11 23 11
1 44 31 33 44 14 32 44 22 11 11 11 33 22 24 22 14 33 11
1 41 33 33 41 14 33 11 22 11 44 14 33 22 22 22 44 23 11
1 11 31 33 44 14 33 11 22 13 44 11 23 23 24 23 14 23 11
1 44 31 33 44 14 32 14 22 33 44 14 23 23 22 23 14 22 11
1 41 31 32 44 14 33 14 22 11 41 44 22 33 22 22 11 22 11
1 11 31 22 44 11 33 11 33 33 11 14 23 23 22 23 11 23 14
1 44 31 32 41 14 33 11 22 13 44 11 33 33 22 22 14 23 11
1 41 33 32 44 14 33 11 22 13 41 14 33 22 24 22 14 22 11
1 44 33 32 41 14 32 11 22 13 41 14 23 22 22 22 44 22 14
1 41 31 32 41 44 33 11 22 13 41 14 22 23 22 22 14 22 11
1 41 33 32 41 14 22 14 22 13 44 11 23 23 24 22 14 22 11
1 41 11 32 44 14 22 14 23 11 44 14 23 33 22 22 14 22 11
1 44 31 33 41 14 32 11 22 13 11 11 22 23 22 23 14 23 11
1 41 31 22 41 11 32 11 22 33 41 14 33 23 22 23 44 33 11
1 44 33 33 44 11 32 11 22 33 44 14 23 22 22 22 14 22 11
1 41 33 32 41 11 22 11 23 13 41 14 22 22 22 23 14 23 11
1 11 33 22 41 11 32 11 22 13 41 14 22 22 24 23 11 22 44
1 44 33 32 41 14 22 11 22 13 44 14 23 33 24 22 14 23 14
1 41 31 33 41 14 32 14 22 11 44 14 23 23 22 22 44 22 11
1 11 31 32 41 44 32 11 23 13 44 14 22 23 22 22 44 22 14
1 41 33 32 11 14 32 14 23 13 44 14 23 22 24 22 11 23 11
1 44 33 32 44 14 33 14 23 13 41 11 23 22 22 22 14 22 11
1 44 31 33 41 14 32 11 23 33 44 14 23 23 22 22 14 23 44
1 44 33 22 41 14 32 11 22 13 11 11 22 33 22 22 14 23 44
1 41 33 33 44 14 33 11 22 11 44 14 22 22 22 23 14 22 11
1 41 33 33 11 11 32 11 22 33 41 11 23 23 22 22 14 23 11
1 44 33 22 41 11 33 14 22 33 44 14 23 33 22 22 14 22 14
1 41 33 32 41 14 33 14 33 11 41 14 23 23 22 33 14 23 11
1 41 31 33 11 11 33 14 23 33 44 14 23 23 24 22 11 22 11
1 44 31 32 41 44 32 11 22 13 41 11 22 33 22 23 14 23 11
1 41 31 32 44 14 32 14 22 11 11 44 23 33 22 23 14 23 11
1 11 33 22 11 44 32 11 23 13 44 11 23 23 24 22 14 22 11
1 41 33 33 41 11 32 11 23 13 44 14 23 23 24 22 11 22 11
1 44 33 32 44 11 32 11 23 13 11 14 23 23 22 22 14 22 11
1 44 33 32 44 11 33 11 22 11 41 44 33 23 22 23 14 33 11
1 44 31 33 11 14 22 14 23 33 44 11 22 23 22 22 14 23 11
1 41 31 32 44 14 33 11 22 13 11 14 22 33 22 22 44 22 11
1 44 33 33 41 11 33 14 22 11 44 14 33 23 22 23 14 33 11
1 41 33 22 11 14 33 11 23 11 11 44 23 23 24 22 44 23 11
1 41 33 32 44 14 33 11 23 13 44 11 23 23 22 22 14 23 14
1 44 33 33 11 11 32 14 33 11 44 14 23 23 22 23 11 22 14
1 44 33 22 41 11 33 44 23 33 44 14 22 33 22 23 14 22 11
1 44 33 22 41 14 22 14 22 33 41 14 22 23 24 33 14 23 11
1 44 31 22 41 14 32 44 22 13 44 14 33 22 22 23 11 23 14
1 41 31 32 41 14 33 14 22 11 44 11 23 22 22 22 11 22 11
1 11 31 33 44 11 32 11 33 13 41 14 23 22 24 22 44 23 11
1 41 31 22 44 11 32 11 33 33 44 11 22 23 22 22 44 22 11
1 41 33 22 41 44 33 11 22 33 41 11 22 23 22 23 44 23 11
1 41 31 33 44 14 33 11 23 13 41 14 22 23 24 23 11 23 44
1 41 31 22 41 14 33 11 22 11 11 11 22 33 22 22 14 23 11
1 44 33 32 44 44 32 14 22 13 44 11 33 23 22 23 11 23 14
1 41 31 32 44 14 33 44 23 33 41 11 23 23 22 23 44 22 14
1 41 33 33 41 11 32 11 23 11 41 44 23 22 22 22 11 23 11
1 41 33 33 41 44 32 14 22 33 44 44 22 33 22 23 14 33 11
1 41 31 33 44 14 32 11 22 33 11 11 22 23 24 22 11 22 14
1 41 31 22 41 11 33 11 22 11 41 11 23 23 24 22 14 22 11
1 41 33 32 41 44 32 14 22 11 44 14 22 22 24 33 14 33 11
1 44 33 32 44 44 32 11 23 13 44 14 23 23 22 22 14 22 14
1 44 33 32 41 44 32 11 23 33 41 14 22 22 22 22 44 22 11
1 41 33 32 41 14 32 14 23 13 41 14 22 22 22 23 44 22 11
1 41 33 33 44 14 22 11 22 13 41 11 22 22 22 23 44 22 11
1 41 33 32 11 14 32 11 33 13 11 14 33 33 22 22 44 23 14
1 44 31 32 41 44 33 11 22 13 44 14 23 23 22 23 14 23 44
1 44 33 22 41 11 33 11 33 11 44 14 23 22 24 22 14 23 11
1 44 31 32 44 14 22 14 23 11 41 11 23 23 22 22 44 22 14
1 44 31 33 44 11 32 11 22 33 41 11 23 23 24 22 11 23 11
1 11 33 32 44 14 22 11 33 13 44 14 22 23 24 22 14 22 14
1 44 31 33 11 14 22 14 23 13 44 11 22 23 22 23 14 22 11
1 41 33 33 41 11 32 14 22 11 41 11 22 22 22 22 11 23 14
1 41 33 32 41 11 32 11 23 13 41 11 33 22 22 22 14 23 11
1 41 33 32 41 11 32 14 23 13 44 11 23 23 22 23 44 23 11
1 41 33 22 41 11 32 14 22 13 44 14 23 22 22 23 11 22 11
1 44 31 33 11 44 22 11 22 11 41 14 22 23 22 23 11 23 11
1 41 33 22 41 11 22 14 22 13 11 14 23 23 22 22 14 22 11
1 41 31 22 41 14 32 14 23 33 11 14 33 33 24 22 14 33 14
1 44 31 32 41 14 32 11 22 13 44 11 33 23 22 33 14 23 11
1 44 33 33 11 44 32 14 23 33 41 14 33 33 22 23 14 22 11
1 11 31 32 44 14 32 14 23 11 44 14 22 33 22 23 14 23 11
1 41 31 33 44 14 32 14 23 11 41 14 22 23 22 22 44 22 11
1 44 11 22 41 14 33 11 23 13 44 44 23 22 22 22 11 33 14
1 44 33 33 41 11 33 11 22 13 44 14 33 22 22 23 14 22 14
1 44 33 33 44 11 33 11 22 11 11 11 23 23 22 22 14 23 11
1 44 33 33 41 14 33 11 22 11 44 14 22 23 24 22 11 33 11
1 41 33 32 11 11 32 14 22 13 44 11 23 23 22 23 14 22 11
1 41 31 33 44 11 22 11 23 13 11 14 23 23 22 23 11 22 11
1 44 33 32 41 14 33 11 23 33 41 11 23 22 22 22 14 22 11
1 44 33 22 41 11 33 14 23 13 44 44 33 23 22 23 11 23 11
1 44 33 33 41 44 32 14 22 33 41 11 22 22 22 22 14 22 11
1 41 33 33 11 44 33 11 22 11 41 11 23 23 22 23 11 22 11
1 41 31 22 44 11 22 11 22 13 11 14 23 23 24 33 14 33 14
1 44 31 32 41 14 32 44 23 11 41 14 23 33 22 22 11 22 11
1 41 33 33 41 11 32 14 23 13 44 14 22 23 24 23 14 23 11
1 44 33 32 44 14 32 11 23 13 41 11 23 23 22 23 11 33 14
1 41 11 32 44 11 32 14 23 13 11 11 22 22 22 22 11 23 14
1 44 31 32 41 14 32 11 23 33 41 11 22 23 22 23 14 23 14
1 41 33 33 41 11 22 14 22 13 44 14 23 33 22 22 14 23 11
1 11 31 32 11 14 33 11 22 13 41 11 33 22 24 22 44 23 11
1 11 33 22 44 14 32 14 23 13 41 11 23 23 24 22 44 22 44
1 44 11 33 44 14 32 14 22 33 44 44 23 23 24 23 44 23 11
1 44 31 32 41 14 32 14 23 13 44 44 23 22 22 22 14 23 14
1 44 31 33 44 11 33 11 22 33 44 14 23 23 22 22 11 23 11
1 41 31 33 44 14 32 11 23 11 41 14 33 33 22 23 14 23 11
1 41 33 22 11 11 32 11 22 33 44 11 22 23 22 23 14 23 11
1 41 33 33 44 11 32 11 22 33 41 14 22 23 24 22 14 22 11
1 41 33 32 44 44 32 11 22 13 41 14 23 23 22 23 11 23 14
1 11 33 32 41 14 33 14 22 33 41 11 23 22 22 23 44 22 11
1 44 33 22 41 11 32 11 22 11 41 14 22 22 24 22 11 22 11
1 41 11 32 41 14 33 14 23 11 11 11 23 33 24 22 44 23 11
1 44 31 22 11 11 32 11 22 33 11 14 33 33 22 23 14 23 11
1 41 33 32 41 44 32 14 22 13 44 11 23 22 24 22 11 22 11
1 44 11 33 41 11 33 14 22 33 41 11 22 23 22 22 14 22 14
1 41 33 32 11 14 32 11 23 13 41 11 22 33 24 23 14 23 44
1 41 33 22 41 11 32 14 22 33 44 14 33 23 22 22 44 23 11
1 44 33 32 41 14 22 11 22 13 41 14 22 23 22 23 14 23 11
1 44 31 32 41 14 33 14 33 13 41 11 22 23 22 23 14 22 11
1 41 33 33 41 11 22 14 22 33 41 14 33 33 22 23 44 22 11
1 44 33 22 41 11 32 11 22 13 41 14 22 23 22 22 44 22 11
1 41 33 33 11 44 32 14 22 33 41 14 23 22 22 23 11 22 11
1 44 33 32 41 11 32 14 22 13 44 14 23 22 22 23 14 23 11
1 41 33 33 41 11 33 11 22 13 41 14 23 22 44 22 14 33 11
1 44 33 33 41 44 32 11 23 13 41 44 23 22 24 22 14 23 11
1 44 33 32 44 11 33 11 33 13 44 14 22 33 24 33 14 22 11
1 41 33 32 44 11 32 14 23 11 44 11 22 23 22 22 11 23 11
1 41 33 33 11 11 33 14 22 13 11 11 22 33 22 23 14 23 11
1 41 31 33 44 14 32 14 22 11 44 14 33 23 24 23 14 23 11
1 41 33 33 44 14 32 11 22 13 44 14 33 23 22 22 14 23 11
1 44 31 32 41 14 32 11 22 33 41 11 23 33 24 22 14 22 11
1 44 33 22 41 11 33 11 23 13 44 11 22 22 24 23 14 22 14
1 44 33 33 44 14 22 44 22 13 44 44 33 22 24 22 14 22 11
1 44 33 32 41 44 32 44 22 13 41 14 23 33 22 23 14 33 14
1 44 31 33 41 11 33 14 23 11 44 14 23 23 22 23 14 23 14
1 41 33 32 11 11 22 11 23 13 41 11 22 22 22 23 11 22 11
1 44 31 32 11 14 22 11 22 13 41 14 22 22 22 23 14 23 14
1 11 33 33 41 44 22 11 23 33 11 14 23 23 22 33 14 22 14
1 41 31 33 41 11 22 11 23 13 44 11 22 23 24 22 14 23 11
1 44 33 22 41 44 22 11 23 13 44 14 23 23 22 22 11 22 14
1 44 33 33 41 14 22 14 33 11 44 14 33 33 22 23 14 22 11
1 41 33 33 44 11 33 11 22 13 41 14 23 33 22 22 11 23 11
1 44 33 32 44 11 32 14 22 13 44 14 22 23 44 22 11 33 11
1 41 31 33 41 11 32 11 22 13 11 44 23 33 22 22 14 22 11
1 41 11 22 41 14 33 14 22 33 44 14 23 23 22 33 11 22 14
1 44 33 33 41 11 33 11 22 11 41 14 23 22 22 22 11 23 11
1 44 31 22 41 14 22 14 23 13 44 14 23 23 22 22 11 22 14
1 44 31 22 41 44 32 14 33 13 11 44 22 33 22 23 11 23 11
1 44 31 32 41 14 22 11 23 33 11 14 33 22 22 23 44 22 14
1 44 31 32 41 14 32 14 22 13 44 11 33 22 24 23 11 23 11
1 41 33 32 41 44 22 14 22 33 41 14 33 23 22 22 14 22 11
1 41 31 32 11 14 33 11 23 33 11 11 22 33 22 23 44 33 11
1 44 31 33 41 11 33 11 22 13 41 44 23 22 24 22 11 22 14
1 41 33 33 44 44 32 11 22 11 44 11 33 33 22 23 14 23 11
1 41 33 32 44 44 22 14 33 11 44 14 22 33 44 23 14 23 14
1 41 31 32 44 14 32 14 22 13 44 14 22 23 22 22 44 22 14
1 44 31 22 44 14 32 11 23 33 41 14 33 33 22 23 44 23 11
1 44 33 33 41 14 33 14 23 33 44 44 22 23 24 23 14 23 11
1 41 31 33 44 11 32 14 22 33 44 14 23 23 22 22 14 22 11
1 41 33 32 11 14 33 11 22 33 44 14 22 23 22 22 11 23 11
1 41 33 32 41 14 33 44 22 13 44 11 22 23 22 33 44 23 14
1 44 31 22 41 14 33 11 33 33 44 11 23 33 22 23 14 23 14
1 44 31 22 44 14 33 14 22 11 44 14 23 33 22 23 11 22 11
1 44 33 32 41 14 32 14 22 11 44 11 33 22 22 22 11 23 11
1 41 33 32 44 14 32 11 23 13 11 14 23 23 22 23 11 23 11
1 11 33 33 44 11 22 14 23 11 11 14 23 23 24 22 14 23 14
1 11 33 32 41 11 32 14 33 11 11 11 22 22 22 22 44 22 14
1 41 33 33 41 14 32 14 23 13 41 14 22 22 24 22 11 22 11
1 41 33 33 41 14 32 14 22 11 41 44 22 22 22 22 11 22 11
1 44 31 32 41 14 32 44 22 33 11 14 23 23 22 22 11 33 14
1 41 33 32 41 11 32 14 22 33 11 14 23 23 22 22 14 23 11
1 41 31 32 41 14 32 11 23 13 11 14 23 23 22 23 11 23 11
1 41 11 33 44 14 32 14 33 13 44 14 22 23 22 22 14 33 11
1 41 31 32 44 14 32 11 23 13 41 14 23 23 22 23 44 23 44
1 44 31 33 41 14 32 11 23 13 44 44 33 23 22 23 44 22 11
1 41 31 32 41 14 32 14 22 13 44 14 33 23 22 22 11 33 14
1 41 31 22 11 11 32 14 22 33 41 44 23 33 24 22 44 23 14
1 41 31 32 44 14 22 14 23 33 44 11 23 22 22 22 14 33 44
1 41 33 32 11 11 22 11 22 13 41 44 23 23 22 23 14 22 14
1 41 33 22 11 44 32 44 23 33 41 14 23 23 22 22 44 23 11
1 41 11 33 41 11 33 11 22 13 41 14 33 23 22 22 11 22 11
1 44 33 32 41 14 33 11 23 13 41 11 23 23 24 23 14 33 11
1 44 33 33 44 11 33 11 23 13 44 11 22 23 22 23 14 23 11
1 41 33 33 41 14 33 11 22 13 41 11 23 22 22 22 11 23 11
1 44 33 32 41 14 32 11 23 13 44 14 22 22 22 22 44 33 14
1 44 33 32 44 14 22 11 22 11 41 11 22 22 22 23 14 22 11
1 41 31 33 44 14 33 11 22 13 41 44 23 23 24 22 14 33 11
1 41 31 22 44 14 32 11 22 33 41 14 33 22 22 22 11 22 14
1 44 33 32 44 11 32 11 22 13 44 44 33 22 24 22 11 22 11
1 41 31 33 11 11 32 11 33 33 11 44 22 33 22 23 11 23 11
1 41 11 32 44 44 22 11 33 33 11 14 33 33 22 23 44 22 14
1 44 31 33 41 11 32 11 22 13 44 14 23 23 24 23 14 23 44
1 41 31 32 44 14 33 14 23 11 11 14 33 22 24 23 11 22 11
1 44 33 33 44 11 32 11 22 13 41 11 22 22 22 22 14 22 11
1 41 33 32 44 14 32 11 22 33 41 14 22 33 44 22 11 22 11
1 41 33 32 41 14 33 11 23 11 41 11 33 23 24 23 44 33 14
1 41 31 33 11 14 33 14 23 33 41 11 22 33 22 33 14 22 14
1 41 31 32 41 14 32 11 22 33 44 14 22 23 22 22 11 33 11
1 41 31 32 11 11 32 44 23 13 41 14 23 22 22 22 14 23 44
1 44 31 32 44 14 32 14 23 13 41 14 33 22 22 23 44 23 11
1 41 31 32 44 11 33 14 23 13 11 14 23 33 22 22 11 23 11
1 44 33 33 44 11 32 11 23 13 44 44 23 33 22 22 14 23 14
1 44 31 32 44 11 33 14 22 11 44 14 33 22 44 23 11 22 11
1 41 31 32 41 14 33 11 22 13 44 11 33 22 22 22 14 23 11
1 44 31 32 11 14 33 11 22 11 41 11 22 23 22 22 14 22 14
1 44 31 22 41 14 22 11 22 13 44 11 23 33 22 22 14 22 44
1 41 31 33 44 14 22 11 23 11 44 14 23 23 24 22 44 22 14
1 41 33 32 44 14 22 11 23 33 41 11 33 23 22 23 11 23 14
1 41 33 22 44 14 32 11 22 33 41 44 23 33 22 23 44 23 11
1 44 31 32 44 14 33 14 23 13 41 11 23 23 24 33 44 23 11
1 11 31 22 41 14 32 11 23 11 41 44 33 33 24 22 11 23 11
1 41 11 22 41 11 22 11 23 11 11 11 23 22 22 22 11 22 11
1 44 31 32 11 11 22 44 22 13 11 14 23 33 22 22 44 23 14
1 41 31 22 41 14 33 14 33 13 41 11 22 33 22 33 44 23 14
1 44 31 32 44 14 32 11 23 13 44 11 23 22 22 23 14 23 11
1 41 31 32 11 11 33 44 23 13 41 44 22 22 22 22 14 23 11
1 41 31 32 44 11 33 11 22 11 41 14 22 22 22 22 14 23 11
1 41 31 33 41 11 22 11 23 13 44 14 23 22 22 33 14 22 11
1 44 33 32 41 14 32 14 22 11 11 11 23 33 24 23 11 23 14
1 41 31 32 44 11 32 11 33 13 41 14 33 23 44 23 14 22 14
1 41 31 32 41 44 32 44 22 33 41 44 23 33 22 23 14 23 11
1 41 31 33 11 11 22 14 22 11 44 14 23 22 22 22 14 22 11
1 41 33 32 41 14 32 44 22 11 41 14 23 33 22 23 11 22 11
1 44 33 33 44 11 33 14 22 11 41 14 22 23 22 22 44 22 11
1 41 33 32 11 44 33 11 22 33 41 44 22 33 22 23 14 23 14
1 44 33 33 41 11 32 14 22 11 41 11 22 23 22 23 14 22 14
1 44 33 32 41 11 32 14 23 11 44 11 23 23 22 22 44 22 14
1 44 31 22 44 14 22 44 23 13 44 11 23 33 22 22 11 33 11
1 41 31 22 41 14 32 11 22 33 44 44 33 33 22 22 11 23 11
1 44 33 32 41 14 32 14 22 13 44 11 23 22 22 23 11 23 11
1 41 31 32 41 11 32 11 23 11 44 11 23 22 24 22 14 23 11
1 44 33 33 44 14 33 11 23 33 44 44 23 23 24 22 14 23 11
1 44 31 32 41 11 32 14 22 13 44 14 33 22 22 22 14 22 11
1 11 31 22 41 14 33 11 22 33 44 11 22 22 22 22 44 22 11
1 11 33 22 44 14 22 14 23 13 44 14 22 22 22 22 14 23 11
1 44 11 32 41 11 22 11 23 33 11 44 22 23 22 23 11 23 11
1 44 33 32 41 11 33 14 23 33 44 11 23 23 24 22 14 22 11
1 44 33 33 41 44 32 14 22 13 41 44 23 23 24 22 44 22 11
1 41 33 32 41 11 22 14 23 11 44 11 23 23 24 22 44 23 11
1 44 31 32 41 14 32 11 23 13 41 11 22 23 22 22 14 23 11
1 41 31 32 44 14 33 11 22 13 41 14 23 23 24 22 14 22 11
1 41 33 33 41 14 32 11 22 13 41 11 22 23 22 23 14 33 11
1 44 33 32 44 14 33 11 23 13 41 14 22 22 22 22 14 23 14
1 11 33 33 11 14 22 11 23 11 41 14 23 23 24 23 14 23 11
1 44 31 33 41 11 32 14 22 13 41 11 23 22 44 22 14 23 14
1 41 31 22 41 11 32 11 23 11 41 11 23 23 22 22 14 23 14
1 41 11 22 11 14 33 14 23 13 41 11 33 23 24 23 11 22 44
1 41 31 32 44 11 33 11 23 13 44 14 22 33 24 22 44 33 11
1 11 31 32 44 11 32 11 22 33 44 14 23 33 24 22 11 22 11
1 11 33 32 11 14 33 44 22 13 41 14 33 23 24 22 44 22 14
1 41 33 32 41 14 33 14 23 13 41 11 22 33 22 23 14 22 11
1 44 33 32 41 14 22 11 22 13 11 11 22 23 22 22 14 23 11
1 44 33 32 44 14 33 11 23 11 41 14 22 23 24 22 44 33 11
1 41 33 32 41 14 32 14 22 33 44 14 23 33 22 23 11 23 14
1 41 31 33 41 14 32 11 22 13 41 11 22 33 24 22 11 22 11
1 11 11 33 41 14 32 11 23 11 41 11 33 33 22 23 11 33 11
1 41 33 33 41 11 32 11 22 11 41 44 23 23 22 33 44 23 14
1 44 33 32 41 11 33 11 22 13 44 14 23 23 22 22 44 22 14
1 44 31 32 11 14 33 11 23 13 11 11 33 23 22 23 14 23 11
1 44 31 22 41 14 32 11 23 11 44 14 22 33 22 23 14 23 14
1 11 33 33 41 14 33 14 22 13 11 14 33 33 22 22 14 23 14
1 44 31 32 44 14 22 14 22 13 41 14 22 22 22 22 44 33 11
1 41 33 32 41 11 33 11 23 13 41 14 23 23 22 22 14 23 11
1 44 33 22 44 11 22 11 23 13 41 11 23 23 22 33 44 23 11
1 41 33 32 41 14 32 11 23 13 41 11 23 23 24 22 14 23 11
1 41 33 33 41 14 32 11 22 13 41 11 23 23 24 23 14 22 11
1 44 33 33 41 14 32 11 22 11 44 14 23 22 22 22 11 23 11
1 41 33 33 11 14 33 14 23 11 41 44 22 23 24 22 14 22 11
1 11 31 32 41 11 33 11 23 33 41 14 23 23 22 23 14 23 14
