 rs3806313 rs656110 rs11573219 rs4655148 rs11573221 rs11573222 rs3767227 rs3767229 rs3767230 rs521179 rs11573236 rs11573253 rs525380 rs660414 rs11573288 rs11573298 rs622450 rs4655155 rs492738 rs599367 rs12059492
0 24 23 23 11 23 44 44 23 33 33 33 22 31 22 33 44 24 33 11 22 33
0 22 23 22 11 23 44 44 22 33 33 33 42 33 22 33 44 22 33 11 22 33
0 22 23 22 11 22 41 44 22 33 33 33 44 33 22 33 44 22 33 11 22 33
0 22 23 22 11 23 44 41 22 33 33 33 22 33 22 32 44 22 33 11 22 32
0 24 23 33 13 33 41 11 22 32 22 33 42 33 22 32 42 24 22 13 23 32
0 24 22 23 11 23 44 44 22 33 33 33 42 31 22 33 44 22 33 11 22 33
0 22 22 22 11 22 44 44 22 33 33 32 42 33 22 33 44 22 33 13 22 33
0 22 22 22 13 22 44 41 22 33 33 32 44 31 22 32 44 22 32 33 22 33
0 22 22 22 11 22 44 44 23 33 32 33 44 31 22 32 44 22 32 11 22 33
0 22 22 22 11 22 44 44 22 33 32 33 44 33 22 32 44 24 33 11 22 32
0 22 22 33 13 22 44 41 22 33 33 33 44 33 22 33 42 22 32 11 22 33
0 24 33 33 11 23 41 41 23 33 22 33 22 31 22 32 42 24 22 33 22 33
0 24 23 33 13 23 44 41 22 33 33 33 42 33 22 32 42 22 32 13 33 32
0 22 22 23 11 23 44 44 22 33 32 32 42 31 23 33 44 22 33 13 22 22
0 22 22 23 11 22 44 44 22 33 33 33 42 33 22 32 44 22 33 13 22 33
0 22 23 22 11 22 44 44 22 33 33 33 44 33 22 32 44 22 33 11 22 32
0 24 23 23 13 23 41 41 22 32 32 32 42 31 23 32 42 22 32 13 23 33
0 22 33 33 11 22 44 41 22 32 32 33 44 11 22 33 42 22 33 11 23 32
0 24 33 23 11 22 44 44 23 33 32 33 42 31 22 22 44 24 33 13 23 33
0 22 22 22 13 22 44 41 23 33 32 33 44 31 22 33 44 22 32 11 22 33
0 22 22 22 11 22 44 44 22 33 33 33 44 33 22 33 44 22 32 13 22 33
0 22 23 22 13 22 44 44 22 33 22 33 22 31 22 33 42 22 32 13 22 32
0 44 33 22 11 23 44 41 22 32 22 33 42 31 23 22 42 22 22 13 22 32
0 22 23 22 13 22 44 44 22 33 32 33 42 33 22 32 44 22 32 11 22 33
0 24 22 23 11 23 44 11 23 32 33 33 42 31 22 32 44 24 32 33 22 22
0 22 23 23 13 23 44 41 22 32 32 32 42 31 22 33 44 24 32 33 23 32
0 44 33 23 13 23 44 44 22 33 22 32 22 31 22 32 22 24 22 33 23 32
0 24 22 22 11 22 44 41 22 33 33 33 22 33 22 33 44 22 33 11 22 33
0 24 33 23 33 23 41 41 23 32 32 32 42 11 22 22 42 24 22 33 23 32
0 24 23 23 11 22 41 44 22 33 32 33 44 33 22 33 44 22 33 13 22 33
0 22 23 33 11 23 44 44 22 33 32 33 44 33 22 32 42 22 32 11 22 32
0 22 23 22 11 22 44 44 22 33 32 33 44 31 22 33 44 22 32 11 22 33
0 22 22 22 11 22 44 44 22 33 33 33 42 33 22 32 44 22 33 11 22 33
0 24 33 23 13 23 44 44 22 33 22 33 42 33 22 33 42 22 32 13 22 32
0 22 22 22 11 22 44 41 22 33 33 33 42 33 22 32 44 22 32 11 22 33
0 22 33 23 11 23 44 41 22 33 33 32 42 31 23 33 44 22 32 13 23 22
0 22 23 22 11 22 44 44 22 33 33 33 42 33 23 33 44 22 32 13 22 33
0 22 22 23 13 22 44 41 22 33 32 33 44 33 22 33 44 22 22 13 22 33
0 22 23 23 11 23 41 41 22 33 32 33 44 31 22 33 42 24 32 13 22 32
0 24 22 33 13 33 44 44 23 33 32 32 42 31 22 32 42 22 32 13 23 32
0 24 33 23 13 23 41 41 23 32 22 33 22 31 23 32 42 24 32 33 22 22
0 22 22 22 11 22 44 44 22 33 33 33 44 33 23 33 44 22 33 13 22 33
0 22 22 23 11 22 44 44 22 33 32 33 44 31 22 33 44 22 33 13 22 33
0 44 23 23 11 23 41 41 23 33 22 32 42 33 23 32 44 22 32 13 22 32
0 24 33 22 11 23 44 41 23 33 33 33 42 33 22 33 44 24 32 13 23 32
0 24 23 23 11 22 44 44 23 33 32 33 42 31 23 32 44 24 32 13 22 32
0 22 22 22 11 22 44 41 22 33 22 32 22 31 23 33 44 22 32 13 22 32
0 24 22 23 13 22 44 44 22 33 33 33 44 33 22 33 44 22 33 13 22 32
0 22 23 22 11 22 44 44 22 33 33 33 42 33 22 33 44 22 33 13 22 33
0 22 22 22 11 22 44 44 22 33 33 33 44 33 22 33 44 22 33 11 22 33
0 22 23 22 11 23 44 44 22 32 32 32 44 33 22 32 44 22 32 13 23 33
0 22 22 22 11 22 44 44 22 33 33 33 44 33 22 33 44 22 33 11 22 33
0 24 23 22 11 22 44 44 23 32 32 33 42 31 23 33 42 24 32 13 22 32
0 44 22 22 11 22 44 44 22 33 33 33 42 33 22 32 44 22 32 13 22 32
0 24 23 22 11 22 44 41 22 33 32 33 42 33 23 33 42 22 32 13 22 32
0 22 23 22 13 23 44 44 22 33 22 32 44 33 22 33 44 22 22 11 22 33
0 24 23 22 13 22 44 41 23 33 32 33 42 31 23 32 42 24 32 33 22 33
0 22 23 22 11 22 44 44 22 33 32 33 44 33 22 32 44 22 33 11 22 32
0 22 22 23 11 23 44 41 22 33 32 33 42 31 22 32 44 24 32 13 22 33
0 24 23 22 13 33 41 41 23 32 22 33 44 33 23 32 44 22 22 33 22 33
0 24 23 23 13 23 44 41 22 32 32 33 42 31 22 33 42 24 32 13 22 32
0 22 23 22 13 22 44 44 23 33 32 33 42 31 22 32 44 24 32 13 22 33
0 22 22 22 11 22 44 44 22 33 32 33 44 33 22 33 44 22 33 11 22 32
0 44 23 33 33 33 41 41 23 22 22 22 22 11 23 22 22 44 22 33 23 22
0 22 22 22 11 22 44 44 22 33 33 33 44 33 22 33 44 22 33 11 22 33
0 44 22 23 13 23 44 44 23 32 32 33 22 33 22 32 44 22 33 33 23 32
0 22 23 23 11 23 44 44 22 33 32 33 42 33 22 32 44 22 32 13 22 33
0 24 23 23 13 23 41 44 23 32 22 33 42 31 22 33 42 22 32 13 22 32
0 22 22 22 13 22 44 44 22 33 33 33 44 33 22 33 44 22 33 11 22 32
0 24 33 22 11 22 44 41 22 33 32 33 42 31 22 32 44 22 33 33 22 32
0 24 22 23 11 23 44 41 22 33 32 33 22 11 22 33 44 22 33 11 22 33
0 24 23 33 13 23 41 41 23 32 32 32 42 31 33 32 42 24 32 13 23 32
0 22 22 22 11 22 44 44 23 33 33 33 42 33 22 33 44 22 32 11 22 33
0 22 23 23 11 23 41 44 23 33 22 33 42 31 23 32 42 22 33 33 22 32
0 22 22 22 11 22 44 41 22 33 32 33 22 33 22 32 44 22 32 13 22 32
0 22 23 23 11 22 44 44 22 33 33 33 42 31 22 33 42 22 32 13 22 33
0 22 23 22 11 23 44 44 22 32 32 33 44 33 22 32 44 24 32 13 23 33
0 22 23 22 11 23 44 44 22 33 32 33 44 31 22 33 42 22 33 11 22 33
0 22 23 22 11 22 44 44 22 32 33 33 42 33 22 33 42 22 33 11 22 33
0 22 22 22 11 23 44 44 23 33 33 33 42 31 22 33 44 22 32 11 22 32
0 24 23 33 11 22 41 44 23 33 32 33 42 31 23 32 42 24 22 13 23 33
0 22 23 22 11 22 44 44 22 33 32 33 44 33 22 33 44 22 33 11 22 33
0 22 23 22 11 22 44 41 22 33 32 33 42 33 22 33 44 22 33 11 22 33
0 22 23 23 13 23 41 41 22 33 32 33 22 33 23 32 44 24 32 13 23 32
0 24 33 23 11 22 44 44 22 32 22 33 44 31 22 22 42 22 22 13 22 32
0 24 23 22 13 22 44 41 22 33 33 32 42 33 23 33 44 24 22 33 22 32
0 24 22 23 11 23 41 44 22 33 32 33 44 33 22 32 44 22 33 33 22 32
0 22 23 23 13 22 44 41 22 33 32 33 42 31 23 33 42 22 33 13 22 33
0 22 22 22 11 22 44 44 22 33 33 33 42 33 22 33 44 22 32 11 22 33
0 22 22 22 11 22 44 41 22 33 33 33 42 11 22 33 44 22 33 13 22 33
0 24 33 23 33 23 41 11 23 32 32 32 22 31 23 22 42 24 22 33 33 22
0 22 23 22 11 23 44 44 22 33 32 33 44 33 22 33 44 22 33 11 22 33
0 22 33 22 13 23 44 41 22 33 33 33 42 33 22 32 44 22 32 13 22 33
0 24 33 23 13 22 41 41 22 32 32 32 22 31 23 22 42 22 32 33 22 32
0 22 23 22 11 22 44 44 22 33 32 33 44 33 22 33 44 22 22 11 22 33
0 22 22 22 11 22 44 44 22 33 32 33 42 33 22 33 44 22 33 13 22 33
0 24 23 33 13 23 44 41 23 32 32 32 44 31 23 32 42 24 33 13 22 33
0 44 23 23 11 33 44 41 22 33 32 33 22 31 22 22 42 24 32 13 23 32
0 22 23 23 13 22 41 41 22 33 22 33 22 31 23 22 44 24 32 33 23 32
0 24 22 22 11 22 44 41 22 32 32 32 42 31 22 32 44 22 22 13 22 33
0 22 33 33 11 33 41 41 23 32 32 32 42 33 23 32 22 22 22 13 22 32
0 22 22 22 11 22 44 44 22 32 33 33 42 31 22 33 44 22 32 13 22 33
0 22 23 22 13 22 44 44 22 33 33 32 42 33 22 32 44 22 32 13 22 33
0 24 22 23 13 22 44 11 22 33 33 33 42 31 22 32 44 22 32 11 22 32
0 22 23 23 13 22 44 41 23 33 32 33 42 31 22 33 44 22 33 13 22 32
0 22 23 22 11 22 44 44 22 33 32 33 44 33 22 32 44 22 33 13 23 33
0 22 23 33 11 22 44 41 22 33 32 33 42 33 33 33 42 22 32 13 22 32
0 22 22 22 11 22 44 44 22 33 33 33 44 33 22 33 44 22 33 11 22 33
0 22 23 22 11 23 44 44 22 33 32 33 42 31 22 32 44 22 33 11 22 32
0 22 22 22 11 22 44 44 22 33 33 33 42 33 22 33 44 22 33 13 22 33
0 22 22 22 11 22 44 44 22 33 33 33 44 33 22 33 44 22 32 11 22 33
0 22 23 23 13 22 44 44 22 33 22 33 44 31 22 32 44 22 33 11 22 32
0 24 23 23 11 22 41 41 22 33 22 33 42 31 22 33 42 24 32 11 23 33
0 22 23 22 11 22 44 41 22 33 32 33 44 31 22 33 44 22 32 13 22 33
0 44 33 22 11 23 44 11 33 33 32 32 22 33 23 33 44 22 22 33 23 22
0 22 23 22 11 22 44 41 22 33 33 33 22 31 23 32 44 24 32 13 23 33
0 24 33 23 13 23 44 41 33 22 32 32 22 31 23 32 42 24 22 13 23 32
0 24 33 23 11 22 44 44 22 32 32 32 42 31 22 33 44 22 32 11 22 32
0 22 22 22 11 22 44 44 22 33 33 33 44 33 22 33 44 22 32 11 22 33
0 24 22 23 11 23 44 44 23 33 32 33 22 31 22 33 42 24 32 13 23 33
0 22 23 22 11 22 44 44 22 33 33 33 44 33 22 33 44 22 33 11 22 33
0 22 22 22 11 22 44 44 22 33 32 33 44 31 22 33 44 22 33 13 22 33
0 22 33 23 13 33 41 41 22 32 32 32 22 31 23 32 44 22 33 13 23 32
0 24 23 23 13 23 44 44 23 32 32 32 44 31 22 32 42 22 32 13 23 32
0 22 22 22 11 22 44 41 22 33 32 33 42 31 22 33 42 22 22 13 22 33
0 22 22 22 11 22 44 44 22 33 33 33 44 33 22 32 44 22 33 13 22 33
0 22 22 22 11 22 44 41 22 33 33 33 44 33 22 33 44 22 33 11 22 33
0 24 23 22 11 22 44 41 23 33 33 33 42 31 23 33 44 22 32 11 23 32
0 24 23 23 11 23 41 41 33 32 32 33 42 31 23 32 42 22 32 13 22 22
0 22 23 23 13 22 44 41 22 33 33 33 22 33 23 32 22 22 22 33 22 32
0 24 23 23 13 23 44 41 22 33 32 33 22 31 23 32 42 22 32 13 22 32
0 22 23 23 11 23 41 41 22 33 32 33 42 31 23 32 42 24 32 13 23 32
0 22 23 23 11 22 44 44 22 33 33 33 44 33 22 32 42 22 33 11 22 32
0 22 23 23 11 23 44 41 22 33 32 33 42 31 22 33 44 24 32 13 22 32
0 22 22 22 11 22 44 44 22 33 33 33 44 33 22 33 44 22 33 11 22 33
0 22 22 23 13 22 44 44 22 33 32 33 42 33 22 32 44 22 32 11 22 32
0 22 23 22 11 23 44 44 23 33 32 33 44 31 22 33 42 24 33 13 22 32
0 22 23 22 13 22 44 44 22 33 32 33 42 33 22 33 44 24 32 13 22 33
0 24 23 23 13 23 41 41 22 32 22 32 42 31 23 32 42 24 32 13 23 32
0 24 33 33 11 23 44 44 22 33 33 33 42 31 22 33 44 22 32 11 22 32
0 22 23 22 11 23 44 44 22 33 33 33 42 33 22 33 44 22 33 11 22 33
0 22 22 23 13 23 44 44 23 32 32 33 42 33 22 22 42 24 33 13 22 32
0 22 22 22 11 22 44 44 22 33 32 33 44 33 22 32 44 22 33 11 22 32
0 44 33 23 11 23 44 44 22 32 22 33 22 31 22 32 42 22 32 13 22 33
0 22 22 22 11 22 44 44 22 33 33 33 44 33 22 33 44 22 33 13 22 33
0 22 22 23 11 22 44 41 22 32 32 33 42 33 22 32 44 22 32 11 23 33
0 22 22 33 13 23 44 11 23 22 22 32 44 31 23 32 44 22 32 33 22 32
0 22 23 22 11 33 44 44 22 33 32 33 44 33 22 33 44 22 22 11 22 32
0 24 23 23 13 22 44 41 22 33 32 33 42 33 22 32 42 22 32 13 22 32
0 24 22 23 13 22 44 41 22 33 32 33 42 33 22 32 44 22 33 13 22 33
0 22 23 23 11 23 44 41 23 33 32 32 42 33 22 32 44 22 32 13 23 32
0 22 22 22 11 22 44 44 22 33 32 33 22 33 22 32 44 22 33 13 22 33
0 22 33 22 11 22 44 44 23 33 33 33 44 31 22 33 44 24 33 33 22 33
0 24 33 23 11 23 44 44 23 32 32 33 42 31 23 32 44 24 22 33 23 32
0 22 23 22 11 22 44 44 22 33 32 33 42 33 22 33 42 22 33 13 22 33
0 24 23 33 33 33 44 41 22 22 32 32 22 31 23 32 42 24 32 33 23 22
0 22 22 22 11 22 44 44 22 33 33 33 44 33 22 33 44 22 33 11 22 33
0 24 23 23 11 23 41 44 22 33 32 33 42 31 23 33 42 22 32 13 22 32
0 22 23 22 11 23 44 41 22 33 32 33 42 33 22 32 42 24 33 11 22 33
0 22 22 22 11 22 44 44 22 33 33 32 44 31 22 32 42 22 33 11 22 32
0 24 22 22 11 22 44 41 22 32 33 33 42 33 22 33 44 22 32 11 22 33
0 22 22 22 11 22 44 44 22 33 33 33 44 33 22 33 44 22 33 11 22 33
0 22 22 23 13 22 44 41 22 33 33 32 44 33 23 22 44 22 33 13 22 33
0 22 23 23 13 23 44 44 22 32 32 33 42 31 23 22 42 22 32 13 23 32
0 22 33 23 13 22 44 41 22 32 22 33 42 33 22 22 42 24 32 13 22 32
0 24 23 22 13 23 44 41 22 33 32 33 22 31 22 32 44 22 32 13 22 32
0 24 33 22 11 23 44 41 22 32 32 33 42 33 22 33 44 22 32 11 22 33
0 24 33 22 11 33 44 11 22 32 32 33 42 33 22 32 42 22 32 33 22 22
0 22 23 23 11 23 44 44 22 33 32 33 42 33 22 32 44 22 32 13 22 33
0 22 22 22 11 22 44 44 22 33 33 33 42 33 22 33 44 22 33 11 22 33
0 22 23 22 13 22 44 44 23 33 32 33 42 33 22 32 44 22 32 13 22 32
0 22 22 23 11 22 44 44 22 33 32 33 44 33 22 33 44 22 32 13 22 33
0 22 22 22 11 23 44 44 22 33 33 33 42 33 22 33 42 24 32 13 22 22
0 22 22 23 11 22 44 44 22 33 33 33 44 33 22 33 44 22 33 11 22 33
0 22 22 22 11 22 44 44 22 33 33 33 44 31 22 33 44 22 33 11 22 33
0 22 23 23 13 22 41 44 23 33 32 33 44 33 23 32 44 22 33 11 22 33
0 44 23 33 11 22 41 44 22 33 32 33 22 11 22 33 44 22 32 33 22 33
0 22 33 22 11 22 44 41 22 33 33 33 42 33 22 33 44 22 32 13 22 33
0 22 22 23 13 22 44 41 22 33 32 33 42 33 22 32 44 24 33 33 22 33
0 22 23 22 11 22 44 44 22 33 33 33 44 33 22 33 44 22 22 13 22 32
0 22 22 23 11 22 44 44 22 33 33 33 42 33 22 32 42 22 32 11 22 33
0 24 23 22 11 23 44 44 22 33 32 33 42 33 22 33 42 22 32 11 23 33
0 22 23 22 13 23 44 41 23 32 32 32 22 31 23 32 44 44 33 13 23 32
0 22 22 22 11 23 44 44 22 33 33 33 44 33 22 33 44 22 33 11 22 33
0 24 23 23 11 22 44 41 23 33 32 33 22 31 23 32 44 24 33 33 22 32
0 22 22 22 11 23 41 41 22 33 33 32 44 33 22 32 44 22 33 11 22 33
0 22 22 22 11 22 44 41 22 33 33 33 44 33 22 33 44 22 33 11 23 32
0 24 23 23 11 33 44 41 22 32 32 33 42 33 23 32 42 22 32 13 22 33
0 24 23 33 11 23 41 41 23 32 32 33 22 33 23 22 42 24 33 33 23 22
0 24 33 22 11 23 44 44 23 22 32 33 22 31 23 32 22 44 22 11 22 22
0 22 33 33 13 23 44 41 23 33 32 22 22 31 22 32 44 24 32 13 23 32
0 22 22 23 11 22 44 41 23 33 32 33 42 33 22 33 44 22 32 13 22 32
0 24 22 22 11 23 44 41 22 33 33 33 42 11 22 33 42 22 32 11 22 32
0 22 22 22 11 22 44 41 22 33 33 33 42 33 22 33 44 22 33 13 23 33
0 22 33 22 11 22 41 41 22 33 22 33 42 11 22 32 42 22 32 11 22 33
0 22 22 22 11 22 44 44 22 33 33 33 44 33 22 33 44 22 33 11 22 33
0 22 23 23 11 23 44 41 23 33 32 32 42 33 22 33 44 22 32 11 22 32
0 24 22 22 11 22 44 44 22 33 32 32 42 33 22 33 44 24 32 13 23 33
0 22 33 23 33 23 44 44 22 32 32 33 22 33 22 32 42 22 33 13 22 33
0 22 22 23 11 22 44 41 22 33 33 33 44 33 22 33 42 22 33 33 22 33
0 22 22 22 11 22 44 44 23 33 33 33 44 33 22 33 44 22 33 13 22 32
0 24 23 23 33 23 41 41 33 33 33 33 42 33 23 32 42 22 22 33 22 22
0 22 23 22 11 22 44 44 22 33 32 33 44 33 23 32 42 22 33 13 22 22
0 44 23 23 11 23 41 41 23 33 22 32 44 11 22 33 44 24 32 11 22 22
0 22 22 22 11 22 44 41 22 33 33 33 42 33 22 33 44 24 32 33 22 33
0 24 22 23 13 23 41 41 33 22 32 32 42 31 22 32 44 24 22 13 23 32
0 22 23 23 11 22 44 44 22 33 22 33 44 33 22 32 44 24 32 13 22 32
0 24 22 22 11 23 44 44 22 33 32 33 42 31 22 33 42 22 33 13 22 32
0 22 22 22 11 22 44 44 22 33 33 33 44 33 22 33 44 22 33 13 22 33
0 44 33 22 11 22 44 41 23 33 22 33 42 11 22 32 22 24 32 13 22 32
0 22 22 22 11 22 44 41 22 33 33 33 44 33 22 33 44 22 33 11 22 33
0 24 33 23 11 22 44 41 33 32 32 33 22 11 23 32 42 24 22 33 22 32
0 22 22 33 11 22 41 41 22 33 33 33 22 33 22 32 42 22 32 13 22 33
0 24 33 23 11 22 44 44 22 33 32 33 42 33 22 33 44 22 32 13 22 22
0 22 22 22 11 23 44 44 23 33 22 33 22 33 23 33 42 22 22 13 23 33
0 24 22 22 11 22 44 44 22 33 32 33 42 33 22 33 42 22 32 13 22 32
0 22 22 22 11 22 44 41 22 33 33 33 44 33 22 33 44 22 33 11 22 33
0 24 22 23 11 22 44 44 22 32 32 33 44 31 22 33 44 22 32 11 22 33
0 24 23 23 11 23 44 44 22 32 33 33 42 31 22 32 42 22 22 33 22 33
0 44 22 22 11 23 44 41 23 33 32 33 22 31 23 32 42 22 22 33 23 33
0 24 33 33 33 23 11 11 23 32 22 32 22 31 33 22 42 24 22 33 23 22
0 24 33 22 11 22 44 41 22 33 32 33 42 33 22 32 42 22 22 13 23 22
0 22 22 22 11 23 41 44 22 32 32 33 42 31 22 32 44 22 32 11 22 33
0 22 22 22 13 22 44 44 22 33 32 33 42 33 22 33 44 22 33 11 22 32
0 24 23 23 13 23 44 41 23 33 32 32 42 31 23 32 42 24 32 13 23 32
0 22 22 22 11 22 41 44 22 33 32 32 22 33 22 33 44 22 33 13 22 32
0 44 23 23 13 23 44 44 23 32 33 32 22 31 22 32 42 22 22 13 22 33
0 24 23 23 11 23 41 44 22 33 33 33 42 31 22 32 42 22 32 13 22 33
0 24 23 23 13 23 41 44 22 33 33 33 42 33 23 33 42 22 22 13 22 32
0 24 23 33 13 23 41 41 22 32 22 33 44 31 22 32 44 22 32 13 22 22
0 24 33 33 13 23 41 41 23 22 22 22 22 31 23 32 42 44 22 33 22 22
0 24 33 23 11 23 44 44 22 33 32 33 42 31 23 32 42 22 33 33 23 33
0 24 23 23 11 23 44 11 22 33 33 33 42 33 22 32 42 22 22 33 22 33
0 22 22 22 11 23 44 41 22 33 33 33 44 33 22 32 44 22 32 13 22 33
0 24 33 33 13 33 44 11 33 33 22 32 42 11 23 22 42 24 32 33 23 22
0 24 23 22 11 23 44 41 22 32 32 33 42 31 23 33 44 22 32 13 22 32
0 22 22 22 11 22 44 44 22 33 32 33 44 33 22 33 44 22 33 13 22 33
0 22 22 23 11 23 41 44 22 32 33 33 42 31 22 33 44 24 32 13 22 32
0 22 33 22 13 23 41 44 22 33 22 33 42 33 22 32 44 24 32 13 22 32
0 22 22 22 11 22 44 44 22 33 33 33 42 33 23 33 44 24 32 33 22 32
0 22 22 22 11 22 44 44 23 33 33 33 44 33 22 33 44 22 32 13 22 32
0 24 23 23 11 22 44 41 22 32 32 33 42 33 23 33 42 22 22 13 22 33
0 22 23 22 11 22 41 44 23 33 32 33 44 33 22 32 44 22 33 13 22 33
0 22 22 22 11 23 44 44 23 33 32 33 42 31 22 33 42 22 22 11 22 33
0 22 23 22 11 23 44 44 22 33 32 33 42 11 22 22 44 22 32 33 22 32
0 22 33 22 13 22 44 44 23 33 22 32 42 31 23 32 42 22 22 33 22 32
0 24 23 23 11 22 44 41 22 33 33 33 42 31 22 32 22 22 33 11 23 32
0 24 23 23 11 22 44 44 22 33 22 33 44 31 22 33 42 22 33 11 22 33
0 22 22 23 13 22 44 44 22 33 33 33 42 33 22 33 44 22 32 11 22 33
0 22 23 22 11 22 41 44 22 33 33 33 44 33 22 33 44 22 32 11 22 33
0 22 22 22 11 22 44 44 22 33 33 33 42 33 22 33 44 22 32 11 22 33
0 24 33 23 13 23 44 41 22 33 32 32 42 33 22 33 42 22 33 13 22 32
0 22 23 23 11 23 44 44 23 32 32 33 42 31 22 32 44 22 32 33 22 33
0 24 23 22 11 22 44 44 22 33 33 33 44 33 22 33 44 22 33 13 22 33
0 22 22 23 11 22 44 44 22 33 32 33 44 33 22 33 44 22 22 11 22 32
0 24 33 23 13 33 44 44 33 32 22 32 42 31 23 32 42 24 32 13 22 22
0 22 23 22 11 22 44 44 22 33 33 33 42 33 22 33 42 22 32 13 22 33
0 24 23 23 11 23 44 41 22 33 32 33 42 33 22 33 44 22 32 13 22 32
0 24 33 23 11 33 44 41 23 32 32 33 22 31 22 32 42 22 32 33 22 33
0 22 23 23 11 22 44 44 22 32 22 33 42 33 22 32 44 22 32 13 22 32
0 22 22 23 11 22 44 44 22 33 33 33 42 33 22 33 44 22 33 11 22 33
0 22 23 33 11 22 44 41 22 32 32 33 44 33 22 32 44 22 32 13 22 32
0 24 23 23 13 33 41 11 23 22 22 22 22 11 22 32 42 44 32 13 23 22
0 24 23 23 11 22 44 44 22 33 22 32 44 31 23 33 44 22 32 13 22 33
0 24 23 23 13 23 41 41 23 33 32 32 42 33 23 32 42 22 22 11 22 32
0 22 22 22 11 22 44 44 22 33 33 33 44 33 22 33 44 22 32 11 22 33
0 22 23 22 13 22 44 11 22 33 32 33 42 33 22 33 44 22 32 13 22 33
0 24 23 22 11 23 44 41 22 33 32 33 42 33 22 22 44 22 33 33 22 33
0 24 23 22 11 22 44 44 22 33 32 33 44 33 22 32 44 24 32 13 22 32
0 22 23 23 13 22 44 44 22 33 22 33 42 31 22 33 44 24 32 13 22 32
0 24 23 23 11 22 41 41 23 32 32 33 22 31 22 22 42 24 32 33 22 32
0 24 23 23 11 22 44 44 23 33 32 32 22 31 22 33 42 22 32 11 22 22
0 22 23 23 11 23 41 41 23 33 32 32 42 33 22 32 44 22 32 13 23 32
0 22 23 23 13 22 44 44 23 33 32 33 44 31 22 32 42 22 32 33 23 33
0 22 22 22 11 22 44 44 22 33 32 32 42 33 22 32 44 22 32 33 22 33
0 22 22 22 11 22 44 44 22 33 33 33 44 33 22 33 44 22 33 11 22 33
0 22 22 22 11 22 44 44 22 33 33 33 42 33 22 33 44 22 33 11 22 33
0 22 23 23 11 33 41 44 23 32 32 33 22 31 22 32 22 22 22 13 22 32
0 22 23 22 11 22 44 41 22 33 33 33 42 31 22 32 44 22 33 11 22 22
0 22 23 22 13 23 41 41 22 32 32 32 42 31 22 32 42 22 32 13 23 32
0 22 22 22 11 22 44 41 22 33 33 33 44 33 22 33 44 22 33 13 22 33
0 22 22 23 11 23 44 44 23 33 32 33 44 33 22 33 42 22 33 11 22 33
0 22 23 22 11 23 44 44 22 32 32 33 42 33 22 33 44 22 32 13 22 33
0 24 23 23 11 33 41 44 23 32 32 32 22 31 23 32 42 24 32 13 23 33
0 22 22 22 11 23 44 44 22 33 22 33 42 31 22 33 44 22 32 33 22 32
0 24 22 23 11 23 44 44 22 33 33 33 22 31 22 33 44 22 32 13 22 32
0 22 22 22 11 22 44 44 22 33 33 33 44 33 22 33 44 22 33 11 22 33
0 44 33 23 13 22 44 41 23 32 22 33 22 33 22 32 44 24 22 13 23 32
0 22 23 23 11 23 41 44 23 33 22 33 22 33 23 33 44 22 32 13 23 33
0 24 33 23 13 22 44 41 22 33 22 33 42 33 22 33 42 22 32 11 23 32
0 22 22 22 11 23 44 44 22 33 32 33 42 33 22 33 44 22 33 13 22 33
0 24 22 22 11 22 44 44 22 33 32 33 42 33 22 33 44 22 33 11 22 33
0 22 23 22 11 23 44 44 22 32 32 33 42 33 22 33 42 22 32 13 22 32
0 22 23 23 13 23 44 41 22 33 32 33 42 33 22 32 44 22 32 13 22 33
0 44 23 22 13 22 41 44 22 33 22 33 42 33 22 22 44 22 32 13 22 32
0 22 23 23 11 22 44 41 22 32 32 33 22 31 23 32 42 22 32 11 22 33
0 24 33 23 11 23 44 44 22 33 32 33 42 31 23 32 42 24 32 13 22 22
0 24 22 33 13 23 44 44 33 33 32 33 22 33 22 33 44 22 32 13 22 33
0 22 23 22 11 22 44 44 23 33 33 32 42 31 22 33 44 24 32 11 22 33
0 22 23 23 11 22 44 44 22 33 32 33 42 33 22 32 44 22 32 13 22 32
0 22 23 22 11 33 44 44 23 33 33 33 42 31 22 33 44 22 33 13 22 33
0 22 23 22 11 22 44 44 22 33 22 33 42 33 23 32 44 22 33 11 22 32
0 24 33 23 33 33 41 11 23 32 22 22 22 31 22 22 42 24 22 13 33 32
0 24 33 23 13 33 41 41 23 32 22 32 42 31 22 32 22 22 32 33 22 22
0 22 23 23 11 23 41 41 22 33 32 33 42 33 22 22 44 24 33 13 23 22
0 22 22 22 13 22 44 41 22 33 32 33 42 33 22 33 44 24 32 11 22 33
0 24 23 23 11 23 41 41 22 33 32 33 42 31 23 32 42 22 32 13 22 32
0 24 22 23 11 33 44 41 23 33 32 22 22 31 22 22 44 22 32 11 23 32
0 24 23 23 13 23 41 41 23 32 32 32 42 31 23 32 42 24 32 13 23 32
0 22 23 23 13 23 44 41 23 32 32 33 22 31 22 32 44 44 32 33 22 32
0 24 23 22 13 22 41 41 23 32 32 33 42 31 22 32 44 22 33 13 22 33
0 22 22 33 11 23 44 44 22 33 33 33 42 33 22 33 44 22 33 11 22 32
0 22 22 22 11 22 44 44 22 33 33 33 42 33 23 33 44 22 33 11 22 33
0 22 23 22 11 22 44 41 22 32 22 33 22 33 22 33 44 22 22 33 22 33
0 24 33 23 11 22 41 44 23 32 32 32 44 31 23 32 22 22 22 13 33 22
0 22 22 22 11 23 44 44 22 33 33 33 44 31 22 33 44 22 32 13 22 33
0 22 22 23 11 22 44 41 22 33 33 33 42 31 22 32 42 22 22 11 22 22
0 24 33 23 13 23 41 41 23 32 32 33 42 31 22 32 42 22 32 13 22 33
0 22 22 23 11 22 44 41 22 33 32 33 22 33 22 32 44 22 33 11 22 33
0 24 23 23 13 23 41 41 22 33 32 32 42 31 23 32 44 24 32 13 23 32
0 22 22 22 11 22 44 44 22 33 33 33 44 31 23 33 42 22 32 13 22 33
0 22 23 22 11 22 44 44 22 33 33 33 44 33 22 33 44 22 33 11 22 33
0 24 23 22 11 22 44 41 22 32 33 32 44 31 22 32 42 22 33 13 22 33
0 22 23 23 11 23 44 41 22 33 32 33 42 33 22 33 44 22 32 13 23 33
0 24 33 23 13 23 41 41 23 32 22 32 42 31 22 32 42 22 32 13 22 32
0 22 23 22 11 22 44 44 22 33 32 32 44 33 22 33 44 22 33 11 22 33
0 24 23 22 11 22 44 44 23 33 32 33 22 31 23 32 44 24 32 33 22 22
0 22 22 22 11 22 44 41 22 33 33 33 44 33 22 33 44 22 33 11 22 33
0 22 22 23 11 23 41 44 22 33 33 33 22 31 23 33 44 22 22 13 22 33
0 24 22 22 11 23 41 44 22 33 32 33 42 31 22 33 42 24 33 13 22 32
0 22 23 22 11 23 44 41 22 33 32 33 42 33 23 32 44 22 32 13 22 32
0 22 23 23 11 23 41 44 23 32 32 33 22 31 23 32 42 22 33 13 22 33
0 22 22 22 11 22 44 44 22 33 32 33 44 31 22 32 44 22 32 13 22 33
0 22 22 33 13 23 44 41 23 33 32 33 42 31 22 32 22 22 32 13 22 32
0 44 23 33 13 23 41 41 23 32 32 32 42 31 23 33 42 24 22 33 23 22
0 22 22 22 11 22 44 44 22 33 33 33 42 33 22 33 44 22 33 11 22 33
0 24 33 22 11 33 41 44 23 33 32 33 22 11 22 33 42 22 22 33 23 32
0 24 33 23 11 23 44 44 23 33 22 33 42 33 23 32 42 24 32 33 23 33
0 24 23 23 11 23 44 41 23 33 32 33 42 31 23 32 42 24 32 13 22 32
0 24 23 22 13 33 44 44 23 33 32 32 42 31 22 32 42 24 32 13 22 33
0 22 22 23 11 23 41 41 23 33 32 32 42 31 22 32 22 24 32 13 23 22
0 24 22 33 11 22 44 41 22 32 32 33 22 11 23 33 44 22 32 13 23 33
0 22 23 23 13 23 41 41 23 32 32 32 42 33 23 22 42 24 32 13 23 32
0 22 23 23 13 23 44 41 22 32 22 33 22 33 23 32 42 22 32 33 22 32
0 22 23 23 11 22 44 44 22 33 33 33 44 33 22 33 42 22 33 11 22 22
0 24 22 23 11 22 44 41 23 32 32 33 42 33 22 33 44 22 32 13 22 32
0 22 33 23 11 22 44 44 23 33 33 33 42 33 22 32 42 22 32 11 22 32
0 22 23 22 11 22 44 44 22 33 32 33 42 33 22 33 44 22 33 13 22 32
0 22 23 23 11 22 44 41 22 33 22 33 42 31 22 32 42 22 32 13 22 33
0 44 33 33 33 23 44 11 23 22 22 33 22 31 22 32 42 44 22 33 23 22
0 44 33 23 13 23 41 11 23 33 32 33 22 33 22 32 44 22 32 13 22 22
0 24 22 23 13 23 44 41 22 33 33 32 22 33 22 32 44 44 32 33 22 32
0 24 22 22 11 22 44 44 22 33 32 33 42 31 22 32 44 22 32 13 22 32
0 22 23 22 11 23 44 41 22 32 32 33 42 11 22 33 42 22 33 13 22 32
0 24 22 22 13 22 41 44 22 33 32 33 42 33 22 33 44 22 33 11 22 33
0 24 23 23 11 22 44 44 22 32 33 32 44 31 22 33 44 22 32 11 23 32
0 22 33 23 11 23 44 44 23 33 32 32 44 31 23 33 44 22 22 33 22 32
0 22 23 22 11 22 44 44 22 33 33 32 44 33 22 33 44 22 33 13 22 33
0 22 23 22 11 23 44 41 22 33 32 33 42 33 22 33 44 22 32 11 23 33
0 22 23 23 11 23 44 44 22 33 32 33 44 33 22 33 44 24 33 11 22 33
0 44 22 23 11 23 44 44 22 33 32 33 22 33 22 33 44 22 22 13 22 32
0 22 22 22 11 22 44 41 22 32 33 33 44 33 22 32 44 24 33 11 22 33
0 22 23 22 11 23 44 41 22 33 22 33 42 31 22 33 42 24 32 33 22 33
0 22 22 23 11 23 44 41 22 33 32 32 44 31 22 33 42 22 32 13 22 32
0 22 23 22 13 22 44 41 22 33 32 32 44 33 22 33 44 22 32 13 22 33
0 24 33 23 13 33 44 44 23 33 32 33 22 11 22 22 44 22 33 13 22 32
0 22 23 23 11 23 44 44 22 33 32 33 42 31 23 33 42 22 33 11 22 32
0 22 23 23 11 23 44 41 22 33 33 33 42 33 22 32 42 24 32 13 22 32
0 22 33 23 13 23 41 44 22 33 32 33 44 31 22 32 44 22 32 11 22 33
0 22 23 23 11 23 44 41 23 33 22 33 42 33 23 32 44 24 32 13 23 22
0 22 23 22 13 22 44 44 22 33 33 33 44 33 22 33 44 22 33 11 22 33
0 22 23 22 11 22 44 41 22 33 22 33 42 33 22 33 44 22 33 13 23 33
0 24 23 23 11 23 44 41 23 32 32 32 42 31 23 33 42 24 32 13 23 32
0 24 23 22 13 23 44 41 22 33 33 33 42 33 22 33 42 22 33 13 22 32
0 44 33 23 13 23 41 41 23 32 22 32 22 11 22 32 42 44 22 33 22 32
0 24 23 22 11 22 44 44 23 33 32 33 42 31 23 33 44 22 33 13 23 32
0 24 23 23 11 23 41 44 22 33 33 33 42 31 22 32 44 24 32 13 22 32
0 24 33 22 11 22 44 41 22 33 32 32 22 31 23 33 44 22 32 33 22 33
0 24 23 23 11 22 44 44 22 32 22 33 42 31 33 33 42 24 22 11 22 32
0 24 23 22 13 22 44 11 23 33 33 33 22 33 23 33 42 22 32 13 22 32
0 22 23 22 11 22 44 41 22 33 33 33 44 33 22 32 44 22 32 13 22 33
0 22 22 22 11 22 44 44 22 33 33 33 44 33 22 33 44 22 33 11 22 33
0 22 22 22 11 22 44 11 22 33 33 33 44 33 22 33 44 22 32 13 22 32
0 24 23 22 11 23 44 44 22 33 32 33 22 33 22 32 44 22 33 13 22 33
0 22 22 22 11 22 44 41 22 33 32 33 44 31 22 32 44 22 32 13 22 32
0 24 23 22 13 23 41 41 23 32 32 32 42 31 23 32 42 22 32 13 22 32
0 22 23 22 11 23 44 44 22 32 32 33 42 33 22 33 42 24 32 13 23 32
0 24 33 23 11 23 44 44 23 33 22 32 42 11 22 22 42 24 22 13 22 22
0 24 23 23 11 22 44 44 22 32 33 33 42 31 23 33 42 22 33 13 22 32
0 22 23 23 13 23 41 41 22 33 32 32 42 31 22 32 44 22 32 13 23 33
0 24 23 22 11 23 44 44 22 33 33 33 42 33 22 32 44 22 32 13 22 32
0 22 22 22 13 22 44 44 22 33 33 33 44 33 23 33 44 22 32 13 22 33
0 22 22 22 11 22 44 44 22 33 32 33 22 33 22 33 44 22 33 11 22 33
0 22 33 23 11 23 41 41 23 32 32 33 42 33 22 32 44 22 22 13 23 33
0 22 23 22 13 22 44 41 22 33 32 33 44 33 22 33 44 22 33 13 22 33
0 22 23 22 11 22 41 44 22 33 22 33 22 31 22 32 44 22 22 13 22 22
0 22 23 22 11 22 44 41 22 33 32 33 44 33 22 32 42 22 32 11 22 32
0 24 33 23 13 22 44 44 22 33 32 32 42 31 22 22 44 24 32 13 22 22
0 24 23 22 11 23 44 41 22 33 32 33 42 33 22 33 44 22 32 13 23 32
0 44 33 23 13 23 44 11 23 22 32 32 22 11 22 32 42 24 22 33 22 22
0 22 23 23 13 22 44 44 22 33 33 33 44 33 22 33 44 24 33 11 22 32
0 22 22 22 11 22 44 44 22 33 33 33 22 33 22 33 42 22 33 13 22 33
0 22 22 22 11 23 44 44 22 33 33 33 44 33 22 33 42 22 33 11 22 32
0 22 23 23 11 23 41 41 23 33 33 33 44 31 22 33 42 24 32 11 22 32
0 22 22 23 11 22 44 44 22 33 32 33 42 33 22 32 44 22 33 11 22 33
0 22 23 22 11 22 44 41 22 22 33 32 44 33 23 33 44 22 32 11 22 33
0 24 23 23 13 33 44 41 22 32 32 33 22 31 22 32 22 24 22 13 23 32
0 22 23 22 11 22 44 41 22 33 32 33 42 31 22 32 44 24 33 13 23 33
0 22 22 22 11 22 44 44 22 33 33 33 44 33 22 33 44 22 33 11 22 33
0 22 23 22 11 22 44 41 22 33 33 33 44 33 22 33 42 22 33 13 22 33
0 22 23 22 13 23 44 41 22 32 33 33 42 31 23 32 42 22 32 13 23 32
0 24 22 23 11 22 44 41 22 32 32 32 44 31 23 32 42 22 32 13 23 22
0 22 22 22 11 23 41 41 22 33 32 33 44 33 22 33 44 22 22 11 22 32
0 22 22 22 11 22 44 44 22 33 32 33 42 33 22 33 44 22 33 11 22 33
0 24 23 22 13 22 41 44 22 32 33 33 44 31 23 32 44 22 33 11 22 32
0 44 23 33 13 23 11 41 22 33 22 32 22 31 33 32 22 24 32 33 23 22
0 22 22 23 11 22 44 44 22 33 33 33 44 33 22 33 44 22 32 13 22 33
0 22 22 22 11 23 44 44 22 33 33 33 42 33 22 33 44 22 32 13 23 33
0 22 22 22 11 22 44 44 22 33 33 33 44 33 22 33 44 22 33 11 22 33
0 44 33 23 13 23 41 41 22 33 22 33 22 33 22 32 44 24 32 33 23 22
0 22 22 22 11 23 44 44 22 33 32 33 44 31 22 32 44 22 33 13 22 32
0 24 22 23 11 22 41 41 22 33 32 32 42 33 22 32 42 24 33 13 22 32
0 22 23 22 11 22 44 44 22 33 32 33 42 31 22 33 42 22 33 11 22 32
0 22 22 22 11 22 44 44 22 33 33 33 42 33 22 33 44 22 33 11 22 33
0 22 23 23 13 23 44 44 22 33 33 33 22 33 33 33 44 24 33 33 22 32
0 24 23 23 13 33 41 44 22 32 32 33 42 33 23 33 42 22 22 11 22 32
0 24 22 33 13 23 41 11 22 33 32 33 42 31 23 32 42 24 22 11 22 32
0 22 23 23 13 23 44 44 22 33 22 33 42 31 23 33 42 24 32 13 22 32
0 24 23 23 11 23 44 41 23 33 32 32 22 33 23 32 44 24 32 13 23 32
0 22 23 23 13 23 41 41 23 32 32 33 42 31 23 32 44 24 32 13 23 32
0 22 23 22 11 22 41 44 22 33 32 33 42 33 22 33 44 22 32 13 22 33
0 22 23 22 11 23 44 41 22 33 33 33 42 33 22 33 44 22 33 11 22 33
0 24 22 22 11 22 44 44 23 32 32 33 42 31 22 33 44 22 32 11 22 32
0 24 23 23 13 23 44 44 23 32 32 32 42 31 23 32 42 22 22 13 23 32
0 22 23 22 11 22 44 44 23 32 32 33 42 33 22 32 44 22 32 13 22 32
0 24 23 23 13 23 44 41 23 33 32 32 42 33 22 32 44 24 32 33 23 33
0 22 22 23 13 22 44 44 22 33 33 33 42 33 22 32 44 24 32 13 22 32
0 44 23 33 13 22 44 41 23 32 22 33 44 31 22 22 42 24 33 13 22 33
0 44 23 23 13 23 41 41 23 33 32 32 22 31 23 22 42 24 22 33 33 32
0 22 22 22 11 22 44 41 22 33 32 33 42 33 22 33 44 22 33 33 22 33
0 22 23 23 11 22 44 44 22 33 32 32 42 33 23 32 44 22 33 13 22 33
0 44 22 22 13 22 44 44 22 33 33 33 44 33 22 33 44 22 33 13 22 33
0 22 23 22 11 22 44 11 22 33 33 33 42 33 22 33 44 22 33 11 22 32
0 22 22 22 11 22 44 44 22 33 33 33 44 33 22 33 44 22 33 11 22 33
0 44 33 33 11 23 44 44 22 33 32 33 42 31 23 32 44 24 22 13 22 32
0 22 23 22 11 22 44 41 22 32 32 33 22 33 22 32 44 22 32 11 22 32
0 22 22 22 11 22 44 41 22 33 22 32 42 33 22 32 44 22 33 33 22 33
0 24 33 22 11 23 44 44 22 32 22 33 42 33 22 32 44 24 33 13 22 33
0 22 22 22 11 22 44 44 22 33 33 33 42 33 22 33 44 22 32 11 22 33
0 24 22 23 13 33 44 41 23 33 32 33 22 31 23 32 42 24 22 13 22 32
0 22 23 22 13 22 44 44 22 33 33 32 44 33 22 33 44 22 33 11 22 33
0 22 22 23 11 22 44 44 22 33 32 33 44 33 22 33 44 22 33 13 22 33
0 24 23 33 11 23 44 41 23 33 32 33 42 31 22 33 42 24 32 13 23 32
0 22 23 22 11 22 44 44 22 33 32 33 44 31 22 33 44 22 33 13 22 33
0 22 33 22 11 23 41 11 22 33 22 32 42 11 23 32 42 24 32 33 23 22
0 22 22 23 13 22 44 41 23 33 32 33 22 33 22 32 42 22 32 13 22 32
0 24 33 33 13 23 44 44 33 32 22 32 42 31 23 22 22 24 22 33 23 32
0 22 22 22 11 33 44 44 22 32 32 33 22 31 22 33 44 22 33 13 22 33
0 22 22 23 11 22 44 44 22 33 33 33 44 33 22 33 44 22 32 11 22 33
0 22 33 23 33 22 41 11 23 33 32 32 42 31 22 22 44 24 32 33 23 22
0 22 23 23 11 22 44 44 22 33 33 33 44 33 22 33 44 22 33 13 22 32
0 24 23 23 11 22 41 41 22 33 32 32 44 33 22 32 42 22 22 13 22 32
0 22 23 22 11 22 44 44 22 33 22 33 42 33 22 33 44 22 32 13 22 32
0 22 23 22 11 22 44 44 33 33 33 33 42 33 22 33 44 22 33 11 22 33
0 44 23 33 13 22 41 41 33 32 33 33 42 11 23 22 44 24 22 33 33 22
0 22 33 22 13 23 41 41 33 32 22 32 42 33 23 22 42 22 32 33 22 22
0 22 23 23 13 23 41 44 22 33 32 33 42 31 22 33 44 22 32 11 22 32
0 24 23 23 13 23 44 41 22 32 32 32 42 31 22 32 44 22 32 13 22 32
0 24 33 22 13 23 44 41 23 32 32 33 42 31 22 32 42 24 32 13 22 32
0 22 22 23 11 23 44 44 22 33 32 33 44 33 22 33 44 24 33 11 22 32
0 22 33 22 13 22 44 41 22 32 32 33 44 31 23 32 42 24 32 33 22 33
0 22 22 22 11 22 44 44 22 33 33 33 44 33 22 33 44 22 33 11 22 32
0 24 22 23 11 23 44 44 23 32 32 33 42 31 23 32 44 22 22 13 22 32
0 22 22 22 11 22 44 44 22 33 32 33 42 33 22 33 44 22 32 11 22 33
0 24 23 23 13 23 44 41 23 32 32 33 22 31 23 32 42 24 32 11 23 32
0 24 23 22 11 23 44 44 22 32 33 33 42 31 22 33 44 22 32 11 23 33
0 44 22 33 33 33 44 11 23 32 22 32 22 31 22 32 42 24 32 33 22 32
0 24 23 23 11 23 44 41 23 33 32 32 42 31 22 32 42 22 32 13 23 22
0 24 23 22 11 22 41 41 23 33 32 33 42 31 22 32 42 24 33 13 23 32
0 24 22 23 11 22 44 44 22 33 32 33 44 31 22 32 42 24 32 13 22 33
0 24 22 22 11 22 44 41 22 33 32 32 22 33 23 33 44 22 32 11 22 33
0 24 23 22 11 22 44 44 23 33 22 33 42 33 22 33 42 22 33 33 22 32
0 22 23 23 13 22 44 41 22 33 32 33 42 33 22 32 44 24 32 13 22 32
0 24 22 23 11 22 44 41 23 33 32 33 42 31 23 32 44 22 32 11 23 33
0 22 23 23 11 22 44 11 23 33 33 33 42 33 22 33 42 22 33 13 22 33
0 44 33 33 13 33 41 11 22 22 22 32 42 31 23 32 42 24 22 13 23 32
0 24 23 22 11 23 44 41 22 33 32 33 42 31 23 33 42 24 32 13 22 33
0 44 33 23 13 23 41 11 23 33 22 33 42 31 23 32 22 24 22 33 22 22
0 24 23 23 13 23 44 44 23 33 32 32 22 33 22 22 44 24 32 11 22 33
0 22 23 23 11 22 44 44 22 32 33 33 44 33 22 33 44 22 32 13 22 32
0 22 23 22 11 22 44 41 23 32 32 33 42 31 22 33 44 24 22 33 22 32
0 22 23 22 11 23 44 41 23 33 33 32 42 31 23 32 42 22 32 11 22 32
0 24 33 23 11 22 44 41 22 33 32 33 44 11 22 32 44 22 32 11 22 22
0 22 33 33 11 33 44 41 22 33 32 33 22 33 22 32 22 24 32 33 23 33
0 44 23 33 33 23 11 41 23 22 22 32 22 11 23 22 42 44 22 33 23 22
0 22 22 22 11 22 44 44 22 33 32 33 42 33 22 33 44 22 33 11 22 33
0 44 23 33 11 33 11 11 23 32 32 33 22 31 33 32 42 22 22 13 23 22
0 22 23 33 11 33 44 44 22 33 22 33 42 31 22 33 44 24 32 13 22 32
0 44 33 23 13 33 44 11 23 32 32 33 42 11 23 32 42 44 22 33 23 32
0 24 33 23 11 23 44 41 22 32 22 33 42 31 22 32 42 24 32 33 22 32
1 24 22 22 11 22 44 44 22 33 33 33 44 33 22 22 44 22 32 13 22 33
1 22 22 22 11 22 44 41 22 33 33 33 44 33 22 33 44 22 32 13 22 33
1 24 23 23 13 23 44 41 22 32 32 33 42 31 33 22 44 22 22 13 22 33
1 22 22 23 11 23 44 41 22 33 33 33 44 33 22 22 44 22 32 13 22 33
1 24 23 22 11 23 44 41 23 33 32 33 42 31 23 32 44 22 32 13 22 32
1 22 22 22 11 23 44 44 23 33 32 32 44 31 22 32 42 22 32 13 22 33
1 24 22 23 11 23 44 41 22 33 22 32 44 11 22 33 44 22 33 13 22 32
1 24 23 22 11 23 44 44 22 32 32 33 44 33 23 33 42 22 32 11 22 33
1 22 22 22 11 22 44 41 22 33 33 32 42 31 22 32 42 22 32 13 22 33
1 22 22 23 11 22 44 44 22 33 32 33 44 31 22 33 44 22 33 13 22 32
1 22 22 22 11 22 41 44 22 33 33 33 42 33 22 32 44 22 33 13 23 22
1 22 23 22 11 22 44 44 22 33 32 33 42 33 22 32 44 22 33 11 22 32
1 24 22 23 13 23 41 41 22 32 22 33 22 31 22 22 42 22 22 33 23 32
1 22 22 22 11 22 44 44 22 33 33 33 44 33 22 33 44 22 33 11 22 33
1 22 22 22 11 22 44 44 22 33 33 33 44 33 22 33 44 22 32 13 22 33
1 24 23 22 11 22 44 44 22 33 32 32 42 31 22 33 44 22 32 11 23 32
1 24 23 23 13 23 41 41 23 32 32 32 42 31 23 32 42 24 32 13 23 32
1 22 22 22 11 22 44 44 22 33 33 33 44 33 22 33 44 22 33 11 22 32
1 22 22 22 11 22 44 41 22 33 33 33 44 33 23 32 42 22 33 13 22 33
1 22 23 23 11 33 44 44 22 32 32 33 42 11 22 32 44 24 32 13 22 32
1 22 22 22 11 33 44 11 23 33 33 33 44 31 22 32 44 22 32 13 22 33
1 24 23 23 13 23 41 41 23 32 32 32 42 31 23 32 42 24 32 13 23 32
1 44 22 33 11 23 44 41 22 33 22 32 22 11 33 33 44 24 32 13 22 33
1 24 33 23 13 23 41 41 23 32 32 33 42 31 23 32 44 24 32 13 23 32
1 22 23 22 11 22 44 41 22 32 32 33 42 33 22 32 44 22 33 11 22 33
1 24 23 23 13 33 41 41 23 32 22 32 42 31 23 22 42 24 32 33 23 32
1 22 23 22 11 33 41 44 23 33 32 32 42 31 23 32 42 22 22 13 22 22
1 44 33 33 11 23 41 11 33 32 32 32 42 31 23 32 42 24 22 13 23 32
1 44 23 33 13 22 44 41 33 32 32 33 22 31 23 32 44 24 22 13 23 22
1 22 23 22 11 22 44 41 22 33 32 33 42 33 22 33 44 22 32 13 22 33
1 22 22 22 11 22 44 44 22 33 33 33 44 33 22 33 44 22 33 11 22 33
1 24 33 23 11 22 41 41 23 32 32 33 44 31 23 33 44 22 32 13 22 32
1 24 23 22 13 23 41 11 22 32 22 32 42 31 23 32 44 24 32 33 22 22
1 24 22 22 11 22 44 44 22 33 22 33 42 33 22 32 44 22 33 13 22 33
1 22 22 22 11 22 44 44 22 33 33 33 44 33 22 33 44 22 33 11 22 33
1 22 22 23 11 22 44 44 22 33 33 33 44 33 22 33 44 22 33 11 22 33
1 22 23 22 11 22 44 44 23 33 33 33 42 33 22 33 44 24 22 13 22 33
1 22 22 22 11 22 44 44 22 33 32 33 44 33 22 33 44 22 33 11 22 32
1 24 23 23 13 33 41 41 23 32 32 32 42 31 22 32 44 22 32 13 22 33
1 22 22 22 11 22 44 44 22 33 33 33 42 33 22 33 44 22 32 11 22 33
1 22 22 22 11 22 44 44 22 33 33 33 44 33 22 33 44 22 32 11 22 33
1 24 33 22 13 23 41 41 23 33 32 33 42 31 23 33 42 22 32 13 23 32
1 22 22 22 11 22 44 44 22 33 33 33 42 33 22 33 44 22 33 13 22 33
1 24 23 23 13 23 41 41 23 32 32 33 22 31 23 32 42 24 32 13 23 32
1 22 33 23 11 23 44 44 22 33 32 32 42 31 33 32 42 22 32 13 22 32
1 44 33 22 13 23 41 44 22 33 32 32 44 31 22 33 44 22 32 33 22 33
1 24 22 23 11 23 44 44 22 33 33 33 44 33 23 32 44 22 33 13 22 32
1 22 22 23 11 23 44 44 22 33 32 33 42 33 22 32 44 22 32 13 22 32
1 22 23 22 11 22 41 41 23 32 32 32 44 31 22 32 44 24 32 13 22 32
1 22 22 22 11 22 44 44 22 33 33 33 44 33 22 32 44 22 33 13 22 32
1 22 23 22 11 22 44 41 22 33 33 33 44 33 22 33 44 22 33 13 22 33
1 22 23 22 11 23 44 44 22 33 33 33 44 33 22 33 44 22 33 11 22 33
1 24 23 23 11 22 44 41 22 33 22 33 42 33 22 32 44 24 32 13 22 33
1 22 23 23 33 23 44 44 22 32 32 32 42 31 22 22 42 22 32 33 23 33
1 24 23 23 11 23 44 44 22 33 32 33 44 31 22 32 44 24 32 13 22 32
1 22 22 22 11 22 44 41 22 33 33 33 44 31 22 33 44 22 33 11 22 33
1 24 23 23 11 22 41 41 23 32 32 32 42 31 22 32 42 24 32 13 22 32
1 24 23 23 11 22 44 41 23 33 32 33 42 33 22 32 44 22 32 13 22 32
1 22 23 23 11 22 44 41 22 33 32 33 44 33 22 33 44 22 33 13 22 33
1 22 23 22 11 22 44 44 22 32 33 33 42 33 22 33 44 22 32 13 22 33
1 22 22 22 11 22 44 44 22 33 22 32 42 33 22 32 44 22 33 13 22 32
1 22 23 23 13 33 44 41 23 33 32 32 22 11 33 32 44 22 22 13 23 22
1 22 22 22 11 22 44 44 22 32 33 33 44 33 22 32 44 22 33 11 22 33
1 44 33 23 13 23 44 41 22 33 22 32 22 31 22 32 42 22 22 13 22 32
1 22 22 22 13 22 44 44 22 33 33 33 44 33 22 33 44 22 33 11 22 33
1 24 23 33 13 23 44 41 22 32 22 33 22 31 22 33 44 22 32 13 23 32
1 22 22 22 11 22 44 44 22 33 33 33 44 33 22 32 44 22 33 13 22 33
1 22 22 22 11 22 44 41 23 33 32 32 44 33 22 32 44 22 32 13 23 33
1 24 23 22 13 22 44 41 22 33 33 33 44 31 22 33 44 22 32 11 22 32
1 22 22 23 11 23 44 44 23 33 33 33 42 31 23 33 44 24 32 13 23 32
1 22 33 23 33 23 41 41 22 32 22 33 42 33 23 32 44 44 22 33 22 22
1 24 22 22 11 22 44 44 22 33 32 33 44 33 22 33 44 22 33 11 22 33
1 24 22 23 11 22 44 44 23 32 32 32 42 33 22 32 42 22 32 11 22 33
1 22 22 22 11 22 44 44 22 33 33 33 44 33 22 33 44 22 32 13 22 33
1 22 23 23 11 22 41 44 22 33 22 33 44 33 22 33 44 22 32 13 22 33
1 22 22 22 11 23 44 44 22 33 32 33 44 33 22 33 42 22 33 13 22 32
1 22 23 22 13 22 44 41 22 33 32 33 44 33 22 32 44 22 33 13 22 33
1 24 23 23 11 23 44 41 22 32 32 32 42 31 22 32 42 24 32 13 22 33
1 24 33 23 11 23 41 11 23 32 32 32 22 31 23 32 42 24 32 13 22 32
1 22 23 23 11 33 44 44 23 32 33 33 42 33 22 33 44 24 32 13 22 32
1 22 23 23 11 33 44 41 22 32 22 33 42 31 22 32 44 24 22 13 22 33
1 22 23 22 11 23 44 41 22 33 33 33 44 33 22 33 44 22 33 11 22 32
1 24 22 22 13 23 44 44 23 33 32 33 42 31 22 32 44 22 33 13 22 32
1 24 33 23 33 33 44 44 33 32 32 33 42 11 23 22 22 24 22 33 22 32
1 22 33 22 11 23 44 44 22 33 33 33 22 33 23 33 44 22 33 13 22 33
1 24 33 33 13 33 44 41 23 22 22 33 22 31 23 22 42 22 32 13 23 32
1 24 23 23 11 23 44 11 22 32 33 32 22 31 22 33 44 24 22 11 22 32
1 22 23 22 13 22 44 41 22 33 32 32 22 31 23 33 42 22 22 13 22 32
1 22 23 23 13 22 44 41 22 33 33 33 44 33 22 33 44 22 32 13 22 33
1 24 23 23 11 23 44 11 22 33 32 32 42 31 22 32 44 22 32 13 22 22
1 24 23 23 11 23 44 44 22 33 32 33 42 33 22 32 44 24 32 13 22 33
1 22 22 23 11 22 44 44 23 33 33 33 44 33 22 33 44 22 33 13 22 33
1 24 23 23 13 23 44 44 33 33 32 33 42 33 23 33 42 22 32 11 22 32
1 22 22 33 11 23 11 41 23 32 22 33 44 33 22 33 44 24 33 33 22 32
1 22 22 22 11 22 44 44 22 33 32 33 44 33 22 33 44 22 33 11 22 33
1 22 22 22 11 22 44 44 22 33 33 33 44 33 22 33 44 22 33 11 22 33
1 24 33 23 11 23 44 44 22 32 32 33 42 31 22 32 44 22 22 13 23 32
1 24 22 22 13 23 41 41 22 32 33 33 44 33 22 32 42 22 32 11 22 33
1 22 22 22 11 22 44 41 22 33 33 33 42 33 22 32 44 24 32 13 22 32
1 22 22 22 11 22 44 44 22 33 33 33 44 33 22 33 44 22 32 11 22 33
1 22 22 22 11 22 44 44 22 33 32 33 44 33 22 32 44 22 33 11 22 32
1 22 22 23 11 23 44 44 22 33 33 33 42 33 22 33 42 22 32 11 22 33
1 22 22 22 11 22 44 44 23 33 32 33 44 33 22 32 44 22 33 11 22 33
1 24 23 22 11 22 44 44 22 33 33 33 44 33 22 33 44 22 32 11 22 33
1 24 22 23 11 23 44 44 22 33 32 33 42 33 22 33 42 22 32 13 22 33
1 22 22 33 11 23 41 11 22 33 32 33 42 33 22 32 44 22 22 33 23 32
1 24 22 23 11 23 44 44 22 33 22 33 44 33 22 33 44 22 33 11 22 32
1 22 22 22 11 22 44 44 22 33 33 33 44 33 22 33 44 22 33 11 22 33
1 24 23 22 11 22 44 44 22 33 32 33 42 31 22 33 44 22 33 13 22 22
1 22 22 22 11 22 44 41 22 33 32 33 42 33 22 32 44 24 32 11 22 22
1 24 23 23 11 23 44 44 22 32 32 33 42 33 22 32 44 24 32 33 22 33
1 22 23 22 11 22 44 41 23 32 33 33 42 31 22 32 44 22 32 13 22 33
1 22 23 23 13 23 41 41 22 32 32 32 42 31 22 33 44 22 22 33 23 32
1 24 23 23 11 22 44 44 22 32 32 33 44 31 22 32 44 22 32 13 23 33
1 22 23 33 13 22 44 44 22 33 22 32 44 31 22 32 44 22 32 33 22 33
1 22 33 22 11 22 44 44 22 32 32 33 22 33 22 33 44 22 33 11 22 33
1 22 22 22 11 22 44 44 22 33 33 33 22 31 22 33 44 22 33 13 22 33
1 24 33 23 13 22 41 41 23 33 32 33 22 33 23 22 44 22 22 13 22 32
1 22 22 22 11 22 44 44 22 32 22 33 42 33 22 33 44 22 32 11 22 32
1 44 33 33 11 23 41 41 33 32 32 32 42 31 23 22 44 24 22 13 23 22
1 22 33 22 13 22 44 41 22 33 33 33 44 33 22 33 44 22 33 11 22 33
1 24 22 33 13 23 44 41 23 33 22 32 42 31 22 33 42 24 32 11 22 22
1 22 22 22 11 23 44 44 22 32 33 33 44 33 22 33 44 22 33 11 22 33
1 22 23 23 13 23 44 44 22 33 22 33 42 33 22 33 44 24 32 33 22 33
1 22 22 22 11 22 44 44 22 33 33 33 44 33 22 33 44 22 33 11 22 33
1 24 33 23 11 22 44 44 22 33 32 33 42 31 22 33 44 22 33 33 22 32
1 22 22 22 11 23 44 44 22 33 33 33 44 33 22 33 44 22 32 11 22 33
1 22 23 23 11 22 44 44 22 33 32 33 44 33 22 33 44 22 32 11 22 33
1 22 23 23 11 22 41 44 22 33 32 33 44 33 22 33 44 22 33 11 22 32
1 44 23 23 11 23 44 41 23 33 22 33 22 31 22 33 42 22 22 13 22 33
1 22 22 22 11 22 44 44 22 33 33 33 42 33 22 33 44 22 33 13 22 33
1 22 22 22 11 22 44 44 22 33 32 33 44 33 22 33 44 22 33 11 22 33
1 22 23 22 11 22 44 44 22 33 33 33 44 33 22 33 44 22 33 11 22 33
1 22 22 22 11 22 44 41 22 33 33 33 42 33 22 32 44 22 22 11 22 33
1 22 22 23 11 22 44 44 22 33 33 33 42 33 23 32 44 22 32 11 22 33
1 22 22 22 11 22 44 44 22 32 22 33 44 33 22 33 44 22 33 11 22 33
1 24 33 33 13 33 44 11 23 32 32 32 22 11 23 33 42 24 32 13 23 22
1 22 23 23 11 22 44 11 22 33 32 33 44 33 23 33 44 22 33 13 22 33
1 22 22 23 11 22 44 44 23 33 33 33 42 33 22 32 44 22 33 13 22 33
1 22 23 33 13 23 41 44 23 33 32 32 44 31 22 33 44 24 22 33 23 33
1 44 33 23 11 22 44 41 22 32 22 32 44 31 23 32 44 24 32 33 23 22
1 24 23 23 13 23 41 41 22 33 32 32 42 31 23 32 42 22 33 13 22 32
1 44 33 33 13 23 41 11 33 22 22 33 42 11 23 32 22 24 22 13 23 22
1 22 22 22 11 22 44 44 22 33 33 33 22 33 22 32 44 22 33 13 22 22
1 22 33 33 13 22 44 44 22 33 32 32 42 33 23 32 44 24 32 11 22 33
1 24 33 23 13 33 44 41 33 32 32 32 22 31 23 22 42 24 32 13 23 22
1 22 23 23 11 22 44 44 22 33 33 32 44 33 22 33 44 22 32 11 22 33
1 22 23 23 13 33 41 44 22 32 32 32 42 31 22 32 42 22 22 13 22 33
1 24 23 23 11 23 44 41 22 32 22 32 22 31 22 32 44 24 32 13 22 32
1 22 22 22 11 22 44 44 22 33 32 33 44 33 23 33 44 22 33 11 22 32
1 22 22 23 11 22 44 44 22 33 33 33 42 33 22 32 44 22 32 11 22 33
1 22 23 23 11 23 44 41 22 33 32 32 42 11 22 22 42 44 22 13 22 22
1 24 33 33 33 23 41 11 23 32 22 32 22 31 23 22 22 44 22 33 33 32
1 44 23 23 13 23 11 41 22 32 32 33 22 31 33 32 42 24 32 13 22 32
1 22 23 22 11 22 44 44 23 33 32 33 42 31 22 32 44 22 32 13 23 32
1 22 22 23 11 23 44 41 22 32 32 33 42 31 22 33 44 24 22 13 22 32
1 24 23 23 13 22 41 44 22 33 32 33 42 31 22 33 44 22 32 13 22 32
1 24 23 23 11 23 44 41 23 32 32 32 42 31 22 32 42 24 32 13 23 32
1 24 23 23 11 33 44 11 23 32 22 32 22 11 23 33 22 24 22 33 22 22
1 24 23 23 11 23 44 41 33 22 22 33 42 31 22 33 42 24 32 33 22 22
1 24 23 22 11 23 41 44 22 33 33 33 42 33 22 33 44 22 32 11 22 33
1 22 22 22 11 22 44 41 23 33 33 33 44 33 22 33 44 22 33 13 22 32
1 24 22 22 11 22 44 41 22 33 32 33 44 33 22 33 44 22 33 13 22 33
1 22 22 33 11 22 44 44 22 33 33 33 42 31 23 32 44 22 32 33 22 33
1 22 23 23 11 22 44 41 22 33 32 33 22 11 23 32 44 22 32 13 22 32
1 24 33 23 11 23 41 41 23 32 32 33 42 31 23 32 22 24 33 13 23 32
1 22 33 23 13 23 44 11 33 33 32 32 42 31 23 22 44 22 32 13 22 22
1 24 23 23 13 23 41 41 22 33 32 32 42 33 23 32 42 24 32 13 22 32
1 24 23 23 11 23 44 44 23 33 32 33 22 31 22 22 44 24 32 33 22 22
1 24 23 22 11 22 41 41 22 32 32 33 44 11 22 32 44 22 32 13 22 32
1 24 22 23 13 23 41 44 23 32 32 33 44 31 22 33 44 24 32 13 22 32
1 24 23 22 11 23 44 44 22 33 33 33 42 33 22 33 44 22 33 11 22 33
1 22 23 22 11 22 44 44 22 33 33 33 42 33 22 33 44 22 33 11 22 33
1 24 23 23 13 22 41 44 22 33 22 32 22 11 23 22 42 24 22 33 22 22
1 22 22 22 11 22 44 44 22 33 33 33 44 33 22 33 44 22 33 11 22 33
1 22 23 23 11 22 44 44 33 33 33 33 44 33 22 32 44 22 22 13 22 32
1 22 22 22 11 22 41 44 22 33 32 33 42 31 22 33 44 22 33 13 22 33
1 22 22 22 11 22 44 44 22 33 33 33 44 33 22 33 44 22 33 11 22 33
1 24 33 23 13 22 44 41 23 32 32 33 42 31 23 32 42 24 32 13 23 32
1 24 22 23 11 22 44 41 23 33 32 33 44 31 23 32 42 24 32 13 23 32
1 44 33 33 13 23 41 41 23 32 32 33 22 33 23 32 22 24 32 33 23 22
1 22 23 22 11 22 44 44 22 32 32 33 42 31 22 33 42 24 32 13 22 33
1 22 33 22 11 22 44 44 22 33 32 33 44 33 22 33 44 22 33 11 22 33
1 22 22 22 11 22 44 44 22 33 33 33 44 33 22 33 44 22 33 11 22 33
1 24 33 22 13 23 44 44 23 32 22 33 42 31 23 32 42 22 32 13 22 32
1 22 33 22 11 23 44 41 22 33 33 33 44 33 22 33 44 22 22 11 22 32
1 22 33 22 13 33 41 41 33 32 22 33 22 31 23 22 42 22 22 13 22 22
1 22 33 22 13 22 41 41 22 32 32 32 42 31 22 22 42 24 32 33 22 32
1 24 23 22 11 23 41 41 23 32 33 33 22 31 22 32 42 22 32 33 22 33
1 24 23 23 13 22 44 44 23 32 33 33 44 33 22 33 44 24 32 13 22 32
1 24 23 22 11 22 41 41 22 33 22 33 42 31 22 22 44 24 32 13 22 32
1 24 23 22 13 23 41 41 23 32 22 22 42 31 23 32 22 24 22 33 23 22
1 24 22 22 13 22 44 44 22 33 32 32 42 33 22 32 44 24 33 13 23 32
1 22 22 22 11 22 44 44 22 33 33 33 44 33 22 33 44 22 33 11 22 33
1 22 23 22 11 22 44 41 22 33 32 33 42 33 22 33 42 22 32 13 22 33
1 24 33 23 11 23 44 41 22 32 22 33 42 31 23 32 42 22 33 13 23 32
1 22 22 23 11 22 44 41 23 33 22 33 42 33 22 33 44 22 32 13 22 32
1 22 23 22 11 23 44 44 22 33 32 33 44 33 22 32 22 22 32 11 22 32
1 24 23 22 13 22 44 41 22 33 32 33 42 33 22 33 44 22 32 13 22 32
1 22 23 22 11 22 41 44 22 33 22 33 44 33 22 33 44 22 22 13 23 32
1 24 22 22 11 23 41 41 23 33 32 32 22 31 23 32 44 24 32 33 22 33
1 22 22 22 11 22 44 44 22 33 33 33 44 33 22 33 44 22 33 13 22 33
1 22 23 22 11 22 44 44 22 33 33 33 44 33 22 33 44 22 33 13 22 33
1 22 23 22 11 22 44 41 22 33 32 33 22 33 23 33 42 22 33 33 22 32
1 22 23 22 13 23 44 41 22 33 22 33 22 33 23 33 42 22 32 11 22 33
1 24 22 22 11 22 44 41 23 33 32 33 42 33 22 32 42 22 33 13 22 33
1 24 23 22 11 23 44 41 22 32 33 33 44 33 22 33 44 22 33 33 22 32
1 24 22 23 11 23 44 41 23 33 32 32 42 33 22 32 42 24 32 13 22 32
1 22 22 23 13 22 41 44 33 32 22 32 44 31 22 22 44 22 32 11 22 22
1 24 23 23 11 22 41 41 22 33 33 32 42 33 23 32 44 22 32 13 22 33
1 24 23 23 13 22 44 41 22 33 32 32 42 31 23 32 42 22 32 11 23 32
1 22 33 23 11 23 41 44 22 32 32 32 22 33 23 33 42 24 32 33 22 22
1 24 33 23 13 23 44 41 22 33 22 32 22 31 23 32 44 22 22 33 22 22
1 22 22 22 13 23 44 44 22 33 22 33 44 33 22 33 44 22 33 13 22 33
1 24 22 22 11 23 44 41 22 33 33 33 44 33 22 22 42 22 33 33 22 33
1 22 22 22 11 22 44 44 22 33 33 33 44 33 22 33 44 22 33 11 22 33
1 22 33 22 11 23 44 44 22 33 32 33 44 33 22 33 44 22 32 11 22 33
1 24 23 23 13 22 41 41 22 32 22 32 42 33 23 22 42 24 32 13 23 32
1 22 33 23 11 33 44 44 23 33 22 33 22 33 22 33 42 22 33 13 22 22
1 22 23 22 11 22 44 44 22 33 32 33 44 33 23 33 44 22 33 13 22 33
1 24 33 22 11 23 44 41 23 32 22 33 22 33 22 32 22 22 32 11 22 32
1 22 23 23 11 23 44 41 22 33 32 33 42 33 22 22 44 24 33 33 22 33
1 22 22 22 11 23 44 41 23 33 22 33 44 31 23 33 44 24 32 13 22 22
1 22 22 22 11 22 44 44 22 33 32 33 44 33 22 33 44 22 33 11 22 33
1 22 23 33 13 23 44 41 23 33 22 32 22 33 23 22 44 22 32 33 22 22
1 22 22 22 11 22 44 44 22 33 33 33 44 33 22 33 44 22 32 11 22 33
1 22 22 23 11 22 44 44 22 33 32 33 44 33 22 33 42 22 32 13 22 33
1 22 33 23 11 23 41 44 22 33 33 33 42 31 23 33 44 24 32 33 22 32
1 24 23 22 11 22 44 44 23 33 32 33 44 31 22 33 42 24 22 13 22 33
1 22 23 22 13 22 44 44 22 33 32 32 42 31 23 32 44 22 33 13 22 32
1 24 23 23 11 22 44 41 22 33 32 32 42 33 22 33 42 22 32 13 22 33
1 24 23 23 13 23 41 41 23 32 32 33 42 31 23 32 42 24 32 13 23 32
1 22 22 22 11 23 44 41 22 33 32 33 44 31 22 33 44 22 32 11 22 32
1 24 33 22 13 22 44 41 22 33 32 32 22 33 23 33 44 24 32 13 22 22
1 22 22 22 11 22 44 44 22 33 32 33 44 33 22 33 44 22 33 13 22 33
1 24 23 22 11 22 44 44 23 33 33 33 44 33 22 32 44 22 32 11 22 32
1 22 23 23 13 23 44 44 23 33 22 33 42 31 22 32 44 24 32 33 22 33
1 44 33 33 13 22 41 41 22 33 32 22 42 11 33 32 44 24 32 33 22 33
1 22 22 22 11 22 44 44 22 33 33 33 44 33 22 33 44 22 33 13 22 33
1 44 22 23 33 22 44 41 22 32 22 32 42 33 22 32 44 24 32 13 22 32
1 22 33 33 11 22 44 41 22 32 32 33 42 33 23 33 44 22 32 13 22 33
1 22 22 23 11 23 44 41 22 33 32 33 44 33 22 33 44 22 33 11 22 33
1 22 23 23 33 22 11 11 22 33 22 33 42 33 22 32 44 22 22 13 23 32
1 22 23 22 11 22 44 44 22 33 33 33 44 33 22 33 44 22 33 11 22 33
1 24 23 33 13 22 44 44 22 32 32 33 42 31 23 32 44 22 32 13 22 32
1 22 22 22 11 22 44 44 22 33 32 33 42 33 23 33 44 22 33 11 22 32
1 22 22 22 11 22 44 44 22 33 32 33 44 33 22 33 44 22 33 11 22 33
1 22 23 23 11 22 44 44 22 33 33 33 44 33 22 33 44 24 33 11 22 33
1 24 23 22 11 22 44 44 22 33 32 33 22 33 22 33 42 22 33 13 22 32
1 22 33 23 11 22 41 41 23 33 22 33 22 33 22 32 42 24 33 11 23 33
1 24 33 22 11 23 44 41 23 33 22 33 42 31 22 22 42 24 22 33 22 32
1 24 23 23 13 22 44 44 23 33 32 33 42 31 22 32 44 24 32 13 23 32
1 22 22 22 11 22 44 44 22 33 33 33 42 33 22 33 44 22 33 13 22 33
1 24 23 23 13 22 44 41 23 33 33 33 22 31 22 33 42 22 33 13 23 32
1 22 23 23 13 23 44 44 22 33 32 32 42 31 22 32 42 24 32 13 22 33
1 22 23 22 13 23 44 41 22 33 32 33 44 33 22 32 44 24 32 11 23 32
1 24 23 23 13 23 44 41 22 32 22 33 22 11 23 32 42 24 32 33 22 22
1 24 22 23 11 33 44 44 23 32 33 33 42 33 23 32 44 22 32 13 23 33
1 22 23 23 13 23 44 41 22 33 32 33 22 31 22 32 44 22 22 11 22 22
1 24 23 23 13 23 44 41 22 32 32 33 42 31 22 33 44 22 33 13 22 32
1 24 22 33 13 22 44 44 22 33 22 33 44 33 22 33 42 24 22 33 22 22
1 22 33 22 11 22 44 41 22 32 32 22 22 33 22 32 44 24 32 13 22 33
1 24 23 23 11 23 41 41 22 33 32 33 42 31 23 32 42 22 32 33 23 32
1 22 33 23 11 22 44 44 22 33 22 33 42 33 22 32 44 22 32 33 22 22
1 24 23 23 13 23 44 41 23 32 32 33 22 31 22 32 42 22 32 33 33 32
1 22 22 22 11 22 44 44 22 33 33 33 44 33 22 33 44 22 33 13 22 33
1 22 23 23 13 22 44 44 22 33 32 33 42 31 23 32 42 22 33 11 22 32
1 22 23 23 13 22 44 41 23 32 32 33 42 33 23 33 44 22 33 13 22 32
1 22 23 22 11 22 44 44 23 33 32 33 44 31 22 33 44 22 33 13 22 32
1 22 22 22 13 22 44 44 23 33 32 33 42 33 22 33 44 22 32 13 22 32
1 24 23 23 11 23 44 41 23 33 32 33 42 31 22 32 44 24 32 33 22 32
1 44 33 23 13 23 41 41 23 33 22 32 42 31 23 22 44 22 32 33 23 32
1 22 22 22 11 22 44 44 22 33 33 33 44 31 22 32 44 22 32 13 22 32
1 22 22 22 11 22 44 44 22 33 33 33 44 33 22 33 44 22 32 11 22 33
1 24 22 23 13 22 44 11 22 33 22 32 42 33 22 32 44 22 32 13 22 33
1 22 33 22 11 23 44 44 22 33 32 33 42 33 22 33 44 22 33 13 22 33
1 22 22 22 13 22 44 44 22 33 32 33 44 33 22 33 44 22 33 13 22 33
1 24 23 23 13 23 41 41 23 33 32 33 42 31 23 32 42 22 32 13 23 32
1 22 22 22 11 22 44 44 22 33 33 33 42 31 22 33 44 22 33 11 22 33
1 22 33 22 11 22 44 41 22 33 32 33 44 33 22 33 44 22 33 11 22 33
1 22 22 22 11 22 44 44 22 33 33 33 44 33 22 33 42 22 33 13 22 33
1 22 23 22 11 22 41 41 22 33 32 32 44 31 23 33 44 22 32 13 22 32
1 22 22 23 11 22 44 44 22 33 32 32 44 33 22 33 44 22 32 11 22 33
1 22 23 23 13 33 41 11 23 33 32 32 22 31 23 32 44 24 32 13 23 32
1 22 23 23 11 23 44 44 22 33 32 33 44 33 22 32 44 22 33 13 22 33
1 22 22 23 11 22 44 44 22 33 33 33 42 33 22 32 44 22 32 11 23 32
1 44 22 23 33 23 44 41 23 33 32 33 42 33 22 32 42 22 32 13 22 33
1 22 22 22 11 22 44 44 22 33 33 33 44 33 22 33 44 22 33 11 22 33
1 44 23 33 13 23 44 44 23 33 32 33 22 31 23 32 42 22 22 33 33 32
1 22 22 22 11 22 44 44 22 33 33 33 44 33 22 33 44 22 33 11 22 33
1 24 23 23 13 22 44 41 22 33 32 33 42 31 23 32 42 24 32 11 23 32
1 24 23 33 13 22 44 11 23 32 33 33 42 31 22 22 44 22 22 33 22 32
1 44 33 33 13 23 44 41 22 33 22 32 44 31 23 32 42 22 32 13 22 32
1 22 23 23 11 23 44 41 23 33 33 33 42 31 22 33 44 24 33 11 22 33
1 24 23 23 11 23 44 44 22 33 32 33 44 33 22 33 42 22 32 33 22 33
1 22 22 22 11 22 44 44 22 33 32 33 44 33 22 33 44 22 33 11 22 33
1 22 23 23 13 22 41 44 22 32 32 33 42 31 23 32 44 22 32 13 22 32
1 22 23 23 11 22 44 44 22 33 32 33 42 31 22 32 44 22 32 13 22 33
1 22 23 22 11 22 44 44 22 33 32 32 42 33 22 32 44 22 32 13 22 32
1 24 23 22 11 22 44 44 22 33 32 32 44 33 22 33 44 22 33 13 22 33
1 22 22 22 11 23 44 44 22 33 33 33 44 33 22 33 44 22 32 13 22 33
1 24 23 22 11 22 44 44 23 33 33 33 42 33 22 32 44 22 33 11 22 22
1 22 22 23 11 22 44 44 22 33 33 33 42 33 22 33 44 22 32 11 22 33
1 22 22 22 11 22 44 44 22 33 32 33 44 31 22 33 42 22 32 11 22 32
1 22 23 22 11 22 44 44 22 33 32 33 42 33 22 33 44 22 32 11 22 33
1 24 23 23 13 23 41 41 23 32 32 33 42 31 23 32 42 24 32 13 23 32
1 22 23 22 13 23 44 44 22 32 32 32 42 31 22 32 44 24 32 11 22 32
1 22 22 22 11 22 44 44 22 33 32 33 44 33 22 33 44 22 33 13 22 32
1 24 23 22 11 33 44 44 23 33 32 33 22 31 22 32 44 22 32 11 22 32
1 24 23 23 13 22 44 41 22 32 32 32 42 31 23 33 42 44 22 33 23 32
1 22 22 23 11 23 44 44 22 32 32 33 42 33 22 33 44 24 22 11 23 32
1 24 23 23 11 22 41 41 23 32 32 33 42 33 22 32 42 24 32 13 23 33
1 22 22 22 11 22 44 44 22 33 33 33 44 31 22 33 44 22 33 13 22 33
1 24 33 23 13 23 41 44 22 32 22 33 42 33 22 33 42 24 33 33 22 33
1 24 23 23 11 23 44 11 22 33 33 33 42 11 23 32 42 22 32 13 23 33
1 24 33 22 13 22 41 41 22 33 32 33 42 33 22 32 44 24 32 13 22 32
1 24 23 22 11 23 44 41 22 32 22 33 22 33 22 32 42 24 22 13 22 32
1 22 23 22 11 22 41 41 33 33 22 33 42 33 22 33 44 22 32 13 22 32
1 22 23 22 11 23 44 44 22 33 33 33 44 33 22 33 44 22 32 11 22 32
1 22 23 22 11 22 44 44 22 33 33 33 44 33 22 32 44 22 32 11 22 33
1 22 23 23 13 22 44 41 23 32 32 33 22 33 22 32 44 44 32 33 22 22
1 22 33 22 13 23 41 41 23 33 33 32 42 31 22 33 44 22 32 13 22 33
1 22 22 22 13 22 44 44 22 33 33 33 42 31 22 22 44 22 32 13 22 33
1 24 22 22 11 22 44 44 22 33 32 33 44 33 22 33 44 22 32 11 22 32
1 22 23 22 13 22 44 44 22 33 33 33 42 33 22 33 42 22 32 11 22 32
1 44 23 22 11 22 44 44 23 33 32 33 42 31 23 32 44 22 33 13 22 32
1 22 22 23 11 22 44 44 22 33 33 33 42 33 23 33 42 22 33 11 22 32
1 22 22 22 11 22 44 44 22 33 33 33 44 33 22 33 44 22 33 11 22 33
1 22 22 22 11 22 44 44 22 33 32 33 44 33 22 33 44 22 33 11 22 33
1 24 23 22 11 23 44 44 23 33 32 33 42 33 22 32 44 22 33 13 22 33
1 24 22 22 11 23 44 41 22 32 22 33 44 11 22 33 44 22 32 33 22 32
1 44 33 23 33 33 11 11 23 22 22 33 22 11 33 22 22 44 32 33 23 22
1 22 23 22 11 22 44 44 22 33 32 33 44 33 22 33 42 24 33 13 22 33
1 22 22 22 11 22 44 44 22 33 33 33 44 33 22 33 44 22 33 13 22 33
1 22 22 22 11 22 44 44 22 33 33 33 44 33 22 33 44 22 33 11 22 33
1 22 23 22 11 22 44 41 22 33 32 33 42 31 22 22 44 22 22 13 22 33
1 22 33 22 11 22 44 44 23 33 33 33 44 33 22 32 42 22 33 11 22 32
1 24 22 23 13 22 44 44 22 32 22 33 44 33 23 33 42 22 32 13 22 32
1 22 23 23 13 23 41 41 23 33 22 33 42 31 22 32 42 22 22 13 22 33
1 22 22 22 11 22 44 44 22 33 32 33 44 33 22 33 44 22 33 11 22 33
1 24 23 22 11 22 44 44 22 33 32 33 22 31 23 32 44 22 22 33 22 33
1 22 23 22 11 23 44 44 22 33 33 33 22 33 22 32 44 22 33 11 22 32
1 22 22 22 13 23 44 11 22 33 32 33 42 31 22 33 44 22 32 13 23 32
1 22 33 22 11 22 44 44 22 33 33 33 44 33 22 33 44 22 33 33 22 32
1 22 22 22 11 22 41 41 22 33 32 33 42 31 23 33 44 22 33 13 22 32
1 22 33 23 13 23 41 11 22 33 32 32 42 31 22 32 44 24 32 13 23 32
1 24 22 23 11 22 44 44 22 33 33 33 44 31 22 33 42 24 32 11 22 32
1 44 33 23 11 23 44 41 23 22 32 22 22 33 23 32 44 24 32 33 23 22
1 22 22 22 11 22 44 44 22 33 33 33 44 33 22 33 44 22 33 13 22 33
1 22 23 22 13 23 44 41 22 33 32 33 22 31 22 33 44 22 32 13 22 32
1 24 33 23 11 22 44 41 22 33 32 33 44 31 22 32 42 22 33 13 23 22
1 22 22 22 13 22 44 44 22 33 33 33 44 31 22 33 44 22 33 11 22 32
1 22 23 23 11 22 44 41 22 32 32 33 22 33 23 33 44 22 32 13 22 32
1 22 22 22 11 22 44 44 22 33 33 33 44 33 22 33 44 22 32 11 22 33
1 22 23 33 11 23 44 44 22 32 32 32 42 31 23 32 42 24 32 13 22 33
1 22 22 22 13 22 44 44 22 33 33 33 44 33 22 33 44 22 33 11 22 33
1 24 22 23 11 22 44 41 22 33 32 33 44 33 23 32 22 22 32 13 22 32
1 24 22 23 11 22 44 44 22 33 22 33 42 31 22 33 44 22 32 13 22 32
1 22 22 22 11 22 44 41 22 33 22 33 42 33 22 32 44 24 33 13 22 33
1 24 33 23 13 22 41 41 22 32 32 32 42 31 23 32 42 24 32 13 23 32
1 22 33 22 11 22 44 41 22 33 32 33 42 33 22 32 44 22 32 13 22 32
1 22 23 23 33 23 44 11 33 33 22 33 22 33 23 33 42 22 32 33 22 22
1 22 23 22 11 22 44 41 23 33 33 33 44 33 22 33 44 22 32 11 22 33
1 22 22 22 11 22 44 44 22 33 33 33 44 33 23 33 42 22 33 13 22 33
1 22 23 23 11 22 44 41 22 33 33 33 22 31 22 33 44 22 33 11 22 33
1 22 22 22 11 22 44 44 22 33 32 33 42 33 22 33 44 22 33 11 22 33
1 24 23 22 13 22 41 44 22 33 32 33 42 33 22 32 44 22 32 13 22 33
1 22 22 22 11 22 44 41 22 33 32 33 42 33 22 32 44 24 32 13 22 33
1 22 23 22 11 22 44 44 22 33 33 33 42 33 22 33 44 22 33 13 22 32
1 22 22 22 11 22 44 44 22 33 32 33 22 33 22 33 44 22 33 11 22 33
1 24 23 22 11 22 44 44 23 32 32 33 42 11 22 33 42 24 32 13 23 32
1 24 23 23 13 23 41 41 23 32 32 32 42 31 23 32 44 22 32 13 22 32
1 24 22 22 11 23 44 44 23 33 32 33 42 33 22 22 44 22 33 13 22 32
1 24 23 22 13 22 41 41 23 32 32 32 22 31 23 32 42 24 22 13 23 32
1 44 23 22 13 22 44 41 22 32 33 33 42 31 23 33 42 24 32 33 22 32
1 24 22 23 13 23 44 44 22 33 32 33 44 33 22 32 42 22 33 11 22 32
1 22 23 23 33 23 11 11 23 32 22 33 22 33 23 32 44 22 22 13 23 32
1 24 23 22 13 22 41 41 22 33 32 33 42 31 22 32 44 22 32 13 22 32
1 44 33 23 13 23 44 11 22 33 32 33 22 33 22 33 42 24 32 13 22 33
1 24 22 22 11 22 44 44 22 33 33 33 42 33 22 33 44 22 33 11 22 33
1 22 22 22 11 23 44 44 22 33 33 33 44 31 22 33 44 22 33 13 22 33
1 22 23 23 11 22 44 44 22 33 32 33 42 33 23 32 44 22 33 13 22 32
1 24 23 33 13 23 41 11 22 33 32 32 22 31 22 32 42 24 32 11 22 33
1 22 22 22 11 22 44 44 22 33 33 33 42 31 22 32 44 22 33 11 22 33
1 22 22 22 11 22 44 44 22 33 33 33 42 33 22 33 44 22 33 13 22 33
1 22 22 22 11 23 44 41 22 33 32 32 42 33 23 32 44 22 32 33 22 32
1 24 33 23 11 22 44 44 22 33 32 32 42 33 22 33 42 22 32 13 23 32
1 24 23 23 13 23 44 41 23 32 33 32 42 31 23 33 42 24 32 13 23 32
1 24 23 23 13 23 41 41 23 32 32 32 22 31 23 32 42 24 22 33 23 32
1 24 23 22 11 23 41 41 23 32 32 33 42 31 23 22 42 22 32 33 23 32
1 24 23 23 11 33 44 41 33 32 22 33 42 11 33 32 42 24 22 33 22 32
1 22 23 23 11 23 44 44 22 33 33 33 44 31 23 33 44 22 33 11 22 32
1 22 22 22 11 22 44 44 22 33 32 33 44 33 22 33 44 22 33 13 22 33
1 24 23 22 11 22 44 44 23 32 32 33 42 31 23 33 44 24 32 11 23 32
1 24 22 23 11 23 44 44 23 32 32 33 44 31 22 32 44 22 32 13 22 33
1 24 22 23 11 22 44 44 22 33 33 33 44 31 22 32 44 24 32 13 23 33
1 24 23 23 13 22 44 41 22 32 32 32 42 31 23 32 44 24 22 33 22 22
1 22 23 23 11 23 44 44 22 32 32 33 44 33 22 22 44 22 33 13 22 32
1 24 23 23 11 22 41 44 22 22 32 33 44 33 22 33 44 22 33 13 22 33
1 24 33 23 11 22 41 11 23 32 32 33 22 31 33 22 42 22 22 33 22 32
1 22 22 22 11 22 44 41 22 33 33 33 44 33 23 33 44 22 33 13 22 33
1 22 22 22 11 22 44 44 22 33 32 32 44 33 22 33 44 22 33 11 22 33
1 22 23 23 11 22 44 44 22 33 33 33 44 33 22 33 44 22 33 13 22 33
1 24 23 23 11 22 44 41 22 32 33 32 42 33 23 33 44 22 33 13 23 32
1 24 33 23 33 23 41 41 23 33 22 33 42 31 23 32 42 24 32 13 23 32
1 22 22 22 11 22 44 44 22 33 33 33 44 33 22 33 44 22 32 13 22 32
1 24 33 23 13 22 44 44 22 33 32 33 22 11 22 33 44 24 32 13 22 32
1 24 23 23 13 33 44 44 33 33 32 33 42 31 23 32 42 22 32 33 23 32
1 22 22 22 11 22 44 44 22 33 33 33 44 33 22 32 44 22 32 13 22 33
1 22 22 22 11 23 44 41 22 33 32 33 42 33 22 33 44 22 33 13 22 32
1 44 22 33 13 23 44 41 23 32 32 33 42 31 23 32 44 44 32 13 22 32
1 22 23 23 11 22 41 41 22 33 32 33 42 31 22 33 44 22 32 13 22 32
1 24 23 22 11 22 44 44 22 33 32 33 44 33 22 33 42 22 33 13 22 33
1 24 22 22 11 23 44 44 22 33 33 33 44 33 22 33 44 22 22 13 22 33
1 24 23 22 13 23 41 41 22 32 32 33 22 33 22 32 44 22 32 13 22 32
1 22 23 23 13 33 44 44 22 33 33 33 44 31 22 33 44 24 32 13 22 32
1 24 23 23 13 23 41 11 23 32 32 32 22 31 33 22 42 24 22 13 23 32
1 22 22 22 11 22 44 44 22 33 33 33 42 33 22 32 44 22 32 11 22 32
1 24 23 22 13 22 44 44 22 33 33 33 42 33 22 33 42 22 33 11 22 32
1 24 23 22 11 22 44 41 23 33 22 33 42 31 22 33 44 22 32 13 23 33
1 22 23 23 11 22 41 44 22 32 32 32 44 31 22 33 44 22 32 11 22 33
1 22 22 22 11 23 44 41 22 33 32 33 44 33 22 33 44 22 33 11 22 33
1 22 23 22 11 22 44 41 23 32 32 33 44 33 22 33 44 22 33 13 22 33
1 24 22 22 11 23 44 41 22 33 32 33 42 31 23 32 42 22 32 13 22 32
1 24 23 22 11 22 44 41 23 33 32 33 42 33 22 33 44 24 32 13 22 33
1 24 23 23 11 22 44 41 22 33 32 33 44 33 22 33 42 24 22 33 22 32
1 24 23 23 11 23 41 41 23 32 22 32 22 31 23 22 42 24 32 33 23 32
1 24 22 23 11 23 41 11 23 32 32 33 42 31 22 32 44 24 32 13 22 33
1 24 23 23 13 23 44 41 23 32 32 33 42 33 22 33 42 22 32 13 22 32
1 22 22 22 11 22 44 41 22 33 33 33 44 33 22 33 44 22 32 13 22 33
1 24 33 22 13 22 41 44 22 33 32 33 42 31 23 32 44 22 32 13 22 32
1 22 22 22 11 22 44 44 22 33 33 33 44 33 22 33 44 22 33 11 22 32
1 24 23 33 11 22 44 41 22 33 32 33 42 31 22 32 42 24 32 33 22 32
1 24 23 23 33 23 41 41 23 32 32 32 22 31 23 32 42 24 32 33 23 32
1 22 23 22 11 22 44 44 22 33 32 33 42 33 22 32 44 22 32 11 22 33
1 24 22 23 11 23 44 44 22 33 33 33 44 33 22 33 44 22 32 11 22 33
1 22 22 22 13 22 41 41 22 33 32 33 42 33 22 33 44 22 32 11 22 33
1 24 23 22 11 23 44 41 22 33 32 33 42 33 22 32 44 22 22 11 22 32
1 24 23 23 13 23 41 41 23 32 32 33 42 31 23 32 42 24 32 13 23 22
1 22 22 22 11 22 44 44 22 33 33 33 44 33 22 33 44 24 32 11 22 33
1 22 22 22 13 22 44 44 22 33 32 33 22 31 23 22 44 24 32 13 23 32
1 24 23 23 11 22 41 11 22 33 22 32 42 11 22 32 42 22 22 11 22 32
1 24 23 23 13 23 41 44 23 33 32 33 42 31 22 32 42 24 32 13 22 32
1 22 33 33 11 22 44 41 23 33 22 33 42 33 22 33 44 24 32 13 23 22
1 22 22 22 11 23 44 44 23 33 32 32 44 33 22 33 44 22 32 13 22 33
1 24 23 23 11 22 44 44 22 33 33 32 42 31 22 33 42 24 32 11 23 32
1 22 22 23 11 23 44 44 23 33 22 32 42 31 22 32 44 22 22 33 22 22
1 22 33 23 33 33 44 41 33 22 32 32 22 11 22 32 42 24 22 13 23 32
1 24 23 22 11 22 44 44 22 33 32 32 44 33 22 33 42 22 33 13 22 33
1 22 23 23 11 22 44 44 22 33 22 32 42 11 22 33 44 24 32 33 22 32
1 24 33 23 11 23 44 41 22 32 32 32 42 11 23 32 42 24 22 13 22 33
1 22 22 23 11 22 44 44 23 33 33 33 42 33 22 33 42 22 32 13 22 32
1 22 23 22 11 22 41 41 23 33 32 33 44 33 22 33 42 22 32 11 22 33
1 22 33 22 13 22 44 41 22 33 32 33 22 33 22 32 42 22 22 13 22 32
1 22 22 23 11 22 44 44 22 33 32 33 44 31 22 33 44 22 33 11 22 33
1 24 33 23 13 23 41 41 23 32 22 32 42 31 23 32 42 24 22 33 23 32
1 22 33 23 11 33 11 41 23 32 22 32 42 33 23 33 42 24 22 33 23 32
1 22 22 22 11 22 44 44 22 33 33 33 44 33 22 33 44 22 33 13 22 33
1 24 22 22 11 22 41 11 23 32 32 33 42 33 22 22 22 22 32 33 22 33
1 22 22 22 11 23 44 44 23 32 32 33 44 31 22 33 44 22 22 33 22 33
1 24 23 23 13 23 44 41 22 32 22 33 42 33 22 32 42 24 22 13 23 32
1 22 23 22 11 22 44 44 22 33 32 32 44 31 22 32 44 22 32 11 22 32
1 24 22 22 11 22 44 44 23 33 32 32 42 33 22 33 44 22 32 11 22 32
1 24 22 23 13 22 44 41 22 33 32 33 44 33 22 33 44 22 32 13 22 32
1 22 22 22 11 22 44 44 22 32 32 33 42 31 22 33 44 22 32 11 22 32
1 24 23 33 13 23 44 41 23 32 32 33 44 33 22 33 44 22 22 13 23 32
1 24 23 23 11 23 44 41 22 32 32 32 42 31 23 33 42 22 32 13 23 32
1 22 23 23 11 23 41 41 23 32 32 33 42 33 23 32 42 24 32 13 22 33
1 22 23 22 11 22 44 11 22 33 32 33 42 31 22 32 44 22 33 11 22 33
1 22 23 22 11 22 44 41 22 33 33 33 42 31 22 33 44 24 32 13 22 32
1 22 23 22 11 22 44 44 22 33 33 33 44 31 22 32 44 24 33 11 22 32
1 24 23 33 13 23 44 44 22 32 32 33 42 33 22 32 42 22 32 13 22 33
1 24 23 22 11 22 44 41 23 33 32 33 42 33 22 33 42 22 33 13 22 33
1 24 23 23 13 23 41 11 23 33 32 32 44 31 23 32 42 24 33 13 22 32
1 22 22 22 11 22 44 44 22 33 32 33 44 33 22 33 44 22 32 11 22 33
1 22 33 33 13 23 44 41 22 32 33 33 44 31 22 32 42 24 32 13 22 22
1 22 22 22 11 22 44 44 22 33 33 33 44 33 22 33 44 22 32 11 22 33
1 24 22 22 11 22 41 44 22 33 32 33 44 33 22 33 44 22 33 13 22 33
1 22 22 22 11 22 44 44 22 33 33 33 44 33 22 33 44 22 32 11 22 32
1 22 22 22 11 22 44 41 22 33 32 32 42 33 22 32 44 22 33 11 22 33
1 22 23 22 11 22 44 44 22 33 33 33 44 33 22 33 44 22 33 11 22 33
1 22 22 22 11 22 44 44 22 33 33 33 44 33 22 33 44 22 33 13 22 33
1 24 23 22 11 23 44 41 22 22 22 33 42 31 23 32 42 22 33 13 23 33
1 22 33 22 13 22 44 41 23 33 32 32 42 33 22 32 42 22 33 33 22 32
1 22 23 22 11 22 44 44 22 33 33 33 42 33 22 33 44 22 33 13 22 32
1 24 23 23 11 23 41 41 22 32 32 32 42 33 22 32 42 24 32 13 23 32
1 24 23 23 13 23 41 11 23 32 32 33 42 31 22 32 42 24 32 13 23 32
1 22 23 23 11 23 44 44 22 33 32 33 44 33 23 33 44 22 33 11 33 33
1 22 33 22 11 22 44 44 22 33 33 33 44 31 22 33 44 22 32 11 22 33
1 24 23 23 13 23 41 44 23 32 32 33 22 31 22 32 42 22 32 13 22 33
1 22 23 22 11 22 44 44 22 32 32 33 42 33 22 33 44 22 33 11 22 33
1 24 23 23 11 33 44 41 22 33 32 32 42 11 23 32 44 24 32 33 22 33
1 22 23 23 11 23 44 44 23 33 22 33 42 31 22 32 44 22 33 11 23 22
1 24 33 33 13 23 44 41 22 32 22 32 42 11 22 22 44 24 22 33 23 22
1 22 22 22 11 22 44 44 22 33 33 33 44 33 22 33 44 22 33 11 22 32
1 24 23 22 11 23 44 44 22 32 32 33 42 33 23 32 44 24 33 13 22 32
1 22 23 22 11 23 41 41 22 32 33 33 42 33 22 32 44 24 32 11 23 32
1 22 22 23 11 23 44 41 23 33 33 33 42 31 22 33 44 22 32 13 22 33
1 22 22 22 11 22 44 44 22 33 33 33 42 33 22 32 44 22 33 13 22 33
1 22 22 22 11 22 44 44 22 33 32 33 44 33 22 33 44 22 33 11 22 33
