 rs11584295 rs3001339 rs6661956 rs2494606 rs2147905
0 44 22 23 44 11
0 41 22 22 44 11
0 41 22 23 44 11
0 41 23 22 44 11
0 44 23 22 44 11
0 44 22 23 41 11
0 44 23 22 41 11
0 41 22 33 44 11
0 11 23 23 41 14
0 44 22 22 41 11
0 41 23 22 44 14
0 41 23 23 41 11
0 41 22 23 11 14
0 11 22 22 44 11
0 41 23 23 44 14
0 11 23 22 41 11
0 41 33 23 44 14
0 41 23 22 44 11
0 41 23 22 44 14
0 41 23 23 44 11
0 41 22 22 41 11
0 11 22 22 44 11
0 41 22 22 11 14
0 44 22 22 44 11
0 41 23 22 44 14
0 11 23 22 44 44
0 44 22 23 44 11
0 44 23 22 41 11
0 41 23 23 44 14
0 41 23 22 44 14
0 41 33 23 41 11
0 41 23 22 44 14
0 44 22 22 44 11
0 41 33 22 44 11
0 41 22 23 44 11
0 44 23 22 44 11
0 41 33 22 44 14
0 44 22 23 44 11
0 44 23 22 44 11
0 44 22 23 41 11
0 41 23 22 41 14
0 11 22 22 44 14
0 44 23 22 44 11
0 41 22 22 44 11
0 41 33 22 41 14
0 41 33 22 44 14
0 41 22 22 44 11
0 44 22 22 44 11
0 41 23 23 44 11
0 41 23 23 41 11
0 44 22 33 44 14
0 41 23 22 44 14
0 41 23 23 44 14
0 41 23 23 44 11
0 44 23 22 44 14
0 41 23 22 41 11
0 41 33 22 44 14
0 11 23 23 41 11
0 41 33 23 44 14
0 44 33 23 44 14
0 41 22 23 44 14
0 41 22 22 41 11
0 41 33 23 41 11
0 44 22 22 44 14
0 41 33 22 41 14
0 41 23 23 41 11
0 11 23 22 41 11
0 41 33 23 44 14
0 11 23 33 44 11
0 44 23 23 44 14
0 44 23 23 44 11
0 11 23 22 44 11
0 41 23 22 44 11
0 11 33 22 44 11
0 41 23 22 44 14
0 44 22 22 44 14
0 44 23 22 44 11
0 44 33 22 44 11
0 44 33 33 44 11
0 44 23 22 44 11
0 41 22 23 41 11
0 41 23 22 44 14
0 44 23 22 44 11
0 44 22 22 44 11
0 44 23 22 44 11
0 41 33 22 41 11
0 41 22 22 44 14
0 41 23 23 11 11
0 44 22 22 44 11
0 41 23 33 44 11
0 44 23 23 44 14
0 41 23 22 41 14
0 44 22 22 44 11
0 41 23 22 44 11
0 41 23 22 44 14
0 11 22 23 44 11
0 44 22 22 41 11
0 41 23 22 11 14
0 44 33 22 44 11
0 41 23 22 44 14
0 41 23 22 44 11
0 44 23 22 41 14
0 11 22 23 44 14
0 44 33 23 44 11
0 41 22 22 41 11
0 41 22 22 41 11
0 41 23 22 44 11
0 44 22 22 44 11
0 44 23 22 44 11
0 41 23 22 44 11
0 41 23 22 44 11
0 41 22 22 44 14
0 41 22 23 41 14
0 41 22 22 44 14
0 41 23 23 41 11
0 11 23 23 41 44
0 11 23 22 44 11
0 41 22 22 44 11
0 41 22 23 44 11
0 41 33 22 44 11
0 44 23 22 41 11
0 11 23 23 44 14
0 41 23 22 41 11
0 44 23 22 41 11
0 44 22 23 44 11
0 41 23 23 41 11
0 44 23 23 44 11
0 41 22 23 41 11
0 11 23 33 44 11
0 44 23 22 41 11
0 44 23 22 44 11
0 41 23 22 44 14
0 44 22 22 44 14
0 44 22 23 44 11
0 41 22 23 44 11
0 41 23 22 44 11
0 41 23 23 44 11
0 44 23 22 44 11
0 11 22 22 44 11
0 11 33 22 44 14
0 41 23 22 41 11
0 41 23 23 44 11
0 11 22 23 44 11
0 41 33 22 44 11
0 41 23 23 44 11
0 11 23 22 44 44
0 41 23 23 44 14
0 41 23 22 44 11
0 44 22 22 44 44
0 41 23 23 44 11
0 11 23 22 44 11
0 41 23 23 41 11
0 41 23 22 44 11
0 11 22 22 44 11
0 44 23 22 44 11
0 41 33 23 41 11
0 41 22 23 44 11
0 11 22 22 44 14
0 41 23 22 44 11
0 44 22 22 44 11
0 11 22 22 44 11
0 44 33 22 44 11
0 41 23 22 41 14
0 44 33 22 44 11
0 41 33 23 44 14
0 44 22 22 44 14
0 11 23 22 11 11
0 41 22 23 44 11
0 44 22 22 41 14
0 44 23 22 44 11
0 44 33 22 44 44
0 44 22 22 44 11
0 44 23 22 41 14
0 44 33 22 41 11
0 41 23 23 41 11
0 44 23 23 44 11
0 11 23 22 44 11
0 41 22 23 44 11
0 11 22 22 41 11
0 41 22 23 44 11
0 41 23 22 44 11
0 41 23 33 44 11
0 44 22 23 41 14
0 41 33 22 44 14
0 41 23 23 44 14
0 44 23 22 44 11
0 41 23 23 41 11
0 44 22 33 44 11
0 11 22 23 44 11
0 41 22 22 44 14
0 41 23 22 44 11
0 41 23 22 41 11
0 11 23 22 44 14
0 41 23 23 44 11
0 41 22 33 44 11
0 41 23 23 41 11
0 44 22 22 44 14
0 44 23 22 44 11
0 41 23 22 44 11
0 44 33 23 44 11
0 41 22 23 44 14
0 44 22 22 41 11
0 41 23 23 44 11
0 41 23 22 44 14
0 11 23 22 41 14
0 11 23 23 44 11
0 44 22 22 44 11
0 44 22 22 41 11
0 44 22 23 44 11
0 41 23 22 44 44
0 44 23 23 41 11
0 41 33 22 44 11
0 41 23 23 41 11
0 41 22 23 44 14
0 44 23 23 44 11
0 44 33 22 44 11
0 11 23 23 44 44
0 41 23 22 44 11
0 41 22 22 44 44
0 41 33 22 44 11
0 44 22 22 44 11
0 44 23 22 44 14
0 44 23 23 44 44
0 41 23 22 44 11
0 44 22 22 44 11
0 41 23 22 41 11
0 41 22 22 44 11
0 41 33 23 44 11
0 41 22 22 44 11
0 44 22 22 44 14
0 41 23 22 44 11
0 41 23 23 44 11
0 11 23 22 44 14
0 44 23 33 44 11
0 41 22 23 44 11
0 41 23 23 41 11
0 44 23 22 44 11
0 41 22 23 44 11
0 41 22 23 44 11
0 44 22 23 44 11
0 41 23 22 44 11
0 41 22 23 41 11
0 41 23 23 44 11
0 41 23 23 44 11
0 11 22 22 44 11
0 44 22 22 44 14
0 44 23 23 11 11
0 11 23 23 44 14
0 44 22 23 44 11
0 11 23 23 44 11
0 44 23 22 41 44
0 11 33 23 44 11
0 41 33 22 11 14
0 41 23 22 44 14
0 41 23 22 44 11
0 11 23 23 44 14
0 41 33 23 44 11
0 44 22 23 44 11
0 41 22 22 44 11
0 44 22 23 41 11
0 41 23 22 44 11
0 41 22 23 44 11
0 44 23 23 44 14
0 44 22 22 44 11
0 11 22 22 44 11
0 44 22 22 44 11
0 41 23 22 41 11
0 41 23 22 44 14
0 44 22 23 44 11
0 44 22 22 44 11
0 11 23 23 44 14
0 11 33 22 44 14
0 11 22 22 41 11
0 11 23 33 41 14
0 11 23 22 44 11
0 44 22 23 44 11
0 41 22 23 44 14
0 44 33 22 44 11
0 41 22 23 44 11
0 44 22 23 41 14
0 44 23 22 44 14
0 41 23 22 44 11
0 41 23 23 41 14
0 11 33 23 44 11
0 41 22 22 44 11
0 11 23 23 44 11
0 41 23 22 41 14
0 11 23 23 44 11
0 41 23 22 41 11
0 41 23 33 44 11
0 41 22 33 44 44
0 41 33 23 44 11
0 44 22 22 44 11
0 41 23 22 44 14
0 44 23 23 44 11
0 44 22 22 44 11
0 44 22 22 44 11
0 41 23 22 44 11
0 11 22 22 41 14
0 41 33 22 44 11
0 41 23 23 44 11
0 44 22 22 44 11
0 41 23 22 44 11
0 44 22 22 44 11
0 41 23 22 44 11
0 11 22 22 44 14
0 44 23 23 44 11
0 41 23 22 44 14
0 41 22 22 44 44
0 44 23 23 44 11
0 41 23 22 41 11
0 41 22 23 41 11
0 44 23 22 44 11
0 41 23 22 41 14
0 11 23 22 44 11
0 41 33 33 44 11
0 41 33 23 41 11
0 41 22 23 44 11
0 11 23 22 41 11
0 41 23 22 41 11
0 44 23 22 44 11
0 41 22 23 41 11
0 44 22 22 44 14
0 41 22 33 44 11
0 41 22 22 41 11
0 41 22 22 44 11
0 11 22 23 44 11
0 44 22 22 41 11
0 44 23 23 44 14
0 11 33 22 44 11
0 44 23 22 44 14
0 11 22 22 44 11
0 11 23 23 44 11
0 41 33 22 44 14
0 11 23 22 44 14
0 41 23 23 44 14
0 41 22 23 44 11
0 11 33 22 44 11
0 44 22 22 41 14
0 44 22 23 41 11
0 41 33 23 44 14
0 41 23 22 44 11
0 44 23 23 44 44
0 11 33 23 44 11
0 41 23 23 44 11
0 44 22 23 44 14
0 11 22 33 41 11
0 41 23 23 41 11
0 11 22 23 44 11
0 41 23 22 44 11
0 41 23 33 44 14
0 41 33 22 44 11
0 11 23 23 44 11
0 44 23 23 44 11
0 11 23 22 44 11
0 11 23 33 44 11
0 41 23 23 44 11
0 44 23 23 44 11
0 41 23 23 44 11
0 41 22 22 44 11
0 41 22 23 44 14
0 44 23 23 41 14
0 41 23 22 44 11
0 41 33 22 44 11
0 41 23 23 41 11
0 41 22 22 41 11
0 41 23 22 44 11
0 11 23 23 44 11
0 41 23 22 44 14
0 44 33 33 44 11
0 41 22 33 44 14
0 41 23 23 44 14
0 41 33 22 44 14
0 11 22 23 44 14
0 41 23 22 44 11
0 41 22 23 44 11
0 41 23 22 41 14
0 41 23 22 44 11
0 41 23 22 44 14
0 41 23 22 44 11
0 41 33 22 44 11
0 44 22 23 44 11
0 44 22 33 44 11
0 11 23 23 41 11
0 44 22 23 44 11
0 44 22 33 41 11
0 41 23 22 44 11
0 41 23 23 44 11
0 44 23 22 41 11
0 41 22 22 44 14
0 41 23 22 41 11
0 44 33 22 41 14
0 11 22 23 44 11
0 41 22 22 44 11
0 44 33 23 44 11
0 41 22 22 44 11
0 41 23 22 44 11
0 44 23 22 41 11
0 41 22 22 44 11
0 44 23 22 41 14
0 44 23 22 41 11
0 41 23 23 44 11
0 44 33 22 44 11
0 44 22 22 44 11
0 11 22 22 41 14
0 44 23 23 44 14
0 44 23 23 44 14
0 44 23 23 41 11
0 41 33 23 44 11
0 44 22 23 44 11
0 44 23 22 41 11
0 41 23 22 44 14
0 11 22 23 44 14
0 44 23 22 44 11
0 41 23 22 41 11
0 44 23 22 44 11
0 41 23 22 44 11
0 41 33 33 41 14
0 44 22 23 44 11
0 41 22 22 44 11
0 44 23 22 44 11
0 41 33 23 44 11
0 41 22 22 44 11
0 11 33 22 44 11
0 41 23 22 44 14
0 44 22 22 44 14
0 41 22 22 44 11
0 44 23 33 41 14
0 44 23 22 44 14
0 41 22 22 44 11
0 44 23 23 44 11
0 11 22 33 44 11
0 41 23 23 41 14
0 11 23 23 44 11
0 41 22 22 44 11
0 41 22 22 41 11
0 41 22 22 44 14
0 44 22 23 41 14
0 44 22 23 44 11
0 41 22 23 44 11
0 11 23 22 41 11
0 11 23 23 41 14
0 41 23 22 41 14
0 41 23 22 44 11
0 11 22 22 44 11
0 41 23 22 44 11
0 44 23 22 44 11
0 44 22 23 41 11
0 11 33 23 44 11
0 41 23 22 44 11
0 44 22 33 44 11
0 44 22 22 11 11
0 41 23 22 44 14
0 41 33 33 41 11
0 41 23 23 44 11
0 44 22 22 44 11
0 41 33 22 44 11
0 11 23 23 44 11
0 41 22 22 44 14
0 44 33 23 44 11
0 11 33 33 11 14
0 41 22 22 44 11
0 41 22 23 44 11
0 44 22 22 41 14
0 41 22 23 41 11
0 44 23 33 44 11
0 44 22 22 44 11
0 41 22 22 44 14
0 11 22 22 44 11
0 41 23 22 44 11
0 41 23 22 44 11
0 44 22 22 41 11
0 44 23 22 44 11
0 44 22 23 44 11
0 41 23 23 41 14
0 41 23 23 41 11
0 44 23 23 44 11
0 41 23 22 44 11
0 41 23 23 41 11
0 41 22 22 44 11
0 11 23 23 44 11
0 41 23 33 44 11
0 41 22 33 44 11
0 41 23 22 44 14
0 41 22 23 44 14
0 44 23 23 44 11
0 41 22 22 41 11
0 41 33 22 44 14
0 44 23 22 41 44
0 44 22 23 44 11
0 44 23 33 44 11
0 41 33 23 44 14
0 44 22 22 44 11
0 41 22 23 44 44
0 11 23 23 11 11
0 41 23 23 44 11
0 41 22 22 41 14
0 41 22 23 44 11
0 44 22 23 41 11
0 11 22 22 44 11
1 11 22 22 44 14
1 44 22 22 44 11
1 44 33 22 44 14
1 44 33 23 44 11
1 44 33 22 44 11
1 41 23 22 44 11
1 44 23 22 44 11
1 41 23 22 44 11
1 44 22 22 44 44
1 44 33 22 44 11
1 11 22 22 44 11
1 41 23 23 41 14
1 41 23 23 44 11
1 44 22 22 41 11
1 41 33 22 41 11
1 41 22 23 44 11
1 11 23 23 41 11
1 11 22 23 44 11
1 41 33 22 41 11
1 41 22 23 44 11
1 41 22 22 44 11
1 41 33 23 44 11
1 44 23 22 44 11
1 41 23 22 44 11
1 41 22 22 44 11
1 41 33 23 44 14
1 41 22 22 41 11
1 11 22 23 44 14
1 11 23 23 44 11
1 44 22 22 11 11
1 41 33 23 41 11
1 41 33 23 41 11
1 41 23 23 41 11
1 11 22 23 41 14
1 41 22 23 44 11
1 41 22 22 44 11
1 41 23 22 44 44
1 11 22 23 41 14
1 44 23 22 44 14
1 44 22 22 44 11
1 44 22 23 44 11
1 11 22 23 41 11
1 11 23 23 41 11
1 41 23 23 44 14
1 41 23 23 44 11
1 44 22 23 44 11
1 41 22 22 44 11
1 44 23 22 41 11
1 44 23 23 44 11
1 11 33 22 44 14
1 41 22 22 41 11
1 44 23 22 41 14
1 41 33 22 44 11
1 44 33 23 44 14
1 44 23 22 41 14
1 41 22 22 44 11
1 41 23 23 41 11
1 11 23 22 41 11
1 44 23 23 44 11
1 41 23 22 44 14
1 44 23 22 11 14
1 11 23 23 44 11
1 11 23 22 44 14
1 41 33 33 44 14
1 41 22 22 44 11
1 41 23 23 44 11
1 41 23 22 44 11
1 41 22 22 44 11
1 44 23 22 44 11
1 44 22 23 44 14
1 44 23 33 44 14
1 11 22 22 44 11
1 11 23 23 44 11
1 44 22 22 44 11
1 11 23 22 44 11
1 41 22 23 44 44
1 41 23 22 41 11
1 11 33 23 11 11
1 11 23 33 44 44
1 41 22 22 44 11
1 44 33 22 44 11
1 11 23 23 41 11
1 41 23 23 44 11
1 41 33 23 44 11
1 41 23 22 41 44
1 44 23 22 44 11
1 44 23 23 41 11
1 41 22 33 44 11
1 41 22 23 44 11
1 41 22 22 44 44
1 44 22 22 44 11
1 44 22 23 44 11
1 41 33 23 44 11
1 44 33 22 44 14
1 11 23 23 44 11
1 41 33 23 41 11
1 44 22 22 44 11
1 11 23 23 44 11
1 11 23 23 44 11
1 44 22 22 44 14
1 11 23 23 44 11
1 44 23 22 44 11
1 41 22 23 41 14
1 41 23 22 44 11
1 44 23 22 41 14
1 11 23 22 44 11
1 11 22 22 44 11
1 44 22 22 44 11
1 41 22 23 44 11
1 44 23 22 44 11
1 41 23 22 41 11
1 41 33 22 44 11
1 44 22 22 44 11
1 44 33 22 41 11
1 44 22 22 41 11
1 41 23 22 44 11
1 11 23 23 44 14
1 41 23 22 41 11
1 44 23 23 44 11
1 41 23 22 44 11
1 41 22 22 11 11
1 11 22 22 44 11
1 41 22 22 44 14
1 11 33 33 41 14
1 44 22 23 41 11
1 41 23 23 44 11
1 44 23 22 44 11
1 41 23 23 41 14
1 11 22 22 41 11
1 41 23 23 44 11
1 44 22 22 44 11
1 11 33 22 44 11
1 44 23 23 41 11
1 41 23 23 44 14
1 11 22 23 44 11
1 44 23 22 41 14
1 44 23 22 41 11
1 44 22 22 44 11
1 41 23 22 44 11
1 44 22 22 44 11
1 44 22 23 44 11
1 44 23 23 44 14
1 44 22 23 44 11
1 41 22 22 44 14
1 44 23 22 41 11
1 41 23 22 44 11
1 41 33 23 44 11
1 41 23 23 41 11
1 11 22 22 44 11
1 11 22 23 11 14
1 41 23 22 44 11
1 44 22 22 44 14
1 41 22 22 44 11
1 11 22 22 44 11
1 41 33 22 44 11
1 44 22 33 44 11
1 11 33 23 44 14
1 11 22 22 44 11
1 41 33 22 44 14
1 44 23 22 11 11
1 41 23 22 44 14
1 41 22 22 44 14
1 41 23 23 44 11
1 41 22 23 44 11
1 41 23 23 41 11
1 44 23 22 44 14
1 44 22 23 44 11
1 11 23 22 44 11
1 44 23 23 44 11
1 41 22 22 44 14
1 11 33 23 11 11
1 41 23 22 41 11
1 44 23 23 44 14
1 41 23 22 44 11
1 41 22 23 41 11
1 44 23 22 41 11
1 41 23 22 41 11
1 41 23 22 44 14
1 11 23 23 41 11
1 44 33 22 41 11
1 44 22 22 44 11
1 44 22 22 44 11
1 41 23 23 44 11
1 44 33 22 44 11
1 41 22 33 44 11
1 41 23 22 44 11
1 41 23 23 44 11
1 41 33 22 44 11
1 44 22 22 44 14
1 11 23 22 41 11
1 41 22 23 41 11
1 41 22 22 44 14
1 11 23 22 44 11
1 44 23 22 41 11
1 44 23 22 41 11
1 41 23 22 44 11
1 41 23 22 44 14
1 44 22 33 41 11
1 41 23 22 41 14
1 44 22 22 44 11
1 41 33 23 41 11
1 11 23 23 44 14
1 11 23 23 44 44
1 11 22 22 44 11
1 41 23 23 44 11
1 44 23 22 44 11
1 44 23 22 44 14
1 41 23 23 44 14
1 44 23 23 44 14
1 41 23 22 41 11
1 11 23 23 44 11
1 41 22 23 44 11
1 41 23 33 44 11
1 41 23 22 44 11
1 41 23 22 44 11
1 44 23 23 44 14
1 41 22 22 44 11
1 11 22 22 44 11
1 41 22 22 44 11
1 44 22 22 44 11
1 44 22 23 44 11
1 44 33 22 44 11
1 11 23 23 44 14
1 44 23 22 44 11
1 41 22 22 44 14
1 44 23 22 44 14
1 41 23 22 44 44
1 41 23 22 44 11
1 44 22 22 44 14
1 41 23 22 44 11
1 44 23 22 44 14
1 44 33 23 11 11
1 41 23 23 44 11
1 44 23 23 41 11
1 41 23 23 44 11
1 41 23 22 44 11
1 11 23 23 44 14
1 44 23 22 44 11
1 44 23 22 44 14
1 44 23 22 44 11
1 41 22 23 44 11
1 11 22 33 44 14
1 41 22 22 41 11
1 44 22 23 44 14
1 41 22 22 44 11
1 11 22 23 44 11
1 41 23 23 44 11
1 11 23 23 44 14
1 41 23 22 44 11
1 41 23 22 44 11
1 41 23 23 44 14
1 41 33 22 44 11
1 44 22 23 41 11
1 41 22 22 44 11
1 41 33 22 44 14
1 44 22 23 44 11
1 44 33 23 44 14
1 41 23 23 44 11
1 44 23 22 41 11
1 44 22 22 44 11
1 44 23 33 44 14
1 11 22 23 44 14
1 44 22 22 44 11
1 44 23 23 44 14
1 41 22 22 44 11
1 44 23 22 44 11
1 41 23 22 41 11
1 41 22 22 41 11
1 41 23 23 44 11
1 41 22 22 44 14
1 11 23 22 41 14
1 41 23 22 44 11
1 41 22 23 44 11
1 44 33 22 41 11
1 11 23 23 44 11
1 11 22 23 41 11
1 44 33 22 44 14
1 41 23 23 44 14
1 11 22 23 44 11
1 41 22 22 44 14
1 11 22 22 41 11
1 41 23 22 44 11
1 41 23 22 44 14
1 41 22 22 41 14
1 41 23 23 44 11
1 41 23 33 44 44
1 44 22 22 44 11
1 44 33 22 41 11
1 41 23 22 44 14
1 41 23 22 44 11
1 41 23 22 44 11
1 44 23 22 44 11
1 41 33 33 44 11
1 44 22 22 41 11
1 11 22 22 44 11
1 41 22 23 44 11
1 41 22 22 44 14
1 41 22 22 44 11
1 44 23 33 41 11
1 41 33 22 44 11
1 41 22 22 44 11
1 41 23 22 41 14
1 44 22 22 41 11
1 41 22 33 41 11
1 41 23 23 44 14
1 44 23 23 41 11
1 11 22 23 44 11
1 44 22 22 44 14
1 11 23 23 41 11
1 44 23 22 44 14
1 44 23 22 44 11
1 41 23 22 41 11
1 44 33 23 44 11
1 41 22 23 44 11
1 41 22 22 41 11
1 11 23 22 44 11
1 44 23 23 44 14
1 41 33 33 44 11
1 11 22 22 44 14
1 44 22 22 44 11
1 41 23 23 44 14
1 41 33 33 44 11
1 11 23 22 44 11
1 44 22 22 44 11
1 44 22 22 44 11
1 41 22 23 44 14
1 44 23 22 41 11
1 11 22 22 41 11
1 41 22 23 44 44
1 44 23 23 44 14
1 41 33 22 41 11
1 41 33 23 44 14
1 41 23 22 44 11
1 41 33 23 44 11
1 44 22 22 44 11
1 44 23 22 44 11
1 11 23 23 44 11
1 41 22 22 44 11
1 44 22 22 44 11
1 44 33 23 44 11
1 41 23 22 44 11
1 41 23 22 44 11
1 41 23 22 44 11
1 44 23 23 44 11
1 41 23 33 44 11
1 41 33 22 44 11
1 41 23 33 41 11
1 41 22 23 44 11
1 11 23 23 44 11
1 41 22 23 44 11
1 41 23 22 41 14
1 41 23 22 41 14
1 41 23 22 44 11
1 41 22 23 44 11
1 44 22 33 44 11
1 41 23 23 44 11
1 44 22 22 44 11
1 41 22 23 44 11
1 44 23 22 41 14
1 44 22 23 44 11
1 11 33 22 44 11
1 11 23 22 44 11
1 41 22 23 44 11
1 44 33 22 44 11
1 44 23 23 44 11
1 41 22 23 44 11
1 41 22 22 44 44
1 44 23 22 44 11
1 11 23 23 41 11
1 41 23 22 44 11
1 44 23 22 44 14
1 41 22 22 41 11
1 11 23 22 44 14
1 44 22 22 44 11
1 44 22 23 44 11
1 41 22 23 44 11
1 11 33 22 44 11
1 41 22 23 44 11
1 44 22 22 44 11
1 41 22 22 44 11
1 41 23 23 41 11
1 41 23 23 44 11
1 41 33 33 44 11
1 41 23 23 44 11
1 44 23 23 44 44
1 44 22 22 44 11
1 44 33 22 44 14
1 41 23 22 44 11
1 44 22 23 44 11
1 11 23 22 41 14
1 44 33 22 11 11
1 44 23 22 44 11
1 41 23 23 44 11
1 41 23 22 44 11
1 44 22 23 44 11
1 11 23 33 44 11
1 41 22 22 41 11
1 11 23 22 44 11
1 44 23 22 44 11
1 41 23 23 41 14
1 11 22 23 41 11
1 44 33 22 41 11
1 41 22 22 44 14
1 41 23 23 44 11
1 41 22 22 44 14
1 44 22 23 44 11
1 44 23 22 41 14
1 41 23 22 44 14
1 44 23 23 41 11
1 41 33 23 44 11
1 41 23 23 44 11
1 44 23 22 44 11
1 41 23 22 41 11
1 44 23 23 41 11
1 41 22 23 44 11
1 41 23 23 44 14
1 44 23 22 44 11
1 41 22 23 44 11
1 41 23 22 41 14
1 44 22 22 44 11
1 41 33 22 41 11
1 11 33 22 41 11
1 44 33 23 44 14
1 44 23 22 44 14
1 41 22 23 41 11
1 41 23 22 44 14
1 11 23 23 41 14
1 41 22 22 41 11
1 11 22 22 44 11
1 44 22 22 44 11
1 41 23 22 41 11
1 11 23 33 44 11
1 44 23 23 44 14
1 41 22 22 44 11
1 44 23 22 44 14
1 41 23 22 44 14
1 41 22 23 44 11
1 41 23 22 44 14
1 41 23 23 44 11
1 41 23 33 44 11
1 41 22 23 11 11
1 11 23 23 44 14
1 44 23 22 44 14
1 41 33 22 44 11
1 41 22 22 11 11
1 41 23 22 44 11
1 41 22 22 41 11
1 41 22 22 44 11
1 11 23 22 44 11
1 44 33 23 44 14
1 44 22 23 44 14
1 44 23 22 44 11
1 44 23 33 41 11
1 41 22 22 44 11
1 11 22 23 44 11
1 41 33 22 44 11
1 41 22 23 44 11
1 41 22 22 41 11
1 41 22 23 41 11
1 41 22 22 44 11
1 44 33 23 44 11
1 44 33 22 41 11
1 44 23 22 44 14
1 41 22 22 44 11
1 44 22 23 44 14
1 44 22 22 44 11
1 11 23 23 44 14
1 41 22 23 44 11
1 44 23 22 44 14
1 44 22 22 41 11
1 41 23 22 44 11
1 41 23 23 41 11
1 11 22 22 41 11
1 41 22 23 41 11
1 41 22 33 44 11
1 44 22 22 44 11
1 41 23 22 44 14
1 44 23 23 41 11
1 11 23 23 44 11
1 41 22 23 44 11
1 41 22 23 44 11
1 41 22 33 41 11
1 44 23 22 44 11
1 11 22 22 44 11
1 41 22 22 44 14
1 44 23 23 44 14
1 44 23 23 41 11
1 41 22 23 44 11
1 44 23 33 44 14
1 11 23 23 44 11
1 44 22 22 44 11
1 11 23 22 41 11
1 44 22 22 41 11
1 41 22 23 44 14
1 11 23 33 44 11
1 41 23 22 44 11
1 44 23 23 41 11
1 41 22 22 41 11
1 44 22 23 41 11
1 41 23 22 44 11
