 rs16833316 rs10157877 rs10799080 rs2761067 rs1321117 rs1852995 rs3934202 rs10799083 rs12142410 rs12142439 rs2064648 rs7530575 rs6701005 rs10493043 rs4949548 rs12049424 rs4949550 rs2377060 rs6425881 rs12072928 rs4245643 rs11802730 rs10799085 rs4381243 rs12732380 rs16833396 rs7516871
0 22 41 32 44 41 32 44 23 14 14 11 23 23 23 22 42 33 31 14 24 14 14 11 14 32 31 41
0 22 44 33 44 44 33 44 22 11 11 11 23 22 23 23 44 33 33 14 22 11 11 11 11 33 33 41
0 22 44 33 44 44 33 44 22 11 11 11 22 22 23 22 44 33 33 14 22 11 11 11 11 32 33 41
0 23 41 32 44 41 32 44 23 14 14 13 23 22 23 23 42 32 31 14 24 44 14 14 14 32 31 41
0 22 44 33 44 44 33 44 22 11 11 11 22 22 22 22 44 33 33 11 22 11 11 11 11 33 33 44
0 22 44 33 44 44 32 44 22 11 14 11 23 22 22 22 44 33 33 14 24 14 14 11 11 33 33 44
0 22 11 32 22 44 32 44 23 11 11 13 33 22 33 33 44 33 33 44 22 11 14 11 44 22 31 41
0 22 44 33 42 44 33 44 22 11 44 11 22 22 23 23 44 32 33 14 22 11 11 11 11 32 33 44
0 22 41 22 42 41 32 44 22 44 14 11 33 22 33 23 42 33 31 14 22 11 14 11 14 32 33 41
0 22 44 32 42 44 32 44 23 14 14 11 23 23 23 22 42 32 33 14 22 14 11 11 14 33 31 44
0 22 41 33 44 44 32 44 22 14 11 11 22 22 22 22 44 33 31 44 22 14 14 11 11 32 33 41
0 22 44 33 44 44 33 44 22 11 14 11 22 22 22 22 44 33 33 11 22 11 11 11 11 33 33 41
0 23 41 32 42 41 32 41 23 14 14 11 23 23 23 23 42 32 33 14 24 14 14 14 14 32 31 41
0 23 44 32 42 41 32 44 23 14 14 13 23 23 22 23 42 32 33 44 24 11 14 11 14 32 31 41
0 22 41 33 44 44 33 44 22 11 11 11 22 22 22 22 44 33 33 11 22 11 11 11 14 33 33 41
0 23 11 22 22 41 22 11 23 14 44 33 33 23 33 33 22 32 11 44 44 44 44 11 44 22 11 41
0 23 11 22 42 11 32 41 33 44 44 33 33 33 33 23 22 33 11 14 44 44 44 44 44 22 11 11
0 22 44 33 44 44 33 44 22 11 11 11 23 22 22 22 44 33 33 11 22 14 14 11 11 33 33 44
0 23 41 32 42 41 32 41 22 14 14 13 33 23 33 23 22 33 11 14 24 44 44 44 44 22 31 11
0 22 44 33 44 44 33 41 22 11 11 11 22 22 22 22 44 33 33 11 22 11 11 11 11 33 33 44
0 23 41 22 42 44 32 41 23 44 44 13 23 23 23 23 22 32 31 44 44 11 44 14 14 22 11 41
0 22 41 32 42 41 32 41 23 14 14 13 23 23 23 23 42 32 31 14 24 14 14 14 14 32 31 41
0 23 41 32 42 41 32 44 23 14 44 13 33 23 33 23 42 32 31 44 44 44 14 11 14 33 31 41
0 22 44 33 42 44 32 44 23 14 14 11 23 23 22 22 42 33 33 14 24 14 14 11 11 32 31 41
0 22 44 32 42 44 33 44 22 11 44 11 22 22 33 23 42 33 33 14 24 44 44 11 14 22 33 41
0 23 44 33 44 44 33 41 22 14 14 11 23 22 23 23 42 32 33 11 24 14 14 11 11 32 33 41
0 23 41 32 44 41 33 44 22 11 11 11 23 22 22 22 42 33 33 11 24 11 11 11 14 22 33 44
0 33 41 22 42 41 22 41 33 44 44 13 33 23 33 23 22 32 31 44 44 44 44 14 14 22 11 11
0 22 44 33 44 44 33 44 22 11 11 11 23 22 22 22 44 33 33 11 22 11 11 11 11 32 33 41
0 33 41 22 22 11 32 41 23 44 44 11 33 33 33 33 22 32 11 44 44 44 44 14 44 22 11 11
0 22 44 33 44 44 33 44 22 11 14 11 33 22 22 22 22 33 33 11 22 14 11 11 11 33 33 44
0 33 41 33 42 41 32 44 22 11 44 11 33 22 23 33 44 32 33 44 24 14 44 11 14 32 31 44
0 23 44 33 42 44 33 44 22 14 11 11 33 22 22 23 42 32 33 11 22 14 11 11 11 33 33 44
0 23 41 32 42 11 32 41 33 14 14 13 33 23 33 23 42 32 31 44 24 44 14 14 44 22 31 11
0 23 44 32 42 44 32 41 22 14 14 11 23 23 33 23 42 33 31 14 22 11 44 11 14 32 11 41
0 22 44 33 44 41 33 44 23 14 14 11 23 22 22 22 42 33 31 14 22 14 14 11 14 33 31 41
0 33 11 32 42 41 32 44 33 44 44 13 33 23 33 22 22 32 11 44 44 14 44 14 44 22 11 11
0 22 41 33 44 41 32 44 23 11 14 11 23 22 23 22 42 33 33 11 24 11 11 14 14 33 33 44
0 22 41 33 44 44 33 44 22 11 11 11 23 22 22 22 44 33 33 11 24 11 14 11 14 33 33 44
0 33 44 32 44 44 32 41 22 44 44 11 23 23 23 33 42 32 31 44 24 44 44 14 44 22 33 41
0 22 44 32 44 44 32 41 22 14 11 11 23 23 22 22 42 33 33 11 22 11 14 11 14 22 33 41
0 23 41 32 44 41 32 41 23 14 14 13 23 23 23 23 42 32 33 44 24 14 14 14 14 32 31 41
0 23 44 33 44 44 32 41 22 11 11 11 23 22 23 23 44 33 33 14 24 44 14 11 11 32 31 41
0 33 11 32 42 41 32 41 33 14 44 13 33 33 33 23 22 32 11 14 44 44 44 14 44 22 11 11
0 23 41 32 44 44 33 44 22 14 44 11 33 22 23 22 42 32 31 14 22 11 11 11 11 33 31 44
0 22 44 33 44 44 33 44 22 11 11 11 22 22 22 22 44 33 33 11 22 11 11 11 11 33 33 44
0 22 41 32 42 44 33 44 22 11 11 11 23 22 22 23 44 33 31 14 22 44 11 11 14 32 33 44
0 23 44 32 42 41 33 44 22 14 14 11 22 22 22 33 42 33 33 14 22 14 14 11 14 22 33 41
0 22 41 32 42 44 32 44 22 14 14 11 23 22 23 23 42 32 33 14 24 11 14 14 14 32 31 41
0 22 44 33 44 44 33 44 22 11 11 11 22 22 22 22 44 33 33 11 22 11 11 11 11 33 33 44
0 22 41 32 44 41 33 44 22 14 11 11 23 22 23 23 42 33 33 14 22 11 14 11 14 22 33 41
0 23 41 32 44 44 33 44 22 14 14 11 23 22 23 23 42 32 31 11 24 11 14 11 11 33 31 41
0 23 44 22 44 11 32 41 23 44 44 11 23 23 33 33 42 22 33 44 24 44 14 14 44 22 31 11
0 33 41 33 42 44 32 41 23 14 44 11 23 33 33 22 22 33 11 14 24 14 14 14 14 32 31 11
0 23 41 32 44 41 32 44 23 11 14 11 23 23 22 23 44 33 33 14 24 14 14 14 14 32 31 41
0 22 41 32 44 41 33 44 22 14 14 11 23 22 22 22 42 33 33 11 22 14 14 14 14 32 31 41
0 22 41 33 44 44 33 44 23 11 14 11 23 22 22 33 44 33 33 14 22 11 11 11 11 22 31 44
0 22 44 32 22 41 32 44 23 14 14 11 23 23 23 22 42 33 33 14 24 14 14 14 14 33 33 41
0 33 11 32 42 41 32 41 23 14 14 13 23 23 33 23 22 32 31 14 44 14 44 14 44 32 31 41
0 23 41 32 42 41 32 41 23 14 14 13 23 22 23 23 42 32 33 44 24 14 14 14 14 32 31 41
0 33 11 32 22 11 32 44 33 44 44 13 33 33 33 33 22 22 33 44 44 44 44 44 44 22 11 11
0 22 44 33 44 44 33 44 23 44 14 11 23 22 23 23 44 33 31 11 24 14 14 11 11 22 33 41
0 22 44 33 44 44 33 41 22 11 11 11 22 22 22 23 44 33 33 14 22 14 11 11 11 33 33 44
0 23 41 32 42 41 32 41 23 14 14 13 23 23 23 23 42 32 31 14 24 14 14 14 14 32 31 41
0 22 44 33 44 44 33 44 22 11 11 11 22 22 22 22 44 33 33 11 22 11 11 11 11 33 33 44
0 23 44 32 22 41 32 41 33 14 14 11 23 22 23 33 42 32 33 14 22 11 14 14 14 32 31 11
0 23 11 32 42 11 22 41 23 44 44 13 33 33 33 33 22 22 33 44 44 14 14 14 14 22 11 11
0 22 44 32 44 41 33 44 22 14 14 11 33 22 23 22 44 33 33 14 22 14 14 11 14 22 33 11
0 22 44 33 44 44 33 44 22 14 11 11 23 22 22 23 44 33 33 14 24 11 14 14 14 32 31 44
0 23 41 32 42 41 32 41 23 14 14 13 23 23 23 23 42 32 31 14 24 14 14 14 14 32 31 41
0 33 41 22 44 44 32 41 23 11 44 11 33 33 33 33 44 32 31 44 24 44 44 14 44 32 31 11
0 22 44 32 42 41 33 44 22 14 11 11 23 22 22 22 44 33 33 11 22 11 14 11 11 33 31 41
0 22 44 33 44 44 33 44 22 11 11 11 23 22 22 22 42 33 33 11 22 14 14 11 14 32 33 41
0 22 44 32 42 41 33 44 23 14 14 13 23 22 23 22 42 32 33 14 24 14 14 14 14 32 31 41
0 22 44 32 42 44 33 44 22 14 11 11 33 22 33 22 44 33 33 11 22 14 14 11 11 32 33 41
0 22 11 32 44 44 33 44 22 14 11 11 33 23 33 23 44 33 33 11 22 14 14 14 11 22 33 11
0 22 41 33 42 41 32 41 22 14 44 33 33 22 33 33 42 33 33 14 22 14 44 11 11 32 33 44
0 22 41 32 42 41 32 44 23 14 14 11 23 22 23 23 42 32 31 14 24 14 14 11 14 22 31 41
0 22 44 32 44 44 33 44 22 11 11 11 22 22 22 22 44 33 33 11 22 11 11 11 11 33 33 44
0 23 41 33 42 44 33 41 23 14 14 11 23 22 23 23 42 32 33 14 24 14 14 14 11 32 31 41
0 22 44 33 44 44 33 44 22 11 11 11 23 22 22 22 44 33 33 11 22 11 11 11 11 33 33 44
0 23 41 32 22 44 32 41 23 44 14 13 33 23 23 23 22 32 31 14 44 44 44 14 14 32 31 41
0 23 11 22 22 41 22 11 33 44 44 33 23 23 33 23 22 22 11 44 44 14 44 14 44 22 11 11
0 22 44 32 44 41 33 44 22 14 14 11 23 22 22 22 22 33 33 44 24 11 11 14 14 32 31 41
0 22 41 33 44 44 33 44 22 11 11 11 22 22 22 22 44 33 33 11 22 14 11 11 14 32 33 44
0 23 41 32 22 11 22 41 23 14 44 13 23 23 33 23 42 33 33 14 24 44 44 14 44 22 11 41
0 22 44 33 42 44 33 41 23 11 14 11 23 22 23 22 42 33 31 11 22 11 11 11 14 22 33 41
0 33 11 22 22 11 22 11 33 44 44 13 33 33 23 33 22 32 31 44 44 44 44 14 44 22 31 11
0 22 44 33 44 44 33 44 22 11 11 11 23 22 22 22 42 33 31 11 22 11 14 11 11 33 31 44
0 23 44 33 44 44 33 44 22 11 14 11 23 22 23 22 44 33 33 14 22 11 11 11 14 32 33 44
0 23 41 32 22 41 32 41 23 14 44 33 23 23 23 23 22 32 31 14 24 14 14 14 14 22 11 41
0 23 41 33 44 41 33 44 22 11 11 11 23 22 22 23 42 33 31 14 22 11 14 11 14 32 31 44
0 22 41 32 44 44 33 44 22 14 14 11 23 22 23 22 42 33 33 44 24 11 11 14 14 22 33 44
0 23 41 32 44 41 33 41 23 14 14 11 23 22 23 23 42 33 33 11 22 14 11 11 14 32 33 44
0 23 41 32 42 41 33 41 23 14 14 13 23 23 23 23 42 33 31 14 24 14 14 14 14 32 31 41
0 23 41 33 44 44 32 44 22 11 14 11 23 23 22 23 44 32 31 14 22 11 11 11 11 33 31 41
0 23 41 32 42 41 32 41 23 14 14 13 23 23 23 23 42 32 31 14 24 14 14 14 14 32 31 41
0 23 41 32 42 41 32 41 22 14 14 13 23 22 23 23 42 32 31 14 24 14 14 14 14 32 31 41
0 23 41 33 42 44 32 44 22 14 14 13 33 23 23 23 44 32 33 14 22 14 14 11 14 33 31 41
0 22 44 33 44 44 33 44 22 11 11 11 22 22 22 22 44 33 33 11 22 11 11 11 11 33 33 44
0 22 44 33 44 44 33 44 22 11 11 11 23 22 22 23 44 33 33 11 22 11 14 11 14 33 33 44
0 22 11 33 44 44 22 44 22 44 14 11 33 22 23 23 42 32 31 14 24 14 14 11 14 32 31 41
0 23 11 32 42 11 32 41 23 14 14 11 33 23 33 23 42 32 31 14 24 14 14 14 14 32 31 41
0 23 44 33 44 41 33 41 22 11 14 11 23 22 23 23 42 33 33 11 22 11 11 11 11 33 31 41
0 22 41 33 44 44 33 44 22 11 11 11 22 22 23 22 44 33 33 11 24 11 11 11 11 33 33 44
0 22 11 33 44 41 32 44 23 44 14 11 23 22 23 33 42 33 31 44 44 14 14 11 14 22 33 41
0 22 44 33 44 44 33 44 22 14 14 11 22 22 22 22 44 33 33 11 22 11 11 11 11 33 31 41
0 23 41 32 42 41 32 11 23 44 14 33 23 23 23 23 42 32 31 44 44 14 14 14 44 32 31 41
0 22 41 32 44 44 33 44 22 11 11 11 22 22 22 22 44 33 33 11 22 11 11 11 11 32 33 44
0 22 44 33 44 44 33 44 22 11 11 11 22 22 22 22 44 33 33 11 22 11 11 11 11 33 33 44
0 22 41 32 44 41 32 41 22 14 14 11 23 23 23 23 42 32 33 11 24 14 14 11 14 32 31 41
0 22 44 32 22 41 32 44 23 44 14 13 23 22 23 23 42 32 33 14 24 14 14 14 44 32 31 44
0 23 41 32 42 44 32 41 23 14 14 13 33 23 33 23 42 32 33 14 24 14 14 14 14 22 31 41
0 33 41 32 42 41 22 41 33 14 14 13 23 23 23 23 22 32 33 44 24 14 14 44 14 22 31 41
0 23 41 32 42 41 32 41 23 14 14 13 23 22 23 23 42 33 31 44 24 11 14 14 14 32 31 41
0 23 41 32 42 41 32 41 23 14 44 13 33 23 33 23 42 32 31 14 24 14 14 14 44 32 31 41
0 33 11 22 22 41 22 44 23 44 14 13 33 23 33 22 22 22 31 44 24 44 44 14 44 22 31 11
0 22 44 22 44 11 33 41 33 14 44 33 23 22 33 33 42 32 33 44 22 44 14 11 14 32 31 41
0 23 41 32 42 44 32 44 22 14 14 13 33 22 23 23 22 32 33 14 24 14 14 11 14 32 31 41
0 23 41 32 42 44 33 44 22 44 44 13 33 22 23 33 42 33 33 14 44 14 44 11 14 22 31 41
0 22 44 33 44 44 33 44 22 11 11 11 23 22 22 22 44 33 33 14 22 11 11 11 11 33 33 44
0 22 41 33 44 44 33 44 22 14 11 11 23 22 22 22 44 33 33 14 22 11 11 11 11 32 31 41
0 33 11 32 22 11 22 41 33 44 44 13 33 33 33 33 22 32 31 44 44 44 44 14 14 22 11 11
0 33 44 32 44 44 33 44 23 14 14 11 33 22 23 22 42 33 33 11 22 11 11 11 14 22 33 44
0 22 41 33 44 44 33 44 22 11 11 11 23 22 23 23 44 33 33 14 22 14 11 11 11 32 31 44
0 23 41 32 42 41 32 41 23 14 44 13 33 23 23 23 22 33 31 44 24 44 44 14 14 32 31 41
0 23 41 32 42 41 32 41 22 14 14 11 23 22 23 22 44 32 33 11 44 14 14 11 14 32 11 41
0 22 44 33 44 44 33 44 22 14 14 11 22 22 22 22 44 33 33 11 22 11 11 11 11 33 33 44
0 23 41 32 42 41 32 41 22 14 44 13 33 23 23 23 42 22 31 14 24 14 14 14 14 22 31 41
0 23 41 32 42 44 33 44 23 44 14 13 23 23 23 23 42 33 33 14 24 14 44 11 14 22 31 41
0 23 44 32 44 44 32 44 22 14 11 11 22 22 23 22 42 32 33 14 22 11 14 11 11 32 31 41
0 22 11 32 42 44 33 41 23 11 14 13 33 22 33 22 42 33 31 14 44 44 14 11 14 22 31 11
0 23 41 32 42 41 32 41 22 14 44 11 23 23 23 33 42 33 33 14 24 14 14 14 14 32 31 41
0 23 41 32 42 41 32 41 23 14 14 11 33 22 23 33 42 33 33 11 24 14 14 14 14 32 31 41
0 22 41 33 44 41 33 44 22 11 44 11 33 22 33 22 42 33 33 14 24 14 14 11 44 22 31 41
0 22 41 33 44 44 33 44 22 14 11 11 22 22 22 22 44 33 33 14 22 11 14 11 14 33 33 44
0 33 41 32 44 41 33 44 22 14 14 13 33 22 23 33 22 33 33 44 44 44 14 11 44 32 11 11
0 22 44 33 44 44 33 44 22 14 11 11 22 22 23 23 42 33 33 11 22 11 14 11 11 32 31 44
0 22 44 32 44 44 32 44 22 14 14 11 23 22 23 23 44 33 33 11 22 14 14 11 14 32 33 41
0 22 44 33 44 44 33 44 22 11 14 11 22 22 22 22 44 33 33 11 22 11 11 11 11 33 33 44
0 22 44 33 44 44 33 44 22 11 11 13 22 22 23 22 42 33 33 14 22 11 14 14 14 33 31 11
0 23 11 32 44 44 32 44 22 44 14 11 23 23 33 33 42 33 33 44 22 44 14 11 14 22 33 44
0 22 44 33 44 44 33 44 22 11 44 11 22 22 23 22 44 33 33 11 22 11 14 11 11 33 33 44
0 23 44 32 42 44 33 44 22 14 14 13 22 22 23 22 44 32 31 14 22 14 14 11 11 33 31 41
0 23 41 32 44 11 32 44 22 14 44 13 33 23 23 22 42 32 31 14 44 14 44 14 14 22 31 11
0 22 44 33 42 44 32 44 23 14 14 11 23 23 23 23 44 33 31 11 24 14 11 14 11 32 31 41
0 22 44 33 44 44 33 44 22 11 11 11 22 22 23 22 44 33 33 11 22 11 11 11 11 33 33 44
0 22 44 33 44 44 33 44 22 11 11 11 23 22 22 22 44 33 33 11 22 11 11 11 11 33 33 44
0 22 41 32 42 41 32 44 22 14 14 11 22 22 22 22 44 33 33 14 22 14 11 14 11 32 33 44
0 22 44 32 44 44 33 44 22 44 14 11 23 22 23 23 44 33 33 14 24 14 14 11 11 32 33 44
0 23 41 32 42 41 32 41 23 14 14 13 23 23 23 23 42 32 31 14 24 14 14 14 14 32 31 41
0 23 41 22 22 11 22 41 22 44 44 13 33 23 23 33 22 32 31 44 44 44 44 14 44 32 11 11
0 22 44 33 44 44 33 44 22 11 11 11 22 22 22 22 44 33 33 11 22 11 11 11 11 32 33 44
0 22 44 33 44 44 33 44 22 11 14 11 22 22 23 23 44 33 33 11 22 11 11 11 11 33 33 44
0 22 41 33 44 44 33 44 22 14 11 11 22 22 22 22 42 33 33 11 22 11 11 11 11 33 33 44
0 22 44 32 44 41 32 44 23 11 14 11 23 23 23 22 42 33 33 14 22 14 14 11 14 32 31 41
0 22 44 32 44 44 33 44 22 11 11 11 23 22 22 23 44 33 33 11 22 11 11 11 11 32 31 41
0 22 44 32 44 41 32 44 23 14 44 13 22 22 33 22 22 33 33 14 22 11 11 11 14 32 31 44
0 22 41 32 44 44 33 44 22 11 11 11 22 22 22 23 44 33 33 11 22 11 11 11 11 33 31 44
0 23 44 33 42 41 22 41 22 14 44 13 33 22 23 22 42 33 31 14 24 44 14 14 14 22 31 41
0 22 44 33 44 44 33 44 22 11 11 11 23 22 23 22 44 33 33 11 22 11 11 11 11 33 33 44
0 22 41 32 44 41 32 44 23 44 44 13 33 22 23 22 22 22 33 44 44 14 14 44 44 22 31 41
0 22 11 22 22 11 32 44 23 44 14 11 33 22 33 23 42 32 11 44 24 11 14 14 44 22 31 11
0 33 11 22 42 11 22 41 23 44 44 33 33 22 33 33 22 22 11 44 44 14 44 14 44 22 11 11
0 33 41 32 22 41 22 41 33 44 14 13 33 23 23 33 22 32 31 14 44 44 44 44 44 22 11 41
0 22 41 32 42 44 33 44 23 11 14 11 33 22 23 22 42 33 33 11 24 14 14 11 14 33 11 11
0 23 44 33 44 44 33 44 22 11 11 11 23 22 22 22 44 33 33 14 22 11 11 11 11 33 31 44
0 23 41 32 42 41 33 44 23 14 14 13 33 23 33 23 42 32 33 44 44 44 14 44 14 22 31 11
0 22 41 32 44 44 33 44 22 11 14 11 23 23 23 22 42 33 33 14 22 14 14 14 11 33 31 41
0 22 41 32 42 41 33 44 22 14 14 11 23 22 22 22 44 33 33 14 24 11 11 11 11 32 33 41
0 23 41 32 42 44 33 44 23 14 44 11 33 22 23 23 22 32 31 14 24 11 14 14 14 22 33 41
0 22 11 32 44 41 33 41 22 14 44 13 33 22 33 23 42 33 31 14 22 44 44 14 14 32 31 11
0 23 41 32 42 41 32 44 23 14 14 11 23 22 23 23 42 33 33 11 24 14 14 11 14 32 33 41
0 23 41 32 42 44 32 44 22 14 14 11 23 22 23 22 44 33 31 11 24 14 11 14 14 32 31 41
0 22 44 33 44 44 32 44 22 14 11 11 23 22 22 22 44 33 33 14 22 14 11 11 14 33 33 44
0 23 44 32 44 44 33 44 22 14 14 11 33 23 22 23 44 33 33 14 22 44 11 11 44 32 33 11
0 22 41 32 42 41 32 44 22 14 14 13 33 22 33 33 22 33 31 44 44 14 44 44 44 22 31 11
0 22 44 33 44 44 32 44 22 44 44 13 33 23 22 23 44 32 31 14 24 14 11 11 14 32 31 41
0 23 41 32 42 41 32 41 23 14 14 13 23 22 23 23 42 32 31 44 24 14 11 11 14 32 31 41
0 22 44 32 42 44 33 44 22 14 44 11 33 22 23 22 22 33 33 14 24 11 11 14 14 33 31 41
0 23 44 33 42 44 33 44 22 11 14 11 22 22 23 23 44 32 33 11 24 14 11 11 14 32 31 44
0 22 44 33 44 44 33 44 22 11 11 11 22 22 23 22 44 33 33 14 22 14 14 11 11 33 33 41
0 22 44 33 44 44 33 44 22 14 14 11 33 22 22 22 42 33 33 14 24 14 14 14 11 32 33 44
0 22 44 32 42 44 33 44 22 14 14 11 22 22 23 23 42 33 33 44 22 14 11 14 14 32 31 44
0 22 41 33 42 44 33 44 23 14 11 13 23 22 23 22 42 33 31 14 22 11 11 11 14 22 31 44
0 22 44 32 42 41 33 11 22 44 14 11 33 22 33 33 44 33 31 11 24 14 11 14 44 32 33 41
0 22 44 33 44 44 33 44 22 11 11 11 23 22 23 23 44 33 33 14 22 11 11 11 11 33 33 44
0 22 41 32 44 44 33 41 23 11 14 11 22 22 23 23 44 32 33 14 24 11 14 11 14 32 33 44
0 22 44 32 44 44 32 44 22 14 14 11 22 23 22 22 42 33 33 11 22 11 11 11 14 32 31 41
0 23 44 32 42 44 32 44 23 14 14 11 23 23 23 23 42 33 33 14 22 14 14 11 14 32 33 41
0 22 11 22 22 44 22 11 23 44 14 11 33 23 33 33 42 32 31 44 44 14 14 44 44 32 11 11
0 22 44 32 42 41 22 44 22 44 14 11 33 22 23 23 42 33 31 14 24 14 11 14 14 32 31 41
0 23 11 32 42 41 32 41 23 14 14 11 23 22 23 23 22 33 33 14 24 11 44 14 44 22 11 11
0 22 44 33 44 44 33 44 22 11 11 11 22 22 22 22 44 33 33 11 22 11 11 11 11 33 31 44
0 23 41 33 44 44 33 44 23 44 44 11 23 22 23 23 42 33 31 14 22 14 14 11 11 22 31 41
0 22 44 33 42 41 33 44 22 14 11 11 23 23 22 22 42 33 33 14 22 11 14 11 14 32 31 41
0 23 44 33 44 44 32 44 22 11 11 11 33 22 23 22 44 32 33 14 44 11 11 11 14 33 31 44
0 22 44 33 44 44 33 44 22 11 11 11 23 22 22 23 44 33 33 11 24 14 11 11 14 32 33 41
0 23 41 33 44 44 33 41 22 14 11 11 23 22 23 22 42 32 33 14 22 14 14 11 14 22 33 44
0 22 44 32 44 44 33 44 22 11 11 11 22 22 22 22 44 33 33 11 22 11 11 11 11 33 33 44
0 23 11 32 42 41 32 44 23 14 14 13 33 23 23 23 42 32 31 44 24 44 14 14 44 22 31 41
0 23 41 22 42 41 32 41 22 14 14 11 23 23 23 23 42 33 31 11 22 14 14 11 44 32 31 44
0 22 41 32 42 44 22 44 22 44 14 13 22 22 22 23 42 32 33 14 24 14 14 11 11 32 31 41
0 22 44 33 44 44 33 44 22 14 11 11 22 22 22 22 42 33 33 14 22 14 11 14 11 33 33 44
0 22 44 33 44 44 33 44 22 11 11 11 22 22 22 22 44 33 33 11 22 11 11 11 14 33 31 44
0 33 11 22 42 11 32 41 23 44 44 13 33 22 33 33 22 32 31 14 24 44 44 14 44 22 11 41
0 22 41 33 42 41 32 44 23 11 14 11 22 23 23 23 44 32 33 14 22 14 14 11 14 32 31 41
0 22 44 33 44 44 33 44 23 14 14 11 22 22 22 22 44 33 33 11 22 11 11 11 11 32 33 41
0 22 44 33 44 41 33 44 22 44 11 11 33 22 22 22 42 33 33 14 22 11 11 11 11 33 33 44
0 23 41 32 42 41 32 41 23 14 14 11 23 22 23 23 42 32 31 14 24 14 14 14 14 32 31 41
0 22 41 22 42 44 33 44 23 14 14 11 23 22 22 22 42 33 33 14 22 11 14 11 14 22 33 41
0 22 41 32 44 41 33 41 33 14 44 13 23 23 23 22 42 33 33 11 22 14 44 11 14 22 33 41
0 23 44 32 42 11 32 44 33 44 44 11 22 23 23 23 42 33 31 44 22 14 14 14 14 32 33 41
0 22 41 32 42 44 32 44 22 11 14 11 22 22 22 22 44 33 33 14 24 14 14 14 11 32 33 44
0 22 44 32 44 44 33 44 22 11 11 11 33 22 22 22 44 33 33 11 22 11 14 11 11 33 31 41
0 23 44 22 22 44 22 41 22 44 44 13 33 33 23 23 22 33 33 14 24 44 44 14 44 32 31 41
0 23 41 22 42 41 32 41 23 14 44 13 23 23 33 23 42 32 31 14 24 14 14 44 44 32 31 11
0 23 41 32 42 41 32 41 23 14 14 13 23 23 23 23 42 32 31 14 24 14 14 14 14 32 31 41
0 23 41 32 42 41 22 44 23 11 44 13 33 23 33 22 42 32 31 14 24 14 14 11 14 32 31 41
0 23 11 32 42 41 22 44 33 44 44 11 33 23 33 33 22 32 11 11 44 14 14 14 44 22 33 11
0 22 44 33 42 41 32 41 23 14 14 13 23 22 23 22 44 32 33 14 24 11 14 11 11 33 33 41
0 22 44 33 44 44 32 41 22 14 14 11 23 22 22 22 44 33 33 14 24 14 11 11 11 33 31 44
0 22 41 32 44 44 32 44 22 11 14 11 33 22 23 22 44 32 33 14 22 14 11 11 11 32 31 44
0 23 41 32 44 41 33 41 22 11 14 11 33 22 23 22 42 33 31 44 22 11 11 14 14 32 31 44
0 22 41 33 42 44 33 44 22 11 14 11 23 22 22 22 42 33 33 11 24 14 14 11 11 22 33 44
0 22 44 33 44 41 33 44 22 11 11 11 23 22 22 22 44 33 33 14 22 11 14 14 11 32 33 44
0 22 44 33 42 44 33 44 22 14 14 11 22 22 22 22 42 33 33 14 22 11 11 11 11 33 33 44
0 22 11 33 44 41 32 44 22 44 44 13 23 23 22 23 42 33 31 11 44 14 14 11 14 32 31 41
0 22 41 33 44 44 33 44 22 11 44 11 23 22 22 22 44 33 33 11 22 14 11 11 11 32 33 41
0 22 41 33 44 44 33 44 22 11 11 13 22 22 22 22 44 32 33 14 22 11 11 11 11 33 31 41
0 22 44 33 44 44 32 44 23 14 44 11 23 22 23 22 42 33 33 14 24 11 14 11 11 32 31 44
0 23 44 32 42 41 32 41 23 14 14 13 23 23 23 23 42 32 31 14 24 14 14 14 14 32 31 41
0 22 44 32 42 44 33 44 23 14 14 11 23 22 22 23 44 33 31 14 22 14 11 11 14 32 33 41
0 22 41 32 42 41 32 41 23 14 14 13 23 23 23 23 42 33 31 14 24 44 14 14 14 32 31 41
0 23 44 32 44 41 32 44 22 14 14 13 33 22 23 23 44 32 33 14 22 44 14 11 11 32 31 44
0 23 44 22 42 11 33 44 23 14 14 13 23 22 33 22 42 33 33 14 24 44 14 14 14 22 11 11
0 22 44 32 44 44 33 44 22 11 14 11 23 22 22 22 42 33 33 14 22 14 11 11 11 22 33 11
0 22 41 22 42 41 32 44 22 44 14 11 33 22 33 33 22 33 33 44 44 11 44 11 44 22 33 41
0 22 41 32 42 41 32 44 23 14 14 11 23 23 23 33 42 33 33 14 24 11 14 14 14 32 31 41
0 22 44 33 42 44 33 44 22 11 14 13 22 22 23 22 44 33 33 14 22 11 11 11 44 33 33 44
0 22 44 32 44 44 33 44 23 11 11 11 22 22 22 22 44 32 33 11 22 11 11 11 14 32 31 44
0 22 41 32 44 44 33 44 23 14 14 11 23 22 23 22 42 33 33 44 22 14 14 11 14 33 33 41
0 33 41 32 44 41 33 41 23 14 44 11 23 22 23 23 42 32 31 14 22 44 44 11 14 32 11 41
0 23 44 33 44 44 33 41 22 11 14 11 23 22 23 22 44 33 33 11 22 11 11 11 11 32 31 44
0 22 44 32 42 41 32 41 22 14 14 11 22 22 23 23 44 33 31 11 22 14 14 14 14 32 33 44
0 22 11 33 44 44 33 44 22 11 14 11 22 22 33 23 44 32 33 14 24 14 11 14 11 22 33 41
0 22 44 33 44 44 33 44 22 14 14 13 22 22 22 22 42 33 33 11 22 11 11 11 14 32 33 44
0 33 11 32 42 41 32 41 23 44 44 13 33 23 33 33 22 22 11 14 44 44 44 44 44 22 11 11
0 22 41 33 44 11 33 41 22 44 14 11 22 23 33 23 42 33 33 44 22 11 14 11 14 32 33 11
0 23 41 33 42 41 32 44 22 11 14 13 33 22 23 23 42 32 33 11 22 11 11 14 11 22 31 44
0 23 41 32 22 41 22 44 23 44 44 13 33 23 33 23 22 33 31 44 44 14 44 14 11 22 31 11
0 22 44 33 44 44 33 44 23 11 11 11 22 22 23 22 44 33 33 11 22 11 11 11 44 33 33 41
0 22 41 33 44 44 33 44 22 11 11 13 22 23 23 23 44 33 33 11 24 14 11 11 11 32 31 44
0 23 41 32 42 41 33 44 23 14 14 11 23 22 23 23 42 32 33 14 24 14 14 14 14 32 31 41
0 22 44 33 42 41 33 44 22 14 44 11 33 22 23 22 42 32 33 44 22 14 11 11 44 22 11 11
0 22 44 33 44 44 33 44 22 11 11 11 22 22 22 22 44 33 33 11 22 11 11 11 11 33 33 44
0 22 44 33 44 44 33 44 22 14 11 11 23 22 23 22 44 33 33 14 22 14 11 11 14 32 33 44
0 23 41 32 42 41 32 41 23 14 14 11 23 23 23 23 42 32 31 14 24 14 14 11 14 32 31 41
0 22 44 32 42 41 32 44 22 11 14 13 23 22 33 22 44 33 31 14 24 14 14 11 14 32 33 41
0 22 44 33 44 44 33 44 22 11 11 11 33 22 22 22 44 33 33 14 22 11 11 11 14 33 33 44
0 22 44 33 44 44 33 44 22 11 11 11 22 22 22 22 44 33 33 14 22 14 11 11 44 33 33 41
0 23 41 32 22 11 32 44 22 44 44 13 23 22 23 23 22 33 33 44 24 14 14 14 44 32 31 41
0 22 11 33 44 44 33 44 23 11 44 11 23 22 22 23 42 33 33 11 22 11 44 11 11 32 31 41
0 22 44 33 44 44 33 44 22 11 11 11 22 22 22 22 44 33 33 11 22 11 11 11 11 33 33 44
0 22 11 32 44 44 33 44 22 14 14 11 23 22 23 23 22 33 31 14 24 11 44 11 44 32 33 41
0 22 44 33 44 44 33 44 22 11 11 11 22 22 22 22 44 33 33 11 22 11 11 11 11 33 33 44
0 22 44 33 44 44 33 44 22 11 11 11 22 22 22 22 42 33 33 11 22 14 14 11 11 32 33 44
0 23 44 32 42 41 32 44 22 14 14 13 33 23 22 23 42 32 33 14 24 11 14 14 14 32 31 41
0 22 44 33 44 44 33 44 22 11 11 11 22 22 22 22 44 33 33 11 22 14 11 11 11 33 33 44
0 23 41 32 42 41 33 41 22 44 44 13 33 22 33 33 22 33 31 14 24 11 44 14 14 32 11 11
0 23 41 32 42 41 22 44 23 14 44 13 23 23 33 23 22 33 33 14 44 14 44 14 14 22 31 11
0 22 44 32 42 44 33 44 22 14 14 11 33 22 22 33 42 33 31 11 22 14 14 11 14 22 31 41
0 23 44 32 42 41 32 41 23 14 14 11 23 22 23 23 42 33 33 14 24 14 14 11 14 32 31 41
0 22 41 32 44 41 33 41 23 14 14 11 23 23 23 23 42 32 33 14 24 14 14 11 14 32 31 11
0 22 44 33 44 44 33 44 22 11 11 11 22 22 22 22 44 33 33 11 22 11 11 11 11 33 33 44
0 22 44 32 44 44 33 44 22 11 14 11 23 22 22 22 44 33 33 11 24 11 11 11 11 32 33 41
0 22 41 22 42 11 32 41 23 14 14 13 23 22 33 23 42 22 33 44 44 14 11 14 44 22 31 41
0 23 44 32 42 41 32 44 23 14 14 13 23 23 33 23 42 32 33 14 24 14 14 14 14 32 31 41
0 22 41 32 44 41 33 44 23 14 11 11 22 22 23 22 44 32 33 14 24 11 14 11 11 32 31 41
0 22 41 33 44 41 32 44 23 14 14 11 22 22 22 23 42 33 33 14 24 11 14 11 14 32 33 41
0 22 41 33 44 44 33 44 22 14 11 11 23 22 23 23 42 33 33 11 22 11 11 11 11 33 33 41
0 23 41 33 42 41 32 41 23 14 14 11 23 23 22 23 44 33 33 14 24 14 14 11 11 32 31 41
0 23 41 32 22 41 22 41 23 14 14 13 33 23 23 23 22 22 31 44 24 14 14 14 14 22 31 41
0 23 44 33 42 44 33 44 22 14 44 11 22 22 22 22 44 33 33 11 24 14 11 11 11 32 33 41
0 22 44 33 42 44 33 44 22 14 14 11 33 22 22 23 42 33 33 11 22 11 14 11 11 22 33 44
0 23 41 32 44 41 33 44 22 14 14 13 33 22 23 23 22 33 33 11 22 11 14 11 44 22 31 41
0 23 41 32 42 41 33 41 22 14 14 13 23 22 23 23 42 33 33 11 24 14 14 11 14 32 31 41
0 22 41 33 44 44 33 44 22 11 11 11 22 22 22 22 44 33 33 11 22 11 11 11 11 33 33 44
0 22 44 33 42 41 33 44 22 11 14 11 23 22 23 23 44 33 33 11 22 11 11 11 11 33 33 44
0 22 44 33 44 44 33 44 22 11 11 11 22 22 22 22 44 33 33 11 22 11 11 11 11 33 33 44
0 23 44 33 42 41 32 44 22 44 44 11 23 22 23 22 44 33 33 11 24 11 14 11 14 33 31 41
0 23 41 32 42 41 32 41 23 14 14 11 23 23 23 23 42 32 33 14 24 14 14 14 14 32 31 41
0 22 44 33 42 44 33 41 23 14 14 11 23 22 23 23 44 33 33 14 22 11 14 11 44 32 31 41
0 22 41 32 42 41 33 41 23 14 14 13 23 23 23 23 42 33 33 44 24 11 44 11 44 32 11 11
0 23 44 32 42 41 32 44 23 14 14 13 23 22 23 33 42 32 31 14 24 14 14 14 14 32 31 41
0 22 41 32 22 41 32 44 23 14 11 13 33 23 23 23 42 32 31 14 22 44 14 14 14 22 11 11
0 22 41 32 42 11 32 41 22 14 14 13 23 22 22 22 42 32 33 14 24 14 11 14 14 32 31 41
0 23 11 22 22 11 32 11 23 14 44 33 33 33 33 33 42 32 11 44 24 44 14 44 14 22 33 11
0 22 11 32 44 44 33 44 23 14 44 11 33 23 23 23 42 33 33 14 24 44 14 14 44 33 31 41
0 22 44 32 42 41 33 44 22 14 11 11 33 22 22 33 42 33 33 14 24 14 14 14 14 32 31 41
0 22 44 33 44 44 32 44 22 11 11 11 22 22 22 22 44 33 33 11 22 11 11 11 11 33 33 44
0 23 44 22 42 41 32 44 33 44 44 11 23 23 33 22 42 32 33 14 24 44 14 11 14 22 11 11
0 23 41 32 42 41 32 41 23 14 14 11 23 23 23 23 42 32 31 14 24 14 14 14 14 32 31 41
0 22 44 33 44 44 32 44 23 11 11 11 23 22 22 22 42 33 31 11 22 11 14 11 14 32 33 44
0 22 44 32 44 44 33 44 22 11 11 11 22 22 22 23 42 33 33 11 22 11 14 11 11 33 33 44
0 22 41 32 22 44 33 44 23 14 14 13 23 22 23 22 42 32 33 11 24 14 14 14 14 22 33 41
0 33 44 33 44 44 33 44 22 11 11 11 33 22 23 23 42 33 33 14 22 14 11 11 14 32 31 44
0 23 41 32 42 41 22 44 23 14 44 13 33 23 22 23 42 32 31 14 24 14 14 11 44 32 31 11
0 33 11 32 42 41 22 41 22 14 44 11 23 22 33 23 42 33 31 14 24 44 44 11 44 22 11 41
0 23 11 22 42 11 33 44 23 44 44 13 33 22 33 23 42 32 31 14 24 44 14 11 14 33 11 41
0 23 11 22 42 41 32 41 23 44 44 13 23 22 33 23 22 22 31 44 44 14 44 14 14 22 11 41
0 22 44 33 42 44 33 44 22 14 14 11 23 22 22 22 44 33 33 14 22 11 11 11 14 33 33 44
0 22 41 32 42 41 32 44 22 11 11 11 23 22 22 22 42 32 33 14 22 11 14 11 44 22 33 41
0 23 44 22 42 44 33 44 22 14 14 11 23 22 22 22 42 33 33 11 22 14 11 11 11 22 33 44
0 22 44 33 44 44 33 44 22 14 11 11 22 22 22 22 44 33 33 11 22 11 11 11 11 33 31 44
0 22 44 32 44 41 33 44 22 11 14 13 22 22 22 23 42 33 31 14 22 11 14 11 11 32 31 44
0 23 41 32 44 41 32 44 22 11 14 11 23 22 23 23 42 33 31 14 22 14 11 11 14 22 33 41
0 23 41 32 44 41 32 41 22 44 44 11 23 23 23 23 42 32 33 14 22 14 14 11 14 22 33 41
0 23 41 32 44 44 33 44 23 14 14 11 23 23 23 23 42 33 33 14 22 11 14 11 44 32 33 41
0 23 41 32 22 11 32 41 22 11 14 11 23 23 23 23 44 33 33 44 22 14 11 11 14 32 31 41
0 33 44 32 44 41 33 44 22 14 44 11 23 22 33 33 42 33 31 14 24 14 11 11 11 22 31 11
0 23 44 32 44 41 32 44 23 14 14 13 23 22 23 23 42 33 31 14 24 14 14 11 14 32 31 41
0 22 44 32 44 41 33 44 23 11 11 11 33 23 33 22 42 33 33 14 24 11 14 11 44 32 11 41
0 23 41 33 42 41 33 41 23 14 44 13 33 22 23 23 42 33 11 14 24 14 14 14 44 32 33 41
0 23 11 22 22 11 22 41 23 44 44 13 33 22 33 33 22 32 31 44 44 44 44 14 44 22 31 41
0 22 41 33 42 44 33 44 22 14 14 11 23 22 22 23 42 33 33 14 24 14 11 11 11 22 33 44
0 22 44 33 44 44 33 44 22 11 11 11 22 22 22 23 44 33 33 14 22 14 11 11 11 33 31 44
0 23 41 32 42 41 32 41 23 14 14 13 23 23 23 23 42 32 31 14 24 14 14 14 14 32 31 41
0 22 44 33 44 44 33 44 22 14 11 11 23 22 22 22 42 32 33 14 22 11 14 11 14 33 33 44
0 23 41 32 44 44 33 44 23 14 14 13 23 22 23 22 42 33 33 14 24 11 14 11 11 33 31 44
0 23 41 33 44 41 32 44 22 14 14 11 23 23 23 22 44 33 33 14 22 11 11 11 14 32 33 41
0 22 41 33 44 41 33 41 23 11 14 13 23 23 22 23 42 33 33 14 24 14 11 11 14 32 31 44
0 22 41 33 44 44 32 44 23 14 44 11 33 22 23 23 44 32 31 44 24 14 14 11 14 32 11 41
0 33 11 22 22 41 22 11 23 44 44 13 33 33 33 33 22 22 31 14 44 14 44 14 44 22 11 11
0 33 41 32 42 41 32 41 23 14 14 11 33 22 33 23 42 32 31 14 24 14 14 44 44 22 31 11
0 23 41 32 42 41 32 41 22 14 44 13 23 22 23 23 42 32 31 14 24 14 14 11 14 22 31 41
0 22 44 33 42 41 32 44 22 14 14 11 22 22 23 23 44 33 33 14 24 14 11 14 14 32 33 44
0 22 11 22 44 41 33 44 23 14 14 13 23 22 23 23 42 33 31 14 24 14 14 14 14 32 31 41
0 23 41 32 42 41 32 41 23 14 14 13 33 23 23 23 42 33 31 14 24 14 14 11 14 32 31 41
0 23 41 22 42 41 32 41 23 14 14 13 23 23 23 23 42 32 31 14 24 14 44 14 14 32 31 41
0 23 11 22 42 44 32 44 23 44 14 11 23 22 23 23 42 33 33 14 44 14 14 11 14 22 31 11
0 22 44 32 44 41 32 44 22 11 11 11 22 22 22 22 42 33 33 11 24 14 14 11 11 33 33 44
0 22 44 33 44 44 33 44 22 14 14 11 22 22 22 22 44 33 33 11 22 11 11 11 11 33 33 44
0 22 44 33 44 44 33 44 22 11 11 11 22 22 22 22 44 33 33 11 22 11 11 11 11 33 33 44
0 23 41 32 44 41 32 41 23 14 14 33 33 23 23 23 42 32 31 44 24 14 14 14 14 22 31 41
0 23 41 22 42 44 32 44 23 44 44 11 33 22 23 23 42 33 33 44 44 11 14 11 14 22 11 11
0 23 41 32 42 41 32 41 23 14 14 13 33 23 23 23 42 32 31 14 24 14 14 14 44 32 31 41
0 22 44 32 44 44 33 44 22 11 11 11 23 22 22 23 42 33 33 14 22 11 11 11 14 33 31 44
0 23 41 32 42 41 32 44 23 14 14 13 23 23 23 23 42 32 31 14 24 14 11 14 14 32 31 41
0 22 44 33 44 44 33 44 22 11 14 11 22 22 22 22 44 33 33 11 22 11 11 11 11 33 33 44
0 22 44 33 42 44 33 44 22 11 11 11 22 22 23 23 42 33 31 14 22 14 11 11 11 22 33 44
0 23 41 33 42 44 33 44 22 14 14 13 23 22 23 23 42 33 31 11 22 11 14 11 14 32 33 44
0 22 44 33 42 44 33 44 22 14 14 11 22 22 22 22 44 33 33 14 22 14 11 11 11 33 33 44
0 23 11 22 44 44 32 44 23 14 44 13 33 22 33 23 22 32 33 44 24 44 44 11 14 22 11 11
0 22 44 22 42 44 33 44 23 14 14 11 23 22 23 22 42 33 33 44 22 14 14 14 14 22 33 11
0 23 41 32 42 41 32 41 22 44 14 13 23 22 33 22 42 32 33 14 24 14 14 11 14 32 31 41
0 22 44 32 42 44 33 44 23 11 14 11 23 22 23 22 44 33 31 14 22 11 11 11 11 33 33 41
0 23 44 32 42 44 32 44 22 14 14 11 23 22 23 22 42 32 33 14 24 14 11 11 11 33 31 44
0 23 44 32 42 41 33 41 22 14 14 11 23 22 33 23 42 32 31 44 24 14 11 14 44 22 11 41
0 33 11 22 22 11 22 41 22 44 44 13 33 33 33 33 42 22 11 44 44 44 44 44 44 22 31 41
0 22 44 33 44 44 22 44 22 11 44 11 23 22 22 22 22 33 33 11 22 14 14 11 14 22 31 41
0 33 44 33 42 41 22 41 22 44 44 11 33 22 23 33 42 33 33 44 24 44 44 14 14 22 31 11
0 22 44 33 44 44 33 44 22 11 11 11 23 22 22 22 44 33 33 11 22 11 11 11 11 33 33 44
0 33 41 32 44 41 32 41 23 14 14 11 33 23 33 23 42 32 11 44 24 14 44 11 14 32 31 11
0 22 44 33 44 44 33 44 22 11 11 11 22 22 22 22 44 33 33 11 22 11 11 11 11 33 33 44
0 23 44 32 42 41 32 41 23 14 44 13 33 22 23 23 42 33 31 14 24 14 14 14 44 22 31 41
0 22 44 33 42 44 33 44 23 11 11 11 22 23 23 22 42 33 33 11 22 14 11 11 11 33 33 44
0 22 41 33 42 41 33 44 23 11 14 11 23 23 22 22 44 32 33 14 24 14 14 14 14 32 33 41
0 23 44 33 44 44 33 44 22 14 14 11 23 22 23 23 42 33 33 14 24 14 14 11 11 22 33 44
0 23 41 33 42 44 33 44 23 44 14 11 23 23 23 33 44 32 11 14 22 14 11 14 44 32 31 11
0 22 11 33 44 44 32 44 23 11 14 11 23 22 23 23 42 33 33 11 24 14 11 11 11 32 31 44
0 22 44 33 44 44 33 44 22 44 11 11 22 22 22 22 44 33 33 11 22 11 11 11 11 33 33 44
0 22 44 33 44 44 33 41 22 11 14 11 22 22 22 22 44 33 33 11 22 11 11 11 11 33 33 44
0 23 41 32 44 41 33 44 23 14 14 11 23 22 23 23 42 33 31 14 24 14 14 11 14 32 33 41
0 23 41 32 44 41 32 41 22 14 14 11 23 22 23 22 42 33 33 14 24 44 14 14 14 32 31 41
0 23 44 32 42 41 32 41 23 14 44 13 23 23 23 22 22 32 31 14 24 14 14 14 44 32 31 41
0 22 44 32 44 44 33 44 22 11 14 11 22 22 22 22 44 33 33 11 22 11 11 11 14 33 33 41
0 22 44 32 42 41 32 44 22 14 14 11 23 22 23 33 42 32 33 11 24 44 14 44 14 22 11 41
0 23 44 33 44 11 33 44 23 44 14 11 23 22 22 23 42 33 33 14 24 44 11 11 14 33 31 11
0 22 44 33 44 44 33 44 22 14 11 13 22 22 22 22 42 33 33 11 22 11 11 11 11 33 33 44
0 22 44 32 44 41 32 44 22 14 14 11 23 23 23 23 42 32 33 11 24 14 11 11 14 32 31 41
0 23 41 22 22 11 32 11 33 44 44 33 33 33 33 23 22 32 11 44 24 44 44 11 14 22 11 11
0 33 11 22 22 41 32 44 33 44 44 13 33 23 33 23 22 22 31 44 44 44 44 44 44 22 11 11
0 23 44 33 44 41 33 44 22 11 11 11 22 22 22 22 44 33 33 14 22 14 11 11 11 33 33 44
0 23 44 32 44 41 33 44 23 11 14 11 33 22 23 23 42 33 33 14 22 14 14 14 14 32 33 44
0 23 44 33 44 44 33 44 22 11 14 11 23 22 23 23 44 33 33 11 22 11 11 11 14 32 31 41
0 22 44 33 44 44 33 44 22 11 11 11 22 22 22 22 44 33 33 11 22 11 14 11 14 33 33 44
0 22 44 32 44 44 33 44 22 14 14 11 23 22 22 22 42 32 33 14 24 14 11 11 14 33 33 41
0 22 41 32 44 41 32 44 23 11 44 13 22 22 23 23 42 33 33 14 24 14 14 11 14 32 31 44
0 22 44 32 44 44 33 44 22 11 11 11 22 22 22 22 44 33 33 11 22 11 11 11 11 33 33 44
0 23 44 32 44 41 32 44 22 14 14 13 23 23 23 23 42 33 31 14 24 14 14 14 14 32 33 44
0 22 44 33 42 44 33 44 22 11 11 11 23 22 22 22 44 33 33 11 24 14 14 14 14 32 31 44
0 22 44 32 44 44 33 44 22 14 11 11 22 23 22 22 44 33 33 14 22 14 11 11 14 33 31 44
0 22 41 33 44 44 33 44 22 44 44 11 22 22 22 23 42 33 33 14 24 14 14 44 14 33 31 41
0 23 11 22 22 11 32 11 33 44 44 33 33 23 33 33 22 22 11 44 44 44 44 44 44 22 11 11
0 22 44 32 44 44 33 44 22 14 11 11 22 22 22 22 44 33 33 14 22 11 11 11 11 33 33 44
0 22 41 33 42 41 33 41 23 14 14 11 23 23 23 23 42 33 33 11 24 11 14 14 14 32 31 11
0 22 41 33 42 41 32 44 23 14 14 11 23 22 23 23 42 33 33 14 24 11 14 11 14 32 31 41
0 22 44 32 44 44 32 44 23 14 14 13 23 22 23 22 42 32 33 11 24 11 14 11 14 22 31 41
0 22 11 32 44 41 33 41 22 14 14 11 23 22 23 23 42 33 31 44 22 14 14 14 14 32 31 41
0 22 44 33 44 44 33 44 22 11 11 11 22 22 22 22 44 33 33 11 22 11 11 11 11 32 33 44
0 22 41 32 44 44 33 44 22 14 14 11 23 22 23 22 44 33 33 14 24 14 11 11 11 22 33 44
0 22 44 33 44 44 33 44 22 11 14 11 23 22 22 22 42 33 31 14 22 14 11 11 14 32 33 41
0 22 41 32 44 41 32 41 23 14 14 13 23 23 23 23 42 33 31 14 24 14 14 14 14 32 31 41
0 23 41 32 42 41 32 41 23 14 14 13 23 22 23 23 42 32 31 14 24 14 14 11 14 32 31 41
0 22 41 33 44 44 33 44 23 14 14 13 33 22 22 33 42 33 31 14 22 11 14 11 11 33 31 44
0 22 44 33 44 41 33 44 22 14 11 11 22 22 22 23 44 33 33 11 22 11 11 11 11 33 33 44
0 22 41 33 44 44 33 44 22 44 14 11 22 22 23 23 44 33 33 11 24 11 11 11 11 33 33 44
0 33 41 33 42 41 32 44 23 14 14 11 33 22 23 23 42 33 33 44 24 14 14 11 44 32 11 44
0 23 11 22 42 11 32 41 33 44 44 13 23 22 23 33 42 32 33 44 44 44 14 14 44 22 31 41
0 23 44 33 42 41 33 44 23 11 14 11 22 22 23 22 44 33 33 14 22 11 11 11 11 32 33 41
0 33 11 22 22 11 22 41 23 44 44 13 33 23 33 33 22 32 11 44 22 44 44 14 44 22 11 11
0 23 44 32 44 44 33 44 22 14 14 11 23 22 33 23 42 33 33 14 24 11 11 11 44 33 31 44
0 22 44 33 42 44 33 44 22 11 11 11 22 22 22 22 42 32 33 11 22 11 11 11 11 33 31 44
0 22 11 32 44 44 33 44 23 14 14 11 33 22 22 22 42 33 31 14 24 14 14 11 14 32 31 41
0 23 44 32 44 41 22 44 22 14 14 11 23 22 23 23 42 32 33 14 24 14 14 11 11 22 31 41
0 22 44 33 44 44 33 44 22 11 11 11 22 22 23 22 44 33 33 11 22 11 11 11 11 33 33 44
0 23 11 32 42 41 32 41 23 44 14 11 33 22 33 23 42 22 33 44 44 44 44 14 14 22 11 41
0 23 44 32 44 41 32 44 22 14 14 13 33 22 22 23 42 32 33 14 22 11 14 14 44 22 31 41
0 22 41 32 44 44 33 44 22 14 14 11 23 22 23 23 42 33 33 14 22 14 14 11 14 32 33 41
0 22 44 33 44 44 33 44 22 11 11 11 22 22 22 22 44 33 33 11 22 11 11 11 11 32 33 44
0 22 41 32 42 41 32 41 23 14 14 11 23 23 23 23 42 33 31 14 24 14 14 11 14 32 31 41
0 33 41 22 42 41 32 41 23 14 44 13 33 23 33 23 22 32 33 14 24 14 14 44 44 22 31 11
0 23 11 32 42 41 32 41 22 44 44 13 33 23 23 33 42 32 31 44 24 14 14 14 44 32 11 41
0 22 44 33 44 44 33 44 22 14 14 11 22 22 22 22 44 33 33 11 22 11 11 11 14 33 31 44
0 22 44 33 44 44 33 44 22 11 11 11 22 22 22 22 44 33 33 11 22 11 11 11 11 33 33 41
0 23 41 32 42 41 32 41 23 14 14 11 23 22 23 22 42 32 33 14 24 14 11 11 14 32 31 41
0 22 44 32 42 44 33 44 23 14 14 13 33 22 23 33 22 33 31 14 22 11 11 14 14 32 31 41
0 23 41 32 44 44 33 44 23 14 14 11 23 23 23 23 42 32 33 14 24 44 14 14 14 32 11 41
0 23 41 33 44 44 33 44 22 14 14 11 23 22 33 22 44 32 33 14 22 11 11 11 14 32 11 44
0 23 41 32 42 44 33 44 22 14 14 11 23 23 22 22 42 33 33 14 24 11 11 11 14 32 31 41
0 22 41 33 22 44 32 44 22 14 14 13 23 23 33 23 42 33 11 44 44 11 44 14 44 32 31 41
0 22 44 33 44 44 33 44 22 11 11 11 22 22 22 22 44 33 33 11 22 11 11 11 11 32 33 44
0 22 44 33 44 44 33 44 22 11 11 11 22 22 22 22 44 33 33 11 22 11 11 11 11 33 33 44
0 22 44 33 42 44 33 44 23 14 14 11 23 22 22 23 44 33 33 44 22 11 14 11 14 32 31 44
0 23 41 32 42 41 32 41 23 14 14 13 33 23 23 23 22 32 31 14 24 14 14 14 14 22 31 41
0 22 44 33 44 44 33 44 22 11 11 11 23 22 23 22 44 33 33 11 22 11 11 11 14 33 33 44
0 23 11 32 22 41 32 44 23 44 14 33 33 22 33 33 42 32 11 44 24 14 14 11 44 22 33 41
0 22 44 32 44 44 33 44 22 14 14 11 23 22 22 22 44 33 33 11 22 14 11 11 11 33 33 44
0 23 41 33 42 44 32 41 23 14 14 11 23 22 23 23 42 33 33 14 24 14 11 11 14 32 31 41
0 22 41 33 44 44 33 44 22 14 14 11 23 23 23 33 22 32 33 11 22 44 14 11 14 32 33 44
0 22 44 33 44 44 33 44 22 11 11 11 23 22 22 22 44 33 33 11 22 11 11 11 11 33 33 44
0 22 44 33 42 44 33 44 22 11 11 11 22 22 22 22 42 33 33 11 22 11 14 11 11 32 33 44
0 22 44 33 42 44 33 44 22 11 11 11 23 22 22 23 44 33 33 11 22 11 14 11 11 32 33 44
0 22 41 32 44 41 32 44 22 11 14 11 22 22 23 23 42 33 33 11 24 14 14 11 11 33 31 41
0 23 41 33 42 41 33 44 23 14 14 11 22 22 23 22 42 32 33 14 22 11 14 14 44 32 31 44
0 22 44 33 44 44 33 44 22 11 11 11 22 22 22 22 44 33 33 11 22 11 11 11 11 33 33 44
0 22 44 33 44 44 33 44 22 11 11 11 23 22 22 22 42 33 33 14 24 11 11 11 14 33 33 41
0 22 44 32 44 44 33 44 22 11 11 11 23 22 22 22 42 33 33 11 22 11 11 11 11 33 33 44
0 23 41 32 42 41 32 41 23 14 44 11 23 22 23 23 22 32 31 14 24 14 14 14 14 32 31 41
0 22 41 33 44 44 33 44 22 14 14 11 23 22 22 22 44 33 33 11 22 11 11 14 11 32 31 44
0 23 41 22 42 41 33 41 23 14 14 13 23 23 33 23 42 33 11 14 24 14 14 14 44 32 31 41
0 23 41 32 42 44 33 44 22 14 11 11 23 22 22 22 42 33 33 14 24 11 11 11 14 32 31 41
0 22 44 32 44 41 32 44 22 11 14 11 22 22 22 23 44 33 33 44 22 11 11 11 11 33 31 44
0 23 44 33 42 41 33 44 22 11 11 11 23 22 23 22 44 33 33 14 22 14 11 11 11 33 31 44
0 23 44 32 44 44 33 44 22 14 14 11 33 22 23 23 44 33 33 11 24 44 11 11 11 22 31 44
0 22 41 33 44 44 33 44 22 11 11 11 22 22 22 23 44 33 33 14 22 14 11 14 14 32 31 41
0 22 44 33 44 44 33 44 22 11 11 11 22 22 22 22 44 33 33 11 22 11 11 11 11 33 33 44
0 23 11 32 42 41 32 41 23 14 44 11 23 23 23 22 22 32 31 14 24 14 14 44 14 32 31 41
0 23 11 32 22 41 32 41 23 44 14 13 33 23 33 23 42 22 33 44 44 44 14 14 44 32 31 11
0 23 41 22 42 11 32 41 23 14 14 13 33 23 23 33 42 32 11 14 44 14 14 14 44 22 31 41
0 33 11 22 42 11 22 11 33 44 44 33 33 23 33 33 22 22 31 44 44 44 44 44 44 22 11 11
0 22 44 32 44 44 33 44 22 14 11 11 23 22 22 22 42 33 33 14 24 11 11 11 14 33 31 44
0 33 41 32 42 11 22 44 33 14 14 11 33 33 33 23 42 33 33 14 24 14 11 11 11 32 31 41
0 23 41 22 42 11 32 41 23 14 14 11 33 23 33 23 42 32 31 44 44 44 44 11 11 22 31 11
0 22 44 33 44 44 33 44 23 14 11 11 22 22 23 23 44 33 33 14 22 11 11 11 11 33 33 41
0 22 44 33 44 44 33 44 22 11 11 11 22 22 22 22 44 33 33 14 22 11 14 11 11 33 31 44
0 23 41 22 22 41 33 44 23 44 14 11 33 22 33 23 42 22 33 14 44 14 44 11 14 32 11 11
0 22 44 33 44 44 33 44 22 11 14 11 23 22 22 22 42 33 33 11 22 14 14 11 11 33 33 44
0 22 44 33 44 44 33 44 23 11 11 11 23 22 22 22 44 32 33 11 22 14 14 11 14 32 31 41
0 23 41 32 42 41 32 41 22 14 44 13 23 23 23 23 42 32 31 14 24 14 14 14 14 32 31 41
0 23 11 22 42 44 22 41 23 14 44 11 23 23 23 23 22 33 31 14 44 14 14 11 44 22 11 11
0 22 44 33 44 41 33 44 22 44 14 11 22 22 23 22 42 33 33 11 44 11 11 11 11 33 31 11
0 22 44 22 42 41 32 44 22 11 11 11 23 22 23 22 42 33 33 14 24 14 14 11 14 33 31 44
0 23 41 32 42 41 32 41 23 14 14 11 23 22 23 22 44 32 33 14 24 14 14 14 14 32 33 44
0 22 44 33 44 44 32 44 22 11 14 11 33 22 23 23 42 33 33 14 22 11 14 11 11 33 33 41
0 22 44 33 44 44 33 44 22 11 11 11 22 22 22 22 44 33 33 11 22 11 11 11 11 33 33 44
0 22 41 32 44 44 32 41 23 14 14 11 23 23 23 23 44 32 33 11 24 14 11 11 14 32 33 41
0 23 41 32 42 41 32 41 23 11 14 13 23 23 23 23 42 32 31 14 24 14 14 14 14 32 31 41
0 22 41 33 44 41 32 44 23 14 14 33 22 22 33 33 42 32 33 44 44 44 14 11 44 32 11 11
0 23 41 32 42 41 33 44 22 14 14 11 22 22 33 23 44 32 33 14 44 14 44 14 14 33 31 41
0 22 41 33 44 44 33 44 22 14 14 11 22 22 22 22 44 33 33 14 22 11 11 11 11 32 11 44
0 22 44 32 44 11 33 44 22 44 11 11 23 22 22 22 44 33 33 44 24 14 44 14 14 32 31 41
0 22 44 33 44 44 33 44 22 11 14 11 22 22 23 22 42 33 33 11 24 11 14 11 11 32 31 44
0 23 41 32 42 41 33 44 22 14 14 13 23 22 22 22 44 33 31 14 24 44 14 14 14 32 33 41
0 22 44 33 42 44 33 44 22 11 14 13 23 22 23 23 42 33 33 14 24 11 11 11 11 32 33 44
0 23 41 32 44 44 33 44 22 11 14 11 23 22 23 23 42 32 31 14 22 14 14 14 44 32 31 41
0 22 44 33 44 41 33 44 22 11 14 11 23 22 22 22 44 33 33 14 22 14 11 11 11 32 33 44
0 22 44 33 42 44 32 44 22 14 14 11 23 22 23 22 42 33 33 11 22 11 11 11 14 32 33 41
0 22 44 33 44 41 33 44 22 11 11 11 22 22 22 22 44 33 33 14 22 14 14 11 11 32 33 44
0 23 44 33 44 41 33 44 22 11 44 11 23 22 22 23 42 33 33 11 22 11 11 14 11 32 33 11
0 23 41 22 42 41 32 44 22 44 14 11 33 23 23 33 44 32 33 14 24 14 11 11 14 22 31 41
0 22 44 33 44 44 33 44 22 11 11 11 22 22 22 22 44 33 33 11 22 11 11 11 11 33 33 44
0 22 44 33 42 41 33 44 22 14 11 11 23 22 23 23 42 33 33 11 24 14 14 14 11 32 33 44
0 23 41 22 42 41 32 41 22 14 14 13 22 22 33 33 42 32 31 14 24 14 14 11 14 22 31 41
0 22 44 33 44 44 33 44 22 11 11 11 22 22 22 22 44 33 33 11 22 11 11 11 11 32 33 44
0 22 44 33 44 44 33 44 22 11 11 11 22 22 23 22 44 33 33 14 22 11 14 11 14 32 31 44
0 22 44 33 44 44 33 44 23 44 44 11 23 22 23 23 44 33 33 14 24 44 11 11 14 33 31 44
0 23 44 32 42 41 32 44 23 14 14 13 23 22 23 23 42 32 33 14 22 14 14 14 11 32 33 41
0 23 11 32 42 41 32 41 23 14 14 33 23 23 23 23 42 32 31 14 24 14 14 14 44 22 11 41
1 22 41 33 44 44 33 44 22 11 14 11 22 22 22 22 44 33 33 14 24 11 11 11 11 32 33 41
1 22 41 32 44 41 33 44 22 44 44 13 33 22 23 33 42 32 31 44 24 14 14 11 14 32 31 41
1 22 41 22 44 41 32 44 23 14 14 11 22 22 22 23 22 32 33 14 24 14 11 11 14 32 33 41
1 22 44 33 44 44 32 44 22 11 11 11 22 22 23 22 44 32 33 11 22 11 11 11 14 32 33 44
1 33 11 22 22 11 22 11 23 44 44 13 33 23 33 33 22 22 11 44 44 44 44 14 44 22 11 11
1 22 44 33 42 44 33 44 22 14 44 11 23 22 23 22 42 33 33 11 22 11 14 11 11 32 31 11
1 23 41 32 42 41 32 41 23 14 14 13 23 22 23 23 42 33 31 14 24 14 11 11 14 32 31 41
1 22 44 22 42 44 33 41 23 11 14 11 23 22 23 33 42 32 33 14 24 14 11 14 11 32 33 41
1 22 41 32 44 11 32 44 22 14 14 11 33 22 33 33 42 32 33 14 24 14 11 11 14 32 31 41
1 22 44 33 44 44 33 44 22 11 11 11 22 22 22 22 44 33 33 11 22 11 11 11 11 33 33 44
1 22 44 33 44 44 33 44 22 11 14 11 23 22 22 22 42 33 33 11 24 14 11 14 11 33 33 44
1 23 41 32 42 44 33 44 33 11 14 11 33 23 33 22 42 33 33 44 24 44 44 14 44 22 33 41
1 23 41 32 42 41 32 41 23 14 14 13 23 23 23 23 42 32 31 14 24 14 14 14 14 32 31 41
1 22 44 32 42 44 32 44 22 14 14 11 23 23 23 23 42 33 33 14 44 14 14 11 14 32 31 11
1 22 41 22 42 44 32 41 23 14 44 13 23 22 33 23 42 32 31 44 44 14 44 11 44 22 31 11
1 23 44 32 44 41 33 44 23 14 14 11 23 22 23 23 44 32 33 14 24 11 11 14 11 32 33 41
1 23 44 32 44 44 33 44 22 14 14 11 22 22 22 22 42 33 33 11 22 11 14 11 11 33 33 44
1 23 41 33 42 44 33 41 22 44 11 11 23 22 22 22 42 33 31 14 24 14 14 11 44 33 33 44
1 22 44 32 44 41 33 44 22 14 14 13 22 22 22 33 44 32 33 14 22 44 14 11 14 22 33 44
1 22 44 33 44 44 32 44 22 11 14 11 33 22 23 22 44 33 31 11 22 11 44 11 14 32 33 41
1 22 41 32 42 41 32 44 22 11 14 13 23 22 23 23 44 33 33 11 24 11 11 14 14 32 33 11
1 23 41 33 42 44 33 41 22 44 14 11 33 23 22 23 42 32 33 14 24 14 14 11 14 32 33 41
1 23 41 22 22 11 33 41 23 14 44 11 33 23 33 33 42 32 31 44 24 44 14 44 44 22 31 11
1 23 41 33 44 44 32 41 23 11 44 11 23 22 22 22 42 33 33 11 22 14 11 14 44 22 11 11
1 22 44 32 44 44 33 44 22 14 14 11 23 22 23 23 44 33 33 11 24 14 14 14 14 32 31 44
1 22 44 33 44 44 33 44 22 11 11 11 22 22 22 22 42 33 33 11 22 11 11 11 11 33 33 44
1 22 41 33 42 44 32 44 22 14 14 11 33 23 33 22 44 33 33 11 24 14 14 11 14 32 31 41
1 23 41 32 44 41 32 44 23 11 14 11 23 22 22 22 44 32 31 14 24 14 14 11 14 22 31 41
1 23 44 32 42 41 32 44 23 14 14 11 23 22 33 22 44 33 31 14 24 44 14 11 14 32 31 41
1 22 44 33 44 44 33 44 22 14 11 11 23 22 23 22 44 33 33 14 24 14 14 11 14 32 31 41
1 22 44 33 44 41 32 44 23 14 14 11 23 23 23 23 42 32 31 14 22 14 11 11 14 32 33 41
1 22 44 32 44 41 33 44 23 14 14 11 23 22 23 22 44 33 33 14 22 11 14 11 44 33 31 44
1 22 44 32 42 41 32 44 22 11 11 11 23 22 23 22 22 33 33 11 22 11 11 11 11 33 31 41
1 23 41 32 42 44 32 44 23 44 14 13 33 22 33 23 22 32 33 44 24 11 11 11 44 32 33 11
1 22 41 32 44 44 33 44 22 14 14 11 23 22 22 22 44 33 33 14 24 11 44 11 14 32 31 41
1 23 41 22 42 44 32 41 23 11 44 13 33 22 23 22 44 33 31 44 22 11 44 11 14 22 31 11
1 22 44 33 44 41 32 44 33 14 44 11 33 22 23 22 42 33 33 44 22 11 14 11 11 22 11 41
1 22 44 33 44 44 33 44 22 14 44 11 33 22 33 22 42 33 33 14 22 14 11 11 14 33 33 44
1 23 41 32 42 41 32 41 23 14 14 11 23 22 23 23 42 33 31 14 22 14 14 14 14 32 31 41
1 22 44 33 44 44 33 44 22 14 14 11 22 22 23 22 44 33 33 11 22 11 11 11 14 32 33 44
1 23 11 32 42 11 32 44 23 44 44 13 33 22 23 33 22 32 33 14 44 44 44 44 44 32 11 11
1 22 44 33 44 44 33 44 22 11 14 11 23 22 22 22 44 33 33 14 22 11 11 11 14 32 33 44
1 22 44 33 44 44 33 44 22 14 14 11 22 22 22 22 44 33 33 11 24 11 11 11 11 32 33 44
1 23 41 33 42 41 32 44 22 14 14 13 23 23 23 23 42 33 33 14 24 14 14 11 14 32 31 41
1 22 44 33 44 41 33 44 22 14 14 11 33 22 23 22 22 33 33 44 22 14 14 11 11 32 33 11
1 23 41 33 44 41 32 41 23 14 14 11 23 23 33 22 42 33 33 44 24 14 14 11 14 32 31 41
1 22 41 22 42 41 32 44 22 14 14 13 23 33 23 23 42 33 31 44 22 14 14 11 14 32 31 41
1 22 41 32 44 44 32 44 22 14 44 11 33 22 22 22 42 33 31 14 24 14 11 11 44 32 11 41
1 22 44 33 44 44 33 41 22 14 14 11 22 22 33 22 42 33 33 11 24 11 14 14 44 22 33 41
1 22 41 33 44 44 33 44 22 44 14 11 33 22 23 23 42 33 31 11 24 14 14 11 14 33 31 11
1 23 41 32 42 41 32 44 23 11 14 13 23 22 22 23 42 33 33 44 24 14 14 14 14 32 31 41
1 22 44 33 44 44 32 44 22 11 11 11 22 22 22 22 44 33 33 14 22 11 11 11 11 32 33 44
1 23 11 32 42 41 22 41 23 44 14 13 33 22 23 23 22 32 31 14 24 11 14 14 14 32 31 44
1 23 41 32 22 41 32 41 22 14 44 13 33 23 33 23 42 33 33 44 24 14 14 44 44 32 11 11
1 33 41 32 44 44 33 44 22 14 44 11 23 22 22 22 42 33 33 14 24 14 14 14 14 32 31 41
1 23 44 33 44 44 33 44 23 11 11 11 22 22 22 22 44 33 33 14 24 11 11 11 11 33 31 41
1 22 44 33 44 44 33 44 22 11 11 11 22 22 22 22 42 33 33 14 22 11 14 11 14 32 33 44
1 22 44 33 42 44 32 44 23 14 14 11 23 22 23 23 42 33 33 14 22 11 14 11 14 33 33 11
1 22 44 33 42 44 32 44 22 11 14 11 33 22 23 22 44 33 33 11 22 11 11 11 11 32 33 41
1 22 41 33 42 44 33 44 23 14 14 11 22 22 23 23 42 33 31 14 22 14 14 11 14 32 31 44
1 22 44 33 44 44 33 44 22 14 14 11 22 22 22 22 44 33 33 14 22 11 11 11 11 33 33 44
1 22 44 33 44 44 33 44 22 11 11 11 23 22 22 22 44 33 33 11 22 11 11 11 11 33 33 44
1 22 44 32 44 44 33 44 22 11 14 11 22 22 22 22 42 33 33 14 24 11 11 11 11 33 33 44
1 22 44 33 44 41 33 41 23 44 14 11 33 23 23 22 44 32 33 11 24 14 44 14 14 32 31 11
1 23 41 32 44 44 33 44 22 14 14 13 23 22 23 22 42 33 33 11 22 14 14 11 14 32 31 41
1 23 44 32 44 41 32 44 23 14 14 11 23 23 23 23 42 32 31 14 24 14 14 14 14 32 31 41
1 22 41 32 44 41 33 41 22 14 14 11 23 22 22 23 44 33 33 14 24 14 14 11 14 32 31 44
1 22 41 22 44 44 33 44 22 44 14 11 23 22 33 23 42 32 33 14 22 11 11 11 14 33 31 41
1 33 41 22 42 41 32 41 23 44 44 13 33 22 33 23 22 22 11 44 44 44 44 14 44 22 31 41
1 22 44 33 44 44 33 44 22 11 11 11 23 22 22 22 44 33 33 11 22 14 11 11 11 32 33 41
1 22 44 33 44 44 33 44 22 11 14 11 22 22 23 22 42 33 33 11 22 11 11 11 11 33 33 44
1 22 44 33 44 44 33 44 22 11 11 11 22 22 22 22 44 33 33 11 22 11 11 11 11 33 33 44
1 33 11 22 42 41 32 41 33 44 14 13 23 23 23 23 22 22 31 44 24 14 44 14 44 22 11 41
1 33 44 32 44 44 32 41 23 14 44 13 23 22 22 33 42 32 33 14 24 44 14 14 44 22 31 41
1 22 44 33 44 44 33 44 22 11 11 11 22 22 22 22 44 33 33 14 22 11 11 11 11 32 33 44
1 22 44 33 44 44 33 44 22 11 11 11 22 23 22 22 44 33 33 11 24 11 11 11 11 33 31 44
1 22 44 33 42 44 33 44 22 14 14 11 22 22 23 23 44 32 33 44 22 11 14 11 11 33 33 44
1 22 41 32 42 41 32 41 22 14 14 11 23 23 23 23 42 33 33 14 24 14 14 14 14 32 31 41
1 22 44 33 44 44 33 44 22 11 11 11 22 22 22 22 44 33 33 11 22 11 11 11 14 33 33 44
1 23 41 32 42 41 32 41 23 14 14 13 23 23 23 23 42 32 31 14 24 14 14 14 14 32 31 41
1 22 44 33 44 41 32 44 23 11 44 11 23 22 33 22 22 33 33 44 22 14 11 11 44 32 31 41
1 22 41 33 44 44 32 44 22 14 11 11 23 22 22 23 44 33 33 14 24 11 11 11 14 33 11 11
1 23 41 32 42 41 32 41 23 14 14 13 23 23 23 23 42 32 31 14 24 14 14 14 14 32 31 41
1 22 41 32 42 41 32 44 22 14 14 13 23 23 22 23 22 32 33 14 24 44 14 14 14 22 33 41
1 33 41 22 22 11 22 41 23 14 44 33 33 23 33 33 42 22 33 44 44 44 44 14 44 22 11 11
1 22 44 32 44 44 32 44 23 14 44 33 33 23 23 22 44 32 31 44 24 44 44 11 44 33 11 11
1 22 44 32 42 44 32 41 22 14 14 33 23 22 23 23 42 32 33 11 22 14 14 14 44 22 33 41
1 22 44 32 44 44 33 44 22 14 14 11 22 22 22 23 42 32 33 11 22 14 14 11 14 32 31 41
1 22 41 22 42 41 32 44 23 44 14 11 33 23 33 23 42 32 31 14 44 11 44 11 44 32 31 11
1 22 41 33 44 44 33 44 22 14 14 11 22 22 22 22 42 33 33 14 22 11 11 11 14 33 31 44
1 22 44 33 44 44 32 44 22 14 11 11 23 22 23 22 42 32 33 11 24 44 14 14 44 32 33 41
1 22 44 33 44 44 22 44 22 14 14 11 23 22 22 23 44 33 33 11 24 14 14 14 14 22 31 41
1 23 41 33 44 41 33 44 22 11 14 11 33 23 23 23 42 32 31 14 22 44 14 11 14 22 11 11
1 23 41 32 42 41 32 41 23 14 14 13 23 23 23 23 42 33 31 14 24 14 14 14 14 32 31 44
1 22 44 33 44 44 33 44 22 11 11 11 22 22 22 22 44 33 33 11 22 11 14 11 11 33 33 44
1 22 44 32 42 44 32 44 22 14 11 11 23 22 23 23 42 32 31 14 24 14 14 11 14 32 31 41
1 22 44 33 44 44 33 44 22 14 11 11 22 22 22 22 44 33 33 11 22 11 11 11 11 33 31 44
1 23 41 32 44 41 33 44 22 14 14 11 23 22 23 23 42 33 31 14 22 14 14 11 14 32 31 11
1 23 11 22 42 11 22 44 23 44 44 13 33 22 33 23 22 22 31 14 44 44 44 14 44 22 11 11
1 22 44 33 44 41 32 44 23 14 14 11 22 22 23 22 44 32 33 14 24 14 11 11 14 32 33 44
1 23 41 32 22 41 32 44 22 14 14 13 23 23 22 22 42 33 33 14 44 14 14 11 44 32 11 11
1 23 44 33 44 44 33 44 22 14 11 11 23 22 22 23 44 33 33 11 24 11 11 11 11 33 33 44
1 23 41 32 42 44 32 41 23 14 14 11 23 23 23 23 42 32 33 14 24 14 14 11 14 32 31 41
1 22 41 33 44 44 33 44 23 11 14 11 23 22 22 22 42 33 33 14 24 11 11 11 11 32 33 41
1 23 11 33 42 41 32 11 23 44 44 11 23 23 33 33 22 22 31 44 44 44 44 14 44 22 11 11
1 22 44 33 44 44 33 44 22 11 11 11 23 22 22 22 44 33 33 14 22 11 11 11 11 32 33 44
1 23 41 32 44 41 32 44 22 14 14 11 23 23 23 33 42 32 31 14 24 14 14 14 14 32 31 11
1 23 41 32 42 44 32 41 23 14 14 11 23 23 23 22 42 32 33 14 24 14 14 11 14 32 31 41
1 23 41 32 22 44 33 41 22 44 14 11 23 23 33 23 42 33 31 11 24 44 44 11 14 32 31 41
1 33 44 22 44 41 33 41 22 14 14 33 33 22 33 22 44 33 33 14 24 44 14 14 14 22 11 41
1 23 41 32 42 41 22 41 23 14 14 13 23 23 23 33 22 32 31 14 24 14 44 14 14 22 11 11
1 23 41 32 42 44 32 41 23 44 14 13 23 23 23 23 42 32 31 14 24 14 14 14 14 32 31 41
1 22 41 33 42 44 32 44 23 14 14 11 23 22 23 23 44 33 33 14 24 11 14 11 14 32 31 41
1 23 41 32 42 41 32 41 23 14 14 11 23 23 23 22 42 33 33 14 44 14 14 11 14 33 31 11
1 23 41 32 44 41 33 44 23 14 14 11 23 23 23 23 42 33 31 14 24 11 14 14 44 32 31 41
1 23 44 33 44 44 33 44 22 11 11 11 22 22 23 22 44 33 33 14 22 14 11 11 14 32 33 41
1 23 41 33 42 44 32 44 23 14 14 13 23 22 23 23 42 32 31 14 24 14 14 14 14 32 31 41
1 22 41 32 42 41 22 41 23 44 44 11 33 22 23 22 22 32 31 14 22 14 44 14 44 22 31 41
1 23 44 33 42 44 32 44 22 11 11 13 22 22 23 22 42 33 31 14 22 14 14 11 44 32 33 44
1 23 11 22 22 11 32 41 33 44 44 33 33 33 33 23 42 32 31 44 44 44 44 44 14 22 11 11
1 22 44 32 44 44 33 44 22 11 14 11 22 22 22 22 44 33 33 44 22 14 11 11 11 33 33 44
1 33 41 32 42 44 33 44 22 14 11 13 23 23 23 22 44 32 33 14 24 11 11 14 14 32 33 44
1 33 41 32 22 11 22 41 33 44 14 33 33 23 33 33 22 32 31 14 24 14 14 14 44 22 11 11
1 23 41 32 42 41 33 41 22 14 14 11 23 23 23 23 44 32 31 14 24 14 14 14 14 32 31 41
1 22 44 33 44 44 33 44 22 11 11 11 23 22 23 22 44 33 33 11 22 11 11 11 14 32 33 44
1 22 44 33 42 41 32 44 23 14 14 11 23 22 22 22 44 33 33 14 22 11 11 11 11 33 31 44
1 22 11 32 22 41 32 41 23 11 14 13 33 33 23 33 44 32 33 14 44 14 14 44 14 22 31 41
1 22 44 33 44 44 33 44 22 11 14 11 22 22 22 22 44 33 33 11 22 14 14 11 11 33 33 44
1 22 44 33 44 44 32 44 22 11 11 11 23 22 23 22 44 33 33 11 22 14 11 11 11 33 33 44
1 22 44 33 44 41 32 44 22 11 14 11 23 22 23 22 44 33 33 14 22 11 11 11 11 33 31 44
1 22 11 32 22 41 33 41 22 44 14 11 33 22 33 23 42 32 31 14 44 44 11 14 44 22 31 41
1 22 41 33 44 44 32 44 22 14 44 11 33 22 23 23 44 32 33 11 22 14 14 11 11 22 33 44
1 23 41 22 44 41 32 44 22 44 44 13 23 22 33 23 22 33 31 44 44 14 44 11 44 22 31 41
1 22 41 32 42 44 22 44 22 14 14 13 33 22 23 23 22 32 33 44 24 11 14 11 14 32 31 41
1 23 41 32 42 44 32 41 22 14 14 11 23 23 33 23 42 33 31 14 24 14 14 11 14 32 11 41
1 22 41 22 42 44 33 44 22 14 14 11 22 22 23 23 42 33 31 11 22 11 11 11 11 32 33 41
1 23 44 22 44 41 32 44 23 14 14 11 23 22 33 22 44 33 33 14 24 11 14 11 14 32 31 41
1 23 11 22 22 11 32 41 23 44 44 11 33 23 33 33 22 33 31 44 22 44 44 44 14 32 11 11
1 22 41 32 44 41 33 44 22 11 11 11 23 22 23 22 44 33 33 14 22 11 11 11 11 33 33 44
1 33 41 32 42 41 32 41 23 14 14 13 33 23 23 23 42 32 31 14 44 44 44 14 14 22 11 41
1 23 41 32 42 41 33 41 22 11 11 11 33 22 23 23 42 32 33 14 24 14 44 14 14 33 33 44
1 22 44 33 42 44 33 44 22 14 14 11 23 22 22 22 42 33 31 11 24 11 14 11 11 32 33 44
1 22 44 33 44 44 33 44 22 14 14 11 22 22 22 22 44 33 33 11 22 11 11 11 11 33 33 41
1 22 44 32 44 41 33 44 22 11 14 11 23 22 22 22 44 33 33 14 22 11 14 11 11 32 33 41
1 22 44 33 44 41 33 44 22 11 11 11 22 22 22 22 44 33 33 11 22 11 11 11 11 33 33 44
1 23 44 33 44 44 33 44 22 11 14 11 22 22 22 22 44 33 33 11 22 11 11 11 11 33 33 44
1 23 41 33 42 41 32 41 23 14 14 13 23 22 23 23 42 32 31 14 24 14 11 14 44 32 31 41
1 23 44 33 42 44 33 44 22 14 14 11 33 22 23 23 44 33 33 14 24 14 11 11 11 33 33 41
1 23 41 32 44 44 33 41 23 14 14 13 23 22 23 23 42 32 31 14 24 14 14 14 14 32 31 41
1 23 41 32 44 44 32 44 23 14 14 11 33 23 23 23 42 32 33 11 24 44 14 14 14 32 31 44
1 22 44 33 44 44 33 44 23 11 14 11 22 22 22 22 42 33 33 14 22 11 11 44 11 33 31 11
1 22 41 33 42 44 33 44 22 11 14 11 22 22 23 22 42 33 33 11 22 11 14 11 11 32 33 44
1 23 41 33 44 41 33 44 22 11 14 13 23 22 23 23 42 33 31 14 24 11 11 11 14 22 33 41
1 22 44 32 42 44 33 44 22 11 14 11 23 22 22 23 44 33 33 11 24 14 14 11 14 32 31 41
1 22 44 33 44 41 33 44 22 11 11 11 23 22 22 22 42 33 33 14 22 14 14 11 11 32 33 41
1 23 41 32 42 41 32 41 22 14 14 11 23 22 23 23 42 32 33 14 24 14 14 14 14 32 31 41
1 22 44 33 44 44 33 44 22 14 11 11 23 22 22 22 44 33 33 11 22 11 11 11 11 33 33 41
1 22 41 33 44 44 33 44 22 11 14 11 23 22 23 23 42 33 33 11 22 11 11 11 11 33 31 44
1 22 44 33 22 41 22 44 22 14 14 13 33 23 33 22 42 33 31 14 22 11 44 11 14 33 33 41
1 23 44 32 42 44 32 41 23 14 14 13 23 23 23 23 42 33 33 14 24 14 14 14 14 32 31 41
1 22 44 33 44 44 33 44 22 11 11 11 22 22 22 22 44 33 33 11 22 11 11 11 11 33 33 44
1 23 11 22 42 44 33 44 22 14 44 11 33 22 33 33 42 33 33 14 24 11 44 11 44 22 31 41
1 23 44 33 44 41 33 44 22 14 14 11 23 22 33 23 42 32 33 11 22 14 11 11 11 32 33 44
1 22 44 33 44 44 33 44 22 11 11 11 22 22 22 22 44 33 33 14 22 11 11 11 11 33 33 41
1 23 41 33 42 44 33 44 22 14 11 11 22 22 23 22 42 33 33 11 22 14 11 11 11 32 33 44
1 23 11 22 42 11 22 41 23 44 44 13 33 23 23 33 42 32 31 44 44 14 14 44 44 22 11 41
1 22 41 32 44 44 33 44 22 44 14 11 33 23 22 33 42 33 33 14 22 14 14 11 14 22 31 41
1 23 41 33 44 44 33 44 22 14 44 11 23 22 23 22 42 33 33 11 24 14 11 11 11 33 31 41
1 23 41 32 44 41 33 44 22 14 14 11 23 22 22 23 42 32 33 14 24 14 11 11 14 32 31 41
1 23 44 32 22 41 22 41 23 14 44 13 23 23 33 33 22 32 33 14 24 44 44 14 44 22 11 41
1 22 44 33 44 44 33 44 22 11 14 11 22 22 23 23 42 33 33 11 22 11 11 11 14 33 31 44
1 22 44 32 44 41 32 41 22 14 14 11 23 22 23 22 42 33 33 14 22 11 14 11 11 32 33 44
1 23 41 22 42 41 32 41 22 14 44 13 23 23 23 23 42 33 31 14 24 14 14 11 44 32 31 41
1 23 41 32 42 41 32 11 23 14 14 13 33 22 33 23 22 32 31 14 44 44 14 11 14 22 33 11
1 22 44 33 44 44 33 44 22 11 14 11 22 23 23 23 44 33 33 14 24 14 14 11 14 32 33 41
1 22 44 32 44 44 32 44 22 14 11 13 23 22 22 23 44 33 33 11 22 14 11 11 44 22 33 11
1 33 11 22 42 11 22 41 23 44 44 13 33 23 33 33 22 32 31 44 24 44 44 11 14 22 31 11
1 23 41 32 42 41 32 41 23 14 14 13 23 23 23 23 42 32 31 44 24 14 14 11 14 32 31 41
1 23 41 22 42 11 32 44 22 44 14 13 33 23 33 23 42 32 31 44 44 44 11 11 44 22 31 11
1 22 44 32 42 41 33 44 22 14 44 11 33 22 23 23 44 32 11 11 44 44 44 44 44 22 33 44
1 23 11 32 42 44 33 41 22 14 44 13 23 23 23 23 22 33 31 44 44 44 44 14 44 32 11 41
1 23 41 32 42 41 32 41 23 44 44 11 33 23 23 23 42 32 33 14 24 14 44 11 44 22 31 41
1 23 41 22 22 41 32 44 22 44 44 11 23 23 23 23 22 32 33 44 44 14 44 14 14 22 31 11
1 22 44 32 44 44 32 44 22 14 11 13 22 22 22 23 42 33 33 11 24 14 11 11 11 32 33 44
1 22 41 33 44 44 32 41 22 14 44 11 22 22 23 22 44 33 33 14 22 14 14 11 14 32 31 44
1 22 41 22 44 44 22 41 23 14 44 13 33 23 23 33 42 32 31 44 44 44 14 11 44 22 11 11
1 22 44 32 42 41 32 41 22 44 11 11 23 22 33 22 42 33 33 11 22 14 11 11 14 32 33 44
1 22 44 33 42 44 33 44 23 14 14 13 23 22 23 22 42 32 33 14 22 11 14 11 14 32 33 44
1 23 41 33 44 44 32 44 22 44 44 11 23 22 23 22 42 33 33 14 24 14 44 11 44 32 31 44
1 22 44 33 44 44 33 44 22 11 11 11 22 22 23 22 44 33 33 11 24 11 11 11 11 33 33 44
1 33 41 32 42 41 32 41 23 14 44 13 33 23 33 33 42 33 31 44 44 44 44 14 44 22 31 41
1 22 44 33 44 41 32 44 22 44 14 11 23 22 23 22 44 33 33 11 24 44 14 11 14 22 11 41
1 22 44 33 44 44 33 44 22 14 14 11 23 22 22 22 42 33 33 11 22 14 11 11 14 33 31 44
1 33 11 22 22 11 22 11 33 44 44 33 33 33 33 23 22 33 31 44 44 44 44 14 44 22 11 11
1 23 44 32 42 41 33 44 22 14 14 11 23 22 23 22 42 33 33 14 24 14 14 11 44 32 31 41
1 22 41 33 44 44 33 44 23 14 14 11 23 23 23 22 22 33 33 14 24 14 11 11 44 33 33 41
1 23 41 33 44 44 22 11 23 44 14 11 23 22 22 23 42 32 33 44 44 44 14 14 44 22 31 44
1 23 41 33 44 44 33 44 22 44 14 11 23 22 22 23 42 33 33 14 44 11 11 11 14 22 31 44
1 23 41 32 42 44 32 41 23 14 14 13 23 23 23 23 42 32 31 14 24 14 14 14 14 32 31 41
1 22 44 32 42 44 32 41 23 14 14 11 23 22 23 23 42 33 33 14 22 11 14 14 14 32 33 41
1 23 41 32 42 44 32 44 22 14 14 11 23 23 23 23 42 32 33 14 24 44 44 11 14 22 31 41
1 22 41 22 42 41 32 41 23 14 44 13 33 22 23 23 22 32 31 14 24 14 44 11 14 22 11 44
1 22 44 32 44 44 33 44 22 44 14 11 22 22 22 23 42 33 33 11 24 11 11 14 14 22 31 44
1 22 41 32 42 44 33 44 22 44 11 11 33 23 23 33 22 22 31 14 24 44 44 44 44 33 31 11
1 23 11 33 22 44 33 41 22 14 14 11 33 22 23 23 42 33 31 11 24 14 11 14 14 22 31 41
1 23 44 32 44 41 32 41 22 14 14 11 23 22 22 23 22 33 33 44 44 14 14 14 14 32 31 41
1 22 44 33 44 44 32 44 22 11 14 11 22 22 23 22 44 33 33 14 22 11 11 11 11 32 33 44
1 22 44 32 42 44 33 44 22 11 14 11 22 22 22 22 44 33 33 14 44 11 14 11 14 33 31 44
1 22 44 33 44 44 32 44 22 11 11 11 22 22 23 22 44 33 33 14 24 14 11 11 14 33 31 41
1 22 44 32 44 44 33 44 22 11 11 11 23 22 22 22 42 33 33 11 24 11 11 11 11 33 33 44
1 22 44 32 42 44 32 44 22 14 14 11 22 22 22 23 44 33 33 11 24 14 11 11 11 33 31 44
1 22 44 32 44 44 32 44 22 14 14 11 23 22 33 23 42 32 33 11 22 11 14 11 14 33 33 44
1 22 44 32 44 41 33 44 22 11 14 11 23 23 23 23 44 33 33 14 22 14 11 14 14 32 31 41
1 33 11 22 42 41 32 44 22 44 44 33 33 22 23 33 22 22 33 44 44 14 44 14 44 22 11 11
1 22 44 33 44 44 33 44 22 11 11 11 22 22 22 22 44 33 33 11 22 11 11 11 11 33 33 44
1 22 44 33 44 44 32 44 22 14 11 11 23 22 23 22 44 32 31 11 22 11 14 14 14 32 33 44
1 22 41 32 42 44 33 44 22 14 14 13 23 22 23 22 42 33 33 14 24 11 14 14 14 32 31 41
1 22 44 32 42 41 32 44 22 14 14 11 33 22 23 23 42 32 33 14 24 14 14 11 14 32 31 41
1 23 41 32 42 44 32 44 23 14 14 11 23 22 23 23 44 33 33 14 22 11 14 11 14 32 11 41
1 22 41 33 44 44 32 44 23 11 11 11 23 22 23 23 42 32 33 14 24 14 11 11 14 32 31 44
1 23 41 22 44 41 32 44 22 14 14 11 33 22 23 22 44 33 33 14 22 14 14 14 14 22 31 44
1 22 44 32 44 44 33 41 22 14 14 13 23 22 23 22 42 32 33 11 22 14 44 14 14 22 31 41
1 23 41 32 44 41 33 41 23 14 14 13 22 22 23 23 44 32 33 14 22 14 14 11 14 32 33 44
1 22 44 33 44 44 32 44 22 44 14 13 23 22 22 22 42 33 33 11 22 14 11 11 14 22 33 41
1 23 41 32 42 41 32 41 22 14 14 13 23 23 23 23 42 32 31 14 24 14 14 14 14 32 31 41
1 22 44 33 42 44 33 44 22 11 14 11 23 22 23 22 44 33 33 14 24 14 11 14 11 32 31 41
1 22 41 32 44 44 32 44 22 44 44 11 22 22 23 33 42 33 33 11 44 14 14 11 14 22 33 41
1 22 41 32 42 41 33 44 22 44 44 11 33 22 23 22 22 33 33 44 22 14 44 14 14 33 33 44
1 22 44 33 44 44 33 44 22 11 11 11 22 22 22 22 44 33 33 11 22 11 11 11 11 33 33 44
1 33 41 32 42 41 22 41 23 44 44 13 33 23 33 33 42 32 11 44 44 44 44 14 44 22 31 11
1 22 41 32 44 44 33 44 22 11 14 11 22 22 23 22 44 33 33 11 22 14 11 11 11 32 31 44
1 23 44 32 42 41 22 44 22 11 14 11 22 22 33 33 42 32 31 14 24 14 14 14 14 22 31 11
1 22 41 32 44 41 32 44 23 14 14 11 23 23 23 33 42 33 31 14 24 14 14 11 14 33 31 41
1 22 41 32 42 44 32 41 22 14 14 13 22 22 33 23 44 32 31 14 24 14 44 11 44 32 31 44
1 33 41 32 42 41 22 41 23 14 44 33 33 23 23 33 22 32 31 14 44 44 44 44 14 22 31 11
1 23 41 32 42 44 32 44 23 14 14 13 23 22 23 23 42 32 33 14 24 14 14 14 14 32 31 41
1 23 41 33 44 41 33 44 23 14 44 11 23 22 23 23 42 32 33 14 22 44 14 11 11 22 31 41
1 22 44 33 44 41 33 41 22 11 14 11 23 22 23 22 42 33 33 14 22 11 14 11 14 33 33 41
1 23 41 33 44 44 33 44 22 11 11 11 22 22 22 22 42 33 33 14 22 14 14 11 14 32 33 44
1 33 11 22 22 11 22 41 23 44 44 33 33 23 33 33 22 22 11 44 44 44 44 14 14 22 11 11
1 23 11 33 22 41 32 44 33 44 11 11 33 22 23 23 44 33 33 44 44 44 11 11 14 22 33 11
1 23 44 33 42 41 32 44 23 14 11 11 33 22 23 23 44 33 31 14 24 11 14 11 14 32 33 41
1 22 11 33 42 44 33 44 22 44 14 11 23 22 33 22 42 33 31 44 22 11 14 11 14 22 31 41
1 22 44 32 42 41 32 41 22 14 14 11 23 22 23 23 42 33 31 14 24 14 14 14 11 32 31 41
1 23 44 32 42 41 32 41 23 14 14 13 23 23 23 23 42 32 31 14 24 14 14 11 14 32 31 41
1 22 44 33 44 41 33 44 23 44 14 11 23 22 23 22 42 33 33 14 22 11 14 11 11 33 33 44
1 23 41 32 22 44 33 44 22 14 44 11 33 22 23 23 42 33 33 14 24 11 11 11 14 32 31 11
1 22 44 32 44 44 33 44 23 11 11 11 23 22 23 23 42 33 31 11 22 11 11 11 11 32 33 44
1 23 44 33 42 44 32 41 23 11 14 11 22 22 23 23 42 33 31 14 22 14 14 14 14 33 33 41
1 33 44 32 42 41 33 44 22 14 14 11 23 22 23 23 44 33 31 14 24 11 14 11 44 32 31 44
1 22 44 33 44 44 33 44 23 11 11 11 22 22 22 22 44 33 33 11 22 14 11 11 11 33 33 44
1 33 41 32 42 41 22 41 23 14 14 13 23 22 23 23 42 32 31 14 24 14 14 44 14 22 31 41
1 23 41 33 44 44 33 44 22 11 14 11 23 23 23 23 42 32 33 14 24 14 14 14 14 32 31 41
1 23 44 32 44 44 32 41 23 14 14 13 23 23 33 23 42 32 31 14 24 14 14 14 11 32 31 41
1 23 41 32 42 44 32 44 22 14 14 13 23 23 23 23 42 32 33 11 24 14 14 11 11 32 31 41
1 22 44 32 44 44 33 44 22 14 14 11 23 22 23 23 44 33 33 11 22 14 11 11 14 33 33 44
1 22 44 33 44 44 33 44 22 11 14 11 23 22 22 22 44 33 33 14 22 11 11 11 14 33 33 44
1 22 44 32 44 44 33 44 23 14 14 11 23 22 23 22 42 32 31 11 22 11 14 11 14 32 33 44
1 22 44 33 44 44 33 44 22 11 11 11 22 22 22 22 44 33 33 14 22 11 11 11 11 33 33 44
1 22 41 32 42 41 32 44 23 14 44 11 23 23 23 22 42 32 33 14 22 14 44 11 14 32 31 41
1 22 44 33 44 44 33 44 22 11 11 11 22 22 22 22 44 33 33 11 22 11 11 11 11 33 33 44
1 23 44 33 42 44 32 41 22 14 14 11 23 22 23 22 42 33 31 14 22 14 14 11 14 32 31 41
1 23 41 32 42 44 32 41 23 14 14 11 23 22 23 22 42 33 33 14 24 14 14 14 14 32 31 41
1 23 44 32 42 44 33 44 22 14 14 11 23 22 23 22 42 33 33 14 22 14 11 11 14 32 31 41
1 22 41 33 44 44 33 44 22 11 11 11 22 22 22 22 44 33 33 11 22 11 11 11 11 33 33 44
1 22 41 33 44 44 33 44 22 11 11 11 22 22 22 22 44 33 33 11 22 11 11 11 11 33 33 44
1 23 44 33 42 44 32 44 22 11 14 11 23 22 23 23 44 33 33 14 22 11 11 11 14 32 31 44
1 22 44 33 44 41 33 44 22 14 44 11 23 23 33 23 42 33 31 11 24 44 11 11 11 32 11 11
1 23 41 22 42 41 32 41 23 14 14 13 23 23 23 23 42 32 31 14 24 14 14 14 14 32 31 41
1 22 44 32 44 44 33 41 22 14 14 11 33 22 23 23 42 32 33 14 24 11 14 14 14 22 31 41
1 23 41 32 42 41 32 41 23 14 14 13 23 23 23 23 42 32 31 14 24 14 14 14 14 32 31 41
1 23 44 32 42 41 33 44 23 14 14 11 23 23 23 23 42 32 31 14 24 14 11 11 14 32 31 41
1 22 44 33 44 44 33 44 22 14 14 11 23 22 22 22 44 33 31 14 24 14 11 11 14 32 33 41
1 22 44 33 44 44 33 44 22 11 14 11 23 22 22 23 44 33 33 14 22 11 11 11 14 22 33 44
1 23 41 32 44 11 32 44 23 14 14 11 33 23 33 33 42 33 33 14 24 14 14 11 44 32 11 11
1 23 41 32 42 44 33 44 22 14 14 11 23 22 23 23 42 32 33 14 24 11 44 14 14 32 31 41
1 23 41 32 42 41 32 41 23 11 14 11 23 22 22 22 42 33 31 14 24 11 11 11 14 32 33 44
1 22 41 33 44 44 32 44 22 14 44 11 33 22 22 23 44 33 33 11 22 11 14 11 14 22 33 44
1 33 41 22 22 41 32 11 23 44 44 33 33 23 23 33 42 33 31 44 44 44 14 14 14 22 11 11
1 22 44 33 44 44 33 44 22 11 11 11 22 22 22 22 44 33 33 11 22 11 11 11 11 32 31 44
1 33 11 22 22 11 22 11 33 44 44 33 33 23 33 33 22 32 31 44 44 44 44 44 44 22 11 11
1 23 41 22 22 41 32 44 23 44 14 11 33 23 23 33 42 33 31 14 22 14 14 14 14 32 31 41
1 22 41 33 44 41 33 44 23 11 14 11 23 22 23 22 22 33 33 44 24 14 14 11 14 33 33 41
1 22 44 33 42 44 33 44 22 14 11 11 23 22 22 22 44 33 33 14 22 11 11 11 11 32 33 44
1 23 44 33 44 44 33 44 22 11 11 11 22 22 22 23 42 33 33 14 24 14 14 14 11 32 31 44
1 22 41 32 42 41 32 41 23 44 14 11 22 22 23 23 42 33 31 11 22 14 14 11 44 32 33 41
1 23 41 32 44 41 33 44 22 11 44 13 23 22 23 33 42 33 33 44 24 44 14 11 11 32 33 41
1 23 41 33 44 44 32 44 22 14 14 11 23 22 22 22 42 33 33 14 24 11 11 11 11 32 33 44
1 22 44 33 44 44 33 44 22 11 14 11 22 22 22 22 42 33 33 14 22 11 11 11 11 33 33 44
1 22 44 32 44 44 33 44 22 14 14 11 23 22 22 23 42 33 33 11 22 11 11 11 11 32 31 41
1 23 41 33 44 44 33 44 22 14 11 11 22 22 23 23 44 33 33 44 22 11 11 14 44 32 31 41
1 22 44 32 42 41 33 44 23 14 14 11 23 22 23 23 42 33 33 14 44 11 14 14 14 32 31 41
1 23 44 32 42 41 33 44 22 14 14 11 23 22 23 22 42 33 33 14 24 11 14 11 14 32 33 44
1 22 41 33 44 44 33 41 22 14 14 11 22 22 23 22 42 33 33 11 22 11 14 44 11 32 31 41
1 22 41 32 44 44 33 41 22 14 14 11 23 22 23 23 44 33 33 14 22 11 44 11 14 32 33 41
1 23 44 32 42 41 33 41 22 11 44 11 22 22 23 23 42 33 33 11 22 11 14 11 11 32 31 41
1 22 41 33 44 44 33 44 22 11 11 11 22 22 22 22 42 33 33 14 22 14 11 11 14 33 33 44
1 23 44 32 42 44 33 44 22 44 11 11 33 22 22 22 42 33 33 11 22 14 14 11 44 22 33 41
1 22 44 33 44 44 33 44 22 11 11 11 23 22 22 22 44 33 33 11 22 11 11 11 11 33 33 44
1 23 44 22 42 11 33 41 23 44 44 13 33 33 23 33 22 32 33 44 44 14 14 11 14 33 31 11
1 22 44 33 44 44 33 44 22 11 11 11 23 22 22 22 44 33 33 11 22 11 11 11 11 33 33 44
1 22 44 32 44 44 32 44 22 14 14 11 23 22 22 22 42 33 33 11 24 14 14 11 11 33 33 44
1 33 41 33 42 44 22 44 33 14 44 13 33 23 23 33 42 33 33 44 24 44 14 14 14 32 11 41
1 22 44 33 44 44 33 41 22 14 14 11 22 22 22 22 44 33 33 11 22 14 14 11 11 32 31 44
1 22 41 32 44 44 33 41 23 14 11 11 22 22 23 23 42 33 33 14 24 11 11 11 14 32 33 44
1 22 41 33 42 41 32 41 22 14 14 11 22 22 33 23 42 33 31 11 22 14 14 11 14 22 33 41
1 33 11 22 42 41 22 44 23 14 44 11 23 23 33 22 42 32 33 44 24 14 11 14 14 32 31 41
1 23 41 32 44 44 32 41 23 14 14 13 33 23 23 23 42 32 33 14 22 14 14 14 14 32 31 41
1 22 44 33 44 44 33 44 22 11 11 11 22 22 22 22 44 33 33 11 22 11 11 11 11 33 33 44
1 22 41 33 44 44 33 44 22 14 11 13 23 22 22 23 42 33 33 11 22 11 11 11 14 32 33 44
1 22 44 32 44 44 32 44 22 14 14 11 23 22 22 23 42 33 33 11 24 14 11 14 11 33 33 41
1 22 44 33 44 44 33 44 22 11 44 11 23 22 22 22 44 33 33 11 22 11 11 11 11 33 33 44
1 22 41 32 44 44 33 44 22 14 11 11 22 22 22 22 44 33 33 14 22 11 14 11 11 22 31 44
1 23 11 32 42 41 22 11 23 44 44 13 33 23 33 23 42 32 33 14 24 44 44 11 44 22 31 41
1 22 44 33 44 44 33 44 22 11 11 11 22 22 22 22 44 33 33 11 22 11 11 11 11 33 33 44
1 22 44 32 44 44 33 44 22 11 11 11 22 22 22 22 44 33 33 11 22 11 14 11 11 33 33 44
1 22 44 32 44 44 33 44 22 11 11 11 22 22 23 23 44 33 33 14 22 14 11 11 14 32 33 44
1 22 44 33 44 44 33 44 22 11 14 11 22 22 22 22 44 33 33 11 22 11 11 11 11 33 33 44
1 23 44 32 42 41 32 41 23 14 14 13 23 23 23 23 42 32 31 44 24 14 14 14 14 32 31 41
1 22 44 33 44 44 33 44 22 11 14 11 22 22 22 22 44 33 33 14 22 11 11 11 11 33 33 44
1 33 44 32 42 44 33 44 22 11 14 11 33 23 33 33 42 33 33 44 24 44 44 14 44 32 31 11
1 22 44 33 44 44 33 44 22 11 14 11 22 22 22 22 42 33 33 44 24 14 11 11 14 33 31 44
1 22 41 32 42 41 33 44 22 14 14 11 23 23 23 22 22 32 33 14 22 14 14 11 14 32 33 44
1 23 41 32 42 41 33 41 23 14 14 13 23 22 33 23 42 32 31 14 24 44 14 14 14 32 31 41
1 22 44 33 44 44 33 44 23 14 14 11 23 22 23 22 42 33 33 44 24 14 14 14 44 32 31 11
1 22 44 33 44 44 33 44 22 11 11 11 22 22 23 22 44 33 33 11 22 11 11 11 11 33 33 44
1 22 44 33 44 44 33 44 22 11 11 11 22 22 22 22 44 33 33 11 22 11 11 11 14 33 33 44
1 23 44 33 44 41 32 44 23 44 14 11 23 23 23 23 22 32 31 14 24 14 14 14 14 32 31 41
1 23 41 32 42 41 32 44 23 14 14 13 23 23 23 23 42 33 33 44 44 14 11 14 44 32 31 41
1 22 41 32 22 41 32 41 23 44 14 11 23 22 23 23 22 33 31 14 24 11 14 14 14 33 11 41
1 22 44 33 44 44 33 44 22 11 11 11 22 22 22 22 44 33 33 11 22 11 11 11 11 33 33 44
1 22 44 32 42 41 32 44 23 14 14 13 23 22 23 23 42 32 33 14 24 14 14 14 14 32 33 41
1 23 41 22 42 41 32 11 22 44 14 11 33 23 23 33 22 32 31 44 24 44 14 44 14 32 33 11
1 22 44 33 44 44 33 44 22 14 14 11 23 22 22 22 44 33 33 11 22 11 11 11 14 32 33 44
1 33 11 22 22 11 22 41 23 44 14 33 33 23 33 23 22 22 31 44 24 44 44 11 44 22 31 41
1 23 41 32 42 44 32 41 23 14 14 13 23 23 23 23 42 32 31 14 24 14 14 14 14 32 31 41
1 23 44 32 42 41 22 41 23 14 44 11 22 22 23 33 22 32 31 14 22 11 44 14 14 22 31 41
1 22 41 32 44 44 32 44 22 14 14 11 23 33 33 23 44 32 31 14 22 11 14 11 44 32 11 41
1 33 44 33 42 41 32 41 22 14 14 11 33 23 33 33 42 33 31 44 24 14 44 14 14 32 11 41
1 22 41 33 44 44 33 44 22 11 14 11 22 22 22 22 44 33 33 14 22 11 11 11 11 33 33 44
1 22 41 32 42 44 33 44 23 11 14 11 22 22 22 23 44 33 33 14 22 11 11 14 14 32 31 44
1 23 41 32 44 44 33 44 23 11 44 11 22 23 23 23 42 33 33 44 24 11 14 11 44 22 33 41
1 22 44 33 44 44 33 44 22 11 11 11 22 22 22 22 44 33 33 11 22 11 11 11 11 33 33 44
1 33 44 32 42 11 33 41 23 44 44 11 23 22 23 23 42 33 33 14 22 11 44 11 44 32 31 11
1 22 41 33 42 44 33 44 22 11 14 11 22 22 23 22 44 33 33 11 22 11 11 11 14 33 33 44
1 22 44 33 44 44 33 44 22 11 11 11 22 22 22 22 44 33 33 11 22 11 11 11 11 33 33 44
1 23 41 22 42 41 32 41 23 14 44 33 23 23 33 23 22 22 11 44 44 14 44 14 44 22 31 41
1 23 41 32 42 44 33 44 23 14 14 11 23 22 23 23 44 33 11 14 24 11 11 11 11 22 31 44
1 23 44 22 42 44 33 44 22 44 14 13 33 22 33 23 42 33 33 14 24 11 11 11 14 32 33 41
1 22 44 32 44 41 33 41 22 14 14 13 23 22 23 23 22 33 31 14 44 11 11 14 14 22 33 44
1 22 44 33 44 44 33 44 22 11 11 11 22 22 22 22 44 33 33 11 22 14 11 11 11 33 31 44
1 23 44 32 42 44 33 44 23 11 11 11 23 22 22 22 42 33 33 11 24 14 14 11 11 33 31 41
1 22 11 33 42 44 33 44 23 14 11 11 33 22 33 23 44 33 31 44 24 11 11 11 44 22 31 41
1 22 41 33 44 44 32 44 22 14 14 11 22 22 23 23 44 33 33 14 22 11 14 11 11 32 33 44
1 23 41 32 42 41 32 41 23 14 14 13 33 23 33 23 42 32 31 14 24 14 14 14 44 22 31 41
1 23 41 32 22 41 32 44 33 44 44 13 33 23 33 33 22 32 33 44 44 14 44 14 44 22 31 11
1 33 41 32 42 41 32 44 23 14 44 13 33 23 33 23 42 32 33 14 44 14 14 14 11 32 31 11
1 23 41 32 22 41 32 41 33 44 44 13 33 22 33 23 22 22 31 14 44 14 14 44 44 32 11 11
1 23 11 22 42 11 22 41 33 44 44 13 23 23 23 33 42 32 31 44 24 44 44 44 44 32 31 11
1 23 41 32 42 41 32 44 22 14 44 11 23 22 33 23 42 32 33 44 24 11 44 14 44 32 31 41
1 22 44 33 44 44 33 44 22 11 11 11 22 22 22 22 44 33 33 11 22 11 11 11 11 33 33 44
1 22 44 33 44 44 33 44 22 11 14 11 22 22 22 22 44 32 33 11 22 11 11 11 11 33 33 44
1 23 41 32 44 44 32 44 22 14 14 11 23 22 23 22 44 33 33 14 24 14 14 14 14 32 33 41
1 22 44 33 42 41 33 41 22 11 11 11 23 22 22 22 22 33 33 11 22 11 14 11 14 32 33 44
1 23 41 32 42 44 33 44 23 14 11 13 23 22 22 22 22 33 31 11 24 14 14 11 11 32 31 44
1 22 41 32 44 41 33 11 23 44 14 13 33 22 23 23 22 32 33 44 24 14 14 14 14 32 31 11
1 22 41 33 44 41 32 44 23 14 14 13 23 22 23 23 42 33 33 44 24 14 14 14 14 32 31 41
1 22 44 33 42 44 33 44 22 14 11 11 22 22 22 22 44 33 33 11 22 14 14 11 14 32 33 44
1 22 44 32 44 41 33 44 22 14 11 11 22 22 23 33 44 33 33 11 22 11 11 11 11 32 33 44
1 23 41 22 44 41 22 11 23 44 44 11 33 23 33 23 44 33 31 14 24 44 11 14 14 22 31 41
1 23 41 33 42 44 32 41 22 14 14 11 23 22 22 23 42 32 33 14 22 14 14 14 14 32 33 41
1 23 41 32 44 41 32 44 23 14 14 13 23 22 23 23 44 32 33 11 24 14 14 11 14 32 31 41
1 23 11 32 42 44 32 44 22 11 44 13 33 22 23 22 22 33 33 44 24 11 14 11 14 22 11 41
1 23 44 33 22 44 32 44 22 11 14 11 33 22 23 23 42 33 33 44 24 14 11 14 14 33 31 41
1 23 11 32 42 44 32 44 22 44 14 11 23 23 23 22 44 33 33 14 22 14 14 11 11 32 33 41
1 23 44 32 44 41 33 44 22 14 14 11 23 23 22 22 44 33 31 14 24 11 11 14 14 32 33 11
1 22 44 33 44 44 33 44 22 11 11 11 22 22 22 22 44 33 33 11 22 11 14 11 14 33 31 44
1 23 41 32 42 44 32 44 22 44 44 11 33 23 23 23 42 33 31 44 44 14 14 11 14 32 31 41
1 23 41 32 42 41 32 41 33 44 44 13 23 23 23 23 42 32 31 14 24 14 14 14 14 32 31 11
1 23 11 22 42 11 32 41 23 44 14 13 23 22 23 33 42 33 33 44 44 44 14 14 14 22 33 41
1 23 41 32 44 41 32 41 23 11 44 11 23 22 23 23 42 33 33 14 22 14 11 14 44 22 33 44
1 22 44 33 44 44 33 44 22 44 11 11 22 22 23 22 44 33 33 11 22 14 11 11 14 32 33 41
1 23 41 32 44 41 32 44 22 11 14 13 23 23 23 23 42 32 33 14 24 44 14 11 14 32 31 41
1 22 41 32 42 41 32 41 23 11 11 11 23 22 22 23 42 33 33 14 24 14 14 14 14 33 31 44
1 23 41 33 22 41 32 44 22 11 11 11 33 22 23 22 44 33 31 11 22 14 44 11 44 32 33 41
1 23 44 32 44 44 33 44 23 11 11 11 22 22 23 23 44 33 33 14 22 11 11 14 14 33 33 44
1 33 11 32 42 41 32 41 23 14 14 11 33 23 23 22 42 32 31 14 44 14 14 14 44 32 31 41
1 22 41 32 44 44 33 44 23 14 14 11 23 22 22 23 42 33 33 11 22 44 11 11 14 32 33 44
1 22 44 33 44 44 33 44 22 11 44 13 23 22 22 23 22 33 33 14 22 14 44 11 44 32 33 41
1 23 44 32 44 11 22 41 23 14 44 13 23 23 23 33 22 22 33 14 24 14 14 11 14 32 33 41
1 22 44 33 44 44 33 44 22 14 11 11 22 22 22 22 44 33 33 11 22 11 11 11 11 33 33 44
1 23 44 32 44 41 33 44 22 44 44 11 33 22 23 23 42 33 33 14 24 11 14 11 44 32 33 44
1 22 44 33 44 44 33 44 22 11 11 11 22 22 22 22 44 33 33 11 22 11 11 11 11 33 33 44
1 22 44 33 44 44 33 44 22 11 11 11 22 22 22 22 44 33 33 11 24 11 11 11 11 33 33 44
1 23 41 32 44 11 22 41 23 44 44 13 33 22 33 33 22 32 31 14 44 44 44 11 44 22 11 41
1 33 11 22 22 41 32 41 22 44 14 11 23 23 23 33 22 32 11 14 24 14 14 14 44 22 11 41
1 23 41 33 44 41 32 44 22 44 14 11 33 23 33 22 42 33 31 11 22 14 14 11 44 32 33 44
1 22 44 32 44 44 32 44 22 44 11 11 22 22 22 22 44 33 33 14 22 11 14 11 14 33 33 44
1 22 11 32 42 41 32 44 22 14 14 13 23 22 23 22 44 32 33 14 24 14 14 11 14 22 31 44
1 22 44 33 44 44 33 44 22 11 11 11 22 22 22 22 44 33 33 11 24 11 11 11 14 33 33 44
1 22 41 33 44 41 32 44 23 14 14 11 23 23 23 22 44 32 33 14 24 11 11 11 11 32 31 44
1 22 41 32 42 44 33 44 22 14 14 11 22 22 23 22 42 33 33 11 22 11 11 14 11 32 33 11
1 22 44 33 44 44 33 44 22 11 14 11 22 22 23 22 44 33 33 11 22 11 11 11 11 32 33 44
1 22 44 33 44 44 33 44 22 11 11 11 23 22 22 22 44 33 33 11 22 11 11 11 11 33 33 41
1 22 44 22 44 44 33 44 22 11 14 11 23 22 22 22 44 33 33 14 22 11 11 11 14 22 31 44
1 23 44 33 22 44 33 44 23 44 44 11 23 22 23 23 42 32 33 14 24 14 11 11 14 32 31 41
1 22 44 33 44 44 33 44 22 11 14 11 22 22 23 22 44 33 33 11 22 11 11 11 11 33 33 44
1 22 44 33 44 44 33 44 22 11 11 11 22 22 22 23 42 33 33 11 22 11 11 11 11 33 33 44
1 22 41 32 42 44 33 41 23 14 14 11 23 22 23 23 42 32 33 14 22 44 14 14 14 32 31 41
1 23 41 33 44 44 33 44 22 11 14 11 33 22 22 23 44 33 33 14 24 11 14 11 44 33 11 44
1 23 11 32 42 41 32 41 22 14 14 13 23 22 23 23 42 33 31 14 24 44 44 14 14 22 31 41
1 22 44 33 44 44 33 44 22 11 11 11 22 22 22 22 44 33 33 11 22 11 11 11 11 33 33 44
1 22 44 33 44 44 33 44 22 14 11 11 23 22 22 22 42 33 33 11 24 11 11 11 14 32 33 41
1 22 44 33 44 44 32 44 22 11 11 11 22 22 23 22 44 33 33 11 22 11 11 11 11 33 33 44
1 23 41 32 42 41 32 44 23 14 14 13 23 23 23 23 42 33 31 14 24 14 14 14 14 32 31 41
1 23 41 32 44 41 33 44 23 14 14 11 22 22 23 23 42 33 33 11 24 11 11 11 14 33 31 41
1 22 44 33 44 44 33 44 22 11 11 13 23 22 22 22 44 33 33 11 22 11 11 11 11 33 33 44
1 22 41 32 42 41 33 41 23 44 44 11 23 22 23 23 22 33 33 11 22 11 14 11 44 32 31 41
1 22 44 33 44 44 33 44 22 11 11 11 22 22 22 22 44 33 33 11 22 11 11 11 11 33 33 44
1 23 11 22 42 41 32 41 23 44 44 13 33 22 23 33 22 22 33 14 44 44 44 14 44 22 11 41
1 23 41 22 42 44 32 41 23 14 11 11 33 22 33 23 42 33 33 14 22 11 14 11 44 32 31 41
1 22 41 32 42 41 33 44 22 14 14 11 23 22 33 22 42 33 33 14 24 14 14 11 14 32 33 41
1 22 41 33 44 44 33 44 22 11 11 11 22 22 23 23 44 33 31 11 22 11 11 11 11 33 33 44
1 23 41 22 22 41 32 11 23 14 44 33 23 23 23 33 42 22 31 44 44 44 44 14 14 22 31 41
1 22 44 33 44 41 33 44 22 11 44 11 23 22 22 22 42 33 33 44 22 11 14 11 14 33 33 44
1 22 44 33 42 44 33 44 22 14 11 11 22 22 23 22 44 33 33 11 22 11 11 11 11 33 33 41
1 23 44 33 44 44 32 44 22 11 14 11 33 22 23 23 44 33 33 14 24 11 11 11 14 32 33 41
1 22 44 33 44 44 33 44 22 11 11 11 22 22 22 22 44 33 33 11 22 11 11 11 11 33 33 44
1 22 44 33 44 44 32 44 22 11 11 11 22 22 23 22 44 33 33 14 24 14 14 14 14 32 31 44
1 22 41 32 42 41 32 41 22 14 14 13 23 23 23 22 42 33 33 14 24 14 14 14 14 32 31 41
1 23 44 32 44 44 32 44 22 14 14 11 33 22 23 23 44 33 31 11 22 14 14 14 11 32 31 44
1 23 41 33 42 41 32 41 33 14 44 11 33 23 33 33 42 32 31 14 44 11 14 14 14 32 31 11
1 23 41 32 42 44 32 41 23 14 14 13 23 23 23 23 42 32 31 14 24 14 14 11 14 32 31 41
1 23 41 32 42 41 33 41 23 14 14 11 23 22 23 23 42 33 33 14 22 11 11 14 14 32 31 41
1 22 44 32 42 44 32 44 22 14 11 11 22 22 23 33 42 33 33 44 44 11 11 11 11 33 33 11
1 23 41 32 42 41 32 41 23 14 14 13 23 23 23 23 42 32 31 14 24 14 14 11 14 32 31 41
1 33 41 32 42 41 32 41 23 14 44 13 23 23 33 23 22 32 31 14 24 14 14 14 14 32 31 41
1 22 44 33 44 44 33 44 22 11 11 11 22 22 22 22 44 33 33 11 22 11 11 11 11 33 33 44
1 23 11 32 22 41 22 44 33 44 44 33 33 33 33 33 22 22 31 44 44 44 44 11 44 22 11 11
1 23 41 32 44 44 33 44 22 14 14 11 23 22 23 23 44 33 33 14 22 11 11 11 14 33 33 44
1 33 11 22 22 11 22 41 23 44 44 33 33 23 33 33 22 32 31 44 44 44 44 44 14 22 11 11
1 22 41 22 42 41 33 44 22 14 44 11 23 22 33 22 22 33 33 11 22 14 11 11 44 32 31 41
1 23 41 32 44 44 32 41 22 11 14 11 23 22 23 23 42 32 33 14 22 11 14 11 14 33 31 44
1 23 41 33 42 41 32 44 22 14 44 11 33 23 33 33 22 33 33 44 44 14 14 11 44 32 31 11
1 23 41 32 42 44 32 41 23 14 11 13 23 22 23 23 42 32 33 14 24 14 14 14 14 32 31 44
1 22 11 33 44 41 33 44 23 14 14 11 23 22 23 22 42 32 33 44 24 14 11 14 11 32 33 44
1 23 44 32 42 41 32 41 23 14 44 13 23 22 23 23 44 33 31 11 24 14 44 11 14 32 31 41
1 22 44 32 44 44 33 44 23 11 11 11 23 22 22 22 44 33 33 11 22 11 11 11 11 33 33 44
1 22 44 32 44 44 33 44 22 11 14 11 22 22 22 22 44 33 33 14 22 14 11 11 11 22 33 44
1 23 11 22 42 41 22 41 23 14 44 13 33 23 33 33 22 22 31 44 24 44 44 14 44 22 11 11
1 23 44 33 44 44 33 41 22 11 14 11 23 22 23 22 42 33 33 11 24 11 14 11 11 33 33 41
1 23 41 32 42 41 33 41 23 14 14 13 23 23 23 23 44 32 33 14 24 14 14 11 14 32 31 41
1 22 44 33 44 44 33 44 22 11 14 11 22 22 23 22 44 33 33 11 22 11 11 11 11 33 31 44
1 22 44 33 44 44 33 44 22 11 11 11 22 22 22 22 44 33 33 14 22 11 11 11 14 32 33 41
1 23 11 22 42 44 32 41 23 44 44 13 33 22 33 33 42 33 33 14 24 44 14 14 44 22 31 41
1 22 44 33 44 44 33 44 22 11 11 11 22 22 22 22 44 33 33 11 22 11 11 11 11 33 33 44
1 22 44 33 44 44 33 44 22 11 11 11 23 22 23 33 44 33 33 14 24 44 11 14 14 33 31 41
1 23 41 32 42 41 32 44 23 14 14 13 23 23 23 23 42 32 31 14 24 14 14 14 14 32 31 41
1 22 41 32 44 44 32 41 23 14 14 11 23 22 23 23 44 33 33 14 24 11 14 14 14 32 33 41
1 22 44 33 44 44 33 44 22 11 11 11 22 22 22 22 44 33 33 11 22 11 11 11 11 33 33 44
1 22 41 33 44 44 33 44 22 11 11 11 23 22 23 22 42 33 33 11 22 11 14 11 14 33 33 44
1 23 41 33 44 41 32 41 22 11 14 13 23 23 22 22 42 33 33 14 22 14 14 11 14 32 31 41
1 22 41 33 44 44 33 44 22 11 11 11 23 22 23 23 44 32 33 11 22 11 11 11 11 32 31 11
1 22 44 32 42 44 32 41 23 44 14 13 33 22 23 23 42 33 31 14 24 14 14 14 14 32 31 44
1 22 44 33 44 41 32 41 22 14 14 11 22 23 22 22 44 33 33 14 24 14 11 11 14 32 31 41
1 22 11 32 22 41 22 44 22 14 44 13 23 22 33 33 22 32 31 44 44 11 14 14 14 22 31 41
1 22 44 33 44 44 33 44 22 11 14 11 22 22 22 23 44 33 33 11 24 11 11 11 11 33 33 44
1 23 41 32 42 41 32 41 23 14 11 13 23 22 23 23 42 33 33 14 22 14 14 11 11 32 31 41
1 23 41 33 42 41 32 44 22 11 14 11 23 22 23 22 42 33 33 14 22 14 11 11 11 32 33 41
1 22 44 32 44 44 33 44 22 11 14 11 23 22 22 23 42 32 31 11 24 14 14 11 14 32 33 41
1 23 11 22 42 11 32 44 23 14 14 13 23 23 33 23 42 32 31 44 24 44 44 14 44 22 31 41
1 23 44 22 42 44 33 44 23 14 44 11 33 23 23 23 42 32 33 14 22 44 11 14 44 22 11 41
1 23 41 32 42 41 32 41 23 14 14 13 23 23 23 23 42 32 31 14 24 14 14 14 14 32 31 41
1 22 44 32 42 41 33 44 23 11 14 11 22 23 23 22 42 32 33 14 22 11 11 14 14 32 11 41
1 23 41 33 44 41 32 44 22 14 14 13 33 23 23 23 42 33 33 14 24 14 11 14 14 32 33 44
1 23 41 33 22 41 32 41 22 14 14 13 33 22 23 23 22 33 33 14 24 14 14 14 11 32 31 41
1 22 44 33 44 44 33 44 22 11 11 11 22 22 22 22 44 33 33 11 22 11 11 11 11 33 33 44
1 22 44 33 44 44 33 44 22 11 11 11 22 22 22 22 44 33 33 11 22 11 11 11 11 32 33 41
1 33 11 22 42 11 22 11 33 44 44 13 33 23 33 33 22 33 31 44 24 44 44 14 44 22 11 11
1 22 44 33 44 41 32 44 22 11 11 11 23 22 22 23 44 33 33 11 24 14 11 11 14 33 33 41
1 22 44 32 42 44 33 44 23 14 44 11 33 22 23 33 22 32 31 14 24 11 14 11 14 32 31 44
1 23 41 33 44 41 33 41 23 14 14 13 23 22 23 23 42 33 31 14 24 11 14 11 11 32 31 41
1 23 44 32 44 41 32 41 23 14 14 11 23 22 22 22 42 33 33 14 24 14 14 14 14 32 31 41
1 23 41 22 42 11 32 11 23 44 44 33 33 22 23 33 22 32 33 14 44 44 14 11 44 22 31 11
1 22 44 32 44 44 33 44 22 11 11 11 23 22 22 23 42 33 33 14 22 14 11 11 11 32 31 11
1 22 44 33 44 44 33 44 22 11 11 11 22 22 22 23 44 33 33 11 22 11 11 11 14 33 31 44
1 33 11 22 42 41 32 44 33 44 44 13 33 23 33 23 22 32 31 14 24 44 44 44 44 22 31 11
1 22 41 32 44 41 33 44 22 14 14 11 23 23 23 23 42 32 33 14 24 14 14 11 14 32 31 41
1 22 44 33 44 44 33 44 22 14 14 11 22 22 23 23 44 33 33 14 22 11 14 11 11 32 33 11
1 22 44 32 44 44 33 44 22 11 14 11 33 22 23 22 44 33 33 11 22 11 11 11 11 33 33 44
1 22 44 33 42 44 33 44 22 11 11 11 22 22 22 22 44 33 33 11 22 11 11 11 11 33 33 44
1 22 44 33 44 44 33 41 23 14 14 11 23 22 33 22 42 33 31 11 22 44 44 11 44 32 31 41
1 22 44 33 44 41 32 44 22 14 44 11 23 22 23 22 44 33 33 44 22 11 11 14 11 32 33 41
1 23 41 22 42 44 33 44 23 14 44 13 23 22 33 23 42 33 31 44 24 11 44 14 14 32 11 11
1 22 41 32 44 44 33 44 22 11 14 11 23 22 22 23 42 33 33 14 24 14 11 11 11 32 11 41
1 22 41 32 42 41 22 44 22 14 14 33 23 22 33 23 42 32 31 44 44 14 14 14 44 22 11 11
1 23 41 32 42 41 32 41 23 14 14 13 23 23 23 23 42 32 31 14 24 14 14 14 14 22 31 41
1 22 44 33 44 44 33 44 22 11 14 11 22 22 22 22 44 33 33 11 22 11 14 11 11 32 33 44
1 23 44 32 44 41 33 44 23 14 14 13 23 22 23 22 42 33 33 14 24 14 11 14 14 32 33 41
1 33 41 22 22 41 22 41 22 11 44 13 23 23 23 23 22 22 31 44 24 14 44 14 14 22 11 41
