 rs4661462 rs7539510 rs10489148 rs10927981 rs12034667 rs6681501 rs10927982 rs12743327 rs10927987 rs12129723 rs10803448 rs12566758 rs4662072 rs6429821 rs10927995 rs16853407 rs6429822 rs12040786 rs973857 rs2359907 rs10927998 rs3929673 rs4579751 rs2206587 rs2206586 rs7414562 rs7551069 rs2359908 rs2359911 rs2294811 rs4662089 rs761162
0 41 22 33 23 11 44 44 22 33 11 44 22 32 14 23 32 11 33 13 23 11 33 41 22 11 44 44 32 23 44 11 13
0 11 23 31 22 11 22 44 33 32 44 11 23 33 11 33 33 14 31 11 23 11 33 44 22 44 44 44 32 22 42 44 11
0 41 22 33 33 44 22 44 23 22 14 14 23 33 14 23 22 11 33 11 22 14 31 44 22 11 44 44 32 23 42 11 11
0 44 23 33 22 44 42 41 33 32 44 11 23 33 44 23 32 14 11 13 23 14 11 41 22 11 44 41 32 23 42 14 11
0 41 22 33 23 14 42 44 23 33 11 11 22 33 14 22 33 11 33 11 23 11 33 44 22 14 44 44 33 22 44 11 13
0 44 23 33 23 14 42 44 23 22 14 11 33 33 44 22 32 14 33 11 23 11 33 44 22 14 44 44 33 23 44 14 13
0 11 23 33 33 44 42 11 33 32 44 11 23 33 44 33 32 44 33 13 23 14 31 11 23 14 44 41 22 33 44 11 13
0 44 22 33 23 11 42 44 22 33 14 14 22 33 11 23 32 11 33 11 22 11 33 44 22 14 41 44 33 23 42 11 13
0 41 22 31 22 14 44 41 22 33 14 11 22 33 14 23 33 11 31 11 23 11 33 44 22 11 44 44 32 22 44 11 11
0 11 23 31 23 14 42 41 33 22 44 44 23 32 14 33 32 14 31 33 33 44 33 41 23 11 41 41 32 23 44 14 11
0 44 23 33 22 44 44 44 22 33 14 11 22 33 14 33 33 11 33 13 22 11 33 41 22 11 44 41 32 23 44 11 13
0 41 22 31 23 11 42 11 22 22 11 14 23 33 11 23 32 11 33 13 22 14 33 41 23 14 41 44 33 22 42 14 33
0 44 23 33 23 14 44 11 23 22 14 11 33 32 14 23 33 44 11 13 33 11 33 41 22 14 44 44 22 23 44 14 33
0 41 22 33 22 11 44 41 23 32 11 11 23 33 14 23 33 11 33 11 22 11 33 44 22 11 44 44 32 23 44 11 11
0 41 22 31 23 14 44 44 23 33 11 44 23 33 14 23 33 11 11 11 22 14 33 44 22 14 44 44 32 22 42 14 13
0 41 22 33 22 11 44 44 22 33 11 14 22 33 11 23 33 11 31 13 22 11 33 44 22 11 41 44 33 23 44 11 11
0 44 22 33 22 11 42 44 22 33 11 11 22 33 11 23 33 11 11 11 22 11 33 44 22 11 44 44 32 23 44 11 11
0 11 33 31 22 14 42 11 33 33 14 14 33 33 11 33 33 44 11 33 23 44 33 11 23 14 41 44 22 22 42 44 13
0 44 22 33 23 11 44 44 23 33 14 14 22 33 11 22 33 11 33 11 22 11 33 44 22 11 44 44 33 22 44 11 11
0 44 22 33 23 11 44 44 22 33 11 11 23 33 14 22 33 11 31 11 22 11 33 44 22 11 44 44 33 23 44 11 11
0 41 23 31 23 11 42 44 22 33 11 14 23 33 14 22 33 14 33 13 22 14 31 44 22 11 44 44 32 22 44 11 13
0 11 22 31 22 11 22 41 33 32 14 11 33 33 14 23 33 11 11 11 22 14 31 44 22 11 44 44 22 23 44 11 33
0 41 22 31 23 11 44 44 23 33 11 44 22 33 11 22 33 11 33 11 22 11 33 44 22 11 44 44 33 22 42 11 11
0 44 22 33 22 14 44 44 22 33 11 11 22 33 11 23 33 11 31 11 22 11 33 44 22 11 44 44 33 22 44 11 13
0 44 22 31 22 14 44 41 23 33 14 11 23 33 14 22 32 14 11 11 22 11 33 44 22 14 44 44 32 22 44 14 33
0 44 23 31 23 14 44 41 22 33 14 14 22 33 11 23 32 11 33 11 22 11 33 44 22 14 44 44 32 22 44 11 11
0 41 22 33 23 11 44 41 33 32 11 14 22 33 14 23 33 11 11 13 22 11 31 44 23 11 44 44 22 23 42 11 33
0 41 23 33 23 14 42 41 22 33 44 11 22 33 11 23 32 14 33 11 22 14 33 11 23 14 44 44 22 22 44 11 11
0 44 23 33 22 11 44 41 23 32 11 11 23 33 14 23 32 11 31 13 22 14 31 44 23 11 44 44 32 22 44 11 13
0 11 23 11 33 14 42 41 33 32 44 11 23 32 44 33 22 44 11 11 22 14 11 44 33 14 41 41 32 23 42 44 13
0 44 23 33 22 11 44 41 22 32 11 11 23 33 14 33 22 11 31 11 23 14 31 44 23 11 41 44 32 22 44 11 13
0 44 22 33 22 14 42 41 23 33 11 11 23 33 14 23 32 11 11 11 22 11 33 41 22 11 44 44 32 23 42 14 13
0 11 22 31 33 11 42 41 23 33 14 11 22 33 14 33 32 11 31 13 23 14 33 41 23 14 44 44 32 23 44 11 13
0 11 23 11 23 14 44 41 23 22 14 14 33 33 14 22 32 11 11 13 22 44 31 11 23 44 41 41 33 22 44 14 11
0 44 22 33 22 11 42 41 22 32 14 11 22 33 11 23 33 11 31 11 22 14 33 44 22 11 44 44 32 22 44 14 13
0 41 22 33 22 11 44 44 22 32 14 11 22 33 11 22 33 11 31 11 22 14 33 44 22 11 44 44 33 22 44 11 13
0 41 23 33 22 14 42 11 23 33 14 14 23 32 11 23 32 14 11 13 23 14 31 41 23 14 44 44 32 23 44 14 13
0 41 23 31 23 11 42 41 23 32 44 11 23 33 44 23 33 11 11 11 22 14 33 41 23 14 44 44 32 33 44 11 13
0 11 23 33 23 11 22 41 23 32 14 14 33 33 14 23 22 14 31 13 23 44 31 41 23 14 44 41 32 23 44 14 13
0 41 23 33 22 14 42 41 23 33 44 14 33 32 14 23 33 14 31 13 22 14 33 44 23 14 44 44 32 22 44 11 13
0 44 23 33 23 11 44 41 22 33 11 14 23 33 44 22 33 11 31 11 22 11 33 44 22 11 44 44 32 22 42 11 13
0 44 22 33 22 11 44 41 22 33 11 11 22 33 11 22 33 14 31 11 22 14 33 44 22 11 44 44 33 22 44 11 13
0 44 22 31 22 11 44 44 23 22 14 14 33 33 44 22 32 11 33 11 23 14 33 41 23 11 44 44 22 22 44 44 33
0 41 22 33 23 14 42 11 22 22 11 44 33 33 14 33 32 11 31 13 23 11 33 44 23 11 41 44 32 23 44 11 11
0 41 22 31 23 14 42 44 22 32 14 14 22 33 14 23 33 14 11 11 22 14 33 41 23 11 44 41 32 22 42 14 13
0 41 23 31 22 11 42 41 23 22 44 14 23 33 44 33 22 11 11 11 23 44 33 41 23 11 41 11 22 23 44 11 13
0 44 23 33 22 11 44 41 23 33 11 14 23 33 44 22 33 11 31 11 22 14 31 44 22 11 44 44 33 22 44 14 11
0 41 23 11 23 11 22 11 22 33 44 14 23 32 11 33 32 14 31 13 33 44 31 41 22 11 44 44 32 23 44 14 13
0 44 22 33 22 11 44 44 22 33 11 11 22 33 11 23 33 11 31 11 22 14 33 41 22 11 44 44 32 23 44 11 11
0 41 33 33 23 14 42 41 23 33 11 14 23 33 11 23 32 11 11 11 22 44 33 41 23 11 44 44 22 22 42 11 11
0 41 23 31 23 44 42 11 23 32 44 44 23 32 44 23 32 44 31 11 33 14 11 41 33 14 41 41 32 33 44 14 33
0 44 22 33 22 14 44 41 22 33 11 14 22 33 11 33 33 11 31 11 22 11 33 44 22 11 44 44 32 22 42 14 11
0 41 23 33 23 11 42 44 23 33 14 14 33 33 14 23 32 14 31 13 23 14 33 41 22 11 41 44 22 22 44 14 13
0 11 33 31 33 14 42 11 33 32 14 44 33 33 44 33 32 11 11 33 22 14 11 11 33 44 41 44 32 33 42 14 13
0 11 22 33 22 14 42 41 23 22 14 11 22 33 11 22 33 11 31 11 22 11 31 41 23 11 44 44 33 22 44 11 11
0 41 23 33 23 11 42 41 22 32 14 11 22 33 14 23 33 14 33 11 22 14 31 44 23 14 44 44 32 23 44 11 11
0 11 22 31 22 14 44 41 22 32 11 14 23 32 14 23 33 11 33 13 23 14 31 41 22 11 44 44 33 22 44 11 13
0 41 23 31 23 14 42 41 23 32 14 14 23 33 14 33 33 14 11 11 23 44 33 41 23 14 44 41 32 33 42 14 13
0 11 23 33 23 14 44 11 23 32 14 14 23 32 14 23 33 11 31 11 23 14 33 41 22 11 44 44 32 23 44 11 13
0 41 22 33 23 11 44 44 22 33 11 11 22 33 11 22 33 11 33 11 22 11 33 44 22 11 44 44 33 22 44 11 11
0 44 23 33 23 11 44 41 22 22 14 11 22 32 14 23 32 11 33 11 22 14 33 44 23 11 44 44 32 22 44 11 13
0 41 23 33 23 14 44 41 22 32 11 11 22 33 14 23 22 11 11 13 22 11 33 44 22 14 44 41 33 22 44 11 13
0 11 23 31 23 14 42 41 23 32 14 14 23 33 14 33 32 11 31 11 33 11 31 44 22 11 41 41 33 22 44 14 13
0 11 23 31 23 14 42 41 33 32 14 11 23 33 14 23 33 14 31 11 23 11 11 41 22 14 44 41 32 23 44 44 13
0 11 23 31 23 14 44 41 23 32 14 11 23 33 14 22 33 11 11 11 22 11 33 44 23 11 44 44 33 22 44 11 11
0 44 33 31 23 14 42 44 23 32 11 11 23 33 14 23 32 14 33 11 22 14 31 41 22 14 44 44 32 23 44 14 33
0 41 22 33 22 44 44 41 23 33 14 11 22 33 44 22 33 11 31 11 22 14 33 44 22 11 44 44 32 22 44 11 11
0 41 22 33 22 11 44 44 22 33 11 11 22 33 11 33 33 11 31 11 22 11 33 44 22 11 44 44 33 22 44 14 11
0 41 23 33 23 14 42 41 23 32 14 14 23 33 14 23 32 11 31 13 23 11 31 41 22 14 41 44 32 23 44 14 13
0 41 23 31 33 11 22 11 22 22 44 44 23 33 44 23 32 11 31 33 22 11 31 11 23 44 44 41 22 22 44 14 13
0 44 22 33 22 11 42 44 23 32 14 11 22 33 11 23 33 11 33 11 22 11 33 44 22 11 44 44 33 22 44 11 11
0 11 22 31 33 14 44 41 23 32 14 14 23 33 14 22 33 14 31 13 23 14 31 44 23 11 44 44 32 23 44 11 11
0 11 23 31 22 14 44 11 33 22 14 14 33 33 14 22 32 14 31 11 23 14 31 41 22 44 44 44 22 23 44 11 33
0 41 22 33 23 11 42 41 23 33 44 11 23 33 14 22 33 14 33 13 23 11 31 41 22 14 44 44 33 22 44 14 13
0 11 22 33 23 11 42 11 23 32 11 14 23 33 44 33 32 14 11 11 23 14 31 41 22 14 41 44 33 22 44 44 13
0 41 23 11 23 44 22 11 23 22 44 14 23 33 44 33 32 44 11 13 23 14 31 41 22 14 41 41 32 23 42 14 13
0 41 22 33 22 11 42 41 22 33 14 44 23 33 11 23 33 11 31 13 22 14 33 44 33 11 44 44 33 22 42 11 11
0 11 22 31 23 44 42 41 33 32 14 44 23 33 14 33 32 44 33 11 33 14 33 11 23 44 44 44 32 22 44 11 11
0 41 23 31 23 44 42 41 23 32 44 14 23 32 14 33 32 14 31 13 33 14 31 41 23 14 44 41 32 23 42 14 13
0 41 22 33 23 11 42 41 23 33 11 14 22 33 11 33 32 11 33 11 22 11 33 44 22 11 44 44 32 23 44 11 13
0 44 22 31 22 14 42 44 23 32 44 14 33 33 14 23 33 14 11 11 22 14 33 41 22 11 44 44 22 23 44 11 13
0 44 22 33 22 11 44 44 22 33 14 11 22 33 11 23 33 11 33 11 22 11 33 44 22 11 44 44 33 22 44 14 11
0 44 23 33 23 14 44 41 23 32 14 14 23 33 14 33 22 14 11 13 23 11 33 44 22 14 44 44 32 23 44 14 11
0 41 22 31 33 44 44 41 23 32 14 14 33 33 11 22 33 11 33 11 33 11 33 41 33 14 44 44 33 33 42 11 33
0 11 23 33 33 14 42 11 23 32 14 14 23 33 14 23 33 11 11 13 23 14 31 41 23 14 44 44 33 22 44 14 11
0 41 22 33 22 11 22 41 23 32 11 14 23 32 11 23 33 14 33 11 22 11 31 44 22 14 41 41 32 22 44 11 13
0 41 22 31 23 11 42 41 22 32 11 11 23 33 44 23 32 11 11 11 22 11 31 44 22 14 41 41 33 23 44 14 13
0 41 23 31 23 11 42 41 22 33 14 44 23 33 14 23 33 11 11 11 23 14 31 41 23 14 44 44 32 23 42 14 13
0 44 23 31 22 11 42 11 22 32 11 14 23 33 44 23 33 11 11 11 23 11 31 44 22 11 44 44 33 22 44 11 13
0 11 23 33 33 44 42 11 23 22 44 14 22 33 44 23 22 14 11 13 23 44 31 41 22 14 44 44 32 22 44 44 33
0 41 23 31 22 14 42 41 23 32 44 14 23 33 14 22 32 44 11 11 23 11 33 11 23 11 44 41 32 22 44 14 13
0 41 23 31 23 11 22 41 23 32 14 44 33 33 44 22 32 11 11 13 22 14 31 44 23 44 41 41 32 23 42 14 13
0 44 23 33 23 14 44 41 22 33 44 11 23 33 11 33 32 14 11 11 22 44 33 44 22 11 44 44 32 22 44 14 11
0 44 22 31 22 11 44 44 22 33 14 11 22 32 14 22 33 11 33 11 33 11 33 44 22 11 44 44 33 22 44 11 13
0 41 23 33 23 11 42 11 23 32 44 11 23 33 14 23 32 14 11 33 22 14 31 44 22 14 44 44 32 22 44 14 33
0 44 22 33 23 11 44 41 22 33 14 11 22 33 11 23 33 11 31 11 22 14 33 44 22 11 44 44 33 22 44 11 11
0 41 22 33 23 11 42 44 22 33 11 44 22 33 11 23 33 11 31 11 22 11 33 44 23 14 44 41 32 22 44 11 33
0 44 22 33 23 14 44 41 23 33 14 11 22 33 14 33 32 11 33 11 23 14 33 44 22 11 44 44 33 22 44 11 11
0 41 23 31 23 11 42 41 23 33 14 14 23 33 14 23 33 11 31 11 23 11 31 44 22 14 44 41 32 22 42 11 11
0 41 23 31 23 14 22 11 23 32 44 14 23 32 14 33 33 44 31 13 23 14 31 41 22 14 41 41 32 23 42 14 33
0 11 22 31 23 11 44 41 23 32 11 14 33 33 11 22 33 11 33 11 22 14 31 44 23 14 44 44 33 23 44 11 11
0 11 23 33 23 44 42 41 33 22 11 14 23 32 44 23 32 11 11 11 23 14 31 44 22 14 41 41 32 33 42 14 33
0 44 22 33 23 14 42 41 22 33 14 14 22 33 11 23 32 11 31 11 22 14 31 44 22 11 44 44 33 22 44 14 13
0 44 23 11 23 14 42 44 23 32 14 14 22 33 14 23 32 11 11 13 23 44 33 44 22 11 44 44 32 23 42 11 33
0 44 22 33 22 11 44 44 23 33 11 11 22 33 11 23 33 11 33 11 23 14 33 44 22 11 44 44 33 22 44 11 11
0 44 23 33 23 44 42 11 22 33 14 14 33 33 14 33 32 11 31 11 23 11 11 44 22 14 44 44 32 23 42 14 13
0 41 33 31 23 44 42 11 33 22 14 14 33 32 14 33 32 14 11 11 33 44 11 11 22 44 41 41 22 33 42 44 33
0 41 22 33 23 11 42 41 23 32 14 11 23 33 11 33 33 11 31 11 23 11 31 44 22 14 44 44 32 22 44 11 33
0 41 22 31 23 11 42 41 22 32 11 11 22 33 14 23 32 14 31 13 23 14 33 44 23 14 44 41 32 22 42 11 11
0 44 22 33 23 14 22 44 23 33 11 14 23 33 14 22 22 14 11 11 23 14 33 44 22 11 44 44 33 33 44 14 33
0 44 23 33 23 11 44 41 23 32 44 11 23 33 44 33 32 11 31 13 22 14 31 41 22 14 44 44 32 22 42 14 33
0 41 22 31 22 11 42 41 23 32 11 14 22 33 11 22 33 44 31 11 22 14 33 41 22 11 44 44 32 22 44 11 13
0 44 22 31 22 11 44 44 22 32 11 14 22 33 14 22 33 11 31 11 22 11 31 44 23 11 44 44 33 23 44 11 11
0 44 22 31 23 14 42 41 23 32 14 11 23 32 14 22 33 14 31 13 22 14 31 44 23 14 41 44 32 22 42 14 13
0 41 22 33 22 11 44 41 22 33 11 14 23 33 11 23 33 11 31 13 22 14 33 44 22 14 44 44 33 22 44 14 11
0 11 23 33 22 14 44 41 22 32 11 14 23 33 14 33 33 11 11 13 22 14 33 44 22 14 44 44 33 23 42 14 11
0 44 22 11 23 14 42 44 23 33 11 14 23 33 14 23 32 44 31 13 33 14 31 41 22 11 44 44 32 22 44 11 11
0 41 22 33 23 14 44 44 33 32 44 14 22 33 14 23 32 11 31 11 23 44 31 44 23 14 41 44 32 23 44 14 13
0 44 22 33 22 11 44 41 22 33 14 11 23 33 11 22 33 11 31 11 23 14 31 44 23 11 41 44 22 23 42 11 13
0 44 22 33 23 14 44 41 22 32 14 11 33 33 44 23 33 14 11 13 23 14 11 44 23 14 44 44 32 22 44 11 11
0 41 22 31 22 14 42 41 22 22 11 44 33 32 11 33 32 14 31 11 23 14 31 41 23 11 41 41 32 23 44 11 13
0 41 22 33 23 11 44 44 22 33 44 11 23 33 11 23 33 11 33 11 22 14 31 44 22 14 44 44 33 23 44 14 11
0 41 22 11 33 14 42 11 23 32 14 14 23 22 44 33 32 11 11 13 23 14 33 41 22 14 44 44 33 23 42 14 13
0 11 22 11 23 14 42 41 22 33 44 14 23 33 14 22 33 11 31 13 23 14 33 44 23 11 44 44 32 33 44 14 13
0 44 23 31 23 14 44 44 23 32 14 14 23 33 11 22 33 14 31 11 22 44 33 41 23 11 44 41 32 22 44 11 11
0 44 23 33 22 11 44 44 22 32 11 14 22 33 11 22 33 11 33 11 22 11 31 41 22 14 44 44 33 22 44 11 13
0 44 23 31 22 11 22 41 22 32 14 14 33 33 11 22 32 11 31 13 33 14 33 41 22 14 44 44 32 22 44 14 33
0 11 23 31 23 14 42 11 23 32 11 14 33 33 14 33 22 14 11 13 23 14 33 41 22 14 44 44 32 22 44 14 11
0 44 22 11 23 11 44 41 23 32 44 44 23 32 14 33 32 11 11 13 23 44 31 44 22 14 41 44 22 23 22 14 33
0 44 22 33 22 14 44 44 23 32 11 11 22 33 11 23 22 11 33 13 23 11 33 44 23 11 44 44 33 22 44 11 11
0 44 22 33 33 14 44 41 23 32 14 11 22 33 11 23 33 14 33 11 23 11 33 44 22 14 44 44 33 22 44 11 11
0 41 23 31 23 14 42 41 23 22 14 14 23 33 14 23 32 14 31 13 22 14 31 41 22 11 41 44 32 22 42 14 33
0 41 22 11 22 14 44 41 22 33 14 14 33 33 14 23 32 11 11 11 23 14 33 44 22 11 44 44 32 22 44 11 11
0 41 23 31 22 14 44 41 23 32 14 14 23 32 14 23 33 11 31 11 23 14 33 41 22 11 44 44 22 22 44 14 11
0 41 23 31 23 11 44 41 23 33 14 11 23 33 14 22 32 11 31 33 23 11 33 44 23 14 44 44 33 22 44 11 11
0 11 23 31 22 44 42 41 23 22 14 14 23 33 11 33 32 44 31 11 23 11 11 44 22 14 41 44 32 23 42 14 33
0 11 33 31 33 44 22 11 23 22 44 44 23 33 44 23 32 44 11 33 33 44 11 11 33 44 41 41 22 33 22 44 33
0 41 23 31 22 14 42 41 22 32 44 44 33 33 14 23 32 44 11 13 23 14 33 41 22 44 44 41 32 22 22 11 11
0 44 33 33 23 11 44 41 22 32 11 14 22 33 14 22 33 11 33 11 22 11 33 44 22 11 44 44 33 22 44 11 11
0 11 22 33 22 11 44 41 23 22 14 11 22 33 14 23 33 11 33 11 23 11 33 44 22 11 44 44 33 22 44 11 13
0 41 23 33 23 14 44 11 23 32 11 11 23 33 14 22 33 11 11 11 23 11 33 41 23 14 44 44 32 22 44 11 11
0 41 22 33 33 14 42 41 23 32 14 44 22 33 14 33 32 14 31 13 23 14 31 41 23 11 44 44 32 22 22 44 13
0 44 22 33 23 11 44 11 22 32 14 11 33 33 14 33 32 14 11 11 22 11 31 41 23 14 41 11 32 22 44 11 13
0 11 22 33 22 11 44 44 23 32 14 11 23 33 14 22 33 11 33 13 23 14 33 44 22 14 41 44 33 22 44 11 13
0 11 23 31 23 14 44 44 23 32 14 11 23 33 14 22 32 14 33 11 23 11 31 44 22 14 41 44 32 22 44 14 11
0 11 23 33 23 14 42 41 23 32 44 11 23 33 14 33 33 14 11 11 23 14 31 41 23 14 41 41 32 22 44 14 13
0 41 22 33 23 14 44 41 23 33 11 14 23 33 14 23 33 11 33 11 23 11 31 44 23 14 44 44 33 23 42 11 13
0 41 22 31 23 14 42 41 23 33 14 14 23 33 14 22 32 14 11 13 23 14 31 44 23 11 44 44 33 23 44 11 11
0 11 23 31 33 14 42 41 23 22 44 44 22 32 14 33 22 11 11 11 23 14 11 41 23 14 41 41 22 33 22 44 33
0 11 22 31 23 14 22 41 23 32 44 14 23 32 44 33 22 11 33 13 23 14 31 41 23 14 41 41 33 23 42 44 13
0 44 22 33 23 11 42 41 23 32 44 14 23 33 14 23 33 14 31 11 23 14 31 41 22 11 44 44 32 22 44 11 13
0 41 33 31 23 44 22 41 22 32 14 44 23 33 14 33 33 14 33 33 33 14 11 41 23 44 41 44 22 33 22 11 13
0 41 23 31 23 11 42 41 22 33 14 11 23 32 14 33 32 11 31 11 23 11 33 44 22 44 44 41 33 23 44 11 13
0 44 22 33 23 11 44 41 22 33 11 14 22 33 11 23 33 14 33 11 22 14 33 44 22 11 44 44 33 22 42 14 13
0 44 22 31 23 14 44 41 22 32 14 14 23 33 14 22 32 14 31 11 23 11 33 41 23 14 44 44 32 22 44 11 11
0 44 22 11 33 14 44 41 23 32 14 44 22 33 14 23 22 14 33 13 23 11 31 44 22 14 44 44 33 23 44 11 33
0 44 22 33 22 14 44 41 23 33 11 11 22 33 11 23 33 11 33 11 22 11 33 44 23 11 44 44 33 22 44 11 13
0 41 22 33 22 14 42 41 23 33 11 11 23 33 11 33 33 14 33 11 23 14 31 44 22 11 44 44 32 22 44 11 11
0 41 22 31 22 14 44 41 23 32 14 14 23 33 14 23 33 14 11 11 23 11 31 44 22 11 44 41 33 22 44 11 13
0 41 33 31 23 14 42 41 23 22 44 14 23 32 14 33 33 14 11 13 33 14 33 41 23 44 41 41 33 23 44 14 13
0 41 33 31 23 14 42 41 22 32 44 14 33 33 14 23 32 11 31 11 22 14 31 44 22 14 44 44 22 22 44 11 13
0 41 23 33 23 11 42 41 23 33 11 14 33 33 14 33 32 14 31 11 23 14 31 44 22 14 41 41 33 22 44 14 13
0 44 23 33 22 44 44 41 23 33 11 14 22 33 11 22 33 11 33 11 23 11 33 44 22 11 44 44 33 22 44 11 11
0 11 23 31 33 44 22 44 33 22 44 14 33 32 44 33 22 14 11 33 23 44 31 11 33 14 41 44 22 33 42 14 13
0 44 22 33 22 11 44 41 22 33 11 11 23 33 11 22 33 11 33 13 23 14 33 44 22 11 44 44 33 22 44 11 13
0 41 22 33 23 14 44 41 22 33 14 11 23 33 11 22 22 11 11 11 22 11 33 44 22 11 44 44 32 22 44 11 13
0 11 22 33 22 11 44 44 23 32 14 14 23 33 11 33 33 11 33 11 23 11 33 44 22 11 44 44 33 23 44 11 13
0 11 23 11 33 44 42 11 22 22 14 44 33 33 44 33 22 44 11 13 33 14 31 41 23 14 41 41 22 23 22 44 33
0 44 22 33 23 14 44 41 22 33 11 14 22 33 11 22 32 14 33 13 22 11 31 44 22 11 44 44 32 22 44 11 11
0 11 22 31 23 14 42 11 33 32 14 44 23 32 44 33 22 14 31 13 33 14 31 41 33 44 44 44 32 22 44 14 33
0 44 22 33 22 11 44 41 23 33 11 14 22 33 44 22 33 11 31 13 23 14 33 41 22 11 44 44 32 22 44 11 13
0 11 23 33 23 14 44 41 23 32 11 14 23 32 14 23 32 11 33 11 23 11 31 44 23 14 41 44 33 22 44 11 33
0 41 22 33 33 14 42 44 23 33 14 11 22 32 11 22 33 11 31 11 22 11 33 44 23 14 44 44 33 23 44 11 13
0 11 33 33 22 11 44 41 22 22 14 11 33 32 11 33 33 11 33 11 22 11 31 41 22 14 44 44 32 23 44 44 11
0 11 23 11 33 44 22 41 23 22 44 44 23 33 44 23 22 14 11 13 23 44 33 41 23 14 44 44 32 23 42 14 13
0 41 23 33 23 11 44 44 22 32 14 14 23 33 11 23 32 14 11 11 22 14 33 44 22 11 44 44 22 22 42 11 13
0 44 22 33 23 11 42 44 23 33 14 11 23 32 11 23 33 11 31 11 22 14 33 41 22 11 44 44 33 23 44 11 13
0 44 23 33 23 11 42 44 22 33 14 14 23 33 14 22 32 14 31 13 23 14 33 41 22 14 44 44 33 22 44 11 13
0 11 23 33 33 14 42 41 22 33 44 14 23 33 11 33 33 11 31 13 22 14 33 44 22 11 41 41 22 22 44 11 13
0 41 22 31 23 14 22 11 23 22 14 14 22 32 14 33 32 14 31 11 33 14 33 44 22 44 44 41 32 22 22 14 13
0 41 22 33 22 14 44 44 22 33 11 14 22 33 11 23 33 11 31 11 22 14 33 44 22 14 44 44 33 22 44 11 33
0 11 22 33 23 11 42 41 22 33 14 11 22 32 14 23 32 14 31 11 22 14 33 44 22 11 44 41 32 22 44 14 13
0 41 22 33 33 14 42 41 23 32 11 14 33 33 44 22 33 11 33 11 22 14 31 11 23 14 44 44 32 23 44 11 13
0 11 22 31 22 14 44 41 22 33 14 14 22 33 14 22 32 14 31 13 22 44 33 41 22 14 44 44 32 23 44 11 33
0 11 23 11 33 11 22 41 33 32 44 14 33 33 44 33 33 11 11 33 23 14 33 44 22 14 11 44 22 22 42 14 13
0 41 22 33 23 14 42 11 23 32 11 11 23 33 44 22 32 11 31 11 33 14 31 44 22 14 44 44 33 22 44 14 11
0 44 22 33 23 11 44 44 22 32 11 11 23 33 11 23 33 11 33 11 22 11 33 44 22 11 44 44 33 22 44 11 11
0 44 22 33 22 44 42 44 22 32 14 11 22 33 14 22 32 11 31 11 33 14 33 44 22 11 44 41 33 22 44 14 13
0 44 22 33 22 11 44 41 22 33 11 11 22 33 11 23 33 14 33 11 22 11 33 44 22 11 44 44 33 22 44 11 11
0 44 23 31 23 14 42 41 23 22 14 14 23 33 14 23 32 14 31 13 33 14 31 44 22 44 44 44 22 23 42 14 13
0 41 22 31 22 14 44 41 23 32 44 11 23 33 14 22 32 14 33 11 23 11 33 44 22 14 44 44 33 23 44 14 33
0 41 22 31 22 11 44 44 22 33 11 14 23 33 11 22 33 11 33 11 22 11 33 44 22 11 44 44 33 22 44 11 11
0 41 22 33 22 11 42 41 23 32 14 14 23 33 14 22 33 11 31 11 22 14 31 44 23 14 41 41 33 22 42 14 11
0 44 22 33 22 11 44 44 22 33 11 14 23 33 11 22 33 11 31 11 22 11 33 44 22 11 44 44 22 22 44 11 11
0 41 22 33 22 11 44 44 22 32 11 11 22 33 11 22 32 11 11 11 23 14 33 44 23 11 44 41 33 22 44 11 13
0 11 23 33 23 14 22 41 23 22 14 11 22 33 11 33 33 14 11 11 33 14 11 41 23 11 41 44 22 23 44 11 13
0 41 22 31 23 14 42 41 23 32 14 14 23 32 44 23 32 14 31 13 23 14 31 44 22 14 41 44 32 23 44 14 13
0 41 22 33 23 11 44 44 23 32 14 11 22 33 14 22 32 11 33 11 23 11 31 41 23 11 44 44 33 22 42 11 13
0 11 23 31 33 14 42 41 22 32 14 14 33 33 14 23 32 11 31 13 23 44 11 44 22 44 44 41 33 22 22 14 33
0 41 23 31 22 11 42 41 23 22 14 14 23 32 44 23 33 11 11 11 23 14 33 11 33 11 44 44 22 23 44 14 13
0 11 23 33 22 14 42 41 33 32 44 14 22 32 14 33 32 14 11 11 23 44 31 44 22 11 11 44 32 22 44 44 33
0 41 22 31 22 11 44 41 23 32 14 14 33 33 44 33 22 11 11 11 23 14 33 44 23 44 44 44 32 22 44 11 13
0 11 22 31 23 14 42 41 33 32 11 14 23 33 14 23 32 14 11 11 23 14 31 41 23 14 41 41 32 23 42 14 13
0 44 22 33 23 11 44 44 33 32 11 11 22 33 14 23 32 11 33 11 23 14 33 44 23 14 44 44 33 23 44 14 13
0 41 22 31 23 14 42 41 23 32 14 11 33 33 44 23 32 11 31 13 23 14 33 41 23 14 44 44 33 23 44 14 33
0 41 23 31 23 14 42 41 22 33 14 11 23 33 14 23 32 11 31 11 23 11 33 44 23 11 41 44 32 22 44 11 13
0 41 22 11 23 11 42 41 23 32 14 11 23 32 14 23 33 11 31 11 23 14 31 44 23 11 41 44 32 22 44 11 13
0 41 22 31 22 14 44 41 23 33 11 14 22 33 11 23 33 11 31 11 22 11 33 41 22 11 44 44 22 23 44 11 11
0 11 23 33 23 14 42 41 23 32 14 14 23 33 14 23 32 11 11 11 23 14 11 41 22 14 44 41 32 33 42 14 13
0 41 22 33 23 11 44 44 22 32 44 11 22 33 11 22 32 11 33 11 22 11 31 44 22 11 44 44 33 22 44 11 11
0 11 33 31 23 44 44 41 23 33 11 14 33 33 44 23 22 14 11 11 22 14 31 44 23 11 44 44 32 22 42 14 33
0 41 23 33 23 14 44 11 33 32 11 11 22 33 11 23 32 11 31 11 23 14 11 41 22 11 41 44 33 22 44 11 13
0 41 22 11 23 44 44 11 22 32 14 11 22 33 11 23 32 11 11 11 23 44 33 44 22 11 44 41 32 23 42 11 13
0 41 23 31 23 14 44 41 23 33 14 11 23 33 44 22 32 44 31 11 23 11 33 44 22 11 41 41 32 23 44 11 33
0 11 22 33 22 14 22 41 22 33 14 14 23 33 14 33 33 11 33 11 22 14 33 44 22 14 44 41 33 22 44 11 11
0 41 23 31 23 14 42 41 23 33 14 14 23 33 14 23 32 11 33 13 23 11 31 41 22 14 44 41 33 23 44 14 11
0 41 22 33 22 11 42 44 22 33 11 11 23 33 11 22 33 11 33 11 22 11 33 44 22 11 44 44 33 22 44 11 13
0 11 33 31 33 44 22 11 33 22 44 14 33 32 44 23 22 14 11 13 23 14 31 41 23 44 11 44 22 23 22 14 13
0 41 23 11 23 11 42 41 22 33 11 14 33 33 14 22 32 11 31 11 23 14 33 41 23 11 44 41 32 22 42 14 13
0 41 22 33 23 11 42 41 33 33 14 11 33 33 11 23 32 11 31 13 22 11 31 44 22 11 44 41 32 23 44 11 13
0 11 23 31 23 11 42 11 22 33 44 44 23 22 11 33 32 14 31 11 33 44 33 41 22 14 44 41 32 22 44 11 13
0 44 22 11 22 11 42 44 22 33 11 11 22 32 11 23 33 11 33 11 22 14 33 44 22 11 44 44 32 22 44 11 11
0 41 22 31 23 14 42 44 23 32 14 14 22 33 14 23 32 14 33 13 23 11 33 41 22 14 44 41 33 22 44 14 13
0 41 23 33 22 11 42 11 22 32 14 11 22 33 11 23 33 11 33 13 33 14 33 44 22 11 44 44 33 23 44 11 11
0 41 22 31 22 11 44 44 23 33 11 11 23 33 44 22 33 11 31 11 23 11 33 44 22 14 44 44 33 22 44 11 11
0 41 33 31 22 44 42 44 23 32 14 14 23 33 14 33 33 11 31 13 23 14 31 44 23 14 41 41 32 23 42 14 33
0 44 22 31 23 11 44 41 22 33 14 11 23 33 11 23 33 11 31 13 23 11 33 44 22 14 44 44 33 23 44 11 11
0 44 23 33 22 14 42 41 23 32 14 11 23 33 11 23 33 11 31 11 23 11 33 44 22 11 44 44 32 23 44 14 13
0 44 22 31 23 14 44 41 23 33 14 11 22 33 14 22 33 11 31 13 23 11 31 44 22 11 41 44 32 23 44 14 11
0 41 33 31 23 14 42 41 23 32 14 14 23 32 14 23 32 14 31 13 23 44 31 41 23 14 44 41 32 22 44 11 13
0 41 22 11 33 11 44 41 23 22 14 14 23 33 44 23 33 14 31 11 22 44 33 41 22 11 41 44 32 22 44 14 13
0 41 23 31 22 11 44 44 23 32 11 14 33 33 14 23 32 11 31 33 23 14 33 44 22 44 44 44 33 22 42 14 11
0 41 23 33 23 44 22 41 33 32 14 44 23 33 11 22 33 14 11 11 22 14 33 41 33 11 44 41 32 22 42 11 33
0 44 23 31 23 14 22 41 22 32 44 14 33 32 44 23 33 11 31 11 23 14 11 41 22 11 44 44 32 23 44 14 11
0 11 33 11 33 44 22 11 33 22 44 44 23 32 44 33 33 14 11 13 23 14 33 11 23 44 11 41 32 22 42 14 33
0 44 23 33 22 14 44 44 22 33 14 11 23 33 14 23 33 11 31 11 23 14 33 44 22 11 44 44 33 22 44 14 13
0 41 23 31 23 14 42 41 23 33 14 11 23 33 11 33 32 11 31 13 23 14 11 11 22 14 41 41 32 33 44 14 33
0 11 23 31 33 44 22 11 33 32 11 14 23 33 14 22 32 44 11 13 22 44 31 44 23 14 41 44 22 23 42 11 33
0 41 22 33 23 11 42 41 23 33 11 14 23 33 14 23 33 14 31 11 33 11 33 44 33 11 44 44 33 23 44 14 13
0 11 22 31 23 44 42 11 23 33 11 44 23 32 44 23 33 11 31 13 22 44 31 44 22 11 44 44 32 23 22 14 13
0 44 22 33 23 14 42 44 22 33 14 14 22 33 11 22 22 11 31 13 22 14 11 11 22 11 44 44 33 22 44 11 13
0 41 23 33 23 14 42 44 22 22 44 11 33 33 14 23 22 11 31 13 23 14 31 44 22 11 44 44 33 23 44 14 13
0 41 23 33 23 14 44 41 23 33 14 11 22 33 14 22 32 11 31 11 23 14 31 41 23 14 44 44 32 23 44 11 13
0 41 22 33 23 14 42 44 23 32 14 11 22 33 14 22 33 11 11 11 23 14 11 44 23 14 44 44 33 22 44 11 11
0 41 23 33 23 44 44 11 22 32 14 14 22 32 14 23 32 11 11 13 33 14 31 41 22 14 44 44 32 23 44 14 13
0 41 23 31 22 14 22 41 23 33 11 14 33 32 14 33 32 11 31 11 33 14 31 44 22 14 44 44 32 23 44 11 11
0 44 22 33 23 14 42 41 22 33 11 11 23 33 11 22 32 14 33 11 22 14 33 44 22 11 44 44 33 23 44 11 11
0 41 22 31 22 11 44 44 22 33 11 44 22 33 11 22 33 11 31 11 22 11 33 44 23 11 44 44 32 22 44 11 13
0 41 23 31 22 11 44 41 22 32 14 11 22 33 44 23 32 14 11 11 22 11 33 44 22 11 41 44 32 22 42 14 11
0 44 22 33 22 11 44 11 22 32 11 11 22 33 14 33 32 11 33 11 33 14 33 44 22 11 11 44 32 22 44 11 33
0 41 22 31 23 14 44 41 23 33 14 14 33 33 14 23 32 11 11 11 22 11 31 41 22 11 44 44 32 23 44 11 13
0 41 22 31 23 11 42 41 23 33 14 11 22 33 44 33 33 11 31 11 22 11 31 44 23 11 44 44 32 23 44 11 13
0 41 22 33 23 11 44 41 22 32 11 14 23 33 14 22 32 11 11 11 23 14 33 41 23 14 41 44 22 23 44 14 13
0 41 22 33 33 14 22 41 23 33 11 14 23 33 11 33 32 14 31 11 22 14 11 44 22 44 41 44 32 23 44 14 13
0 44 22 31 23 11 42 44 23 33 14 14 22 33 14 23 32 11 33 11 22 11 31 44 23 11 44 44 33 22 44 11 13
0 41 23 11 22 14 44 11 23 33 14 14 23 33 14 23 33 14 31 11 22 44 33 41 22 11 44 44 33 23 42 11 13
0 11 23 31 23 44 42 41 23 32 14 14 23 33 14 33 32 14 33 11 23 14 31 41 22 14 41 41 32 22 44 14 13
0 44 23 33 23 14 44 11 23 32 14 14 23 33 14 23 32 44 31 11 23 11 33 41 22 14 44 44 33 22 44 14 11
0 44 23 31 23 14 44 41 23 32 14 14 23 33 11 33 33 11 11 11 23 14 33 41 23 14 44 44 32 22 44 11 13
0 41 22 33 22 11 42 44 23 32 14 14 22 32 11 23 32 11 33 11 23 14 33 44 22 11 44 44 32 23 42 11 11
0 11 22 31 23 44 42 41 33 32 11 44 23 32 44 23 32 14 11 11 33 14 11 41 22 44 44 44 32 22 42 14 13
0 44 22 33 22 11 44 44 22 33 11 11 22 33 11 22 33 11 33 11 22 11 33 44 22 11 44 44 32 22 44 11 11
0 44 22 33 22 14 44 44 22 33 14 11 22 33 14 22 33 11 31 11 22 14 33 44 22 11 44 44 33 22 44 11 11
0 41 23 11 22 14 44 41 22 32 44 11 23 32 11 22 33 11 33 11 23 44 33 44 23 11 44 44 32 22 44 44 11
0 41 23 31 23 14 44 41 23 32 14 14 23 32 14 23 33 14 31 13 23 11 33 41 23 14 41 44 32 23 44 14 13
0 11 22 33 33 14 42 44 22 32 14 11 23 33 44 33 33 44 31 13 23 14 33 41 22 14 44 44 33 22 44 44 13
0 11 23 33 23 11 44 44 23 32 44 14 23 33 14 22 33 11 31 11 23 14 31 44 22 14 44 44 32 22 44 11 13
0 44 22 33 22 14 44 44 22 32 11 11 22 33 11 22 33 11 31 13 22 14 31 44 22 11 44 44 33 22 44 14 11
0 44 23 33 23 11 42 41 22 33 44 14 23 33 11 22 32 11 33 11 23 11 33 44 22 11 44 44 33 22 44 11 13
0 44 22 33 23 14 42 44 22 22 11 11 22 33 14 23 33 11 31 11 23 14 33 44 22 11 44 44 33 23 44 11 13
0 44 33 31 33 14 42 11 23 32 44 14 23 33 44 33 33 44 11 11 23 44 31 41 33 14 44 44 32 33 44 14 13
0 41 22 33 23 14 42 41 23 33 14 11 23 32 11 23 33 11 33 11 33 11 33 41 23 14 44 41 32 22 42 11 13
0 41 22 31 22 11 44 44 23 33 11 11 22 33 11 23 33 11 33 11 22 11 33 44 22 11 44 44 33 22 44 11 11
0 41 22 33 22 11 44 44 22 33 11 11 23 33 11 22 33 11 31 11 22 11 33 44 22 11 44 44 33 22 44 11 11
0 44 23 33 22 11 44 41 22 33 14 44 22 33 14 22 32 11 31 13 23 14 31 44 22 11 44 44 32 22 44 11 11
0 11 23 31 23 44 42 41 23 22 14 44 33 33 44 23 32 14 31 13 23 14 31 41 22 14 41 44 32 33 42 14 13
0 41 22 33 23 14 42 44 23 32 11 11 23 33 11 22 33 11 31 11 23 11 33 44 22 14 44 44 33 22 44 14 13
0 11 22 33 23 14 42 11 22 32 14 44 23 32 14 23 32 14 31 13 22 14 11 11 23 14 41 44 32 23 42 14 13
0 44 22 33 22 11 44 44 22 33 11 11 23 33 11 22 33 11 31 11 23 11 33 44 22 11 44 44 33 22 44 11 11
0 11 23 11 33 44 44 11 22 32 14 14 23 33 14 33 32 14 11 13 33 44 31 41 22 44 11 41 32 22 42 14 33
0 41 22 33 22 14 44 41 22 33 14 14 22 33 14 23 33 11 31 11 23 11 33 44 23 11 44 44 33 23 44 11 11
0 44 22 33 22 14 44 44 22 32 14 14 23 33 11 23 33 11 33 11 23 11 33 44 23 14 44 44 33 22 44 11 11
0 44 22 33 22 11 44 44 22 33 14 11 22 33 11 22 33 11 31 11 22 14 33 44 23 11 44 44 33 22 44 11 13
0 41 33 33 22 14 44 11 33 32 44 14 33 33 14 23 32 11 11 33 22 14 31 41 23 14 44 44 32 23 44 14 13
0 11 22 31 23 14 22 41 33 33 44 11 33 32 44 23 22 44 31 33 33 14 11 41 23 11 44 44 32 33 44 11 13
0 41 23 31 33 14 22 11 22 32 14 14 22 32 14 23 22 14 31 11 23 14 31 44 33 14 44 44 32 22 44 11 11
0 11 22 31 23 44 42 44 33 22 14 11 33 33 11 23 32 14 11 13 22 11 31 44 23 14 44 44 22 23 44 14 13
0 41 23 31 23 44 42 44 33 32 14 14 22 33 14 23 33 11 31 11 33 14 31 44 23 14 44 44 33 23 44 11 13
0 44 22 33 23 11 42 44 22 33 14 11 23 33 11 22 33 11 11 11 23 11 31 44 22 11 44 44 33 22 44 11 33
0 41 22 31 23 11 44 44 22 33 44 11 23 33 14 22 33 14 31 13 22 44 11 44 22 11 44 41 32 22 44 11 13
0 41 23 11 23 14 44 44 23 33 14 14 22 33 14 23 32 11 11 11 23 44 31 41 22 11 44 44 22 23 44 11 13
0 41 22 33 23 11 42 41 22 33 14 14 23 33 14 33 32 11 31 11 22 11 33 44 22 11 41 44 32 22 44 14 11
0 41 22 33 23 14 44 41 22 33 11 14 22 33 44 23 33 11 33 13 23 14 33 41 23 14 44 41 32 22 44 11 13
0 41 22 31 33 44 42 41 23 33 14 44 23 32 14 23 32 14 11 13 33 44 31 44 22 14 44 11 22 23 42 14 13
0 41 23 11 33 14 44 41 22 22 14 14 23 32 14 23 32 14 31 13 23 14 33 41 23 14 44 44 32 23 42 44 11
0 44 23 33 23 11 44 44 23 33 14 11 23 33 11 22 33 11 31 11 22 11 33 11 23 11 44 41 33 22 44 14 11
0 41 23 31 23 44 44 44 23 22 44 11 33 32 14 23 33 14 31 11 33 44 31 41 22 14 41 41 32 23 44 14 13
0 41 22 31 22 14 42 11 23 32 14 14 23 33 11 23 33 11 31 11 23 11 31 44 23 11 44 41 33 22 44 11 11
0 41 22 33 23 14 44 41 22 32 11 14 23 33 11 22 32 11 31 11 23 11 33 44 22 11 44 41 33 22 44 14 33
0 41 23 31 23 14 42 41 22 32 14 14 23 32 14 23 33 14 31 11 23 14 33 41 23 11 41 44 33 23 44 14 11
0 44 22 33 23 44 42 44 23 32 11 14 23 33 11 23 32 11 33 11 22 14 33 44 23 11 44 44 33 22 44 14 13
0 41 23 31 23 14 42 11 23 32 14 14 33 32 44 23 32 14 11 13 22 14 31 11 23 11 41 41 32 23 42 14 13
0 44 23 33 22 11 44 41 33 33 14 14 23 33 11 22 33 11 31 11 22 11 33 44 22 14 44 41 33 22 44 11 11
0 41 22 33 22 11 44 41 23 22 14 11 23 33 14 33 33 11 33 13 22 14 31 44 23 44 44 44 33 22 44 11 13
0 41 23 33 22 11 42 41 22 32 14 14 33 33 14 23 33 11 31 11 22 11 33 41 22 14 44 44 32 22 44 11 13
0 41 22 33 22 11 42 41 22 33 14 11 22 33 11 22 32 14 33 11 22 11 31 44 22 11 44 44 33 22 44 11 11
0 11 22 33 33 44 42 11 23 22 14 14 33 33 44 33 32 14 31 11 23 44 31 41 22 14 41 41 32 23 44 44 13
0 11 22 33 22 44 42 41 23 22 14 44 23 33 14 33 33 11 31 11 22 14 11 41 22 44 41 44 22 22 42 14 33
0 44 22 31 22 11 44 44 23 32 11 11 22 33 11 22 33 11 33 11 22 11 33 44 22 11 44 44 33 22 44 11 13
0 41 23 33 22 14 44 41 23 33 11 14 33 33 11 23 33 11 33 13 23 14 31 44 22 11 44 44 22 22 44 11 13
0 11 22 31 23 44 42 41 23 33 44 14 33 33 44 22 33 11 11 11 23 14 31 41 23 14 44 41 32 22 44 14 13
0 11 22 31 33 14 44 41 22 22 44 11 33 32 14 23 32 14 11 11 33 14 33 41 22 11 41 41 32 23 42 14 33
0 41 22 31 22 11 42 44 22 33 11 11 22 33 14 22 22 11 31 11 23 11 33 44 22 14 44 44 33 22 44 11 13
0 11 23 33 23 11 44 41 23 32 14 14 23 33 11 33 32 14 33 13 22 14 31 44 22 11 44 44 33 23 44 14 13
0 41 22 33 23 11 42 41 23 32 14 14 22 33 11 23 33 11 33 11 22 11 33 44 22 11 44 44 33 22 44 11 11
0 11 22 33 22 11 42 41 22 33 14 11 23 33 14 22 33 11 31 11 23 14 33 41 23 44 44 44 22 22 44 11 13
0 44 22 33 23 11 44 41 23 33 11 14 22 33 14 22 33 11 33 11 22 14 33 44 23 11 44 44 32 22 44 11 13
0 44 22 31 22 14 44 44 22 33 11 11 23 33 11 22 33 11 33 11 22 11 33 44 22 11 44 44 33 22 44 11 11
0 11 23 31 23 14 44 41 22 32 14 14 33 32 44 23 32 11 11 11 23 14 31 11 23 14 44 44 32 22 44 14 11
0 41 22 11 23 14 44 41 23 32 14 44 23 33 14 23 32 11 31 13 22 14 33 44 33 11 44 44 32 23 42 11 13
0 41 22 33 22 11 44 41 22 32 11 11 22 33 11 23 32 11 33 11 23 11 33 44 22 11 44 44 22 22 44 11 13
0 41 22 33 22 14 44 44 22 33 14 14 22 33 11 23 33 11 33 11 22 14 33 44 23 11 44 44 33 22 44 11 11
0 11 33 33 23 44 42 11 33 32 14 14 33 32 44 33 32 11 11 13 33 44 31 41 23 11 44 41 22 23 42 44 13
0 41 23 31 33 14 42 41 33 32 14 11 23 33 44 33 33 44 31 13 23 44 11 41 22 14 44 41 22 23 22 14 33
0 41 22 31 22 11 44 44 22 33 11 11 23 33 11 23 33 11 33 11 22 11 33 44 22 11 44 44 33 22 44 11 11
0 44 22 33 33 14 22 44 23 33 14 14 23 33 14 23 32 11 11 11 22 14 33 44 33 11 41 44 33 23 44 44 33
0 41 22 33 33 14 42 44 22 22 11 44 23 33 11 23 32 11 33 13 22 14 33 44 22 11 44 44 33 22 44 11 13
0 41 33 11 33 44 42 41 33 32 14 14 23 32 14 33 32 14 11 13 23 14 31 44 23 11 44 44 32 22 44 11 13
0 11 23 31 23 14 44 41 23 32 14 14 22 33 14 33 33 14 31 13 22 11 33 44 22 14 41 41 32 23 42 14 13
0 41 23 11 23 14 42 41 22 32 14 14 23 33 14 23 33 44 11 11 33 14 33 41 33 14 44 41 32 23 42 14 13
0 41 22 33 33 11 44 41 33 32 44 44 23 32 14 33 32 11 31 11 23 14 31 41 23 44 44 44 22 22 44 14 13
0 41 23 33 23 44 44 41 22 32 11 44 33 32 44 23 32 44 11 11 22 44 31 44 33 14 44 44 22 22 44 14 33
0 41 22 33 23 11 44 41 22 32 11 11 22 33 11 23 33 11 33 11 22 14 33 44 22 11 44 44 33 22 44 11 11
0 41 22 33 22 11 44 44 23 33 11 11 22 33 11 22 33 11 31 11 22 11 33 44 22 11 44 44 32 23 44 11 13
0 41 23 31 23 14 42 41 23 32 14 44 23 32 44 23 32 14 31 13 33 14 31 41 22 14 41 41 32 23 42 14 13
0 41 22 33 23 14 44 44 23 32 14 14 23 32 14 23 32 14 31 13 23 11 33 44 22 14 44 44 33 23 42 11 11
0 41 22 31 23 14 42 41 23 32 14 14 23 33 14 33 33 11 31 13 23 14 31 44 22 14 41 44 33 23 42 44 13
0 41 22 31 22 11 44 41 23 32 44 11 22 33 11 23 33 11 11 11 23 14 31 44 22 11 44 44 33 22 44 11 11
0 41 22 11 33 11 42 44 23 32 44 11 22 33 14 23 33 14 31 11 23 14 31 44 22 14 44 44 33 23 42 11 13
0 41 22 33 33 14 44 41 23 32 14 14 22 32 44 33 32 14 33 13 22 11 31 41 22 14 44 44 32 22 42 11 13
0 41 23 33 33 14 22 41 22 32 11 11 23 33 14 33 32 14 31 11 22 14 33 44 22 11 44 44 32 23 44 11 11
0 11 23 31 22 11 42 41 22 22 14 11 23 33 14 33 33 11 33 11 22 11 31 41 23 11 41 44 32 22 44 14 33
0 41 22 31 23 11 44 41 23 32 14 44 22 33 14 22 32 11 33 11 22 14 31 44 22 14 44 44 32 22 44 14 11
0 41 23 33 23 44 42 41 23 22 14 11 22 33 14 23 33 14 11 13 22 14 33 41 22 14 11 44 33 22 44 14 33
0 44 22 31 22 14 44 44 23 33 11 11 22 33 11 23 33 11 33 11 23 14 33 44 23 14 44 44 32 22 42 11 13
0 11 23 11 22 14 44 11 23 32 44 14 22 33 11 23 32 11 31 11 22 11 31 41 22 11 44 44 22 23 44 14 13
0 11 23 11 33 44 22 41 33 32 44 44 33 32 44 33 22 44 31 33 23 14 11 41 23 14 41 41 22 33 42 14 33
0 41 22 33 23 11 44 44 22 32 11 11 22 32 11 22 33 11 33 11 22 11 33 44 23 11 44 44 33 22 44 11 11
0 41 22 31 23 14 42 41 23 32 14 14 22 33 14 33 33 11 11 13 23 11 33 44 23 11 44 44 32 23 44 11 11
0 11 23 31 22 14 42 11 23 22 44 44 33 33 44 23 32 14 33 33 33 44 33 44 23 44 44 44 32 33 44 14 33
0 11 22 31 23 14 22 41 33 33 11 11 22 33 44 23 32 14 11 11 33 11 33 41 22 11 44 44 32 22 44 44 33
0 44 22 31 22 11 44 44 23 33 14 11 22 33 11 22 33 11 33 11 22 11 33 44 22 11 44 44 32 22 44 11 11
0 41 22 33 23 14 44 41 22 33 44 14 23 33 11 23 22 14 11 11 23 14 33 44 23 14 44 44 33 23 44 11 13
0 41 22 31 23 11 42 44 23 22 11 14 22 33 11 22 33 11 31 11 23 11 33 44 22 11 44 44 33 22 44 11 13
0 41 23 33 23 14 42 41 23 33 14 14 22 33 14 23 32 11 11 13 23 11 33 41 22 14 44 44 33 22 44 44 13
0 41 22 33 22 11 44 41 33 33 14 11 22 33 11 23 33 11 31 11 23 14 31 44 22 14 44 41 33 22 44 14 33
0 44 23 31 23 11 44 44 22 32 11 11 22 33 14 22 33 11 33 11 22 14 33 44 22 14 44 44 33 22 44 11 11
0 11 23 31 23 14 42 41 22 32 14 11 23 33 14 33 22 14 11 11 33 44 31 44 23 11 44 44 33 23 44 44 13
0 41 22 31 23 11 42 41 23 33 14 14 23 32 14 23 33 14 31 11 23 14 31 41 23 14 44 41 32 23 42 14 13
0 41 22 33 33 11 42 44 33 33 14 11 22 33 11 23 32 14 31 11 22 11 33 44 22 11 44 44 33 22 42 11 13
0 44 23 31 23 14 42 41 22 32 14 14 23 32 14 23 32 14 31 13 23 14 33 44 22 11 44 44 33 23 44 11 13
0 11 33 11 33 14 22 41 33 22 44 44 23 32 14 33 22 11 11 33 33 11 11 41 22 11 41 41 22 33 42 14 33
0 44 23 31 23 14 44 44 22 32 11 11 22 32 14 23 33 11 31 11 22 14 33 44 23 14 44 44 33 23 44 14 11
0 44 23 31 23 14 42 41 33 32 44 11 23 32 14 23 33 14 31 13 23 14 33 41 22 11 44 44 32 23 44 11 11
0 41 22 31 22 11 42 44 22 33 11 11 22 33 14 22 33 11 31 11 33 14 31 41 23 11 44 44 32 23 44 11 11
0 41 22 31 23 11 22 41 23 32 11 14 33 33 14 22 32 14 31 13 23 11 33 41 33 14 44 44 22 22 42 14 13
0 11 22 33 22 11 44 41 22 33 14 14 22 33 14 22 32 11 31 11 23 11 33 44 33 14 44 44 33 22 44 11 33
0 11 23 31 23 14 42 11 33 32 44 44 23 22 11 33 32 11 31 11 23 11 31 44 33 14 41 44 32 33 22 11 33
0 41 22 31 22 11 44 44 22 33 14 11 22 33 14 23 33 11 31 11 22 14 33 44 22 11 44 44 33 22 44 11 11
0 11 33 31 23 14 42 11 23 32 11 11 23 33 14 23 22 14 31 13 23 14 33 44 23 14 44 44 32 22 42 14 33
0 11 23 31 23 14 42 11 23 32 14 14 33 32 11 23 32 11 11 13 23 14 31 41 23 44 41 44 32 23 42 14 13
0 41 23 33 23 11 44 44 23 32 11 11 22 33 14 23 33 11 31 11 22 14 31 41 22 11 44 44 33 22 44 11 33
0 41 23 33 23 11 42 11 23 22 14 14 23 33 44 33 22 14 11 33 22 11 31 41 22 14 44 44 22 23 42 14 33
0 11 22 33 23 11 44 11 22 33 14 14 23 33 14 23 22 11 11 11 33 11 31 44 22 11 44 44 32 23 44 11 11
0 41 23 33 23 44 42 41 23 22 14 44 33 33 14 23 32 14 31 13 23 14 11 41 22 14 41 41 32 23 42 14 13
0 41 23 31 23 14 44 41 22 32 14 14 23 33 14 23 32 14 31 13 23 11 31 41 33 14 41 41 32 23 44 14 13
0 11 23 31 23 11 44 41 23 22 14 44 23 32 44 23 32 14 11 33 23 44 31 44 22 14 44 41 22 23 42 14 13
0 11 22 33 23 14 44 44 23 33 11 44 23 32 14 23 32 11 31 13 22 14 33 44 23 11 44 44 33 22 42 11 11
0 41 22 33 22 11 44 41 23 32 14 11 23 33 14 22 32 14 33 11 22 11 31 44 22 11 44 44 33 23 44 11 13
0 44 22 33 22 11 44 44 22 33 11 14 22 33 11 23 33 11 33 11 22 11 33 44 22 11 44 44 33 22 44 14 11
0 41 23 31 23 14 42 41 23 22 14 44 33 33 14 33 32 11 33 13 23 14 33 41 22 14 44 44 22 23 44 11 13
0 11 22 33 22 11 44 11 23 33 14 14 22 33 11 23 32 11 31 11 22 14 33 44 22 11 44 44 33 22 44 11 11
0 11 23 31 23 14 42 11 22 33 14 44 33 33 14 23 32 14 31 11 22 14 31 44 23 14 44 41 32 23 42 14 13
0 41 22 11 23 11 22 41 23 33 14 14 33 33 11 22 32 14 31 11 33 14 31 44 23 14 41 41 32 22 44 44 33
0 44 22 33 22 14 44 41 23 33 11 14 23 33 14 23 32 11 33 11 23 14 33 44 23 14 44 44 22 23 44 11 11
0 44 22 33 22 11 44 44 22 33 14 11 22 33 11 22 33 11 31 11 22 11 33 41 22 11 44 44 33 22 44 11 11
0 44 22 33 22 11 44 44 22 33 14 11 23 33 14 23 33 11 33 11 23 11 33 44 22 11 44 44 33 22 44 11 11
0 44 22 33 22 14 42 44 22 33 14 11 22 33 11 22 33 11 31 11 22 14 33 44 22 14 44 44 33 22 44 11 11
0 11 22 31 23 14 44 41 23 33 44 14 22 33 14 22 33 11 31 13 22 14 33 44 22 14 44 44 33 23 44 11 13
0 11 23 31 22 44 42 41 33 32 44 44 33 32 44 33 32 44 11 13 23 44 31 11 33 14 41 44 22 33 42 11 33
0 11 23 31 23 14 22 11 33 22 14 11 23 32 14 33 33 11 31 13 22 44 31 41 23 11 11 41 22 33 44 14 33
0 44 22 33 22 11 44 44 23 32 11 11 22 33 11 33 33 14 31 13 22 14 31 44 22 14 44 44 33 22 44 11 11
0 11 23 33 22 14 42 41 23 33 11 11 23 33 11 23 32 11 11 11 22 44 31 44 33 14 44 44 32 22 42 11 11
0 44 22 33 23 11 44 44 22 33 14 14 23 32 11 22 32 14 31 11 23 14 31 41 22 14 44 44 32 22 42 14 11
0 41 23 31 33 44 22 11 23 22 14 44 23 32 14 33 33 44 11 13 23 44 31 11 23 14 41 11 33 33 22 11 13
0 44 22 11 33 14 44 11 22 22 14 14 23 33 14 22 32 11 31 13 23 44 11 44 22 14 44 44 22 23 42 11 13
0 11 23 31 23 14 42 41 22 33 44 11 33 33 14 33 22 11 31 13 22 44 31 44 23 44 44 44 32 23 42 14 33
0 11 23 31 23 14 44 41 22 32 11 14 23 33 11 23 33 11 31 11 22 11 31 41 22 11 44 41 33 23 42 11 13
0 41 22 33 22 11 42 41 22 32 14 11 23 33 14 22 32 11 31 11 22 14 33 41 23 11 44 44 22 22 42 14 13
0 44 22 33 23 11 44 41 22 32 11 11 22 33 14 23 32 11 33 11 22 11 33 44 22 11 44 44 33 22 44 11 13
0 44 22 33 23 11 44 44 22 33 11 11 23 33 14 22 32 14 31 11 33 44 33 44 22 11 44 44 33 22 44 14 13
0 11 23 31 22 44 42 41 22 22 14 14 23 32 14 23 33 14 11 13 23 14 31 41 22 11 11 44 22 22 42 14 13
0 41 22 31 23 14 42 41 22 32 14 14 23 33 11 22 32 11 33 11 23 14 31 44 23 11 44 44 32 22 44 11 11
0 11 23 33 23 11 44 41 22 33 14 44 22 33 11 23 33 11 33 11 23 44 33 44 23 11 41 44 33 22 44 11 33
0 41 22 33 22 14 44 41 23 33 14 14 22 33 11 23 32 14 31 11 22 14 31 44 22 11 44 44 33 22 44 11 13
0 41 23 31 33 14 22 41 33 32 14 14 33 33 44 33 33 11 31 13 22 44 31 41 23 44 44 41 32 23 44 44 13
0 44 22 33 22 11 42 44 22 33 14 11 22 33 11 22 33 11 33 11 22 14 33 44 22 11 44 44 33 22 44 11 13
0 41 22 31 33 14 44 41 22 22 14 14 23 33 14 33 22 11 31 11 23 14 33 44 33 14 44 44 32 33 44 11 33
0 11 22 31 22 11 44 44 23 32 11 11 22 33 11 22 33 11 33 11 22 11 31 44 22 14 44 44 33 22 44 11 11
0 11 22 31 22 11 42 44 22 32 14 14 23 33 11 22 33 14 11 13 22 14 33 41 23 14 44 44 32 22 44 11 13
0 41 23 31 23 14 22 41 33 22 44 14 33 22 14 23 22 44 11 13 33 44 11 11 22 14 41 11 22 33 42 44 33
0 41 22 33 22 11 42 41 33 32 14 14 23 33 11 23 33 11 33 11 33 11 31 44 22 44 44 44 32 23 44 11 13
0 41 22 31 23 14 42 41 22 33 44 14 23 33 11 23 33 11 11 11 22 11 31 44 23 14 41 44 33 23 44 14 11
0 41 23 31 23 11 44 11 23 33 14 14 22 33 14 23 32 11 33 13 23 14 31 41 23 14 44 44 32 23 44 11 11
0 44 23 33 23 14 44 11 23 32 14 11 23 33 14 33 33 11 31 11 23 11 11 44 22 11 41 44 33 22 44 11 33
0 41 23 31 23 14 42 44 22 22 11 14 23 33 14 23 32 11 33 11 22 11 31 44 22 11 44 41 32 23 44 14 13
0 41 22 31 22 14 44 44 22 32 11 14 23 33 11 23 33 11 31 11 22 11 33 44 22 14 44 44 33 22 42 14 13
0 41 23 31 23 11 42 41 23 33 14 11 23 32 14 22 32 11 11 11 23 14 31 41 22 14 41 41 32 23 44 11 33
0 41 22 33 23 11 44 44 22 33 14 44 23 33 14 22 32 11 11 11 22 11 33 44 23 11 44 44 32 22 44 14 13
0 41 23 31 23 14 42 41 23 33 14 14 22 32 44 23 32 14 31 13 23 14 33 44 23 14 41 44 32 23 42 14 13
0 41 22 31 23 44 44 41 23 33 44 14 22 33 14 22 32 11 11 11 22 14 11 44 22 11 44 44 33 22 42 14 33
0 44 22 33 22 11 44 44 22 32 11 11 22 22 14 22 33 11 33 11 22 14 31 44 22 11 44 44 33 22 44 11 11
0 11 23 31 23 14 22 11 23 32 44 14 23 32 14 33 32 44 31 11 23 14 31 11 23 44 41 41 32 23 42 14 33
0 41 22 33 23 11 42 41 23 33 14 11 23 33 14 23 32 11 33 11 22 11 31 44 23 11 41 44 22 22 42 11 13
0 41 22 33 23 11 44 41 22 32 11 11 22 33 44 22 33 11 33 11 22 11 33 44 22 11 44 44 32 23 44 14 13
0 44 22 31 22 11 42 44 22 33 14 11 22 33 11 22 33 11 11 13 23 11 33 41 23 11 44 44 33 23 44 11 11
0 11 23 31 22 14 22 44 23 32 44 44 23 33 14 23 32 14 31 13 23 44 31 44 33 11 44 41 32 22 44 11 33
0 44 33 31 23 14 44 44 23 32 14 11 23 33 11 33 33 11 11 11 33 14 33 44 23 44 44 41 22 22 44 14 11
0 41 23 11 33 14 42 11 23 32 14 44 33 32 14 33 32 11 11 13 23 14 31 44 23 14 41 41 32 23 44 14 33
0 44 22 33 23 14 42 44 23 33 11 11 22 32 14 23 33 11 31 11 23 11 33 41 23 14 44 44 32 22 44 11 11
0 11 23 33 23 11 44 44 22 32 14 11 22 33 14 23 33 11 33 11 23 11 33 44 23 11 44 44 32 33 44 11 11
0 41 23 33 22 14 44 44 22 32 14 14 22 33 11 23 33 11 31 11 23 11 33 44 22 11 44 44 33 22 44 11 11
0 44 22 33 23 11 44 44 22 33 11 11 22 33 11 22 33 11 33 11 22 11 33 44 22 11 44 44 33 22 44 14 13
0 41 23 33 23 11 42 41 23 33 14 11 22 33 11 23 33 11 33 11 23 11 31 44 22 11 44 44 33 23 44 11 11
0 41 23 31 23 11 22 44 33 32 14 11 23 33 44 23 32 14 31 11 33 44 31 11 23 14 44 44 32 23 42 11 11
0 44 22 33 22 14 42 44 23 33 14 14 23 33 11 33 32 14 11 11 23 11 33 44 22 11 44 44 32 22 44 11 13
0 41 23 31 23 14 42 44 23 32 14 11 23 32 44 23 32 11 31 11 33 14 33 44 22 14 41 41 22 23 44 14 13
0 44 22 33 23 11 44 44 22 32 44 14 22 33 14 23 32 11 31 11 22 14 33 44 22 11 44 44 33 22 44 11 11
0 44 22 33 22 11 44 44 22 33 11 14 22 33 14 23 32 14 11 11 23 44 33 44 23 11 44 44 32 22 44 11 11
0 11 22 31 23 14 44 41 23 22 14 14 33 32 14 23 22 14 31 13 33 11 31 41 23 44 41 44 33 23 22 14 13
0 41 22 31 23 14 44 41 23 32 14 14 23 33 14 23 32 14 31 11 23 14 31 41 22 14 44 44 32 22 42 14 13
0 11 23 31 33 44 22 41 23 22 44 11 23 33 44 23 32 14 11 13 22 14 31 44 23 44 41 41 22 33 44 11 33
0 11 23 31 33 11 44 44 22 32 14 11 23 33 44 23 22 44 11 11 23 14 33 44 22 14 44 41 33 23 44 11 11
0 11 23 31 33 44 42 11 23 33 44 14 22 32 14 23 22 44 31 13 23 14 31 41 23 14 44 41 32 23 42 44 33
0 41 22 33 33 14 22 44 23 22 44 11 23 32 44 23 22 11 31 13 22 44 33 44 33 14 41 44 32 23 44 14 13
0 41 22 11 23 11 44 41 22 32 14 11 23 33 44 23 32 11 33 13 23 14 33 44 23 14 44 44 22 22 44 14 33
0 11 22 31 22 11 42 41 33 33 44 14 23 33 14 23 22 11 11 11 23 14 31 41 22 14 44 44 32 22 42 11 13
0 41 23 31 23 14 42 44 22 33 44 44 23 32 14 23 33 14 33 13 33 11 33 44 22 14 44 44 33 23 42 11 13
0 44 23 31 22 14 44 41 22 32 11 11 23 33 44 23 32 11 31 11 22 11 31 41 22 11 44 44 32 23 44 11 11
0 41 22 31 23 44 44 44 22 32 11 11 22 33 11 22 32 11 31 11 23 11 31 41 22 11 44 41 32 23 44 11 13
0 41 22 31 22 11 44 44 23 32 44 11 22 32 14 33 33 11 31 13 22 11 31 41 22 11 44 44 33 23 44 14 13
0 41 33 31 23 11 42 11 23 22 11 44 23 33 14 23 32 14 11 13 23 44 31 41 23 14 44 44 32 23 44 44 13
0 41 22 33 23 14 42 41 23 33 14 11 23 32 14 22 33 11 31 13 33 14 33 44 22 11 44 44 33 22 44 11 11
0 41 23 31 23 44 22 11 23 33 14 14 23 33 14 22 32 14 31 11 23 14 31 44 23 14 44 44 32 23 44 14 11
0 11 23 33 33 14 44 41 23 33 44 14 23 33 11 23 32 44 11 11 23 44 31 41 23 14 44 44 32 22 44 14 13
0 44 33 33 23 14 42 11 22 22 14 14 23 33 44 33 32 11 33 11 23 11 33 11 22 11 44 41 32 23 44 11 11
0 41 22 33 22 11 44 44 22 33 11 11 22 33 11 23 33 11 31 11 23 44 33 44 23 11 44 44 32 23 44 11 11
0 41 23 31 23 14 42 41 23 32 14 44 23 32 14 33 32 44 11 11 23 44 31 41 22 44 41 44 32 23 22 14 33
0 11 33 31 23 11 44 41 22 32 14 11 23 33 14 22 33 11 31 11 23 44 33 44 22 11 44 44 32 23 42 14 11
0 41 23 33 22 11 44 41 22 33 14 11 23 33 11 22 33 14 33 11 22 11 33 44 22 11 44 41 32 22 44 14 13
0 44 22 31 22 14 44 41 22 22 11 14 22 33 14 22 33 11 31 11 22 11 33 41 22 14 44 44 33 22 44 11 13
0 11 23 11 33 14 42 11 33 22 44 14 33 32 44 33 32 11 11 13 23 44 31 11 22 44 41 44 22 23 42 14 11
0 41 22 33 22 11 44 41 22 33 11 14 22 33 11 22 33 11 33 11 22 11 33 44 22 11 44 44 32 22 44 11 11
0 11 22 31 23 14 42 41 23 22 14 14 23 33 11 23 33 44 11 11 22 14 11 41 22 44 11 41 22 23 42 11 33
0 41 23 33 23 14 44 11 22 33 44 14 23 33 14 33 33 14 11 11 23 14 31 41 22 11 41 44 33 23 44 44 11
0 41 22 33 23 14 42 41 22 22 14 14 23 32 14 23 33 11 31 11 23 14 33 44 23 11 41 44 32 23 44 11 33
0 11 22 33 23 11 42 41 22 33 11 11 22 33 11 23 32 11 33 11 22 11 31 44 22 14 44 44 32 23 44 11 11
0 44 23 31 23 14 44 41 33 22 14 14 33 32 11 23 22 11 31 11 23 44 31 44 33 11 41 44 33 23 44 11 13
0 44 23 11 23 11 44 44 22 32 44 14 22 33 14 23 33 14 31 11 23 14 33 44 23 11 44 44 32 22 44 11 11
0 41 23 33 22 44 42 41 23 32 44 11 22 33 14 23 32 14 31 11 23 11 33 41 33 44 41 44 32 22 42 14 13
0 41 22 31 22 14 44 44 23 33 14 11 22 33 14 22 33 14 33 11 23 11 33 41 23 11 44 44 32 22 44 11 11
0 41 23 31 33 14 22 41 33 32 44 14 33 33 14 33 32 11 11 13 23 11 11 44 23 14 11 44 32 22 44 14 13
0 41 22 33 23 14 42 41 22 33 44 14 23 33 14 23 32 11 11 11 22 11 31 44 33 44 44 44 33 23 44 14 13
0 41 22 33 23 14 42 44 22 33 11 11 22 33 44 22 33 11 31 11 22 44 31 41 23 11 44 44 33 22 44 11 11
0 41 22 33 33 14 42 11 22 32 14 44 23 33 44 22 22 11 11 11 23 14 31 41 33 14 44 44 32 23 44 14 13
0 44 22 33 33 11 44 11 23 33 14 14 22 33 11 22 33 14 33 11 23 14 31 41 23 14 44 44 32 22 42 11 33
0 44 23 31 23 14 44 41 23 32 14 14 23 32 14 33 33 11 33 13 22 14 33 41 23 14 44 41 32 23 44 14 13
0 44 22 33 22 14 44 44 22 33 14 11 22 33 11 22 33 14 11 11 22 11 33 44 22 11 44 44 22 22 44 11 11
0 41 22 31 33 11 42 41 22 33 14 44 23 33 14 33 33 14 33 13 33 44 31 44 22 44 44 41 22 22 42 11 13
0 44 22 33 22 11 44 44 23 33 11 11 22 33 11 22 32 11 33 13 22 14 33 44 22 11 41 41 33 22 44 11 11
0 44 22 33 33 11 44 44 22 32 44 44 22 32 14 23 33 11 11 11 23 11 31 41 33 14 11 41 32 23 42 14 13
0 11 22 11 33 14 44 41 23 32 44 14 23 32 11 23 33 14 11 11 23 14 31 41 23 14 44 41 22 22 44 11 13
0 41 22 11 22 14 44 11 22 33 14 11 23 33 14 23 32 11 31 11 23 14 33 41 22 11 44 44 32 23 44 11 13
0 44 23 33 23 11 44 44 22 22 11 11 22 33 14 23 33 11 33 11 23 11 33 44 22 11 44 44 32 22 44 11 11
0 41 23 33 23 44 44 44 23 33 14 44 23 33 14 22 33 11 31 11 22 14 31 41 22 11 44 44 33 22 42 11 13
0 44 22 33 33 14 44 41 22 32 44 14 22 33 11 22 32 14 31 13 23 14 33 44 33 14 44 44 33 22 44 11 13
0 41 33 31 23 11 42 41 23 32 14 14 23 32 14 23 32 11 31 11 33 14 33 41 33 14 44 41 22 33 42 11 33
0 44 22 33 22 11 44 44 23 33 11 11 22 33 11 22 33 11 33 11 22 11 33 44 22 11 44 44 33 22 44 14 11
0 44 22 33 22 11 22 41 23 33 14 11 22 33 11 22 33 11 31 11 23 14 31 41 23 14 44 44 32 22 44 11 13
0 44 23 11 23 11 22 11 23 32 14 44 23 33 14 33 32 11 11 11 33 11 31 41 22 44 44 44 22 23 44 11 13
0 41 23 33 23 14 44 41 33 22 14 14 23 33 44 22 32 14 31 11 23 14 31 41 22 11 44 44 32 22 44 14 13
0 11 22 31 23 44 42 41 22 33 11 14 22 33 14 33 32 11 31 11 23 11 33 44 22 14 41 44 32 23 44 14 13
0 44 22 33 22 11 44 41 22 33 11 11 22 33 11 22 33 11 33 11 22 14 33 44 22 11 44 44 32 22 44 11 11
0 11 22 33 23 11 42 44 23 32 14 14 23 33 11 23 32 11 31 13 23 11 31 44 22 14 41 44 33 23 44 11 13
0 11 23 31 23 11 42 11 33 32 44 44 23 32 44 23 32 11 31 11 33 14 31 44 22 44 41 41 32 23 44 11 33
0 44 22 33 22 11 44 44 22 33 11 11 22 33 11 22 33 11 33 11 22 14 33 44 22 11 44 44 33 22 44 11 11
0 41 22 31 22 11 44 44 23 32 14 11 33 33 14 23 32 11 31 11 33 11 31 44 22 14 44 44 33 22 44 11 33
0 41 22 31 33 11 42 41 23 33 11 11 23 33 14 22 33 14 31 11 23 14 31 44 23 14 44 44 33 22 44 11 33
0 11 23 11 33 14 42 41 33 32 14 14 22 33 14 23 32 11 11 13 22 14 31 44 22 11 44 44 33 23 42 44 13
0 41 33 11 23 44 42 11 23 32 44 44 23 32 14 23 33 11 31 13 22 14 11 41 23 14 44 44 32 23 44 14 13
1 41 22 31 23 11 44 11 22 33 44 44 22 32 14 22 33 14 31 11 22 14 33 41 22 11 44 44 33 22 44 14 11
1 41 23 31 23 14 44 41 23 33 44 44 33 32 44 33 22 14 11 11 33 44 11 41 23 11 41 44 32 33 42 11 33
1 44 23 31 22 14 42 41 23 32 11 11 22 33 14 23 33 11 33 13 22 11 31 44 22 14 41 44 33 22 42 14 11
1 41 22 31 23 14 44 41 23 33 11 14 23 33 14 23 32 14 33 11 23 11 33 44 23 11 44 44 33 22 44 11 11
1 11 23 33 33 11 44 41 22 32 14 11 23 33 14 33 33 14 11 13 23 14 11 41 22 44 44 41 22 22 44 11 33
1 11 23 33 23 44 42 41 23 22 44 44 23 22 44 33 22 14 11 33 23 44 31 44 33 14 11 44 32 33 22 14 13
1 41 23 11 23 44 42 41 23 32 14 14 33 32 44 23 32 14 31 13 23 44 33 41 23 44 44 44 32 22 42 11 13
1 41 22 31 23 14 42 41 23 32 14 11 23 32 14 33 33 11 33 13 23 44 31 41 23 14 44 41 32 22 44 14 13
1 11 22 31 23 14 42 44 23 32 44 14 23 33 11 23 33 11 11 11 22 11 33 44 22 11 44 44 32 22 42 11 13
1 41 23 31 22 14 42 41 22 32 44 11 23 32 11 23 32 11 31 11 22 14 33 44 22 14 41 44 32 23 42 14 11
1 41 23 31 22 11 22 44 22 32 14 11 22 33 44 22 33 11 31 11 23 14 11 44 23 14 44 44 33 22 44 11 11
1 44 22 33 23 11 44 41 33 32 11 14 33 33 14 23 33 14 33 13 22 14 31 44 22 11 44 44 32 22 44 11 33
1 44 23 33 23 44 44 44 23 33 14 44 22 33 14 23 33 11 33 11 22 14 33 44 23 11 41 44 32 33 44 11 13
1 11 23 31 23 44 42 11 22 33 14 11 23 32 14 33 33 11 11 13 33 44 33 41 22 11 41 44 32 23 44 14 13
1 44 22 31 22 14 42 41 22 33 14 14 23 33 14 22 32 11 33 11 23 14 33 44 22 11 44 41 32 22 42 11 13
1 44 23 31 33 11 42 44 23 22 14 11 23 33 14 23 32 11 31 13 23 44 33 44 22 14 41 44 32 22 44 11 13
1 41 23 33 23 11 42 41 23 32 14 11 23 33 11 22 32 11 33 11 22 11 31 44 22 14 41 44 33 22 44 11 11
1 41 22 31 22 11 44 11 23 33 14 14 33 33 44 23 32 14 11 11 33 14 33 41 33 14 44 44 32 23 44 14 13
1 44 22 33 22 11 44 41 23 33 14 14 23 33 14 22 32 11 31 13 23 11 33 44 22 14 44 44 33 23 44 11 11
1 44 23 33 22 14 44 44 23 33 14 14 23 33 14 22 32 11 31 11 23 14 31 44 22 14 44 44 33 23 44 14 13
1 41 23 31 33 14 44 41 22 32 14 14 23 33 14 33 32 11 31 13 22 11 33 44 22 11 44 44 33 23 44 14 13
1 41 22 33 22 14 42 44 22 32 11 14 22 33 11 23 32 11 33 13 22 11 33 44 22 14 44 44 33 22 42 11 13
1 41 22 33 22 11 42 44 22 32 11 11 33 32 14 33 33 11 33 13 22 11 31 44 22 14 44 44 33 23 42 11 11
1 44 22 33 23 11 44 41 23 32 44 14 23 33 11 22 33 11 11 13 22 11 33 44 22 14 44 44 32 22 44 11 11
1 41 22 33 22 14 44 44 22 33 14 14 22 33 11 23 33 11 33 11 22 11 31 44 22 11 44 44 32 22 44 14 11
1 44 22 33 22 14 44 41 23 32 11 11 23 33 14 33 32 11 31 13 22 11 33 44 22 11 44 44 33 22 44 11 11
1 11 23 31 33 14 22 41 33 32 14 44 33 32 44 23 32 14 11 33 33 44 11 44 23 44 44 44 32 33 42 14 13
1 11 22 33 22 11 44 44 22 22 11 14 23 33 14 23 33 14 33 11 23 11 33 44 33 11 44 44 33 22 44 11 13
1 44 22 31 23 14 44 41 23 32 11 11 23 33 11 23 32 11 31 11 22 14 33 41 23 11 44 41 33 22 42 11 13
1 11 33 33 33 44 42 11 33 22 14 14 23 32 44 23 32 44 11 13 22 14 31 44 23 11 44 41 32 23 22 14 33
1 44 22 33 23 11 44 44 23 33 14 14 22 33 11 22 32 11 31 11 22 14 31 44 22 11 44 44 32 22 44 11 11
1 11 23 31 22 14 42 11 22 33 11 14 22 32 14 23 22 14 33 11 23 14 33 44 23 14 41 44 33 23 42 14 13
1 11 22 31 33 44 42 44 23 32 11 44 22 33 44 23 33 11 31 13 33 44 31 41 23 44 44 41 22 22 42 14 33
1 41 22 33 33 44 42 44 23 33 11 11 33 33 14 22 32 11 31 11 22 14 31 44 22 11 41 44 33 22 44 14 13
1 11 22 31 23 14 44 44 22 33 14 14 22 33 14 33 32 11 31 11 23 11 31 44 22 14 44 44 33 22 42 14 11
1 41 22 11 22 44 42 11 33 32 44 11 23 33 14 33 33 11 31 11 23 14 31 41 23 11 41 44 32 22 44 14 13
1 44 22 33 22 11 44 44 22 33 14 14 22 33 11 22 32 11 33 11 22 14 33 44 23 11 44 44 33 22 44 11 11
1 44 23 31 23 14 42 44 23 33 14 14 23 33 14 23 32 14 31 11 23 14 33 41 22 11 41 44 32 23 44 11 13
1 41 22 33 33 14 42 44 23 22 14 44 33 33 14 23 33 11 31 13 23 44 31 41 23 11 44 41 32 22 44 11 11
1 41 22 31 23 14 44 41 23 33 14 14 23 33 11 23 33 11 31 11 22 14 33 44 22 11 44 44 33 23 44 11 13
1 41 22 31 22 11 44 11 22 33 11 11 22 33 14 22 33 14 31 11 23 11 33 44 22 11 44 44 33 22 42 11 11
1 11 23 31 22 11 44 44 23 22 11 11 33 33 11 33 32 44 33 11 23 14 31 41 22 14 44 44 22 22 42 14 13
1 41 22 33 23 11 44 44 22 32 11 11 22 33 11 23 33 14 33 11 23 14 31 44 22 11 44 41 33 22 44 14 11
1 41 23 31 22 11 44 11 23 33 44 14 23 32 44 23 22 11 31 13 23 14 33 44 22 11 44 44 32 22 44 11 13
1 41 23 31 33 14 42 41 23 32 44 14 22 32 14 23 32 14 31 11 22 14 31 41 23 14 44 11 32 23 42 14 13
1 41 23 33 23 11 42 44 23 32 14 14 22 33 11 23 32 11 31 11 23 14 31 41 22 11 41 41 33 22 42 11 13
1 41 23 31 22 11 42 41 22 32 14 14 23 33 14 23 33 14 31 11 23 11 31 41 22 11 44 41 33 23 44 11 13
1 44 23 33 22 11 44 44 23 33 14 11 23 33 14 23 33 11 33 11 22 11 33 44 22 11 44 44 32 22 44 11 11
1 41 23 33 23 14 42 44 23 32 14 11 23 33 14 33 32 11 31 13 23 44 31 41 23 14 44 44 32 22 42 14 13
1 11 23 11 33 11 22 41 33 32 14 11 23 33 14 23 33 11 31 13 23 11 33 41 22 44 41 44 22 22 42 11 13
1 44 22 33 23 11 44 44 23 33 14 44 23 33 11 23 32 11 11 13 22 14 31 44 23 11 44 44 32 22 44 11 11
1 41 23 33 22 14 42 41 22 32 11 44 23 33 11 22 32 11 31 13 23 14 33 41 23 14 44 44 22 22 42 44 13
1 11 22 31 23 11 42 44 22 33 11 14 22 33 14 23 33 11 33 11 22 11 33 44 22 11 44 44 33 22 44 11 11
1 41 22 11 22 11 42 41 23 22 14 44 22 33 14 33 33 11 11 13 22 11 33 41 23 14 44 44 32 23 44 14 13
1 41 22 33 22 11 44 11 22 32 11 14 23 33 14 23 33 11 31 11 23 11 33 44 23 11 44 44 33 23 44 11 11
1 41 22 33 33 14 44 44 33 32 44 44 23 32 14 33 32 14 31 13 22 14 11 11 33 44 41 44 32 23 42 44 13
1 44 22 11 22 11 42 41 22 32 11 11 23 32 11 23 32 11 31 11 23 11 33 44 22 11 44 44 33 22 44 14 13
1 11 22 31 33 14 44 41 22 33 14 44 23 33 14 23 33 14 31 11 22 14 33 41 22 14 44 44 32 22 44 44 13
1 41 23 31 23 14 42 11 23 33 14 14 23 33 14 22 22 11 11 13 23 14 31 41 22 14 44 44 22 23 44 44 33
1 41 22 31 23 11 42 44 23 33 14 11 23 33 14 23 33 14 31 13 22 14 31 41 23 14 41 44 33 23 44 14 11
1 44 22 33 22 14 44 44 23 33 14 11 22 33 14 23 33 14 31 11 22 14 33 44 22 14 44 44 32 22 44 11 13
1 41 22 33 33 14 42 41 33 22 14 11 33 32 44 23 33 11 11 13 33 44 31 44 22 14 44 44 33 23 22 11 13
1 41 22 33 23 14 44 41 23 32 44 14 23 33 44 23 32 14 11 13 22 11 33 44 22 11 41 44 33 23 42 14 13
1 44 23 33 22 14 44 11 22 33 14 14 22 33 11 23 33 11 31 11 22 11 31 44 22 11 44 44 33 22 44 14 13
1 11 23 33 33 14 44 41 22 32 14 14 33 33 14 23 32 14 11 11 22 14 33 44 23 14 44 44 32 22 42 14 13
1 11 23 31 33 44 44 41 22 32 14 14 23 32 14 33 32 14 11 33 23 14 11 41 23 14 41 44 22 22 42 44 33
1 41 22 31 33 11 44 11 23 33 44 11 22 33 11 23 32 11 11 11 23 11 31 41 23 11 41 44 32 22 42 14 11
1 11 23 31 33 44 22 44 23 32 44 14 23 33 14 23 22 11 31 33 23 14 31 41 22 14 44 44 22 23 44 14 13
1 44 22 31 23 11 44 11 23 33 11 14 22 33 14 23 32 11 11 13 22 44 33 41 22 44 44 44 32 22 42 14 11
1 11 23 33 33 11 42 41 22 32 44 11 22 33 14 33 33 11 31 11 33 14 31 44 23 11 41 41 32 22 44 11 33
1 41 22 33 33 14 42 41 23 33 14 11 23 33 11 22 32 11 31 11 22 11 33 41 23 11 41 44 33 23 44 11 13
1 41 23 33 22 11 44 41 22 33 14 14 33 33 44 33 32 11 31 13 22 14 33 41 23 11 44 41 32 22 44 11 11
1 11 23 31 23 14 42 44 23 33 11 44 23 33 14 33 22 14 31 13 22 14 31 41 33 14 44 44 33 23 44 11 33
1 11 33 31 22 14 22 41 23 32 14 44 22 32 14 23 32 44 31 13 23 14 31 41 22 14 44 11 22 33 44 11 33
1 44 22 33 23 11 42 11 22 33 11 11 23 33 14 33 32 14 33 11 22 14 31 44 23 14 44 44 32 23 44 11 11
1 44 22 33 23 11 44 41 23 33 11 11 22 33 44 22 32 11 33 11 23 14 33 44 22 11 44 44 32 23 44 11 13
1 11 33 31 23 14 42 11 23 33 44 44 33 32 44 33 33 14 11 33 23 44 31 41 23 14 41 44 32 23 22 14 33
1 44 23 33 23 44 42 44 22 33 14 11 23 33 44 33 33 11 33 13 23 44 33 11 23 14 44 44 22 23 44 14 13
1 44 22 33 23 11 44 44 23 32 11 14 22 33 11 22 32 11 33 11 22 11 31 44 22 11 44 44 33 22 42 11 33
1 41 22 31 22 11 44 44 23 33 14 11 23 33 14 22 33 11 11 11 22 11 33 44 22 14 44 44 33 22 44 11 11
1 44 22 33 22 14 44 44 22 33 11 11 22 33 11 23 33 14 31 11 22 11 33 44 22 11 44 44 33 22 44 11 11
1 41 22 33 23 11 44 41 22 32 14 11 23 33 14 23 22 14 33 13 22 11 31 41 22 14 44 41 32 22 44 11 13
1 41 23 31 22 14 42 41 23 33 14 14 23 33 14 23 33 14 31 13 23 14 31 41 22 11 44 44 32 23 44 14 11
1 41 23 31 22 14 44 44 22 33 14 11 22 33 14 23 32 11 31 13 23 11 31 44 22 11 44 44 33 23 44 11 11
1 11 22 11 22 11 42 41 22 33 14 14 22 33 11 22 33 11 33 11 23 11 31 41 22 11 44 44 32 23 44 11 11
1 11 22 33 22 14 44 11 23 33 14 14 22 33 14 33 33 14 31 13 23 14 31 11 22 11 44 44 33 22 44 14 13
1 41 23 31 23 14 42 41 33 33 11 14 23 32 14 33 32 14 11 13 22 44 31 44 23 14 44 44 32 22 42 11 13
1 11 22 31 23 14 42 11 22 33 14 44 33 33 14 33 32 14 11 13 23 44 31 11 23 14 44 44 22 23 44 14 33
1 44 22 31 22 14 42 44 22 32 11 11 22 33 11 23 33 11 33 11 22 14 33 44 22 11 44 44 33 22 44 11 13
1 41 33 31 22 14 42 41 22 33 11 11 23 32 11 23 33 11 11 11 23 14 33 44 22 11 44 44 33 22 44 11 13
1 41 22 31 22 14 44 44 23 32 11 11 22 33 14 22 32 11 33 11 23 11 31 41 23 14 44 44 33 22 22 11 13
1 44 22 33 33 11 44 44 22 32 11 14 23 33 11 22 33 11 33 11 22 14 33 44 22 11 44 44 33 23 44 11 33
1 41 22 33 22 14 42 44 23 32 11 14 22 33 11 22 33 11 33 11 22 44 33 44 22 11 44 44 33 22 44 11 13
1 44 22 33 22 11 42 41 22 33 14 14 22 33 11 22 33 11 33 11 22 14 33 44 22 11 44 41 32 22 42 11 13
1 44 33 31 22 14 44 41 23 22 14 44 33 33 14 33 32 11 11 11 23 14 31 44 23 14 44 44 32 22 44 11 13
1 41 33 33 22 11 44 44 22 33 11 14 23 33 11 22 33 11 33 11 22 11 33 44 22 11 44 44 22 22 44 11 11
1 41 22 31 23 14 42 44 23 32 14 11 22 33 14 22 32 11 31 11 23 14 33 44 22 11 44 44 33 22 44 14 13
1 41 33 31 33 11 44 41 22 33 14 11 22 33 14 33 32 11 33 13 22 14 33 44 22 11 41 44 33 22 44 11 33
1 11 22 31 23 11 22 41 23 33 44 44 22 32 14 23 32 14 31 13 23 11 31 11 23 14 44 41 22 23 44 14 33
1 11 22 31 23 11 44 41 33 22 14 11 22 33 14 23 32 14 31 11 22 14 31 41 22 14 44 44 33 33 42 11 11
1 41 22 33 23 11 42 41 22 32 11 11 22 33 14 22 33 11 31 11 22 14 33 41 22 11 44 44 32 22 44 11 11
1 41 22 31 23 14 42 41 23 22 44 14 22 33 14 23 22 14 11 13 33 14 31 44 23 11 41 44 33 22 42 44 13
1 41 22 33 23 14 44 41 23 32 11 14 23 33 14 23 32 11 33 13 22 11 33 44 22 14 41 41 33 23 44 11 13
1 11 22 11 33 14 42 41 22 32 44 44 23 22 44 33 32 44 11 11 23 44 11 44 23 14 41 41 33 22 42 44 33
1 41 22 33 23 14 44 44 22 32 14 11 23 33 11 23 32 14 31 11 23 11 33 44 23 11 44 41 32 22 44 11 11
1 41 22 31 22 14 42 41 23 32 14 11 23 33 11 22 32 11 31 11 23 14 31 41 22 14 41 44 32 23 42 14 11
1 11 22 33 33 11 44 41 23 33 44 14 22 33 14 23 33 11 31 11 23 14 33 44 22 14 44 44 32 22 44 11 13
1 44 22 31 23 14 44 44 22 33 11 11 22 33 44 23 32 11 33 11 22 14 33 44 23 11 44 44 33 23 44 11 11
1 11 23 33 23 14 22 41 33 22 14 14 33 33 44 33 32 11 31 11 33 14 11 11 33 44 44 44 32 22 44 11 13
1 44 22 31 23 14 44 41 22 33 14 11 22 33 44 23 33 11 11 11 22 11 33 41 22 11 44 41 32 22 44 14 33
1 44 22 33 23 11 42 44 22 32 14 11 22 33 11 22 33 11 31 11 22 11 33 44 22 14 44 44 32 22 44 11 13
1 44 22 33 22 11 42 44 23 33 14 14 33 33 14 23 32 11 33 13 23 11 33 44 22 14 44 44 32 23 44 14 13
1 11 23 33 23 44 42 11 33 22 44 14 23 32 44 23 32 14 31 13 23 44 31 41 23 44 41 41 22 23 42 44 33
1 11 22 31 23 11 44 41 33 22 14 11 23 33 44 33 32 44 33 11 23 14 31 41 22 11 41 44 32 22 44 11 13
1 41 23 31 33 11 42 41 22 32 14 14 22 33 11 22 33 14 31 11 23 11 33 44 22 11 44 41 33 22 44 14 13
1 11 22 33 23 11 44 44 22 32 14 14 23 33 14 23 33 11 31 11 22 11 33 44 22 11 44 44 33 22 44 11 13
1 41 22 33 22 11 44 41 23 33 11 11 33 33 44 22 33 11 33 11 23 11 31 44 22 14 44 44 32 22 44 14 13
1 41 22 33 23 11 44 44 22 33 14 11 22 33 11 22 33 11 33 11 22 11 33 44 22 11 44 44 33 22 44 11 11
1 41 23 31 23 14 42 41 23 22 44 44 23 33 44 23 22 11 31 13 23 14 31 44 23 14 44 41 22 23 22 44 13
1 44 22 33 23 11 44 41 22 33 14 11 23 33 11 22 32 14 11 11 23 11 31 44 22 11 44 44 32 22 44 11 11
1 11 22 31 22 14 44 41 22 32 11 44 23 32 14 23 32 11 31 13 22 14 33 41 22 14 44 41 32 22 42 14 33
1 11 23 11 33 44 42 11 23 22 14 14 23 33 44 33 32 14 11 33 23 14 31 41 23 11 41 41 32 23 42 14 13
1 41 22 33 22 11 44 41 23 32 11 14 22 33 11 22 32 11 31 11 23 11 31 44 22 14 44 41 33 22 44 14 13
1 41 22 33 23 11 22 41 22 33 11 11 23 33 11 22 22 11 31 11 22 11 33 44 33 11 44 44 32 22 44 11 13
1 41 22 31 23 11 42 44 22 33 14 11 23 33 11 22 33 11 31 11 22 11 33 44 22 11 44 44 32 22 44 14 11
1 41 22 31 23 14 44 41 23 32 44 14 23 33 11 33 33 11 31 13 23 44 31 41 23 14 44 44 22 23 44 11 11
1 11 23 11 33 11 42 41 23 33 14 14 23 33 44 23 22 11 31 13 23 14 31 44 23 14 44 44 32 23 42 44 13
1 41 22 33 23 14 42 44 22 32 14 14 23 33 14 23 33 14 33 13 23 44 31 44 22 44 44 41 33 23 42 11 11
1 11 22 31 23 14 42 41 33 33 14 14 23 33 14 23 32 14 31 13 23 11 33 44 23 14 44 44 33 33 44 44 11
1 41 23 31 22 11 42 44 23 32 14 14 23 33 11 23 33 11 31 11 22 14 31 44 22 11 44 44 33 22 44 11 11
1 44 23 31 22 11 42 11 23 32 44 44 22 33 14 33 33 14 33 13 23 14 33 44 23 11 41 44 22 23 42 14 13
1 41 22 31 22 11 22 41 22 32 14 14 22 33 11 23 32 11 33 11 22 14 31 44 22 14 44 44 33 22 44 11 13
1 41 23 31 33 14 44 11 33 32 11 14 23 33 44 33 33 11 31 13 23 14 11 44 22 14 44 44 22 23 42 14 13
1 44 22 11 22 11 44 44 22 33 14 11 22 33 14 22 32 11 31 11 23 11 33 44 23 11 44 44 22 22 44 11 11
1 41 22 33 22 11 44 44 22 32 11 44 22 33 14 33 22 14 33 11 22 11 31 44 22 14 44 44 32 22 44 11 33
1 41 23 33 23 14 42 41 23 33 11 11 33 33 14 22 33 11 31 13 23 11 11 44 23 14 44 44 32 23 42 11 13
1 41 22 33 22 14 22 41 22 33 44 11 23 33 14 23 33 14 33 11 22 11 33 11 23 11 44 44 32 23 44 11 13
1 11 33 11 33 14 42 11 23 22 44 14 23 33 44 33 32 14 11 13 23 14 11 41 23 14 41 44 32 23 22 44 13
1 11 22 33 22 14 44 41 22 33 14 14 23 33 11 23 32 14 31 11 23 14 31 41 23 11 44 44 33 22 42 11 13
1 11 22 33 22 11 44 11 22 33 14 14 33 33 11 23 33 11 31 13 22 14 31 44 22 11 41 41 33 22 42 14 13
1 11 33 33 22 11 42 44 22 33 14 14 23 33 11 22 33 11 31 11 22 44 33 41 22 11 44 44 33 23 44 14 11
1 11 23 11 22 44 22 41 23 32 44 14 33 33 44 33 22 14 31 13 33 14 11 11 23 14 41 44 32 23 42 14 13
1 11 22 31 23 44 22 11 23 22 44 14 33 32 44 33 32 11 31 11 33 44 31 41 22 14 41 41 32 33 42 14 13
1 44 23 33 22 14 42 41 23 32 14 11 33 33 44 23 33 14 31 11 23 14 33 44 23 11 44 44 32 23 44 11 13
1 41 22 33 23 14 44 11 23 32 11 14 22 33 11 22 33 11 33 11 33 11 33 44 22 11 41 41 33 22 44 11 11
1 41 22 33 22 11 44 41 22 33 11 14 33 33 14 23 32 11 33 11 22 11 33 44 22 11 44 44 33 22 44 11 13
1 41 22 11 23 14 22 11 23 22 14 14 23 33 14 23 22 14 31 11 23 14 33 44 23 14 44 44 32 22 44 14 13
1 41 22 33 22 11 44 44 22 33 11 14 22 33 11 23 33 11 31 11 22 14 31 44 22 11 44 44 33 22 44 11 11
1 41 22 31 23 14 42 11 22 33 44 11 33 33 11 33 22 11 31 11 22 44 31 44 22 11 44 44 32 23 44 11 33
1 11 23 33 23 11 44 11 23 33 14 11 23 33 14 23 32 11 11 13 23 11 31 44 22 11 44 41 33 23 44 11 11
1 41 22 33 22 11 44 44 22 32 11 11 33 33 14 23 33 11 31 11 22 11 33 41 22 11 44 44 33 23 42 11 11
1 41 23 31 23 14 22 11 22 33 11 11 23 33 11 33 33 11 31 13 23 14 11 41 23 14 44 44 32 23 44 14 13
1 11 23 33 23 14 42 11 33 32 44 44 23 33 44 33 22 44 11 11 23 14 31 11 23 14 44 11 32 23 42 44 13
1 44 22 31 22 11 42 11 22 33 11 14 33 33 11 23 33 11 33 11 22 11 33 11 22 11 44 44 32 22 44 11 11
1 41 23 33 23 14 42 41 23 22 44 44 23 33 44 33 22 14 11 33 33 44 33 41 23 44 44 44 22 22 42 14 11
1 44 22 33 22 14 42 44 22 32 44 11 22 33 14 22 33 11 31 11 22 11 33 44 23 11 44 44 33 22 44 11 13
1 44 22 33 23 14 42 44 23 33 44 11 22 33 11 23 33 11 31 11 23 11 33 44 22 11 44 44 32 23 44 11 13
1 41 22 33 23 14 42 41 22 32 14 14 22 33 14 23 33 14 31 11 23 14 33 44 22 11 44 44 32 23 44 11 13
1 44 22 31 23 14 42 41 22 33 14 11 23 32 11 22 33 11 31 11 22 14 31 41 22 14 44 44 32 23 44 11 13
1 41 22 31 23 14 22 11 22 32 14 14 22 33 14 23 33 14 31 11 23 11 33 44 22 11 44 44 33 22 44 11 13
1 44 22 31 23 14 42 41 22 33 11 14 22 33 11 23 33 14 33 11 22 14 33 41 33 14 44 44 33 23 44 11 13
1 11 33 31 22 14 44 41 22 33 11 14 22 33 11 23 33 11 11 11 22 11 33 41 22 14 44 44 32 22 44 11 33
1 41 22 31 23 11 42 41 23 32 14 14 23 32 14 23 32 11 31 11 22 11 31 44 23 14 44 44 33 22 42 11 11
1 44 22 33 22 11 42 44 23 33 14 14 22 33 11 23 33 11 31 11 22 11 33 44 22 11 41 44 33 22 44 11 11
1 11 22 31 23 11 42 41 22 33 11 11 33 33 11 33 32 14 33 11 23 14 31 41 22 11 44 44 33 23 42 14 33
1 44 22 33 23 14 44 41 33 33 11 11 23 33 14 22 32 11 33 11 22 11 33 41 22 11 44 44 33 23 44 11 11
1 41 23 11 22 11 42 44 22 32 11 14 22 33 14 23 32 11 11 11 22 14 31 44 33 14 41 44 22 23 44 11 11
1 41 23 33 23 11 42 41 23 22 14 14 23 32 11 22 32 11 31 11 22 11 33 44 22 14 44 44 33 22 44 14 13
1 44 22 31 22 14 44 44 23 33 11 14 22 33 11 22 32 11 33 11 23 14 33 44 22 11 44 44 33 22 44 11 13
1 41 22 31 33 44 42 11 23 32 14 14 22 33 14 23 32 44 31 11 33 14 33 44 22 44 44 41 22 23 44 11 13
1 41 22 33 23 11 44 41 23 33 14 14 23 33 14 23 33 14 31 13 22 14 33 41 22 11 44 44 33 22 44 14 13
1 41 22 31 33 44 42 41 23 33 11 44 23 32 14 33 22 14 31 13 23 44 11 41 33 44 44 44 22 22 22 44 13
1 44 22 33 22 11 44 44 22 33 11 11 23 33 11 23 33 11 33 11 22 11 33 44 22 14 41 44 32 22 44 11 11
1 11 23 31 22 14 42 41 23 32 44 44 23 32 14 22 32 11 31 13 23 44 31 41 23 14 44 41 22 23 42 44 33
1 41 23 31 33 14 22 11 33 22 44 14 33 33 44 33 32 14 31 33 33 44 31 41 23 11 41 41 32 23 22 14 33
1 41 22 31 22 14 42 44 22 22 14 11 33 33 44 23 22 11 31 11 22 11 33 44 22 14 41 44 22 22 44 11 11
1 41 22 33 22 11 44 41 22 33 14 11 22 33 14 22 33 11 33 11 22 11 33 44 22 14 44 44 33 22 44 11 11
1 41 22 33 22 11 44 44 22 32 14 14 22 33 14 22 33 11 31 11 22 11 33 44 22 11 44 44 33 22 44 11 13
1 41 23 11 33 44 42 11 23 32 44 44 23 33 44 23 32 44 11 33 33 44 31 41 23 44 44 41 22 33 22 14 11
1 11 23 11 33 11 42 41 33 32 14 44 33 32 44 23 32 14 11 33 33 44 11 41 23 44 41 44 32 33 42 44 33
1 44 23 11 23 11 42 41 22 33 44 14 23 32 14 33 32 14 33 13 23 14 33 41 22 11 44 44 22 22 44 14 11
1 44 23 33 22 11 42 41 22 32 11 14 23 33 11 22 33 11 31 11 22 14 33 44 22 14 44 44 33 22 44 14 11
1 41 23 33 22 11 44 44 23 33 14 11 23 33 14 23 33 14 31 11 23 11 33 44 22 11 41 44 33 22 44 14 13
1 44 22 33 22 11 44 44 22 33 11 11 23 33 11 23 33 14 31 13 23 11 31 44 22 11 44 44 33 22 44 11 11
1 11 23 31 33 44 22 11 23 33 44 11 23 32 14 33 22 11 11 13 33 44 31 44 33 11 11 41 22 23 44 14 33
1 41 22 33 22 14 44 41 22 32 14 14 23 33 14 23 32 14 33 13 23 11 33 44 23 14 44 44 32 22 42 11 11
1 44 22 33 23 14 42 44 22 33 14 11 23 33 11 23 33 11 33 11 23 44 33 44 22 14 44 44 33 23 44 11 11
1 44 22 33 23 14 44 11 22 33 44 11 33 32 44 23 22 11 31 13 23 44 31 44 22 11 44 44 33 22 44 11 13
1 44 23 33 22 14 42 41 23 32 11 44 22 33 11 23 32 11 33 11 23 11 33 44 22 14 44 44 33 23 42 14 13
1 44 22 33 22 11 42 44 23 33 44 11 22 33 11 22 32 14 11 11 23 14 33 11 22 11 44 44 33 23 42 14 11
1 44 22 31 22 11 44 41 23 32 11 11 22 33 14 23 33 11 31 11 23 44 31 11 23 14 44 44 33 22 42 11 13
1 41 23 11 22 44 22 11 33 33 44 11 23 32 14 33 32 14 11 13 33 44 31 11 33 11 41 44 22 22 44 14 13
1 44 22 33 22 11 44 44 22 32 11 11 22 33 11 22 33 11 33 11 22 11 33 44 22 11 44 44 33 22 44 11 11
1 41 22 31 23 14 42 41 23 22 44 11 33 33 11 33 32 11 11 13 23 14 31 41 22 14 41 44 33 22 44 14 13
1 11 23 31 23 44 44 44 33 33 11 44 33 33 44 23 33 11 31 13 23 44 31 41 23 11 44 41 32 23 22 14 33
1 41 23 31 23 11 44 41 23 32 14 11 22 33 14 23 33 14 31 11 22 11 33 44 22 11 44 44 32 22 44 11 13
1 41 22 33 23 11 22 41 23 32 11 14 22 33 14 33 32 11 11 13 22 11 33 44 22 11 44 44 32 22 44 14 11
1 41 23 31 33 14 42 44 23 22 14 11 33 33 44 33 32 14 31 33 23 14 11 11 23 14 44 11 22 33 42 14 13
1 41 22 11 23 11 42 41 23 32 11 14 22 33 14 22 33 14 31 11 23 14 31 44 22 11 44 44 32 23 44 11 13
1 41 23 31 23 14 42 44 23 33 44 11 22 32 11 23 32 14 31 33 23 14 31 41 23 44 44 44 32 33 42 14 13
1 41 23 33 23 14 42 11 23 22 44 14 23 33 14 33 33 11 33 13 22 11 33 41 22 14 41 44 33 23 42 11 11
1 44 22 33 22 14 44 44 22 33 11 11 23 33 14 23 33 11 33 11 22 11 31 44 22 11 44 44 33 22 44 11 11
1 44 22 31 23 11 42 44 22 33 11 11 22 33 44 23 33 11 31 11 23 11 33 44 22 11 44 44 33 22 44 14 13
1 11 23 11 23 14 22 41 22 32 14 14 22 32 14 33 22 11 11 11 23 44 11 41 33 14 44 44 22 23 42 14 13
1 41 23 31 22 11 44 44 23 33 11 14 22 32 11 23 33 11 31 11 22 11 33 44 22 11 44 44 32 22 44 11 11
1 41 22 31 23 44 22 41 23 32 14 14 33 33 14 33 32 14 31 13 23 14 11 44 23 14 11 44 32 23 44 14 13
1 44 22 31 23 11 44 44 23 33 14 14 22 33 14 23 32 11 31 11 22 11 33 41 23 14 44 41 22 22 44 11 11
1 44 23 31 23 14 22 41 22 22 14 44 22 32 14 23 33 11 11 13 23 14 31 44 22 11 41 41 32 22 42 11 11
1 11 23 11 23 44 42 11 23 22 14 44 23 33 14 23 32 44 31 13 23 44 33 41 23 14 41 41 32 33 42 11 13
1 41 23 31 33 44 42 11 23 32 44 14 23 32 14 23 22 14 31 13 23 14 31 41 23 14 44 41 32 23 42 11 13
1 41 22 33 22 11 42 41 23 32 14 11 22 32 44 23 33 14 11 11 23 11 33 44 22 11 44 44 32 23 44 11 33
1 41 23 33 23 14 44 41 22 32 14 11 33 33 44 33 32 44 11 13 23 14 31 44 23 11 41 44 22 33 44 14 11
1 41 22 11 23 14 22 41 23 33 44 44 23 33 44 23 33 14 33 11 33 14 31 41 33 44 44 41 32 33 42 11 33
1 41 22 33 22 44 44 44 22 32 14 14 33 33 11 23 32 14 31 11 23 44 33 44 23 11 44 44 33 22 44 11 13
1 11 22 31 22 11 42 44 22 32 14 11 23 32 14 23 32 11 33 13 23 14 33 44 22 14 44 41 32 23 44 11 11
1 44 23 33 22 11 42 41 23 32 14 14 33 33 14 22 33 14 31 13 22 11 33 44 22 11 44 44 33 23 44 11 11
1 11 22 33 23 14 44 41 23 32 14 14 23 33 14 23 32 14 11 11 23 44 31 44 23 14 44 41 32 22 44 11 13
1 11 23 31 22 14 42 41 23 33 44 44 22 32 11 23 32 11 11 13 23 14 31 41 22 14 41 41 33 23 42 14 13
1 11 22 31 23 11 22 11 23 32 11 14 23 33 14 22 33 11 31 11 23 11 31 44 22 11 44 44 32 23 44 14 11
1 41 22 31 23 44 22 11 23 22 14 14 33 32 44 22 32 14 31 33 23 14 31 44 23 14 41 41 32 33 42 44 33
1 11 33 31 33 44 42 11 23 32 44 14 33 22 44 33 32 14 31 33 22 44 11 41 23 14 41 41 22 22 44 44 33
1 41 23 31 22 14 42 41 23 32 14 14 22 33 14 23 32 14 31 13 23 14 33 41 23 14 44 41 32 23 44 14 13
1 41 33 31 23 14 22 41 33 33 44 14 22 32 14 33 33 11 11 11 22 14 11 44 33 14 44 44 32 22 44 14 13
1 11 22 33 23 14 42 44 23 33 14 14 33 22 14 33 32 14 11 11 23 14 31 41 22 11 41 44 32 23 44 11 33
1 11 23 11 33 44 42 11 33 22 11 14 23 32 44 22 22 11 11 13 33 14 11 41 23 14 41 44 22 23 42 14 33
1 41 23 31 23 14 44 44 22 33 44 11 23 33 11 23 32 11 11 11 23 11 33 41 22 14 44 44 22 22 42 11 33
1 44 22 31 23 11 22 41 22 22 11 11 22 32 11 23 32 14 31 11 33 11 31 44 22 11 44 44 32 22 44 11 13
1 41 22 33 23 44 42 41 23 33 44 11 33 33 11 33 33 11 11 13 23 14 33 44 23 11 44 44 33 22 44 11 33
1 41 22 11 22 11 44 44 22 33 14 11 23 33 11 22 32 11 33 11 22 11 33 44 22 11 44 44 33 22 44 11 13
1 11 22 31 33 14 22 41 22 33 14 44 23 33 44 23 33 11 11 11 23 11 33 44 22 11 41 41 33 23 44 11 13
1 11 23 11 23 14 42 41 22 32 14 44 23 33 14 23 32 14 11 11 22 14 33 41 22 14 41 41 32 23 44 11 11
1 11 23 31 23 44 42 41 23 32 14 44 23 33 44 33 32 14 31 13 23 14 11 41 22 14 44 41 32 23 42 14 33
1 41 23 11 23 44 22 11 23 32 14 44 33 33 44 33 32 14 31 13 33 11 31 11 22 14 44 41 32 22 42 14 13
1 11 22 31 23 14 44 11 23 22 14 14 23 33 44 23 32 14 31 11 23 14 31 44 23 14 44 44 33 22 42 11 11
1 11 23 33 22 11 42 41 23 33 44 14 23 33 11 23 22 14 11 11 33 14 31 41 23 14 44 41 33 22 44 11 13
1 11 23 33 22 11 42 41 22 33 11 14 23 33 44 23 33 11 33 11 23 14 33 41 22 11 44 44 32 22 42 11 11
1 41 22 33 22 11 44 44 23 33 11 11 22 33 14 23 33 11 33 11 22 11 33 44 22 11 44 44 33 22 44 11 13
1 41 23 33 22 11 42 44 23 33 14 14 33 33 11 33 32 11 31 11 23 11 31 44 22 11 44 44 33 22 44 11 11
1 41 22 33 23 11 42 44 23 22 14 44 23 33 14 23 32 11 11 11 33 44 31 44 22 14 44 44 22 22 44 11 13
1 44 22 31 23 14 44 41 22 32 14 44 23 32 14 22 33 14 31 11 23 14 31 11 22 11 41 41 32 23 42 14 13
1 41 22 31 23 14 44 41 22 33 14 11 22 33 14 33 32 14 31 11 23 11 33 44 22 11 44 44 32 23 42 14 11
1 44 22 33 23 11 44 44 22 33 44 11 22 33 11 23 32 11 33 11 23 11 33 41 22 11 44 44 33 22 44 11 11
1 41 22 33 23 14 44 44 22 32 44 11 22 33 44 23 32 14 33 11 33 14 33 44 22 11 44 44 32 22 44 11 11
1 11 22 33 23 11 44 44 23 33 11 11 22 33 14 22 33 14 31 11 22 11 33 44 22 44 44 44 33 23 44 11 11
1 41 23 31 23 44 22 11 33 22 44 11 23 33 44 33 33 11 31 13 33 14 33 44 22 14 41 41 32 23 42 11 33
1 44 22 33 22 11 44 44 22 33 14 11 23 33 11 22 33 11 33 11 22 11 31 44 22 11 44 44 33 22 44 11 11
1 41 23 31 23 14 22 11 23 32 44 14 23 32 44 33 32 11 11 13 33 11 31 44 23 14 44 44 22 22 42 44 13
1 44 22 33 22 11 44 44 22 32 11 11 22 33 11 23 33 11 31 11 22 11 33 41 22 14 44 44 33 22 44 11 11
1 11 22 33 23 11 22 41 23 32 11 14 33 33 14 23 33 14 31 11 22 14 33 44 22 11 41 44 33 23 44 11 11
1 44 22 33 22 11 44 44 23 33 11 11 23 33 14 22 33 11 31 11 23 14 31 44 22 11 41 44 33 22 44 11 11
1 41 22 33 23 44 42 11 23 22 44 14 33 33 14 23 32 11 31 13 23 14 31 11 22 11 41 44 32 23 42 14 13
1 41 22 33 33 14 22 11 23 32 14 11 23 33 14 33 32 11 11 13 22 14 31 41 22 11 44 44 32 22 42 44 13
1 44 22 33 22 14 44 41 22 33 11 11 22 33 44 23 33 11 31 13 22 11 31 44 22 11 44 44 33 33 44 11 11
1 44 22 33 22 11 42 41 22 32 14 11 23 33 14 23 33 11 31 11 22 11 33 44 23 11 44 44 32 22 44 44 11
1 44 22 33 22 11 44 44 22 32 11 14 22 33 11 33 33 11 33 11 22 11 33 44 22 11 44 44 33 22 44 11 13
1 41 23 33 23 11 42 44 22 32 14 11 23 33 14 23 33 14 31 11 23 11 31 11 22 11 44 44 33 22 44 11 13
1 11 22 33 22 14 44 41 33 33 14 14 22 33 11 23 32 14 31 11 23 44 31 44 33 14 41 44 32 23 44 14 13
1 41 23 33 33 11 42 44 23 32 14 14 23 33 14 23 32 14 31 11 23 11 31 44 22 11 44 44 32 22 44 11 13
1 41 22 31 22 11 42 44 23 22 14 14 23 33 11 23 32 11 31 11 22 14 31 44 22 11 44 44 32 23 44 14 13
1 11 23 11 23 11 44 11 33 22 44 44 23 32 14 33 32 11 11 13 22 44 33 44 23 44 41 41 32 23 42 44 33
1 44 22 33 23 14 44 44 22 22 14 11 23 33 14 23 33 14 31 11 22 44 33 41 22 14 44 41 33 22 44 11 11
1 41 23 31 22 11 42 41 23 32 14 14 23 33 44 23 32 11 11 13 23 14 31 41 22 44 41 44 22 23 44 11 33
1 11 23 11 23 14 42 11 22 32 44 14 23 33 44 22 32 14 11 13 23 14 11 41 23 14 41 44 32 23 44 14 13
1 41 22 31 22 44 44 41 22 33 14 11 22 33 14 22 33 11 11 11 23 14 33 41 22 14 44 44 33 22 44 11 11
1 41 22 31 22 11 42 41 23 32 14 11 23 33 11 23 32 11 33 11 22 11 33 41 23 14 41 44 32 22 42 44 13
1 41 22 33 23 11 42 41 33 33 14 11 23 32 44 22 33 14 31 11 23 14 31 44 22 11 44 44 33 23 44 44 33
1 44 22 31 22 11 44 44 22 33 11 11 23 32 11 22 33 11 33 11 22 11 33 44 22 11 44 44 32 22 42 11 11
1 44 23 31 23 14 42 41 22 33 11 11 22 33 14 22 33 11 33 11 23 14 33 44 22 11 44 44 33 22 44 11 11
1 44 23 33 23 14 44 44 22 32 14 14 22 33 11 23 33 11 11 11 23 44 31 44 22 11 41 44 33 23 42 14 11
1 44 22 33 22 11 44 44 22 32 14 11 22 33 14 23 33 11 33 11 22 11 33 41 22 11 44 44 33 22 44 11 11
1 11 23 31 23 14 42 11 23 32 14 14 23 32 14 33 33 14 31 13 22 14 11 44 23 14 44 44 22 23 44 14 13
1 41 23 33 23 44 44 44 22 33 11 14 23 33 14 23 33 11 31 13 23 14 33 44 22 11 44 44 33 22 44 11 13
1 44 22 31 22 11 44 11 22 32 14 11 22 32 11 23 32 11 31 11 22 14 31 41 22 11 44 44 32 22 44 11 13
1 44 23 31 22 11 42 11 23 32 11 44 22 33 14 23 33 11 31 11 33 14 33 41 23 11 44 44 32 22 42 14 11
1 41 23 11 33 14 42 41 23 33 14 11 23 33 14 33 33 14 31 11 23 14 11 41 33 11 41 44 32 23 42 14 13
1 41 33 11 23 14 42 41 22 33 14 14 23 32 14 22 22 11 11 11 23 11 31 44 22 44 44 41 32 22 44 14 33
1 41 33 33 22 14 22 11 33 33 14 14 23 32 44 33 33 11 11 13 23 44 31 41 22 11 44 44 22 23 44 11 33
1 41 22 33 22 14 44 44 22 33 14 14 22 33 11 23 33 11 33 11 22 11 31 44 22 14 44 44 33 23 44 11 33
1 11 22 33 23 11 42 41 22 32 14 11 22 33 11 22 33 14 31 11 22 14 31 44 23 14 44 41 32 23 44 14 13
1 11 23 31 33 44 22 41 33 22 14 14 33 32 44 33 32 11 11 13 22 14 31 44 22 14 41 41 32 23 44 14 13
1 44 23 33 22 11 44 44 22 33 14 11 22 33 11 22 33 11 33 11 22 11 33 44 22 11 44 44 33 22 44 11 11
1 44 22 31 22 11 44 41 22 32 11 11 22 33 14 23 32 11 31 11 22 14 33 44 22 11 41 41 32 23 44 11 13
1 11 23 33 33 11 44 11 23 33 14 44 23 33 11 33 33 14 31 33 22 11 31 44 23 14 41 41 32 22 42 14 13
1 41 22 33 23 14 42 41 22 32 14 14 22 33 11 23 22 11 33 13 22 14 33 44 22 14 44 41 32 22 44 14 11
1 41 23 33 23 14 42 41 23 32 11 14 23 33 14 23 33 11 31 11 23 14 31 41 22 14 41 41 32 22 42 14 11
1 11 23 33 23 14 22 11 23 32 11 44 23 32 44 33 32 14 11 13 33 44 31 41 23 11 41 41 32 23 42 44 11
1 41 23 33 22 14 42 44 23 32 14 14 23 33 14 23 32 11 33 11 23 14 31 44 22 11 41 41 33 22 42 11 13
1 41 23 33 33 11 44 44 23 33 14 14 22 33 11 22 33 11 33 11 22 11 33 44 22 14 44 44 33 23 44 14 11
1 11 22 33 23 11 42 11 22 32 14 14 22 32 14 23 32 14 11 11 22 14 33 41 22 11 44 44 32 23 44 11 13
1 11 23 31 23 11 42 41 23 32 14 11 23 32 14 23 32 14 31 13 23 44 31 44 23 14 41 41 32 23 42 14 13
1 41 22 33 23 14 44 44 22 33 11 11 22 33 11 22 33 11 33 11 22 14 33 44 22 11 44 44 33 22 44 11 11
1 41 23 31 23 11 42 41 22 32 11 14 23 33 14 22 33 11 33 11 22 11 31 44 23 14 44 44 32 22 44 11 11
1 44 22 33 23 11 44 41 22 33 14 14 23 33 44 33 33 14 11 13 22 11 31 44 22 14 44 44 32 23 44 44 13
1 11 22 33 22 14 44 44 22 33 11 11 22 33 11 23 33 11 31 11 22 14 33 44 22 11 44 44 33 22 44 14 11
1 41 23 33 22 14 44 44 23 33 14 14 22 33 14 23 33 11 31 11 22 11 31 44 22 11 44 44 33 23 44 11 11
1 44 23 33 22 11 42 44 22 33 11 14 22 32 14 23 33 11 33 13 23 14 31 44 22 11 44 44 22 22 44 14 11
1 44 22 33 23 11 42 11 22 33 44 14 33 32 11 23 22 14 11 13 33 14 33 44 23 14 44 44 33 22 42 11 13
1 41 23 11 23 14 44 41 23 33 14 11 23 32 14 23 32 44 31 13 22 14 11 11 33 14 41 41 33 23 42 14 13
1 41 23 31 23 14 44 41 22 22 14 14 33 33 11 22 32 14 31 11 23 14 31 41 22 14 44 44 33 23 44 14 33
1 44 22 31 23 11 44 44 23 33 11 14 33 33 11 23 22 11 31 11 23 14 33 44 23 14 44 44 33 22 44 14 11
1 41 22 31 33 44 42 41 23 32 14 14 23 32 11 23 32 44 11 11 23 14 33 41 22 14 44 41 22 23 44 44 13
1 41 22 33 23 14 44 41 23 33 14 11 23 33 11 22 33 14 31 11 22 11 31 41 23 14 41 41 32 22 42 14 11
1 44 22 33 22 11 44 41 22 33 11 11 22 32 11 22 33 11 31 11 22 11 11 41 23 11 44 44 32 22 44 14 13
1 11 33 33 23 11 44 11 22 32 14 14 23 33 14 23 32 11 33 11 23 14 31 44 22 14 44 44 33 22 42 14 33
1 11 22 31 23 14 44 41 22 32 11 11 23 33 14 23 32 11 31 13 23 11 31 41 23 11 44 44 33 22 44 14 13
1 11 23 31 33 14 44 11 33 22 14 14 23 22 11 23 22 11 33 13 23 44 11 41 22 14 44 41 33 33 22 14 13
1 41 22 31 23 14 44 41 22 33 14 11 22 33 11 22 33 11 33 11 22 11 33 44 22 11 44 44 33 22 44 11 13
1 11 23 33 33 14 42 11 23 32 11 14 23 33 44 33 32 14 31 13 33 44 11 11 33 14 11 44 22 33 44 14 33
1 44 22 33 22 14 44 41 22 33 11 11 23 33 11 22 33 11 33 11 22 14 33 44 22 14 44 44 33 22 44 11 33
1 41 23 31 23 14 44 44 23 32 14 14 23 33 14 23 32 14 31 13 23 14 33 44 23 14 44 41 32 22 42 14 13
1 44 22 11 33 44 42 11 23 22 11 14 33 33 14 23 22 44 31 13 23 14 31 44 23 14 44 44 32 33 42 14 13
1 41 22 33 23 11 44 44 23 33 44 11 33 33 14 33 33 11 11 11 22 11 33 44 22 11 44 44 22 23 44 11 11
1 41 23 31 23 14 42 11 23 32 14 11 33 33 14 33 33 11 31 11 23 44 33 41 23 14 44 44 32 22 42 44 33
1 44 22 33 23 11 42 41 23 32 14 11 22 33 11 23 33 11 31 11 22 11 33 44 22 11 44 44 33 22 44 11 11
1 41 22 11 23 11 22 41 23 32 14 11 23 33 11 23 32 11 11 13 23 14 31 44 22 44 44 44 32 22 42 11 13
1 44 22 33 22 11 44 44 22 33 11 14 22 33 14 22 32 11 33 11 22 11 33 44 22 11 41 44 33 22 44 11 11
1 44 23 33 22 11 42 41 22 32 44 14 22 33 14 33 32 14 31 13 22 11 31 44 22 14 44 44 32 22 44 14 13
1 11 23 31 23 14 42 44 33 32 11 14 22 33 14 23 32 14 11 13 22 11 31 41 23 11 44 44 22 22 42 14 13
1 41 23 31 22 14 42 41 22 33 14 11 23 33 14 23 32 14 31 13 33 14 31 44 23 11 44 44 32 23 44 14 33
1 11 23 31 23 14 44 41 33 22 14 11 23 33 14 33 22 11 31 13 23 11 31 41 22 11 44 44 32 22 44 11 13
1 41 23 31 23 14 44 41 23 32 14 11 23 33 14 23 33 14 33 11 23 11 33 41 23 14 44 44 32 22 44 11 13
1 41 22 33 33 11 44 41 22 32 14 14 33 33 14 33 32 14 33 13 22 44 33 41 22 11 44 44 33 22 42 14 13
1 41 22 31 23 14 42 41 23 33 14 14 23 33 11 33 32 11 31 13 23 14 11 44 22 14 44 41 32 22 44 11 13
1 44 22 33 23 11 42 44 22 32 11 14 22 33 14 23 33 11 33 11 22 14 31 44 22 11 44 44 32 22 44 14 13
1 41 22 33 22 14 44 44 22 32 14 11 23 33 11 23 32 14 33 11 22 14 31 41 33 14 41 44 32 22 44 11 11
1 44 23 33 23 14 44 41 22 32 11 14 22 33 14 23 33 11 33 11 22 11 31 41 22 11 44 44 32 23 44 11 11
1 11 23 31 33 14 44 11 33 33 14 11 23 32 14 22 22 11 11 11 23 44 31 41 22 14 44 41 22 22 42 14 33
1 11 23 31 23 14 22 11 23 32 14 11 23 22 14 33 22 14 11 13 33 11 31 11 23 14 11 41 32 23 44 14 33
1 44 23 33 33 14 44 41 22 32 14 14 23 33 11 22 32 11 11 11 22 11 33 41 22 11 44 44 32 22 44 11 11
1 41 23 31 23 44 42 11 33 32 14 14 23 32 44 33 33 44 31 11 23 44 33 41 22 11 44 41 22 23 42 14 33
1 44 22 31 33 14 44 41 23 32 14 14 23 33 14 23 33 14 33 11 23 14 31 41 22 11 41 44 32 23 44 14 13
1 11 33 33 23 14 42 41 23 32 14 44 22 33 14 33 32 14 31 13 23 11 31 44 23 14 44 44 33 23 44 14 11
1 41 23 33 23 11 44 11 22 33 14 11 22 33 14 33 32 14 31 11 23 14 33 44 22 11 44 44 32 22 42 11 13
1 44 22 33 22 11 44 44 22 33 11 11 22 33 11 23 33 11 33 11 22 11 33 44 22 11 44 44 33 22 44 11 11
1 41 22 33 22 14 44 44 23 32 11 11 22 33 11 23 32 11 33 11 22 11 31 11 22 14 44 44 33 22 44 14 11
1 41 23 33 23 14 22 41 23 22 14 14 23 33 44 23 32 11 11 13 23 44 33 41 22 14 41 44 22 23 42 14 13
1 41 23 11 33 11 44 41 23 32 14 11 22 33 44 23 33 11 11 13 22 14 33 41 23 11 41 41 32 22 44 11 11
1 41 23 31 23 11 42 44 22 32 11 14 22 33 44 23 33 11 31 13 22 11 31 44 22 11 44 44 33 22 44 44 11
1 41 22 33 22 11 44 44 33 33 11 14 23 33 11 22 33 44 31 11 22 14 33 44 22 11 44 44 32 22 42 11 13
1 41 22 11 23 14 44 11 23 32 14 44 23 32 11 23 32 14 31 13 23 14 11 41 23 14 44 41 32 22 22 14 13
1 11 23 33 22 14 42 11 23 32 14 14 33 32 14 23 32 11 31 11 23 14 31 41 23 14 41 41 32 33 22 11 13
1 44 22 33 22 11 42 41 22 33 11 11 22 33 11 23 33 11 11 11 23 14 33 44 22 14 44 44 32 23 44 11 11
1 41 22 31 22 11 44 11 23 33 11 11 22 33 11 23 32 11 33 13 23 11 33 44 22 11 44 44 33 22 44 11 13
1 44 23 33 23 14 42 41 23 32 11 14 23 33 14 23 32 14 31 13 23 14 31 44 23 14 41 44 32 22 42 14 13
1 41 23 31 33 14 22 41 33 32 14 14 23 32 14 23 32 14 11 33 23 14 31 11 22 14 41 41 32 23 42 14 13
1 44 23 33 23 11 42 41 23 32 14 14 23 32 11 22 33 14 31 11 23 11 33 41 22 14 44 44 32 22 42 14 11
1 11 23 31 23 44 42 41 23 22 44 44 23 32 14 23 32 14 31 13 33 14 31 41 33 44 41 41 22 23 44 14 13
1 44 22 33 23 11 42 44 22 33 14 11 23 33 14 22 32 11 31 13 22 11 31 44 22 11 41 44 32 22 44 14 11
1 44 22 33 33 14 44 41 23 33 14 14 22 33 44 23 32 14 11 11 33 14 31 41 23 14 44 44 32 23 44 11 13
1 41 22 31 23 14 42 44 22 32 11 14 23 33 14 33 32 14 11 11 23 14 31 41 23 11 41 41 32 23 42 14 11
1 41 22 31 23 14 42 41 33 33 14 11 22 33 44 22 32 14 33 11 23 14 33 41 23 11 41 41 32 22 44 14 13
1 44 22 33 22 11 44 11 22 22 14 14 23 33 11 23 32 14 31 13 23 11 31 11 22 11 44 44 32 22 44 11 11
1 41 22 33 23 14 42 44 22 32 14 14 22 33 14 23 32 14 31 13 23 11 33 41 22 11 44 44 32 22 42 11 11
1 11 23 31 33 44 22 41 23 32 14 44 22 32 44 33 32 11 31 11 33 11 11 41 22 14 44 41 22 23 42 14 33
1 41 23 31 23 14 42 41 22 32 14 14 23 33 14 23 33 14 31 13 23 14 31 41 23 14 41 41 32 23 44 44 13
1 41 23 31 23 44 44 11 23 32 14 44 33 33 14 23 33 11 11 11 33 14 11 44 23 44 44 44 22 23 42 44 33
1 11 23 31 33 44 42 41 23 32 14 14 22 33 44 22 32 11 11 11 23 11 11 41 22 11 44 41 22 22 44 14 13
1 11 22 31 23 11 42 41 22 33 14 11 23 33 14 23 33 14 11 13 22 11 31 41 23 11 44 44 32 22 44 11 33
1 41 33 31 23 44 42 41 33 22 44 44 33 32 44 23 32 44 31 33 23 44 11 41 22 14 41 41 22 22 22 44 13
1 44 23 33 23 14 44 41 33 33 11 14 23 33 11 23 32 11 31 13 22 14 33 44 22 11 44 44 33 22 44 11 13
1 44 22 31 22 11 44 44 22 33 11 11 22 33 11 22 33 11 31 11 22 11 33 44 22 11 44 44 33 22 42 11 11
1 41 23 31 33 14 22 11 33 22 44 44 33 33 44 33 32 44 11 33 23 14 31 41 23 14 44 44 32 33 22 11 33
1 41 22 31 23 44 42 41 22 32 14 44 22 33 44 22 32 14 31 11 33 14 33 41 22 11 41 44 33 23 44 11 33
1 11 22 31 23 11 42 11 33 32 44 14 33 33 11 33 33 11 31 11 23 14 33 44 22 14 44 41 22 22 42 14 33
1 41 22 33 23 11 44 44 22 33 11 11 22 33 14 33 33 11 33 11 22 14 31 44 22 11 44 44 33 22 44 14 13
1 41 22 33 22 11 44 44 22 32 11 11 22 33 11 22 33 14 31 13 22 11 33 44 22 14 44 44 32 22 44 11 11
1 41 33 33 23 44 42 44 33 32 44 14 22 32 44 33 22 14 31 11 22 14 33 41 22 11 41 44 22 23 44 14 33
1 11 22 31 33 14 42 41 23 33 14 11 23 33 44 22 33 11 31 11 22 44 33 44 22 44 44 44 33 22 42 44 13
1 44 33 33 33 44 42 41 33 32 14 14 23 32 14 23 32 11 31 13 23 11 33 44 22 11 44 44 33 23 42 11 33
1 11 23 33 33 14 22 41 22 32 44 14 23 33 11 23 33 14 31 11 22 14 31 41 23 44 44 44 33 22 42 11 13
1 44 22 31 23 11 42 44 22 33 14 14 22 33 14 23 33 11 33 11 22 44 33 44 22 11 44 44 33 23 44 11 11
1 11 23 11 33 14 42 11 33 32 44 14 23 33 44 23 32 14 11 13 33 14 31 44 33 14 41 41 22 33 42 14 33
1 11 22 31 33 14 22 11 33 22 14 44 33 32 14 23 32 11 31 11 23 44 31 41 23 14 44 44 32 22 44 14 13
1 44 22 31 23 11 44 44 23 33 14 14 33 33 14 33 33 14 31 11 23 11 33 41 22 14 44 44 33 22 44 11 13
1 41 23 11 33 14 42 11 23 22 44 44 23 33 14 23 22 44 11 33 23 14 11 44 23 14 41 11 22 23 42 14 13
1 41 22 31 23 14 44 41 23 33 11 11 23 33 11 23 33 14 31 11 33 11 31 44 22 11 44 44 33 22 44 14 11
1 41 23 33 23 14 44 41 23 32 14 14 22 33 14 33 32 11 31 11 22 14 31 41 22 11 41 41 33 23 42 11 13
1 41 23 31 23 11 22 41 22 32 14 11 22 32 14 23 32 11 31 13 23 11 31 44 23 14 44 41 32 22 42 14 13
1 11 23 31 23 14 42 11 23 22 14 14 23 33 44 23 32 14 11 33 33 14 31 44 23 14 44 44 22 33 44 44 11
1 41 22 33 23 44 44 44 22 33 14 11 22 33 14 22 33 11 31 13 23 14 31 44 23 11 44 44 32 22 44 11 13
1 41 23 31 22 14 42 44 23 33 14 14 23 33 11 22 33 11 31 11 23 14 33 44 23 11 44 44 33 23 44 11 13
1 41 23 33 23 14 42 41 23 33 44 11 23 32 44 23 32 11 31 11 23 44 31 44 23 14 44 44 22 23 44 11 13
1 44 22 31 33 14 42 11 23 32 14 14 23 32 14 22 33 14 31 13 23 44 31 44 22 44 44 44 32 22 44 14 13
1 41 23 33 22 14 44 11 23 33 11 14 23 32 14 23 32 14 11 11 23 14 33 44 22 14 44 44 32 22 42 11 13
1 44 22 33 22 14 44 41 23 32 11 11 23 33 11 22 33 11 33 11 23 11 33 44 22 11 44 44 32 22 44 14 13
1 41 23 33 22 11 44 41 23 32 14 14 33 33 11 23 32 14 31 11 22 11 33 44 22 11 44 44 33 22 44 11 13
1 11 22 31 33 44 44 41 23 32 44 14 22 33 14 23 32 14 31 11 23 14 31 41 23 14 41 44 32 23 42 14 33
1 41 22 33 22 11 44 44 23 32 14 14 22 33 11 22 33 11 31 11 23 11 33 44 23 14 44 44 33 22 44 14 11
1 44 22 31 23 14 22 11 23 33 14 14 22 33 14 22 32 11 31 11 22 14 33 11 23 14 44 44 32 23 44 14 13
1 44 23 33 22 11 44 44 33 33 11 11 22 33 11 22 33 11 33 11 22 11 33 44 23 11 44 44 32 22 44 11 11
1 44 22 31 23 14 44 11 22 33 44 14 23 33 11 23 33 14 31 11 22 11 33 44 23 11 44 44 32 22 42 11 13
1 41 22 11 33 14 42 41 33 32 44 14 33 32 11 33 33 44 11 13 33 14 11 44 22 14 44 44 32 22 44 44 33
1 11 33 11 33 14 22 11 23 32 44 14 33 33 11 33 22 14 11 11 33 11 31 41 22 44 41 41 32 22 42 14 13
1 41 23 33 22 44 42 11 33 32 14 44 23 33 44 23 33 11 11 13 23 44 33 41 33 14 44 44 32 22 42 11 33
1 44 22 33 23 11 44 44 23 32 11 14 23 33 14 22 33 11 31 11 33 14 31 41 22 11 44 44 22 22 42 11 11
1 11 23 11 23 14 42 41 23 32 14 11 23 32 44 33 33 14 31 11 33 44 33 41 23 14 44 44 32 22 42 11 13
1 41 22 33 23 11 42 44 23 22 44 11 33 32 14 23 33 14 31 11 22 44 33 41 23 14 44 41 33 22 42 14 13
1 41 23 11 22 14 44 44 23 33 14 14 22 32 14 33 33 44 31 13 23 14 31 44 23 11 44 44 22 23 44 14 33
1 41 22 33 22 11 44 41 23 32 11 14 23 32 11 33 32 11 33 11 23 14 31 44 23 11 44 44 33 22 44 11 11
1 11 23 11 23 11 42 41 33 33 14 14 33 33 14 23 22 11 33 11 23 14 11 41 23 11 44 44 32 33 44 14 13
1 41 22 33 33 14 44 11 33 32 14 14 33 33 44 33 22 14 31 13 33 44 31 44 23 11 41 41 32 22 22 14 33
1 11 22 31 22 11 42 41 23 32 11 14 23 32 14 23 32 14 31 11 23 14 33 41 22 14 44 44 32 22 42 11 13
1 11 23 11 33 44 44 11 23 22 11 14 22 33 44 33 33 11 11 33 23 44 31 44 23 14 44 44 22 23 42 11 33
1 41 33 31 23 11 42 11 33 32 14 44 33 22 14 23 22 14 11 13 23 14 31 41 23 14 41 41 33 23 42 14 13
1 41 22 33 22 14 44 41 23 32 11 14 23 33 14 33 33 11 31 13 22 11 31 44 23 14 44 41 33 22 42 11 13
1 11 23 31 22 14 42 44 22 32 14 14 23 33 11 33 32 11 31 11 22 14 33 41 22 11 44 41 33 23 44 14 11
1 44 22 33 22 14 44 41 22 33 14 11 23 33 44 23 32 14 31 11 23 14 31 44 23 11 44 44 32 23 42 14 13
1 44 23 33 23 14 42 44 23 32 11 11 23 33 11 22 32 14 33 11 23 11 11 44 22 14 44 44 32 23 44 44 13
1 11 22 33 33 11 42 11 23 32 44 14 33 33 44 33 32 11 11 11 33 14 33 44 33 44 44 44 32 23 42 14 13
1 41 22 31 22 11 44 41 22 22 11 44 23 33 14 23 32 11 33 11 23 11 33 44 22 14 41 44 32 22 44 11 13
1 44 22 31 22 11 44 44 22 33 14 11 22 33 11 23 33 11 33 11 22 11 33 44 22 11 44 44 33 22 44 11 11
1 41 22 31 23 14 42 41 22 33 14 11 23 33 14 23 32 14 33 11 22 14 33 44 22 44 44 44 32 22 42 11 13
1 41 23 33 23 14 44 41 22 32 11 14 23 33 11 23 33 11 31 13 22 11 33 41 33 14 44 44 33 23 44 11 13
1 41 22 33 23 11 44 41 22 32 14 44 22 32 11 22 32 14 33 11 33 11 33 44 22 14 44 44 32 22 44 11 13
1 11 22 33 23 11 44 41 23 33 11 11 22 33 11 22 33 11 31 11 22 11 33 44 22 14 44 44 33 22 44 11 11
1 11 33 31 22 14 42 44 22 32 14 14 22 33 11 23 32 11 33 11 22 44 33 44 23 14 44 44 22 22 44 14 11
1 44 33 31 23 11 44 44 22 33 14 14 23 33 14 23 32 11 11 11 22 11 33 44 23 14 44 44 33 22 44 11 33
1 41 23 33 33 14 42 41 23 32 44 44 23 32 44 23 32 14 11 33 23 14 31 44 23 14 44 41 22 22 42 44 13
1 11 22 33 23 11 22 11 22 32 14 44 22 32 44 33 33 44 11 13 23 14 31 44 22 14 41 44 32 22 42 11 13
1 44 23 31 23 11 44 41 23 33 14 44 23 33 14 23 33 11 31 11 23 11 11 44 23 44 44 44 33 22 42 11 11
1 44 23 33 22 11 42 44 23 33 14 11 23 33 11 23 32 11 33 13 22 14 31 41 22 11 44 44 32 22 44 11 13
1 41 23 33 23 14 22 41 23 33 14 11 23 32 44 23 33 14 33 33 23 11 33 41 22 14 44 41 33 22 44 11 13
1 44 22 33 23 14 44 41 22 32 11 14 23 32 11 22 33 14 31 11 22 14 33 44 23 11 44 44 32 23 44 44 13
1 44 22 31 22 11 44 44 22 32 14 11 22 33 11 23 33 11 33 11 22 14 33 44 22 14 44 44 33 22 44 11 11
1 11 23 31 23 14 22 44 33 32 14 44 22 33 44 23 33 11 11 13 23 14 11 41 23 14 41 41 32 23 42 11 13
1 11 22 31 23 14 44 41 22 33 11 11 23 33 14 33 33 14 33 11 22 11 33 44 22 44 44 44 33 23 44 11 11
1 44 22 33 22 11 44 41 23 32 14 14 22 33 11 22 32 14 33 11 22 14 33 44 22 11 44 44 33 22 44 11 11
1 44 22 33 22 14 42 44 22 33 11 11 23 33 14 22 32 14 33 11 22 14 33 44 22 14 44 44 33 22 44 11 13
1 44 22 33 23 11 42 44 22 33 14 14 22 33 14 23 33 11 31 11 23 11 33 44 22 11 44 44 33 22 44 14 13
1 41 23 33 22 11 44 44 22 33 14 11 22 33 11 23 33 11 33 11 22 14 33 44 22 11 44 44 33 23 44 11 13
1 11 22 33 22 11 44 11 23 33 14 11 22 33 44 22 33 14 31 11 23 14 33 41 22 11 44 44 22 22 44 14 33
1 41 23 31 22 14 44 41 23 33 14 14 23 33 11 23 32 11 33 11 23 14 31 44 23 11 44 44 33 23 42 14 13
1 41 23 33 23 14 42 41 23 32 11 14 33 32 14 33 32 14 31 13 23 14 31 41 23 14 41 41 32 22 42 14 13
1 11 23 11 23 11 22 11 22 22 11 14 23 33 14 23 32 14 11 13 22 11 33 44 22 14 41 41 22 22 44 44 13
1 44 22 33 23 11 44 44 22 33 11 11 23 33 11 23 33 11 31 13 23 11 33 44 22 11 44 44 22 22 44 11 11
1 41 22 31 23 11 44 44 22 32 14 11 23 33 44 33 32 14 11 13 22 11 33 44 23 14 44 44 33 23 42 14 11
1 44 22 33 22 14 42 41 23 33 14 14 22 33 11 22 33 11 33 11 23 14 33 44 22 14 44 44 33 22 44 11 11
1 41 22 31 22 14 44 41 23 33 11 14 23 33 11 23 32 11 31 13 22 14 31 44 22 14 44 44 32 33 44 11 11
1 11 22 31 23 11 44 41 33 32 44 44 23 33 14 23 32 14 11 13 22 11 31 41 22 14 44 44 32 22 44 14 33
1 41 22 31 23 14 42 41 23 32 14 11 22 33 44 22 32 11 31 13 22 14 31 44 22 11 44 44 33 22 44 14 11
1 41 23 31 23 11 42 41 23 32 14 14 33 33 11 23 32 11 31 13 23 14 33 41 23 14 44 41 33 23 42 14 13
1 11 22 33 33 14 44 44 23 33 14 14 22 33 14 33 32 11 31 11 22 11 33 44 22 11 44 41 33 22 42 11 11
1 41 22 31 22 11 22 44 22 33 11 14 23 33 14 23 32 14 31 11 33 11 33 44 22 11 44 44 32 22 44 14 13
1 41 22 33 23 11 44 44 22 33 14 44 33 33 14 33 32 11 33 33 23 14 33 41 22 14 41 44 32 23 42 11 13
1 11 23 33 33 11 42 11 23 33 11 14 33 33 44 33 32 11 33 11 23 11 11 44 23 14 41 41 22 23 44 11 33
1 41 23 33 23 14 22 41 23 32 14 14 23 22 44 33 32 11 11 11 23 14 31 41 23 14 41 44 22 33 44 11 13
1 44 23 33 22 11 44 41 22 32 14 14 23 33 14 23 33 11 31 11 23 14 33 44 22 11 44 44 32 22 42 14 13
1 11 23 33 23 14 44 44 23 32 14 44 33 33 44 22 32 14 11 13 23 14 33 41 23 14 44 44 32 23 44 11 13
1 11 22 31 23 14 42 41 22 33 14 44 23 32 14 23 33 11 31 13 22 11 33 41 22 14 41 44 32 33 44 14 11
1 44 22 33 22 11 44 41 23 33 11 14 22 33 11 23 33 11 31 13 23 14 31 44 22 11 44 44 32 22 44 14 11
1 44 23 33 22 11 42 44 22 32 11 11 22 33 14 23 33 11 33 11 22 14 33 41 23 44 44 44 32 22 44 11 13
1 41 23 31 23 14 42 44 23 32 14 14 23 33 14 33 33 14 31 13 23 11 31 44 23 14 44 44 32 23 44 11 13
1 41 23 33 23 14 42 41 23 32 14 14 23 32 14 23 32 11 31 13 23 14 31 41 23 14 41 44 32 23 44 14 13
1 41 23 31 23 11 22 41 23 22 14 14 23 33 14 23 32 11 31 13 23 14 31 41 23 14 41 41 32 22 42 14 13
1 41 22 33 22 14 42 41 23 33 11 11 33 33 14 23 32 11 11 11 23 11 33 41 23 11 44 44 32 22 42 14 11
1 41 33 33 22 14 44 11 22 32 14 11 23 33 44 22 22 11 31 11 33 14 11 41 23 44 44 41 33 23 44 14 33
1 44 22 33 23 14 22 44 22 33 14 14 23 33 11 23 33 14 33 11 22 14 33 44 22 11 44 44 32 22 44 11 33
1 41 22 33 23 14 42 41 22 33 14 11 22 33 11 23 33 11 31 11 23 14 33 44 22 11 44 44 33 22 44 11 11
1 11 33 31 33 11 42 41 23 22 14 14 33 32 44 33 22 14 11 13 33 14 31 41 23 14 44 41 32 23 42 14 13
1 41 22 33 23 14 44 44 23 32 11 11 22 33 44 22 33 11 31 11 22 44 33 44 22 14 44 44 32 22 44 11 13
1 41 23 31 23 11 44 41 23 32 14 14 22 32 11 23 32 14 31 13 23 11 31 44 22 14 41 44 33 23 42 11 13
1 41 23 31 22 11 44 41 23 32 14 14 33 33 11 23 33 11 11 11 33 14 31 41 23 14 44 44 22 22 44 14 13
1 41 22 31 22 11 42 44 23 33 14 11 22 33 11 23 33 11 31 11 23 14 33 44 22 11 44 44 32 22 44 11 13
1 44 22 31 23 14 42 11 23 33 11 11 23 33 11 22 33 11 31 11 22 14 33 44 23 14 44 44 32 22 44 11 13
1 11 22 31 33 14 42 11 23 33 11 11 23 33 44 33 33 11 11 13 23 14 11 44 23 44 44 41 22 23 44 11 13
1 11 23 33 23 14 42 41 23 33 14 11 23 33 11 33 22 11 31 11 33 11 11 44 22 14 44 41 33 22 42 14 13
1 11 22 33 22 11 44 44 22 33 14 11 22 33 14 33 32 11 31 11 22 11 33 44 22 14 44 44 33 23 44 14 11
1 41 23 31 23 44 22 11 23 32 14 44 33 33 44 33 22 14 11 13 33 44 31 41 23 44 11 41 22 23 42 14 13
1 41 22 33 23 14 42 41 23 32 11 11 23 33 14 22 33 14 33 11 22 14 31 41 22 14 44 44 33 23 42 11 11
1 11 23 33 23 14 42 41 22 33 11 44 23 33 44 22 33 14 11 33 23 44 31 41 22 14 41 41 32 23 44 14 13
1 44 22 31 23 11 44 11 23 33 14 11 22 33 11 23 33 44 11 11 23 11 31 41 22 11 44 41 32 22 44 11 13
1 41 23 33 23 14 44 11 22 33 11 14 33 33 11 23 32 14 31 11 22 14 33 44 22 44 44 44 32 22 44 14 13
1 44 22 33 22 14 44 44 23 32 14 11 23 33 11 33 32 11 31 11 22 11 33 41 22 11 44 44 33 22 44 14 11
1 44 22 33 23 11 42 44 22 32 11 11 22 33 11 33 33 14 33 11 22 11 33 44 22 11 44 44 33 22 44 11 13
1 44 23 31 22 14 44 41 22 32 14 11 23 33 11 22 33 14 11 11 23 11 33 44 22 11 44 44 32 22 44 11 11
1 44 22 33 23 11 42 44 23 32 14 11 23 33 11 23 33 14 31 11 22 44 33 44 23 14 44 44 33 23 44 14 11
1 41 22 33 23 14 42 41 23 33 11 14 23 32 14 23 33 14 31 13 33 11 31 41 22 11 44 41 33 23 44 11 11
1 41 23 31 33 44 42 41 33 32 14 44 23 33 44 33 32 14 11 11 23 14 11 41 23 14 44 44 32 33 42 44 13
1 41 22 31 33 11 42 44 23 33 14 11 23 33 14 23 33 11 11 11 22 11 33 44 22 14 41 44 33 23 44 11 13
1 41 22 31 22 14 44 44 22 33 11 11 23 33 11 22 33 11 33 11 22 11 33 44 22 14 44 44 33 22 44 11 11
1 41 23 33 23 11 44 11 23 33 44 11 23 33 14 23 33 11 11 11 22 11 31 44 23 11 44 44 32 23 44 11 11
1 41 23 31 22 14 44 41 23 32 14 11 23 33 11 23 32 14 31 11 23 14 33 41 22 11 44 44 33 23 44 14 13
1 41 23 31 23 14 44 41 33 32 11 11 23 32 14 23 32 11 31 33 23 14 31 11 33 14 44 44 33 23 42 44 13
1 44 22 33 22 14 44 44 23 33 44 11 23 33 14 22 32 11 31 13 23 11 31 44 22 14 44 41 33 22 44 11 11
1 11 23 31 23 14 42 44 22 22 14 14 22 33 14 23 22 11 31 11 22 44 31 41 23 44 44 44 32 22 44 14 13
1 44 23 33 23 11 42 44 23 33 11 11 22 33 11 23 32 11 31 11 22 14 33 44 22 11 44 44 33 22 44 11 11
1 41 23 31 23 14 44 41 23 32 14 14 23 33 14 23 32 14 31 13 23 14 31 41 22 14 44 41 32 23 44 14 13
1 44 22 31 23 14 42 44 23 33 11 11 22 33 11 23 33 11 11 11 22 11 33 44 22 11 44 44 32 22 44 11 13
1 11 22 33 22 11 44 11 23 32 11 11 22 33 14 22 33 11 31 11 22 11 33 44 22 11 44 41 33 22 44 11 11
1 41 23 33 23 14 42 44 23 32 44 44 23 33 44 33 32 11 33 11 23 14 31 41 23 44 44 41 33 23 44 14 13
1 44 22 33 22 11 44 44 22 33 14 11 22 33 14 23 33 11 31 11 22 11 33 44 22 11 44 44 33 22 42 11 11
1 11 23 31 33 11 22 11 33 32 14 44 23 33 14 23 32 14 11 33 23 44 31 41 23 14 41 41 32 23 42 14 13
1 11 22 33 22 11 42 44 22 33 11 11 22 33 11 22 32 11 31 13 22 14 33 44 23 11 41 44 32 22 44 11 13
1 11 22 31 23 14 42 41 23 32 44 44 23 33 14 23 33 11 33 11 22 14 33 44 22 11 41 41 32 23 42 11 11
1 41 23 33 33 14 22 41 22 32 44 44 22 32 14 33 32 11 31 11 23 14 31 44 23 14 44 44 33 23 42 11 33
1 11 23 31 33 11 42 11 23 32 11 14 23 33 44 23 32 44 11 13 33 14 31 41 33 11 41 44 32 23 42 44 33
1 44 22 33 22 11 44 44 22 33 14 11 23 33 14 23 33 11 33 11 22 14 33 11 22 14 44 44 32 22 44 11 11
1 41 22 33 23 11 42 41 23 32 14 11 23 33 14 22 33 14 31 11 22 14 31 41 22 11 44 44 33 22 44 11 13
1 44 22 33 22 14 42 41 23 32 14 14 23 33 44 23 22 14 11 11 33 44 33 44 22 14 44 44 22 33 44 11 13
1 11 33 31 23 14 22 41 23 33 44 44 33 32 14 33 22 44 11 33 23 44 11 11 23 14 44 44 22 33 44 44 33
