 rs277682 rs11590169 rs11122122 rs447558 rs449250 rs2134318 rs277675 rs277665 rs378930 rs11122141 rs430962 rs391674 rs1475635 rs11122146 rs10864639 rs12059518 rs12070784 rs659459 rs629196 rs17029909 rs623974
0 41 11 41 44 11 11 11 32 44 41 23 33 22 22 44 11 23 11 44 11 14
0 44 11 44 44 11 11 11 32 44 41 22 33 22 22 44 11 22 11 41 14 11
0 44 11 11 44 44 14 44 33 11 41 23 33 22 22 22 14 23 14 44 44 44
0 44 11 44 44 11 14 11 33 44 44 22 32 22 22 44 11 22 11 44 11 14
0 11 11 44 44 44 11 14 33 41 11 23 22 22 23 44 14 33 11 41 14 44
0 44 14 44 44 11 11 11 32 44 41 22 32 22 33 44 14 23 11 44 11 14
0 44 11 44 41 14 11 44 22 41 41 33 22 23 33 42 14 22 14 11 14 14
0 41 11 44 44 14 11 44 32 44 41 23 33 22 22 42 11 23 11 44 11 11
0 41 11 41 44 14 14 11 33 44 41 22 32 23 23 44 11 23 14 44 14 14
0 44 11 44 44 14 11 11 33 44 41 22 33 22 22 44 11 23 11 41 11 11
0 44 44 44 44 14 11 14 32 44 44 22 32 22 23 42 14 23 11 44 14 14
0 44 11 44 44 11 11 11 33 44 41 22 33 22 22 42 11 22 11 44 11 11
0 44 14 41 41 11 11 11 33 41 41 22 32 22 23 44 11 22 11 44 11 14
0 44 11 41 44 14 14 14 32 41 44 23 32 23 33 42 14 23 11 44 14 11
0 44 11 41 44 11 11 11 33 44 44 23 32 23 22 44 11 22 11 41 11 14
0 44 11 41 44 11 11 11 33 44 44 22 33 22 22 44 11 22 11 44 11 11
0 44 11 44 44 11 11 14 33 44 44 22 33 22 22 44 11 22 11 44 11 11
0 11 11 41 41 14 14 14 32 41 44 23 32 23 33 42 14 23 11 41 14 11
0 44 11 44 44 44 14 11 33 44 41 22 32 23 22 44 14 22 11 44 11 14
0 44 11 44 44 11 11 11 32 44 44 22 33 22 22 42 11 23 11 41 14 14
0 44 14 44 41 11 14 11 33 44 44 23 32 23 23 42 14 23 14 44 14 14
0 44 11 44 41 11 11 11 33 44 44 22 33 22 23 44 11 23 11 44 11 11
0 44 11 44 44 11 11 11 32 44 41 22 33 23 22 44 11 23 11 44 11 11
0 44 11 44 44 11 11 14 33 44 44 22 33 22 22 42 11 22 11 44 11 11
0 44 11 44 44 11 11 14 33 44 44 22 33 22 22 42 11 23 11 44 14 14
0 11 44 11 41 14 11 14 32 44 11 23 22 23 22 22 44 23 11 41 44 11
0 44 11 41 44 14 11 14 33 44 11 22 32 33 33 44 11 23 11 44 44 11
0 44 11 41 44 14 11 14 33 44 41 22 33 22 22 44 11 22 11 44 11 14
0 44 14 41 44 44 14 14 32 44 11 23 33 22 23 22 11 23 11 44 11 14
0 44 11 44 44 11 11 11 33 44 41 23 33 22 22 44 11 23 11 41 11 14
0 44 11 44 44 11 11 14 33 44 44 22 32 22 22 44 11 22 11 44 11 11
0 44 11 44 44 11 11 14 33 41 41 22 32 22 23 44 11 23 11 44 11 14
0 41 11 44 44 11 11 11 32 41 44 22 33 22 22 44 11 22 11 41 14 14
0 44 11 41 44 14 11 14 32 41 44 22 32 23 22 42 11 22 11 44 14 11
0 44 11 44 41 14 11 14 33 44 41 22 32 22 23 44 11 22 11 44 14 11
0 44 11 41 44 14 14 44 33 44 44 23 33 22 22 42 14 23 11 44 11 14
0 44 14 11 11 11 11 44 22 44 41 22 33 23 22 44 14 23 14 44 14 14
0 44 14 41 44 11 11 14 32 44 44 22 32 22 23 42 11 33 14 44 11 14
0 41 14 44 44 14 11 11 33 44 41 22 32 23 23 42 11 33 11 41 11 14
0 44 11 44 44 14 11 14 32 44 41 22 33 22 22 44 11 22 11 44 14 14
0 44 11 41 44 11 11 11 32 41 41 22 33 22 22 44 14 23 11 44 11 14
0 44 11 41 11 14 14 44 32 41 11 23 22 23 33 22 11 33 14 41 44 14
0 44 11 44 44 11 11 44 32 41 11 22 22 22 23 42 14 23 14 41 14 14
0 41 11 44 44 11 11 11 33 44 41 22 22 22 22 42 11 22 11 41 11 11
0 41 14 41 41 14 14 11 32 41 11 23 32 33 22 42 14 22 11 41 14 14
0 41 14 11 44 14 11 14 33 44 41 22 32 22 23 44 11 33 11 44 14 14
0 41 11 44 44 14 11 14 32 44 41 23 32 22 23 44 14 22 11 11 14 14
0 44 11 44 44 14 11 14 33 44 41 22 33 22 23 44 11 22 11 44 11 11
0 41 14 44 44 14 14 14 32 44 41 22 32 23 23 42 11 23 11 41 14 14
0 44 11 11 41 11 11 11 32 44 41 22 32 33 23 22 11 23 14 44 14 14
0 44 11 41 44 11 11 11 22 44 41 23 33 22 22 42 11 23 11 41 11 11
0 44 14 41 41 14 14 14 32 44 11 22 22 23 33 42 11 23 14 44 14 14
0 44 14 44 44 14 11 11 33 44 41 22 33 23 22 44 11 22 11 44 14 14
0 41 11 41 41 14 14 14 32 11 41 23 32 23 33 22 14 33 14 44 44 14
0 44 11 41 41 11 11 11 33 44 41 22 32 22 22 44 11 22 11 44 11 14
0 44 11 11 44 11 11 14 33 44 11 22 32 22 23 44 11 23 11 41 14 14
0 41 11 44 44 11 11 11 33 41 11 22 33 23 23 44 14 23 11 41 14 11
0 44 14 44 44 11 11 14 33 44 41 23 33 22 23 44 11 23 11 44 11 11
0 44 14 44 44 44 11 14 32 41 41 23 32 33 33 44 11 22 11 41 11 44
0 44 11 41 44 11 11 44 32 44 41 22 22 23 23 42 14 33 11 41 11 14
0 44 14 11 44 14 11 14 32 44 11 23 32 23 23 42 11 23 11 41 14 14
0 44 11 44 44 11 11 11 33 41 41 22 22 22 23 44 11 22 11 44 11 11
0 44 14 44 44 11 11 14 32 44 11 22 32 22 33 44 14 23 11 11 11 44
0 41 11 44 44 11 11 44 32 41 11 22 22 23 33 42 11 23 14 44 14 11
0 41 11 41 44 11 11 14 32 44 41 22 32 22 23 44 11 23 11 44 11 14
0 44 14 44 44 11 14 11 32 44 11 23 32 23 23 42 11 22 11 44 11 14
0 44 11 44 44 14 11 14 32 44 41 22 32 22 23 42 11 33 11 44 44 11
0 44 11 44 44 14 11 11 33 44 44 22 33 22 23 42 11 22 11 44 14 11
0 44 11 44 44 11 11 11 33 44 41 22 33 22 23 42 11 22 11 44 11 11
0 44 11 41 44 11 14 14 32 44 41 22 32 23 22 42 14 23 11 41 11 11
0 44 11 41 44 14 11 44 33 44 41 22 32 22 23 42 11 23 14 44 11 14
0 41 14 41 44 14 11 44 32 41 41 23 32 23 23 42 14 23 14 41 14 14
0 44 11 44 44 11 14 11 33 44 41 22 33 22 22 42 11 22 11 41 11 11
0 41 11 44 44 14 11 44 32 44 41 22 22 22 22 42 11 22 11 44 11 11
0 44 11 44 44 14 11 11 33 44 44 22 33 22 22 44 11 22 11 44 14 14
0 44 11 44 44 11 11 11 33 44 41 22 32 23 22 44 11 22 11 44 14 11
0 44 11 41 44 14 11 14 33 44 41 22 32 22 22 44 11 22 11 44 11 11
0 44 14 44 44 14 11 11 32 41 41 22 32 23 33 44 11 22 11 44 11 11
0 44 11 44 44 14 11 14 33 44 41 22 22 23 22 42 11 23 11 44 14 11
0 41 11 44 41 14 11 14 32 44 44 22 33 22 23 42 11 33 11 44 14 44
0 44 11 41 44 14 11 14 33 44 41 22 33 22 22 44 11 22 11 44 11 14
0 44 11 41 44 11 11 11 33 44 44 22 32 22 22 44 11 23 11 44 14 11
0 41 14 41 41 14 11 14 33 44 41 33 32 22 23 42 11 22 11 44 11 11
0 44 11 44 44 14 11 14 33 44 44 22 33 22 22 42 11 22 11 44 11 11
0 44 11 44 44 11 11 11 33 44 41 22 33 22 23 44 11 22 11 44 11 14
0 44 11 44 44 11 11 14 33 44 44 22 32 22 22 42 11 22 11 44 11 11
0 44 11 44 44 11 11 14 33 44 41 22 33 22 22 44 11 23 11 44 11 14
0 44 11 44 44 11 11 11 33 41 11 23 32 23 23 42 11 23 11 44 11 14
0 44 11 44 44 11 11 11 32 44 44 23 33 22 22 42 11 22 11 41 11 11
0 41 11 44 44 14 11 44 33 44 11 22 32 23 33 44 11 22 11 44 14 11
0 41 14 41 44 14 14 14 32 41 41 23 32 22 23 42 14 23 11 44 11 14
0 41 11 44 44 11 11 14 33 44 44 22 33 22 22 44 11 22 11 44 11 11
0 41 14 41 41 44 14 14 32 41 41 23 32 23 23 42 14 22 11 41 14 14
0 41 11 41 44 11 14 14 32 41 44 23 22 33 33 42 14 23 11 41 11 14
0 44 11 44 44 11 11 11 33 44 41 22 33 22 33 42 14 23 11 41 14 14
0 41 44 44 44 11 11 14 33 44 41 23 22 22 23 42 11 22 11 41 11 14
0 41 14 41 44 14 11 14 22 41 41 23 32 23 23 22 14 23 14 11 14 14
0 44 11 44 44 11 14 11 32 44 41 22 32 23 33 42 14 23 11 41 14 14
0 41 11 41 41 14 14 14 33 44 11 23 32 33 22 44 11 22 11 44 14 14
0 44 11 44 44 11 11 11 33 44 41 22 33 22 22 44 11 22 11 44 11 14
0 44 11 11 44 11 11 44 32 44 41 23 33 22 23 42 11 33 11 44 14 14
0 41 14 41 41 11 11 14 32 44 41 23 32 22 23 42 11 23 14 44 14 14
0 44 11 44 44 44 11 14 32 41 11 22 32 22 22 22 11 23 11 44 14 14
0 41 14 41 44 14 14 14 33 44 41 23 32 23 23 42 11 23 11 41 11 14
0 44 14 44 44 11 11 14 32 44 41 22 32 23 23 44 14 22 14 41 14 11
0 41 11 41 41 11 11 11 32 44 41 22 32 22 23 44 11 33 11 44 11 14
0 44 11 41 44 11 14 11 32 44 41 23 22 23 33 44 44 23 14 41 14 14
0 44 11 44 44 11 11 14 32 44 44 22 33 22 22 44 11 22 11 44 11 11
0 41 11 44 44 11 11 11 32 44 44 22 33 22 23 44 11 23 11 41 11 11
0 41 14 44 44 11 11 14 32 44 41 23 32 22 22 42 11 23 11 44 14 14
0 44 11 44 44 11 11 14 22 44 41 22 32 22 22 44 11 22 11 44 11 11
0 44 11 41 41 11 11 11 32 44 41 22 32 22 23 44 11 22 11 44 11 11
0 44 11 44 44 11 14 11 33 44 41 22 33 22 22 44 11 22 11 44 14 11
0 44 11 44 44 11 11 11 33 41 44 23 33 23 22 44 11 22 11 44 11 11
0 44 14 41 44 14 14 11 32 44 41 23 32 33 23 42 11 22 14 44 14 44
0 44 11 41 44 11 11 11 33 44 44 22 33 22 23 42 11 22 11 44 11 11
0 11 11 44 44 14 14 14 32 41 11 22 22 33 22 44 14 23 14 41 11 14
0 41 11 41 44 14 11 11 32 44 41 22 32 23 22 44 11 23 11 44 11 11
0 44 11 41 44 14 11 14 32 44 44 22 32 22 22 44 11 23 11 44 11 11
0 41 11 44 41 11 11 14 33 41 41 22 32 23 23 22 11 22 11 44 14 11
0 44 11 44 44 11 11 11 33 44 44 22 33 23 22 44 11 22 11 44 14 11
0 44 44 41 44 11 11 11 32 44 11 22 33 22 23 22 14 23 11 44 11 14
0 41 11 41 41 11 11 14 32 41 11 23 32 23 23 44 11 23 11 41 11 14
0 41 14 41 41 14 14 14 33 41 41 23 22 23 23 42 14 23 11 44 14 14
0 41 11 44 41 14 14 11 32 44 11 23 32 23 33 42 11 23 11 44 14 14
0 11 14 41 41 11 11 44 22 41 11 33 22 22 33 22 14 33 11 11 44 44
0 44 11 44 44 11 11 11 33 44 41 22 33 23 23 44 11 22 11 44 11 11
0 41 11 44 44 11 11 14 32 44 41 22 33 22 22 44 11 23 11 44 14 14
0 44 14 41 44 14 11 14 33 44 11 22 32 22 22 44 11 23 11 44 14 11
0 44 14 11 41 11 11 11 33 41 41 23 32 22 33 42 11 33 11 44 44 14
0 44 11 44 44 11 14 11 33 44 44 22 33 22 22 44 11 22 11 44 11 11
0 44 11 41 41 11 11 11 32 44 44 22 33 22 22 42 11 22 14 44 14 44
0 41 14 11 44 11 11 44 32 44 41 22 22 33 33 42 14 22 14 41 11 14
0 44 14 41 41 11 14 14 32 44 11 22 32 23 33 44 14 23 11 44 14 11
0 41 11 41 44 11 11 14 32 44 11 22 32 22 23 42 11 22 11 44 11 11
0 44 11 44 44 11 11 11 32 44 41 22 22 23 22 44 11 22 11 44 11 11
0 44 11 44 44 11 11 11 33 44 44 22 33 22 23 42 11 23 11 44 11 11
0 41 11 41 44 14 11 44 32 41 11 22 22 23 22 42 14 33 11 44 14 11
0 41 11 44 44 14 44 11 32 44 41 22 32 23 33 42 11 22 11 44 14 11
0 44 11 44 41 11 11 14 33 44 41 22 32 22 33 44 14 23 11 44 11 11
0 44 11 44 44 14 14 14 33 44 41 22 32 22 23 44 11 22 11 44 14 14
0 44 11 44 41 14 14 11 33 44 44 23 32 22 22 42 11 22 11 41 44 11
0 44 14 44 44 14 11 14 32 44 41 22 33 22 23 42 11 22 11 41 14 44
0 44 11 44 44 11 11 11 33 44 11 22 32 22 23 44 11 22 11 44 11 11
0 44 11 44 44 14 11 14 32 44 41 23 32 22 23 42 11 23 11 44 11 14
0 44 14 44 41 14 11 11 33 41 41 23 32 23 23 42 11 23 11 44 14 14
0 41 11 41 44 44 11 11 32 44 41 22 32 23 23 44 11 23 11 44 14 14
0 44 11 44 44 11 11 14 33 44 44 22 32 22 22 42 14 22 11 44 11 11
0 44 11 44 44 14 11 14 33 44 44 23 33 22 23 44 11 22 11 44 11 11
0 44 11 41 44 11 11 44 32 41 11 22 32 22 23 44 11 23 11 41 44 14
0 44 14 44 44 11 11 11 32 44 44 23 33 22 22 44 11 23 11 44 11 11
0 41 14 41 41 14 14 44 32 44 41 23 22 23 33 42 11 23 14 44 14 14
0 44 14 44 44 11 11 14 33 41 44 22 33 22 23 42 11 22 11 44 14 11
0 44 11 44 44 11 11 11 32 41 41 22 33 22 23 42 11 22 11 44 11 11
0 41 14 41 44 14 11 11 32 44 41 22 33 22 23 42 11 22 11 44 14 14
0 44 14 41 44 11 11 14 32 41 41 23 22 22 23 42 14 23 11 41 11 11
0 41 14 41 44 11 14 11 32 44 41 22 22 23 23 42 14 22 11 41 14 14
0 44 11 44 44 14 11 11 32 44 11 22 32 22 23 42 11 23 14 44 14 14
0 41 11 41 44 14 11 14 33 44 41 23 32 23 23 42 11 23 11 44 14 11
0 44 11 44 44 14 11 11 32 44 41 22 33 22 23 44 11 33 11 44 11 11
0 41 11 44 41 14 14 14 33 44 41 22 32 22 22 42 14 23 11 41 14 14
0 41 44 11 41 14 11 44 32 41 11 33 22 22 33 22 14 33 14 11 14 14
0 44 11 44 41 14 14 14 33 44 11 22 33 22 22 44 11 33 11 44 11 11
0 44 11 41 44 44 14 14 33 44 41 22 32 23 33 44 11 23 11 44 11 44
0 44 11 44 44 11 11 11 33 44 44 22 33 22 23 42 11 23 11 11 11 14
0 44 11 44 44 11 11 44 33 41 41 22 33 23 23 44 11 22 11 44 44 14
0 41 14 11 44 11 11 14 33 44 44 22 22 22 22 42 14 23 11 41 11 44
0 44 14 44 44 14 11 11 33 44 11 22 32 22 23 44 11 23 11 44 11 11
0 44 11 44 44 11 11 11 32 44 44 22 33 22 22 44 11 22 11 41 11 11
0 44 44 41 44 14 11 14 33 41 41 22 32 22 23 22 14 23 14 41 44 11
0 41 11 41 44 14 11 14 33 44 41 22 33 23 22 42 14 23 11 44 14 11
0 44 11 44 44 11 11 11 32 44 44 22 33 23 23 44 14 22 11 44 11 14
0 44 11 41 44 11 11 14 33 44 41 22 22 23 23 44 14 22 11 41 14 11
0 44 14 44 44 11 11 44 33 44 41 22 32 22 23 44 14 22 11 44 14 14
0 44 11 44 44 11 11 11 33 44 44 22 33 22 23 44 11 23 11 44 11 11
0 41 11 11 41 14 14 11 32 44 41 23 32 22 23 44 14 23 11 44 14 11
0 44 14 44 44 14 11 14 32 41 41 23 32 22 23 42 11 22 11 41 11 14
0 44 14 44 44 11 11 11 33 44 11 22 32 22 22 44 11 23 11 44 11 11
0 44 11 44 44 11 11 11 33 44 44 22 32 22 23 44 11 22 11 44 11 11
0 44 14 44 41 11 11 11 33 44 44 22 32 33 23 42 14 22 14 44 14 11
0 44 11 44 44 14 11 14 32 44 11 22 33 22 33 44 11 22 11 44 14 11
0 44 11 44 44 11 11 11 33 44 41 23 32 22 22 42 11 22 11 44 11 11
0 41 14 41 44 14 44 14 22 41 44 23 32 33 23 44 14 33 11 11 44 14
0 41 14 44 44 14 11 14 32 44 41 22 32 23 23 42 11 23 11 44 14 44
0 44 11 44 44 11 11 11 33 44 41 22 32 22 22 44 11 23 11 44 11 14
0 44 14 44 44 11 11 11 32 44 41 22 33 22 23 44 11 23 11 44 14 11
0 44 14 44 44 14 11 14 32 41 41 23 33 22 23 44 11 23 11 41 14 14
0 41 14 41 44 14 14 14 32 41 41 22 22 22 23 22 11 23 11 41 14 11
0 44 11 44 44 11 11 11 33 41 11 22 22 22 23 44 11 23 11 44 11 11
0 44 11 44 44 14 11 11 33 44 44 22 33 22 22 44 11 22 11 44 14 11
0 41 11 44 41 11 11 14 22 44 41 22 32 23 23 44 14 22 11 41 14 44
0 44 11 44 44 11 11 11 33 44 11 23 22 22 22 22 11 22 11 41 11 14
0 44 11 11 41 11 14 44 32 41 11 22 32 33 23 22 14 23 11 41 14 11
0 41 14 44 44 14 11 44 33 44 41 22 32 22 23 42 14 23 11 44 14 14
0 44 11 44 44 14 11 44 32 41 41 22 32 23 23 42 14 22 11 41 44 14
0 44 14 41 44 14 11 14 22 44 41 23 32 22 33 22 11 23 14 41 14 44
0 44 11 44 44 11 11 44 33 41 41 22 32 23 22 44 11 33 11 41 11 11
0 44 14 44 44 11 11 11 33 44 11 23 32 22 22 42 11 22 11 44 11 11
0 41 44 11 44 44 44 14 33 44 41 23 32 33 22 22 44 22 14 41 14 14
0 41 11 11 41 14 14 11 33 44 44 22 22 22 23 22 14 22 11 41 14 11
0 44 14 44 44 44 11 14 22 44 44 22 22 33 23 42 14 23 11 41 44 11
0 44 11 44 44 14 11 14 33 44 44 22 33 22 22 44 11 22 11 44 11 11
0 41 14 44 44 14 11 14 22 44 41 33 32 22 33 42 14 33 14 41 44 14
0 41 11 11 44 11 11 14 33 41 41 33 22 22 23 44 11 23 11 44 44 11
0 44 11 44 44 11 11 14 32 44 11 22 32 22 33 42 11 23 11 44 11 14
0 44 11 44 41 14 11 11 32 44 44 22 32 23 23 42 11 33 11 41 11 14
0 44 11 11 44 14 11 14 22 41 41 23 33 23 33 42 14 23 11 44 11 14
0 44 11 41 44 14 11 11 32 44 41 22 33 23 22 44 11 22 14 44 14 14
0 44 11 44 41 11 11 11 33 44 41 22 22 22 22 44 11 22 11 44 11 11
0 44 11 44 41 11 11 14 32 41 41 22 22 23 23 42 11 23 14 44 44 14
0 44 11 44 44 11 11 11 33 44 41 22 32 22 23 44 11 23 11 44 11 11
0 44 44 41 44 11 11 14 32 41 11 22 32 23 23 42 11 22 14 44 14 14
0 44 11 41 41 14 11 11 33 44 11 22 33 23 23 22 11 33 14 44 11 14
0 41 11 41 44 14 11 14 32 44 41 23 33 22 33 22 11 23 11 44 11 44
0 44 11 41 44 11 11 14 33 44 41 22 33 22 23 44 14 23 11 44 11 11
0 44 11 44 44 11 11 11 33 44 44 22 32 22 22 44 11 22 11 44 14 14
0 44 11 44 11 14 11 14 32 44 41 22 33 23 33 44 11 22 11 44 14 11
0 44 14 41 41 14 11 44 22 11 11 23 22 33 23 22 14 33 14 41 14 44
0 44 11 41 44 11 11 11 33 44 41 23 32 22 33 44 14 23 11 44 11 11
0 41 14 41 41 14 14 14 32 41 41 23 32 23 23 42 14 23 14 41 14 44
0 44 14 44 44 11 14 14 32 44 41 22 32 22 22 44 11 23 11 44 14 11
0 44 11 41 44 14 11 11 33 44 44 22 33 22 23 44 11 23 11 44 11 14
0 44 11 44 44 11 11 14 22 41 44 22 33 22 23 44 11 23 11 44 11 11
0 41 14 44 44 11 14 14 32 44 41 23 33 23 23 44 14 23 14 41 14 14
0 41 14 44 44 14 11 14 32 41 41 33 32 22 23 42 14 33 14 44 11 44
0 44 11 44 44 11 11 44 32 44 11 22 22 22 23 22 14 23 14 44 11 11
0 41 11 41 44 14 11 11 32 44 11 22 32 23 22 44 14 23 11 41 14 14
0 44 11 41 41 11 14 44 33 44 41 22 32 22 23 42 11 23 11 41 14 14
0 44 11 41 41 14 14 14 32 41 11 22 32 22 23 42 14 22 11 41 14 14
0 44 11 44 44 11 14 11 32 44 44 22 33 22 22 44 11 22 11 44 11 11
0 44 11 44 44 11 11 11 32 44 44 22 32 22 23 44 11 22 11 44 11 11
0 44 11 44 44 11 11 14 33 44 44 22 33 22 22 44 11 22 11 44 14 14
0 41 11 41 44 11 11 14 32 44 41 22 32 22 33 22 14 33 11 44 14 14
0 44 11 41 44 14 11 44 33 44 41 22 33 22 22 44 11 23 11 44 14 11
0 41 11 41 41 11 11 44 32 44 11 23 33 22 23 22 44 23 11 44 14 14
0 41 14 41 41 14 11 14 32 41 41 23 32 22 23 42 14 23 11 41 14 14
0 11 11 44 41 11 11 14 32 44 11 22 22 23 23 42 11 23 11 44 11 14
0 44 14 41 44 11 11 14 32 41 41 22 33 23 23 44 11 22 11 44 11 14
0 44 11 44 44 11 11 11 33 44 44 22 33 22 23 44 11 22 11 44 11 11
0 44 11 41 44 14 11 14 33 44 41 23 33 23 23 42 14 22 11 41 14 44
0 44 11 11 44 14 11 11 22 44 11 23 22 22 23 42 44 23 14 11 14 44
0 44 11 41 44 11 11 14 33 41 41 22 32 22 22 42 11 23 11 41 11 14
0 41 44 44 44 11 11 14 33 44 41 22 32 22 23 44 11 22 11 44 14 44
0 44 11 44 44 11 11 11 32 44 44 22 33 22 22 42 11 22 11 44 11 11
0 44 14 41 44 14 11 11 32 44 41 23 32 22 33 42 44 23 11 41 44 44
0 44 14 41 44 11 11 14 33 41 41 23 22 23 22 44 11 22 14 44 11 14
0 44 14 44 44 11 11 11 32 44 44 23 32 23 22 44 11 22 11 44 11 14
0 44 11 41 44 11 11 14 32 44 44 22 32 22 22 44 11 22 11 44 11 14
0 44 11 44 44 11 11 11 33 44 41 23 32 22 22 44 11 22 11 44 11 14
0 44 11 41 44 11 11 11 32 44 41 22 33 23 23 42 11 22 11 44 11 11
0 41 11 41 44 14 11 44 22 44 41 23 22 33 23 22 11 23 11 41 44 14
0 41 11 41 41 11 14 14 32 44 44 33 32 23 23 44 11 22 11 41 14 44
0 41 44 44 44 11 11 14 33 44 11 22 32 22 23 42 44 22 11 44 11 14
0 44 11 44 44 14 11 11 32 41 41 22 32 22 33 42 14 23 11 44 11 11
0 41 14 41 41 14 14 14 32 41 41 22 22 22 23 22 14 23 14 41 11 14
0 41 14 41 44 14 11 11 33 44 41 22 32 22 33 42 14 22 14 44 14 14
0 44 11 44 44 14 11 14 32 41 41 22 32 23 23 42 11 23 14 44 11 14
0 41 14 44 44 14 14 14 33 44 11 22 33 23 23 42 11 22 14 41 14 14
0 41 11 44 44 11 11 14 33 44 44 22 33 22 22 42 11 22 11 44 11 14
0 44 11 44 41 14 11 11 33 41 41 22 32 23 23 44 11 23 11 44 14 14
0 41 11 44 44 14 11 14 32 44 41 23 32 22 22 44 11 22 11 44 14 14
0 44 11 41 44 11 11 11 32 44 41 22 33 22 23 42 11 22 11 41 11 14
0 41 11 41 44 44 11 44 32 44 41 22 32 23 33 42 14 23 11 41 14 44
0 44 11 44 44 11 11 14 32 44 41 22 32 22 22 44 11 22 11 44 11 14
0 41 11 41 41 14 11 44 32 44 44 22 33 22 33 42 14 23 11 44 44 14
0 44 11 44 44 11 11 11 33 44 44 22 33 22 22 42 11 23 11 44 11 11
0 44 44 41 44 14 14 11 32 41 41 23 33 33 23 42 14 23 11 41 14 11
0 44 14 41 44 14 11 14 32 44 11 22 32 33 33 22 11 23 11 41 44 11
0 44 14 44 44 11 14 11 33 41 41 22 33 22 23 44 11 23 11 41 14 14
0 44 11 44 44 11 11 14 33 44 44 22 33 22 22 44 11 23 11 44 11 11
0 44 14 41 41 14 14 14 32 41 41 23 32 23 33 42 14 33 14 41 14 14
0 44 11 41 11 14 44 11 33 11 11 22 22 22 33 22 11 33 14 44 44 14
0 44 11 41 44 11 14 14 33 44 41 22 32 23 23 42 11 23 11 41 14 14
0 44 11 41 44 11 11 14 32 44 41 22 33 22 33 44 11 23 11 44 11 14
0 44 44 11 44 11 14 14 33 44 41 33 22 22 23 22 11 23 11 44 14 14
0 41 11 41 44 11 11 14 33 44 41 23 32 23 22 22 14 23 11 44 44 14
0 44 11 11 44 11 11 11 33 44 41 22 33 23 22 44 11 33 11 44 11 11
0 44 11 44 44 11 11 14 33 44 44 22 22 22 22 42 11 23 11 44 11 11
0 44 14 41 41 14 14 44 22 41 41 23 32 22 33 42 11 23 11 44 44 14
0 44 11 11 41 14 11 44 22 44 11 23 22 33 23 22 14 33 14 41 14 44
0 41 14 41 44 14 14 44 32 44 44 22 32 23 23 44 14 23 14 41 44 14
0 44 11 44 41 14 11 44 33 41 44 23 33 23 22 42 11 22 11 44 11 11
0 44 11 41 44 11 14 11 32 44 41 22 33 23 22 44 11 22 11 41 14 11
0 41 14 41 44 44 11 11 32 44 41 22 32 22 22 22 11 33 11 11 14 14
0 44 11 44 44 14 11 11 33 44 44 22 22 22 23 44 11 23 11 44 11 11
0 44 14 44 41 44 11 14 33 44 11 22 22 22 22 44 11 23 11 41 14 14
0 11 44 11 41 14 14 11 22 44 11 23 22 33 33 42 11 23 11 44 44 14
0 44 11 44 41 11 11 14 33 44 44 22 32 22 23 44 11 22 11 44 11 14
0 41 11 41 44 14 11 14 33 44 41 23 32 23 23 42 11 23 11 44 14 14
0 41 11 44 44 14 11 14 33 44 44 23 33 22 23 44 11 22 11 44 14 11
0 44 11 44 44 14 11 14 33 41 44 23 32 22 23 42 14 23 11 44 11 11
0 44 11 41 41 14 11 11 32 41 11 22 32 22 23 42 11 23 11 44 11 11
0 44 14 44 44 14 11 14 33 41 44 22 22 22 23 22 14 33 14 41 11 44
0 41 11 41 44 14 14 14 22 41 11 22 22 23 23 42 11 23 14 44 44 14
0 41 11 41 44 14 11 44 33 44 44 22 32 23 23 42 11 23 14 44 11 14
0 44 14 41 44 11 14 11 32 44 44 22 33 22 22 42 11 23 11 41 14 44
0 41 14 11 44 11 11 44 33 44 41 22 22 22 23 22 14 33 11 41 14 14
0 44 14 44 44 14 11 44 32 44 41 22 22 22 23 42 11 23 11 44 11 14
0 44 11 44 44 11 11 11 33 44 44 22 32 22 22 44 11 22 11 44 11 11
0 44 14 44 44 11 14 11 33 44 44 22 33 22 22 42 11 23 11 41 11 14
0 41 11 41 44 11 14 14 33 44 41 22 33 22 22 42 11 22 11 44 14 11
0 41 11 44 44 11 11 11 32 44 11 23 22 22 23 44 11 22 11 44 14 44
0 44 11 44 44 14 11 14 33 44 44 22 32 22 22 44 11 23 11 44 11 11
0 41 11 41 44 14 11 44 33 44 41 22 32 23 23 42 11 23 11 44 44 14
0 44 14 41 44 14 11 11 32 44 44 22 32 22 22 44 11 22 11 44 11 11
0 11 44 41 41 11 14 44 32 41 11 23 22 23 23 22 11 23 44 41 44 44
0 44 14 41 44 14 14 11 32 41 41 22 32 22 23 42 11 33 11 41 14 14
0 44 14 11 41 14 14 44 33 41 11 22 32 23 33 42 14 23 14 41 14 14
0 11 11 44 44 14 14 11 22 41 11 23 22 33 33 42 11 23 11 41 11 11
0 44 11 11 44 11 11 14 32 41 41 22 32 23 23 42 14 23 11 41 14 44
0 44 11 44 44 11 11 11 33 44 44 22 33 22 22 42 11 33 11 41 14 11
0 44 11 41 44 11 11 11 33 44 44 22 33 22 22 44 11 22 11 44 14 11
0 44 11 44 41 11 11 11 32 41 44 33 22 22 23 42 14 22 11 44 11 44
0 44 11 44 44 11 11 11 33 44 44 23 33 22 22 44 11 23 11 44 11 14
0 41 14 44 44 14 11 14 33 11 41 22 33 22 23 22 14 33 11 41 14 14
0 44 11 11 44 11 14 44 33 44 11 22 22 23 33 42 11 23 14 44 11 14
0 44 11 44 44 11 11 14 33 44 44 22 33 22 22 44 11 22 11 44 14 14
0 44 11 41 44 14 11 14 33 44 44 23 33 33 33 44 11 23 11 41 14 14
0 41 11 44 44 11 11 11 32 44 41 22 32 22 22 44 11 23 11 44 11 11
0 44 14 41 41 11 11 14 33 44 44 23 32 22 23 44 11 23 11 44 11 14
0 44 11 44 44 14 11 11 33 44 41 22 22 22 23 44 11 23 11 44 11 11
0 44 11 44 44 11 14 14 32 44 44 22 22 22 22 42 11 23 11 44 11 11
0 41 11 11 44 44 11 14 32 44 41 23 32 23 23 42 14 22 14 44 14 14
0 41 11 44 41 11 14 14 33 44 41 23 32 23 23 22 14 23 11 41 44 11
0 44 11 44 44 11 11 11 32 44 41 22 33 22 22 44 11 22 11 44 11 14
0 44 11 44 44 11 11 11 33 44 44 22 33 22 23 44 11 22 11 44 11 11
0 44 11 11 44 14 14 11 33 41 11 33 22 23 22 22 11 23 11 41 14 44
0 44 11 44 44 14 11 11 33 44 44 22 33 22 22 44 11 22 11 44 11 14
0 44 11 44 41 11 11 14 33 44 44 22 32 22 23 42 11 23 11 44 44 14
0 44 14 44 44 11 11 14 33 44 41 22 32 22 22 44 11 22 11 44 11 11
0 11 11 41 44 14 14 11 32 44 44 23 33 33 22 42 11 22 14 44 11 11
0 44 11 44 44 11 11 11 32 41 41 22 32 23 23 44 11 22 11 44 11 11
0 44 11 44 44 14 14 11 32 44 44 22 33 22 22 44 11 23 11 44 11 11
0 44 11 41 44 14 11 11 32 44 41 22 32 23 23 22 11 33 11 44 14 11
0 44 14 41 41 14 11 11 33 44 41 22 33 23 22 42 11 23 14 44 14 14
0 44 14 11 41 11 11 14 32 44 41 22 32 23 23 42 14 22 11 44 11 14
0 44 11 44 44 11 11 14 33 44 41 22 33 22 22 44 11 23 11 41 14 11
0 44 11 41 44 11 11 11 33 44 41 22 33 22 22 44 11 23 11 41 11 11
0 44 14 44 44 14 11 14 33 44 41 22 32 22 22 44 14 23 11 44 44 11
0 44 11 41 44 11 11 11 33 44 44 22 33 22 22 44 11 22 11 44 11 11
0 44 14 44 44 14 11 14 33 44 41 23 32 22 22 44 11 22 11 44 11 11
0 44 11 44 44 11 11 14 33 44 41 23 32 23 23 44 14 23 11 41 11 11
0 41 11 41 44 11 11 14 32 44 11 22 32 22 23 42 11 22 11 44 11 14
0 41 11 44 44 14 11 11 33 44 11 22 32 22 23 22 11 22 11 11 14 11
0 41 14 41 41 14 11 14 32 44 44 23 33 23 23 42 11 22 11 41 11 14
0 41 11 44 41 14 11 11 32 44 11 22 32 22 33 44 14 23 11 41 14 44
0 44 14 41 44 14 11 14 32 41 44 22 32 23 22 42 11 23 14 41 14 14
0 11 14 41 41 14 11 14 22 41 11 33 32 33 23 42 14 23 14 41 14 14
0 44 11 44 41 44 11 14 32 44 41 22 22 23 33 42 11 23 11 44 11 11
0 44 14 41 44 11 11 14 33 44 44 22 33 23 23 44 11 23 11 44 11 11
0 44 11 44 44 14 14 14 32 44 41 22 32 23 23 42 14 22 11 41 11 11
0 41 14 44 44 14 14 14 33 44 44 23 33 22 23 42 11 22 11 44 14 14
0 44 11 44 44 11 11 11 22 44 41 22 32 22 23 42 11 22 11 44 11 11
0 44 11 44 44 14 11 11 33 44 41 22 32 22 22 42 11 33 11 41 14 11
0 44 11 44 44 14 11 14 33 44 11 22 32 22 23 42 14 23 11 41 44 14
0 44 11 44 41 14 14 14 32 44 41 22 32 22 23 42 14 23 14 41 14 14
0 44 11 41 44 11 11 14 33 44 44 22 22 23 22 22 11 23 11 11 14 44
0 44 14 41 44 14 14 11 32 44 41 23 32 23 23 44 11 23 11 44 44 14
0 41 11 41 44 11 11 14 33 41 44 22 22 23 22 42 11 23 11 44 14 11
0 44 14 41 41 11 11 14 33 44 41 23 32 22 23 44 14 23 11 44 14 14
0 44 14 44 44 11 11 14 33 44 41 23 32 23 22 44 11 23 11 41 14 14
0 44 14 44 44 11 14 11 32 44 41 23 32 23 23 44 11 22 11 44 14 14
0 41 11 41 44 11 14 44 32 41 41 22 32 22 23 44 11 23 11 44 14 11
0 44 11 44 44 14 11 11 33 44 44 22 32 22 22 44 11 22 11 44 11 11
0 41 14 41 41 14 11 14 32 41 41 23 32 23 23 42 14 23 11 41 14 11
0 11 14 11 41 11 11 44 32 44 41 22 22 23 23 22 11 33 11 44 14 44
0 41 44 41 41 11 14 14 32 41 41 23 32 33 23 42 14 23 14 44 11 14
0 44 11 44 44 14 11 11 33 41 44 23 33 22 23 42 11 23 11 44 11 11
0 41 14 41 41 14 14 14 32 41 41 23 32 23 23 42 14 23 14 41 14 14
0 44 44 11 41 14 14 14 22 41 11 22 32 23 23 42 11 22 11 44 11 11
0 44 11 44 44 11 11 11 33 44 44 22 32 22 22 44 11 23 11 44 11 11
0 44 14 44 44 14 11 14 22 44 41 33 33 22 33 42 14 23 14 41 11 44
0 44 14 11 44 11 11 14 32 44 11 23 32 22 22 44 11 23 11 41 11 11
0 44 11 41 44 11 14 44 33 44 41 22 33 23 22 42 11 23 11 44 14 14
0 44 11 44 44 14 14 14 32 44 41 22 32 22 23 44 11 33 11 44 11 11
0 41 11 41 44 14 14 14 32 44 11 23 32 23 23 44 11 23 11 41 14 14
0 44 11 44 44 44 11 14 32 44 44 22 33 22 23 42 11 22 11 44 11 11
0 11 11 41 44 14 11 44 32 44 11 22 33 23 22 42 11 23 11 41 14 11
0 44 11 11 44 14 44 14 32 41 11 33 33 33 23 42 11 33 11 41 44 14
0 44 11 41 44 14 14 11 33 44 41 22 33 22 22 44 11 23 11 44 11 14
0 41 14 41 41 14 14 11 33 44 41 22 32 23 23 42 11 23 11 41 14 11
0 44 14 41 41 44 11 14 32 11 11 23 22 33 23 42 14 33 14 41 14 14
0 44 14 41 41 14 11 14 33 44 11 22 32 23 23 42 11 23 11 41 14 14
0 44 14 41 41 44 11 11 33 41 11 22 22 23 23 42 14 33 11 44 44 14
0 44 14 44 44 11 11 11 33 44 44 22 32 23 23 42 14 22 14 41 11 14
0 44 14 41 44 11 11 14 33 44 44 23 22 23 23 42 11 22 11 44 14 44
0 44 11 41 44 11 11 11 33 44 41 22 33 22 22 44 11 23 11 44 11 14
0 44 11 44 44 11 11 14 33 44 41 22 33 23 22 42 11 23 11 11 14 14
0 41 11 41 41 14 11 14 33 41 41 33 32 22 23 42 11 33 14 41 11 44
0 44 14 41 44 14 11 11 32 44 41 22 33 33 33 44 11 22 11 44 14 11
0 44 11 44 44 14 14 14 32 41 44 22 32 22 22 44 11 23 11 44 11 11
0 44 14 44 44 11 11 11 32 44 41 22 33 23 22 44 11 23 11 44 14 14
0 41 14 41 41 14 11 14 32 41 11 22 32 22 23 42 11 22 11 44 14 14
0 44 11 44 44 11 11 11 33 44 41 23 32 22 22 44 11 23 11 44 14 11
0 41 14 41 44 11 11 14 32 44 11 23 32 23 23 42 11 23 14 41 11 11
0 44 11 44 44 11 11 11 32 44 44 22 33 22 22 44 11 22 11 44 11 11
0 44 11 44 44 11 11 14 33 44 44 22 33 22 22 44 14 22 11 44 11 11
0 44 11 44 44 11 11 44 33 44 41 23 32 23 23 44 14 23 11 44 11 14
0 44 14 41 41 11 11 14 33 44 44 22 32 22 23 44 11 22 11 44 11 14
0 44 11 44 44 11 11 11 32 44 41 22 32 23 23 42 14 23 14 44 11 11
0 44 11 44 44 14 11 11 33 44 44 22 32 22 22 42 11 22 11 44 11 11
0 44 14 41 44 11 11 11 32 44 44 22 33 22 23 42 11 22 11 41 11 14
0 44 11 11 41 11 11 11 33 44 41 22 32 22 22 42 11 23 11 41 14 14
0 44 11 41 44 11 11 14 33 44 44 22 32 22 22 42 11 23 11 44 11 14
0 11 11 41 44 14 14 14 32 41 11 22 22 23 23 42 14 23 14 41 14 14
0 44 11 44 44 11 11 14 33 44 44 22 33 22 22 44 11 23 11 44 11 11
0 41 14 44 44 14 11 14 22 44 41 23 32 22 23 22 14 33 11 41 14 14
0 44 11 44 44 14 11 14 32 44 41 22 32 22 22 44 11 22 11 44 11 14
0 11 11 41 44 14 11 14 33 41 11 33 22 23 33 44 11 22 11 44 14 44
0 44 11 44 44 14 11 14 32 44 41 22 32 22 23 44 11 23 11 41 14 14
0 44 14 44 44 44 11 11 22 44 44 22 32 23 23 42 11 22 11 41 14 44
0 44 11 44 44 11 11 44 32 44 44 22 33 22 22 42 11 22 14 44 14 14
0 44 44 11 44 14 14 44 33 44 11 22 32 23 22 42 14 23 11 11 14 14
0 44 11 44 44 11 11 11 33 44 44 22 32 33 23 22 11 23 11 44 14 14
0 41 14 41 44 14 11 14 32 44 41 23 32 23 22 44 11 22 11 41 14 14
0 41 14 41 41 14 11 44 32 44 41 22 33 23 23 44 11 23 11 44 14 14
0 44 11 44 44 11 11 11 33 44 44 22 32 22 23 44 11 33 11 44 14 14
0 44 11 44 44 11 11 14 33 44 41 22 33 22 22 42 14 23 11 44 11 14
0 44 11 44 41 11 11 11 32 44 41 22 32 22 23 42 11 22 14 44 11 14
0 44 11 44 44 14 14 11 33 44 44 23 32 22 23 44 11 23 11 41 11 14
0 44 11 41 44 14 11 11 22 44 44 22 32 23 23 44 11 33 11 44 14 11
0 41 11 41 44 14 11 14 33 44 41 22 22 33 23 44 44 33 11 11 14 44
0 44 11 44 41 44 11 11 32 44 11 22 32 22 23 22 11 22 14 44 14 11
0 44 11 44 44 11 11 11 33 44 41 22 32 23 22 44 11 22 11 44 11 11
0 44 11 44 44 14 14 11 33 44 41 23 33 23 22 42 11 23 14 41 11 11
0 44 14 41 44 44 11 14 33 41 41 22 33 22 23 42 11 33 11 41 14 14
0 44 11 41 44 11 11 14 33 44 11 22 32 22 22 44 11 22 11 44 11 14
0 44 14 41 44 14 11 44 33 44 41 22 32 23 23 44 11 23 11 41 11 14
0 44 11 44 44 11 11 44 33 44 41 22 33 22 22 42 11 22 11 44 11 11
0 41 11 44 44 11 11 11 33 44 44 23 22 23 23 42 11 22 11 44 11 11
0 44 11 44 44 11 14 14 33 44 41 22 33 23 23 44 11 23 11 41 11 14
0 44 14 11 41 14 11 14 33 44 41 23 32 23 33 42 11 23 11 41 11 11
0 44 11 41 44 14 11 11 33 44 44 23 33 23 23 44 14 22 11 44 11 14
0 44 11 41 44 11 11 14 22 41 44 22 33 23 23 22 14 22 14 44 14 11
0 44 11 44 44 11 11 11 33 44 41 22 33 22 22 44 11 23 11 44 11 11
0 41 11 11 44 11 11 14 33 41 11 23 32 23 23 42 14 23 11 44 11 14
0 41 44 11 44 14 14 44 22 41 11 23 22 23 33 22 14 33 11 41 44 44
0 44 11 44 44 11 11 44 32 44 41 22 33 23 22 42 11 33 11 41 11 14
0 44 11 44 44 14 14 11 33 44 44 22 33 23 22 42 11 22 11 44 11 11
0 44 11 44 44 11 11 11 33 44 41 22 33 22 23 42 11 22 11 44 11 14
0 41 14 41 44 14 11 14 32 41 41 22 32 22 23 42 11 33 11 41 14 14
0 44 11 44 44 11 11 14 33 44 41 22 33 22 23 44 11 22 11 44 11 14
0 44 11 44 44 11 11 14 33 44 44 22 33 33 22 44 11 23 11 44 14 11
0 44 14 44 41 14 11 14 33 44 11 23 33 22 22 42 14 23 14 44 11 14
0 41 11 11 44 11 11 14 32 44 41 23 32 22 22 42 11 23 11 11 14 14
0 44 11 44 41 14 11 14 33 44 41 23 32 22 33 42 14 33 11 44 11 11
0 44 11 44 44 11 11 11 33 44 44 22 33 22 22 44 11 22 11 44 11 11
0 41 14 44 44 11 11 14 32 41 41 23 33 23 22 42 11 22 11 44 14 11
0 44 14 44 44 11 11 14 22 44 44 22 22 23 33 22 11 23 11 41 11 11
0 44 14 44 44 11 11 14 22 44 44 22 22 23 23 42 11 33 11 44 14 14
0 41 11 44 41 14 11 11 22 44 41 22 32 33 33 22 11 23 11 44 14 11
0 41 11 41 44 11 14 11 33 41 41 33 32 22 23 44 11 23 11 44 11 11
0 44 14 44 44 11 14 11 33 44 44 22 33 22 23 42 11 22 11 44 11 11
0 41 44 44 44 14 11 11 32 44 11 23 32 23 22 44 11 23 14 41 11 11
0 41 11 44 44 14 14 14 32 41 41 22 33 22 23 42 11 23 11 44 11 14
0 44 14 41 44 44 11 14 33 41 11 23 22 23 33 22 14 23 11 11 14 44
0 44 11 44 44 14 11 11 33 44 44 23 32 22 22 44 14 22 14 44 11 11
0 41 11 41 41 11 11 11 32 44 41 33 22 33 23 42 14 33 11 44 14 14
0 44 11 41 41 14 11 11 33 44 44 22 33 22 22 44 11 23 11 44 11 44
0 44 14 44 44 11 11 14 32 41 11 22 32 22 33 42 11 23 11 41 14 11
0 41 11 41 44 11 11 11 33 44 44 22 33 22 22 42 11 22 11 44 11 11
0 44 44 41 44 14 11 11 33 44 44 22 33 22 23 44 11 23 11 44 11 11
0 44 11 41 44 11 11 11 33 44 41 22 33 22 22 44 11 22 11 44 11 14
0 41 11 44 41 11 11 11 33 44 44 22 33 22 22 44 11 23 14 44 14 11
0 41 44 11 41 44 11 44 32 44 41 33 22 23 33 44 11 33 44 41 44 44
0 41 11 44 44 11 11 11 33 44 44 22 33 22 23 42 14 23 11 44 11 11
0 44 14 44 44 11 11 14 33 44 41 22 33 22 23 44 11 22 11 44 14 11
0 41 11 44 44 11 11 14 32 41 41 23 32 22 22 44 11 23 11 41 14 14
0 41 11 41 44 14 11 14 32 44 11 22 33 23 22 42 11 23 11 44 11 14
0 44 11 44 44 11 11 11 33 44 44 22 33 22 23 42 11 22 11 44 11 11
0 41 11 44 44 11 11 11 32 44 41 22 33 23 23 44 11 22 11 44 14 11
0 41 14 44 44 14 14 14 32 44 44 22 33 22 22 44 14 22 11 41 14 11
0 44 11 41 41 14 11 14 32 41 11 23 32 22 23 44 11 23 11 41 11 14
0 44 11 44 44 14 11 14 33 44 44 22 32 22 23 42 14 23 14 41 14 14
0 41 14 11 41 11 11 11 22 44 44 22 32 22 33 44 14 23 11 44 14 11
0 41 11 44 41 14 11 14 33 44 41 22 32 23 33 22 11 22 11 44 11 14
0 44 11 11 44 11 14 14 32 44 11 22 33 23 23 44 11 23 11 44 14 14
0 44 14 44 41 14 14 14 33 44 41 23 32 23 23 42 14 22 14 44 11 14
0 44 11 41 44 11 11 14 33 44 11 23 32 23 23 42 14 23 11 41 11 44
0 44 14 41 44 14 11 14 33 44 41 23 22 23 23 22 14 33 11 41 11 14
0 44 11 44 44 11 11 14 33 44 11 22 33 23 22 42 11 22 11 44 11 14
0 44 14 44 44 44 11 11 33 44 41 22 33 23 23 22 14 33 11 41 14 11
0 44 11 44 44 11 11 14 33 44 44 23 33 22 22 44 11 22 11 44 11 11
0 41 11 11 41 14 11 44 22 44 44 33 32 23 33 42 44 23 14 41 11 44
0 44 11 44 44 11 11 11 33 44 44 23 32 23 22 44 11 22 11 44 11 14
0 44 11 11 41 44 14 14 32 41 41 22 22 23 23 42 11 22 14 44 11 14
0 44 14 41 44 14 11 11 32 41 41 22 33 22 22 42 11 33 11 44 14 14
0 44 11 44 44 11 11 11 33 44 44 22 33 22 22 44 11 22 11 44 11 11
0 44 11 44 44 14 11 11 32 44 41 22 32 23 22 44 11 22 11 44 11 14
0 44 11 44 41 11 11 11 33 41 41 22 33 22 33 44 14 33 11 44 14 11
0 41 11 44 44 14 14 14 33 44 44 22 32 22 22 42 11 23 11 44 11 11
0 44 14 41 44 14 11 44 22 41 41 22 32 23 23 42 11 33 14 44 14 44
0 44 14 44 41 11 11 44 33 41 41 23 33 23 33 44 11 23 11 44 11 14
0 41 11 44 44 11 11 11 32 44 44 22 32 22 22 42 11 22 11 44 14 14
0 44 14 41 44 14 11 14 33 41 11 23 32 22 23 42 14 23 11 41 14 14
0 41 11 44 44 11 14 14 33 44 41 22 32 22 23 44 11 22 11 44 14 11
0 44 11 44 44 14 11 11 22 44 41 22 32 23 23 42 11 23 14 44 11 11
0 44 11 44 44 11 14 11 33 44 41 22 33 22 22 22 11 22 11 44 14 14
0 41 14 41 44 11 11 11 33 41 44 22 32 23 23 42 14 22 11 44 11 44
0 44 14 44 41 11 11 14 33 44 41 22 22 22 33 44 11 22 11 44 14 11
1 41 14 44 44 14 11 14 33 44 41 22 32 23 33 44 11 22 14 44 14 11
1 41 14 44 44 11 14 11 33 44 41 23 32 22 22 44 11 23 11 44 11 14
1 41 14 41 11 14 14 44 22 11 41 22 32 33 33 42 14 23 14 41 14 14
1 44 11 41 44 11 11 11 32 44 41 23 22 33 33 44 14 22 14 44 14 14
1 41 14 44 41 14 11 14 33 41 41 23 22 23 23 44 14 33 14 44 11 11
1 44 11 44 44 11 11 11 33 44 41 23 32 22 22 44 11 22 11 44 11 14
1 41 14 41 44 14 14 44 33 41 11 22 22 23 33 22 14 23 14 41 14 14
1 44 11 41 44 44 14 14 33 41 11 22 32 22 23 22 11 23 14 44 44 44
1 44 11 41 44 14 11 14 33 44 41 22 33 22 22 44 11 33 11 41 14 11
1 41 14 41 41 14 14 11 32 44 41 23 22 23 23 22 14 23 11 41 14 14
1 41 11 41 44 11 11 14 33 44 11 23 32 22 33 22 11 23 11 44 11 11
1 44 14 41 41 14 11 11 33 44 44 23 32 22 22 44 14 23 11 44 11 11
1 44 11 41 44 11 11 14 32 44 41 22 32 22 22 44 11 23 11 44 11 14
1 44 11 44 44 14 11 14 32 44 41 22 32 22 23 42 11 22 11 44 11 11
1 41 11 11 44 14 14 14 32 44 41 23 32 23 23 44 11 23 11 44 11 14
1 44 14 44 44 11 11 14 32 44 44 22 33 22 22 42 11 22 11 41 11 11
1 44 11 44 41 11 11 14 33 44 11 22 32 23 23 22 11 23 14 41 14 11
1 41 11 44 44 14 11 14 33 44 11 23 33 22 23 44 11 23 11 44 11 14
1 44 11 44 41 11 11 11 32 44 41 22 33 22 22 44 11 22 11 44 11 11
1 44 11 44 44 11 11 11 33 44 44 22 32 22 23 44 11 22 11 44 11 11
1 44 11 44 44 14 11 14 33 44 41 22 32 22 23 42 11 22 11 41 11 14
1 41 11 11 41 11 11 14 33 44 41 22 33 22 23 42 11 23 11 44 14 14
1 41 11 44 44 11 11 14 32 44 41 22 32 23 22 44 14 23 11 41 14 14
1 44 11 44 44 11 11 11 33 44 44 22 33 22 22 44 14 22 11 44 11 14
1 44 11 41 44 14 11 14 32 44 11 22 32 23 33 42 11 22 11 41 14 11
1 44 11 44 44 11 11 11 33 44 44 22 33 22 22 44 11 22 11 41 11 11
1 41 11 44 41 14 11 14 32 44 41 22 32 22 23 42 11 22 11 44 14 14
1 44 11 44 44 14 14 11 32 44 41 22 33 22 23 44 11 23 11 41 11 11
1 44 11 44 44 11 11 11 33 44 44 22 33 22 22 44 11 22 11 44 11 11
1 44 11 41 44 11 14 11 33 44 41 22 33 22 22 44 11 22 11 44 11 14
1 44 11 44 41 14 14 14 32 44 11 22 32 23 23 42 11 23 11 44 14 14
1 11 14 41 44 14 11 14 32 44 11 22 32 23 33 42 11 22 11 41 14 14
1 44 11 41 44 11 11 11 33 44 41 22 33 23 23 42 11 23 14 44 14 11
1 44 11 44 41 14 14 14 32 44 41 23 33 33 23 42 11 23 11 44 14 14
1 44 11 41 44 11 14 14 22 41 11 33 22 22 23 22 11 23 11 11 11 11
1 11 14 41 44 14 14 14 22 41 11 23 22 23 23 42 14 23 14 41 44 14
1 44 11 44 44 11 11 14 32 44 11 22 32 23 23 42 11 22 14 44 11 14
1 44 44 44 44 14 11 44 32 44 41 22 32 23 23 44 11 23 11 44 14 11
1 41 14 44 44 14 11 14 33 44 41 22 22 22 22 44 11 33 11 41 14 44
1 41 44 41 41 14 14 14 22 41 11 33 22 23 33 42 14 23 11 41 14 44
1 44 11 11 41 14 11 11 22 44 41 22 32 23 33 44 14 22 11 41 14 11
1 44 11 44 41 11 11 11 33 44 41 22 33 22 23 42 11 23 11 44 11 14
1 44 11 44 41 44 11 14 33 44 11 22 32 33 22 42 14 33 14 41 14 14
1 41 11 41 41 14 11 14 22 44 41 22 32 22 22 42 11 23 11 11 44 14
1 44 14 11 41 11 11 44 32 41 11 23 22 23 23 22 11 23 11 44 14 44
1 44 11 41 44 14 11 11 33 44 41 22 32 22 22 44 11 22 11 44 11 14
1 44 11 41 44 11 11 11 32 44 44 22 22 23 22 42 14 23 11 44 14 44
1 41 14 11 11 14 14 44 32 41 41 33 22 23 33 42 44 33 11 41 14 14
1 44 11 44 44 11 11 14 33 44 44 22 32 22 22 44 11 22 11 44 11 11
1 44 11 44 44 14 11 14 32 44 41 22 32 22 23 44 11 22 11 44 14 14
1 44 11 44 41 11 11 11 33 44 11 22 32 22 22 44 11 23 11 44 11 14
1 41 11 44 44 11 11 11 32 44 11 23 32 22 23 44 11 23 11 41 14 14
1 41 14 44 44 11 11 14 33 44 41 22 32 22 22 42 14 22 11 44 11 11
1 41 11 44 44 11 11 11 33 44 44 22 32 22 22 22 11 22 11 44 11 11
1 44 11 41 11 11 11 11 33 44 41 23 32 22 23 44 11 23 11 44 14 11
1 44 11 44 44 11 11 11 33 44 41 22 33 22 22 44 11 23 11 44 11 11
1 44 14 44 11 14 14 44 33 44 41 23 22 23 23 44 14 23 11 41 11 11
1 44 14 41 44 14 11 44 33 41 11 23 32 23 22 44 11 23 11 41 11 11
1 44 11 44 44 11 11 14 33 44 41 22 33 22 22 44 11 23 11 44 14 11
1 44 11 44 44 11 11 14 33 44 41 22 32 22 22 44 11 22 11 44 11 11
1 44 11 41 44 11 11 14 33 44 41 22 22 22 22 42 11 22 11 44 11 11
1 44 11 44 44 11 11 14 33 44 44 22 33 22 23 44 11 22 11 44 14 11
1 44 11 44 44 11 11 11 33 44 41 22 32 23 22 44 11 22 11 41 14 11
1 44 11 11 41 11 11 11 32 44 11 22 32 22 22 42 11 23 14 44 14 11
1 44 11 11 44 14 11 44 33 41 11 22 22 23 23 42 11 23 11 44 11 11
1 44 11 44 41 11 11 11 33 44 44 22 33 22 22 42 14 22 14 44 11 11
1 44 11 44 41 14 11 14 33 44 41 22 33 23 23 42 11 22 11 44 11 11
1 44 11 41 44 14 11 11 32 44 41 23 22 22 23 42 11 22 11 41 14 11
1 41 14 44 44 11 11 14 33 44 41 23 32 23 23 42 11 23 11 44 11 44
1 41 11 44 41 11 14 14 32 44 11 22 32 23 23 42 11 23 14 44 44 44
1 41 14 44 41 11 11 14 22 44 11 23 32 23 23 44 11 33 14 44 11 11
1 44 11 44 11 14 11 14 32 44 44 22 33 22 23 42 11 23 11 44 11 11
1 44 11 41 41 11 11 14 33 44 44 22 32 22 22 44 11 22 11 44 11 14
1 41 14 41 44 14 14 14 22 41 11 22 33 22 23 42 11 33 11 44 44 11
1 44 44 41 44 44 11 14 33 44 41 23 33 23 33 22 11 23 11 41 11 11
1 44 11 44 44 11 11 14 32 44 44 22 33 23 22 44 11 22 11 44 11 11
1 41 14 41 44 14 11 11 33 44 44 22 33 23 23 42 11 22 14 44 11 14
1 41 11 41 41 14 14 14 32 41 41 22 33 22 23 44 11 23 14 44 11 14
1 41 14 11 44 11 11 14 32 44 44 22 33 22 23 42 11 22 44 41 11 11
1 44 14 44 44 14 14 44 32 41 11 23 32 23 23 42 11 23 11 44 14 14
1 44 11 41 44 14 14 44 32 44 11 22 32 22 22 42 11 23 11 44 14 44
1 41 14 41 41 44 14 14 32 41 11 23 32 23 23 42 14 23 11 44 14 14
1 44 11 44 41 11 11 14 33 44 41 23 32 23 23 44 11 33 11 44 14 11
1 44 11 41 44 11 11 14 33 44 41 22 33 22 22 44 11 22 11 44 14 11
1 41 11 41 41 14 11 11 33 41 44 22 22 22 23 42 14 22 11 44 14 11
1 41 11 41 44 11 11 11 32 44 44 22 32 22 23 42 11 33 11 44 11 11
1 44 11 41 41 14 14 14 32 44 41 23 22 22 23 22 11 23 14 11 14 14
1 41 11 41 41 11 11 11 33 44 11 22 32 22 22 42 11 23 14 44 11 11
1 44 11 44 44 11 11 11 32 44 41 22 33 22 33 42 11 23 11 41 14 44
1 44 11 44 44 11 11 11 22 44 11 23 33 22 23 44 11 22 11 44 11 14
1 41 14 41 41 14 11 11 32 41 41 23 32 23 22 42 11 23 14 44 14 11
1 41 11 41 44 11 11 44 32 44 11 22 22 22 23 22 11 22 11 44 14 11
1 44 11 44 44 14 11 14 32 44 41 23 32 33 23 42 11 22 11 41 14 11
1 41 14 44 44 14 14 11 32 41 41 22 32 23 22 42 14 23 11 41 11 14
1 41 11 44 41 14 11 11 32 44 41 22 33 22 22 42 11 33 11 44 14 11
1 41 11 11 44 14 11 44 32 44 41 22 32 23 23 42 14 23 14 41 14 14
1 44 11 41 44 11 11 44 33 44 41 22 32 22 23 44 11 22 11 44 11 11
1 44 11 44 44 14 11 11 33 41 44 22 32 22 22 42 11 22 11 44 11 11
1 44 11 11 44 14 11 14 33 44 41 22 22 22 33 42 11 23 11 44 11 14
1 44 11 44 44 14 11 14 32 41 41 23 32 23 23 42 11 23 14 44 11 11
1 41 14 41 41 14 14 44 32 41 11 23 22 23 23 42 14 33 11 41 14 14
1 44 11 44 44 14 11 11 22 44 41 22 33 22 22 44 11 22 11 44 11 14
1 44 11 44 44 11 11 14 32 44 44 22 32 22 23 44 11 22 11 44 11 14
1 44 14 44 44 11 11 14 22 41 44 22 32 22 23 42 11 33 11 44 14 14
1 44 11 44 44 11 11 14 32 44 44 22 33 22 22 44 11 22 11 44 11 14
1 44 11 44 44 14 11 11 33 41 41 22 32 23 23 44 11 22 11 44 11 11
1 44 11 44 41 14 11 44 22 44 41 22 32 23 33 44 11 22 11 41 11 11
1 44 11 44 41 14 11 11 32 44 41 22 22 23 23 22 11 23 11 44 14 11
1 41 14 11 41 44 11 14 33 44 11 23 33 23 23 22 14 33 11 41 14 14
1 44 11 41 44 14 11 11 33 44 41 23 33 23 23 44 11 22 11 44 11 11
1 44 14 44 41 11 14 14 22 44 11 23 22 23 23 22 11 33 14 11 11 14
1 44 11 44 44 14 14 14 22 44 11 23 22 22 33 42 11 33 11 44 14 11
1 44 14 41 44 44 14 11 33 44 11 23 22 33 33 42 14 23 11 41 44 14
1 41 44 41 11 11 14 14 32 11 11 22 32 23 33 42 14 33 14 11 44 14
1 44 14 44 44 14 11 14 32 44 44 22 33 23 22 42 14 23 11 44 14 14
1 44 14 44 41 14 11 14 32 41 11 23 32 23 23 42 44 23 11 44 14 44
1 44 11 44 44 11 11 44 33 41 44 22 33 23 22 44 11 23 11 41 14 11
1 44 11 44 44 11 11 11 33 44 44 22 33 23 22 44 11 22 11 44 11 11
1 44 11 41 44 11 11 11 33 41 41 33 22 33 33 22 11 33 11 41 14 14
1 41 11 41 44 44 11 14 33 44 44 23 32 22 33 44 11 33 11 41 14 14
1 44 11 44 44 14 11 11 33 44 44 22 33 22 33 44 11 22 11 44 14 11
1 44 11 11 41 11 11 11 32 44 44 23 33 23 22 42 14 23 11 44 11 14
1 44 11 44 44 14 11 11 33 44 44 22 32 23 23 22 11 22 14 44 11 44
1 44 14 44 44 11 11 14 33 44 41 22 33 22 23 44 11 22 11 44 11 14
1 44 11 41 44 11 11 14 33 44 41 22 32 23 23 44 11 22 44 44 14 11
1 41 11 41 41 11 11 44 33 44 44 22 32 23 22 42 14 23 11 44 11 14
1 11 14 41 41 11 11 11 33 44 41 22 22 22 23 42 11 22 14 44 14 11
1 44 14 44 41 14 11 11 33 41 11 22 22 23 22 42 11 23 11 44 14 14
1 44 44 11 44 44 14 44 33 44 11 22 33 23 33 44 11 33 11 44 44 11
1 41 11 11 44 11 11 14 32 44 11 23 33 22 33 22 14 33 14 41 14 44
1 44 14 44 44 11 11 11 33 44 41 22 33 22 22 44 11 22 11 44 11 11
1 44 11 41 44 14 11 11 33 41 41 23 32 23 23 42 11 22 14 44 14 14
1 44 11 41 44 14 11 14 33 44 11 22 33 22 23 44 11 23 11 44 14 14
1 44 11 44 44 11 11 11 33 44 44 23 33 23 22 42 11 23 11 44 11 11
1 44 11 44 44 11 11 11 33 44 44 23 33 22 22 42 11 22 11 44 11 11
1 44 11 44 41 14 11 11 33 44 44 23 33 22 22 44 11 23 11 44 11 11
1 44 11 41 44 14 14 14 32 44 11 22 32 23 22 42 14 22 11 44 14 14
1 44 14 44 44 14 11 11 32 44 44 22 33 22 22 44 11 22 11 44 44 11
1 41 14 44 41 11 11 14 32 44 41 23 32 33 23 22 11 23 11 44 14 11
1 44 11 44 44 11 11 11 33 44 41 22 33 22 22 44 11 23 11 44 11 11
1 41 44 41 44 14 14 44 32 41 11 22 22 22 23 42 14 23 14 44 11 44
1 44 14 44 44 14 11 14 32 41 44 22 32 22 33 42 14 23 11 41 14 14
1 44 11 44 41 11 11 11 33 44 41 22 33 22 22 44 11 23 11 44 11 11
1 44 11 44 44 11 11 14 33 41 41 22 22 22 22 42 14 22 14 41 14 44
1 44 11 41 44 11 11 11 32 44 41 22 33 22 23 44 14 23 11 11 11 14
1 44 11 41 44 11 11 14 33 44 41 22 33 22 22 42 11 22 11 41 11 14
1 44 14 41 41 14 14 11 32 44 41 22 32 23 23 42 14 33 14 44 14 11
1 41 14 11 44 14 11 14 32 44 41 33 22 23 23 44 14 22 14 44 14 14
1 44 11 41 44 11 11 11 32 44 41 22 22 22 22 42 11 23 14 41 14 14
1 41 11 41 44 14 11 44 32 44 44 22 33 22 33 42 11 22 11 41 14 11
1 41 14 44 44 11 11 14 32 44 41 23 32 22 23 44 11 22 14 44 14 14
1 41 14 41 44 44 14 44 33 44 41 23 32 23 33 22 44 23 11 41 14 44
1 44 11 41 41 14 14 14 32 41 11 23 32 23 23 42 14 23 11 41 14 44
1 44 11 41 44 11 11 11 33 44 41 22 33 22 23 44 11 23 11 44 11 14
1 44 11 41 41 14 11 11 32 44 41 23 32 23 22 42 11 23 14 41 14 14
1 44 11 41 44 14 14 11 32 44 41 23 32 23 23 42 11 23 11 44 11 14
1 41 11 41 44 11 11 11 32 44 41 23 33 22 22 42 11 22 14 44 11 11
1 44 14 44 44 11 11 14 33 44 41 22 32 22 22 42 11 23 11 41 11 11
1 11 11 41 41 14 11 14 32 11 11 23 22 23 23 22 11 23 14 44 14 44
1 41 14 11 41 14 14 14 32 44 41 23 32 23 23 42 14 23 11 41 14 44
1 41 11 41 41 11 11 14 32 41 41 22 32 22 23 42 11 22 11 41 11 14
1 44 14 44 44 14 14 11 33 44 11 22 22 22 22 22 11 23 11 44 11 44
1 44 11 41 41 44 11 14 32 44 41 23 32 22 33 22 11 33 11 44 14 11
1 44 11 44 44 11 11 14 33 44 41 22 33 22 23 44 11 23 11 44 14 11
1 44 11 44 44 11 11 11 33 44 41 22 32 23 22 44 11 23 11 44 14 11
1 44 11 44 44 11 11 11 33 44 44 22 32 23 23 44 11 22 11 44 11 11
1 44 11 44 44 11 11 11 32 44 41 22 32 22 22 44 11 22 11 44 11 11
1 44 14 44 41 11 11 14 33 41 11 23 33 22 23 42 11 22 11 44 11 14
1 44 14 44 44 14 11 11 33 41 44 22 33 22 33 42 14 22 11 44 44 11
1 44 14 41 44 11 14 14 32 44 41 22 32 22 22 42 11 22 11 44 11 11
1 44 11 44 44 14 11 14 33 44 44 22 32 22 23 44 11 22 11 44 11 11
1 44 14 41 44 14 11 14 32 44 41 22 32 22 23 44 11 23 11 41 14 14
1 44 11 44 44 44 14 14 22 44 41 22 32 22 22 44 11 22 11 41 14 14
1 44 11 41 41 14 11 14 33 44 41 23 33 23 23 44 11 22 11 41 11 14
1 44 11 11 44 11 11 14 33 41 41 22 33 23 22 42 11 23 11 44 14 11
1 44 14 41 44 14 11 14 33 44 11 23 32 23 23 44 11 22 11 44 14 11
1 41 14 41 41 14 14 14 32 41 11 23 32 22 23 42 14 23 11 41 14 11
1 44 11 44 44 14 11 11 33 44 11 22 33 22 22 44 11 22 11 44 11 11
1 44 11 44 44 11 11 14 33 44 44 22 33 22 22 44 11 22 11 44 11 11
1 44 11 41 44 11 14 14 33 44 41 23 32 23 22 42 11 23 11 44 11 11
1 41 11 44 44 11 11 14 32 44 41 22 32 22 22 42 11 23 11 41 44 11
1 44 11 11 41 11 11 14 22 44 44 23 32 22 23 42 11 33 11 41 14 14
1 44 11 41 44 14 11 11 33 44 41 22 32 22 23 44 11 22 11 41 14 14
1 44 11 44 44 14 11 11 33 44 41 22 33 22 22 42 11 22 11 44 11 14
1 44 11 44 44 11 11 14 32 44 11 22 22 22 23 42 11 22 11 41 14 11
1 44 11 44 44 11 11 11 33 44 44 22 33 22 23 44 11 23 11 44 11 11
1 44 11 44 44 44 14 44 32 44 41 22 33 23 33 42 11 22 11 44 44 11
1 41 11 44 41 14 11 14 33 44 44 23 32 22 23 44 11 33 14 44 14 11
1 44 14 44 44 11 11 14 33 44 11 22 33 22 22 42 11 22 11 44 14 11
1 11 14 41 44 14 11 14 33 41 44 22 32 22 23 42 11 23 11 44 11 14
1 41 11 41 44 14 11 44 22 44 41 33 32 33 23 22 44 33 44 11 44 44
1 44 14 44 44 11 11 14 32 44 41 22 33 22 22 44 11 22 11 44 14 14
1 44 11 44 41 11 11 14 33 44 41 23 32 22 23 44 11 22 11 41 11 11
1 44 14 41 44 11 11 14 32 44 11 23 22 23 23 42 11 33 11 44 14 14
1 41 11 11 41 14 11 11 33 41 11 22 32 23 33 22 11 23 14 44 44 44
1 44 11 41 44 11 11 14 32 44 41 22 33 22 22 22 11 33 11 41 14 11
1 44 11 44 44 11 11 11 33 44 41 22 32 22 22 44 11 22 11 44 14 11
1 44 14 41 44 14 11 11 32 44 44 22 32 23 22 44 11 22 11 44 14 14
1 44 11 41 41 14 11 11 33 41 11 22 32 22 23 22 11 33 14 44 11 14
1 44 11 44 44 11 11 14 33 44 44 22 33 22 22 42 11 22 11 44 11 11
1 44 11 44 44 11 11 11 33 44 44 22 32 23 22 44 11 22 11 44 11 11
1 41 14 44 41 14 11 11 33 44 11 23 22 23 22 42 11 22 14 44 14 14
1 44 14 44 44 11 11 14 33 41 41 22 32 22 22 42 11 22 11 44 11 11
1 44 14 44 44 11 11 14 32 44 44 22 33 33 33 44 11 33 11 11 11 11
1 41 44 44 44 14 14 14 33 41 41 22 22 23 23 42 11 33 11 41 14 14
1 44 14 44 44 14 11 14 32 41 41 23 32 22 23 42 11 23 14 44 11 14
1 41 14 44 44 14 44 11 33 44 41 23 32 23 23 44 11 33 14 41 14 14
1 44 11 44 44 11 11 11 33 44 44 22 32 22 23 42 11 22 11 44 11 14
1 44 11 41 41 11 11 14 33 44 44 22 32 33 22 42 11 23 11 41 11 11
1 11 11 41 44 44 14 14 32 41 41 23 33 22 23 42 11 23 14 44 14 44
1 41 11 41 44 11 11 14 32 44 41 22 32 22 22 44 11 23 14 44 11 11
1 44 11 44 41 11 11 11 33 44 41 23 32 22 22 44 11 22 11 44 11 11
1 44 11 44 44 11 11 11 32 44 44 22 33 23 22 44 11 22 11 44 11 11
1 44 11 44 44 11 11 44 33 44 41 22 32 23 33 44 14 23 11 41 44 11
1 41 14 44 44 14 11 44 32 41 41 23 22 23 33 42 11 33 11 44 14 11
1 44 14 44 44 14 11 11 32 44 44 22 33 22 23 44 14 23 11 44 11 11
1 44 14 41 41 14 11 14 32 41 41 23 22 23 23 42 14 23 11 44 14 44
1 44 11 44 44 11 11 11 22 44 11 22 33 22 22 44 11 22 11 41 11 11
1 41 14 41 44 44 11 14 32 44 41 23 22 23 33 22 14 23 11 41 14 44
1 11 14 41 44 44 11 14 22 44 11 22 32 23 23 22 14 33 14 41 14 44
1 41 11 44 44 11 11 11 32 44 41 22 22 23 33 42 14 23 11 44 11 14
1 44 11 44 41 14 14 14 32 44 44 23 33 22 23 42 14 23 11 41 14 14
1 44 11 44 44 11 11 11 33 41 11 23 32 22 22 44 11 22 11 44 11 14
1 41 11 44 44 11 11 11 33 44 41 22 32 22 22 44 11 23 11 44 11 14
1 44 11 41 44 11 11 11 33 44 41 22 22 22 22 44 11 22 11 44 14 14
1 41 11 44 41 11 11 44 32 44 11 23 22 22 33 44 11 23 11 41 14 14
1 44 11 44 44 11 14 11 33 44 41 22 32 23 22 42 14 23 11 11 14 14
1 44 11 41 41 11 11 11 33 41 41 23 33 22 22 44 11 23 14 44 11 14
1 44 11 44 44 11 11 11 33 44 44 22 32 22 22 44 11 22 11 44 11 11
1 11 11 11 41 44 14 44 22 41 11 22 22 23 33 22 14 33 44 11 44 44
1 44 11 44 41 11 11 11 32 41 41 23 32 23 22 44 11 23 11 41 14 11
1 44 11 44 44 11 11 14 32 41 41 33 32 22 22 42 14 23 11 44 11 11
1 44 11 44 44 11 11 11 32 44 41 22 33 22 22 44 11 22 11 44 11 14
1 44 11 44 44 11 11 11 32 41 44 22 33 22 23 44 14 23 11 41 11 11
1 44 11 41 44 14 11 11 33 41 41 22 32 22 23 42 11 23 11 11 11 11
1 44 14 44 44 11 11 14 33 44 41 22 33 22 23 42 11 22 11 44 11 44
1 41 14 44 44 11 11 14 33 44 44 22 32 22 22 44 11 23 11 41 11 11
1 44 14 44 44 11 11 11 33 44 44 22 32 23 23 44 11 22 11 44 11 11
1 44 11 44 44 11 11 14 33 44 41 22 32 23 23 44 11 22 11 44 11 11
1 44 11 44 44 11 11 11 33 44 44 22 33 22 22 44 11 22 11 44 11 11
1 44 14 41 44 14 14 11 32 41 41 22 32 23 23 44 14 23 14 44 14 14
1 44 11 44 41 14 14 11 33 44 41 22 33 23 23 44 11 22 11 44 11 14
1 41 14 41 44 14 11 44 22 41 41 22 33 22 23 42 11 23 14 44 44 14
1 44 14 41 44 11 14 44 33 44 41 22 33 22 23 42 11 23 14 44 14 11
1 41 11 44 44 14 14 14 32 44 44 23 33 23 23 42 11 23 11 41 14 14
1 44 11 44 44 11 11 14 33 44 44 22 32 23 23 44 14 23 14 44 14 11
1 44 11 44 44 11 11 14 33 44 41 22 33 23 23 44 11 22 11 44 11 11
1 44 11 44 44 11 14 11 33 44 44 22 33 22 23 44 11 22 11 44 11 11
1 44 11 41 44 44 11 14 32 41 41 22 32 23 22 42 11 23 14 41 14 44
1 44 11 41 44 11 11 11 33 44 44 22 33 22 23 44 11 22 11 44 14 11
1 44 11 44 44 11 11 11 32 44 41 22 32 22 23 44 11 22 11 44 11 14
1 44 11 44 44 11 11 11 33 44 41 22 22 22 23 42 11 22 11 44 11 11
1 41 11 41 11 14 11 14 32 44 11 33 33 22 33 44 14 23 11 41 11 14
1 44 44 41 44 44 14 14 32 44 41 22 32 22 22 44 11 33 14 44 11 14
1 41 11 44 44 11 11 44 33 41 11 22 33 22 23 42 11 23 14 44 14 11
1 44 14 44 44 11 11 14 32 44 11 22 32 23 23 42 11 22 11 44 14 14
1 41 11 44 44 11 11 14 33 44 11 23 33 22 22 44 11 23 11 41 11 11
1 11 14 11 41 44 14 44 22 41 41 23 32 22 23 44 14 23 14 44 44 14
1 41 14 44 41 14 14 14 32 41 41 23 32 23 23 22 11 23 14 41 14 14
1 44 14 11 41 14 44 44 32 41 11 23 32 23 33 42 11 33 14 11 14 44
1 44 11 44 44 11 11 11 33 44 41 22 32 22 22 44 11 23 11 44 11 11
1 44 11 44 44 14 11 14 33 44 44 22 32 22 23 44 11 22 11 44 11 14
1 44 11 44 44 11 11 11 33 44 41 22 32 22 22 22 14 22 11 44 11 14
1 44 14 41 44 14 11 14 33 44 11 23 32 23 23 42 11 22 14 41 14 14
1 44 44 41 44 44 14 14 33 44 11 22 32 23 22 22 11 23 14 41 14 14
1 41 11 41 41 14 11 11 32 41 41 22 33 23 23 22 14 33 11 41 11 11
1 41 14 44 44 14 11 11 32 41 44 22 32 22 22 44 11 22 11 44 14 11
1 44 11 44 44 11 11 11 33 44 44 23 33 22 23 42 11 22 11 44 11 11
1 44 11 44 44 11 11 11 33 44 44 22 33 22 22 42 11 22 11 44 11 11
1 44 11 44 44 14 11 14 33 44 44 22 32 22 22 44 14 23 11 44 14 11
1 11 11 41 44 11 11 14 22 44 41 22 32 23 33 44 11 23 11 41 44 44
1 41 11 44 44 11 11 11 32 44 44 22 32 22 23 42 11 23 11 44 11 11
1 44 11 41 44 11 11 14 33 44 44 22 33 22 23 44 11 23 14 44 14 11
1 44 14 11 44 14 11 11 32 44 11 22 22 22 23 44 11 22 14 44 11 44
1 44 14 41 41 14 14 11 33 44 44 22 32 33 22 42 11 23 11 44 14 14
1 44 11 41 44 11 11 11 33 44 44 22 33 22 23 44 11 22 11 44 11 11
1 44 11 44 44 11 11 44 32 44 11 22 32 22 33 42 14 22 11 41 14 11
1 11 11 44 44 14 11 14 32 44 44 23 32 23 23 42 11 22 11 44 11 14
1 44 11 41 44 14 14 44 22 44 11 22 32 22 23 22 14 23 11 41 14 11
1 44 11 44 44 11 11 11 33 44 41 22 32 22 22 44 11 23 11 44 11 11
1 44 11 41 44 11 11 11 32 44 44 22 32 22 22 44 11 22 11 44 11 11
1 44 11 41 44 11 11 14 33 44 41 22 32 23 33 44 14 22 11 41 14 11
1 44 11 44 44 11 11 14 32 44 44 22 33 22 22 44 11 23 11 44 11 11
1 44 14 44 44 14 11 11 32 44 44 23 33 22 23 44 11 22 11 44 11 14
1 44 14 44 44 11 11 11 33 41 41 22 32 22 22 44 14 23 14 44 14 14
1 44 14 41 44 44 14 14 32 41 11 22 22 33 23 42 11 23 14 41 14 14
1 44 11 41 44 11 11 14 33 44 41 22 33 22 33 44 11 22 14 44 44 14
1 44 14 44 11 11 11 14 32 41 44 23 33 23 33 44 11 33 14 44 14 11
1 41 11 41 11 14 11 14 32 41 11 23 22 23 33 22 11 33 44 41 14 14
1 41 11 41 44 44 11 44 22 44 11 33 22 33 23 42 14 23 14 11 11 14
1 41 14 41 44 14 11 44 33 44 11 23 33 23 23 42 11 23 11 44 44 14
1 44 11 41 44 11 11 11 33 44 41 22 32 23 23 42 11 22 11 44 14 44
1 44 11 41 44 11 11 14 32 44 44 22 32 23 22 44 11 22 11 44 11 14
1 44 11 44 44 14 14 11 33 44 44 22 33 22 22 42 11 22 11 44 11 11
1 44 11 44 44 11 11 11 32 44 44 22 33 22 22 44 11 22 11 44 11 11
1 41 11 44 41 11 14 44 32 41 41 22 22 23 33 42 14 23 14 41 14 11
1 44 14 41 41 11 11 11 33 44 41 22 32 22 22 42 11 22 11 44 11 11
1 44 11 44 44 14 11 11 33 44 41 22 33 22 23 44 11 23 11 44 11 11
1 44 11 44 44 11 11 11 33 44 41 22 32 22 22 44 11 23 11 44 11 11
1 44 11 44 44 11 11 11 32 44 41 22 32 22 23 44 11 22 11 44 44 11
1 44 11 44 44 11 11 14 33 44 44 22 32 22 22 44 11 33 11 44 14 11
1 44 11 41 44 11 11 11 32 44 11 22 32 23 22 44 11 23 11 41 11 14
1 44 11 44 44 11 11 11 33 44 44 22 32 23 22 42 11 23 11 41 11 11
1 44 11 44 44 11 11 11 33 44 41 23 32 23 22 42 11 33 11 41 14 14
1 41 14 41 11 14 14 14 22 41 11 22 32 23 23 44 14 23 14 44 11 14
1 44 11 44 44 14 11 14 33 44 11 23 33 23 23 44 11 33 11 44 11 14
1 44 14 41 44 14 11 14 33 44 41 22 32 23 22 42 11 22 14 41 14 14
1 44 11 44 44 11 11 11 33 44 11 22 33 23 22 42 11 23 11 44 11 14
1 41 14 11 44 14 11 44 33 44 44 22 32 23 22 44 11 33 11 41 14 11
1 41 11 41 41 14 11 14 32 41 41 23 22 22 33 22 11 23 11 44 44 44
1 41 14 44 41 11 14 14 33 41 41 22 32 23 23 42 14 22 11 41 14 14
1 44 11 44 44 11 11 11 33 44 44 22 33 23 22 44 11 22 11 44 11 11
1 41 11 41 44 14 14 14 32 44 41 23 32 23 23 42 11 23 14 41 14 14
1 44 14 41 44 44 11 14 22 44 41 22 32 23 23 42 11 23 11 44 14 14
1 44 14 11 41 14 11 14 32 44 44 23 32 22 23 42 11 33 14 44 11 11
1 44 14 44 11 44 14 14 32 44 11 22 22 23 23 44 11 23 11 41 14 11
1 44 11 41 41 14 14 14 32 44 41 22 32 22 22 44 11 23 11 44 14 14
1 44 11 44 44 11 14 11 33 44 44 22 33 22 22 44 11 22 11 44 11 11
1 41 11 44 44 11 11 11 32 44 41 22 33 22 22 44 11 22 11 44 14 11
1 11 11 44 44 11 11 11 33 41 44 22 33 23 22 42 14 33 11 41 11 14
1 44 11 41 44 11 11 14 32 44 41 22 33 22 23 42 11 22 11 41 11 11
1 44 14 41 41 14 14 14 32 44 41 23 32 33 23 42 11 23 11 41 11 44
1 41 11 44 41 14 11 14 22 44 41 33 32 23 33 42 11 23 14 41 14 14
1 44 11 44 44 14 11 11 33 44 44 23 32 22 33 42 11 23 11 44 11 11
1 44 11 41 44 14 14 44 32 44 11 22 33 22 33 42 11 22 11 41 11 11
1 41 11 41 44 11 11 14 32 41 44 23 32 22 22 42 14 33 11 44 11 11
1 44 14 44 44 11 11 11 33 41 44 22 32 23 22 44 14 22 11 44 11 11
1 41 11 41 44 14 11 14 32 44 41 22 33 23 23 42 11 33 11 44 14 11
1 44 11 44 44 14 11 11 33 44 41 22 33 22 22 44 11 22 11 44 11 11
1 41 11 41 41 14 11 14 33 44 41 23 33 23 23 42 11 33 11 44 11 14
1 44 11 44 44 11 11 11 33 44 44 22 33 22 22 44 11 22 11 44 11 14
1 44 11 44 44 11 11 11 33 44 44 22 33 22 22 42 11 22 11 44 11 14
1 41 14 41 44 14 14 14 33 44 11 23 22 23 23 44 11 22 11 44 11 14
1 44 11 41 44 14 11 11 32 44 41 22 33 22 22 42 11 23 14 44 11 44
1 44 11 44 44 11 11 11 32 44 44 22 32 22 22 44 14 23 11 41 11 11
1 11 11 44 44 11 11 14 33 41 41 23 32 33 23 44 11 23 14 44 11 11
1 44 11 41 44 14 11 14 33 44 41 23 32 33 22 42 14 22 11 44 14 44
1 44 11 41 41 44 11 14 32 44 41 23 22 23 23 42 14 23 11 41 14 14
1 44 11 41 44 11 11 14 32 44 41 23 32 23 22 44 11 22 11 44 11 14
1 44 11 41 41 11 11 11 33 44 41 22 22 22 22 42 11 23 11 44 11 14
1 44 11 41 44 11 11 11 22 44 44 22 33 22 23 42 11 23 11 44 14 11
1 11 14 44 41 14 11 44 33 41 41 22 22 23 23 42 11 23 14 44 14 11
1 44 11 44 44 11 11 44 33 44 44 22 33 22 23 44 11 23 11 41 11 11
1 41 14 44 44 11 11 14 33 41 41 23 32 22 22 42 11 23 11 44 11 11
1 44 11 41 44 11 11 14 33 44 44 22 32 22 22 44 11 22 11 44 11 11
1 44 11 44 44 11 11 14 32 44 41 23 32 23 23 44 11 22 14 44 14 14
1 41 14 41 41 44 11 44 22 44 11 23 22 22 23 42 14 33 11 44 14 14
1 44 11 41 41 14 14 14 32 44 44 22 32 23 23 44 11 33 11 11 11 11
1 44 14 41 41 11 11 14 32 44 41 22 33 23 23 44 14 23 11 41 14 11
1 44 11 44 44 11 11 11 33 44 41 22 32 22 22 44 14 23 11 44 14 11
1 11 11 11 44 11 11 14 32 44 41 23 32 23 33 42 11 23 14 44 44 14
1 44 11 41 44 11 14 14 33 41 41 22 32 22 23 44 11 22 11 44 11 14
1 44 11 11 44 14 11 11 32 41 44 22 32 23 23 44 11 23 11 41 14 14
1 44 11 44 44 11 11 11 33 44 44 22 33 22 22 44 11 23 11 44 11 14
1 44 14 41 41 14 14 11 33 44 44 22 33 22 22 44 14 23 11 41 11 14
1 44 14 44 44 14 14 14 32 41 41 22 32 22 23 42 11 22 11 44 11 11
1 41 11 44 44 14 11 14 33 44 44 22 32 22 33 42 11 22 14 41 11 44
1 44 11 41 41 14 14 14 32 44 44 23 33 22 23 42 11 22 11 11 14 44
1 41 14 44 11 44 14 14 32 44 11 22 32 23 23 22 11 23 44 44 44 44
1 44 11 44 44 14 11 11 33 44 41 22 32 23 23 44 11 22 11 44 14 14
1 44 14 44 44 11 11 11 33 44 41 22 33 23 22 42 11 23 11 44 11 11
1 44 11 41 44 14 11 11 33 44 11 22 22 22 22 44 11 23 11 44 14 11
1 44 11 44 44 11 11 14 33 44 41 22 32 22 22 44 11 23 11 44 11 11
1 41 14 41 44 14 14 44 32 41 41 23 32 23 33 42 14 23 14 41 14 14
1 44 11 44 41 11 11 14 32 44 11 22 32 23 23 44 44 33 11 41 11 14
1 44 11 44 44 14 11 14 33 44 41 22 32 22 23 42 11 33 11 44 11 14
1 44 11 44 41 11 11 44 32 41 41 22 22 23 23 42 11 22 11 44 44 14
1 44 11 41 44 11 14 11 32 44 44 23 32 23 23 42 11 23 11 44 11 14
1 44 11 44 44 11 11 14 33 44 44 23 32 22 22 44 11 23 11 44 14 14
1 44 14 11 41 14 14 14 32 44 11 23 22 23 23 42 11 33 11 41 11 14
1 44 11 41 41 14 11 14 32 44 44 22 32 23 33 44 14 22 11 41 11 44
1 44 14 41 44 14 14 11 32 44 41 23 32 23 33 22 11 23 11 41 14 44
1 41 11 41 41 14 11 44 32 44 44 22 33 22 23 44 11 23 11 44 11 11
1 44 11 41 44 14 11 14 32 44 44 23 33 22 23 42 11 22 11 44 44 11
1 44 14 41 44 14 14 44 33 41 41 23 32 23 23 42 11 23 14 11 14 11
1 44 11 44 44 11 11 14 33 44 44 22 32 23 33 42 11 23 11 44 11 11
1 44 11 44 44 11 11 11 33 44 44 22 33 22 22 44 11 22 11 44 11 11
1 44 11 41 44 14 11 14 33 44 11 23 32 33 22 42 11 23 11 44 14 11
1 44 14 41 11 11 11 14 32 44 11 22 32 23 33 22 14 23 11 41 14 11
1 41 11 44 44 11 11 11 33 41 41 22 32 22 22 44 11 22 11 44 11 11
1 41 14 41 41 44 11 44 22 11 11 23 22 22 23 42 11 33 14 41 44 44
1 44 11 44 41 11 14 11 33 41 41 22 33 22 23 44 11 22 11 41 14 11
1 11 11 41 44 14 14 14 32 44 41 22 22 33 23 42 11 23 11 44 44 14
1 41 11 44 44 11 11 11 32 41 41 23 32 23 23 42 11 22 11 44 14 44
1 44 14 41 41 14 14 11 33 44 41 22 32 22 33 42 11 23 11 41 14 11
1 44 11 44 44 11 11 11 33 44 11 22 32 22 23 44 11 22 11 44 11 11
1 44 14 44 41 14 11 11 33 41 44 22 32 33 23 44 11 23 11 41 11 11
1 44 14 44 44 14 11 14 33 41 41 22 32 23 23 42 11 23 11 41 14 14
1 44 11 44 41 14 11 11 33 44 11 23 32 23 22 42 11 23 11 41 14 14
1 44 11 44 44 11 11 11 33 44 41 22 33 22 22 44 11 22 11 44 11 11
1 41 44 11 44 44 14 14 32 41 11 22 32 22 23 42 14 33 44 44 44 14
1 44 11 44 44 11 11 11 32 44 41 22 32 22 22 42 11 23 11 44 11 11
1 41 11 41 44 44 14 44 33 41 41 22 33 23 33 42 11 33 14 41 14 44
1 41 14 41 44 11 14 14 32 41 41 23 32 22 23 44 14 23 11 41 14 14
1 41 11 41 44 11 11 11 33 44 41 22 33 22 33 44 14 22 11 44 11 14
1 44 11 44 44 11 11 14 32 44 44 22 33 22 23 42 14 22 11 44 11 11
1 44 14 41 41 11 11 11 32 44 11 23 22 22 23 22 14 22 11 11 14 14
1 44 11 41 44 11 11 11 33 41 11 22 33 22 23 44 11 23 11 44 11 11
1 41 14 41 44 14 11 14 33 44 41 22 33 22 23 44 11 23 11 44 11 11
1 44 11 41 41 14 11 44 33 44 41 23 33 22 33 42 14 23 11 41 14 14
1 41 11 41 44 11 11 11 33 44 44 22 33 22 22 42 11 22 14 44 11 11
1 44 11 44 44 11 11 14 33 41 44 33 32 22 23 42 14 22 11 44 44 44
1 44 11 44 44 11 11 11 33 44 41 22 33 22 22 44 11 22 11 44 11 14
1 41 11 44 44 11 14 11 32 44 41 22 33 22 23 22 11 33 11 44 11 14
1 41 14 41 44 14 14 14 32 41 41 23 32 23 23 42 14 23 14 41 14 14
1 44 11 44 44 11 11 11 32 41 44 22 32 22 22 42 11 23 11 44 11 11
1 44 11 41 44 11 11 11 32 44 41 22 32 22 22 44 14 33 11 41 14 11
1 41 14 41 41 14 11 14 32 11 11 23 32 23 23 44 14 33 11 41 44 14
1 44 11 41 41 11 11 11 33 44 44 22 32 22 22 42 11 23 11 41 14 14
1 44 11 44 44 14 11 11 32 44 44 22 33 22 22 44 11 23 11 44 11 11
1 44 11 41 44 11 11 11 32 44 41 23 32 22 23 44 11 22 11 44 11 14
1 44 14 44 44 11 11 11 33 44 44 22 33 23 22 42 11 22 11 44 14 11
1 41 11 44 41 11 14 11 22 44 41 23 22 22 22 44 11 23 14 44 11 44
1 44 11 44 41 11 14 14 33 44 41 22 32 22 23 42 14 22 11 44 11 14
1 44 11 44 44 14 11 11 32 44 11 22 32 23 22 42 11 33 11 41 14 11
1 44 11 44 44 11 11 14 32 41 41 22 33 22 22 42 11 23 14 41 11 14
1 44 14 44 44 11 11 14 32 44 41 22 32 22 22 44 11 22 11 44 14 14
1 44 11 44 44 14 11 14 33 44 44 22 33 22 23 42 11 22 11 44 11 11
1 44 11 41 44 11 11 11 33 44 11 22 22 22 22 42 11 33 11 41 11 11
1 44 11 44 44 11 11 11 32 44 41 22 32 22 23 44 11 22 11 44 11 11
1 44 11 44 44 11 11 14 32 44 44 22 33 23 23 44 11 23 11 44 11 14
1 41 11 41 44 11 11 11 33 44 41 22 33 22 22 44 11 22 11 44 14 11
1 44 14 44 44 11 11 11 32 44 44 22 32 22 33 44 11 23 11 44 11 11
1 44 11 44 44 11 11 11 33 44 41 22 22 22 22 44 14 22 11 44 14 11
1 44 11 44 44 11 11 14 32 44 44 22 32 22 33 22 11 22 11 44 14 44
1 44 44 41 44 14 11 44 32 44 41 22 22 22 33 44 11 23 11 44 14 14
1 44 11 44 44 14 11 14 32 44 44 22 33 23 23 44 11 23 11 44 14 14
1 44 11 44 44 11 11 14 33 44 44 22 33 22 23 42 11 22 11 44 11 11
1 41 11 44 44 11 11 14 33 44 44 22 32 23 22 44 11 23 11 44 11 14
1 44 11 41 44 14 11 44 32 44 41 22 22 22 22 22 11 33 11 44 14 14
1 44 11 44 44 11 11 14 33 44 41 22 33 23 22 42 14 22 11 41 11 11
1 44 11 44 41 11 14 11 33 44 41 22 32 22 23 44 11 22 11 41 11 14
1 44 11 44 44 11 11 11 33 44 41 23 32 22 23 42 11 33 11 41 11 11
1 44 11 41 44 11 11 14 33 41 44 22 33 22 23 42 11 22 11 41 14 11
1 44 11 44 44 11 11 14 33 44 44 22 33 22 23 44 11 22 11 44 11 14
1 41 11 41 44 11 14 44 32 44 41 23 22 23 33 44 44 33 11 44 44 44
1 41 14 41 44 11 14 14 33 44 41 23 32 23 23 42 11 23 11 44 14 14
1 11 14 41 44 11 14 14 32 44 11 23 32 22 33 42 11 23 11 41 44 14
1 44 11 41 44 11 11 11 22 41 44 22 32 23 23 42 11 23 11 44 14 11
1 44 11 41 11 14 44 14 32 44 41 22 22 23 33 42 14 33 14 41 14 14
1 44 11 44 44 14 11 11 32 44 41 22 32 23 33 42 11 23 11 41 14 14
1 41 11 44 44 14 11 11 32 44 11 23 33 22 23 44 11 23 14 44 11 11
1 41 11 44 44 14 11 11 33 41 41 23 32 22 23 42 14 33 11 44 14 14
1 44 11 44 44 14 11 14 33 44 44 22 32 23 22 42 11 22 11 41 11 11
1 41 11 41 44 14 11 44 32 41 41 23 32 22 23 42 14 23 11 41 14 44
1 44 11 11 44 44 11 11 32 44 41 22 33 33 23 42 14 23 11 44 44 44
1 44 11 44 44 14 11 14 33 44 41 22 32 23 23 42 11 23 11 44 14 11
1 44 11 44 44 11 11 11 33 44 44 22 32 22 23 44 11 23 11 44 11 11
1 44 14 44 41 11 11 11 32 44 44 22 32 22 23 42 14 22 11 41 11 14
1 41 14 41 44 14 14 14 32 44 11 22 32 23 23 44 11 22 14 41 44 14
1 44 14 41 44 44 44 44 32 44 11 23 32 22 33 22 11 33 14 41 14 44
1 44 11 44 44 14 11 14 33 44 41 22 22 22 23 42 11 23 11 44 14 11
1 44 11 41 41 14 11 14 22 41 41 22 32 23 23 22 11 22 11 41 11 44
1 44 11 44 44 11 11 11 33 44 41 22 33 22 22 44 11 22 11 44 11 14
1 41 11 41 44 44 14 14 33 44 11 23 22 23 23 44 11 23 11 44 11 11
1 44 11 44 44 11 11 11 33 44 44 22 33 23 23 44 11 22 11 44 11 11
1 44 11 44 44 11 11 14 33 44 41 22 32 22 22 44 14 23 14 44 14 11
1 11 11 41 44 11 11 11 33 44 11 22 32 23 22 44 11 33 11 44 11 14
1 41 11 41 41 14 14 14 33 44 41 22 32 23 23 42 14 23 11 41 11 14
1 44 11 44 44 11 11 44 33 41 44 23 33 22 23 44 11 22 11 44 11 11
1 41 14 44 44 11 11 14 32 44 44 23 32 22 22 44 14 23 11 41 14 14
1 44 14 41 41 14 11 14 33 44 41 23 32 23 33 22 11 23 11 41 11 14
1 44 11 11 44 14 11 44 32 44 44 23 22 22 33 22 11 23 11 41 44 14
1 44 11 41 44 11 11 11 33 44 41 22 22 22 23 42 11 22 11 41 14 44
1 44 11 44 44 14 11 11 33 44 41 22 32 22 23 44 11 23 11 44 44 11
1 11 14 44 44 11 14 44 22 41 41 22 22 22 23 22 11 23 11 11 44 44
1 44 11 44 44 11 11 11 33 44 41 22 32 22 23 44 11 22 14 44 14 14
1 41 14 41 44 14 11 14 32 44 41 23 32 23 23 42 11 23 11 44 11 14
1 44 11 41 44 14 14 14 33 41 41 23 22 22 23 44 11 23 11 44 14 14
1 41 14 11 11 14 14 44 22 11 11 33 32 33 33 22 11 23 14 41 14 14
1 44 14 44 44 11 11 11 33 44 41 23 32 22 23 42 11 22 11 44 14 11
1 41 14 41 41 14 14 44 32 11 41 33 22 23 33 42 14 33 11 41 14 14
1 44 11 44 44 11 11 11 32 44 41 23 33 23 22 22 14 22 11 44 11 44
1 41 14 44 44 11 11 14 32 44 44 22 32 22 23 42 14 23 11 44 14 11
1 44 11 44 44 11 11 44 33 44 44 22 33 22 22 44 11 22 11 44 11 11
1 41 14 11 44 11 14 44 32 41 11 23 22 22 33 22 14 22 11 11 44 44
1 44 11 41 44 11 11 14 33 41 41 22 33 22 23 44 11 23 11 41 11 14
1 44 11 41 44 11 11 11 32 44 41 22 33 22 22 42 11 23 11 41 11 11
1 44 11 41 44 14 11 14 22 41 41 23 32 22 23 42 11 23 11 41 44 11
1 44 11 41 44 14 11 14 33 41 44 23 32 22 23 42 14 23 11 44 14 14
1 44 11 44 44 14 11 14 33 44 41 22 32 22 23 44 14 23 11 44 14 11
1 41 11 41 44 11 11 14 32 44 11 22 33 22 33 42 11 33 11 44 44 14
1 41 11 44 44 11 11 11 33 44 41 22 32 22 22 42 14 23 11 44 11 14
1 11 14 41 41 44 14 44 32 41 11 33 22 22 33 22 14 23 11 41 44 44
1 41 11 41 41 14 44 14 33 44 11 23 33 22 23 42 11 33 14 41 44 11
1 44 11 41 44 11 14 14 32 44 41 23 33 22 22 44 11 33 11 44 14 11
1 44 14 41 44 14 11 11 33 44 41 22 32 22 23 22 11 23 11 41 14 11
1 41 11 44 44 14 11 11 32 44 41 22 33 22 22 44 11 22 11 41 14 11
1 41 44 11 41 14 14 44 32 41 11 22 22 33 33 22 14 23 11 44 44 44
1 44 11 44 44 11 11 11 33 44 44 22 33 22 22 44 11 22 11 44 11 11
1 11 11 44 44 44 11 11 32 41 11 22 32 23 22 22 11 33 14 41 44 44
1 44 14 41 41 44 11 14 32 44 11 22 32 23 23 42 14 33 11 44 44 11
1 41 14 44 44 44 11 14 33 44 41 22 22 23 22 22 11 33 11 44 14 14
1 44 11 44 44 11 11 14 32 44 44 22 32 22 23 44 14 22 11 41 11 11
1 44 11 11 41 44 14 14 32 41 41 23 32 22 22 22 11 23 14 41 44 14
1 41 14 11 41 14 11 14 32 44 41 22 22 23 23 42 11 22 11 44 14 14
1 44 11 44 44 11 11 14 32 44 41 22 33 22 23 44 11 22 11 44 11 11
1 41 11 44 44 11 11 11 33 44 41 22 33 23 23 42 11 23 11 44 14 14
1 44 14 41 41 14 11 14 33 44 11 22 32 23 33 42 11 23 11 41 11 11
1 44 14 44 44 11 11 11 33 44 44 22 22 22 22 44 11 23 11 44 11 11
