 rs6683017 rs3789463 rs7524775 rs4582826 rs7529205 rs11485227 rs11364 rs4908891 rs4908892 rs3810985 rs4908893 rs2103673 rs10864548 rs11121873 rs12095623 rs9434773 rs9434774 rs3138159 rs3138158 rs2986758 rs3138156 rs11800462 rs3176900 rs14708 rs730600 rs3007421 rs2986753 rs2986751 rs1002966 rs2986742 rs11806429 rs9434795
0 33 14 11 22 11 22 44 41 44 11 32 44 22 14 22 11 14 44 41 22 11 33 22 22 14 41 23 32 11 22 32 22
0 22 14 11 22 11 32 41 44 44 11 22 41 22 11 22 11 14 44 44 22 11 22 33 22 14 41 22 22 11 22 33 33
0 22 11 11 22 11 33 44 44 14 11 33 44 22 11 22 11 11 44 44 22 11 22 33 22 11 44 22 33 11 22 33 22
0 23 11 11 23 14 32 41 41 14 11 33 41 23 11 23 11 14 42 41 22 11 23 22 22 14 41 22 33 14 22 32 23
0 33 11 11 22 14 32 11 44 11 11 32 41 22 11 22 11 14 22 44 22 11 33 22 22 14 41 22 33 14 22 22 33
0 23 11 11 23 11 32 44 44 11 14 32 44 22 11 22 11 11 44 41 22 11 23 32 22 11 41 22 32 14 22 33 23
0 33 14 14 33 11 32 41 44 14 11 22 11 33 44 23 11 14 42 41 22 11 23 32 22 14 44 23 22 44 23 22 23
0 22 11 11 22 14 32 41 41 11 11 32 44 22 11 22 11 11 44 44 22 11 22 33 22 44 44 22 33 11 22 33 23
0 23 11 11 23 11 32 11 41 14 11 33 44 22 14 22 11 14 44 44 24 14 22 33 22 14 44 22 33 14 22 33 22
0 22 14 14 23 14 33 44 44 14 14 32 44 23 11 22 11 14 42 41 22 14 23 32 22 14 41 22 32 11 23 33 22
0 22 11 14 22 44 32 41 11 44 11 32 41 22 14 23 11 44 42 44 24 14 33 32 22 14 41 23 22 14 23 33 22
0 33 14 14 33 14 22 41 41 44 44 22 41 33 44 23 14 44 42 41 24 11 23 32 22 14 41 23 32 44 23 32 33
0 23 14 11 22 14 22 11 41 14 14 32 11 33 14 23 11 14 44 41 22 14 23 33 22 11 41 22 32 14 33 32 22
0 23 14 11 23 14 32 41 41 14 14 32 41 23 14 23 11 14 42 41 24 14 23 32 22 14 41 23 32 14 23 32 23
0 22 11 11 23 14 33 41 44 14 11 33 44 22 11 22 11 11 44 44 22 11 22 33 22 14 11 22 33 14 22 32 23
0 22 11 11 22 11 33 44 41 14 11 32 41 22 11 22 11 11 44 44 24 11 23 33 22 14 44 22 32 11 22 33 23
0 23 14 11 33 14 22 41 41 44 11 32 11 23 14 23 11 14 42 11 22 11 23 32 23 14 11 22 22 14 22 32 33
0 23 11 11 22 11 33 41 41 11 11 32 44 22 11 22 11 11 44 44 22 11 23 32 22 11 44 22 32 11 22 33 23
0 22 14 11 22 11 32 44 44 11 11 33 44 22 11 22 11 11 42 44 22 11 22 32 22 11 41 22 32 11 22 33 22
0 23 14 11 23 14 33 41 41 44 14 22 44 23 14 23 14 14 42 44 24 11 33 32 23 14 41 22 33 14 23 32 23
0 23 14 14 23 14 32 41 11 44 11 33 41 23 14 22 11 11 42 44 24 14 23 32 22 14 44 23 32 14 23 32 23
0 23 11 11 22 11 33 44 44 11 11 33 44 22 14 22 11 14 44 44 22 11 23 32 22 11 44 22 33 11 22 33 22
0 23 11 11 23 11 32 41 41 14 11 32 41 23 14 22 11 14 44 41 22 11 23 32 22 14 41 23 32 11 23 33 22
0 22 11 14 23 14 33 11 41 44 11 32 41 22 11 22 11 14 42 41 22 11 23 22 22 11 44 22 33 11 22 33 33
0 22 14 11 22 11 33 44 41 14 11 33 44 22 11 23 11 14 44 44 22 11 22 33 22 11 41 22 32 11 22 32 22
0 33 14 11 33 14 32 11 41 44 14 32 41 33 44 23 44 14 42 44 22 11 23 22 23 14 44 33 32 11 22 22 33
0 33 14 14 23 44 32 41 44 14 14 32 41 23 14 23 14 14 42 41 44 14 33 22 23 14 41 23 22 14 22 22 23
0 22 11 11 23 14 22 44 11 14 11 32 41 23 14 23 11 11 42 44 22 11 33 32 22 14 44 22 32 11 22 32 33
0 22 11 11 22 14 33 44 44 11 11 33 44 23 11 22 11 11 42 44 22 14 22 32 22 11 41 22 32 11 22 33 22
0 23 11 11 23 11 32 41 44 14 11 32 44 23 14 22 11 14 44 44 24 11 22 32 22 11 44 22 32 14 22 32 23
0 23 11 14 23 14 32 41 41 14 14 32 44 22 14 22 11 14 42 44 22 14 23 32 22 44 41 23 32 14 22 22 23
0 23 14 14 23 14 32 11 11 14 11 32 41 22 14 23 11 44 22 44 22 11 33 22 22 44 41 22 32 14 23 22 23
0 23 44 14 33 14 22 41 11 14 44 32 41 23 11 23 14 44 42 44 22 11 33 22 22 44 11 33 32 44 23 32 33
0 23 11 11 23 44 32 41 44 14 14 33 41 23 11 22 11 14 42 44 22 11 23 32 22 11 44 23 33 14 22 33 23
0 33 14 11 22 11 32 41 44 44 14 32 41 23 11 22 11 14 42 44 22 11 22 32 22 11 41 22 22 44 22 32 22
0 23 14 14 22 14 32 41 41 14 11 32 44 23 14 22 14 14 42 41 22 14 23 32 22 14 41 22 32 14 23 32 23
0 23 11 11 22 11 33 44 44 11 11 33 44 22 11 22 11 11 44 41 22 11 23 33 22 11 44 22 32 11 22 32 22
0 23 14 11 22 14 33 44 44 11 11 33 44 22 11 22 11 11 44 44 22 11 23 33 22 14 44 22 32 11 22 32 23
0 23 14 11 23 14 32 41 44 44 11 32 44 23 11 22 11 11 44 44 22 11 23 33 22 11 41 22 33 11 22 32 23
0 33 11 11 22 14 22 41 44 11 14 22 41 23 11 22 11 11 44 44 22 11 33 32 22 14 44 22 33 14 22 32 33
0 33 11 14 23 44 32 11 41 14 11 32 44 33 11 33 11 14 42 41 22 14 33 22 23 14 41 22 22 44 33 22 23
0 22 11 14 23 14 32 11 41 44 14 32 41 23 14 22 11 44 42 11 22 14 23 32 22 44 44 22 22 44 23 33 33
0 23 14 11 33 11 22 41 41 44 11 32 44 23 14 23 14 14 22 44 22 11 33 32 23 44 44 22 22 14 23 22 22
0 22 11 11 33 11 33 41 44 11 11 33 44 22 11 22 11 11 44 44 22 11 22 33 22 14 44 22 32 11 22 32 23
0 22 11 11 22 11 33 44 44 14 11 33 44 22 11 22 11 11 44 41 22 11 22 32 22 11 41 22 32 11 22 33 23
0 22 11 11 22 11 33 44 44 14 11 33 44 22 11 22 11 11 44 44 22 11 22 33 22 11 44 22 33 11 22 33 23
0 23 14 11 22 11 32 41 41 14 11 32 41 22 14 22 11 14 42 41 22 14 23 32 23 14 41 23 32 14 23 33 23
0 22 11 11 23 11 32 44 41 11 14 33 41 23 11 22 14 14 42 44 22 11 23 32 22 14 41 22 33 11 22 33 22
0 23 11 11 33 44 22 41 11 44 44 32 44 33 14 22 11 14 22 41 22 14 33 22 22 44 11 22 32 44 23 32 33
0 23 44 14 22 11 32 44 44 14 11 32 44 23 14 23 14 14 42 44 22 14 23 32 22 14 41 23 32 14 23 33 22
0 23 11 14 23 11 33 44 11 11 14 33 44 22 11 22 11 44 22 44 22 11 23 22 22 44 41 22 32 44 22 22 33
0 22 11 11 22 14 33 41 41 14 11 32 41 23 14 23 11 11 44 44 22 11 33 32 22 14 44 22 32 44 23 33 23
0 23 11 14 23 11 33 44 41 14 14 33 41 22 14 22 14 14 42 41 22 11 23 22 22 14 44 22 32 14 23 33 33
0 22 14 11 23 14 33 41 41 44 11 32 44 33 14 23 14 14 42 44 22 11 23 32 22 14 44 23 32 11 23 22 33
0 22 14 11 33 14 22 44 44 14 11 32 44 22 14 22 11 44 44 44 22 11 23 33 22 44 44 22 33 14 22 32 22
0 22 11 11 23 11 33 44 44 11 14 32 44 22 11 22 11 11 44 44 22 11 22 33 22 11 44 22 33 11 22 33 22
0 22 11 11 23 14 33 41 41 14 11 33 44 23 14 22 14 11 42 44 22 11 23 32 23 14 41 23 32 14 22 32 23
0 22 11 14 23 14 33 11 11 14 14 32 44 33 11 23 14 14 22 44 22 11 33 22 22 11 41 23 22 11 22 32 23
0 22 11 11 23 11 32 41 11 11 11 33 44 23 11 22 11 11 42 44 22 11 23 22 22 11 44 22 32 11 22 33 23
0 23 11 14 23 11 33 41 41 14 14 32 41 23 14 23 11 14 42 44 24 14 23 32 23 14 41 23 32 14 23 32 23
0 23 14 44 23 14 22 11 11 14 11 22 41 23 44 22 14 44 22 44 24 14 33 22 23 11 41 22 32 14 23 22 22
0 22 14 11 23 11 33 44 44 11 11 32 44 22 11 22 11 11 44 44 22 11 22 33 22 11 44 22 33 11 22 32 22
0 23 11 14 23 44 33 41 41 44 14 32 41 23 11 23 11 11 42 44 22 11 23 32 22 11 41 22 32 44 33 32 23
0 23 11 11 22 14 33 11 44 14 11 33 44 22 11 22 11 11 44 44 22 11 22 33 22 11 44 22 33 14 22 33 22
0 22 11 11 22 14 33 44 41 11 14 33 44 22 11 22 11 11 42 44 22 11 23 32 22 14 41 22 33 11 22 32 22
0 23 14 14 23 14 32 41 41 14 14 22 41 23 14 23 14 44 22 41 24 14 23 22 23 44 41 23 32 14 23 22 23
0 22 11 11 22 11 33 41 41 14 11 32 44 22 11 22 11 14 44 44 24 14 23 32 23 11 41 22 32 14 22 32 22
0 23 11 11 22 11 33 11 41 14 14 33 44 23 14 22 11 11 44 44 22 11 23 32 23 44 41 22 32 14 23 32 22
0 23 14 14 23 44 32 41 41 14 14 32 41 22 14 23 14 14 42 41 22 11 33 22 22 14 41 22 33 11 23 33 23
0 22 11 11 23 14 32 44 44 11 11 33 44 23 11 22 14 11 44 44 22 11 22 32 22 11 41 22 32 11 22 33 23
0 22 11 11 22 11 33 44 44 11 11 33 44 22 11 22 11 11 44 44 22 11 22 33 22 11 44 22 33 11 22 33 22
0 23 44 44 23 44 22 41 11 44 44 22 41 23 14 23 11 44 42 44 22 14 33 22 22 14 11 23 22 44 23 32 23
0 33 14 11 23 14 32 41 11 14 14 32 44 33 14 22 14 44 42 41 22 11 33 22 22 14 41 22 33 14 22 32 23
0 23 11 11 22 11 33 44 44 11 11 33 44 22 11 22 11 11 44 44 22 11 23 33 22 11 44 22 33 11 22 33 22
0 23 14 14 23 14 32 41 41 14 14 33 44 23 14 23 14 14 22 41 22 14 23 32 23 14 44 23 32 44 23 22 33
0 23 14 11 23 11 33 41 44 14 14 33 44 22 11 22 11 14 44 44 22 11 23 22 22 14 41 22 32 14 22 33 23
0 23 11 11 23 11 33 44 44 44 11 22 44 23 14 22 14 14 44 41 22 11 23 22 22 14 11 22 32 14 22 32 33
0 23 11 14 23 11 32 44 44 11 14 33 44 22 11 23 11 14 42 44 22 11 23 33 22 14 41 22 32 11 22 33 22
0 33 14 11 33 44 32 41 44 44 14 33 44 33 14 22 11 44 42 44 22 11 23 22 22 14 41 22 32 14 22 32 33
0 23 11 14 23 14 33 41 44 14 14 32 41 23 14 23 14 14 22 44 22 14 33 32 22 11 11 23 22 44 23 22 23
0 33 11 11 23 44 32 41 41 11 14 22 41 23 14 23 44 14 44 44 22 11 23 32 22 14 41 22 22 14 23 22 23
0 23 11 11 33 11 33 44 41 44 11 32 41 23 11 22 11 14 42 41 24 11 33 32 23 14 44 23 22 44 22 32 23
0 23 11 11 22 11 33 41 44 14 11 33 44 23 11 22 11 11 44 44 22 11 23 32 22 14 41 22 32 11 22 33 33
0 23 11 14 22 14 32 41 41 14 14 32 41 23 14 22 11 14 42 44 24 11 23 32 23 14 44 22 32 14 22 33 33
0 22 11 11 23 14 33 44 41 14 14 32 44 22 14 22 11 14 42 44 22 11 23 32 23 14 41 22 32 14 22 33 23
0 33 14 11 23 14 22 44 11 44 11 22 41 23 11 22 14 14 42 44 44 11 33 22 22 11 11 22 22 14 22 32 23
0 33 14 11 22 11 33 41 44 11 14 32 41 23 11 22 11 14 22 44 24 11 23 33 22 11 44 23 33 14 22 32 23
0 33 11 14 23 14 33 41 11 14 11 32 41 23 11 23 11 11 44 41 22 11 23 32 22 44 41 22 22 14 22 32 23
0 23 14 14 23 14 32 41 44 14 14 32 41 23 14 23 11 14 42 41 24 14 23 32 23 14 41 23 32 11 23 32 23
0 23 11 11 22 14 32 41 41 14 14 33 44 23 14 22 14 14 42 41 22 14 33 33 23 14 11 22 32 44 22 33 33
0 23 14 14 23 14 32 41 41 14 14 22 44 23 14 22 14 14 42 41 22 11 23 32 23 14 41 22 32 14 23 32 23
0 22 11 11 22 11 33 41 44 11 11 33 44 22 11 22 11 11 42 44 22 11 23 32 22 11 44 22 32 11 22 33 22
0 22 11 11 23 14 33 41 41 44 14 33 44 23 11 22 11 14 44 44 22 11 33 32 22 14 41 22 33 11 22 22 23
0 23 11 11 22 14 33 44 44 11 11 32 44 23 11 22 11 11 42 44 22 11 22 32 22 14 44 22 33 14 22 32 33
0 23 14 14 22 44 33 11 41 44 44 32 41 33 14 23 14 44 22 41 24 11 33 32 22 44 11 33 22 11 23 32 33
0 22 11 11 22 11 33 44 41 11 11 33 44 22 11 22 11 14 42 44 22 11 33 33 22 14 44 22 33 11 22 32 22
0 22 14 14 23 14 32 11 41 14 11 32 41 23 44 22 14 14 42 41 24 11 33 32 22 14 11 22 22 11 23 32 33
0 22 11 11 22 11 33 44 44 14 14 33 44 22 11 22 11 14 44 44 22 11 22 32 22 11 44 22 33 11 22 33 22
0 23 11 11 22 11 33 44 44 11 11 33 44 22 11 22 11 14 44 44 22 11 22 32 22 14 44 22 33 11 22 32 22
0 23 11 14 23 14 32 41 44 11 11 32 41 23 11 22 11 14 42 44 22 11 33 33 23 14 44 22 33 14 23 32 23
0 22 14 14 22 11 33 11 41 44 14 33 44 23 11 22 14 14 42 41 22 11 33 32 22 14 44 22 22 14 22 33 23
0 22 11 11 22 11 32 41 41 14 11 33 44 22 11 22 11 14 44 44 22 14 23 33 22 11 41 23 33 11 22 32 22
0 23 11 11 22 14 32 41 41 14 11 32 44 23 11 22 11 14 44 44 22 11 23 32 22 14 41 22 32 11 22 32 23
0 22 11 11 22 11 33 44 44 11 11 33 44 23 11 22 11 11 44 44 22 11 22 32 22 14 41 22 32 14 22 22 22
0 22 14 11 23 11 32 41 44 14 14 32 41 33 14 23 14 14 42 44 22 11 23 33 23 14 11 22 32 14 22 32 23
0 22 11 14 22 11 33 44 44 11 11 33 44 22 11 22 11 11 44 44 22 11 22 33 22 14 44 22 33 14 22 33 23
0 22 14 11 22 11 33 44 41 14 14 33 44 22 11 22 11 11 44 44 24 11 22 22 22 11 41 22 33 14 22 33 23
0 23 11 11 23 14 32 41 41 14 14 32 41 23 14 23 11 14 44 44 22 11 23 33 33 14 11 22 33 14 22 33 23
0 23 14 11 23 14 33 41 44 14 11 32 41 23 14 23 11 14 42 44 22 14 23 32 22 11 41 22 33 14 23 32 23
0 33 14 11 33 44 32 11 41 44 11 22 41 33 11 23 11 44 42 41 44 11 23 22 23 44 41 22 22 44 23 22 23
0 23 14 14 22 14 33 41 41 14 14 32 44 22 11 22 11 14 44 41 24 11 23 32 22 14 41 23 32 14 22 32 23
0 33 11 11 22 11 32 41 41 14 14 33 41 23 11 22 11 14 42 41 22 11 33 22 22 14 41 23 32 44 22 22 23
0 23 11 11 23 11 32 41 41 14 14 32 44 23 14 22 14 14 42 44 22 11 33 22 23 14 41 23 22 11 22 22 22
0 23 11 14 23 14 32 41 41 14 11 32 41 23 14 23 11 14 42 41 24 11 33 22 23 44 41 23 32 14 23 32 33
0 22 11 11 22 11 33 44 44 11 11 33 44 22 11 22 11 11 44 44 22 11 22 33 22 11 44 22 32 11 22 33 22
0 33 11 14 22 44 32 41 41 44 14 22 41 22 14 23 11 14 22 44 22 14 22 32 22 14 41 22 32 11 22 32 33
0 22 11 11 23 11 33 44 41 14 11 33 44 33 11 22 11 11 44 44 22 11 23 32 22 14 41 23 33 11 22 33 23
0 22 11 11 23 14 33 41 11 14 11 32 41 23 14 22 14 11 42 44 24 11 23 32 22 11 41 22 32 11 22 33 22
0 23 14 14 23 14 22 11 41 14 14 32 41 23 14 23 14 14 42 41 44 11 33 22 22 14 41 23 22 14 33 32 23
0 23 11 11 23 14 32 41 41 14 11 33 41 22 14 23 11 14 42 44 22 11 23 32 22 14 44 22 33 11 22 32 23
0 22 11 11 22 11 32 41 44 14 14 32 44 22 11 22 11 11 44 44 22 11 23 33 22 11 44 22 32 11 23 33 23
0 33 11 14 33 14 22 11 41 14 14 32 44 23 14 22 11 14 42 44 22 14 23 32 22 44 41 23 32 14 23 32 23
0 22 11 11 23 14 32 41 41 14 14 32 41 22 14 23 11 14 42 41 22 11 23 33 23 14 41 23 32 14 23 32 23
0 23 44 11 23 14 32 44 41 44 14 32 44 23 11 23 11 44 22 41 22 11 23 22 23 14 41 23 33 44 33 32 33
0 23 44 14 23 14 32 11 11 44 11 32 44 23 14 22 14 44 44 41 24 14 33 22 23 14 41 22 22 44 23 22 33
0 23 14 11 23 14 33 41 41 14 11 33 41 23 14 22 11 14 44 44 22 14 23 32 23 11 11 22 32 11 22 32 23
0 23 14 14 23 14 22 11 41 14 14 32 41 23 14 23 14 14 42 41 22 14 23 32 22 14 41 22 32 14 22 32 23
0 23 11 11 23 14 33 44 44 11 14 33 44 23 14 22 44 44 44 41 22 11 23 22 22 14 44 22 32 14 23 32 23
0 23 11 11 23 14 33 41 41 14 14 32 41 23 14 23 14 14 42 11 24 14 33 32 23 44 41 23 32 14 23 32 33
0 33 14 44 33 14 22 11 41 44 44 22 11 33 44 33 44 44 22 41 44 44 33 22 22 14 11 33 22 44 33 22 33
0 23 14 11 22 14 33 44 11 14 11 33 44 23 14 23 11 14 44 44 22 11 23 33 22 44 11 22 32 11 22 32 23
0 22 11 11 22 11 33 41 44 11 11 33 44 22 11 22 11 11 44 44 22 11 23 33 22 11 44 22 32 11 22 33 23
0 23 14 11 22 14 33 41 44 11 11 32 44 23 11 22 11 14 44 44 22 11 33 32 22 14 44 22 32 44 22 32 22
0 23 14 14 23 14 22 11 41 14 14 33 41 23 11 23 14 14 42 41 24 14 23 32 23 14 41 23 32 14 23 32 23
0 22 11 11 23 11 32 41 41 14 14 22 44 23 14 22 11 14 22 44 24 11 33 22 22 44 41 23 33 14 23 32 33
0 22 11 44 23 11 33 41 41 14 11 33 44 23 11 22 14 44 42 44 22 14 23 32 23 11 41 22 22 14 23 32 23
0 33 14 14 33 44 32 41 11 44 14 22 44 33 14 23 11 14 22 44 22 14 23 32 22 44 11 23 22 44 22 22 33
0 23 14 14 23 44 32 41 41 44 14 22 11 33 44 23 14 14 42 41 24 14 33 22 23 44 41 33 22 44 23 32 33
0 22 11 14 23 11 32 41 44 44 11 32 44 22 11 22 11 11 44 44 22 11 22 32 23 11 44 22 22 11 22 33 23
0 22 11 11 22 11 33 44 44 11 11 33 44 22 11 22 11 11 44 44 22 11 23 32 22 11 41 22 33 11 22 33 23
0 33 14 11 23 14 32 11 41 44 14 22 11 33 14 23 14 44 22 41 24 11 33 22 23 14 11 33 22 44 33 22 33
0 22 11 11 23 11 33 44 44 11 11 33 44 22 11 22 11 11 44 44 22 11 22 32 22 14 41 22 32 11 22 33 22
0 22 11 11 22 11 33 41 41 11 11 32 44 22 11 22 11 11 44 44 22 11 23 33 22 11 44 22 33 11 22 33 22
0 23 14 11 33 14 32 11 41 14 14 33 41 23 11 22 14 44 42 44 24 14 22 32 23 14 11 23 32 14 23 32 23
0 22 14 14 33 44 22 41 11 14 11 32 41 33 14 33 11 14 44 41 22 14 22 22 23 44 44 22 22 14 22 22 33
0 22 11 11 22 11 33 41 44 14 11 33 44 22 11 22 11 11 44 44 22 11 33 33 22 11 41 22 33 11 22 33 22
0 22 11 11 22 11 33 44 41 11 11 32 44 22 11 22 11 11 44 44 22 11 22 33 22 11 44 22 33 11 22 33 22
0 23 11 14 23 14 33 11 11 14 11 22 44 23 14 23 14 44 22 44 22 11 33 32 22 44 41 33 22 11 22 32 23
0 23 11 11 23 14 32 41 41 44 14 32 41 23 14 23 14 14 42 41 22 11 23 32 23 44 11 23 22 44 23 22 33
0 23 14 14 23 14 32 41 41 14 14 32 11 23 14 23 14 14 42 41 24 14 23 32 23 14 11 23 32 14 23 32 23
0 22 11 11 23 11 33 41 44 14 14 33 41 22 11 22 11 14 44 44 22 11 22 33 22 14 44 22 32 14 22 33 23
0 23 14 14 23 14 22 41 41 14 14 32 41 23 14 22 11 14 42 44 24 11 23 32 23 11 41 23 32 14 23 32 23
0 22 14 14 23 14 32 44 41 14 11 32 44 22 11 22 11 11 42 44 22 14 23 33 22 11 41 22 32 11 22 32 22
0 23 11 14 22 11 33 44 41 11 11 33 44 22 11 22 11 14 44 44 22 11 22 32 22 11 44 22 32 11 22 33 23
0 22 11 11 22 11 33 41 41 11 11 32 44 22 11 22 11 11 42 44 22 11 23 33 22 11 41 22 33 11 22 33 23
0 23 14 11 22 11 33 41 44 11 11 32 44 23 11 23 11 44 42 44 22 11 33 32 22 44 11 22 22 14 22 32 23
0 22 11 11 22 11 33 44 44 11 11 33 44 22 11 22 11 11 44 44 22 11 22 33 22 11 44 22 33 11 22 33 22
0 22 11 11 22 11 33 44 44 11 11 33 44 22 11 22 11 11 44 44 22 11 23 33 22 11 44 22 33 11 22 33 22
0 33 11 11 22 44 32 41 41 14 44 32 44 23 44 22 14 14 42 41 22 11 33 32 22 14 41 22 32 14 23 32 23
0 23 14 14 22 11 33 41 41 11 14 33 44 23 14 23 14 14 42 44 22 11 23 32 22 11 41 22 32 14 23 33 23
0 23 14 11 23 14 32 41 44 14 14 32 41 23 14 23 14 14 42 44 24 11 23 32 22 14 41 23 32 14 23 32 23
0 23 14 14 23 14 32 11 41 14 14 22 41 33 14 23 14 44 42 44 24 14 23 32 23 44 41 23 22 14 23 32 33
0 23 11 11 22 11 32 41 41 11 11 33 44 22 11 22 11 11 44 44 22 11 22 32 22 11 11 22 32 11 22 33 23
0 22 11 11 22 11 33 41 44 44 11 32 44 22 11 22 11 14 44 44 22 11 22 22 22 11 11 22 32 11 22 32 22
0 23 11 11 23 11 32 44 44 14 11 32 44 22 14 22 11 11 44 44 24 11 22 33 22 11 44 22 32 11 22 33 23
0 23 14 14 23 14 32 41 44 14 14 32 44 33 11 23 11 14 22 41 22 11 33 33 22 11 11 22 33 14 22 22 23
0 23 14 11 23 14 32 41 41 14 14 32 41 23 14 23 11 14 42 41 24 11 23 32 22 14 41 22 22 14 23 32 23
0 22 11 11 22 11 33 41 44 14 14 33 44 23 11 22 11 11 44 44 22 11 23 32 22 11 44 22 33 11 22 33 33
0 22 11 11 22 11 33 44 44 11 11 33 44 22 11 22 11 11 44 44 22 11 22 33 22 11 44 22 32 11 22 33 22
0 33 44 14 23 44 32 11 41 44 14 22 11 23 44 23 14 44 42 44 22 14 33 22 22 44 41 23 22 14 22 22 33
0 22 14 11 22 44 32 41 41 14 11 32 41 23 11 22 14 44 42 44 24 14 33 22 22 44 11 23 22 11 23 32 22
0 23 11 11 22 14 33 44 41 11 14 33 41 22 11 22 11 14 44 44 22 11 22 32 22 14 41 22 32 14 23 33 23
0 22 11 11 22 11 33 44 44 14 11 32 44 22 11 22 11 11 44 44 22 11 23 33 22 11 44 22 33 14 22 33 23
0 23 14 14 23 44 33 41 44 14 11 32 44 23 14 22 11 14 44 44 22 11 23 22 22 14 41 23 32 14 23 32 23
0 33 44 11 33 44 32 41 11 14 14 32 11 33 14 23 14 44 22 41 22 11 33 32 23 14 11 33 22 14 33 22 33
0 23 11 11 23 14 33 41 44 14 14 32 41 22 14 23 14 11 42 44 24 11 23 32 22 11 11 23 32 11 23 32 23
0 33 14 14 23 14 32 41 11 14 11 32 44 23 14 23 14 14 42 41 22 11 33 22 23 44 41 33 32 14 23 32 33
0 23 11 11 22 14 33 41 41 11 14 32 41 22 14 22 11 14 44 44 22 11 23 33 22 11 41 22 33 14 22 33 23
0 22 11 11 23 14 22 41 41 44 14 32 41 23 11 23 11 14 42 44 24 11 22 33 22 14 41 22 32 14 22 33 33
0 22 11 11 22 11 33 44 44 11 11 33 44 22 11 22 11 11 44 44 22 11 22 33 22 11 44 22 33 11 23 33 22
0 23 11 11 22 11 33 44 44 11 11 33 44 22 11 22 11 11 44 44 22 11 23 33 22 14 41 22 33 11 22 33 22
0 22 14 11 22 14 33 44 41 14 11 33 44 22 14 22 11 11 44 41 22 11 23 33 22 11 41 22 32 11 22 33 22
0 22 11 11 22 11 33 44 44 11 11 33 44 22 11 22 11 11 44 44 22 11 23 33 22 11 41 22 33 11 22 33 22
0 23 11 14 23 11 32 11 11 44 14 32 44 22 11 23 11 14 44 44 22 14 23 32 22 14 41 23 32 14 22 32 22
0 23 11 11 23 14 33 41 44 14 14 33 44 22 11 33 11 14 44 44 22 11 33 33 22 44 41 22 22 14 23 22 33
0 33 14 44 23 44 32 11 11 14 44 22 44 33 14 23 11 14 42 44 24 11 33 32 23 14 11 33 22 44 23 32 33
0 33 11 11 23 14 32 41 41 14 14 32 41 23 11 23 14 14 42 41 24 14 23 32 23 14 41 23 32 14 23 32 23
0 23 11 11 22 14 33 44 44 14 11 33 41 23 11 22 11 11 44 44 22 11 22 32 22 14 41 22 33 11 22 32 22
0 22 11 11 22 11 33 44 44 11 11 33 44 22 11 22 11 11 44 44 22 11 22 33 22 11 44 22 33 11 22 33 22
0 22 11 11 22 14 33 44 44 14 11 32 44 22 11 22 11 11 44 44 22 11 22 32 22 14 41 22 33 11 22 33 22
0 23 11 14 33 14 22 11 41 44 44 22 41 22 44 23 11 44 22 11 24 11 33 22 22 44 11 23 22 44 23 33 23
0 22 11 11 22 11 33 44 44 14 11 33 44 23 14 22 11 11 44 44 22 11 22 33 22 11 41 22 32 11 22 32 22
0 22 11 14 33 14 33 41 41 14 14 32 44 22 14 22 44 14 42 41 24 14 23 32 22 14 41 23 32 14 22 32 23
0 33 44 14 23 14 32 41 41 14 11 32 41 23 11 23 11 44 22 44 22 11 33 22 22 44 11 23 22 44 33 22 33
0 23 11 14 23 44 32 11 44 11 11 22 44 23 14 22 14 11 42 44 22 11 23 32 22 14 41 22 32 11 22 22 23
0 23 14 14 23 14 32 44 44 14 11 32 41 23 11 22 11 14 42 44 24 14 23 32 22 11 41 22 22 11 23 32 22
0 22 14 11 23 14 32 41 44 14 11 32 41 23 14 22 14 14 42 44 24 11 23 32 22 44 44 23 32 14 23 32 23
0 22 11 11 22 14 32 11 11 14 11 32 44 23 11 22 11 14 44 44 22 11 33 32 22 14 41 23 32 14 22 32 23
0 23 14 11 23 14 32 41 41 14 11 32 44 22 14 22 11 14 42 41 22 11 23 32 22 14 41 22 33 14 23 32 22
0 22 11 11 22 11 33 41 44 11 11 33 44 22 11 22 11 14 42 44 22 11 23 32 22 11 44 22 33 14 22 33 23
0 22 11 11 22 11 33 41 44 11 11 33 44 22 11 22 11 11 42 44 22 11 22 33 22 11 11 22 33 11 22 33 22
0 23 14 14 22 14 32 41 44 11 11 33 44 23 11 22 14 14 42 44 22 11 23 32 23 14 41 23 32 14 23 32 23
0 23 11 11 23 14 32 41 41 14 14 32 41 23 14 22 11 14 44 41 22 14 23 32 22 14 41 23 32 14 22 33 23
0 23 11 11 33 44 32 11 41 14 14 32 41 33 11 23 11 44 42 44 22 11 33 32 22 44 41 23 22 14 22 33 33
0 23 14 11 23 14 32 11 11 14 14 33 44 23 14 23 14 14 42 41 24 14 33 22 22 14 41 33 32 11 23 32 23
0 23 14 11 23 11 33 11 41 14 14 22 41 23 11 23 11 14 44 44 24 14 23 32 23 14 41 22 32 11 23 32 33
0 33 11 11 33 14 22 44 44 44 14 33 44 23 11 22 11 11 42 44 22 11 22 32 22 14 44 22 32 14 22 22 23
0 23 11 11 22 11 32 44 44 14 11 33 44 22 11 22 11 11 44 44 22 11 22 32 22 11 44 22 33 11 22 33 23
0 22 11 11 23 14 32 44 44 44 11 33 44 22 11 23 14 14 42 41 22 11 23 32 22 11 44 23 33 14 23 22 33
0 23 11 11 22 11 32 41 44 14 11 33 41 23 14 22 11 14 42 44 24 11 33 32 22 11 41 23 33 44 22 33 22
0 22 11 11 23 11 33 44 41 11 11 33 44 22 11 22 11 11 44 44 22 11 33 32 22 11 44 22 32 11 22 33 22
0 22 11 11 22 14 33 44 44 14 11 33 44 22 11 22 11 14 44 44 22 11 22 32 22 11 41 22 32 14 22 33 23
0 23 11 14 23 14 32 41 41 44 11 32 41 23 14 22 14 44 42 44 22 14 23 32 22 14 41 22 32 11 22 32 23
0 22 11 11 22 11 33 44 44 14 11 33 44 22 11 22 11 11 42 44 22 11 33 33 22 11 44 22 32 14 23 33 22
0 23 11 11 23 11 33 41 41 14 11 33 41 23 11 22 11 14 42 44 22 11 23 33 22 14 41 22 22 14 22 32 22
0 33 14 11 22 11 33 44 41 11 11 32 44 22 11 22 11 11 42 44 22 11 23 33 22 11 44 22 33 14 22 33 23
0 23 11 11 23 11 32 41 11 14 11 33 41 33 11 23 11 14 42 44 22 11 33 32 23 11 41 23 32 14 22 32 23
0 23 14 14 23 14 32 41 41 14 14 32 44 23 14 23 14 14 22 41 24 11 23 33 22 14 41 22 32 11 22 32 23
0 33 11 11 33 14 33 11 11 14 14 32 44 33 14 22 11 11 42 44 24 11 23 22 22 14 41 22 22 11 23 33 22
0 23 11 11 23 14 33 41 41 11 14 33 44 23 11 22 14 11 44 44 22 11 22 33 23 14 41 22 33 14 22 33 23
0 23 14 14 23 14 32 41 41 14 14 32 41 23 14 23 14 14 42 41 24 14 23 32 23 14 11 23 32 14 23 32 23
0 22 11 14 22 14 32 44 44 14 11 33 44 23 14 22 11 14 42 44 22 11 23 32 22 14 41 23 33 14 22 32 23
0 22 11 11 23 11 33 41 44 14 11 33 44 22 11 22 11 11 42 44 22 11 22 32 22 11 44 22 32 11 22 33 22
0 23 14 11 23 11 33 44 41 14 11 32 41 23 11 23 14 14 42 44 22 11 23 32 22 14 11 23 32 11 22 32 23
0 23 14 14 22 11 22 41 41 14 14 32 41 23 14 23 14 14 42 44 24 11 23 32 23 11 41 23 32 14 23 32 23
0 23 14 14 23 44 32 11 41 14 14 32 41 23 14 23 14 14 42 41 22 14 23 32 22 14 41 23 32 44 22 32 23
0 33 44 14 33 44 22 41 11 44 11 22 41 33 44 23 11 44 42 41 24 11 33 22 23 44 41 33 22 44 33 22 33
0 23 14 11 23 14 32 41 41 14 14 22 41 23 44 23 14 14 42 41 24 14 33 22 22 44 41 23 32 14 22 22 23
0 23 14 44 23 44 22 11 41 44 44 22 41 23 14 33 14 14 42 41 24 14 33 22 22 14 11 22 22 44 33 22 33
0 23 11 14 23 44 32 11 41 44 14 32 11 23 44 23 11 44 22 44 22 11 23 22 23 44 41 23 32 14 22 32 23
0 23 11 11 22 11 33 44 44 11 11 32 44 22 11 22 11 11 44 44 22 11 22 33 22 11 41 22 33 11 22 33 22
0 22 11 14 22 11 33 44 41 14 11 33 44 22 14 22 11 11 44 44 22 11 22 32 22 11 44 22 32 14 22 33 22
0 22 11 11 22 11 33 41 44 11 11 33 44 22 14 22 11 11 44 44 22 11 22 33 22 11 44 22 33 11 22 32 22
0 22 11 11 23 14 32 41 44 44 14 32 41 33 14 23 11 44 42 44 22 11 33 32 22 14 41 22 32 11 23 33 22
0 33 14 11 22 14 32 11 11 14 11 33 44 23 14 22 14 44 42 44 22 11 23 32 23 14 41 22 22 14 22 22 23
0 23 14 14 23 14 32 41 41 14 14 32 41 23 14 23 14 14 42 41 24 14 23 32 23 14 41 23 32 14 23 32 23
0 23 11 14 22 11 33 44 41 14 11 32 41 22 11 22 11 14 42 44 44 14 23 33 22 14 41 22 32 14 22 33 23
0 23 11 11 23 11 32 11 41 14 11 33 41 22 14 22 11 14 44 44 22 11 23 32 22 14 44 23 33 14 22 33 23
0 23 11 11 23 44 32 41 44 14 14 32 41 23 14 22 11 11 42 44 24 11 23 22 23 14 41 22 32 44 22 32 23
0 22 11 11 23 14 32 44 41 44 14 33 44 33 11 23 11 14 44 44 22 14 23 33 22 14 44 22 22 14 22 32 23
0 23 11 14 22 14 33 41 44 14 11 32 44 22 11 22 11 14 44 44 22 11 23 33 22 11 41 22 32 11 23 33 23
0 22 11 11 22 11 33 44 44 11 11 33 44 22 11 22 11 11 44 44 22 11 22 33 22 11 44 22 33 11 22 33 22
0 23 11 11 22 44 32 11 11 14 11 32 41 23 11 22 11 14 42 44 22 11 23 22 22 14 41 22 32 11 23 32 22
0 23 14 14 33 14 32 41 11 44 44 22 44 23 14 22 14 44 22 41 22 11 23 22 22 11 41 23 32 44 22 22 33
0 22 11 44 23 14 32 44 41 14 11 32 44 23 11 22 11 11 44 44 22 11 33 32 22 14 41 22 32 14 22 33 23
0 23 14 14 23 11 32 11 11 44 14 22 11 33 44 23 14 44 22 41 24 14 23 32 33 44 11 23 32 14 23 22 23
0 23 14 11 22 11 32 44 41 14 11 33 44 22 11 23 11 14 42 44 22 14 33 33 22 11 44 23 32 11 22 32 23
0 23 14 14 23 44 22 11 41 14 14 22 41 22 14 33 14 14 22 44 22 11 23 32 22 14 11 23 22 14 22 32 23
0 22 11 11 22 11 33 41 44 14 11 33 44 22 11 22 11 11 44 44 22 11 22 33 22 11 41 22 32 11 22 33 22
0 22 11 11 23 14 33 44 44 11 11 32 44 23 11 22 11 11 44 44 24 11 23 32 22 11 41 22 33 11 22 33 22
0 23 11 11 23 14 33 44 44 14 11 33 44 22 11 22 11 11 44 44 22 11 22 33 22 11 44 22 33 14 22 33 23
0 23 11 44 22 44 22 11 11 44 14 32 41 23 44 22 11 11 42 41 22 11 23 32 22 44 41 23 32 11 22 22 33
0 33 11 11 23 11 32 41 41 11 14 32 41 23 14 22 14 14 42 44 22 11 23 32 22 14 41 22 32 14 22 32 23
0 22 11 11 22 11 32 41 44 11 11 33 44 23 11 23 11 11 42 44 22 11 23 32 22 11 44 22 33 11 22 33 23
0 22 11 11 22 11 33 44 44 11 11 33 44 22 11 22 11 11 44 44 22 11 23 33 22 11 44 22 33 11 22 33 22
0 23 11 11 23 14 32 41 44 11 11 32 41 23 11 22 11 14 42 44 22 11 22 33 22 11 41 22 32 11 22 33 22
0 23 14 11 22 14 32 41 41 11 11 32 41 23 14 23 11 14 42 44 24 11 23 32 23 14 41 23 32 14 23 32 23
0 33 14 11 22 14 33 41 41 11 11 33 44 22 11 22 11 11 44 44 24 11 33 33 22 11 11 22 32 11 23 22 23
0 23 11 14 23 11 33 41 44 14 14 33 44 22 11 22 14 11 42 44 22 14 23 33 22 14 41 22 32 11 23 33 23
0 22 11 14 33 14 32 41 44 44 11 33 44 23 14 22 11 14 42 44 22 11 33 32 22 11 44 22 22 11 22 22 33
0 22 11 11 22 11 33 44 44 14 11 32 44 22 11 22 11 11 44 44 22 11 23 32 22 14 44 22 22 14 23 33 22
0 22 11 11 22 11 33 41 44 14 11 32 44 23 11 22 11 11 44 41 22 11 23 32 22 11 44 22 32 14 23 32 23
0 23 11 11 23 11 32 41 41 14 14 32 44 23 11 23 14 14 42 44 22 11 23 32 23 11 11 22 32 11 23 32 23
0 22 11 11 22 11 33 44 44 11 11 33 44 22 11 22 11 11 44 44 22 11 23 32 22 11 44 22 33 11 22 32 22
0 23 14 14 23 14 32 41 44 14 11 32 41 22 14 22 14 11 44 41 24 11 23 22 23 14 41 22 32 14 23 32 33
0 23 11 11 23 14 33 11 41 14 11 32 44 23 11 22 11 14 42 44 24 11 23 32 22 11 44 23 32 11 22 33 23
0 22 11 11 22 11 33 44 44 14 11 33 44 22 14 22 11 11 44 44 22 11 22 32 22 11 44 22 33 11 22 33 22
0 23 11 11 23 44 32 41 11 14 11 32 41 23 14 33 14 14 42 41 22 14 23 22 22 11 41 22 32 14 23 32 23
0 23 11 11 23 11 33 44 44 11 11 33 44 22 11 23 11 14 44 44 22 11 23 33 22 14 41 22 33 11 22 32 22
0 22 11 11 23 11 32 44 41 14 14 33 44 23 11 22 11 11 44 44 22 11 23 32 22 11 44 22 32 11 22 33 22
0 23 11 11 23 14 32 41 41 14 11 32 44 23 14 23 14 14 42 41 22 11 23 32 22 14 41 22 32 14 22 32 23
0 23 14 11 33 11 32 11 41 44 14 32 41 23 14 22 14 14 42 41 24 14 33 32 23 44 11 23 22 14 23 32 33
0 22 11 11 22 14 32 41 44 11 11 33 44 23 11 22 11 14 42 44 22 11 23 32 22 44 44 22 32 14 22 32 22
0 22 11 11 23 11 33 44 41 11 11 33 44 22 11 22 14 11 44 44 22 11 23 33 22 14 44 22 32 11 22 32 22
0 22 11 11 22 11 33 44 44 11 11 33 44 22 11 22 11 11 44 44 22 11 22 33 22 11 44 22 33 11 22 33 22
0 22 11 14 23 14 32 41 44 44 14 32 44 22 11 23 11 11 42 44 24 11 33 32 22 11 44 22 32 44 22 33 23
0 22 11 11 23 11 33 41 44 14 11 33 44 22 11 22 11 11 42 44 22 11 22 33 22 11 44 23 32 14 22 32 23
0 22 11 11 22 11 32 44 44 11 11 33 44 22 11 22 11 11 44 44 22 11 23 33 22 11 44 22 33 11 22 33 22
0 33 11 14 33 44 32 41 41 44 14 22 11 33 44 22 14 44 22 44 22 44 23 22 23 14 11 23 22 44 33 22 33
0 23 14 11 23 14 32 41 41 14 14 22 41 23 14 23 14 14 42 41 24 14 23 32 23 14 41 23 32 14 23 22 23
0 33 44 14 22 14 22 11 11 14 14 32 44 33 11 23 14 14 42 44 22 11 23 22 22 44 11 22 22 14 22 32 33
0 22 11 11 22 11 33 44 41 14 11 33 44 22 14 22 14 14 44 44 22 11 22 33 22 11 41 23 33 11 22 33 23
0 33 11 11 23 14 33 44 41 44 11 32 44 23 14 23 14 14 44 44 24 14 23 32 22 14 41 22 32 14 23 32 23
0 23 11 11 22 11 33 41 41 14 11 33 44 23 14 22 14 11 42 44 22 14 22 32 23 11 41 22 33 14 22 32 23
0 23 11 14 22 14 32 41 41 11 14 32 44 22 14 22 11 14 22 41 22 11 23 32 22 14 41 23 22 14 22 32 33
0 23 14 14 23 14 32 41 41 14 11 32 41 23 14 23 14 44 42 44 22 11 33 22 23 14 41 23 32 14 22 32 23
0 22 11 11 22 11 33 41 41 14 11 33 44 22 11 22 11 11 42 44 22 11 23 32 22 11 41 22 32 14 22 33 22
0 23 44 14 23 44 22 41 11 44 11 22 41 33 14 33 11 44 22 41 22 14 33 22 23 44 11 23 22 44 22 22 33
0 23 14 11 23 14 32 11 41 44 14 32 41 33 44 22 11 14 42 44 22 11 33 32 22 44 11 22 22 14 23 32 33
0 22 11 11 23 11 33 44 44 11 11 33 44 22 11 22 11 11 44 44 22 11 22 33 22 11 41 22 32 11 22 33 23
0 22 11 11 22 11 33 44 44 14 11 33 44 22 11 22 11 11 44 44 22 11 33 33 22 11 44 22 33 11 23 33 23
0 23 14 11 22 11 33 41 41 14 11 32 44 22 14 22 11 14 44 44 22 11 22 33 22 11 41 22 32 11 22 33 22
0 22 11 11 22 11 33 44 44 14 11 33 44 22 14 22 11 11 44 44 22 11 22 33 22 11 44 22 32 11 22 33 22
0 23 11 11 22 11 33 44 44 11 11 33 44 22 11 22 11 14 44 44 22 11 22 33 22 11 44 22 33 11 22 33 22
0 23 14 14 23 11 33 44 41 11 11 33 44 22 11 22 14 11 22 44 22 11 22 32 22 11 41 22 32 11 22 32 22
0 22 11 11 22 11 32 44 44 14 11 33 44 23 14 22 14 14 44 44 22 11 23 32 23 11 44 22 33 14 22 33 23
0 22 14 14 23 14 33 44 41 14 11 32 41 22 14 22 11 11 42 44 22 14 23 22 22 14 41 22 32 14 22 32 23
0 33 14 11 22 14 32 44 44 11 11 33 44 23 14 22 11 11 44 44 22 11 23 22 22 11 44 22 32 11 22 33 22
0 22 11 14 22 11 33 44 44 11 11 33 44 22 11 22 11 11 44 44 22 11 22 33 22 11 44 22 33 11 22 33 23
0 22 11 11 22 14 33 44 41 11 11 33 44 22 11 22 11 14 44 44 22 11 22 33 22 11 44 22 32 14 23 33 23
0 23 14 11 23 14 32 11 11 14 14 32 41 23 44 23 14 14 42 44 24 14 33 32 22 44 11 23 32 44 23 32 33
0 23 14 11 22 11 33 44 41 14 14 33 41 23 14 22 11 14 42 44 22 14 23 32 22 44 44 22 32 11 22 32 23
0 23 11 14 23 11 32 11 44 14 11 32 11 23 14 23 14 44 22 41 22 11 33 32 22 44 41 23 22 11 22 32 33
0 23 11 14 23 14 33 41 41 14 11 32 44 22 11 22 11 44 42 44 22 11 23 33 22 14 11 23 32 11 22 22 22
0 22 11 14 22 44 33 41 41 14 11 33 44 22 11 23 14 11 42 44 22 11 22 33 23 14 41 22 22 11 22 33 23
0 23 11 11 22 14 32 41 44 14 11 32 44 23 11 23 11 11 42 44 22 14 23 32 22 14 41 23 32 14 22 32 22
0 22 11 11 22 14 32 41 41 14 11 32 41 22 14 23 11 11 42 44 22 11 22 22 22 14 41 22 32 11 23 33 22
0 22 11 11 22 11 33 41 44 11 11 33 41 22 11 22 14 11 42 41 22 11 23 32 22 14 41 23 32 14 23 33 33
0 33 11 14 23 11 22 41 41 14 11 22 41 23 14 22 11 14 22 44 22 14 23 32 22 11 11 22 33 14 23 32 33
0 33 14 14 23 14 22 41 41 14 14 22 44 33 11 33 11 44 22 41 22 14 23 33 23 44 11 22 32 14 22 22 33
0 22 11 11 23 14 32 41 41 11 11 32 44 23 14 23 14 14 44 44 22 11 23 32 23 14 11 23 22 14 22 33 22
0 23 11 11 23 14 33 44 41 14 11 32 44 23 11 22 11 11 42 44 22 11 23 33 22 11 44 22 32 14 22 32 22
0 22 11 11 22 11 33 44 44 14 11 33 44 22 11 22 11 11 44 44 22 11 22 32 22 11 41 22 33 11 22 33 33
0 33 14 14 23 44 22 11 11 44 44 22 41 23 44 33 44 44 22 44 24 14 33 22 22 44 11 33 22 44 23 22 33
0 23 14 14 33 44 22 41 11 14 14 33 44 33 44 23 14 44 22 11 22 11 23 32 22 14 11 23 22 14 23 22 33
0 23 11 11 23 14 32 41 41 14 14 32 44 23 14 23 14 11 44 44 24 14 23 32 23 14 44 23 32 11 23 32 33
0 23 11 11 22 44 32 41 41 14 11 33 44 33 11 22 11 11 44 41 22 11 23 32 22 11 44 22 33 11 22 33 23
0 23 11 11 22 11 33 44 44 14 11 32 44 22 11 22 11 11 44 44 22 11 23 33 22 11 44 22 33 11 23 33 23
0 23 11 11 22 11 33 41 44 11 11 32 44 22 11 22 11 11 44 44 22 11 23 33 22 14 44 22 33 14 22 33 22
0 22 14 14 23 14 32 41 41 14 14 32 41 33 11 23 14 14 42 41 24 14 23 22 22 11 41 22 32 14 23 32 22
0 23 11 11 23 11 33 41 41 14 14 33 44 22 11 22 11 11 42 44 22 11 23 33 22 14 41 22 32 14 22 33 23
0 23 11 14 23 11 32 41 41 14 14 22 41 22 11 23 14 14 42 44 24 11 33 32 22 11 44 23 32 14 23 32 22
0 23 14 14 23 44 32 44 11 44 11 22 41 22 14 22 11 14 42 44 22 11 23 32 22 44 41 23 22 14 22 32 22
0 22 11 11 23 11 33 41 44 14 11 33 44 22 14 22 11 11 44 44 22 11 22 33 22 11 41 22 32 11 22 32 22
0 23 14 14 23 14 32 41 41 14 11 32 44 22 14 23 11 14 42 44 22 14 23 32 22 14 41 22 32 14 23 33 23
0 22 14 11 22 11 33 44 41 14 11 32 44 23 11 22 11 14 44 41 22 11 22 32 23 14 41 22 32 11 22 22 22
0 23 11 11 23 14 32 41 41 14 14 33 44 23 11 22 11 14 42 44 22 11 23 33 22 14 41 22 32 14 23 32 23
0 22 11 11 22 14 32 41 44 14 11 33 44 23 11 22 11 11 42 41 22 11 22 32 22 11 41 23 32 11 22 33 22
0 22 11 11 23 14 33 41 41 44 11 32 41 23 14 22 14 11 22 44 22 11 23 32 22 14 41 22 33 11 22 33 22
0 23 14 14 23 11 32 41 44 14 14 32 44 23 14 22 11 14 42 44 22 14 23 32 22 14 11 22 32 14 23 22 33
0 33 14 14 33 14 22 41 11 44 44 32 41 33 44 23 14 14 42 41 44 44 33 22 23 14 11 23 22 14 23 32 33
0 33 44 14 23 44 22 41 41 44 44 22 11 23 14 23 44 44 42 41 24 14 33 22 23 44 11 23 22 14 23 32 33
0 22 14 11 23 14 33 44 41 14 11 32 44 23 11 22 14 14 42 44 22 11 23 32 22 14 44 22 32 44 23 33 23
0 22 11 11 22 11 32 44 41 14 11 33 44 22 11 22 11 14 44 44 22 11 22 33 22 14 44 22 22 11 22 33 22
0 22 11 11 23 11 32 41 41 14 14 32 41 22 11 22 11 11 42 41 24 11 23 32 22 14 41 23 32 11 22 32 23
0 23 11 11 23 14 33 41 41 14 14 32 41 23 11 23 14 44 42 41 24 11 23 32 23 44 11 22 32 14 23 32 23
0 23 11 11 22 11 22 41 41 14 11 32 44 23 11 22 11 14 22 44 22 11 23 32 23 44 41 22 32 44 22 33 23
0 22 14 14 22 14 32 41 44 14 11 32 41 22 14 22 11 14 42 44 24 11 23 32 22 11 44 23 32 11 22 33 23
0 22 11 11 33 44 33 11 44 14 11 22 41 22 11 22 11 14 42 44 22 11 23 22 22 14 41 22 33 11 23 32 23
0 22 11 14 23 14 32 44 44 11 11 32 44 22 14 22 11 11 42 44 22 11 33 32 22 14 41 22 22 11 22 32 22
0 23 14 14 23 14 33 41 41 44 11 32 41 23 14 23 14 14 42 41 24 14 23 32 23 14 41 23 32 14 23 22 23
0 23 11 14 23 14 32 44 41 14 14 22 41 23 14 23 14 14 44 41 22 11 23 32 22 11 41 23 32 44 22 32 23
0 23 14 11 23 11 32 41 41 14 11 32 44 23 14 23 11 11 42 44 22 11 23 32 22 11 41 23 32 14 23 32 22
0 33 14 11 23 14 33 11 41 44 11 33 44 22 11 22 11 11 42 44 22 11 22 32 22 14 44 22 33 11 22 33 22
0 23 11 11 22 14 32 41 44 14 11 32 41 22 11 23 11 14 44 44 22 11 23 32 22 11 11 22 32 14 23 32 23
0 23 11 11 22 14 33 41 44 11 11 32 44 23 14 22 11 11 42 44 22 11 23 33 22 11 44 22 33 11 22 33 22
0 23 11 11 23 11 33 44 41 14 11 32 44 23 11 22 14 11 42 44 24 11 33 32 22 14 44 22 22 14 22 33 23
0 23 11 11 22 11 33 41 41 44 11 32 44 22 11 22 11 14 44 44 22 11 23 22 22 44 41 22 33 14 23 22 23
0 22 14 11 23 14 33 44 44 14 14 32 44 23 11 22 11 11 44 44 24 14 22 33 22 14 41 22 32 14 22 33 22
0 22 11 11 22 11 33 44 44 11 11 33 44 22 11 22 11 11 44 44 22 11 22 33 22 11 44 23 33 11 22 32 22
0 23 11 11 22 11 33 44 44 11 11 33 41 22 14 22 11 14 42 44 22 11 22 32 22 44 41 22 33 11 22 33 22
0 23 11 11 23 11 32 41 41 14 11 32 44 23 14 23 11 14 42 41 22 11 23 33 22 11 41 23 32 11 22 32 23
0 33 14 14 33 14 22 11 11 44 44 22 41 33 14 33 11 14 42 41 24 14 33 22 23 14 11 33 22 44 33 22 33
0 23 14 14 23 14 32 41 41 14 11 32 44 22 14 22 11 11 42 44 22 11 23 32 22 14 44 23 32 11 22 33 22
0 22 11 11 22 11 32 44 41 11 11 32 44 22 14 22 11 11 44 44 22 11 22 32 22 11 44 22 33 11 22 33 22
0 22 11 11 22 11 33 41 41 14 11 32 44 23 11 22 11 11 22 44 22 11 23 33 22 14 41 22 32 14 22 33 23
0 22 11 11 22 11 33 41 44 11 11 33 44 22 11 22 11 11 44 44 22 11 33 33 22 11 44 22 33 11 22 33 22
0 23 11 44 33 14 22 11 11 44 44 32 41 33 44 23 14 44 22 11 22 14 33 22 22 14 41 23 22 14 23 32 33
0 22 14 11 33 11 33 44 44 11 11 22 44 22 14 22 14 14 22 44 22 11 23 33 22 11 41 22 22 14 22 32 33
0 23 11 11 23 11 32 44 41 11 14 32 41 22 11 23 11 14 44 44 22 11 23 32 22 11 41 22 33 14 22 32 23
0 33 14 14 23 14 33 41 41 44 11 32 41 23 14 23 11 14 44 44 22 11 23 32 23 11 41 23 32 14 22 32 33
0 23 14 11 23 14 33 41 41 14 14 32 44 23 14 22 11 11 42 41 24 14 23 32 22 14 41 22 33 11 22 33 23
0 33 14 11 33 14 32 41 41 14 14 32 41 23 14 22 11 14 42 41 22 11 23 22 23 14 41 23 32 14 23 32 23
0 23 14 14 23 11 33 41 41 14 14 33 44 23 14 22 14 11 42 41 22 11 23 32 22 14 11 22 32 11 23 33 23
0 23 11 11 22 11 32 41 44 11 11 33 44 22 11 23 11 11 44 44 22 11 22 32 22 11 41 22 33 11 22 33 22
0 33 14 44 33 44 22 41 11 14 14 22 11 33 14 23 14 14 42 11 24 14 33 22 23 44 11 33 32 14 23 22 23
0 23 14 14 23 14 32 41 41 14 14 32 41 23 14 23 14 14 42 41 24 11 23 22 23 14 41 23 32 14 22 32 23
0 22 14 11 22 44 32 44 44 14 11 32 44 23 14 23 11 14 42 44 22 11 23 32 22 14 41 22 33 14 23 32 23
0 23 14 11 22 11 32 44 41 14 14 33 44 23 11 22 11 11 22 41 22 11 23 33 22 14 41 22 32 11 23 32 22
0 23 14 14 23 14 32 41 11 44 14 32 41 33 14 23 11 14 22 41 22 11 23 32 22 14 41 23 22 14 22 33 23
0 23 14 11 23 44 32 11 41 44 14 22 41 23 44 22 11 44 22 44 22 14 23 22 22 14 11 23 22 44 23 32 33
0 23 11 11 22 11 33 44 44 14 11 33 44 22 11 22 11 11 44 44 22 11 22 32 22 11 41 22 32 11 22 33 23
0 22 11 11 22 11 33 44 41 11 11 33 44 22 11 22 11 11 44 44 22 11 22 33 22 11 44 22 33 11 22 33 22
0 22 14 14 23 11 32 41 41 44 11 32 41 22 44 33 11 11 42 44 22 11 33 22 22 14 11 22 32 11 22 22 33
0 23 44 44 33 44 22 41 11 44 14 32 41 33 44 23 14 14 42 11 24 44 33 22 33 44 41 23 32 14 23 22 33
0 23 14 14 33 14 32 41 44 44 14 32 41 23 14 23 14 11 42 41 22 11 23 32 22 14 11 23 22 14 23 32 23
0 22 11 11 23 11 32 11 44 11 11 33 44 23 11 22 11 14 42 44 22 11 23 33 22 14 44 22 32 11 22 33 22
0 33 11 11 22 14 32 44 11 44 14 32 44 23 14 22 11 14 44 44 22 11 22 32 22 14 41 22 22 14 23 22 33
0 22 11 11 22 14 33 44 44 14 11 32 44 22 11 23 11 11 44 44 22 11 23 32 23 14 41 22 22 14 22 33 22
0 22 11 11 23 11 33 41 41 14 11 33 44 23 11 22 14 14 44 44 22 11 22 32 22 11 44 22 32 11 22 32 22
0 33 14 14 23 11 32 41 11 44 11 22 44 22 14 22 11 44 42 44 24 14 33 33 23 44 11 23 22 44 23 22 33
0 33 14 14 23 44 22 11 41 44 14 22 41 33 14 22 44 14 22 11 22 44 33 22 23 44 11 23 22 14 33 32 33
0 22 11 11 22 11 33 44 44 11 11 33 44 22 11 22 11 11 44 44 22 11 22 33 22 14 44 22 33 11 22 33 22
0 22 11 11 22 11 32 44 41 44 11 32 41 23 11 22 11 14 22 44 22 11 33 32 22 11 11 22 32 14 23 22 23
0 22 11 11 23 11 32 44 44 14 11 33 44 22 11 22 11 11 44 44 22 11 23 33 22 11 11 22 32 11 22 33 22
0 33 44 44 33 14 22 11 11 44 14 32 11 23 14 23 14 44 22 41 22 11 33 32 23 14 11 23 32 44 23 22 33
0 23 14 14 23 14 22 44 41 14 11 33 41 22 11 23 11 11 44 41 22 14 22 32 22 14 41 22 32 14 22 32 23
0 33 11 11 23 14 22 11 41 11 14 32 44 22 14 22 14 14 42 44 22 11 23 22 23 14 41 23 22 44 23 32 23
0 33 14 11 33 14 32 11 41 14 14 32 44 23 14 23 14 44 42 44 22 11 23 22 22 44 41 23 22 14 22 32 33
0 22 11 11 23 11 32 44 44 11 11 32 44 23 11 22 11 11 42 44 22 11 23 32 22 11 41 22 33 11 22 32 22
0 22 11 11 23 14 32 41 11 44 11 22 44 22 14 23 11 14 22 41 24 11 33 32 22 14 41 23 32 14 23 22 33
0 33 14 44 23 44 22 11 11 44 14 22 11 33 14 33 44 44 22 41 24 11 33 22 22 44 11 23 22 44 33 22 33
0 33 14 11 33 14 22 11 11 11 14 32 41 23 14 33 11 11 42 41 22 11 33 32 23 14 41 23 22 14 33 33 23
0 33 14 14 33 44 22 11 11 14 44 32 41 33 44 33 44 44 22 44 24 44 33 22 22 44 11 23 22 44 23 22 33
0 23 14 14 23 11 32 41 41 14 14 32 41 23 14 23 14 14 42 41 22 14 23 32 23 14 41 22 32 14 23 32 23
0 22 11 11 23 11 33 41 44 11 11 33 41 22 11 22 11 14 44 44 22 11 23 32 22 11 41 22 32 14 22 33 22
0 33 11 11 33 44 22 11 41 44 14 32 44 23 14 23 11 14 42 41 44 14 33 32 22 14 41 22 32 44 23 32 23
0 22 11 11 22 14 32 41 11 14 11 33 44 22 14 22 11 11 44 44 22 11 22 32 22 11 44 23 33 11 22 32 23
0 23 11 11 22 14 33 44 41 14 11 32 41 23 14 22 14 11 44 44 22 14 23 33 22 11 41 22 33 11 22 33 23
0 23 11 11 23 14 33 11 44 44 14 32 41 23 14 22 14 11 44 41 22 14 23 33 22 11 44 22 33 44 22 33 23
0 23 11 14 22 11 22 44 41 44 11 32 41 23 11 22 11 14 42 44 22 14 23 33 22 14 11 22 32 14 22 32 23
0 22 11 11 22 44 32 11 41 14 11 22 44 33 11 22 11 44 42 44 22 14 33 33 22 14 44 23 22 14 22 33 33
0 23 14 14 23 14 32 41 41 14 14 32 41 23 14 23 14 44 42 41 24 14 23 22 23 14 41 23 32 14 22 32 23
0 23 11 11 23 11 33 44 44 11 11 33 44 22 11 22 11 11 44 44 22 11 23 33 22 11 41 22 32 11 22 33 22
0 23 11 11 23 14 33 44 44 14 11 33 44 22 14 22 14 11 42 44 22 11 33 33 22 11 41 22 22 14 23 33 23
0 22 14 11 23 11 33 41 44 14 14 33 44 22 11 23 11 11 44 44 22 11 23 33 22 11 44 22 32 11 22 33 22
0 33 14 14 33 14 22 11 11 44 14 22 11 33 44 33 14 14 22 11 22 14 33 32 22 44 11 22 22 44 23 22 33
0 22 11 11 23 11 32 41 44 14 11 22 44 23 11 23 11 14 44 44 22 11 22 33 22 44 41 22 33 11 22 32 22
0 23 11 11 22 14 32 44 11 44 11 33 41 23 11 22 14 11 42 44 22 11 23 22 22 11 41 22 32 44 22 33 22
0 23 11 11 22 11 32 41 41 44 11 32 11 22 14 23 11 14 42 44 22 11 33 32 23 14 41 22 22 14 23 33 23
0 23 11 11 23 14 33 11 44 44 11 32 44 23 14 23 11 11 44 44 22 11 23 32 22 11 11 23 22 14 23 32 23
0 33 44 11 33 44 22 11 11 44 14 22 11 23 44 22 14 44 42 41 24 44 33 22 22 44 11 23 22 44 23 22 33
0 23 11 11 22 11 33 44 44 14 11 33 44 22 11 22 11 11 42 44 22 11 22 33 22 11 44 22 32 11 22 32 22
0 22 11 11 22 11 33 44 44 11 11 33 44 22 11 22 11 11 44 44 22 11 22 33 22 11 44 22 33 11 22 33 22
0 23 11 11 22 11 33 44 44 11 11 33 44 22 11 22 11 11 44 44 22 11 22 33 22 11 44 22 32 11 22 33 22
0 33 11 11 33 11 32 44 41 14 44 32 44 23 14 22 11 44 42 41 22 11 23 22 23 14 41 23 33 14 22 22 23
0 33 44 14 23 14 32 11 11 14 14 22 11 23 14 23 14 44 22 11 22 11 33 22 23 11 11 33 22 11 33 32 33
0 22 11 11 23 14 33 41 11 14 14 32 41 23 14 22 14 11 44 44 22 11 23 22 23 14 11 23 32 14 22 32 22
0 23 11 11 22 11 33 44 44 14 14 32 44 22 14 22 11 11 44 44 22 11 23 32 22 14 41 22 33 11 22 33 33
0 23 11 11 23 11 33 41 41 14 14 33 41 22 11 22 11 11 42 44 22 14 23 22 22 11 44 23 22 14 22 33 22
0 23 11 11 22 11 32 44 44 11 11 33 44 22 14 23 11 14 42 44 22 11 33 22 22 14 41 22 33 14 22 33 23
0 23 14 11 23 11 32 41 41 14 14 32 41 23 14 22 11 14 44 44 22 14 23 22 23 11 44 22 32 14 23 33 33
0 22 11 11 22 11 33 44 44 14 11 33 44 22 11 22 11 11 44 44 22 11 23 33 22 14 41 22 33 11 22 33 22
0 23 14 11 23 14 32 41 41 14 14 32 41 23 14 23 14 14 42 44 24 14 23 32 22 14 41 23 32 11 23 32 23
0 22 11 11 22 11 33 41 44 14 11 33 44 22 11 22 11 11 44 44 22 11 22 33 22 11 41 22 33 11 22 33 23
0 22 11 11 23 11 33 41 41 14 11 33 44 22 11 22 11 14 44 44 22 11 23 33 22 11 44 22 33 11 22 33 33
0 23 44 14 33 14 32 11 11 44 44 22 41 33 44 33 14 44 42 41 24 14 33 22 33 44 41 23 22 44 33 22 33
0 33 14 11 22 14 32 41 41 44 44 22 41 33 14 23 44 44 42 41 24 14 33 22 22 14 41 23 22 14 33 33 33
0 23 14 14 23 14 32 41 41 14 14 32 41 23 14 23 14 14 42 41 24 14 23 32 23 14 41 23 32 14 23 32 23
0 22 11 11 22 11 33 44 44 14 11 22 44 23 11 22 11 11 44 44 22 11 22 32 22 11 44 22 33 11 22 33 22
0 33 44 14 23 14 32 11 11 44 14 32 11 23 14 23 14 44 22 41 24 14 33 32 22 44 41 23 32 44 23 32 33
0 23 14 11 22 44 32 11 41 14 14 32 44 23 44 22 14 11 42 44 22 11 33 32 22 14 44 22 32 14 23 33 33
0 22 11 11 22 11 33 44 44 11 11 32 44 22 14 22 11 11 42 44 22 11 23 33 22 11 44 22 33 11 22 33 22
0 22 11 11 23 11 32 11 44 14 11 32 41 23 14 22 14 14 42 44 22 11 22 22 22 11 44 23 33 11 22 33 23
0 22 11 11 22 11 32 41 44 14 11 33 44 22 11 22 11 14 44 44 22 14 23 33 22 14 44 22 22 14 22 33 22
0 23 11 11 23 14 32 11 41 14 14 32 41 23 11 23 11 44 42 44 22 11 33 32 22 11 41 22 32 11 23 22 23
0 23 14 11 23 14 32 11 41 14 14 32 41 33 14 23 14 14 42 44 24 11 33 32 23 14 41 23 32 14 23 32 23
0 23 11 11 23 11 32 41 41 11 11 33 44 22 11 22 11 14 42 41 22 11 23 32 22 11 44 22 33 14 22 33 22
0 22 11 11 23 11 32 41 44 11 14 32 44 22 14 23 11 14 44 44 22 11 23 32 22 14 11 22 33 14 22 32 23
0 22 11 11 23 11 32 41 41 14 11 33 44 22 11 22 11 11 42 44 22 11 23 32 22 11 44 22 33 11 22 33 22
0 33 11 11 22 14 32 41 41 14 11 33 44 23 11 22 11 11 42 44 22 11 22 32 22 14 44 22 33 11 22 33 22
0 23 11 11 23 44 33 41 44 14 44 22 44 22 11 22 11 44 42 44 22 11 23 33 22 11 44 22 22 14 22 22 33
0 23 11 11 22 11 33 44 44 11 11 33 44 22 11 22 11 14 42 44 22 14 23 33 22 11 41 22 32 11 22 33 23
0 22 14 14 23 11 32 44 44 11 11 32 41 22 11 22 14 11 42 44 24 11 23 32 22 11 11 22 33 14 23 32 23
0 22 11 11 22 14 32 44 44 14 11 32 41 22 11 22 11 14 44 44 24 11 23 32 22 11 41 22 32 11 23 32 23
0 23 14 11 33 44 32 11 11 14 14 32 41 33 14 23 11 14 22 44 22 14 33 22 22 14 11 23 22 14 33 22 33
0 23 11 11 23 14 32 41 41 14 14 32 41 22 11 23 14 44 42 44 24 11 23 22 23 14 41 22 22 14 22 32 23
0 22 11 11 22 11 33 44 44 11 11 32 44 22 11 22 11 11 44 44 22 11 23 33 22 11 44 22 33 14 22 33 22
0 22 11 11 22 11 33 44 41 11 11 33 44 22 11 22 11 11 42 44 22 11 23 32 22 11 44 22 33 11 22 33 22
0 22 14 11 22 14 33 41 44 14 11 32 44 22 14 22 14 14 42 44 22 14 22 32 22 11 41 22 32 14 22 33 22
0 23 14 11 23 14 32 41 41 14 14 32 44 23 14 22 14 14 22 44 22 14 33 32 22 14 41 23 32 14 22 32 23
0 22 11 11 23 11 32 41 44 14 11 33 44 22 11 22 11 11 44 44 22 11 22 33 22 11 44 22 32 14 22 32 22
0 33 14 11 23 11 32 41 11 14 11 22 44 22 14 22 14 14 44 44 22 11 23 22 22 11 41 22 22 11 22 32 23
0 22 11 11 22 11 33 44 44 11 11 33 44 22 11 22 11 11 44 44 22 11 22 33 22 11 44 22 32 11 22 33 22
0 22 11 11 22 11 33 41 44 44 11 33 44 22 11 23 11 14 44 44 22 11 23 32 22 14 41 22 33 11 22 32 23
0 23 14 14 23 11 32 11 41 14 11 32 41 33 14 23 14 14 42 41 22 11 33 32 22 14 41 23 32 11 22 33 33
0 23 14 14 23 14 32 41 41 14 44 32 41 23 14 23 14 44 42 41 24 14 23 32 22 14 44 22 32 14 23 33 23
0 22 11 11 22 11 33 44 44 14 11 33 44 23 14 22 11 11 44 44 22 11 23 32 22 14 41 22 33 14 22 32 22
0 23 11 11 33 44 32 11 11 11 11 32 44 22 11 23 11 14 42 44 22 14 23 32 22 11 41 22 32 14 22 33 33
0 23 11 14 23 14 32 41 44 14 11 32 44 22 14 23 14 14 42 44 22 11 23 33 23 14 41 22 32 14 22 32 23
0 23 14 11 22 11 33 44 44 14 11 32 44 23 14 22 11 11 42 44 22 11 22 33 22 11 44 22 32 14 22 33 22
0 22 11 11 22 11 33 44 44 11 11 32 44 22 11 22 11 11 44 44 22 11 22 32 22 11 44 22 33 11 22 33 22
0 22 11 11 22 11 33 41 41 11 11 33 44 22 11 22 11 14 44 44 22 11 22 33 22 14 41 22 33 11 22 33 22
0 23 14 11 23 11 32 41 41 14 11 32 41 33 14 23 14 14 42 44 24 14 23 32 23 44 41 23 32 14 22 32 33
0 33 14 14 22 11 33 11 11 14 14 32 41 23 14 22 11 44 42 44 24 14 22 22 33 44 11 23 32 44 23 32 23
0 33 11 11 22 11 32 41 41 11 11 32 41 22 11 22 14 11 44 44 22 11 23 32 22 44 41 22 33 14 22 33 23
0 23 44 14 22 44 22 41 41 44 44 22 41 33 44 23 44 44 22 41 22 11 33 22 23 44 44 22 32 14 33 22 33
0 22 11 11 22 11 33 44 44 11 11 32 44 33 11 23 11 11 44 44 22 11 22 33 22 14 44 22 32 14 22 32 22
0 23 11 14 33 44 32 41 11 14 14 32 41 33 14 23 14 14 42 44 24 14 33 22 23 14 41 23 22 14 23 32 23
0 22 11 11 22 11 33 44 44 11 11 33 44 23 11 22 11 11 44 44 22 11 22 33 22 11 44 22 33 11 22 33 22
0 23 11 11 22 11 32 41 41 44 14 32 41 23 14 22 11 14 22 41 22 14 23 32 22 14 41 23 22 11 22 22 22
0 23 14 11 23 11 32 41 41 14 14 32 41 23 11 23 14 14 42 41 24 11 22 33 22 14 41 23 32 14 23 32 23
0 22 11 11 22 11 33 44 44 11 11 33 44 22 11 22 11 11 44 44 22 11 22 33 22 11 44 22 33 11 22 33 22
0 23 14 11 22 14 32 41 44 11 11 33 41 23 11 23 11 14 42 41 22 11 33 33 22 14 41 22 32 14 22 32 23
0 23 44 11 33 14 22 11 11 44 44 22 11 33 14 23 44 44 22 41 22 14 33 22 23 44 11 33 22 44 22 22 23
0 23 14 11 33 11 32 11 11 14 44 22 44 23 44 22 14 44 22 41 22 14 33 32 23 44 44 22 22 44 22 33 33
0 22 11 11 22 11 32 44 41 11 11 33 44 22 14 22 11 14 44 44 22 14 22 32 22 11 44 22 33 11 22 32 33
0 23 11 11 22 14 33 44 41 14 11 32 44 23 11 22 14 14 42 41 22 11 23 33 22 11 41 22 32 14 22 32 23
0 33 14 14 33 11 33 41 41 44 44 32 41 33 11 23 14 44 42 44 22 11 33 22 23 11 11 23 22 14 22 22 23
0 23 11 14 23 14 32 11 41 14 14 32 41 23 11 23 14 14 42 41 24 14 23 22 23 14 41 23 32 44 23 32 23
0 22 11 11 23 14 33 44 44 11 11 32 44 22 11 22 11 14 44 44 22 11 22 33 22 44 41 23 32 11 22 32 22
0 23 11 11 22 44 32 44 11 11 11 32 41 33 14 23 14 14 42 44 22 11 23 22 23 14 41 23 32 14 22 32 23
0 22 11 11 23 11 33 44 44 11 14 32 44 22 11 22 11 11 44 44 22 11 22 33 22 11 44 22 32 11 22 32 22
0 22 11 14 22 11 33 44 41 14 11 33 44 23 14 22 11 14 44 44 22 11 22 33 22 11 44 22 33 11 22 33 22
0 23 11 14 33 14 22 11 41 44 14 22 44 23 14 23 14 44 42 44 24 14 33 32 22 11 11 23 32 14 22 22 33
0 22 11 11 22 11 32 41 41 11 11 33 44 23 14 23 11 11 44 44 22 11 23 33 22 11 44 22 33 11 22 32 33
0 22 14 11 23 11 33 41 41 11 11 33 44 22 11 23 11 11 42 44 22 11 23 32 22 14 44 22 32 11 23 33 23
0 33 14 14 23 14 22 11 11 44 14 22 41 23 14 22 11 44 22 44 22 11 23 32 23 44 41 22 22 44 22 22 33
0 23 11 11 22 11 33 41 44 14 11 33 44 22 11 22 11 11 44 44 22 11 22 33 22 14 41 22 32 14 22 33 22
0 22 11 11 22 11 32 11 44 11 14 32 44 23 11 22 11 11 44 44 22 11 23 33 22 11 41 22 33 11 22 33 23
0 33 44 44 33 44 22 11 11 44 44 22 41 33 44 33 14 44 22 11 44 14 23 22 22 44 11 33 32 44 33 22 33
0 23 11 11 23 11 33 41 41 14 14 32 41 23 14 23 14 14 42 44 24 14 23 32 23 14 41 23 32 14 22 32 23
0 23 14 11 23 11 32 41 41 14 11 32 41 22 44 22 14 14 44 41 22 11 33 32 22 11 41 22 32 14 22 33 23
0 23 14 11 33 14 33 44 41 14 14 33 41 23 14 23 14 44 44 44 24 14 23 33 23 44 41 22 32 14 23 33 23
0 22 11 11 22 11 33 44 44 11 11 33 44 22 11 22 11 14 44 44 22 11 23 32 22 11 44 22 33 11 22 32 23
0 22 11 11 22 44 33 44 41 44 14 32 41 22 11 22 11 44 44 44 22 11 33 33 22 14 44 22 32 44 22 33 23
0 22 11 11 22 11 33 44 44 14 11 32 44 22 11 22 11 11 44 44 22 11 22 32 22 11 44 22 33 11 22 32 23
0 23 11 11 22 11 32 44 44 14 11 33 44 22 11 22 11 14 42 44 22 11 22 33 22 11 44 22 32 14 22 32 22
0 22 11 11 23 14 33 44 44 11 14 32 41 23 14 22 11 14 42 44 22 14 22 33 22 11 41 22 32 11 22 33 23
0 23 14 11 23 14 32 44 41 14 14 32 44 23 14 23 14 14 42 44 24 14 23 32 22 11 41 23 33 14 23 32 23
1 23 11 44 23 14 22 11 11 44 14 22 41 23 14 23 14 14 22 44 22 11 33 22 22 14 11 23 32 44 33 22 33
1 33 11 11 33 11 32 11 11 44 14 32 44 23 14 23 11 14 22 41 24 11 23 32 22 44 11 23 22 44 23 22 33
1 23 14 14 23 14 32 41 41 14 14 32 41 23 14 23 11 14 42 44 22 11 23 32 22 14 41 23 32 11 23 32 23
1 22 11 14 23 14 32 41 41 44 11 32 44 23 11 22 11 14 42 44 24 11 23 32 22 14 41 23 33 14 22 32 23
1 33 14 11 23 14 32 41 41 14 14 32 44 23 11 23 14 14 42 44 22 11 23 32 23 44 44 23 22 14 22 22 23
1 23 14 11 23 14 32 41 44 14 11 33 44 22 11 22 14 44 44 44 24 14 23 32 23 14 41 22 32 14 22 33 23
1 23 14 14 33 44 22 41 11 44 44 32 11 33 14 23 14 44 22 11 44 14 33 22 23 44 11 23 22 14 33 22 23
1 23 14 14 23 14 33 41 41 14 14 32 44 23 14 23 11 11 42 44 22 14 23 33 23 11 41 22 32 14 23 32 23
1 22 11 11 22 11 33 44 41 14 11 33 44 22 11 23 11 11 44 44 22 11 22 33 22 11 44 22 33 11 22 33 22
1 23 14 14 33 14 33 41 11 14 14 22 41 23 14 23 14 14 44 41 24 11 33 32 22 14 11 23 32 14 22 32 23
1 23 14 11 23 14 22 41 41 44 14 32 41 23 14 23 14 14 42 41 22 11 33 32 22 14 11 23 22 14 22 22 33
1 22 11 11 22 14 33 41 41 14 11 33 44 22 11 22 11 11 42 41 22 11 23 32 22 14 44 22 32 11 22 33 22
1 23 11 11 22 14 33 41 44 14 14 32 41 23 14 22 11 11 44 44 22 11 23 22 22 14 41 23 22 11 22 33 22
1 22 11 11 23 14 33 41 41 44 11 33 41 22 14 22 14 14 44 44 22 11 33 32 22 14 41 33 22 11 22 32 22
1 22 11 11 22 11 32 41 44 14 11 33 41 22 11 22 14 11 42 44 22 11 23 22 22 14 41 22 32 14 22 32 23
1 22 11 11 22 11 33 41 44 14 11 33 44 22 11 22 11 14 44 44 22 11 22 33 22 14 44 22 33 11 22 33 22
1 22 14 14 33 14 32 41 44 11 11 32 44 33 14 23 14 14 44 44 24 11 23 22 22 44 44 23 32 11 23 32 23
1 33 14 14 22 14 32 11 41 14 14 32 41 23 11 22 11 14 42 44 22 11 23 22 22 14 41 22 32 14 23 32 23
1 23 14 14 23 14 32 41 41 14 14 32 41 23 14 22 11 14 42 41 22 14 23 32 23 14 41 22 32 14 23 22 33
1 23 14 14 23 14 32 41 41 14 14 32 41 23 11 22 11 14 42 44 22 11 22 32 22 14 11 23 32 14 23 32 23
1 23 14 11 22 14 32 44 44 14 11 33 44 22 11 22 11 11 42 44 22 11 33 32 22 11 44 23 33 14 22 32 23
1 33 14 14 23 11 22 11 11 14 14 32 44 23 44 23 44 11 42 41 22 11 33 22 23 11 41 23 22 44 23 22 33
1 22 11 11 23 11 33 41 44 14 11 32 44 22 11 22 11 14 44 44 22 11 22 32 22 11 44 22 33 14 22 32 22
1 23 11 11 23 11 32 44 41 14 11 32 44 23 11 22 11 14 42 44 22 11 23 32 22 11 44 22 32 11 22 33 22
1 33 14 11 22 14 33 41 41 44 44 22 44 23 14 22 14 14 42 44 22 11 23 22 22 14 41 22 22 14 23 32 33
1 22 11 11 22 11 33 44 41 11 11 32 44 22 11 22 11 11 44 44 22 11 22 33 22 14 44 22 33 14 22 33 22
1 23 14 14 23 11 32 41 41 14 44 32 44 23 14 23 11 14 42 44 22 14 23 32 23 11 11 23 32 11 23 32 23
1 23 14 14 23 14 32 41 41 14 14 32 41 23 14 23 14 14 42 41 22 11 23 32 22 14 41 23 32 14 22 32 23
1 33 11 11 33 14 32 11 11 44 44 22 41 33 44 22 14 14 42 41 22 11 23 22 23 44 11 23 22 44 22 22 33
1 23 11 11 22 11 32 44 44 14 11 33 44 23 11 22 11 11 42 44 22 11 23 32 22 14 41 22 33 14 23 33 23
1 23 11 11 22 14 32 41 44 44 11 33 41 22 14 22 11 11 44 44 22 11 22 33 22 14 44 22 33 11 22 32 22
1 22 11 11 22 11 33 44 44 11 11 33 44 22 11 22 11 11 44 44 22 11 22 22 22 11 44 23 33 11 22 32 22
1 23 11 11 23 11 32 41 41 14 11 33 41 23 14 22 11 14 42 44 24 11 23 32 23 14 41 23 32 14 22 32 23
1 23 11 14 33 11 32 41 41 44 14 32 11 23 44 23 14 14 42 41 24 11 23 22 22 14 41 23 22 44 23 22 33
1 23 11 11 22 11 33 44 44 14 11 33 44 22 11 22 11 14 44 44 22 11 23 33 22 11 41 22 33 14 22 33 22
1 23 14 11 23 11 33 41 41 11 11 33 44 23 11 22 11 14 42 44 22 11 23 32 22 14 41 22 32 14 22 32 33
1 23 44 14 33 44 22 11 11 14 14 22 41 33 44 23 14 44 22 11 22 44 33 22 22 44 11 33 22 14 23 22 23
1 23 11 14 23 11 33 41 41 44 11 33 41 23 11 23 14 14 42 44 24 11 23 32 22 14 41 22 32 11 22 32 23
1 23 11 11 23 11 33 41 41 11 11 32 44 22 14 22 11 11 44 44 22 11 22 33 22 11 44 22 33 44 23 33 22
1 23 11 11 23 11 33 44 44 11 11 33 44 23 11 22 11 14 44 44 22 14 23 33 22 11 44 22 32 14 22 33 22
1 22 11 11 22 11 33 41 44 14 11 33 44 23 11 22 11 11 44 44 22 11 22 33 22 11 44 22 32 11 22 33 22
1 23 11 14 23 14 32 41 44 11 11 33 41 23 11 22 11 11 42 41 22 11 23 22 22 14 41 22 32 44 22 33 33
1 23 14 14 22 14 32 41 41 14 11 32 41 33 11 23 14 11 42 44 22 11 23 32 23 14 41 22 32 14 23 32 23
1 23 14 14 33 44 32 41 41 44 14 32 41 23 14 23 14 14 42 44 24 14 23 22 23 14 11 23 32 14 23 32 33
1 22 11 11 23 14 32 44 41 14 14 32 41 33 11 22 11 11 44 44 22 11 23 32 22 11 41 22 32 11 22 32 22
1 33 44 14 23 14 22 11 11 44 14 32 11 23 14 23 14 44 42 41 24 14 23 22 23 44 11 23 22 44 33 22 23
1 23 14 14 23 14 32 41 41 44 14 32 41 23 14 23 14 14 22 41 24 14 33 22 23 14 41 23 32 14 22 32 23
1 22 11 11 22 11 32 44 44 11 14 33 44 22 11 23 11 11 44 44 22 11 23 33 22 11 41 22 33 11 23 33 22
1 23 44 44 23 14 22 11 11 44 44 22 41 33 44 22 44 44 22 41 44 11 33 22 33 44 41 33 22 14 33 32 33
1 33 14 11 33 14 22 11 41 14 11 32 11 33 14 22 11 14 42 44 24 11 33 22 22 14 41 23 22 44 23 22 23
1 23 14 11 23 11 33 41 41 14 11 33 44 22 11 22 11 14 44 44 22 11 23 33 22 14 44 22 32 11 22 33 23
1 22 11 11 22 11 33 41 44 14 11 33 44 23 11 22 11 11 44 44 22 11 23 32 22 11 44 22 32 11 22 33 22
1 23 11 11 23 14 33 41 41 14 11 33 44 23 14 22 14 14 44 44 22 11 23 32 22 11 11 23 32 14 22 32 23
1 23 11 14 22 14 33 41 44 14 11 33 44 22 11 23 11 11 44 44 22 11 33 33 22 14 44 22 32 11 22 33 23
1 23 11 14 23 14 32 41 41 14 11 32 44 22 14 22 11 14 42 41 24 14 23 32 22 14 41 23 32 14 23 32 23
1 23 11 14 23 14 33 41 41 14 11 32 44 23 14 22 11 11 42 44 22 11 23 22 22 14 44 22 32 14 22 32 23
1 33 44 11 33 14 22 11 11 44 14 22 11 33 44 23 14 44 22 11 24 14 33 22 22 14 11 23 22 14 33 22 23
1 23 11 11 22 11 32 44 41 14 11 32 44 23 11 22 11 14 42 44 22 11 22 33 22 11 44 22 32 11 23 33 33
1 23 14 11 22 11 33 44 44 11 11 33 44 22 11 23 11 11 44 41 22 11 22 33 22 11 44 23 33 11 22 32 22
1 23 14 11 33 44 33 11 41 44 14 32 41 33 11 33 14 14 42 41 24 11 33 22 22 14 41 23 22 14 23 22 23
1 22 11 11 23 14 32 41 44 44 14 33 41 23 11 23 14 14 42 41 24 11 23 32 22 14 41 23 22 14 22 32 23
1 22 11 11 22 11 33 41 41 14 11 33 41 22 14 23 11 11 44 44 22 11 33 33 22 44 41 22 32 11 22 33 23
1 23 11 14 33 14 32 41 41 14 14 32 41 23 44 33 11 11 44 44 24 11 33 32 23 14 41 23 32 14 23 22 33
1 33 11 11 22 11 32 44 11 14 11 32 44 23 14 22 14 11 42 44 22 14 22 32 22 14 41 22 32 14 22 32 22
1 23 11 11 22 11 33 41 44 11 11 32 44 22 11 22 11 11 44 44 22 11 22 32 22 11 44 22 33 11 22 33 23
1 23 11 11 22 11 33 44 41 11 14 33 44 22 11 22 11 11 42 44 22 11 22 33 22 11 44 22 33 14 23 33 23
1 22 11 11 22 14 32 44 11 11 11 33 44 22 11 22 11 11 44 44 22 11 22 32 22 14 41 22 22 14 22 33 33
1 23 11 14 23 14 32 44 41 44 11 33 44 22 14 22 11 14 42 41 22 11 23 33 23 14 44 22 22 14 22 33 23
1 23 11 14 23 14 32 11 41 14 14 32 44 23 14 22 11 14 42 44 22 11 33 33 22 14 41 23 32 14 22 32 33
1 23 44 14 33 14 22 11 11 14 44 33 11 33 44 33 44 14 22 41 24 14 33 22 23 14 11 23 22 44 23 22 33
1 33 11 11 33 11 33 11 41 44 11 32 41 33 14 33 11 14 42 44 22 11 23 22 22 14 41 22 22 11 22 22 22
1 23 14 11 22 11 32 41 41 11 11 33 41 23 11 22 14 44 44 44 22 14 23 32 23 14 41 22 32 11 22 32 23
1 23 14 11 22 11 33 44 44 14 14 32 44 23 11 22 11 11 22 44 22 11 23 32 22 14 44 22 32 14 22 33 23
1 23 11 11 23 11 33 41 41 14 14 32 44 23 14 23 14 14 42 44 22 11 23 33 23 14 41 22 32 14 23 32 23
1 23 14 14 33 14 22 41 11 44 44 22 41 23 14 33 14 14 22 41 24 14 33 22 23 14 41 22 22 44 23 32 33
1 23 14 11 23 14 32 44 41 11 11 32 44 23 11 22 11 14 44 41 22 11 23 22 22 11 41 23 33 11 23 32 23
1 33 14 14 23 14 22 41 41 44 11 32 44 23 14 22 44 44 44 41 22 14 33 32 23 44 11 33 32 44 23 22 33
1 23 11 14 22 14 32 41 41 44 11 33 44 23 11 22 11 14 44 44 22 11 33 32 22 14 44 22 33 11 22 22 33
1 23 14 14 23 14 32 11 44 14 14 22 41 23 11 23 14 14 42 44 22 14 33 22 22 14 11 23 32 14 23 32 23
1 23 14 11 23 14 32 11 41 14 11 33 11 33 11 22 11 44 42 44 24 14 33 33 22 14 41 23 22 44 22 32 23
1 23 14 11 23 14 32 41 41 14 14 32 41 23 14 23 14 14 42 44 22 14 23 32 22 11 41 23 32 14 23 32 23
1 23 11 14 22 11 32 44 44 11 11 33 44 23 11 22 11 11 42 44 22 11 22 32 22 14 44 22 33 11 22 32 23
1 23 11 11 22 11 33 44 44 14 11 33 44 22 11 22 11 14 44 44 22 11 23 33 22 11 44 23 32 11 22 33 22
1 22 14 14 23 14 32 44 41 14 14 32 44 23 14 22 11 14 42 44 22 14 33 32 23 14 11 23 32 11 22 33 23
1 23 11 11 23 14 33 44 44 14 14 32 41 23 11 23 11 14 42 41 24 14 23 32 22 14 41 23 32 11 23 32 23
1 23 11 11 23 11 33 44 44 14 14 32 44 23 11 22 11 14 44 44 22 11 22 32 22 11 44 22 33 14 22 33 23
1 23 11 14 33 14 32 11 41 44 14 32 44 23 44 23 11 14 42 44 24 11 23 22 22 14 41 22 22 11 22 32 23
1 23 44 14 23 44 32 41 41 14 14 32 41 23 14 22 14 44 42 41 24 14 33 22 22 44 11 22 22 14 33 32 33
1 33 14 11 23 11 32 41 41 14 11 32 41 23 14 22 11 14 44 41 22 11 23 33 23 11 41 23 32 14 23 32 23
1 23 14 11 23 14 32 41 41 44 11 32 44 22 14 23 14 14 44 41 24 11 23 32 22 11 44 22 32 11 23 33 22
1 23 14 11 23 14 33 44 41 14 11 32 41 23 14 22 14 14 44 41 24 14 23 32 22 14 41 22 32 14 23 33 23
1 23 14 14 23 11 32 44 41 14 11 32 41 23 11 22 14 14 42 44 24 11 23 32 22 14 41 23 32 11 23 32 23
1 23 11 14 23 14 32 41 41 14 14 22 41 23 14 23 14 14 42 44 24 14 23 32 22 14 41 22 32 14 22 32 23
1 23 14 11 23 11 32 41 41 14 14 32 41 23 14 22 11 14 42 41 24 14 23 33 22 14 41 22 32 14 23 32 22
1 23 14 11 23 14 32 41 41 14 14 32 41 23 14 22 14 14 42 44 22 14 23 32 23 14 41 22 22 14 23 32 23
1 22 11 11 22 11 33 44 44 11 11 33 44 22 11 22 11 11 44 44 22 11 22 32 22 11 44 22 33 11 22 33 22
1 23 11 11 23 44 33 41 11 44 11 33 41 23 11 23 11 11 42 44 22 11 23 22 22 14 41 23 33 44 22 32 33
1 23 11 11 22 11 33 41 44 11 11 32 44 22 11 22 11 11 44 44 22 11 22 33 22 14 41 22 33 44 22 33 23
1 23 14 14 22 11 32 11 41 44 14 22 44 23 14 22 11 14 22 41 22 11 33 22 22 14 11 22 32 44 23 32 33
1 22 11 11 22 11 33 44 44 11 11 33 44 22 11 22 11 11 44 44 22 11 22 33 22 11 44 22 33 11 22 33 22
1 23 11 14 23 14 22 41 41 14 14 32 41 23 14 22 44 14 42 41 24 11 23 32 23 44 11 23 22 11 23 32 23
1 22 11 11 22 11 33 44 41 11 11 33 44 22 11 22 11 11 44 44 22 11 22 33 22 11 44 22 33 11 22 33 22
1 23 11 11 22 14 33 44 41 11 11 32 44 22 11 22 11 44 22 44 22 11 23 33 22 11 44 22 32 11 22 22 22
1 33 11 44 33 44 32 11 11 44 11 22 41 22 11 22 14 44 22 44 22 11 33 22 22 44 41 22 32 14 22 22 33
1 23 11 11 22 14 33 11 41 11 11 33 41 22 11 22 11 11 44 44 22 11 23 33 22 11 44 22 33 11 22 32 23
1 23 11 11 22 14 32 41 44 11 11 32 44 22 11 23 11 14 42 44 22 14 23 32 22 11 41 22 33 11 23 32 23
1 23 44 11 23 11 32 41 41 14 44 33 44 23 11 23 11 14 44 44 22 11 23 22 22 14 44 23 32 14 23 33 22
1 22 11 11 22 11 33 44 44 11 14 33 44 22 11 22 11 11 44 44 22 11 22 33 22 11 44 22 33 11 22 33 22
1 22 11 11 22 14 33 44 41 14 11 32 44 23 14 23 11 14 42 44 22 11 23 32 22 14 44 22 32 14 22 33 23
1 22 11 11 22 14 33 44 44 14 11 33 44 33 11 22 11 11 22 44 22 11 23 22 22 11 41 22 33 11 23 32 23
1 23 14 11 23 11 32 44 44 11 11 33 44 22 11 22 11 14 44 44 22 11 22 32 23 14 41 22 33 14 23 33 22
1 22 11 14 23 11 32 41 41 14 14 32 44 23 14 22 11 11 42 44 22 11 23 32 22 11 41 22 32 14 22 32 22
1 23 11 11 22 14 33 44 44 14 11 33 44 22 11 22 11 11 44 44 22 11 23 32 22 11 44 22 33 11 22 33 33
1 23 11 11 23 11 32 41 44 44 11 33 41 23 11 23 11 11 42 41 22 11 23 32 22 14 11 22 32 14 23 32 23
1 23 14 11 23 44 32 11 41 44 11 22 44 33 44 23 11 44 22 41 22 44 23 22 22 14 11 23 22 14 23 22 33
1 23 14 11 23 14 32 41 44 14 11 32 44 22 14 23 11 14 42 44 22 11 22 33 22 11 41 22 32 11 22 32 22
1 33 44 44 23 44 22 11 41 14 14 22 41 23 11 23 14 14 22 11 24 14 23 22 23 44 11 23 22 44 23 32 33
1 23 11 11 22 11 33 44 41 11 11 33 44 22 11 22 11 11 42 44 22 11 23 32 22 11 41 22 32 14 22 33 22
1 23 11 14 22 14 33 11 11 14 14 32 44 23 44 23 14 44 22 41 24 11 23 22 22 14 41 33 22 14 23 33 33
1 22 11 11 22 11 33 44 44 11 11 33 44 22 11 22 11 11 44 44 22 11 22 33 22 14 44 22 33 11 22 33 23
1 22 11 11 23 11 32 41 41 11 14 22 44 22 14 22 14 14 44 44 22 14 23 32 22 14 11 22 33 44 22 32 23
1 22 11 11 22 11 33 44 41 11 11 33 44 23 11 22 11 11 44 41 22 11 23 32 22 11 41 22 33 11 22 33 23
1 23 14 14 23 14 22 41 41 14 14 32 41 23 14 33 14 14 42 41 24 14 23 32 23 14 41 23 22 14 23 32 23
1 23 11 11 22 14 33 41 41 11 11 33 44 22 11 22 11 14 42 44 22 11 33 33 22 11 41 22 33 11 22 33 23
1 22 14 14 23 14 32 44 44 14 14 32 41 22 11 23 11 14 44 44 22 11 23 33 22 14 11 22 32 11 22 32 23
1 22 14 11 22 14 22 44 11 44 14 33 44 22 14 22 14 11 42 44 22 11 23 22 22 11 41 22 33 11 22 22 22
1 33 14 44 33 44 22 11 11 44 44 22 11 33 44 23 14 44 22 41 24 44 33 22 23 14 11 23 22 44 23 22 33
1 33 14 14 33 44 22 11 11 14 11 22 41 33 14 22 11 14 42 44 44 11 33 22 23 14 11 22 22 14 23 22 33
1 33 11 44 33 14 32 41 41 44 14 32 41 33 14 22 14 44 22 44 24 11 23 22 23 44 41 22 32 44 33 22 23
1 23 14 14 23 14 32 41 41 14 14 32 41 23 14 22 14 14 42 44 24 14 23 32 23 14 41 23 32 14 22 32 23
1 23 11 11 23 14 22 11 41 14 44 22 41 22 14 23 11 44 42 41 22 11 23 32 22 44 11 33 32 44 22 22 33
1 23 11 11 22 11 33 44 41 11 11 32 44 23 11 22 11 11 44 44 22 11 22 32 22 11 44 22 33 11 22 33 23
1 33 44 14 23 44 22 11 11 14 11 32 11 23 44 23 14 44 42 44 22 14 23 22 22 44 11 23 22 14 22 22 23
1 22 14 11 22 14 33 41 44 44 11 33 44 33 14 22 11 14 42 41 22 44 22 32 22 14 11 22 32 14 22 32 23
1 33 14 44 33 14 32 11 11 44 14 22 41 33 14 23 11 44 42 41 24 11 33 32 23 14 11 22 22 44 23 22 33
1 23 11 11 22 11 33 44 41 14 14 33 41 23 11 22 14 44 44 44 22 11 33 22 22 14 44 22 22 11 23 33 23
1 22 11 11 22 11 32 44 44 14 11 32 44 22 14 22 11 11 44 44 22 11 23 33 22 11 44 22 33 11 22 33 22
1 23 14 14 33 14 22 11 11 44 14 22 41 33 14 23 11 14 42 41 24 14 23 22 23 14 11 23 22 14 23 32 33
1 22 11 11 33 14 22 11 41 44 11 22 41 23 14 22 11 14 42 41 24 11 23 32 22 14 41 23 32 14 23 32 23
1 22 14 11 23 14 22 44 41 14 11 32 44 23 14 23 11 14 42 44 22 14 33 22 22 11 44 22 32 11 22 33 33
1 23 11 11 22 11 32 44 41 14 11 33 44 22 11 22 11 11 44 44 22 11 23 32 22 11 44 22 32 11 22 33 22
1 33 14 14 33 44 22 11 11 44 44 22 11 33 44 33 44 44 22 41 24 44 33 22 23 44 11 33 22 44 33 22 33
1 22 11 11 22 11 33 44 44 11 11 33 44 22 11 22 11 11 44 44 22 11 23 33 22 11 44 22 33 11 22 33 23
1 33 14 44 33 44 22 11 11 44 14 22 41 23 44 23 14 44 42 11 24 14 33 22 22 14 11 22 22 14 33 32 23
1 22 11 11 33 11 32 44 41 14 11 33 41 22 11 33 11 14 42 44 22 11 23 33 22 11 44 22 33 11 22 32 23
1 23 14 11 22 14 32 41 41 11 11 32 44 22 11 22 14 44 44 44 22 14 33 33 22 11 11 23 32 14 23 22 33
1 23 11 14 33 14 33 41 41 11 14 33 41 23 14 22 11 14 42 44 22 11 23 33 22 11 11 22 22 14 23 32 22
1 23 14 44 23 11 32 11 41 14 14 22 41 22 44 33 14 14 44 41 22 11 33 22 23 11 11 23 32 14 23 32 33
1 23 14 14 23 14 32 41 44 14 11 32 44 23 14 23 11 14 42 41 22 14 23 32 22 14 41 22 32 14 23 33 23
1 22 11 14 33 14 33 41 44 14 11 32 44 22 14 22 14 14 42 44 22 11 23 22 22 11 41 23 32 14 22 32 22
1 23 11 11 23 14 33 44 41 44 11 32 44 22 11 22 14 14 42 44 22 11 23 32 23 11 41 23 32 14 22 32 22
1 23 11 11 22 14 33 44 44 14 11 32 44 23 11 22 14 11 44 44 24 11 22 32 22 44 44 23 22 14 22 32 23
1 23 14 14 22 11 32 41 41 14 14 32 41 23 14 23 14 44 42 41 24 14 23 32 22 14 41 23 33 11 23 32 33
1 22 11 11 22 11 33 44 44 11 11 33 44 22 11 22 11 14 44 44 22 11 22 32 22 11 44 22 33 11 22 33 22
1 22 11 11 22 11 33 44 44 11 11 33 44 22 11 22 11 11 44 44 22 11 22 32 22 11 44 22 33 14 22 33 22
1 23 11 11 23 14 33 44 41 11 11 32 41 33 11 22 11 11 42 41 22 11 23 32 22 11 44 23 32 14 22 32 23
1 23 14 14 23 14 32 41 41 14 14 32 41 22 14 22 14 14 42 41 24 11 23 32 22 11 41 23 32 14 23 32 22
1 23 11 11 23 11 32 41 44 11 14 32 44 23 11 23 11 14 44 44 22 11 23 33 22 14 41 22 32 14 22 32 23
1 23 11 11 23 14 32 41 41 11 11 33 44 22 14 22 11 11 42 41 22 11 23 32 22 14 44 23 32 11 23 33 23
1 33 11 14 23 11 33 41 11 14 11 33 44 22 11 23 11 14 42 41 22 11 23 32 22 11 41 23 33 14 22 32 23
1 23 14 11 23 11 33 41 41 14 11 32 44 22 11 23 11 14 42 44 22 11 23 33 22 11 11 22 22 11 23 32 23
1 23 11 11 33 11 33 41 44 14 11 33 44 22 14 22 11 14 42 41 22 11 33 33 22 14 11 22 33 14 22 32 23
1 23 14 14 33 14 33 41 41 14 14 32 41 23 14 23 11 14 42 41 22 14 23 32 23 14 41 23 32 14 23 32 23
1 22 11 14 22 11 32 41 41 11 11 33 44 22 11 22 11 14 44 44 22 11 22 32 22 14 44 22 33 11 22 32 22
1 22 11 11 23 14 33 44 41 11 11 33 44 22 11 22 11 14 44 44 22 11 22 32 22 11 44 22 33 11 22 33 23
1 23 14 11 23 14 32 41 41 11 44 32 41 22 14 22 11 11 42 44 22 11 23 32 22 14 41 22 32 11 22 32 23
1 23 14 14 33 14 33 41 41 44 11 33 41 23 14 23 14 14 44 41 22 11 33 33 22 14 41 23 32 14 22 32 23
1 22 11 11 22 11 33 44 44 11 14 33 44 22 11 22 11 44 42 44 22 11 23 32 22 11 44 22 32 11 22 33 23
1 23 14 11 23 14 32 41 11 14 14 32 41 23 14 23 14 14 42 41 24 11 23 32 22 14 41 23 32 14 23 32 23
1 23 11 11 23 14 32 41 41 14 14 32 44 23 14 23 11 44 42 41 24 14 23 32 22 14 41 23 32 14 23 32 23
1 23 11 11 23 11 32 44 44 14 11 33 44 23 14 22 11 14 42 44 22 11 22 32 22 11 41 23 32 11 22 32 22
1 22 11 11 22 11 33 44 44 14 14 33 44 23 14 22 11 14 42 41 22 11 23 33 22 14 11 22 33 14 23 32 33
1 22 11 11 22 11 33 44 44 11 11 33 44 22 11 22 11 11 44 44 22 11 22 33 22 11 44 22 33 11 22 33 22
1 23 11 14 22 14 33 41 44 14 14 33 41 23 11 22 11 14 44 41 22 11 33 32 22 44 11 22 33 11 23 32 33
1 23 11 11 22 14 33 44 44 11 11 32 44 22 11 22 11 11 44 44 22 11 23 33 22 11 44 22 33 11 22 33 22
1 22 11 11 22 11 33 44 44 14 11 33 44 23 11 22 11 11 44 44 22 11 22 32 22 11 44 22 33 11 22 33 22
1 22 11 11 22 14 33 41 44 14 11 33 41 22 14 23 11 11 44 44 22 11 23 22 22 14 44 22 32 11 22 33 22
1 33 11 44 22 44 32 41 11 14 14 32 41 23 44 33 14 44 42 41 22 11 33 22 23 14 41 23 32 44 23 22 23
1 23 44 14 23 44 32 11 11 44 14 22 11 33 44 22 14 14 42 41 22 11 33 22 22 44 41 23 22 44 23 22 33
1 23 11 14 23 11 32 44 41 14 44 32 44 33 11 22 44 44 42 41 22 11 33 22 22 44 41 23 22 14 23 22 33
1 22 11 11 22 11 33 44 44 11 11 33 44 22 11 22 11 11 44 44 22 11 22 33 22 11 44 22 33 11 22 33 22
1 23 14 44 23 11 32 11 11 44 14 22 11 33 11 23 14 11 42 44 24 11 33 32 23 14 41 23 32 44 22 32 23
1 33 11 11 33 11 33 44 44 14 11 32 44 22 11 23 11 14 42 44 22 11 23 33 22 11 41 23 32 11 22 32 33
1 22 14 11 23 14 32 41 44 11 14 33 41 22 14 22 11 14 42 44 24 11 22 22 23 11 41 23 32 14 22 33 23
1 23 14 14 33 44 22 11 11 44 11 33 41 33 44 23 14 44 22 41 24 11 33 22 23 14 11 23 22 14 23 22 33
1 22 11 11 22 14 33 41 44 11 14 33 44 22 14 22 11 11 44 44 22 14 23 33 22 11 41 22 33 11 22 32 22
1 22 11 11 22 11 33 41 44 14 11 32 44 22 11 22 11 11 44 44 22 11 22 33 22 11 44 22 33 11 22 33 23
1 23 14 14 23 14 22 11 41 44 14 32 11 33 14 23 14 14 42 41 24 14 22 32 23 44 41 23 22 11 33 22 23
1 23 14 11 23 14 33 44 44 11 11 33 44 23 11 23 14 14 42 44 22 11 23 32 22 11 44 22 32 14 22 32 23
1 23 11 11 23 14 32 41 44 11 11 33 44 22 11 23 11 11 42 44 22 11 33 32 22 11 41 22 32 14 22 32 23
1 23 11 11 22 11 32 41 41 14 11 32 41 23 11 22 11 14 42 41 22 11 23 32 22 11 44 23 32 14 23 32 23
1 23 14 14 33 44 32 41 44 14 11 33 44 23 11 22 11 14 42 44 24 11 33 32 22 14 41 22 22 11 23 22 33
1 23 14 11 22 11 33 44 44 11 11 33 44 23 11 23 11 14 42 44 22 11 23 32 22 14 44 22 33 14 22 33 33
1 23 14 11 22 44 32 41 41 14 14 32 41 23 44 23 14 44 42 41 24 11 33 32 23 44 11 23 22 14 23 22 23
1 33 11 11 33 14 33 41 41 44 11 32 44 23 11 22 11 11 44 44 22 11 23 33 22 11 11 23 32 14 23 33 22
1 23 14 14 23 14 32 41 41 14 14 32 44 23 11 23 11 14 44 44 22 11 23 32 22 14 41 22 33 14 23 32 22
1 22 11 11 22 11 33 44 44 11 11 33 44 22 11 22 11 11 44 44 22 11 22 33 22 11 44 22 33 11 22 33 22
1 23 14 11 22 11 33 44 41 11 11 32 44 22 14 22 11 11 42 44 22 14 23 33 23 11 44 22 32 11 23 33 23
1 22 11 11 22 14 33 44 44 14 11 33 44 23 11 23 11 11 42 44 22 11 23 32 22 14 44 22 32 11 22 33 22
1 22 14 14 22 11 32 11 41 44 11 32 11 23 14 22 11 14 42 44 22 11 33 33 22 44 44 23 22 44 22 32 23
1 23 14 14 23 14 32 44 41 14 11 33 41 22 14 23 14 14 42 41 22 11 23 32 23 14 41 22 32 14 23 32 23
1 33 14 14 22 11 32 11 41 14 14 32 41 23 11 23 11 14 42 44 24 11 23 32 22 14 44 23 32 14 23 32 23
1 23 11 11 23 14 33 11 41 44 11 32 41 22 14 22 14 14 22 44 22 11 23 32 22 11 44 22 32 14 22 32 23
1 22 11 11 23 11 33 41 44 11 11 33 44 22 11 22 11 11 42 44 22 11 22 32 22 11 44 22 33 11 22 33 22
1 23 11 11 23 11 32 44 41 11 14 33 44 22 11 22 11 11 44 44 22 11 22 32 22 14 41 22 33 11 23 33 22
1 22 11 11 22 11 33 41 44 14 11 33 44 22 11 22 11 14 44 44 22 11 22 33 22 11 41 22 33 11 22 33 22
1 23 14 14 23 14 32 41 44 14 14 32 44 23 14 22 14 14 42 44 24 14 23 32 22 14 41 23 32 14 22 32 23
1 23 11 14 23 11 33 44 41 14 11 33 44 22 11 22 14 11 42 44 22 14 23 32 22 11 44 22 32 14 22 32 23
1 23 14 14 22 14 32 41 41 14 11 33 41 23 11 22 14 14 42 44 24 11 23 32 22 11 41 22 33 44 22 33 23
1 33 14 14 23 11 32 41 11 44 44 32 11 23 14 22 14 44 42 44 22 14 23 22 23 14 11 23 22 14 22 32 33
1 23 11 11 23 14 33 41 44 11 11 33 44 22 11 22 11 14 42 44 22 11 22 22 22 11 41 22 32 14 22 32 22
1 22 11 11 22 14 33 44 44 14 11 33 41 33 11 22 11 11 42 44 22 11 23 33 22 14 44 22 33 11 22 32 33
1 23 11 14 23 11 32 41 44 44 14 32 41 23 11 23 14 14 42 11 24 11 23 22 22 14 41 22 32 14 23 32 23
1 22 11 11 22 11 33 41 44 14 11 33 44 22 11 23 11 11 44 44 22 11 22 32 22 14 41 22 22 14 22 33 23
1 23 14 14 23 14 32 41 41 14 11 32 44 23 14 23 11 14 42 44 24 14 23 32 22 14 41 23 32 14 23 32 23
1 22 11 11 22 11 33 41 44 11 11 33 44 22 11 22 11 11 42 44 22 11 23 33 22 11 41 22 32 11 22 32 22
1 23 14 11 23 14 33 11 11 44 44 22 44 22 14 23 11 14 42 44 22 14 33 32 23 44 11 23 22 14 23 22 23
1 23 11 14 23 14 32 41 41 14 11 32 44 22 11 22 11 14 44 44 22 11 23 32 22 14 44 23 32 14 22 33 33
1 33 11 11 22 11 33 11 41 14 14 33 41 23 11 22 11 11 42 44 22 11 22 32 22 14 41 22 32 11 22 33 33
1 33 14 11 33 44 22 11 11 44 14 32 11 33 44 33 11 14 42 11 22 11 33 22 23 44 11 33 22 44 33 22 33
1 22 11 11 22 11 33 44 44 11 11 33 44 22 11 22 11 11 44 44 22 11 22 33 22 11 44 22 33 11 22 33 22
1 23 14 14 22 11 32 41 41 14 11 33 44 22 14 23 11 14 22 44 22 11 23 22 22 44 44 22 22 14 23 33 23
1 23 11 11 22 11 33 44 41 14 11 32 41 22 14 22 11 11 44 44 22 14 23 32 22 11 44 22 32 11 22 33 23
1 22 11 11 23 11 33 44 44 14 11 33 44 22 11 22 11 11 44 44 22 11 22 32 22 11 44 22 33 11 22 33 22
1 22 11 11 22 11 33 44 44 14 11 33 44 22 11 22 11 11 44 44 22 11 22 33 22 11 44 22 33 11 22 33 22
1 33 14 11 23 14 32 41 11 44 11 33 44 22 11 23 14 11 22 11 44 11 23 32 22 14 41 23 22 14 23 22 23
1 23 14 14 23 14 33 41 44 11 14 32 44 33 11 22 14 11 42 44 22 11 23 32 22 44 11 23 32 11 22 32 33
1 33 14 14 23 14 22 41 41 44 44 22 44 33 11 22 14 14 42 44 24 11 23 22 23 14 41 23 22 44 23 22 23
1 22 11 11 22 11 33 41 44 11 11 33 44 22 11 22 11 11 44 44 22 11 22 33 22 11 44 22 33 11 22 33 22
1 23 11 11 22 11 33 44 44 11 11 33 44 22 11 22 11 11 44 44 22 11 22 33 22 14 44 22 33 11 22 32 22
1 23 11 11 23 11 33 11 41 14 11 32 41 22 11 23 11 44 42 44 22 11 33 22 22 14 11 22 32 14 22 22 23
1 23 14 14 23 14 32 41 44 44 14 32 41 22 14 23 11 11 22 41 24 14 33 32 22 14 41 22 32 14 22 22 33
1 23 11 11 23 11 32 41 41 14 14 32 41 23 44 22 11 11 44 44 22 11 23 32 22 14 41 22 32 14 22 32 23
1 23 11 11 23 11 33 44 44 14 11 33 41 23 14 22 11 11 42 44 22 11 22 32 22 14 41 22 33 11 22 33 22
1 23 11 11 22 11 32 44 44 11 11 33 44 23 11 22 11 11 44 44 22 11 23 32 22 14 44 22 33 14 22 33 22
1 23 11 11 23 14 33 41 41 11 14 33 44 22 11 22 14 11 22 44 22 11 23 33 22 11 11 22 33 11 22 32 33
1 22 11 11 22 11 33 44 44 11 11 33 44 22 11 22 11 11 44 44 22 11 22 33 22 11 44 22 33 11 22 33 22
1 23 14 11 23 14 33 41 41 14 14 32 41 23 14 23 11 14 42 41 22 11 23 32 23 14 41 23 32 11 23 32 23
1 23 14 11 23 11 32 41 44 44 14 32 44 22 11 22 11 14 44 44 22 11 33 32 22 11 44 23 22 14 22 32 22
1 33 14 11 23 14 33 11 11 44 11 22 44 33 14 22 14 14 42 41 22 11 33 32 23 14 11 23 32 44 22 32 33
1 23 14 44 22 11 32 11 41 14 14 22 41 23 14 22 11 14 42 44 22 14 23 32 22 14 41 22 22 11 23 22 33
1 23 11 11 22 14 32 44 44 14 11 33 44 22 11 22 11 11 44 44 22 11 22 32 22 11 44 22 33 11 22 32 22
1 22 11 11 22 11 33 44 44 14 11 33 44 22 11 22 11 14 44 44 22 11 22 33 22 11 44 22 32 11 22 33 22
1 23 11 11 23 14 33 41 41 14 14 32 41 22 11 23 11 11 42 44 22 11 33 33 22 11 44 22 32 11 22 32 23
1 23 14 11 23 44 32 11 41 44 14 32 44 22 44 22 14 44 42 44 24 11 23 32 23 14 11 23 32 44 33 33 23
1 22 11 11 22 11 33 41 44 11 11 33 44 22 11 22 11 11 44 44 22 11 22 32 22 11 44 22 33 11 22 33 23
1 23 11 11 23 11 33 44 44 14 11 33 44 22 11 22 11 11 44 44 22 11 23 32 22 11 41 22 33 11 22 33 22
1 23 14 11 22 14 33 44 44 14 14 33 44 22 11 22 11 11 42 44 22 11 23 32 23 14 41 22 32 14 22 32 22
1 23 14 11 23 11 32 44 44 44 14 32 11 33 44 22 11 14 42 41 22 11 22 32 22 14 44 22 22 14 23 32 33
1 22 11 11 22 11 32 41 44 11 11 33 41 22 11 22 11 11 44 44 22 11 22 32 22 14 44 22 33 11 22 32 22
1 23 11 14 23 14 33 41 41 11 11 32 41 23 11 23 11 14 42 44 24 11 23 32 22 44 41 23 32 14 23 32 23
1 22 11 11 22 11 33 44 44 14 11 33 44 22 11 22 11 11 44 44 22 11 22 33 22 11 44 22 33 14 22 33 22
1 23 14 11 23 14 32 41 41 14 14 32 44 23 14 23 14 14 42 41 22 14 23 32 23 14 41 23 32 14 23 32 23
1 33 14 14 22 11 33 41 41 14 11 33 44 22 14 22 11 11 42 44 22 11 23 33 22 11 44 22 33 11 22 33 23
1 22 11 11 22 11 33 41 44 14 11 33 44 23 11 22 11 11 42 44 22 11 22 33 22 11 44 22 33 14 22 33 22
1 23 14 11 23 14 32 41 41 14 14 32 44 22 14 23 11 14 42 44 22 14 23 32 23 14 41 22 32 14 22 32 23
1 23 11 11 23 14 32 41 41 14 14 33 41 23 14 23 14 11 42 44 22 11 23 32 23 14 41 22 32 11 23 32 23
1 23 11 11 22 14 33 41 41 11 14 32 41 23 14 23 14 14 42 44 22 11 23 32 22 14 41 22 32 14 23 32 23
1 23 11 14 22 14 33 41 41 14 11 33 41 23 14 22 14 14 44 44 22 11 23 32 22 14 41 22 33 14 22 32 22
1 23 14 11 23 14 33 41 41 14 14 32 44 33 14 23 14 14 42 41 22 14 33 32 22 14 41 22 32 11 23 32 23
1 23 11 11 22 11 32 44 44 14 11 33 44 23 11 22 11 14 44 44 22 11 23 32 22 11 44 22 32 11 22 33 23
1 33 11 11 22 14 33 11 11 14 11 32 41 23 14 22 11 44 22 41 22 11 22 22 22 11 41 22 22 11 22 22 23
1 22 11 11 23 11 33 44 44 11 14 33 44 22 11 22 11 14 44 44 22 11 23 33 22 14 44 22 32 11 22 33 22
1 23 14 14 23 14 32 11 41 14 14 32 41 23 14 22 14 14 42 44 24 14 33 32 23 14 41 23 32 14 22 32 23
1 23 14 11 23 14 33 41 44 14 11 33 44 23 11 22 14 11 44 44 22 11 33 32 22 11 41 23 33 11 22 33 22
1 23 11 11 22 11 32 41 44 11 11 32 44 22 14 22 11 11 44 44 24 11 33 32 22 14 41 22 33 11 22 32 23
1 22 11 11 22 11 32 44 44 11 11 33 44 23 11 22 11 11 44 44 22 11 22 33 22 11 44 22 33 11 22 33 22
1 23 11 44 33 11 33 11 11 44 11 22 41 23 14 23 11 44 42 44 22 14 33 22 22 14 11 23 33 14 22 33 33
1 22 14 11 22 14 33 44 44 14 14 33 44 23 11 22 11 11 44 44 22 11 23 33 22 14 44 22 32 11 22 33 22
1 23 14 14 23 11 32 41 41 14 44 32 41 23 14 23 14 14 42 41 24 11 23 32 22 14 41 23 32 14 23 33 23
1 23 11 11 22 14 32 41 44 11 14 22 41 22 14 23 14 14 42 44 22 11 23 33 23 11 41 22 32 11 22 32 22
1 22 11 11 22 11 33 44 44 11 11 33 44 22 11 22 11 11 44 44 22 11 22 33 22 11 44 22 33 11 22 33 22
1 23 11 14 23 14 32 41 11 44 44 32 11 23 11 23 11 14 22 44 24 14 23 32 22 44 11 22 22 44 22 22 33
1 33 14 11 23 14 22 44 41 14 14 33 41 33 14 22 44 11 44 44 22 14 33 32 23 44 41 23 22 44 23 33 33
1 23 14 14 23 14 32 41 41 14 11 32 41 23 44 23 14 44 42 41 24 14 23 22 22 14 41 23 22 44 23 32 33
1 23 11 11 23 14 32 41 41 14 11 33 44 22 11 22 11 14 44 44 22 11 23 33 22 14 41 22 33 11 22 33 33
1 23 11 11 22 14 32 44 44 11 11 22 41 23 14 22 11 11 22 44 22 11 23 33 22 44 41 23 32 11 22 22 22
1 23 11 11 22 11 32 44 41 44 14 32 44 23 44 23 14 11 42 44 22 11 23 32 23 14 41 22 22 14 22 32 23
1 33 11 11 23 14 32 41 41 14 14 22 41 33 14 23 14 14 42 41 24 11 33 32 23 44 41 23 32 44 23 22 23
1 33 11 14 23 44 32 11 41 44 14 22 41 23 14 33 11 44 42 44 44 14 33 22 23 14 11 23 22 14 22 32 23
1 22 11 11 22 11 33 44 41 11 14 33 44 22 14 22 11 11 44 44 22 11 22 32 22 11 41 22 33 14 22 33 23
1 23 11 14 22 44 32 41 41 14 14 32 44 22 11 23 14 14 42 44 22 11 23 22 22 11 41 22 22 11 22 32 22
1 22 11 11 22 11 33 41 44 14 11 33 44 22 11 22 11 14 44 44 22 11 33 33 22 11 41 22 32 11 23 33 22
1 23 11 11 33 11 32 41 41 11 11 32 44 22 11 22 11 44 44 44 22 11 22 32 23 14 44 22 22 14 23 33 22
1 33 11 14 23 14 22 11 11 44 44 32 41 33 14 22 14 44 44 44 22 11 33 32 22 44 41 22 32 14 23 32 23
1 22 11 11 22 11 33 41 41 11 11 32 44 22 11 22 11 11 44 44 22 11 22 32 22 11 44 22 33 11 22 32 22
1 22 11 11 22 11 33 41 44 14 11 33 44 22 11 23 14 11 44 44 22 11 23 33 22 11 44 22 33 11 22 33 23
1 22 14 11 22 11 33 41 44 11 11 32 44 22 11 22 11 11 44 44 22 11 23 33 22 11 44 22 33 11 22 32 22
1 23 14 11 33 14 32 11 11 14 14 22 11 33 44 33 14 44 22 44 24 14 23 32 23 44 11 23 32 44 33 32 33
1 23 11 11 22 11 33 44 44 11 11 33 41 22 11 22 11 11 44 44 22 11 22 32 22 14 44 22 33 11 22 33 23
1 23 14 11 23 14 32 11 41 14 44 32 11 23 14 22 14 44 44 44 22 11 33 32 22 14 41 23 32 14 23 32 23
1 22 11 11 22 11 22 44 44 14 11 33 44 22 11 22 11 11 42 44 22 11 22 32 22 14 44 22 32 11 23 33 23
1 22 14 14 33 14 32 41 41 14 14 32 41 23 14 23 14 14 42 41 24 11 23 32 23 14 41 23 32 14 23 32 23
1 23 11 11 23 44 32 41 44 14 11 32 41 23 14 22 11 11 42 44 22 14 33 32 23 14 41 22 32 14 22 33 23
1 23 11 11 22 11 33 44 44 11 11 33 44 23 11 22 11 14 44 44 22 11 22 33 22 11 44 22 33 11 22 33 23
1 22 11 11 22 11 33 41 44 11 11 33 44 23 11 22 11 11 44 44 22 11 22 32 22 11 41 22 33 11 23 32 23
1 23 11 11 23 11 33 41 41 11 11 33 41 22 11 22 11 14 44 44 22 11 23 33 22 11 44 22 32 14 22 33 23
1 23 11 11 23 11 22 41 44 14 11 32 44 22 14 22 11 14 42 44 22 11 33 22 23 14 41 22 32 14 22 22 23
1 23 14 11 23 11 33 41 41 14 11 32 44 22 11 22 11 11 44 44 22 11 23 32 22 11 44 22 32 11 22 33 23
1 23 44 11 33 14 22 11 11 14 11 32 41 23 14 23 11 14 44 44 24 11 33 32 22 11 41 22 22 44 23 32 33
1 22 11 11 22 14 33 44 44 11 11 33 44 22 11 22 11 11 44 44 22 11 22 33 22 11 41 22 33 11 22 32 23
1 22 14 11 23 11 33 41 44 11 11 32 41 22 11 23 11 14 44 44 22 11 22 32 22 11 41 22 33 11 22 33 23
1 33 44 14 23 11 33 41 41 14 11 32 41 23 14 22 14 14 42 44 22 14 33 22 23 44 11 23 22 14 23 32 23
1 23 14 14 23 14 32 41 41 14 14 32 41 22 11 23 14 14 42 41 24 14 23 32 23 14 11 23 22 14 23 22 23
1 23 11 11 22 11 33 41 44 11 14 32 44 22 14 23 11 11 42 44 22 11 22 33 22 11 11 22 32 14 23 32 22
1 22 11 11 22 11 33 41 44 11 14 33 44 23 11 22 11 11 44 44 22 11 22 22 22 11 44 22 32 14 22 33 22
1 23 11 11 22 11 33 44 44 14 11 33 44 22 11 22 11 11 44 44 22 11 22 33 22 11 44 22 33 11 22 33 22
1 22 11 11 22 14 32 41 41 14 14 32 44 23 14 22 14 14 44 44 24 11 23 32 22 14 41 23 32 14 22 32 23
1 33 44 11 33 14 22 11 41 14 44 32 44 33 14 23 14 44 22 41 44 14 33 22 23 14 41 23 22 44 23 32 33
1 22 11 11 22 11 33 41 41 11 11 32 44 22 14 22 14 14 44 44 22 11 23 32 22 14 41 22 33 14 23 33 23
1 22 11 11 33 11 33 44 41 14 11 32 44 33 11 22 14 11 44 44 22 11 23 33 22 14 44 22 32 11 22 33 23
1 22 11 14 22 44 32 11 44 11 14 32 44 23 14 22 11 14 42 41 22 14 23 22 22 14 11 22 22 14 23 32 23
1 23 14 14 33 14 32 41 41 44 44 32 11 33 14 22 14 44 42 44 22 11 33 22 22 44 11 33 22 44 33 22 23
1 23 11 11 22 11 33 44 44 44 11 33 44 23 11 22 11 11 44 44 22 11 22 33 22 11 41 22 32 14 22 33 23
1 23 11 11 23 11 33 44 44 14 11 32 44 22 11 22 11 14 44 44 22 11 33 33 22 14 44 22 32 11 23 33 22
1 22 11 11 22 11 33 44 44 11 11 33 44 22 11 22 11 11 44 44 22 11 23 33 22 11 44 22 33 11 22 33 22
1 22 14 14 23 11 32 41 44 14 11 32 41 22 44 23 11 14 42 44 22 11 33 32 22 14 41 23 32 14 23 32 23
1 22 11 11 23 11 22 41 41 44 11 32 44 23 14 23 11 14 42 41 22 11 23 32 22 14 11 22 32 14 22 33 23
1 22 11 11 22 14 32 44 44 14 11 33 44 22 11 22 11 11 42 44 22 11 22 32 22 11 44 22 32 11 22 33 22
1 22 14 11 23 11 22 44 44 11 14 32 44 33 44 22 11 14 44 41 24 11 23 22 23 14 11 22 33 11 22 22 23
1 23 44 11 23 14 22 11 11 44 14 22 41 33 11 22 14 44 42 44 24 11 33 22 22 14 41 23 22 14 22 22 33
1 23 11 11 22 11 33 41 41 11 14 33 44 23 11 22 11 11 44 44 22 11 22 32 23 11 41 22 22 11 23 33 23
1 22 11 11 22 11 33 41 44 14 11 33 44 23 11 22 11 11 44 44 22 11 22 32 22 14 44 22 32 14 22 32 23
1 22 11 11 22 11 33 44 44 11 11 33 44 22 11 22 11 11 44 44 22 11 22 33 22 11 44 22 33 11 22 33 22
1 22 11 11 22 11 33 44 44 14 11 33 44 22 11 22 11 14 44 44 22 11 33 33 23 11 44 22 32 11 22 33 22
1 22 11 11 23 11 32 44 44 14 11 32 41 23 11 22 11 11 44 41 22 11 23 33 22 14 44 22 32 14 22 32 22
1 23 14 14 23 14 32 41 41 14 14 32 41 22 14 23 14 14 42 44 22 14 23 32 22 14 41 22 32 14 23 32 23
1 22 11 11 22 11 33 44 44 11 11 33 44 22 11 22 11 14 44 44 22 11 22 33 22 11 44 22 33 11 22 33 22
1 22 11 11 23 11 33 44 44 11 11 33 44 22 11 22 11 14 44 44 22 11 22 32 22 11 41 22 33 14 22 33 22
1 23 14 14 23 14 33 44 41 14 11 33 41 23 14 22 11 14 42 44 22 14 23 32 22 14 44 22 32 14 23 32 23
1 23 11 11 22 14 33 41 41 14 11 32 44 23 11 22 11 11 42 44 22 11 23 32 22 14 44 22 32 11 22 32 23
1 22 11 11 22 14 32 41 41 11 11 32 44 22 11 23 11 11 44 44 22 11 22 33 22 11 41 22 33 11 22 33 22
1 22 14 11 22 11 33 41 41 14 11 33 44 22 11 22 11 11 44 44 22 11 23 33 22 14 44 22 33 11 22 32 22
1 23 11 14 23 14 32 41 41 44 14 22 44 33 14 23 14 14 44 44 24 14 23 33 22 14 41 22 32 11 22 32 23
1 33 14 11 33 11 32 41 41 44 11 32 44 23 14 23 11 14 42 41 22 11 22 32 22 14 41 23 32 44 22 32 22
1 22 11 11 23 11 33 44 44 14 11 33 44 22 11 22 11 11 44 44 22 11 23 33 22 14 44 22 32 11 22 33 22
1 23 14 14 22 14 32 11 41 14 14 32 41 23 11 23 14 14 22 41 22 14 23 32 22 14 11 23 22 44 23 32 23
1 23 14 11 23 11 32 41 44 14 11 33 41 23 14 23 11 14 44 44 24 14 23 32 22 11 41 22 32 14 23 33 23
1 23 11 11 22 14 32 41 41 14 14 22 41 23 14 22 11 44 42 44 22 11 33 32 22 14 44 23 22 14 22 32 23
1 23 14 14 23 11 32 41 41 14 14 22 41 33 11 22 11 11 42 44 24 11 23 22 22 14 11 22 32 14 23 32 23
1 22 11 11 22 11 33 41 44 11 11 33 44 22 11 22 11 11 44 44 22 11 22 33 22 11 44 22 33 11 22 33 22
1 22 14 14 23 44 32 11 41 44 14 32 41 33 14 23 14 14 42 41 24 11 23 32 22 14 11 23 22 14 23 32 33
1 22 11 11 23 14 33 44 44 14 11 33 44 22 11 22 11 11 44 44 22 11 22 33 22 11 44 22 22 11 22 33 22
1 23 14 11 23 11 33 44 44 14 11 32 44 22 11 22 11 11 44 44 22 11 23 33 22 11 41 23 32 14 22 22 23
1 33 11 11 23 14 32 44 41 11 11 32 44 22 11 22 11 11 44 44 22 11 22 33 22 11 41 22 32 11 22 33 23
1 23 14 11 22 11 33 41 44 14 11 32 41 23 14 23 11 14 42 41 22 11 23 32 23 14 44 23 33 11 22 32 33
1 23 11 14 23 11 32 41 41 14 11 32 41 23 14 22 11 11 22 44 22 11 23 32 23 14 44 22 32 14 22 32 33
1 23 14 11 22 14 32 41 41 14 14 32 41 23 14 23 11 11 42 44 24 11 23 32 23 14 41 23 32 14 22 32 23
1 23 11 14 23 14 32 11 41 44 14 32 41 33 14 33 44 44 44 41 24 14 22 22 23 14 41 22 22 14 22 32 33
1 33 14 11 33 44 32 41 11 44 14 32 44 23 44 22 14 14 42 41 22 14 23 32 23 14 11 33 32 44 23 32 33
1 23 14 11 23 14 32 11 41 14 14 22 41 33 14 23 14 14 42 41 24 14 33 22 22 14 41 23 22 44 22 32 33
1 23 11 11 23 14 33 44 44 11 14 32 41 22 11 22 14 14 44 44 22 11 22 32 22 14 44 22 32 14 22 33 33
1 23 11 11 33 11 22 11 44 14 11 32 44 23 14 22 11 14 42 44 22 11 23 32 22 44 44 22 33 11 22 32 23
1 22 11 11 22 11 33 44 44 11 11 32 44 22 11 22 14 11 42 44 22 11 22 32 22 11 44 22 33 11 22 32 22
1 22 11 11 22 11 33 44 44 11 11 33 44 22 11 22 11 11 44 44 22 11 22 33 22 11 44 22 33 11 22 33 22
1 23 11 11 23 11 33 41 41 14 14 33 41 23 14 23 14 14 44 44 22 11 23 32 22 11 44 22 32 14 23 32 23
1 33 11 11 33 14 32 41 41 44 11 32 44 22 14 23 11 44 44 44 22 11 23 22 22 44 41 22 22 11 23 22 23
1 23 11 11 22 11 33 44 44 14 11 33 44 22 11 23 11 11 44 44 22 11 22 32 22 11 44 22 33 11 22 33 23
1 22 11 11 22 11 33 44 44 14 11 32 44 22 11 22 11 11 44 44 22 11 23 22 22 11 41 22 33 11 23 32 33
1 22 11 11 22 11 33 44 44 11 11 33 44 22 11 22 11 11 44 44 22 11 22 33 22 11 44 22 33 11 22 33 22
1 23 14 11 23 14 32 41 41 14 14 32 41 23 14 23 11 11 42 44 24 14 23 32 22 11 41 23 32 14 22 32 22
1 33 14 44 33 44 32 11 11 44 44 22 11 33 44 23 44 44 22 11 44 14 33 22 23 44 11 23 22 44 33 22 33
1 23 11 14 23 11 33 44 44 11 11 33 44 22 14 22 14 14 42 44 22 11 22 33 22 11 44 22 22 11 22 32 22
1 22 11 14 22 11 33 44 44 14 11 32 44 22 11 23 11 14 42 44 22 11 22 32 22 11 44 23 32 11 22 32 22
1 33 11 14 23 44 32 41 41 14 14 32 11 33 14 33 44 44 22 11 22 11 23 32 22 44 11 22 22 14 22 32 33
1 22 11 11 22 11 33 44 44 14 11 33 44 23 11 22 11 11 44 44 24 11 22 32 22 11 41 22 33 11 23 33 23
1 23 11 11 22 11 32 11 44 14 14 33 44 22 11 22 14 14 42 44 22 11 22 33 22 14 44 22 32 11 23 33 23
1 22 11 11 22 14 33 41 41 11 11 33 41 22 11 22 11 11 42 44 22 11 23 33 22 11 44 22 32 11 22 33 22
1 33 11 11 33 14 22 44 11 14 14 32 41 22 44 23 11 14 22 44 24 14 33 22 22 11 41 22 22 14 23 32 33
1 22 11 11 22 11 33 44 44 11 11 32 44 22 11 22 11 11 44 44 22 11 23 32 22 14 41 22 32 11 22 32 22
1 23 11 11 23 11 33 44 44 11 11 33 44 23 11 22 11 11 44 44 22 11 23 33 22 14 44 22 33 14 22 33 22
1 22 11 11 22 11 33 44 44 11 11 33 44 22 11 22 11 11 44 44 22 11 22 33 22 14 44 22 33 11 22 33 22
1 23 11 14 23 14 33 11 41 11 11 32 44 23 11 23 11 14 42 44 22 14 23 32 22 44 41 22 32 44 22 33 23
1 23 11 14 23 11 33 44 44 11 11 33 44 22 11 22 11 11 44 44 22 11 23 33 22 11 44 22 33 11 22 33 22
1 22 14 11 22 14 33 41 44 11 11 32 44 23 14 23 14 11 42 44 22 11 23 32 22 11 41 23 32 11 23 32 23
1 22 11 14 23 14 32 44 11 14 14 32 41 23 14 23 14 44 22 44 44 11 33 22 22 14 41 23 22 14 22 22 23
1 33 11 14 23 44 22 41 41 14 44 33 44 23 14 23 14 14 42 41 22 11 33 22 22 14 41 23 32 14 22 22 33
1 23 11 11 23 14 33 41 41 14 14 32 41 23 11 23 14 14 42 41 22 11 22 32 22 14 41 22 33 11 23 32 23
1 23 14 14 23 14 32 11 41 11 11 32 41 23 11 22 11 14 42 44 24 11 23 32 23 14 44 23 32 11 23 32 22
1 23 11 14 23 14 32 11 44 44 14 32 44 33 11 22 11 44 42 44 24 11 22 32 22 14 41 22 32 11 23 32 23
1 23 11 11 22 14 32 44 44 14 14 33 41 22 14 23 11 14 42 44 24 11 23 32 22 14 41 22 33 14 23 33 23
1 22 14 11 22 14 33 41 41 14 11 33 44 23 14 23 11 14 44 44 22 11 23 32 22 11 41 22 33 11 23 32 23
1 22 11 11 23 14 33 44 44 11 11 32 11 23 14 23 14 44 22 44 22 14 23 22 22 14 41 22 32 44 22 33 33
1 22 11 11 22 11 33 44 44 44 14 32 41 22 14 33 11 11 44 44 24 11 33 22 23 14 41 22 32 14 22 32 22
1 22 11 11 22 14 33 41 41 14 14 33 44 23 14 23 11 14 42 41 22 11 23 32 22 11 44 23 32 14 22 32 23
1 22 11 11 23 11 33 41 44 14 11 32 44 22 11 23 11 11 44 44 22 11 23 32 22 11 41 22 33 11 22 32 23
1 23 11 11 23 14 22 41 41 14 11 22 41 33 14 22 14 44 44 41 22 14 33 32 22 14 41 23 33 14 22 32 23
1 22 11 11 22 11 32 41 41 14 11 33 44 22 14 22 14 14 44 44 22 11 23 33 22 14 44 22 33 11 22 33 23
1 23 14 14 23 14 32 41 41 14 14 32 41 23 14 23 14 14 42 41 24 14 23 32 23 14 41 23 32 14 23 32 23
1 23 14 11 23 44 33 11 11 14 14 32 44 23 14 22 11 14 42 44 22 11 23 22 23 14 11 23 32 14 23 32 23
1 23 11 11 23 14 32 41 41 14 14 32 41 23 14 22 14 14 42 41 24 14 23 32 22 14 41 23 32 14 23 32 23
1 33 11 11 33 44 22 11 11 44 44 22 41 33 44 33 14 44 42 41 24 11 33 32 23 44 11 33 22 44 33 22 33
1 22 11 14 22 11 32 41 41 14 14 33 44 23 11 22 14 14 42 44 22 11 22 22 22 14 41 22 32 11 22 33 23
1 23 14 11 23 14 32 41 44 14 11 33 44 23 14 22 11 14 44 44 22 11 23 32 23 11 41 22 32 11 22 33 23
1 23 14 14 23 14 32 41 44 14 14 32 44 23 14 23 11 14 42 41 22 11 23 32 22 14 41 23 32 11 23 32 23
1 23 11 11 23 14 33 44 44 14 11 32 41 23 14 22 11 14 42 41 22 11 33 32 23 14 41 23 33 14 23 32 33
1 23 11 14 23 11 32 41 44 11 11 33 41 22 14 22 11 11 44 41 22 14 23 32 22 14 41 23 32 11 22 32 23
1 23 11 11 23 11 33 44 41 14 11 32 44 33 11 23 11 14 42 44 22 11 33 32 23 11 44 22 32 14 22 22 23
1 33 14 14 33 14 22 11 11 44 11 32 44 33 11 23 11 44 42 41 24 11 33 22 22 14 11 23 22 44 33 22 33
1 33 11 11 22 44 33 41 11 14 14 33 44 22 11 23 11 14 42 44 24 11 23 33 23 14 41 22 32 14 22 33 23
1 22 14 14 23 11 32 41 41 14 11 32 41 23 14 33 14 44 22 41 22 14 33 32 22 14 41 23 32 14 23 32 23
1 23 11 14 23 14 33 11 11 44 14 22 44 23 14 33 44 14 22 44 22 11 33 32 22 14 11 23 32 44 23 22 33
1 23 14 14 23 14 32 41 41 14 14 32 41 23 14 22 14 14 42 41 24 14 23 32 23 14 11 23 32 14 23 32 23
1 22 11 11 22 11 33 41 44 11 11 33 44 22 11 22 11 11 44 44 22 11 22 32 22 11 44 22 32 11 23 32 22
1 23 11 11 23 11 33 44 44 11 11 33 44 23 11 22 11 14 44 44 22 14 23 32 22 11 41 22 32 11 22 32 23
1 22 11 11 22 11 33 44 44 11 11 33 44 22 11 22 11 11 44 44 22 11 22 33 22 14 44 22 33 11 22 33 22
1 22 14 11 23 14 32 41 41 14 11 33 41 23 11 22 11 11 42 44 22 11 23 32 22 14 41 22 22 14 22 32 33
1 23 14 14 33 14 32 41 41 44 14 32 41 23 14 23 14 14 42 41 24 14 23 32 22 14 41 23 32 14 23 22 23
1 23 11 11 23 11 33 41 41 14 14 32 44 23 11 22 11 14 44 44 22 11 23 32 22 14 44 22 32 11 22 32 22
1 23 14 14 23 44 32 41 11 14 14 22 41 23 14 22 14 44 42 44 24 11 23 22 23 14 41 22 32 14 23 32 23
1 22 11 11 22 11 33 44 44 11 11 33 44 22 11 22 11 11 44 44 22 11 22 33 22 11 44 22 33 11 22 33 23
1 22 11 11 22 11 33 44 44 11 11 33 44 22 14 22 11 14 44 44 22 11 23 32 22 11 44 22 33 11 22 33 23
1 22 11 14 23 11 32 44 44 14 11 33 44 23 11 22 14 14 44 44 22 11 23 33 22 14 41 22 32 11 23 32 23
1 33 14 11 22 44 32 11 41 14 14 22 41 23 44 23 11 44 42 41 24 11 23 22 22 11 41 22 22 14 22 33 23
1 22 11 11 22 11 33 44 44 11 11 33 44 22 11 22 11 11 44 44 22 11 22 33 22 11 44 22 33 11 22 33 22
1 23 11 11 22 11 33 11 41 14 14 32 41 23 14 22 14 44 42 41 22 11 22 33 22 14 41 22 32 14 23 33 23
1 22 11 11 22 11 33 44 44 11 11 33 44 22 11 22 11 11 44 44 22 11 22 32 22 11 44 22 33 11 22 33 22
1 33 14 14 33 14 32 41 44 44 14 32 44 23 14 23 14 14 42 44 24 14 23 32 23 14 44 23 32 14 22 32 33
1 23 14 11 23 44 33 41 44 14 11 32 41 22 11 22 11 14 22 44 22 11 33 32 23 14 44 22 32 44 22 22 33
1 23 11 11 22 11 32 41 44 14 11 33 44 22 11 22 11 11 44 44 22 11 22 32 22 11 44 22 32 11 22 33 22
1 23 11 14 23 14 33 41 11 14 14 32 41 22 11 23 14 14 42 44 22 11 23 33 23 14 41 23 33 11 23 32 23
1 23 11 11 23 14 32 11 41 14 11 33 41 23 14 22 11 11 44 44 22 11 23 32 22 11 41 22 33 11 22 22 22
1 23 11 11 22 11 33 44 44 11 11 33 44 22 11 22 11 11 44 44 22 11 23 32 22 11 41 22 33 14 22 33 23
1 33 11 11 22 14 32 11 41 14 11 32 41 23 14 22 14 11 42 41 24 14 23 32 22 44 11 33 32 14 23 32 23
1 23 14 11 22 11 32 44 44 14 11 33 41 23 14 22 14 11 42 44 22 11 23 32 22 11 44 22 33 11 22 33 22
1 23 11 11 23 11 33 41 44 11 14 33 44 22 11 22 11 14 44 44 22 11 23 32 22 14 44 22 32 14 22 33 22
1 22 14 11 23 14 33 41 41 14 11 32 44 22 14 23 11 11 42 44 24 14 22 32 22 14 41 22 32 14 22 32 23
1 23 14 14 23 14 32 41 44 14 11 22 41 23 44 23 11 14 42 41 22 11 23 22 23 44 44 23 32 14 22 22 22
1 33 14 14 22 44 32 41 11 14 14 22 41 23 44 23 14 14 22 44 24 14 33 32 22 14 11 23 32 14 23 32 33
1 22 14 11 22 11 33 41 44 14 11 32 44 22 11 23 14 11 42 44 22 11 23 32 22 11 44 22 22 11 22 32 23
1 23 14 14 22 14 32 41 41 44 14 32 41 33 44 23 14 14 42 41 22 14 33 22 22 44 41 23 22 44 22 32 23
1 23 11 11 23 14 33 11 41 44 14 22 41 23 14 22 11 11 44 44 24 11 22 32 22 11 41 22 22 14 23 32 22
1 22 11 14 22 14 32 41 41 11 11 33 41 23 11 22 11 11 44 44 24 11 23 32 22 14 41 22 33 44 23 32 23
1 23 11 14 23 14 32 41 41 14 14 32 44 23 11 23 14 14 42 41 22 11 23 32 22 14 41 23 32 14 23 32 23
1 22 14 11 22 11 33 44 44 14 11 32 44 22 11 22 11 11 44 44 22 11 23 33 22 11 44 22 33 11 22 33 22
1 23 11 11 22 11 33 44 44 11 11 33 44 22 14 22 11 14 44 44 22 11 22 33 22 14 44 22 33 11 22 33 22
1 22 11 11 22 11 33 44 44 11 11 33 44 22 14 22 11 14 42 44 22 11 23 32 22 14 44 22 22 11 22 33 23
1 22 11 14 33 14 22 11 11 44 14 22 44 33 14 23 14 11 22 44 22 44 33 32 23 44 41 22 22 44 22 32 33
1 22 11 11 22 11 33 44 44 11 11 33 44 22 11 22 11 11 44 44 22 11 22 33 22 11 44 22 33 11 22 33 22
1 33 14 11 23 44 32 41 41 44 14 33 41 23 11 23 14 14 42 41 24 14 33 32 23 14 41 23 22 14 23 32 23
1 33 44 11 23 14 32 11 11 44 44 32 41 23 44 23 44 11 22 11 22 11 33 32 23 44 11 23 22 14 33 22 33
1 23 11 11 23 14 32 44 41 11 14 32 44 23 14 23 14 14 42 41 22 14 23 32 22 11 41 23 32 14 23 33 23
1 23 14 14 23 44 22 11 11 44 44 22 11 22 14 22 11 14 42 11 24 14 33 32 22 14 11 22 22 14 23 33 33
1 22 14 11 22 44 33 44 44 14 11 33 41 23 11 22 11 11 22 44 22 11 22 32 22 11 11 22 32 11 22 33 23
1 22 14 11 23 14 33 41 44 14 11 32 41 23 14 22 11 14 42 44 22 11 22 33 23 14 41 22 32 11 23 32 22
1 23 14 11 23 14 32 41 41 14 14 33 41 23 14 22 14 14 42 44 22 11 33 32 22 14 41 23 32 14 22 32 23
1 23 11 11 33 14 33 11 41 11 11 33 41 23 14 22 11 11 42 44 24 11 23 32 22 14 44 22 32 14 22 32 23
1 23 14 14 23 44 22 41 41 14 44 22 41 23 44 23 14 14 42 41 24 14 33 22 23 14 41 23 22 14 23 32 23
1 23 14 14 23 14 32 41 41 14 14 32 41 23 14 23 14 14 42 41 24 14 23 32 22 14 41 23 32 14 23 32 23
1 33 14 14 23 14 32 41 11 14 14 32 41 23 14 23 14 14 42 41 24 14 23 22 22 44 41 23 32 14 23 32 23
1 22 14 11 33 14 33 11 41 14 14 33 44 23 11 22 14 44 42 44 22 14 23 32 22 14 41 23 22 14 33 22 23
1 23 11 44 33 14 32 11 41 14 14 33 41 22 14 33 11 14 42 44 24 11 33 22 22 44 11 22 22 44 23 32 23
1 23 11 11 23 11 33 44 44 11 11 33 44 22 11 22 11 11 42 44 22 11 22 33 22 14 41 23 33 11 22 33 23
1 22 11 11 22 14 33 44 41 11 11 33 44 22 11 22 11 14 44 44 22 11 22 33 22 11 44 23 33 11 22 33 23
1 23 11 11 22 11 33 44 44 11 11 32 44 22 14 23 11 11 42 44 22 14 23 33 22 14 41 22 32 11 22 32 23
1 33 11 14 23 14 32 44 41 14 11 22 44 33 14 22 14 14 42 44 22 11 23 32 23 14 41 22 32 14 33 22 23
1 23 14 11 22 14 32 11 44 14 11 33 44 22 11 22 11 11 44 44 22 11 22 33 22 14 41 22 33 11 22 32 22
1 23 14 14 23 14 32 41 41 11 14 32 41 23 14 22 14 14 42 44 24 14 23 32 23 14 41 23 32 14 22 32 23
1 33 11 11 22 14 33 11 41 14 14 33 44 33 11 33 14 44 22 44 22 14 23 22 22 14 44 22 22 14 23 32 33
1 23 11 11 22 14 32 44 44 11 11 33 44 22 11 22 11 11 42 44 22 11 23 33 22 14 41 22 32 11 22 32 23
1 22 11 11 22 11 33 44 44 11 11 33 44 22 11 22 11 11 44 44 22 11 22 33 22 11 44 22 33 11 22 33 22
1 23 11 14 23 11 33 41 41 11 14 32 41 22 11 23 11 14 42 44 22 11 23 32 22 14 41 23 32 14 22 33 23
1 23 14 14 23 14 32 41 41 14 14 32 41 23 14 22 14 44 42 41 22 14 23 32 22 14 44 23 32 14 23 32 23
1 33 14 14 22 14 22 41 41 14 44 22 41 33 14 22 14 44 22 44 22 11 23 22 23 14 11 23 32 11 22 32 23
1 23 11 14 23 11 32 41 41 14 11 32 41 22 14 22 11 11 42 44 22 11 22 33 22 44 44 22 32 11 22 22 23
1 23 11 11 23 14 32 44 41 14 11 32 44 23 14 22 11 14 44 44 22 11 23 33 22 14 41 22 33 14 23 32 23
1 23 11 11 22 11 33 41 41 14 11 32 44 22 11 22 11 14 42 44 22 14 23 32 22 14 41 23 32 11 22 33 22
1 22 11 11 22 11 33 44 44 14 11 33 44 23 14 22 11 11 44 44 22 11 22 33 22 11 44 22 32 11 22 33 22
1 23 11 11 22 11 32 41 44 11 11 33 44 22 14 23 14 14 42 44 22 11 22 32 22 11 41 22 32 14 23 33 23
1 23 14 14 22 14 33 41 41 14 11 22 44 23 14 23 11 44 22 44 22 11 23 32 22 14 41 22 33 11 22 32 33
1 33 11 11 23 14 32 11 44 14 14 22 41 33 14 23 11 44 42 41 24 11 33 22 23 14 11 23 32 14 22 22 33
1 22 44 14 33 11 22 44 41 11 11 32 41 22 11 23 14 11 44 44 22 11 22 32 22 14 41 22 33 44 22 33 22
1 23 11 11 22 11 33 44 44 11 11 33 41 22 11 22 11 11 42 44 22 11 23 33 23 14 44 22 32 11 22 32 23
1 22 11 11 22 11 33 44 44 11 11 33 44 22 11 22 11 11 44 44 22 11 22 33 22 11 44 22 33 11 22 33 22
1 23 11 14 23 11 32 41 41 14 14 32 41 23 14 23 11 14 42 44 24 11 23 32 22 14 41 23 32 14 23 32 23
1 33 11 11 22 11 33 44 44 11 14 32 41 22 14 22 11 11 44 44 24 11 33 32 22 14 44 22 33 11 22 32 22
1 23 11 14 23 11 33 11 41 14 14 33 44 23 14 23 11 44 42 44 22 11 33 32 22 14 41 23 22 14 22 32 22
1 22 11 11 22 14 33 44 44 14 11 32 44 22 11 22 11 14 44 44 22 11 22 32 23 11 41 22 32 11 22 33 22
1 22 11 11 23 14 33 41 41 14 11 33 44 22 14 22 11 11 44 44 22 11 22 32 22 11 44 22 32 11 22 33 23
1 23 11 11 22 11 33 41 41 11 11 33 44 23 11 22 11 11 44 44 22 11 23 32 22 11 41 22 33 11 22 32 22
1 22 11 14 23 11 33 44 41 14 11 33 44 22 11 22 11 11 42 44 22 11 23 32 22 11 44 22 32 11 22 32 33
1 22 11 11 22 11 33 44 44 11 11 33 44 22 11 22 11 11 44 44 22 11 23 32 22 11 44 22 32 11 22 33 22
1 33 14 14 33 14 22 11 11 44 14 32 41 33 44 33 14 14 22 41 24 14 23 22 33 44 11 22 22 44 23 22 33
1 23 11 14 23 14 32 41 41 14 14 32 11 33 11 22 11 14 22 41 22 11 33 22 22 14 41 23 32 14 22 22 33
1 33 11 14 23 14 32 41 41 14 14 32 41 33 14 23 14 14 44 44 24 14 23 32 22 14 41 23 32 14 22 32 23
1 22 14 11 23 11 32 41 11 14 11 32 41 23 44 22 11 11 42 41 22 14 33 32 23 14 41 22 32 44 22 32 23
1 23 11 11 23 11 33 41 41 14 14 32 44 22 11 22 11 14 42 41 22 11 23 33 22 11 41 23 32 11 22 32 23
1 23 14 11 33 44 32 11 11 44 11 32 44 22 14 23 14 11 22 44 24 11 33 32 23 11 11 23 22 14 33 32 23
1 23 14 14 23 11 32 41 41 44 14 32 41 23 14 23 14 14 22 44 24 11 33 32 23 44 11 23 22 14 23 32 23
1 33 14 11 33 44 33 11 44 14 11 32 44 23 11 22 11 11 22 41 22 11 22 32 22 14 41 23 22 11 22 33 22
1 23 14 14 23 14 32 41 41 14 14 32 44 23 14 23 14 14 42 41 22 11 23 32 23 14 41 23 32 14 23 32 33
1 22 11 11 22 11 32 44 41 14 14 33 44 22 11 22 11 11 42 44 22 11 23 22 22 14 41 22 33 11 22 32 23
1 22 11 11 23 11 32 41 41 11 11 33 41 23 11 22 11 14 44 44 22 11 22 32 22 11 44 22 32 14 22 33 33
1 23 14 11 23 14 32 41 41 14 14 32 41 23 11 22 14 11 42 44 24 11 23 32 22 14 41 22 33 44 23 33 22
1 23 11 11 22 14 33 41 41 14 14 33 44 23 14 23 11 14 42 44 22 11 33 22 22 11 11 22 22 14 22 32 33
1 22 11 11 23 11 32 11 41 14 44 32 41 33 11 22 11 14 42 41 22 11 33 33 22 11 41 33 22 14 23 32 23
1 23 14 14 22 14 32 41 41 14 14 32 41 23 14 23 14 11 42 41 24 11 23 33 23 14 41 22 32 14 23 32 23
1 23 14 14 22 14 32 41 41 14 14 22 41 23 14 23 14 44 42 11 22 14 33 33 23 14 11 23 22 14 23 32 33
1 23 14 14 23 14 32 41 41 14 14 32 41 23 14 22 14 14 42 41 22 14 23 32 22 14 41 23 32 14 33 32 23
1 22 11 11 22 11 33 44 44 11 11 22 44 23 11 23 11 14 44 44 22 11 22 32 22 11 41 23 32 11 22 33 33
