 rs2045331 rs2045332 rs2606411 rs12403214 rs4648441 rs1473386 rs16823228 rs2842909 rs2925499 rs2842906 rs1890339 rs10909845 rs11583804 rs878201 rs2485944 rs2485945 rs12752801 rs4072769 rs12044030 rs12046158 rs7533362 rs6681741 rs1572657 rs10797373 rs10909852 rs12022429 rs2027262 rs6685625
0 44 44 32 24 44 22 11 33 23 44 31 33 11 41 33 22 33 44 22 23 44 32 11 14 22 44 22 22
0 44 44 33 22 44 22 11 33 22 44 33 33 11 44 33 22 33 44 22 22 44 33 11 11 22 44 22 23
0 44 44 33 24 42 22 14 33 23 44 31 32 11 44 32 23 32 44 23 23 41 32 14 14 23 44 22 23
0 44 41 22 24 44 23 11 33 22 44 33 33 11 44 33 22 33 44 22 33 44 33 11 11 22 44 22 33
0 44 44 32 24 42 22 14 33 23 44 33 33 11 44 33 22 33 44 23 22 44 33 11 11 22 44 22 22
0 44 44 32 44 44 23 14 32 22 44 31 33 11 11 33 22 32 44 22 33 44 22 11 44 22 44 23 33
0 41 41 22 24 42 22 14 32 23 44 11 32 14 41 22 23 32 41 23 33 41 22 44 14 33 41 23 33
0 44 44 22 22 44 22 11 33 22 44 33 33 11 44 33 23 33 44 22 23 44 33 11 11 22 44 22 22
0 41 44 33 44 44 22 14 33 22 44 11 32 11 44 32 23 32 44 33 23 44 32 11 11 23 44 22 23
0 11 44 22 44 44 23 44 32 33 41 31 33 14 11 22 33 32 44 23 23 11 22 14 14 23 11 33 23
0 44 44 32 22 42 22 14 33 23 44 33 33 11 44 33 22 33 44 22 22 44 32 11 11 22 44 22 22
0 41 41 32 24 22 22 14 32 23 41 31 22 14 41 32 22 33 41 23 23 41 32 44 44 23 41 22 33
0 41 44 22 44 42 22 44 33 22 44 33 32 14 41 32 23 33 44 33 33 41 32 44 44 23 44 22 33
0 44 44 33 22 44 22 11 33 22 44 33 33 11 44 33 22 33 44 22 22 44 33 11 11 22 44 22 23
0 44 44 33 44 44 23 11 33 22 41 33 33 11 44 33 22 33 44 23 22 41 32 14 11 22 44 22 22
0 44 44 33 24 44 22 11 33 22 44 33 33 11 44 33 22 33 44 22 23 44 33 11 11 22 44 22 23
0 41 44 22 24 42 23 14 32 22 41 31 32 14 41 32 22 32 41 23 23 41 32 14 14 23 44 23 23
0 41 44 32 22 44 22 11 33 22 44 31 33 11 44 32 22 33 44 22 22 44 32 14 11 23 44 22 23
0 41 44 33 22 44 22 11 33 22 44 33 33 11 44 33 22 33 44 22 23 44 33 11 11 22 44 22 22
0 41 44 32 22 42 22 11 32 23 41 31 33 11 41 22 23 33 41 23 23 44 32 14 11 23 44 22 23
0 44 44 33 24 44 22 14 33 22 44 31 33 11 44 33 22 33 44 22 22 44 33 14 11 22 44 22 22
0 41 41 32 22 42 23 14 33 22 44 11 33 14 44 32 23 33 44 22 22 44 22 14 14 23 44 23 23
0 44 44 32 24 42 22 14 32 23 41 31 33 14 44 32 23 32 44 23 23 44 32 11 14 22 44 22 23
0 44 44 33 22 44 22 11 33 22 44 33 33 11 41 33 22 33 44 22 23 44 33 44 14 22 44 22 33
0 44 44 33 24 42 22 11 33 23 41 11 33 11 44 32 23 33 44 22 23 41 33 14 11 23 44 22 23
0 44 44 33 22 42 22 11 33 22 44 31 33 11 44 33 22 33 41 22 33 44 33 14 11 22 44 22 22
0 44 44 33 24 44 23 11 33 23 44 33 33 14 44 32 22 33 44 22 22 44 33 14 14 23 44 23 23
0 41 44 33 24 42 23 14 32 23 44 31 33 11 41 33 22 33 44 23 23 44 32 11 14 22 44 22 23
0 44 44 33 24 42 22 14 32 22 44 33 33 11 44 33 22 33 44 22 22 44 32 14 11 22 44 22 23
0 41 44 32 22 22 22 14 33 22 44 31 32 11 44 22 22 33 44 22 23 44 32 11 11 22 41 22 23
0 44 41 32 24 44 22 14 33 22 44 33 33 11 44 32 23 33 44 23 23 44 32 14 14 23 44 22 23
0 44 44 33 22 44 22 14 33 22 44 33 33 11 44 33 22 33 44 22 22 44 33 11 14 22 44 22 22
0 44 44 33 24 44 23 11 33 22 44 31 32 11 44 33 22 33 44 22 23 41 33 11 44 22 41 22 23
0 44 44 22 22 44 22 14 33 22 44 33 33 14 44 33 22 33 44 22 22 44 33 14 11 22 44 22 22
0 41 44 32 24 22 22 14 32 23 44 33 32 11 41 32 22 33 41 22 33 44 32 14 44 23 44 22 23
0 44 44 32 24 42 22 11 33 22 44 11 33 14 44 32 22 33 41 22 22 44 32 14 14 23 44 22 33
0 11 41 32 24 42 23 11 33 23 44 11 33 14 41 32 23 33 41 23 23 41 32 14 11 22 44 22 33
0 44 44 32 22 42 22 14 32 22 44 33 33 11 44 33 23 33 41 22 23 44 32 11 11 23 44 22 22
0 44 44 32 22 44 22 14 33 22 44 31 33 14 44 33 22 33 44 22 23 41 33 14 11 22 44 22 22
0 44 44 33 22 44 22 14 33 22 44 33 33 11 41 32 22 33 44 23 22 44 32 11 14 22 44 22 23
0 44 44 22 44 44 22 14 33 23 41 33 33 14 41 32 23 32 44 23 23 44 32 14 14 22 41 23 33
0 44 41 32 24 44 22 11 32 22 44 11 32 14 44 33 23 32 44 23 22 41 32 11 14 22 44 22 23
0 41 44 32 22 42 22 14 32 22 44 31 33 11 41 32 22 33 44 22 23 41 33 14 11 23 44 22 23
0 41 41 32 24 22 23 44 32 23 44 31 32 14 44 32 23 33 44 23 23 44 32 14 14 33 44 22 23
0 44 44 22 24 44 22 14 33 22 44 33 33 11 41 33 22 32 41 23 23 44 32 14 14 22 44 22 22
0 44 44 32 24 42 22 14 32 22 44 11 32 14 41 32 23 33 41 23 23 41 22 14 11 23 44 22 33
0 44 44 32 44 42 22 14 32 22 44 31 32 14 41 32 23 33 41 23 23 44 22 14 14 22 41 22 33
0 44 44 33 24 22 22 11 33 23 44 31 33 11 44 32 22 33 44 23 23 44 22 11 14 23 44 22 22
0 41 44 22 44 44 33 14 32 22 41 11 33 11 41 32 22 33 44 22 22 44 22 14 11 22 41 22 22
0 44 41 32 24 42 22 14 32 23 44 31 33 11 11 33 22 32 41 23 22 44 33 14 11 23 44 22 22
0 44 44 33 24 44 22 11 33 23 41 31 33 11 44 33 22 33 44 22 22 41 33 14 14 22 44 22 23
0 41 44 33 24 42 22 11 33 33 41 31 33 11 44 33 23 32 41 22 33 44 22 14 11 22 44 22 33
0 44 44 33 24 42 22 14 33 22 44 31 33 11 44 33 22 33 41 22 22 44 32 11 14 22 44 22 23
0 41 44 33 22 42 22 11 33 23 44 31 33 11 44 33 22 33 44 22 23 44 33 11 11 22 44 22 22
0 44 44 32 24 42 22 11 33 22 44 31 33 11 44 33 22 33 44 22 22 41 33 11 11 22 44 22 23
0 44 44 32 44 22 22 14 33 22 41 11 22 44 44 32 23 32 41 23 23 41 33 14 44 22 44 23 23
0 44 44 22 24 42 22 11 33 22 44 11 33 11 44 32 22 33 44 23 22 44 33 14 11 23 44 22 22
0 44 41 33 24 44 22 11 33 22 44 31 33 11 41 33 23 33 41 22 22 44 32 14 14 23 44 22 23
0 44 44 33 22 42 22 11 33 22 44 33 33 11 41 33 22 33 44 22 22 44 33 11 11 22 44 22 22
0 44 41 33 24 44 23 14 32 22 44 33 33 11 44 33 23 32 44 23 23 44 33 11 11 23 44 23 33
0 41 44 32 24 42 23 11 32 23 41 11 32 44 41 32 33 32 41 33 33 44 32 11 44 23 41 23 23
0 44 44 33 24 44 22 14 33 22 44 33 33 11 44 33 22 33 44 22 22 44 33 11 14 22 44 22 23
0 41 44 22 44 42 33 14 22 22 44 11 32 14 44 32 22 32 41 23 33 44 22 11 14 22 41 33 33
0 44 41 22 22 42 22 14 33 22 41 31 22 11 44 32 22 32 44 22 23 44 32 44 14 22 11 22 23
0 41 44 22 44 44 22 14 33 22 41 31 33 14 11 32 22 32 41 23 33 11 32 44 14 23 44 23 33
0 44 44 33 22 44 22 14 33 23 44 33 33 11 41 33 22 33 44 22 22 44 33 11 11 22 44 22 23
0 41 44 32 24 42 23 14 32 22 41 31 32 14 44 32 22 32 44 22 23 44 33 14 11 22 44 22 23
0 44 44 32 24 42 22 14 33 22 44 31 32 11 41 33 22 32 44 22 23 44 33 14 11 22 41 22 23
0 44 44 33 44 44 23 14 32 22 41 11 32 11 41 32 22 32 44 23 23 11 33 11 11 22 41 22 33
0 41 44 32 22 44 22 44 32 22 44 31 33 11 44 32 22 33 44 23 23 44 32 11 14 23 44 22 23
0 44 44 22 44 42 23 14 33 33 44 31 32 14 41 32 22 33 44 23 23 44 32 44 11 33 44 23 22
0 41 44 32 22 44 22 14 33 22 44 31 33 11 44 33 23 33 44 22 23 44 32 11 11 23 44 22 33
0 44 44 22 24 42 22 11 32 22 44 11 32 11 41 32 22 33 44 22 23 44 22 14 14 33 44 23 23
0 44 44 22 24 42 23 11 33 22 41 11 33 14 44 33 23 32 41 33 23 41 32 44 11 33 41 23 23
0 44 44 32 24 42 22 14 32 23 41 11 22 11 44 32 22 32 41 23 22 41 32 44 11 23 44 22 33
0 41 41 32 44 22 23 14 32 23 44 33 32 11 41 32 23 33 11 23 23 44 32 14 14 23 41 23 33
0 44 44 32 22 44 22 11 33 22 44 31 33 14 44 33 22 33 44 22 22 44 33 14 11 22 44 22 22
0 44 44 32 22 42 23 14 33 22 44 31 32 14 44 32 23 33 44 22 23 44 33 14 11 22 41 23 23
0 44 44 22 24 22 22 44 32 23 44 11 32 11 41 33 22 33 44 23 22 41 32 44 11 22 44 23 22
0 41 41 22 44 44 22 44 32 33 44 11 32 14 44 32 23 22 41 22 23 44 32 44 14 22 44 22 23
0 44 44 33 24 42 23 11 32 22 44 31 33 11 41 32 23 33 41 23 22 41 32 14 14 22 41 22 33
0 41 44 33 22 42 22 14 33 22 44 33 33 11 44 33 23 32 44 22 22 44 33 14 14 23 44 22 22
0 44 44 33 24 42 22 14 33 22 44 33 33 11 44 33 22 33 44 22 33 44 22 14 11 22 41 22 33
0 41 44 33 24 42 22 14 32 22 44 31 33 14 44 32 22 32 44 22 23 41 33 11 11 23 41 22 23
0 41 44 33 24 22 22 11 32 33 41 31 33 11 44 33 22 33 44 33 23 44 22 14 11 22 44 22 22
0 44 44 33 24 44 22 11 33 22 44 33 33 11 44 33 22 33 44 23 22 44 33 11 14 23 44 22 22
0 44 41 33 22 42 22 14 33 33 44 31 32 11 41 33 23 33 44 23 23 41 22 14 14 33 41 23 23
0 44 44 33 44 42 22 14 33 22 44 31 33 11 44 33 22 32 44 22 23 44 32 11 14 22 44 22 22
0 41 44 32 44 22 22 14 32 22 11 11 33 14 41 22 22 32 44 23 23 44 32 11 14 22 41 23 33
0 11 44 22 24 42 23 14 33 22 44 11 32 11 44 32 22 33 44 22 33 44 32 11 14 23 41 22 33
0 41 44 33 22 44 22 14 32 22 44 11 33 11 44 33 22 32 44 22 22 44 33 11 11 22 41 22 22
0 41 11 32 22 42 23 44 32 23 41 31 32 14 41 22 23 32 41 22 23 44 32 14 14 22 44 22 33
0 44 44 33 22 44 22 11 33 22 44 33 33 11 44 33 22 33 44 23 22 44 32 11 11 22 44 22 23
0 44 44 32 44 42 22 14 33 22 44 31 32 11 44 33 22 33 44 23 22 41 32 14 11 23 44 23 23
0 44 44 33 22 42 22 14 33 22 44 33 33 11 41 33 22 33 44 23 22 41 33 11 11 22 44 22 22
0 44 44 33 24 44 22 11 33 22 44 33 33 11 44 33 22 32 44 23 23 44 33 11 11 22 44 22 23
0 44 44 33 24 42 22 11 33 33 44 11 32 14 41 33 23 33 41 23 23 11 22 44 14 22 44 22 23
0 44 44 33 24 44 22 14 33 22 44 33 33 11 44 33 22 33 44 22 22 44 32 14 11 22 44 22 23
0 44 44 32 24 44 23 11 32 23 41 11 33 11 41 33 22 33 41 23 23 44 32 11 11 22 44 22 22
0 41 41 32 22 42 22 14 32 23 41 31 33 11 41 22 22 32 41 22 23 41 32 44 14 23 41 23 23
0 44 44 33 22 44 22 14 33 22 44 33 33 11 44 33 22 33 44 22 22 44 33 11 11 22 44 22 23
0 11 41 22 44 42 23 44 22 23 11 11 32 11 41 32 23 33 41 23 33 41 22 44 14 33 41 33 33
0 44 44 33 24 42 22 11 33 22 41 31 32 44 41 32 22 32 44 22 23 44 32 14 14 23 41 22 23
0 44 44 33 24 42 22 14 32 22 44 31 33 11 44 32 22 33 44 23 23 44 32 14 11 22 44 22 23
0 44 44 33 22 44 22 11 33 22 44 33 33 11 44 33 22 33 44 23 22 44 33 11 11 22 44 22 22
0 44 44 22 24 42 22 44 22 23 11 11 33 14 11 22 22 22 44 23 33 11 22 44 11 33 44 23 23
0 44 44 33 24 42 22 11 33 22 44 33 33 14 44 33 22 33 44 23 22 44 33 11 11 22 44 23 22
0 44 44 32 24 44 22 14 32 22 44 33 33 14 41 22 22 32 44 22 23 44 32 11 14 22 44 22 22
0 44 41 22 44 42 33 14 32 33 41 11 33 11 41 22 23 32 44 33 22 44 32 44 14 22 44 33 23
0 41 44 32 44 44 23 14 33 22 44 31 33 14 44 33 22 32 44 22 23 41 33 11 14 23 44 23 33
0 41 44 32 22 44 22 11 33 22 41 31 33 11 44 32 23 32 44 22 22 44 32 14 11 23 41 22 22
0 44 44 32 24 44 22 14 32 22 44 33 33 14 44 32 22 32 44 22 22 44 32 14 11 23 44 22 22
0 44 44 32 24 42 22 14 33 23 41 33 33 11 44 33 22 33 41 22 23 44 32 14 11 23 44 22 22
0 11 11 32 44 22 33 44 32 33 44 11 33 14 44 22 23 33 41 33 33 41 22 44 44 22 44 23 33
0 41 44 32 24 44 22 11 33 22 41 31 33 14 44 33 22 33 41 22 33 44 33 11 14 22 44 22 23
0 44 44 22 24 42 22 14 33 23 44 31 33 11 44 33 22 33 44 23 23 44 32 11 11 22 44 23 23
0 44 44 33 24 42 22 11 33 22 44 33 33 11 44 33 22 33 44 22 22 44 33 11 11 23 44 22 22
0 44 44 32 24 42 22 14 32 22 44 33 33 11 44 33 23 33 44 22 22 44 32 11 11 22 44 22 22
0 44 44 22 44 22 22 44 33 22 44 31 33 44 41 22 22 32 44 23 23 44 32 14 14 23 44 22 33
0 44 41 33 44 42 22 11 33 22 44 11 33 11 41 32 23 33 44 22 22 41 32 14 14 22 44 22 23
0 44 44 22 24 22 23 11 32 33 44 31 33 11 41 22 23 33 41 23 33 41 22 11 11 22 41 22 23
0 41 44 22 24 42 22 14 33 22 41 31 33 11 11 32 22 32 44 23 22 41 32 11 14 23 44 22 33
0 44 44 33 22 44 22 11 33 22 44 33 33 11 44 33 22 33 44 22 22 44 33 11 11 22 44 22 22
0 44 44 22 24 42 23 14 33 22 44 31 33 14 41 33 23 33 44 22 23 44 32 14 11 22 44 22 23
0 44 44 33 24 44 22 44 33 22 44 11 32 11 41 32 22 33 11 23 23 41 32 14 11 23 41 23 23
0 44 44 32 24 22 23 14 32 22 44 31 32 11 44 33 22 33 41 23 23 41 32 14 14 22 41 23 23
0 44 41 32 44 42 23 44 33 23 44 31 33 11 41 33 23 33 41 23 23 41 33 11 14 23 44 22 23
0 11 44 33 24 42 22 14 32 22 44 31 32 11 41 32 22 32 44 33 23 44 32 14 14 23 44 22 23
0 41 44 33 24 44 22 14 32 22 44 31 22 11 44 33 22 33 44 22 23 41 32 14 11 22 44 22 22
0 11 41 22 44 22 23 44 32 33 41 11 33 14 11 22 23 32 11 23 23 41 32 14 14 33 41 23 23
0 41 44 22 24 44 22 14 33 22 44 31 33 14 41 32 22 32 44 22 23 44 32 11 14 23 44 22 23
0 41 11 22 24 42 22 44 22 23 11 11 22 14 44 32 23 22 41 33 33 41 22 44 44 23 11 23 33
0 44 44 32 22 44 22 11 33 22 44 33 33 11 44 33 22 32 44 22 22 44 33 11 14 22 44 22 33
0 44 44 33 24 44 22 14 33 22 44 31 33 11 44 33 23 32 44 22 22 44 33 11 11 22 44 23 23
0 44 44 32 44 22 22 14 32 23 44 31 33 14 44 33 22 33 44 23 23 11 32 11 44 33 41 22 33
0 41 44 33 44 42 22 44 33 23 41 11 33 11 44 33 22 33 44 22 22 44 33 14 11 23 44 22 33
0 44 44 32 24 42 22 14 33 22 44 33 33 14 44 33 22 33 44 22 23 41 22 11 11 22 41 22 23
0 41 41 32 24 42 23 14 33 22 41 31 32 14 44 33 23 32 44 22 23 44 33 11 11 22 41 23 23
0 41 41 22 44 42 22 14 32 23 44 11 32 14 41 32 23 22 41 23 23 44 32 44 14 23 44 22 23
0 44 44 32 24 44 23 44 33 22 44 11 32 14 44 32 22 32 44 23 23 44 32 44 14 22 41 22 33
0 41 44 33 22 42 22 44 32 23 44 33 33 11 41 33 22 33 44 22 23 41 32 11 14 23 41 22 22
0 44 44 32 24 44 22 14 33 22 44 31 33 11 44 33 22 33 44 22 22 44 33 11 11 22 44 22 22
0 41 41 32 24 42 23 14 32 23 44 31 32 14 41 32 23 32 44 23 23 44 32 14 14 23 44 23 33
0 44 44 32 24 42 23 11 32 22 44 11 33 14 41 22 22 33 41 23 23 44 32 14 14 23 44 23 33
0 44 44 32 22 44 22 14 33 23 44 33 33 11 44 33 22 33 44 22 22 44 32 11 14 22 44 22 22
0 41 44 32 22 44 22 44 33 22 44 33 33 11 44 33 22 33 44 23 22 44 33 11 11 22 44 22 22
0 44 41 22 44 42 23 44 32 23 44 11 32 11 41 32 33 33 44 23 33 41 32 14 14 23 44 22 33
0 44 44 33 22 44 23 11 33 23 44 33 33 11 41 33 22 33 44 22 22 44 33 11 11 22 44 22 22
0 44 44 33 24 42 22 14 33 22 44 33 33 11 44 33 22 33 44 22 22 44 33 14 11 22 44 22 23
0 44 41 32 44 22 23 14 33 23 44 11 32 11 44 33 22 33 44 22 23 41 22 14 14 22 44 22 33
0 44 41 33 24 44 22 14 33 22 41 11 32 14 41 32 23 33 44 23 22 41 32 14 11 23 11 22 23
0 44 44 33 24 42 22 14 33 22 44 33 33 11 44 33 23 33 44 23 22 44 32 14 11 23 44 22 22
0 44 44 32 44 42 23 14 32 23 41 31 33 44 41 32 23 32 41 23 33 44 32 44 14 23 41 23 23
0 44 44 33 22 44 22 11 33 22 44 31 33 11 44 32 23 33 44 22 22 44 33 11 11 22 44 22 23
0 44 44 33 22 44 22 44 33 22 44 33 33 11 44 32 22 33 44 22 22 44 33 14 14 22 44 22 22
0 41 44 32 44 44 22 14 33 22 41 31 32 11 44 32 22 32 41 23 22 41 33 14 14 22 44 22 33
0 41 41 33 44 44 22 14 33 23 44 11 32 44 41 32 23 33 41 22 23 44 22 11 11 33 41 23 33
0 44 41 32 24 22 22 44 32 23 44 11 32 11 44 22 23 33 44 22 33 44 32 14 14 22 44 22 33
0 41 44 33 22 42 22 11 33 23 44 33 33 11 44 33 22 33 44 22 22 44 33 11 14 22 44 22 22
0 41 41 32 24 42 33 14 33 22 44 11 32 14 41 33 22 32 44 23 23 44 33 14 14 23 41 23 23
0 44 44 33 22 42 22 11 33 22 44 31 33 11 44 33 22 33 44 22 22 44 33 11 11 22 44 22 22
0 44 44 32 44 22 22 11 33 23 44 31 33 11 44 33 22 33 44 23 33 44 32 14 44 33 44 22 33
0 44 44 33 22 44 22 14 33 22 44 31 33 11 44 33 22 33 44 22 22 41 33 14 11 22 44 22 22
0 44 41 32 44 22 22 44 33 33 41 11 33 11 44 22 22 33 44 23 22 44 22 11 14 23 41 22 33
0 44 44 32 24 42 22 14 32 22 44 11 33 11 44 32 33 33 44 33 23 44 32 14 14 22 44 22 23
0 44 44 33 24 44 22 14 33 22 41 33 33 11 44 33 22 33 44 22 22 44 33 11 14 22 44 22 22
0 44 44 32 44 42 23 14 32 22 41 33 33 14 41 32 23 32 44 22 33 44 22 14 14 22 44 22 23
0 44 44 33 24 44 22 11 32 22 44 31 33 14 41 33 23 33 44 23 22 44 22 14 14 22 44 22 22
0 41 44 33 44 44 22 11 33 22 44 31 33 44 41 33 23 32 44 22 23 44 32 44 11 22 41 22 33
0 41 44 32 24 42 23 14 32 22 44 31 33 14 41 32 22 32 44 23 23 41 33 44 14 23 44 22 23
0 44 44 32 24 42 22 44 32 23 44 31 33 14 41 32 22 32 41 23 23 44 33 14 14 23 44 23 23
0 41 44 32 22 42 22 14 33 22 44 33 33 14 44 33 22 32 41 33 23 44 33 14 11 22 44 23 22
0 11 44 32 44 22 23 14 33 23 44 31 32 14 41 32 23 33 11 23 33 41 22 14 44 23 41 22 33
0 44 44 32 22 44 22 14 32 22 44 33 33 11 44 33 22 33 44 22 23 44 33 11 11 23 44 22 22
0 44 44 32 24 44 22 11 33 22 41 33 33 14 44 32 22 33 44 22 22 44 32 11 14 23 41 22 23
0 41 41 22 44 22 23 44 33 23 44 11 32 14 41 22 33 33 41 33 23 11 22 44 44 23 41 22 33
0 44 44 22 44 22 22 14 33 22 44 31 33 14 44 32 22 33 44 23 33 44 33 11 11 22 44 22 23
0 44 44 32 44 42 22 14 33 22 44 31 33 11 44 33 23 32 41 22 23 44 32 44 14 22 44 22 22
0 44 41 33 24 42 23 14 32 23 44 31 32 14 41 32 23 33 41 23 23 44 32 14 14 23 44 23 23
0 44 44 22 22 44 23 14 33 22 44 31 33 14 44 32 22 33 44 22 22 44 22 11 11 22 41 22 33
0 44 44 33 22 44 22 11 33 22 44 33 33 11 44 33 22 33 44 22 22 44 33 11 11 22 44 22 22
0 11 41 22 24 22 33 44 22 23 44 11 32 14 11 33 23 22 41 23 33 41 32 44 44 33 41 22 33
0 44 44 33 22 42 22 14 33 22 44 31 33 11 44 33 23 33 44 22 33 44 32 11 14 22 44 22 22
0 44 44 33 22 42 22 14 32 22 44 33 33 11 11 33 23 32 44 23 23 41 33 11 11 23 44 22 23
0 44 44 33 22 42 22 44 33 22 44 33 33 11 44 22 22 33 44 22 33 44 32 11 11 22 44 22 22
0 44 44 32 24 44 22 14 33 22 44 33 33 11 44 33 22 33 44 23 22 44 33 11 11 22 44 22 22
0 44 44 32 24 42 22 14 32 23 44 31 33 14 41 32 22 33 44 23 22 44 33 14 11 23 44 23 23
0 41 44 33 22 42 22 14 33 22 44 31 33 11 44 33 23 33 44 22 23 44 22 14 14 22 44 22 23
0 44 44 32 24 42 23 11 32 22 44 33 32 14 44 32 22 33 44 22 22 44 33 14 14 23 41 22 22
0 44 44 32 44 44 22 14 33 22 44 11 33 11 44 32 22 32 44 23 22 44 32 11 11 23 11 22 33
0 44 44 32 22 44 22 14 33 22 44 31 33 11 44 33 22 32 44 23 22 44 33 11 11 22 44 22 22
0 44 44 32 24 42 22 44 33 22 41 31 32 11 44 33 22 33 44 23 23 41 32 14 14 22 44 23 22
0 44 44 33 22 44 22 11 33 22 44 33 33 11 44 33 22 33 44 22 22 44 32 11 11 22 44 22 22
0 41 44 22 44 22 22 11 33 22 44 11 33 11 44 22 23 33 44 23 23 41 32 11 44 23 44 22 23
0 44 44 33 22 44 23 11 32 22 44 33 33 11 44 33 22 33 44 22 23 44 33 11 14 22 44 22 23
0 44 44 32 24 42 23 11 33 22 44 31 33 11 44 32 23 33 44 23 22 44 32 11 11 22 44 22 23
0 41 44 22 24 42 22 44 22 23 44 33 32 11 41 32 22 32 44 33 33 44 22 14 14 23 44 23 33
0 44 44 22 24 44 22 11 33 23 44 31 33 14 44 22 22 33 41 23 33 44 22 11 11 23 44 22 22
0 44 44 33 22 42 22 11 33 22 44 33 33 11 44 33 22 33 44 22 22 44 33 11 11 22 44 22 22
0 44 44 32 44 42 22 14 32 23 44 31 33 14 41 33 23 33 44 23 33 44 22 11 11 22 44 22 33
0 41 44 22 24 22 22 14 22 22 44 31 33 11 41 32 23 33 41 22 33 41 22 44 14 23 44 23 23
0 11 44 22 44 44 23 44 33 23 44 11 33 14 41 33 22 33 44 23 23 44 33 11 14 22 11 22 33
0 44 44 33 22 42 22 14 33 22 44 33 32 11 44 33 22 33 44 22 23 44 33 11 11 22 44 22 22
0 44 44 32 24 44 23 11 33 22 41 31 33 11 11 22 22 32 41 23 22 41 22 14 14 23 44 23 33
0 44 44 32 24 42 22 14 33 23 44 11 33 11 44 22 22 32 41 22 22 44 33 11 14 22 44 22 22
0 44 44 32 24 44 22 14 32 22 44 33 33 11 44 33 22 33 44 22 23 44 33 14 14 22 44 22 23
0 44 44 33 24 44 22 11 33 22 44 33 33 11 44 33 22 33 44 22 22 44 32 11 14 22 44 22 23
0 41 44 33 22 42 22 11 33 22 44 31 33 11 44 33 22 33 44 22 23 44 33 11 11 22 44 22 22
0 44 41 32 22 42 22 14 32 23 41 31 33 11 44 33 23 32 44 22 23 44 33 11 11 23 41 23 23
0 44 44 33 44 42 22 11 32 22 44 31 33 11 44 33 22 33 44 22 23 44 22 11 14 22 44 22 22
0 44 44 33 22 44 22 14 33 22 44 33 33 11 44 33 22 33 44 22 22 44 33 11 11 22 44 22 22
0 11 41 22 44 22 23 14 33 33 41 31 32 44 41 33 23 32 44 33 33 41 22 44 44 23 41 33 33
0 41 41 22 24 42 33 14 32 23 44 31 32 11 41 32 22 32 41 23 23 44 32 14 11 23 41 22 23
0 11 44 32 44 22 23 14 32 33 44 11 33 44 44 22 23 33 41 33 33 44 32 14 44 33 41 23 33
0 44 44 32 24 44 22 14 33 22 44 33 33 11 44 33 22 33 44 22 22 44 32 11 11 22 44 22 22
0 41 41 32 24 42 23 14 32 23 41 31 32 11 44 32 23 32 41 22 23 41 32 14 14 23 41 22 23
0 41 41 32 44 22 23 14 33 23 44 33 33 14 41 33 23 32 41 23 22 41 33 11 14 33 44 22 23
0 44 44 32 44 22 22 14 33 22 44 31 33 14 41 32 22 32 44 22 23 44 33 44 11 23 44 22 33
0 41 44 22 24 22 22 11 33 23 41 31 33 14 44 22 23 32 41 23 33 44 22 14 14 22 44 22 23
0 44 44 32 44 42 22 44 32 23 44 33 32 14 41 32 33 32 44 22 23 44 22 14 14 23 41 22 23
0 44 44 33 44 44 22 11 33 22 44 31 33 11 44 32 22 33 44 22 23 41 32 11 11 22 44 22 22
0 41 44 32 44 42 33 44 32 23 41 11 22 14 41 22 33 32 41 23 33 41 22 14 44 23 41 22 23
0 44 44 32 22 44 22 11 33 22 44 33 33 11 44 33 22 33 44 22 22 44 33 11 11 23 44 22 22
0 41 44 33 44 22 22 44 33 23 41 31 33 14 41 22 23 32 41 23 33 11 32 11 14 23 44 23 23
0 44 44 32 22 42 22 11 33 22 44 33 33 11 44 33 22 33 44 22 22 44 33 14 11 22 44 22 23
0 44 44 32 24 44 22 11 33 22 44 31 33 11 44 33 22 33 41 22 23 44 33 14 11 22 44 22 23
0 41 44 22 24 42 23 14 33 23 41 11 33 11 41 32 23 32 41 23 23 41 32 14 11 22 41 23 22
0 44 44 32 24 42 22 14 33 23 44 11 33 14 44 33 23 33 44 22 23 41 32 11 44 23 44 23 23
0 44 44 32 24 42 22 44 33 22 44 31 33 14 41 33 23 33 41 22 22 44 32 14 11 22 44 22 22
0 44 44 33 44 22 22 11 32 22 44 33 33 11 44 33 22 33 41 22 22 44 32 44 14 22 44 22 33
0 41 44 32 44 44 22 44 32 23 44 31 32 11 41 33 22 32 41 23 33 11 22 44 14 33 44 23 22
0 44 44 32 44 42 22 14 33 23 44 33 33 11 41 32 23 32 41 22 33 44 32 14 14 22 41 22 23
0 44 44 32 22 42 22 11 33 23 44 33 33 11 41 33 22 33 44 22 22 44 32 11 11 22 44 22 23
0 41 44 22 44 44 23 14 32 23 41 11 33 14 44 32 33 32 41 22 23 41 22 14 14 33 41 22 33
0 44 44 22 24 44 22 14 32 22 44 11 32 14 44 22 23 32 44 22 23 44 33 14 11 22 41 23 23
0 44 44 32 22 44 23 11 33 22 44 11 33 11 44 22 22 33 44 22 22 44 33 11 44 22 44 22 23
0 41 44 32 24 42 23 11 33 22 44 31 32 14 41 32 22 32 44 22 23 44 33 14 44 33 44 23 22
0 44 44 33 22 44 22 11 32 22 44 33 33 11 44 33 22 33 44 22 22 44 33 11 11 22 44 22 22
0 44 44 33 22 42 22 11 33 22 44 31 33 11 44 33 22 33 44 23 22 44 32 14 11 22 44 22 23
0 44 44 33 44 44 22 11 33 22 44 33 33 11 44 33 22 33 44 23 22 44 33 11 11 22 44 22 22
0 44 44 33 44 44 22 14 33 22 44 31 33 11 44 33 22 33 44 22 23 44 33 11 14 22 44 23 22
0 44 44 32 24 42 22 11 33 22 44 31 33 11 41 33 23 33 41 22 23 44 32 14 11 22 44 22 22
0 41 44 32 24 42 22 44 33 23 41 31 32 11 41 33 23 33 44 33 23 44 32 14 14 22 44 22 23
0 11 44 32 24 42 23 14 32 22 41 31 32 11 41 32 33 32 44 23 23 11 32 14 14 23 41 22 23
0 44 41 32 24 42 23 14 32 23 41 31 33 11 44 32 23 32 41 23 23 41 32 14 14 22 44 22 23
0 44 44 33 24 44 22 11 33 22 44 33 33 11 44 33 22 32 44 22 22 44 33 11 11 22 44 22 22
0 44 44 33 22 44 22 14 33 22 44 33 33 11 44 32 22 33 44 22 22 44 33 11 11 22 44 22 22
0 41 44 32 24 44 22 14 32 22 41 31 33 11 44 32 23 32 41 23 23 44 32 14 14 22 44 22 23
0 44 44 32 24 44 22 11 33 22 44 33 33 11 44 33 23 32 44 22 23 41 33 11 11 23 44 22 33
0 41 44 32 24 44 33 14 32 23 41 31 32 11 41 32 33 33 41 23 33 41 32 14 14 23 41 23 23
0 41 44 32 24 42 23 14 32 33 41 31 33 14 41 32 23 33 41 23 23 41 32 11 14 22 44 22 23
0 44 44 32 22 44 22 14 32 22 44 33 33 11 44 33 22 33 41 23 22 44 33 11 14 22 44 22 23
0 41 41 33 24 22 23 14 32 23 44 11 33 14 11 22 23 33 41 22 23 41 22 44 14 23 41 22 23
0 44 44 22 22 42 23 44 32 23 44 31 33 11 41 33 22 33 44 23 23 44 32 44 14 23 44 22 33
0 44 44 33 24 42 22 11 33 22 44 31 33 11 44 33 22 33 44 23 22 44 32 11 14 22 41 22 22
0 44 44 33 22 44 22 14 33 22 44 33 33 11 44 33 22 33 44 23 22 44 33 11 11 22 44 22 22
0 44 44 22 24 44 22 44 33 22 44 31 33 14 44 32 22 32 11 33 23 44 22 14 11 22 41 33 33
0 44 44 22 24 22 23 44 33 22 44 31 32 11 44 32 23 22 41 22 23 44 22 14 14 23 41 33 23
0 41 41 32 44 22 22 44 32 23 44 31 33 11 44 32 33 33 44 23 23 41 32 44 14 33 44 22 33
0 44 44 33 22 44 22 11 33 22 44 33 33 11 44 33 22 33 44 22 23 44 33 11 14 22 44 22 22
0 41 41 32 44 22 33 44 33 23 41 31 32 44 11 32 23 33 44 23 23 41 32 44 14 23 41 22 33
0 44 44 33 24 42 22 14 33 23 44 31 33 14 44 33 22 33 44 23 22 41 32 44 11 22 44 22 33
0 44 44 33 24 44 22 11 33 22 44 31 33 11 44 32 22 33 44 23 22 44 33 11 11 22 41 22 22
0 44 44 33 22 44 22 11 33 22 44 31 33 11 44 33 22 33 44 22 22 44 33 11 11 22 44 22 22
0 44 44 33 22 44 22 11 33 22 44 33 33 11 44 33 22 33 44 22 22 44 33 14 11 22 44 22 33
0 44 44 32 22 42 22 11 33 22 44 33 33 11 44 32 23 32 44 23 23 44 33 11 11 22 44 22 22
0 44 44 33 22 44 22 11 33 22 44 33 33 11 44 33 22 33 44 22 22 44 33 11 11 22 44 22 22
0 44 44 32 24 44 22 14 33 22 41 31 33 14 41 32 22 32 41 23 23 41 22 11 14 23 44 22 33
0 44 44 22 22 42 22 14 33 22 44 31 33 11 44 33 22 32 44 22 23 44 33 11 11 22 44 22 22
0 44 44 32 24 42 22 14 33 23 44 31 33 44 44 32 22 33 41 22 23 44 32 14 14 23 44 22 23
0 41 44 32 24 42 22 14 33 23 41 31 33 14 41 32 23 32 41 22 23 41 32 14 14 23 44 23 23
0 44 44 22 24 42 23 11 32 23 44 31 33 44 41 33 22 32 41 23 23 44 33 11 14 23 41 22 23
0 44 44 33 22 44 22 11 33 22 44 31 33 11 41 33 22 32 44 22 23 44 33 11 44 22 44 22 23
0 44 44 22 24 42 23 44 33 22 44 33 33 11 41 32 23 33 44 23 22 41 33 11 14 23 44 22 23
0 41 41 33 22 42 22 14 32 22 44 31 33 14 41 32 22 33 41 23 23 44 32 14 14 23 44 22 23
0 41 44 32 44 22 23 44 32 33 41 11 33 11 41 22 33 32 11 23 22 44 22 14 44 33 41 23 33
0 41 41 32 24 42 23 14 32 23 41 31 32 14 41 32 23 33 41 23 23 44 32 14 14 23 44 23 23
0 44 44 33 24 44 22 14 33 22 44 31 33 11 44 33 22 33 44 22 22 44 33 11 14 22 44 22 33
0 44 44 33 24 42 22 11 33 22 44 33 33 14 44 33 22 33 44 22 22 44 32 11 11 22 44 22 23
0 44 44 33 22 44 23 11 33 22 44 31 33 14 44 33 22 32 44 22 23 41 33 14 11 23 44 22 22
0 44 41 33 24 42 23 14 32 23 44 11 33 11 11 33 22 22 41 33 33 44 32 14 14 23 41 33 33
0 41 41 22 22 22 22 11 32 22 44 11 32 14 44 33 22 22 41 33 22 44 22 44 44 22 41 22 33
0 44 44 32 22 22 23 14 33 22 44 11 33 11 41 32 23 32 41 23 23 44 32 11 11 22 44 22 22
0 41 44 32 44 42 23 14 33 22 44 31 33 14 41 32 22 33 44 23 23 44 32 11 14 23 44 22 23
0 11 44 32 44 42 23 14 22 22 41 11 33 11 44 32 23 32 44 23 33 44 22 14 44 22 41 22 23
0 44 44 32 44 22 23 14 32 22 44 33 33 14 11 32 22 22 44 23 33 41 22 14 44 22 44 22 33
0 44 44 33 44 42 22 14 32 22 11 11 33 11 11 32 23 33 41 22 33 41 32 11 14 23 44 23 23
0 44 44 32 44 42 23 14 32 23 44 31 33 14 41 33 23 33 44 23 22 41 32 14 14 23 41 22 33
0 44 44 32 24 42 23 14 32 22 44 31 32 11 41 33 23 33 44 23 22 44 32 14 14 23 44 22 23
0 44 44 22 44 44 22 14 33 22 44 31 33 11 44 33 22 33 44 23 23 44 32 11 11 22 44 23 23
0 44 44 33 22 42 22 11 33 22 44 33 33 11 44 33 22 33 44 22 22 44 33 11 11 22 44 22 22
0 44 41 32 24 22 23 44 33 23 44 31 32 14 41 32 23 33 44 23 23 44 32 14 11 23 44 23 22
0 44 44 32 22 44 22 11 32 22 44 31 33 14 44 32 33 33 44 22 22 44 33 14 14 22 41 22 23
0 41 44 32 24 42 23 44 33 23 44 11 33 11 44 32 22 33 41 23 23 44 22 11 11 23 44 23 33
0 41 41 33 24 22 23 14 32 22 41 31 32 14 41 32 23 32 41 23 23 41 32 44 14 23 44 23 23
0 44 44 32 44 44 22 14 33 23 44 31 32 11 41 32 22 33 44 22 23 41 32 14 14 23 41 23 23
0 44 44 32 24 44 22 44 33 22 44 31 32 14 44 22 22 33 44 23 33 41 22 11 14 22 44 22 23
0 44 44 33 22 44 22 14 33 22 44 33 33 11 44 33 22 33 44 22 22 44 33 11 11 22 44 22 22
0 41 41 32 24 44 22 14 32 22 41 11 32 14 44 32 22 32 44 22 23 44 32 11 14 22 41 22 33
0 44 41 32 22 42 22 11 33 22 44 31 33 14 44 32 22 33 44 22 23 44 33 11 11 22 44 22 22
0 44 41 22 44 42 22 11 32 22 44 33 33 11 44 33 23 32 41 23 33 44 32 14 44 22 44 23 23
0 44 44 33 22 42 22 11 33 22 44 31 33 11 44 33 22 33 44 22 23 44 33 11 11 22 44 22 23
0 41 44 22 44 22 23 14 33 23 41 31 33 14 41 33 22 32 41 23 33 44 22 44 11 33 44 22 33
0 44 41 22 22 44 22 11 33 22 44 33 33 11 44 33 22 33 44 22 22 44 32 11 11 22 44 22 22
0 44 44 33 24 44 22 44 33 22 44 31 33 11 41 33 22 33 44 23 23 41 33 14 11 23 44 22 23
0 41 44 32 24 42 22 14 33 22 41 31 33 11 44 33 22 32 44 23 23 44 33 14 14 22 44 22 23
0 44 44 33 22 44 22 11 33 22 44 33 33 11 44 33 22 33 44 22 22 44 33 11 11 22 44 22 22
0 44 41 32 24 42 22 14 33 22 44 31 33 11 41 33 22 32 44 23 23 44 33 14 11 22 41 22 33
0 41 44 32 24 22 22 14 33 22 41 33 33 11 44 33 23 32 44 22 23 44 22 14 14 23 41 23 33
0 44 44 32 22 44 22 11 33 22 44 33 33 11 44 33 22 33 44 22 22 44 33 11 11 22 44 22 22
0 44 44 22 44 44 22 11 32 22 44 33 33 11 41 33 22 33 44 23 22 44 32 14 11 22 44 22 22
0 44 44 33 24 44 22 14 33 22 44 31 33 11 44 33 22 33 44 22 22 41 33 11 11 22 44 22 23
0 41 44 32 44 22 33 14 33 22 41 31 33 11 44 33 23 32 44 23 33 44 32 14 44 23 41 23 23
0 44 44 32 44 42 22 44 32 22 44 31 33 14 41 33 23 32 44 23 23 44 32 14 14 23 44 23 23
0 44 44 32 24 44 22 44 33 22 44 31 32 11 44 33 22 32 44 23 23 44 33 11 11 22 41 22 22
0 44 41 22 24 42 23 44 32 22 41 11 33 14 41 32 22 33 44 23 23 11 22 11 44 33 44 23 33
0 44 44 33 24 44 22 14 33 22 44 31 33 11 41 33 22 33 44 23 23 44 33 11 14 22 44 22 23
0 44 44 33 22 44 22 11 33 23 44 31 33 11 44 33 22 33 44 22 22 44 33 14 11 22 44 22 22
0 44 44 33 22 44 22 14 33 22 44 33 33 11 44 33 22 33 44 22 22 44 33 11 11 23 44 22 22
0 41 41 33 24 42 23 14 32 22 41 31 33 14 41 32 22 32 44 23 23 41 33 14 14 23 44 22 22
0 41 41 32 24 42 23 14 33 22 41 31 32 14 41 22 23 32 41 23 33 41 32 44 14 23 11 23 23
0 44 44 33 22 44 22 14 33 22 44 33 33 11 44 33 23 33 44 22 22 44 33 11 11 22 44 22 22
0 44 44 32 24 44 22 14 33 22 44 33 33 11 44 33 22 33 44 23 22 44 33 11 14 22 44 22 23
0 41 44 32 44 22 23 14 33 33 44 11 22 14 41 22 33 33 11 33 33 41 22 44 14 33 41 23 33
0 41 41 22 44 42 23 44 32 33 41 11 33 14 11 22 23 32 11 33 33 41 22 11 44 23 41 23 33
0 44 44 32 22 44 23 11 33 22 44 33 33 11 44 32 22 32 44 23 23 41 33 14 44 22 44 22 23
0 44 41 32 24 42 22 44 33 22 44 11 33 14 41 33 22 32 44 22 22 44 32 14 11 23 44 22 23
0 44 44 32 24 44 23 11 32 22 44 31 32 44 44 32 22 32 41 33 23 41 32 14 44 33 44 23 23
0 44 44 33 22 44 23 11 33 22 41 31 33 11 44 33 23 33 44 23 22 44 33 14 14 22 44 22 22
0 44 44 32 22 44 22 11 33 22 44 31 33 11 44 33 22 33 44 23 23 44 33 14 14 22 44 22 22
0 41 41 22 44 42 22 44 33 23 41 11 33 14 44 32 23 32 41 33 23 44 22 44 14 33 41 23 22
0 41 41 33 24 42 22 14 32 23 44 31 32 14 44 32 22 32 44 23 33 11 32 44 11 22 44 22 23
0 44 41 33 22 44 23 14 33 22 44 31 33 11 44 33 22 32 44 22 23 44 33 11 14 22 44 23 23
0 41 41 32 44 42 23 44 32 23 41 31 32 14 41 33 23 33 41 23 23 41 32 14 14 23 41 23 23
0 44 44 32 22 44 22 11 33 22 44 33 33 11 44 32 23 33 41 22 23 41 32 11 11 22 44 22 23
0 44 41 33 22 42 23 14 32 22 41 31 33 11 44 32 22 32 41 23 23 41 33 14 14 22 44 23 22
0 41 41 32 24 42 23 14 22 23 41 31 32 44 41 32 23 32 41 33 23 41 32 14 44 23 41 23 23
0 44 44 32 22 42 22 14 33 22 44 33 33 11 44 33 22 33 44 22 22 44 33 11 11 22 44 22 33
0 41 44 33 22 42 22 11 33 22 44 33 33 11 44 32 22 32 44 22 22 44 32 11 11 23 44 22 22
0 41 41 32 24 42 23 14 32 22 41 31 33 14 41 32 23 33 41 23 33 41 22 14 44 23 44 23 23
0 44 11 22 44 42 23 44 32 23 44 11 33 14 41 22 23 32 41 23 23 41 32 44 11 23 41 23 33
0 41 44 32 24 42 22 11 33 22 41 11 33 11 44 33 22 33 44 22 22 41 32 11 11 22 44 22 22
0 44 44 33 22 44 22 11 33 22 44 33 33 11 44 33 22 33 44 23 22 44 32 14 11 22 44 22 33
0 41 44 22 24 22 33 44 22 22 41 11 33 44 44 33 33 32 11 22 33 41 22 14 14 23 41 22 33
0 44 44 32 22 44 22 14 33 22 44 33 33 11 44 32 22 33 41 22 22 44 33 11 11 23 44 22 22
0 44 41 22 44 22 22 14 22 23 44 11 33 14 41 22 22 32 44 23 23 11 32 44 44 33 44 22 23
0 44 44 32 22 42 23 11 33 22 41 31 32 11 44 32 23 33 44 23 22 44 33 11 11 23 44 22 22
0 44 44 32 24 44 22 11 33 22 44 33 33 11 44 33 22 33 44 22 23 44 33 11 11 22 44 22 33
0 44 44 32 24 42 22 14 33 23 44 33 33 11 44 33 22 33 44 22 23 44 33 11 11 22 44 22 22
0 41 41 32 24 42 23 44 32 23 41 11 33 44 44 32 23 22 41 33 23 44 22 14 11 23 44 23 33
0 41 44 22 44 42 23 44 32 23 41 11 33 14 44 33 23 32 41 23 33 41 33 11 14 23 41 22 23
0 44 44 33 24 44 22 11 33 22 44 33 33 11 44 32 22 33 44 22 22 41 32 11 11 22 44 22 22
0 44 44 33 22 44 22 11 33 22 44 33 33 11 44 33 22 32 44 22 22 44 33 14 11 22 44 22 22
0 44 44 32 24 44 22 14 33 23 41 33 33 11 41 32 22 32 44 22 23 44 32 44 14 23 44 23 33
0 41 44 32 22 44 22 14 33 22 44 31 33 11 44 33 22 33 44 22 22 44 33 11 11 23 44 22 33
0 44 44 32 24 42 22 14 32 22 44 31 33 14 44 33 23 33 44 23 23 44 33 14 11 22 41 22 22
0 44 44 32 44 22 22 14 33 22 44 33 33 14 44 33 22 32 44 22 22 44 32 11 14 22 44 22 23
0 44 44 32 22 42 22 11 32 22 44 31 33 11 41 32 22 33 44 22 23 41 33 11 11 22 44 22 22
0 44 44 32 44 44 22 11 33 23 44 33 32 11 44 32 23 33 44 23 22 44 32 11 11 23 44 22 23
0 44 44 32 22 44 22 11 32 22 41 11 33 11 44 22 22 32 44 22 33 44 32 11 11 22 44 22 23
0 44 44 33 24 44 22 14 33 22 41 31 33 11 44 33 23 33 44 23 22 44 33 11 14 22 44 22 23
0 41 41 32 44 44 23 14 32 23 41 31 32 14 41 32 23 32 41 22 33 41 32 14 14 23 44 23 23
0 44 41 22 24 42 23 14 32 23 44 31 32 14 41 32 22 33 41 23 33 44 33 11 11 23 41 23 23
0 44 44 32 24 42 23 14 32 23 41 31 33 14 41 32 22 33 41 23 23 41 32 14 14 23 41 23 23
0 44 41 32 24 42 22 11 32 22 44 11 33 14 41 32 22 32 44 23 23 41 33 14 11 22 41 23 23
0 44 44 32 22 42 22 14 32 23 44 11 33 11 11 33 22 32 44 23 23 44 32 14 14 23 41 23 23
0 44 44 33 22 44 22 14 32 22 41 33 32 14 44 32 22 32 44 23 23 44 32 14 14 23 41 22 23
0 44 41 22 24 42 23 44 32 22 41 31 33 14 41 32 22 32 41 23 23 41 22 44 11 22 11 22 33
0 44 44 33 24 42 23 14 33 22 44 31 33 11 41 33 22 33 44 22 23 44 32 14 11 22 44 22 22
0 44 44 32 24 42 22 14 33 22 41 31 33 14 44 33 23 32 44 23 23 44 22 11 44 33 44 22 23
0 41 44 32 24 42 23 44 32 23 41 11 32 14 11 22 23 32 44 23 33 41 22 44 14 22 11 23 33
0 44 44 33 22 44 22 14 33 22 41 33 33 11 41 33 23 33 41 22 22 44 33 14 14 22 44 22 33
0 41 44 33 24 44 22 11 33 22 44 33 33 11 44 33 22 33 44 22 22 44 33 11 11 22 44 22 22
0 41 41 22 44 22 23 44 32 33 41 11 32 14 11 22 23 22 41 23 33 41 32 44 14 23 11 23 33
0 44 44 33 22 44 22 11 33 22 44 33 33 11 44 33 22 33 44 23 22 44 32 11 11 22 44 22 22
0 44 44 33 22 42 22 11 33 22 44 33 33 11 44 33 22 33 44 22 22 44 33 14 11 23 44 22 22
0 44 44 32 24 44 22 11 32 23 44 31 33 14 44 33 23 32 41 22 23 44 32 11 14 23 41 23 23
0 44 44 22 24 42 22 44 33 22 44 11 32 11 44 33 22 33 11 23 22 44 32 11 14 33 44 23 33
0 44 44 32 24 44 22 44 33 22 44 31 33 14 41 32 22 32 44 23 22 44 32 14 11 23 44 22 23
0 44 44 33 24 44 22 14 33 22 44 33 33 11 41 33 22 32 44 23 22 44 33 11 11 22 44 22 23
0 41 44 33 24 42 22 11 33 22 41 11 33 11 44 32 22 33 44 23 23 44 33 14 44 22 44 22 23
0 41 44 32 44 22 23 14 33 23 41 33 33 14 44 33 23 32 44 23 22 44 33 14 11 33 44 22 33
0 44 44 33 24 44 22 14 33 22 44 33 33 11 44 33 23 33 44 23 23 44 33 11 44 22 44 22 22
0 44 44 32 22 42 22 11 33 22 44 31 33 11 44 32 22 33 44 22 23 44 32 14 11 22 44 22 23
0 44 44 32 22 44 22 14 33 22 44 31 33 14 44 33 22 33 44 23 22 44 32 11 11 22 44 23 22
0 44 44 33 22 44 22 11 33 22 44 31 33 11 44 33 22 33 44 22 22 44 33 11 11 22 44 22 22
0 44 44 32 24 44 22 11 33 22 44 33 33 11 41 32 22 33 41 22 23 44 33 11 11 22 44 22 23
0 41 44 22 24 22 22 14 32 23 41 11 32 14 41 22 23 33 41 23 33 41 33 44 14 23 41 23 33
0 44 44 33 24 22 22 44 33 22 41 31 32 14 44 32 22 33 44 33 23 44 22 14 11 23 41 23 22
0 44 44 33 22 44 22 14 33 23 44 33 33 11 44 33 22 33 44 22 23 44 32 11 14 23 41 22 23
0 44 44 32 24 44 22 14 33 22 44 31 33 11 44 33 22 33 44 23 22 44 32 14 11 22 44 22 23
0 41 41 22 24 42 22 14 32 23 41 31 33 11 41 32 23 32 41 23 33 44 32 14 44 23 41 23 23
0 41 41 32 24 42 22 14 33 22 41 31 33 14 41 32 23 32 41 23 22 44 32 14 14 23 41 22 23
0 44 44 32 24 42 22 11 33 22 44 33 33 11 44 32 23 33 44 23 23 44 33 11 14 23 44 22 23
0 41 44 32 24 22 22 14 32 23 41 31 33 11 41 32 23 32 41 23 23 41 32 14 14 23 44 23 23
0 41 41 22 44 42 22 44 33 23 41 11 33 44 41 32 22 32 41 23 23 11 22 44 14 23 41 23 33
0 44 44 32 22 42 23 11 33 23 44 31 33 14 44 32 22 33 44 33 33 41 22 11 11 23 44 22 23
0 41 41 22 44 42 22 14 33 22 44 11 32 11 44 32 23 22 44 23 33 44 33 14 44 23 44 22 23
0 44 44 32 22 44 22 11 32 22 44 31 32 11 44 33 23 32 44 23 22 44 33 11 44 23 44 22 33
0 44 44 33 22 44 22 11 33 22 44 33 33 14 44 33 22 33 44 22 22 44 33 11 11 23 44 22 22
0 41 44 22 24 42 23 44 32 23 41 11 33 11 41 32 33 33 44 33 23 41 22 14 11 33 44 22 23
0 41 44 33 22 44 22 14 33 22 44 31 33 11 44 33 22 33 44 22 22 44 33 11 11 22 44 23 22
0 44 44 32 22 44 22 11 33 22 44 33 33 11 44 32 22 33 44 23 22 44 33 11 11 23 44 22 33
0 41 44 32 24 44 22 14 33 22 44 31 32 11 41 32 33 32 44 22 23 44 33 14 11 22 44 22 22
0 44 44 32 24 42 23 14 32 22 41 31 32 11 41 32 23 33 44 22 23 41 32 14 11 23 44 22 23
0 44 44 22 44 22 23 14 33 23 11 31 33 44 44 33 23 33 11 23 23 11 22 14 11 23 44 23 23
0 44 44 32 44 42 22 14 33 22 44 31 33 11 44 33 22 33 44 22 22 44 33 14 11 22 41 22 33
0 44 44 32 24 42 22 11 33 22 44 33 32 14 44 33 23 33 44 22 23 44 33 14 14 22 41 22 22
0 41 44 32 44 22 23 44 22 23 11 11 32 14 11 32 23 22 44 33 33 11 22 44 44 23 41 23 33
0 44 44 32 22 44 22 11 33 22 44 33 33 11 44 33 22 33 44 22 23 44 33 11 11 22 44 22 23
0 44 44 33 44 44 22 11 33 22 44 33 33 14 41 33 22 33 44 22 22 44 33 14 11 23 44 22 22
0 44 44 32 22 44 22 14 32 22 44 31 33 14 44 32 22 33 44 22 23 44 33 14 14 22 44 22 23
0 41 41 22 24 22 23 14 32 33 44 11 32 44 41 32 22 32 41 23 33 41 32 14 44 23 44 22 23
0 41 44 22 44 42 23 44 32 22 11 31 32 14 11 32 33 33 41 33 33 41 32 44 14 22 41 23 33
0 41 44 22 44 22 22 14 33 23 44 31 33 14 44 33 23 33 41 23 23 11 32 11 11 23 44 23 33
0 41 41 22 44 42 22 14 33 22 44 11 33 11 44 22 22 32 44 22 23 44 32 14 14 22 44 22 23
0 44 44 33 22 44 22 14 33 22 44 33 33 11 44 32 22 33 44 22 23 44 33 11 11 22 44 22 23
0 44 44 32 44 42 22 11 32 22 44 33 33 11 44 33 22 33 44 22 23 44 33 11 14 22 44 22 22
0 44 44 33 22 44 22 11 33 22 44 31 33 11 44 33 23 32 41 23 22 44 33 14 11 22 44 22 22
0 44 44 33 24 42 22 11 33 23 44 31 32 11 41 32 22 33 41 22 22 44 33 14 14 22 44 22 23
0 44 44 33 24 44 22 14 32 22 44 11 33 11 44 32 22 33 44 23 23 44 32 14 44 23 44 22 22
0 41 41 32 24 42 23 14 32 23 41 31 32 14 44 32 23 32 41 23 23 41 32 14 14 23 41 22 23
0 11 44 33 22 22 22 11 33 22 44 33 33 11 44 33 22 33 44 22 33 44 33 14 11 22 41 23 33
0 41 11 32 24 42 23 14 32 23 41 11 33 14 41 33 23 33 41 23 33 41 32 14 14 23 44 22 33
0 41 44 32 24 22 22 11 32 22 44 31 33 11 41 32 23 32 44 23 22 44 32 14 14 22 41 23 33
0 41 44 22 24 42 22 14 32 23 44 11 33 14 41 32 23 33 44 22 22 41 22 44 11 23 44 23 33
0 44 44 33 44 42 22 11 33 22 44 11 33 11 41 32 22 33 44 22 23 44 33 11 11 22 44 22 23
0 44 41 32 24 44 22 11 33 22 44 31 32 11 44 32 22 32 44 23 23 41 22 14 14 22 44 22 22
0 44 41 33 24 42 23 14 33 23 44 31 33 14 44 32 23 32 41 23 23 41 33 11 14 23 41 22 23
0 44 44 32 22 44 22 11 33 22 44 33 33 14 44 33 22 32 44 22 23 44 33 11 11 22 44 22 23
0 44 44 32 22 44 22 14 33 22 44 31 33 11 44 32 22 33 44 22 22 44 33 11 11 22 44 22 22
0 44 44 33 24 42 22 44 33 22 44 11 33 14 44 33 23 32 44 33 33 44 33 11 14 23 44 23 33
0 44 41 22 24 44 23 44 33 23 41 11 33 44 41 22 22 33 44 22 22 41 22 14 14 33 41 22 23
0 41 11 22 44 22 33 14 32 23 41 11 32 11 41 22 23 32 41 33 33 41 32 14 14 33 41 33 33
0 41 41 32 44 22 22 11 32 23 44 11 22 14 41 22 22 32 41 23 23 41 22 14 14 23 44 22 23
0 41 44 22 24 44 23 44 32 23 44 11 32 11 41 32 22 32 41 22 33 41 32 14 14 23 44 23 33
0 44 44 33 22 44 22 14 33 22 41 33 32 11 41 33 23 33 44 22 22 44 33 14 11 22 44 22 23
0 11 41 22 44 42 23 14 22 23 41 11 32 44 11 22 33 32 11 33 33 44 32 14 14 33 41 23 33
0 41 44 33 24 44 22 11 33 22 41 11 33 11 44 33 22 33 44 23 23 41 33 11 14 23 44 22 23
0 44 44 33 24 44 22 11 33 22 44 31 33 11 44 33 22 33 44 22 23 44 33 11 11 23 44 22 22
0 44 44 33 44 42 23 11 33 22 44 11 33 14 41 33 22 33 44 22 33 44 32 11 44 22 41 23 33
0 44 41 32 24 42 23 14 32 22 41 11 33 14 41 32 22 32 44 33 33 41 22 44 14 23 41 23 23
0 44 44 33 22 22 22 14 33 22 44 33 33 11 41 33 23 33 44 22 22 44 32 11 11 23 44 22 23
0 44 44 32 24 42 22 11 32 23 41 31 33 11 11 33 22 32 44 23 23 44 32 44 14 23 44 22 23
0 44 44 32 24 42 22 14 33 23 41 31 33 11 41 33 23 32 44 23 23 41 33 11 14 23 44 22 22
0 41 44 32 24 42 23 14 33 23 44 31 32 11 44 32 22 32 44 22 22 41 32 14 14 22 41 22 23
0 44 44 32 24 42 22 14 32 22 41 33 33 11 41 32 22 32 44 23 23 44 32 11 14 22 41 22 23
0 44 44 33 24 44 22 11 33 22 44 33 33 11 44 33 22 33 44 22 23 44 33 11 11 22 44 22 23
0 44 44 33 22 44 22 11 33 22 44 33 33 11 44 33 22 33 44 22 23 44 32 11 11 23 44 22 23
0 44 44 32 44 44 22 11 32 22 41 31 33 14 44 22 22 33 11 23 33 44 33 14 14 22 44 23 22
0 44 44 32 22 44 22 14 33 22 44 31 33 11 44 33 22 33 44 23 33 44 33 11 11 22 44 22 23
0 44 44 32 44 44 22 11 33 22 44 31 33 11 44 33 22 33 44 22 33 44 33 14 11 22 44 22 23
0 44 44 32 44 42 22 14 32 22 41 31 33 14 41 32 22 33 44 23 23 44 32 44 11 22 44 22 23
0 41 44 22 24 44 23 14 32 23 41 11 22 14 44 22 23 32 41 23 33 44 32 44 44 33 44 23 33
0 44 44 32 24 44 23 14 33 23 41 33 33 14 44 32 22 33 41 23 23 41 32 11 14 33 44 22 22
0 44 44 33 24 44 22 11 33 22 44 33 33 11 44 32 23 33 44 22 23 44 33 11 11 22 44 22 23
0 44 44 32 24 42 23 14 32 23 44 31 33 14 41 32 33 32 41 23 23 41 33 14 11 22 41 22 23
0 41 44 32 22 44 23 11 32 22 44 33 33 11 44 33 22 33 44 22 22 44 32 11 11 23 44 22 23
0 44 44 33 24 42 23 14 33 23 41 31 33 14 41 32 22 33 44 23 23 44 32 14 11 23 44 22 23
0 44 44 32 22 44 22 44 32 22 44 11 33 14 41 32 22 33 41 22 23 41 32 14 14 23 44 23 23
0 44 44 22 44 42 22 14 32 23 41 31 33 11 41 32 22 33 11 22 33 44 32 14 44 23 44 22 23
0 44 44 22 24 42 22 14 33 23 44 31 33 11 44 32 22 33 44 22 23 41 22 14 11 22 44 22 23
0 11 41 32 44 42 22 14 33 22 44 11 33 14 41 33 23 33 41 33 33 44 32 44 14 33 11 23 33
0 44 44 33 44 44 22 14 33 22 44 33 33 11 44 33 22 33 44 22 23 44 33 11 11 22 44 23 22
0 44 44 32 24 44 23 14 32 22 44 31 33 11 41 33 23 33 41 33 23 44 22 14 14 23 44 22 23
0 41 41 32 44 44 23 44 33 33 11 31 33 14 41 32 33 32 41 33 33 41 22 44 14 23 11 23 23
0 44 44 33 24 44 22 11 33 23 44 33 33 11 41 32 23 33 44 22 22 44 32 14 14 23 44 22 23
0 44 41 32 24 42 22 44 33 22 41 11 33 14 44 33 22 33 41 22 22 44 22 11 14 23 41 22 23
0 44 44 33 24 42 22 14 32 22 44 31 33 11 41 32 22 33 44 22 23 44 22 11 11 22 44 22 23
0 44 44 32 24 44 22 11 33 23 44 31 33 11 44 33 22 33 44 22 22 44 32 14 14 23 44 23 23
0 41 44 32 22 42 22 14 32 22 44 33 33 14 44 33 22 33 44 22 23 44 33 11 11 22 44 22 23
0 44 44 32 22 44 22 11 33 22 44 31 33 44 44 33 22 33 44 22 22 44 32 44 11 22 44 22 23
0 44 41 32 22 42 23 44 32 22 44 31 33 14 41 32 23 32 44 23 23 44 32 14 14 22 41 23 33
0 41 44 32 24 42 22 14 33 23 41 31 33 14 41 32 23 32 44 23 23 41 32 44 14 23 41 22 23
0 44 44 32 24 44 22 44 33 22 44 11 32 11 44 33 23 33 41 23 23 44 32 14 14 22 41 22 22
0 44 41 22 44 44 22 14 33 33 44 31 33 14 44 33 23 32 41 22 23 44 32 44 14 23 41 22 23
0 44 44 33 44 42 23 14 32 23 41 31 32 11 41 32 23 33 44 23 23 41 32 14 11 23 44 22 23
0 44 41 33 22 42 22 11 33 22 44 33 33 11 44 33 23 32 44 22 23 44 33 11 14 22 44 23 22
0 41 44 32 24 22 23 44 32 22 44 31 32 11 44 33 33 32 44 23 22 44 32 14 14 23 44 22 22
0 44 44 33 44 42 22 11 32 23 44 31 33 14 44 33 22 33 44 23 23 41 33 14 14 23 41 22 23
0 44 41 32 24 42 23 14 32 23 41 31 33 11 41 32 22 32 44 22 23 41 32 14 14 23 41 23 23
0 44 41 33 22 42 22 14 33 22 44 33 33 11 44 33 22 33 44 22 23 44 33 11 14 22 44 22 23
0 44 44 32 24 42 22 14 33 22 44 31 33 11 41 33 23 32 44 23 23 44 32 11 11 22 44 23 23
0 44 44 33 22 44 22 11 33 22 44 31 33 14 41 33 22 33 41 23 22 41 22 11 11 22 44 22 22
0 41 11 22 24 22 33 14 22 33 44 11 32 14 11 22 23 32 44 33 33 11 22 14 14 33 41 23 33
0 44 44 33 24 44 22 14 33 22 41 11 33 11 44 32 23 32 41 23 23 44 22 14 14 22 41 22 23
0 44 44 32 24 42 22 14 33 22 44 31 33 14 44 33 23 33 41 23 23 44 33 14 14 33 44 22 23
0 44 44 22 44 42 22 11 33 22 41 11 33 14 41 32 22 32 44 22 22 41 22 14 11 22 41 22 23
0 44 44 32 24 42 23 14 33 22 44 31 33 11 41 32 22 32 44 23 22 41 32 14 44 23 41 22 23
0 44 44 33 24 44 22 14 33 33 41 11 33 11 44 33 22 33 44 22 22 44 32 14 11 22 44 22 22
0 44 44 32 24 44 22 14 33 22 44 33 33 11 44 33 23 33 44 22 23 44 32 14 11 22 44 23 23
0 44 44 22 24 44 22 11 32 22 44 33 33 11 41 33 23 33 44 22 22 44 22 11 14 22 44 22 23
0 44 44 32 44 42 22 14 32 22 44 31 33 14 41 33 23 33 44 23 23 44 32 11 14 23 44 23 22
0 41 41 22 24 42 23 14 33 22 44 11 32 14 41 32 33 32 44 23 33 44 32 14 14 22 44 33 23
0 44 44 22 44 44 22 44 33 22 44 31 33 11 44 33 22 33 44 22 22 41 33 11 11 22 44 22 23
0 44 41 32 44 42 22 14 33 23 41 31 33 14 44 22 23 32 41 23 23 41 22 11 14 23 44 23 23
0 44 41 32 22 42 23 11 33 22 44 31 33 11 44 32 23 33 44 22 22 44 33 14 11 23 44 22 23
0 44 44 22 24 44 23 44 33 23 44 11 33 11 44 32 22 32 41 22 33 44 22 14 14 23 44 22 33
0 44 44 33 22 44 22 14 33 22 44 31 33 14 44 33 22 33 44 33 22 44 32 14 14 22 44 22 23
0 11 44 32 44 44 22 14 32 23 44 11 33 11 41 22 22 33 11 23 23 41 22 44 14 23 44 22 33
1 41 44 32 24 42 22 44 33 33 41 11 32 14 41 33 22 22 44 23 33 11 22 11 44 23 41 23 23
1 11 11 22 44 42 33 44 22 23 44 31 22 14 41 32 33 32 44 33 33 11 32 44 44 22 11 33 23
1 41 44 22 44 22 23 11 33 33 41 11 33 11 41 32 23 33 44 23 23 44 33 11 14 22 44 22 23
1 44 44 32 24 44 22 14 33 22 44 11 33 14 44 33 22 33 41 22 22 44 32 11 11 22 44 22 33
1 41 41 32 44 42 22 11 32 22 41 11 33 11 41 22 23 32 41 33 33 41 22 44 14 22 44 33 33
1 44 41 32 24 42 22 14 32 23 41 33 33 14 44 32 22 33 41 22 23 44 32 11 14 23 44 22 23
1 44 44 33 24 42 22 14 33 22 44 31 33 11 44 33 23 33 44 22 23 44 32 14 11 22 41 22 23
1 44 44 33 24 44 23 11 33 22 44 31 33 14 41 33 23 33 44 23 23 44 32 14 11 22 44 22 23
1 41 41 22 24 42 22 14 33 23 44 31 32 14 41 33 23 33 44 23 23 44 32 14 14 23 41 22 22
1 44 44 32 24 44 22 14 32 23 41 31 33 14 41 32 23 32 44 23 23 44 32 14 11 23 44 22 23
1 44 44 32 44 44 23 44 33 23 44 33 33 11 41 33 23 32 41 33 22 44 32 14 14 23 41 22 23
1 44 44 33 24 44 22 11 33 22 41 11 33 11 44 32 22 33 44 22 23 44 33 11 11 22 44 22 33
1 44 44 33 22 44 22 11 32 22 44 33 33 11 44 33 22 33 44 22 22 44 32 11 11 22 44 22 23
1 44 44 32 24 44 22 11 33 22 44 31 33 14 41 33 22 33 44 23 33 44 33 11 14 22 41 22 23
1 44 44 32 22 44 22 11 33 22 44 33 33 14 44 33 22 33 44 22 22 44 32 11 11 23 44 22 22
1 44 44 22 24 42 22 44 32 23 44 11 33 14 11 32 23 32 44 23 23 44 32 44 14 23 44 22 23
1 44 44 33 22 44 22 14 33 22 44 33 33 11 44 33 22 32 44 22 23 44 33 11 11 22 44 22 23
1 44 44 33 22 44 22 11 33 22 44 33 33 14 44 33 22 32 44 22 23 44 33 14 11 23 44 22 22
1 44 44 33 22 42 22 14 33 22 44 31 33 14 44 33 23 33 41 23 33 44 33 14 14 22 44 22 23
1 44 44 33 22 42 22 11 33 22 44 33 33 11 44 33 23 33 44 22 22 41 33 11 11 22 44 22 23
1 44 44 33 22 42 22 14 33 22 44 33 33 11 44 33 22 33 44 22 22 44 33 11 11 23 44 22 23
1 44 41 32 24 44 22 14 33 22 44 31 33 11 44 32 22 33 44 22 22 44 33 11 11 22 44 22 22
1 44 44 33 22 44 22 14 33 22 44 31 33 14 41 33 22 33 44 23 22 41 33 11 11 22 44 22 22
1 41 41 32 24 22 23 14 32 23 41 31 33 11 41 32 23 33 41 23 22 44 32 14 44 22 41 22 33
1 41 44 33 24 44 22 14 33 22 44 31 33 44 44 33 22 33 41 22 23 44 32 11 14 22 44 22 23
1 41 44 22 44 42 22 14 32 22 44 11 33 11 44 32 22 32 44 22 33 44 32 44 14 23 44 23 22
1 41 44 32 24 42 22 11 33 23 41 31 33 11 41 33 22 33 44 23 23 44 32 11 14 23 41 23 22
1 44 44 33 24 42 22 14 33 22 44 33 33 14 44 33 22 33 44 22 23 44 32 11 11 22 44 22 23
1 44 44 22 22 42 22 11 33 23 41 31 33 11 44 33 22 33 41 23 33 41 22 44 11 22 44 22 23
1 41 44 32 22 42 22 14 33 22 41 31 33 14 44 32 23 33 44 22 23 44 33 11 14 23 44 22 23
1 44 44 33 22 44 22 11 33 22 44 33 33 11 44 33 22 33 44 22 22 44 33 11 11 22 44 22 22
1 44 44 22 44 42 22 44 32 23 44 11 32 14 41 32 23 33 41 33 33 41 32 44 14 23 41 23 33
1 44 44 33 24 42 23 14 33 23 44 31 33 11 44 22 22 32 44 23 22 44 22 14 14 22 41 22 23
1 44 44 22 44 42 22 14 33 23 41 11 33 11 44 33 22 33 41 22 33 41 32 11 14 22 11 22 33
1 41 44 32 24 44 22 11 32 22 44 33 32 14 44 22 22 33 44 23 23 41 32 14 11 23 44 22 22
1 41 44 22 24 42 23 14 32 22 11 31 33 11 41 32 23 32 44 23 23 44 32 14 14 22 11 23 22
1 41 44 32 24 42 22 14 33 22 44 31 32 11 41 32 22 33 44 23 23 44 32 11 44 23 41 22 33
1 41 41 33 24 44 22 11 33 22 44 31 33 11 44 33 22 33 44 23 23 41 33 11 11 22 44 22 23
1 44 41 22 24 44 23 14 33 23 44 31 33 14 44 33 22 33 41 23 23 41 33 14 11 23 44 22 23
1 44 44 33 44 42 22 11 32 22 44 11 32 11 41 33 22 33 41 23 33 41 32 14 14 22 41 22 33
1 44 44 32 24 44 22 44 32 22 41 31 33 11 44 32 23 32 41 22 33 41 32 14 14 23 41 23 33
1 11 44 33 44 22 22 44 32 23 44 11 33 14 41 33 22 32 11 23 23 41 32 44 44 22 41 23 33
1 44 44 33 44 44 22 11 33 22 44 31 33 11 44 33 22 33 44 22 23 44 32 11 11 22 44 22 22
1 44 44 32 24 22 22 14 32 22 41 11 33 14 41 33 23 33 44 23 22 44 22 44 14 23 11 22 23
1 44 41 32 44 42 22 44 32 23 11 11 22 44 11 32 23 32 41 33 23 11 32 44 14 23 41 33 33
1 44 44 33 24 42 23 14 33 22 44 11 32 11 44 33 23 33 44 23 23 44 33 14 11 33 44 23 23
1 44 44 33 24 42 22 11 33 22 44 31 33 11 44 33 22 33 44 22 22 44 33 11 11 22 44 22 22
1 44 41 33 24 22 22 14 32 23 44 31 33 14 44 32 23 32 41 22 23 41 32 11 14 22 44 23 23
1 44 41 32 24 22 22 14 32 23 44 31 33 11 44 32 23 33 41 22 23 44 32 11 11 23 44 22 23
1 41 44 32 24 42 22 14 33 22 44 11 33 11 41 33 22 33 41 23 23 44 32 14 14 23 41 22 23
1 44 44 32 22 44 22 14 33 22 44 11 33 11 44 33 22 33 41 22 22 44 33 11 11 33 44 22 22
1 41 44 22 24 42 23 14 32 22 41 31 32 44 41 32 23 33 41 23 33 41 32 14 14 23 44 23 33
1 44 41 32 24 42 23 14 32 22 44 31 33 14 44 32 23 33 41 23 23 41 32 14 14 22 44 23 23
1 41 44 22 44 42 23 44 32 23 41 11 33 14 41 32 23 32 44 23 23 41 32 14 14 23 41 23 23
1 44 41 33 24 44 22 11 33 22 44 33 33 11 41 32 22 32 44 23 22 44 32 14 11 23 44 22 22
1 41 41 32 24 42 23 14 32 23 44 31 33 14 41 32 23 32 41 23 23 41 32 14 14 33 44 23 23
1 44 44 33 22 44 22 11 33 22 44 33 33 11 44 33 22 33 44 22 22 44 33 11 11 22 44 22 23
1 41 41 32 44 22 23 14 32 22 44 31 32 44 41 32 23 32 41 23 22 41 32 14 14 23 41 22 23
1 44 44 32 24 44 22 14 33 23 41 31 32 14 44 33 23 33 44 23 23 44 33 14 14 22 44 22 23
1 44 44 32 44 42 22 14 33 22 44 33 33 14 44 33 23 32 44 22 23 44 22 11 14 22 44 22 23
1 44 44 22 24 42 22 14 33 22 44 31 33 11 44 32 23 33 41 22 22 44 32 14 14 23 41 22 23
1 44 44 22 22 42 22 11 33 22 44 31 33 11 44 32 22 33 41 23 23 44 32 11 11 22 44 22 23
1 44 44 33 22 22 22 14 33 22 44 31 33 11 44 33 22 33 44 22 22 44 33 11 11 22 41 22 23
1 44 44 33 24 44 22 14 33 22 44 33 33 11 44 33 22 33 44 22 23 44 32 11 11 22 44 22 23
1 41 44 32 22 44 23 14 33 23 41 11 33 14 44 33 22 33 41 22 33 44 32 14 14 22 44 22 33
1 44 44 32 24 22 22 11 33 22 41 31 33 11 44 33 23 32 44 22 33 44 32 14 14 22 44 22 22
1 44 44 22 22 44 22 14 32 22 44 31 33 11 44 33 22 33 41 22 23 44 33 11 44 22 44 22 22
1 44 44 32 22 42 22 14 32 23 44 31 33 11 44 32 23 33 44 22 23 44 32 14 14 23 44 23 23
1 41 44 22 24 44 23 44 22 23 41 11 32 44 11 32 22 33 41 23 23 11 22 14 44 22 41 22 23
1 44 44 32 24 42 23 14 33 22 44 31 33 11 44 33 23 32 44 22 23 44 33 14 11 22 44 22 23
1 41 44 22 24 42 23 44 32 23 44 31 32 44 41 33 22 33 44 23 22 41 33 44 14 23 44 33 23
1 44 41 32 24 42 22 14 33 23 44 31 33 11 44 33 22 32 41 22 33 44 32 14 44 23 44 22 23
1 44 44 32 22 44 22 14 33 22 44 33 33 11 44 33 23 33 44 23 22 44 33 14 11 22 44 22 22
1 44 41 33 24 42 22 14 32 33 41 31 33 14 44 32 23 33 44 22 23 44 33 14 44 23 11 23 33
1 44 41 32 24 42 22 11 22 22 44 31 33 14 44 32 23 33 44 23 23 44 32 14 11 22 44 23 22
1 44 44 33 22 44 22 14 33 22 44 33 33 11 44 33 22 33 44 23 22 44 32 11 11 22 44 22 22
1 44 41 32 24 42 22 14 32 23 41 31 32 14 41 32 23 32 41 23 23 44 33 14 11 23 41 23 23
1 41 41 32 44 22 23 44 33 22 44 11 33 11 11 32 23 33 41 22 33 44 32 14 44 22 41 22 33
1 41 41 22 44 42 22 44 33 23 44 11 33 11 41 32 22 32 44 23 23 11 32 44 11 23 41 23 23
1 44 44 33 22 42 22 11 33 22 44 33 32 11 44 32 22 33 44 22 22 44 33 11 11 22 44 22 22
1 44 41 22 44 22 23 44 32 23 44 11 33 11 41 22 33 22 41 23 23 41 32 44 44 33 44 23 33
1 11 44 32 24 22 33 14 32 23 41 11 33 14 11 33 23 33 41 22 33 41 22 44 11 23 44 23 33
1 44 44 32 22 42 22 11 33 22 44 31 33 11 44 33 22 33 44 22 23 44 33 11 11 22 44 22 23
1 44 44 33 24 44 22 11 32 22 41 33 32 44 44 22 22 32 44 23 22 41 32 14 14 22 44 22 23
1 44 44 22 22 44 22 44 33 22 44 31 33 11 44 32 22 33 44 23 33 44 33 14 11 22 44 22 33
1 41 44 22 24 42 22 11 32 22 44 31 32 11 41 32 22 33 41 22 23 44 33 11 14 22 44 22 23
1 44 44 32 22 44 22 11 33 22 44 31 33 14 44 32 23 33 44 23 23 44 32 14 44 22 44 22 23
1 44 44 33 22 44 22 11 32 22 44 33 33 11 44 33 22 33 44 22 22 44 32 11 14 23 44 22 23
1 44 44 32 44 42 22 44 33 22 44 11 33 11 44 33 22 33 41 33 23 44 22 14 11 23 44 22 22
1 41 44 32 22 42 22 14 33 22 44 31 33 11 44 33 22 33 44 22 22 44 33 14 44 22 44 22 23
1 41 41 32 24 42 22 14 32 22 44 31 32 11 44 33 22 33 41 23 33 41 32 14 14 23 41 22 23
1 44 41 22 24 22 23 14 33 23 44 33 32 14 44 32 23 22 41 23 33 11 22 14 11 23 41 33 23
1 41 41 32 24 22 23 14 32 23 41 31 33 14 41 32 23 33 41 23 22 41 32 14 14 23 41 23 23
1 44 44 32 44 42 22 14 32 22 44 31 33 11 44 32 22 32 44 23 23 44 32 14 44 33 44 23 23
1 41 41 22 44 42 23 14 32 23 44 31 32 11 41 33 22 33 41 23 23 44 32 14 11 23 41 22 23
1 44 44 32 22 42 22 14 33 22 44 33 33 11 44 33 22 33 44 22 23 44 32 11 11 22 44 22 22
1 44 44 32 24 44 22 14 33 22 44 11 33 11 44 32 22 33 44 23 22 44 33 11 14 22 44 22 23
1 44 44 32 44 42 22 44 32 22 44 33 33 11 41 32 22 33 41 22 33 44 32 44 14 33 44 23 33
1 44 44 33 24 44 22 11 33 22 44 33 33 11 44 32 22 33 44 22 22 44 32 11 11 22 44 22 23
1 41 41 32 24 44 23 14 22 22 44 31 33 14 44 22 22 32 41 23 33 44 33 14 14 23 44 23 33
1 44 44 32 22 44 22 11 33 22 44 33 33 11 44 33 22 33 44 22 33 44 33 44 14 22 44 23 22
1 41 44 22 44 22 23 14 32 23 41 11 32 44 41 22 33 32 41 22 33 44 32 14 44 23 44 33 33
1 41 44 32 44 42 23 44 32 22 44 11 33 14 44 33 23 33 44 23 22 41 33 11 14 23 41 23 33
1 44 44 33 24 44 22 14 33 23 44 31 32 14 41 32 23 33 41 23 23 41 33 14 14 22 44 23 23
1 44 44 32 22 44 23 14 33 22 44 31 33 14 44 33 22 33 44 22 22 44 33 11 14 22 44 22 33
1 41 44 32 24 42 23 44 32 23 41 31 32 14 41 32 23 32 41 23 23 41 32 14 14 23 41 23 33
1 41 44 22 22 44 22 14 33 23 44 11 33 14 44 32 23 32 44 23 22 44 33 11 11 22 44 22 33
1 41 41 32 44 42 22 14 32 23 44 33 33 14 41 32 23 33 41 23 23 44 32 44 14 23 44 23 23
1 41 44 32 24 42 22 11 33 22 44 11 32 11 44 22 22 33 44 23 23 44 33 11 11 23 41 22 23
1 44 44 33 22 44 22 11 33 22 44 31 33 11 44 32 22 33 44 22 22 44 32 14 11 22 44 22 33
1 44 44 32 22 44 22 11 33 22 44 33 33 11 44 33 22 32 44 22 22 44 33 11 11 22 44 22 23
1 44 44 33 24 44 22 11 33 23 44 33 32 11 44 33 22 32 44 23 23 44 33 11 14 22 44 22 22
1 44 44 22 22 42 22 11 33 22 44 31 33 14 41 33 22 33 44 22 23 44 32 14 14 22 44 22 23
1 44 41 32 44 22 22 44 32 22 11 33 33 11 44 22 22 33 41 23 22 41 33 14 11 23 44 23 23
1 41 44 32 22 42 23 14 33 22 44 31 32 11 44 32 23 32 41 23 23 41 32 14 14 22 44 22 23
1 44 44 33 44 44 22 14 33 23 44 31 33 11 41 32 23 33 44 23 23 44 32 44 11 33 41 22 22
1 44 44 33 44 44 22 11 33 23 41 31 33 11 44 32 22 32 41 22 33 44 33 14 14 22 44 22 33
1 41 44 32 44 42 22 14 33 22 44 11 33 11 44 33 23 33 41 23 23 41 22 11 14 22 44 22 33
1 44 44 32 24 42 22 14 32 22 44 33 32 11 41 32 22 32 41 22 23 41 32 14 14 23 44 23 33
1 44 44 32 44 44 22 14 32 23 44 33 32 11 44 32 22 33 41 22 22 44 32 14 14 22 41 22 33
1 44 44 22 44 42 22 14 32 33 41 31 33 44 41 22 22 32 41 23 23 44 32 44 44 23 41 22 33
1 41 41 32 24 42 23 14 32 23 44 31 33 14 41 33 23 32 44 23 23 44 32 14 14 23 41 23 23
1 44 44 22 44 44 22 14 33 22 41 31 33 11 44 33 23 33 41 22 22 41 33 14 14 22 44 22 22
1 41 44 33 24 42 23 14 33 22 44 31 33 11 44 32 22 33 44 23 22 44 32 14 14 22 41 22 33
1 44 44 32 22 44 22 14 33 22 44 33 33 11 44 33 22 33 41 22 23 44 33 11 14 23 44 22 22
1 41 41 22 44 22 23 44 32 33 41 31 32 14 41 32 23 33 44 23 33 11 22 44 44 22 41 23 33
1 44 44 32 22 44 22 44 22 22 41 31 33 14 41 32 23 32 44 23 23 44 33 14 14 23 41 22 33
1 44 44 32 24 44 22 11 33 23 41 31 33 11 44 33 22 32 44 23 33 44 32 11 11 33 44 22 23
1 41 11 22 44 42 23 44 32 23 41 31 33 14 44 32 23 32 41 23 23 41 22 44 44 33 44 22 23
1 44 44 32 44 42 22 11 33 22 44 33 33 11 41 33 22 33 41 23 22 44 33 11 44 22 44 22 22
1 41 41 32 44 42 22 44 22 22 44 11 33 11 41 32 23 33 44 33 33 41 22 11 44 33 44 23 33
1 44 44 33 22 42 22 11 33 22 44 33 33 11 44 33 22 33 44 22 22 44 33 11 11 22 44 22 22
1 44 41 32 44 22 33 44 32 23 44 31 33 14 44 22 22 32 41 33 33 41 22 44 14 23 44 22 33
1 44 44 32 44 44 22 14 33 22 44 31 32 11 44 33 33 33 44 22 23 44 32 11 14 22 44 22 23
1 44 44 33 22 44 22 14 33 22 44 31 33 11 44 33 22 33 44 22 22 44 33 11 14 22 44 22 23
1 41 44 32 22 22 22 14 32 22 44 31 33 11 41 33 23 32 44 23 23 41 22 14 44 23 41 23 33
1 44 44 33 24 44 22 14 33 23 44 31 32 14 44 32 22 33 44 22 23 44 33 14 11 22 44 22 33
1 44 44 33 22 44 22 11 33 22 44 33 33 11 44 33 22 33 44 22 22 44 33 11 11 22 44 22 22
1 44 44 33 22 42 23 14 33 23 44 33 32 11 41 33 22 33 41 22 23 44 32 14 14 22 44 22 23
1 44 44 32 22 44 22 11 33 22 44 11 33 11 44 33 22 33 44 22 22 44 33 14 14 22 44 22 22
1 41 44 32 24 44 23 11 33 23 44 31 32 11 44 32 22 32 44 23 33 41 32 44 14 22 41 22 22
1 44 41 32 22 44 22 14 32 23 44 31 32 11 41 32 22 32 41 23 23 44 32 14 14 22 44 23 33
1 44 44 22 24 44 22 14 33 22 44 33 33 11 41 32 22 33 44 22 33 41 33 11 11 22 44 22 33
1 44 44 33 22 44 22 14 33 22 44 31 33 11 44 33 22 33 41 22 22 44 33 11 14 22 41 22 33
1 44 41 32 24 42 23 14 33 22 41 31 32 14 41 32 23 33 41 23 23 44 33 14 14 23 41 23 23
1 44 44 32 44 44 23 11 33 22 44 33 33 11 44 33 22 33 44 22 23 44 33 11 11 22 41 22 22
1 11 44 33 24 22 23 14 32 23 44 11 33 11 41 33 23 32 44 23 33 11 32 11 14 23 44 23 23
1 11 44 22 44 42 23 44 32 23 41 11 32 14 44 32 23 32 41 33 23 44 32 44 11 22 41 22 22
1 44 44 22 44 42 22 14 33 23 44 33 33 11 41 32 23 33 44 22 33 44 33 44 14 23 44 22 22
1 44 44 33 24 44 22 14 33 22 44 33 33 11 44 22 22 33 44 22 22 44 33 44 11 22 41 22 22
1 44 44 32 22 44 22 14 33 22 44 33 33 11 44 33 22 33 44 22 22 44 33 14 11 22 44 22 22
1 44 44 33 24 44 22 11 33 22 41 31 33 11 11 33 23 33 41 23 33 41 32 14 11 22 44 22 23
1 41 44 33 24 44 22 11 33 22 44 33 33 44 44 33 22 33 44 22 22 44 32 11 11 23 44 22 22
1 44 44 32 24 44 22 11 32 23 44 31 32 11 44 33 22 32 44 22 23 44 33 14 11 22 44 22 23
1 44 44 32 24 44 22 14 33 23 44 31 33 14 44 33 23 32 44 22 23 41 32 14 14 22 44 22 22
1 44 44 32 22 44 23 44 33 22 44 31 33 14 41 32 22 32 44 22 23 44 33 14 14 23 44 22 23
1 44 41 33 24 44 22 14 32 22 44 31 33 11 41 32 23 32 44 22 22 44 33 11 11 22 44 22 22
1 44 44 32 22 44 22 11 22 22 44 31 33 11 44 33 22 33 44 22 22 44 33 14 14 22 44 22 22
1 44 44 32 24 42 23 14 32 23 44 31 32 14 41 32 22 33 41 23 23 41 32 14 11 23 44 22 23
1 44 44 33 24 44 22 11 33 22 44 33 33 11 44 33 22 33 44 22 23 44 33 11 11 22 44 22 22
1 44 44 32 22 44 22 11 33 22 44 31 33 11 44 32 22 33 44 22 22 44 33 14 11 23 44 22 22
1 41 41 32 24 42 22 14 33 23 44 31 33 14 44 32 22 32 41 22 23 41 32 11 14 22 41 22 23
1 41 41 32 44 42 23 11 33 23 41 31 32 14 44 32 23 32 41 23 23 44 32 11 14 23 44 23 33
1 44 41 22 44 22 22 14 33 23 11 11 22 44 11 22 23 32 11 23 33 44 22 44 14 33 41 22 23
1 44 44 33 44 44 22 14 32 22 44 31 32 11 41 32 22 33 44 22 23 41 32 11 14 22 44 22 23
1 44 44 33 22 42 22 11 33 22 44 31 33 11 44 33 22 33 44 22 22 44 32 11 11 22 44 22 22
1 41 44 22 24 42 22 14 33 22 41 31 33 11 44 32 23 32 44 23 23 44 32 14 44 23 41 22 33
1 44 44 32 22 44 22 11 33 23 44 31 33 14 44 33 22 33 41 22 23 44 32 14 11 22 44 22 23
1 44 44 33 22 42 23 14 33 22 44 33 32 11 44 32 23 32 44 22 23 41 33 14 44 23 41 22 23
1 44 44 32 24 42 22 14 32 22 44 33 33 11 44 33 22 33 44 23 23 44 33 14 11 23 44 22 23
1 44 44 32 22 42 23 14 33 22 44 31 33 11 44 33 22 33 41 22 22 44 33 14 14 22 44 22 23
1 44 44 32 24 42 22 11 33 22 44 33 33 11 44 33 23 33 44 22 22 44 32 11 11 23 41 22 22
1 44 41 32 24 42 22 14 32 22 41 31 33 14 44 32 23 32 41 22 33 41 22 14 14 23 44 22 33
1 44 44 32 24 22 22 14 32 23 44 31 32 11 44 32 23 32 41 23 23 41 32 14 44 22 11 23 33
1 44 44 33 24 42 22 11 33 22 44 33 33 11 44 33 22 32 44 22 22 44 33 11 11 22 44 22 33
1 44 44 33 22 42 23 14 33 22 44 31 33 14 41 33 22 32 41 23 22 44 33 11 14 22 44 22 23
1 41 44 33 22 44 22 11 33 22 44 33 33 11 44 32 22 33 44 33 22 44 33 11 11 22 44 22 23
1 44 44 32 24 44 22 11 33 22 44 33 33 11 44 33 22 33 44 22 22 44 33 11 11 22 44 22 22
1 44 44 22 24 42 22 11 32 23 44 33 33 11 41 33 23 33 44 22 22 44 33 44 11 22 44 22 23
1 44 44 33 22 44 22 14 33 22 44 31 32 11 44 33 22 32 44 22 23 44 33 11 11 22 44 22 23
1 44 44 33 44 42 22 14 33 23 44 31 33 11 44 32 23 33 44 23 33 41 33 14 11 23 41 23 33
1 44 44 32 44 42 22 14 33 22 44 11 33 11 44 32 22 22 41 23 33 44 33 14 11 22 41 23 22
1 41 44 32 24 44 22 11 33 23 44 11 33 11 44 32 22 33 44 23 22 41 32 14 14 22 44 22 23
1 44 44 32 24 44 22 11 33 23 44 33 33 11 41 33 22 33 44 22 22 41 33 11 11 22 44 23 23
1 44 44 33 22 42 23 14 32 22 44 31 33 11 41 32 22 32 41 23 23 44 32 11 14 22 41 22 23
1 44 44 32 24 42 22 11 33 22 44 33 32 44 41 32 33 33 44 23 22 44 22 14 14 23 44 22 23
1 44 44 33 44 42 22 14 32 23 41 11 33 11 41 32 22 33 11 33 23 44 22 14 14 23 44 23 23
1 44 44 33 24 44 22 44 33 23 44 33 33 14 44 33 22 33 44 23 22 44 32 14 14 22 44 22 23
1 44 44 33 24 44 22 11 33 22 44 31 33 11 44 32 22 33 44 23 22 44 33 14 11 22 44 22 23
1 44 44 33 22 44 22 11 33 22 44 31 33 11 44 33 22 33 44 22 22 44 33 11 14 22 44 22 23
1 41 41 33 24 22 22 14 33 23 44 11 32 11 41 33 23 33 41 23 23 44 33 14 11 22 44 23 23
1 44 44 32 24 44 22 14 33 22 44 33 33 11 44 33 22 33 44 23 23 44 32 14 14 23 44 22 22
1 44 44 33 24 22 22 14 33 22 44 11 32 11 44 32 22 33 41 23 33 44 32 14 14 23 41 22 23
1 41 44 32 24 42 22 14 33 22 41 31 32 11 44 33 22 33 41 22 23 44 32 14 14 22 44 22 23
1 44 44 33 24 42 22 14 33 22 44 31 32 11 44 33 22 32 44 22 22 44 33 11 11 23 44 22 23
1 44 44 33 24 42 22 44 33 22 44 33 33 14 44 33 22 33 44 23 23 41 33 11 14 22 44 22 23
1 44 44 32 24 44 22 11 33 22 44 31 33 11 41 32 22 32 41 23 33 44 32 14 44 22 44 22 23
1 41 44 22 24 42 22 14 32 23 44 31 32 11 11 33 33 32 44 22 33 44 33 11 11 23 44 22 22
1 11 44 22 44 42 22 14 22 22 41 11 33 11 41 32 33 33 11 23 33 41 22 44 44 33 41 23 33
1 44 44 33 24 42 23 11 32 22 44 11 33 11 44 32 22 33 44 22 23 44 32 14 11 23 41 22 23
1 44 44 33 24 42 22 14 33 22 44 33 33 11 44 32 22 33 44 22 22 41 32 14 14 22 44 22 23
1 41 44 32 24 44 23 14 32 23 44 31 32 14 41 32 23 32 41 23 23 44 32 14 11 23 41 22 23
1 41 44 33 24 22 23 11 33 22 44 31 33 14 41 32 22 33 41 22 23 41 32 14 11 23 41 22 23
1 44 44 32 22 44 23 11 33 22 44 33 33 11 44 33 22 33 44 23 22 44 33 14 44 23 44 23 22
1 44 44 33 22 44 22 11 33 22 44 31 33 11 44 33 22 33 44 23 22 44 33 11 11 22 44 22 22
1 44 44 32 24 42 23 14 32 22 44 31 33 11 44 33 22 33 44 23 23 44 33 11 11 23 44 22 33
1 44 44 22 24 42 23 14 33 23 41 11 32 11 41 32 23 32 41 23 33 41 32 11 14 23 11 22 23
1 44 44 32 24 42 22 11 33 22 41 31 33 11 44 32 22 33 44 23 23 44 32 11 44 22 41 23 22
1 44 44 33 24 44 23 11 33 23 44 31 33 11 44 32 23 33 44 22 22 44 33 11 11 22 44 22 23
1 44 44 32 24 42 22 14 33 22 41 31 33 14 44 32 23 33 44 22 23 44 32 11 14 22 44 23 22
1 44 44 33 22 44 22 14 33 22 44 33 33 11 44 33 22 32 44 22 22 44 32 11 11 22 44 22 22
1 41 44 33 24 44 22 14 33 22 44 31 33 11 44 32 22 33 44 22 23 44 32 11 14 22 44 22 23
1 41 44 32 24 44 22 14 32 23 41 31 33 11 44 22 23 33 41 23 23 41 32 14 14 22 44 23 23
1 44 44 32 24 22 23 14 32 23 44 11 32 11 11 32 23 33 41 23 23 41 32 44 44 23 41 23 23
1 41 44 22 22 44 22 44 33 23 44 31 33 14 44 22 23 33 44 23 22 41 32 14 14 23 44 23 23
1 44 44 33 24 44 22 44 33 22 44 31 33 11 44 33 22 33 44 23 22 44 33 11 11 22 44 22 33
1 44 44 32 24 44 22 14 33 22 44 33 33 11 44 33 22 33 44 22 23 44 33 11 11 22 44 22 23
1 41 44 32 24 42 22 14 32 23 41 31 33 11 41 22 23 32 44 23 23 44 32 14 14 22 44 22 23
1 44 44 32 24 42 22 44 32 23 11 31 22 11 41 32 23 33 44 22 33 44 32 14 44 33 44 23 33
1 44 44 32 24 22 22 11 33 22 44 31 33 11 41 33 22 33 41 23 23 44 33 14 14 22 44 22 23
1 44 44 33 24 44 22 11 32 22 44 33 33 11 44 22 22 33 44 23 23 44 33 14 11 23 44 22 22
1 41 41 32 44 22 23 44 22 33 41 11 32 44 11 32 22 33 44 23 23 41 22 44 14 23 41 22 23
1 44 44 33 24 44 22 14 33 22 44 31 33 11 41 22 23 22 44 33 23 44 33 11 11 23 44 23 22
1 44 44 32 22 42 22 11 33 22 44 11 33 11 41 33 22 33 44 23 23 41 33 14 14 22 44 22 23
1 41 44 32 24 42 23 14 32 23 41 31 33 11 41 32 22 33 44 23 33 44 32 14 14 23 44 23 23
1 44 44 32 24 44 22 11 33 22 44 31 33 11 44 33 22 33 44 22 22 44 33 11 11 22 44 22 23
1 11 44 32 24 44 23 44 32 22 41 31 33 44 44 33 22 33 44 22 23 44 22 44 11 23 41 22 23
1 44 41 22 22 42 23 14 32 23 44 31 32 14 44 22 22 33 44 23 33 44 33 14 14 23 44 22 23
1 41 41 32 44 22 22 44 22 33 44 11 32 14 11 32 33 22 44 33 33 44 32 44 44 23 41 22 23
1 41 44 32 24 44 22 14 32 22 41 31 33 11 41 32 22 32 44 23 23 41 32 11 11 23 44 23 23
1 11 41 32 24 42 23 14 33 33 41 31 32 14 41 33 23 32 41 23 23 41 32 44 14 23 41 22 33
1 44 41 22 24 44 22 14 32 22 44 33 33 11 44 33 22 33 44 23 22 41 22 14 11 23 44 22 23
1 41 44 22 24 42 22 44 32 23 44 31 32 44 41 32 23 32 41 23 23 41 22 14 14 23 44 23 23
1 44 44 32 24 44 22 14 33 23 44 31 33 11 44 33 22 33 44 23 23 44 33 14 11 22 44 22 23
1 41 44 32 22 22 22 44 33 22 44 33 33 11 44 32 23 33 44 22 23 41 32 11 11 23 41 22 23
1 44 44 32 22 22 22 11 33 22 44 31 33 11 44 33 23 33 44 23 22 44 33 14 14 22 44 22 22
1 41 44 33 24 44 22 14 33 22 44 33 33 11 44 33 22 33 44 23 22 44 32 11 14 22 44 22 22
1 44 44 33 22 44 22 11 33 22 44 33 33 11 44 33 22 33 44 22 22 44 33 11 11 22 44 22 22
1 41 44 32 22 44 22 44 33 22 41 33 33 11 41 32 22 33 44 22 22 44 33 14 11 22 44 22 23
1 44 44 33 22 44 22 11 33 22 44 31 33 11 44 32 22 33 44 22 23 44 33 11 11 22 44 22 22
1 41 44 33 24 22 22 11 32 23 44 11 33 44 44 32 23 33 11 22 23 44 32 44 14 22 41 22 33
1 44 44 33 22 44 22 11 33 22 44 33 33 11 44 33 22 33 44 22 22 44 33 11 11 22 44 22 22
1 44 44 22 24 44 22 11 32 22 44 11 33 11 44 33 22 33 41 22 23 44 33 14 14 22 44 22 23
1 44 41 22 24 42 22 14 32 23 44 31 32 14 44 32 22 33 41 23 23 41 32 14 14 23 41 22 23
1 41 41 22 44 42 22 44 32 23 41 11 32 14 11 32 23 22 41 23 33 11 22 14 14 23 11 23 33
1 41 44 32 22 44 22 44 33 23 44 31 33 11 41 33 23 33 44 22 23 44 33 11 14 22 44 22 23
1 44 44 32 24 44 22 14 33 22 44 33 33 11 44 33 22 33 44 22 33 44 33 11 11 22 44 22 22
1 41 44 32 24 44 22 11 32 22 44 31 33 11 44 32 23 33 44 22 22 44 32 11 14 22 44 23 22
1 44 41 32 24 44 22 11 33 22 44 33 33 11 44 32 22 33 44 22 23 44 32 11 11 22 44 22 22
1 44 44 33 24 44 22 14 33 22 44 11 33 11 44 33 23 32 44 23 22 41 32 11 14 22 41 22 22
1 44 44 22 44 22 23 11 32 33 41 31 32 11 11 32 23 32 41 23 33 44 22 44 44 23 44 33 33
1 44 44 33 22 44 22 14 33 22 44 33 33 11 44 33 22 33 44 23 22 44 33 14 11 22 44 22 22
1 44 41 32 44 22 22 14 33 23 44 31 33 14 44 32 22 32 41 23 33 41 32 44 14 23 41 22 23
1 44 44 33 22 44 23 14 33 22 44 33 33 11 41 33 22 33 44 22 23 44 33 11 11 22 44 22 23
1 11 44 22 44 44 22 11 33 22 44 31 33 11 44 33 23 33 44 23 33 44 32 14 11 22 44 22 22
1 41 44 32 24 42 22 14 32 23 41 31 32 14 41 32 23 32 41 23 23 41 32 14 14 23 41 23 23
1 41 44 33 22 42 23 14 33 22 44 33 33 11 44 32 23 32 44 22 22 41 33 11 14 22 44 22 23
1 41 44 32 24 22 22 44 32 22 44 31 33 11 44 32 22 22 44 22 23 44 32 14 14 22 44 22 23
1 44 44 32 24 42 23 44 33 23 41 31 33 14 41 32 22 33 41 23 23 44 32 14 14 23 44 23 23
1 41 44 22 24 22 22 14 33 23 44 31 32 44 41 32 23 32 44 23 33 41 32 14 14 23 44 22 23
1 44 44 32 24 44 22 11 33 22 44 31 33 11 44 33 22 33 44 22 22 44 33 11 11 23 44 22 22
1 44 44 33 24 44 22 11 33 22 44 31 33 14 41 33 23 33 41 23 22 44 32 11 11 23 44 22 23
1 41 41 32 44 22 23 44 22 23 44 11 33 14 41 22 22 32 41 33 23 11 22 44 14 33 41 23 33
1 44 41 33 24 44 22 44 33 22 44 11 32 11 41 32 33 33 44 23 33 41 32 14 11 22 44 22 33
1 44 41 22 44 42 33 14 32 22 44 31 32 11 41 32 22 33 44 22 23 44 33 44 14 22 44 22 33
1 41 44 33 24 42 23 14 32 22 44 31 32 14 44 32 22 32 41 22 23 44 32 11 14 23 44 23 23
1 44 44 32 22 44 22 11 33 22 44 31 33 11 44 32 22 33 44 22 23 44 33 14 11 22 44 22 23
1 44 44 32 24 22 23 44 22 33 11 11 32 14 44 22 22 22 11 33 23 44 32 14 44 33 44 23 33
1 44 44 32 22 44 22 11 33 22 44 33 33 11 44 33 22 33 44 22 22 44 33 14 11 22 44 22 23
1 41 44 32 44 42 23 44 32 23 41 11 33 14 41 32 23 32 41 23 23 44 22 11 14 22 41 22 23
1 41 44 22 44 42 22 44 32 23 44 11 33 14 44 32 22 32 41 33 23 41 32 14 14 23 41 23 23
1 41 44 32 24 44 23 14 32 22 44 33 33 11 41 33 23 22 41 22 22 41 32 14 11 22 44 22 23
1 44 44 33 24 42 22 11 33 22 44 33 33 11 44 33 22 33 44 22 22 44 33 11 11 23 44 22 22
1 44 44 32 24 44 22 14 33 22 44 33 33 14 44 33 22 33 44 22 22 44 33 11 11 22 44 22 23
1 44 44 33 24 44 22 11 33 23 44 11 33 14 44 33 22 33 41 22 23 44 22 11 11 22 44 22 22
1 44 44 32 44 22 23 14 32 23 41 31 33 14 41 32 23 32 44 23 23 44 32 14 44 22 41 22 23
1 41 41 32 44 42 23 14 33 22 44 11 32 11 11 22 22 33 44 23 33 44 32 44 14 23 44 22 33
1 41 44 32 24 42 22 14 32 22 44 33 32 14 44 32 22 33 44 22 23 44 32 14 11 22 44 22 23
1 41 44 33 24 44 22 11 33 22 44 31 33 11 41 32 22 32 44 33 23 44 32 14 14 23 41 22 33
1 41 44 22 24 22 33 11 32 23 44 31 33 14 44 32 23 33 41 33 22 41 32 44 11 22 44 22 23
1 11 44 22 44 42 22 44 22 23 41 11 32 14 41 22 33 33 41 33 33 41 22 44 14 23 44 23 33
1 44 44 32 24 44 22 11 33 22 44 31 33 11 44 33 22 33 44 22 22 44 33 11 11 22 44 22 33
1 44 41 32 24 22 22 44 33 33 44 31 32 14 41 32 23 32 41 23 23 44 32 14 44 23 41 23 23
1 44 44 32 22 44 22 14 33 22 44 31 33 11 44 33 22 33 41 22 22 44 33 11 11 22 44 22 22
1 41 44 22 44 42 22 14 32 22 41 31 32 11 41 22 23 33 41 23 33 44 32 11 11 23 44 22 23
1 44 44 33 22 42 22 11 32 22 44 33 33 11 44 33 22 33 44 23 22 44 33 14 14 22 44 22 22
1 44 41 33 24 42 22 11 32 22 44 33 33 11 44 33 22 33 44 22 23 44 32 14 11 23 44 23 33
1 41 44 32 22 44 22 14 33 22 44 33 33 11 44 33 22 33 44 23 22 44 32 11 11 22 44 22 22
1 44 44 32 44 42 22 14 33 22 44 31 33 11 44 33 22 33 44 22 22 44 33 14 14 22 44 22 23
1 44 44 32 22 42 22 14 33 22 44 33 33 11 44 32 22 33 44 22 23 41 33 11 11 23 44 22 23
1 44 44 33 24 42 22 11 33 22 44 11 33 11 41 33 22 33 44 22 33 44 33 11 44 23 41 22 33
1 44 41 22 24 42 22 14 32 23 44 11 33 11 44 32 22 32 44 33 23 44 32 44 14 22 44 23 23
1 44 44 33 22 44 22 11 33 22 44 33 33 11 44 33 22 33 44 22 22 44 33 11 11 22 44 22 22
1 44 44 33 22 44 22 11 33 22 44 33 33 14 44 33 22 32 44 22 22 41 22 11 14 23 44 22 22
1 44 44 33 24 42 22 11 33 22 44 33 33 11 44 33 22 33 44 22 22 44 32 11 11 22 44 22 23
1 44 44 22 22 22 23 11 32 22 41 11 32 11 44 32 22 22 11 23 23 11 32 11 14 23 41 23 33
1 41 41 32 44 22 23 14 33 22 44 11 33 14 44 32 23 32 44 23 33 44 32 11 44 23 44 23 33
1 44 44 32 24 42 22 14 33 23 44 31 33 14 44 33 23 33 44 23 23 44 32 14 11 23 41 23 23
1 44 44 32 22 42 22 14 33 22 44 33 33 11 44 32 22 33 44 22 23 44 32 14 11 22 44 22 22
1 41 44 32 24 44 22 14 33 23 41 31 32 14 41 32 22 32 44 22 33 44 22 14 11 23 44 23 23
1 44 41 33 22 42 22 14 32 22 44 33 33 14 44 33 22 33 44 23 33 44 22 14 14 22 41 22 22
1 41 44 22 24 42 22 14 32 22 41 31 32 14 44 32 22 32 44 23 23 41 33 11 14 33 41 22 23
1 44 44 32 22 22 22 14 32 33 41 31 32 11 44 32 22 32 11 23 23 44 32 11 14 22 41 22 22
1 44 44 33 22 44 22 11 33 22 44 33 33 11 44 32 22 33 44 22 22 44 33 11 11 22 44 22 22
1 44 44 33 22 44 22 11 33 23 44 31 33 11 44 32 22 33 44 23 23 41 33 14 11 22 44 23 23
1 44 44 32 24 44 22 14 33 22 41 31 33 14 44 32 23 32 41 23 23 44 33 14 14 23 41 23 23
1 44 44 33 44 22 22 11 33 22 44 31 33 11 44 32 22 33 44 33 22 41 33 14 11 23 44 22 22
1 41 44 32 44 42 23 11 32 22 44 11 33 11 41 33 23 33 44 23 22 44 32 14 14 23 41 23 23
1 41 44 32 24 42 22 14 32 23 41 31 32 11 44 33 23 32 44 23 23 41 32 14 14 22 41 23 23
1 44 44 32 24 42 22 14 33 23 44 31 32 14 41 33 23 32 44 23 23 44 33 11 11 33 44 22 33
1 44 44 33 24 44 22 11 33 23 44 33 33 11 44 32 22 33 44 23 22 44 32 14 14 23 44 22 23
1 41 11 32 44 22 33 44 22 33 11 11 22 44 41 32 23 22 11 33 22 41 22 44 44 23 41 23 33
1 44 44 33 24 44 22 14 33 22 44 31 33 11 41 32 22 33 44 22 23 44 33 14 14 23 44 23 33
1 44 44 33 22 44 22 11 33 22 44 33 33 11 44 33 22 33 44 22 22 44 33 14 11 22 44 22 22
1 41 44 33 22 44 22 11 33 22 44 31 33 11 44 33 23 33 44 23 22 44 33 11 11 22 44 22 22
1 44 44 32 24 42 22 11 32 23 44 31 33 11 41 32 22 33 41 22 23 41 32 14 11 23 44 22 23
1 44 44 33 22 44 22 11 33 22 44 31 33 11 44 33 23 33 44 22 22 44 33 11 11 22 44 22 23
1 44 41 32 44 44 22 14 32 22 44 31 33 14 11 32 23 32 41 23 23 44 32 44 11 22 44 22 33
1 44 44 32 24 44 22 14 33 22 44 11 32 11 11 32 23 32 41 22 33 41 22 14 14 23 44 22 33
1 44 44 33 22 44 22 11 33 22 44 33 33 11 44 32 23 32 44 22 23 44 32 14 14 22 44 22 22
1 44 41 32 44 42 23 44 33 22 44 11 33 14 41 32 23 32 44 33 23 41 22 44 14 33 44 22 33
1 11 41 22 24 42 23 44 32 33 41 11 33 44 41 32 23 33 41 23 33 41 22 14 44 23 41 23 23
1 44 44 32 24 42 22 44 33 23 44 31 33 11 44 33 22 33 44 23 23 41 32 11 11 22 44 22 22
1 41 44 32 24 42 22 14 33 22 41 31 33 14 41 33 22 32 41 23 23 44 32 11 11 23 44 22 22
1 41 44 32 24 44 22 14 32 23 44 31 33 11 44 33 22 32 44 22 23 44 32 11 14 22 44 22 22
1 41 44 32 22 44 22 11 32 23 41 31 33 14 44 33 23 33 44 22 22 44 33 14 14 22 44 22 23
1 44 44 32 22 42 22 11 33 22 44 33 33 11 44 33 23 33 44 22 22 44 33 11 11 22 44 22 22
1 41 44 33 44 42 22 44 33 23 41 31 32 14 44 22 23 33 41 22 33 41 32 14 14 23 11 22 33
1 44 44 32 44 42 22 14 32 22 44 31 33 11 44 32 23 33 44 23 23 41 32 11 11 22 41 23 23
1 44 44 33 22 42 22 11 33 22 44 33 33 14 41 33 22 33 44 23 22 44 33 11 11 22 44 22 22
1 41 44 32 24 42 23 14 32 23 41 31 32 14 44 32 23 33 41 22 23 44 32 14 14 23 44 22 23
1 11 44 32 44 42 22 11 22 23 11 11 32 44 41 22 23 32 41 23 23 41 33 14 44 23 41 33 33
1 41 41 33 24 44 22 14 33 22 44 11 33 11 44 33 22 33 44 22 23 44 32 11 11 23 44 22 23
1 44 44 33 44 44 22 14 33 22 44 31 33 11 44 33 22 33 44 23 22 44 33 11 14 23 44 22 22
1 44 44 32 22 42 22 11 33 22 44 31 33 14 44 32 22 33 44 23 23 44 33 11 11 23 44 22 22
1 41 44 32 24 42 23 14 32 22 41 31 33 44 44 33 22 32 41 22 23 41 32 14 14 23 41 22 23
1 41 44 32 44 42 23 14 32 23 41 31 33 14 41 32 23 33 41 22 33 41 32 44 14 23 44 22 23
1 41 44 33 44 42 22 14 32 33 44 11 33 14 41 33 23 32 11 23 23 41 33 44 14 22 44 22 33
1 11 41 22 24 22 22 11 32 33 11 31 32 14 44 22 22 33 41 23 33 44 32 14 14 23 44 22 23
1 41 41 32 44 22 22 44 32 22 44 11 22 11 41 32 23 32 44 23 33 41 22 11 11 22 44 22 23
1 44 44 22 44 44 22 14 33 22 44 31 33 11 44 33 22 33 44 22 33 44 33 11 11 22 44 22 22
1 41 44 22 24 22 22 14 32 23 41 31 33 14 41 32 23 32 41 23 23 44 32 14 44 23 44 22 33
1 44 44 32 24 44 22 11 32 22 44 31 33 11 44 33 23 33 44 22 22 44 33 11 11 22 44 22 22
1 41 41 33 24 44 22 14 32 22 44 31 33 14 44 33 23 33 44 23 23 41 32 11 11 22 44 22 22
1 44 44 32 22 44 22 11 33 22 44 31 33 11 44 33 22 33 44 23 23 44 33 11 11 22 44 22 23
1 44 44 33 22 44 22 11 33 22 44 33 33 11 44 33 22 33 44 22 22 44 33 11 11 22 44 22 23
1 41 44 22 24 42 33 44 32 22 44 33 22 11 11 22 23 32 41 23 33 44 32 14 44 22 44 22 23
1 44 44 33 22 44 22 14 33 22 44 33 33 11 41 33 22 33 44 22 23 44 33 11 11 22 44 22 23
1 44 44 33 22 44 22 14 33 22 44 33 33 11 41 33 22 33 44 22 22 44 32 14 11 22 44 22 23
1 44 44 33 24 44 22 11 33 22 44 31 33 11 44 32 23 33 44 22 23 44 33 11 11 22 44 22 23
1 41 44 32 24 22 22 44 32 22 41 33 33 14 44 32 22 32 41 23 23 44 32 14 14 22 44 23 23
1 44 44 22 24 42 22 14 32 22 44 31 32 14 41 32 22 32 44 22 23 44 32 14 14 22 44 22 23
1 41 41 33 44 22 22 14 33 22 44 33 33 14 44 33 22 32 44 33 23 44 32 44 11 23 44 22 23
1 44 44 33 24 44 22 11 33 22 44 33 33 11 44 33 22 33 44 22 22 44 33 11 11 23 44 22 22
1 41 44 22 44 22 23 44 32 22 41 11 33 14 41 32 33 33 44 33 23 41 33 14 14 23 44 22 23
1 41 44 32 24 42 22 14 33 22 44 33 33 11 44 33 22 33 44 22 23 44 33 11 11 22 44 22 22
1 41 41 32 44 22 23 14 32 23 41 31 33 14 41 32 23 32 41 23 33 41 32 14 14 33 41 23 33
1 44 41 32 24 44 22 14 33 23 44 31 33 11 44 32 22 32 44 23 22 41 32 11 11 22 41 22 23
1 44 44 33 22 42 22 11 33 23 41 31 33 14 44 32 22 32 44 23 33 44 22 14 14 22 44 22 22
1 41 44 32 22 44 22 14 32 23 41 31 33 11 44 32 22 32 44 23 23 44 32 14 11 23 41 23 22
1 11 11 22 44 42 33 44 22 33 41 11 32 44 11 22 33 32 11 33 33 11 22 14 44 33 41 33 33
1 44 44 33 44 42 22 14 32 22 44 33 33 11 44 32 23 32 44 22 22 44 32 11 11 23 44 22 22
1 44 44 32 22 42 22 14 32 22 44 33 33 11 44 32 22 33 44 23 22 44 33 11 11 22 41 22 23
1 41 44 33 24 42 22 14 33 22 44 31 33 11 44 33 22 33 44 23 22 44 33 11 11 22 44 22 22
1 44 44 32 24 44 22 14 33 22 44 31 33 11 44 33 22 33 44 22 23 44 33 11 11 22 44 22 22
1 44 44 33 22 42 22 44 32 22 44 33 33 11 44 33 22 32 44 22 23 44 33 11 11 22 44 22 23
1 41 44 22 24 42 22 14 33 23 44 31 33 14 44 33 23 33 44 22 23 44 32 11 14 22 41 22 33
1 44 44 33 24 42 22 14 33 22 44 31 33 14 44 32 22 33 44 23 23 44 33 11 11 23 44 22 23
1 41 44 32 44 22 22 14 32 22 44 31 33 14 44 32 23 32 44 23 23 41 32 11 14 23 44 23 33
1 41 44 22 22 42 22 44 32 23 41 11 33 14 44 32 23 32 44 22 23 41 22 11 44 23 44 22 23
1 44 44 32 24 42 23 14 33 22 44 33 33 11 44 33 22 33 44 22 22 44 33 14 11 23 44 23 22
1 41 44 32 22 42 22 14 32 22 44 33 33 11 44 32 22 32 44 23 23 44 32 11 14 23 44 22 23
1 44 44 33 24 42 22 14 32 22 44 11 33 11 41 32 22 33 44 22 33 44 32 11 11 22 41 22 23
1 44 44 32 24 44 22 11 33 22 44 31 33 14 41 33 22 33 44 22 23 44 32 11 14 23 44 23 23
1 44 44 33 22 44 22 11 33 22 44 33 33 11 44 33 22 33 44 22 22 44 33 11 11 22 44 22 22
1 41 44 22 44 42 22 44 33 33 44 11 33 11 41 33 23 33 41 23 33 41 32 44 14 23 41 22 23
1 41 41 32 44 42 33 44 32 22 41 11 33 14 41 32 23 33 44 23 23 41 32 11 14 22 41 22 33
1 44 44 32 24 44 22 14 33 22 44 31 33 11 44 33 23 33 44 22 23 44 33 44 11 22 44 22 22
1 44 44 32 24 44 22 14 32 22 44 31 33 14 41 32 22 22 44 23 23 44 32 14 14 22 44 22 33
1 44 44 32 24 42 23 14 32 22 44 31 33 44 44 33 22 33 41 22 23 41 32 14 14 22 44 22 22
1 44 44 22 44 42 33 44 32 23 44 31 33 14 11 22 22 22 41 33 23 41 22 44 14 23 44 22 33
1 41 41 32 24 42 23 14 33 23 44 31 33 11 44 32 22 33 44 22 23 11 33 11 11 23 44 22 22
1 44 44 32 44 42 22 14 33 22 44 31 33 14 44 32 22 33 41 23 23 11 33 11 14 23 44 23 22
1 44 44 32 24 44 22 11 33 22 44 31 33 14 44 33 22 33 44 22 23 44 32 14 14 23 44 22 23
1 44 41 32 24 42 22 14 32 23 44 33 32 14 44 33 22 33 44 22 22 44 32 11 11 22 44 22 23
1 44 44 32 22 44 22 14 33 23 44 33 33 11 44 33 23 33 41 33 23 44 32 14 11 33 41 23 33
1 41 44 32 22 44 22 11 32 22 44 33 33 14 44 32 22 33 44 23 22 44 33 11 14 23 44 22 22
1 44 44 32 44 44 22 11 33 22 44 31 33 14 41 33 22 33 44 22 23 44 32 11 14 23 44 22 33
1 44 44 33 22 44 22 11 33 22 44 11 33 11 44 33 22 32 44 22 23 44 33 11 14 22 44 22 23
1 44 44 32 24 42 22 14 33 22 41 11 33 14 41 32 22 33 44 22 23 44 32 11 11 22 44 22 23
1 41 44 32 24 42 22 11 33 22 41 33 33 11 44 33 23 33 44 23 22 44 32 14 14 22 41 22 23
1 44 44 32 44 42 22 11 33 22 44 33 33 11 44 32 22 33 44 33 23 41 33 11 14 22 44 22 22
1 11 41 22 24 22 33 44 32 23 41 31 22 14 41 22 23 22 11 23 33 41 32 14 14 33 11 23 23
1 44 44 32 24 44 22 14 33 22 44 33 33 11 44 33 22 33 44 22 22 44 32 44 11 22 44 23 23
1 44 41 22 44 42 23 11 33 22 11 33 22 11 44 22 22 32 41 22 33 41 32 14 11 22 41 22 33
1 11 44 22 44 44 22 44 22 23 44 11 32 44 44 33 22 33 44 23 23 41 22 44 14 23 44 23 23
1 44 44 32 22 44 22 11 33 22 44 33 33 11 44 33 22 33 44 22 22 44 33 11 11 22 44 22 22
1 41 41 32 44 42 23 14 32 22 41 11 32 14 41 22 23 32 41 23 23 41 32 14 14 23 41 23 33
1 44 41 32 22 22 23 14 33 22 44 11 33 11 41 32 22 32 44 22 22 44 33 11 11 23 44 22 23
1 44 44 32 22 44 22 14 33 22 44 31 33 11 41 32 22 33 44 22 22 41 32 11 14 22 44 22 33
1 44 44 22 44 42 22 14 33 23 41 31 33 14 41 22 22 33 41 22 23 41 32 14 14 23 41 22 22
1 44 44 33 22 44 22 11 33 22 44 33 33 11 44 33 22 33 44 22 22 44 33 11 11 22 44 22 22
1 44 44 32 44 42 22 14 33 22 41 31 33 14 41 33 22 33 41 23 22 44 32 14 14 23 44 23 23
1 41 41 32 24 42 23 14 32 23 41 31 33 11 41 32 23 32 41 23 23 44 32 14 14 23 41 23 23
1 44 44 32 22 44 22 14 33 22 44 33 32 11 41 32 23 33 44 22 23 41 22 14 14 22 41 22 33
1 44 44 32 24 42 23 44 33 23 44 31 32 14 41 32 22 32 41 22 23 41 32 14 11 23 44 22 23
1 44 41 22 24 44 22 44 32 33 41 11 32 14 11 33 23 33 41 23 23 41 32 14 14 23 41 23 33
1 44 44 33 22 44 23 11 33 22 44 33 33 11 44 33 22 33 44 22 23 44 33 11 11 22 44 22 22
1 44 44 33 24 44 22 11 33 22 44 11 33 14 44 33 22 33 44 23 33 44 22 14 14 33 44 22 33
1 41 44 22 44 22 22 14 33 23 41 33 33 11 41 32 23 32 41 33 33 44 22 14 11 23 44 22 33
1 44 44 32 24 42 22 44 33 22 44 11 33 11 44 33 23 33 44 22 23 44 33 11 14 22 41 22 23
1 44 44 33 22 42 22 11 33 22 44 33 33 11 41 33 22 33 44 22 22 44 33 11 11 22 44 22 22
1 44 41 32 22 42 22 11 33 23 44 31 33 11 44 33 22 33 44 22 22 44 33 14 11 22 44 22 23
1 41 44 32 24 42 22 14 33 23 44 11 33 11 41 33 23 33 44 23 33 44 33 14 14 22 44 22 33
1 11 44 22 44 42 23 44 32 33 11 11 22 14 11 22 33 32 11 33 23 44 22 14 44 23 11 23 33
1 44 44 22 44 22 22 44 33 23 11 31 33 44 41 22 23 32 41 23 22 11 32 14 44 23 11 22 22
1 44 44 33 24 44 22 11 33 22 44 31 33 11 41 33 22 32 44 22 23 44 33 44 11 23 44 22 22
1 41 44 32 22 44 22 11 33 22 44 31 33 11 44 32 22 32 44 22 22 44 32 14 14 22 44 22 22
1 44 44 32 44 42 22 14 33 22 44 33 33 11 44 33 22 33 44 22 22 44 32 11 14 23 44 23 23
1 44 41 22 24 44 23 44 32 23 11 11 33 14 11 22 23 33 41 23 33 44 22 11 14 23 44 22 33
1 41 41 32 44 22 22 44 22 22 11 31 33 14 41 32 23 33 44 23 33 44 33 14 14 23 44 33 33
1 44 44 33 24 42 22 14 33 22 44 31 33 11 44 32 22 33 44 22 22 44 32 11 14 22 44 22 22
1 44 44 33 44 44 22 14 32 22 44 31 32 11 41 32 22 33 44 22 22 41 33 11 11 23 44 23 33
1 44 44 33 22 44 22 11 33 22 44 33 33 11 44 33 22 33 44 22 22 44 33 11 11 22 44 22 22
1 44 44 33 24 44 22 11 33 22 44 33 33 11 44 33 22 33 44 22 22 44 33 11 11 22 44 22 23
1 44 44 32 44 22 23 44 22 22 41 33 33 44 44 33 22 33 44 23 23 41 22 11 14 23 44 22 33
1 44 44 32 22 44 23 11 33 22 44 31 32 11 41 33 22 33 41 22 22 41 32 11 14 23 44 22 23
1 44 44 32 24 44 22 14 33 22 44 33 32 11 44 32 22 33 44 22 22 44 33 11 11 22 44 22 22
1 44 44 33 24 42 22 44 33 22 44 31 33 11 44 32 23 33 44 22 22 44 33 14 11 22 44 22 33
1 44 44 22 22 44 22 11 33 22 44 33 32 11 44 32 22 33 44 22 22 44 33 14 14 22 44 22 33
1 41 41 32 24 44 22 44 32 22 44 11 33 44 41 33 22 33 44 22 23 44 33 14 11 22 41 22 23
1 41 41 32 22 42 22 44 32 23 41 11 33 11 44 22 22 33 44 23 22 44 32 11 14 22 44 23 23
1 41 44 22 24 22 22 11 32 23 41 11 33 11 44 33 23 32 44 22 23 44 32 14 14 23 41 23 23
1 44 44 32 22 44 22 11 33 22 44 33 33 11 44 33 23 33 44 22 22 44 33 14 11 22 41 22 33
1 41 44 32 24 44 22 14 33 22 41 31 33 14 11 33 22 33 41 23 23 44 32 11 44 23 44 23 22
1 44 44 32 22 44 22 11 33 22 44 33 33 11 44 32 22 33 44 22 22 44 33 14 11 22 44 22 22
1 44 44 33 22 44 22 14 33 22 44 33 33 11 44 33 22 33 44 23 22 44 33 14 11 22 44 22 33
1 44 44 32 24 42 22 44 32 23 44 31 33 14 41 33 22 33 44 22 33 41 33 44 14 23 44 22 23
1 44 44 22 22 42 22 11 33 22 44 31 32 11 41 33 22 33 41 22 22 44 33 14 44 22 44 22 22
1 44 44 32 24 44 22 14 32 22 44 33 33 11 44 33 22 33 44 22 23 44 32 14 14 23 41 22 23
1 44 44 33 22 42 22 14 33 22 44 31 33 11 44 32 22 32 44 22 22 44 33 11 14 23 44 22 22
1 41 44 32 24 42 22 11 33 23 41 33 33 14 44 33 22 33 44 22 22 44 32 14 14 22 44 22 22
1 44 44 33 22 44 22 11 33 23 44 33 33 14 44 33 23 33 44 23 22 41 32 11 14 22 44 22 22
1 44 44 33 24 44 23 11 33 22 44 33 33 11 44 33 22 33 44 23 22 44 33 11 11 22 44 23 23
1 41 44 32 24 44 22 11 32 22 41 31 33 11 44 33 22 33 44 22 23 44 33 11 14 22 44 22 22
1 41 41 32 44 42 22 44 33 22 41 11 32 11 44 32 22 32 41 23 33 41 22 11 44 33 11 22 33
1 41 44 33 24 42 22 14 33 22 44 31 33 11 44 33 22 33 44 22 22 41 33 11 11 22 44 22 22
1 41 41 22 24 42 23 14 33 22 44 11 33 14 41 33 22 33 41 33 23 44 22 14 14 23 41 23 33
1 41 41 22 24 22 23 14 32 22 41 31 33 14 41 33 22 33 44 22 23 41 33 44 11 23 44 22 33
1 44 44 33 22 44 22 11 33 22 44 33 33 11 44 33 22 33 44 22 22 44 33 11 11 22 44 22 23
1 44 44 32 44 42 22 44 32 22 44 11 22 11 44 32 22 33 44 23 23 41 32 44 14 22 44 33 23
1 44 44 22 44 42 22 14 32 22 44 33 33 14 44 33 23 33 44 23 22 11 33 44 14 22 44 22 22
1 44 44 32 22 42 22 11 33 22 44 31 33 11 41 33 22 33 44 22 23 44 33 11 11 22 44 22 23
1 44 44 33 22 42 22 11 33 22 44 31 33 11 41 32 22 33 44 22 22 44 33 11 14 22 44 22 23
1 44 44 33 22 44 22 11 33 22 44 31 33 11 44 33 22 33 44 22 22 44 33 11 11 22 44 22 22
1 44 44 22 22 44 22 11 32 23 41 33 33 11 41 33 22 33 44 22 22 44 33 14 14 23 41 22 22
1 44 41 32 44 42 23 14 22 23 41 11 33 44 44 22 22 33 41 23 33 44 22 11 14 23 41 22 23
1 44 44 32 22 44 22 11 32 22 44 31 33 11 41 33 22 33 44 23 22 41 33 14 11 22 44 23 23
1 44 44 33 22 44 22 14 33 22 44 31 33 11 44 33 22 33 44 22 22 44 33 11 11 22 44 22 22
1 41 41 32 24 42 22 11 33 22 41 31 33 11 41 32 22 32 44 22 23 44 32 14 44 23 44 22 33
1 41 44 33 24 44 22 11 33 23 44 31 33 11 44 32 23 33 44 23 22 44 32 11 11 23 44 23 22
1 41 44 32 24 42 23 14 33 23 41 11 33 14 11 32 23 32 11 33 23 41 22 44 14 23 41 23 23
1 44 44 22 44 42 22 14 33 23 41 31 32 44 44 32 23 32 41 23 23 44 22 14 14 33 41 22 33
1 44 44 32 24 44 22 11 33 22 44 33 33 14 44 33 22 33 44 22 23 44 32 11 11 22 44 22 23
1 44 44 33 22 44 22 11 33 22 44 33 33 11 44 33 22 33 44 22 22 44 33 11 11 22 44 22 22
1 44 44 32 24 42 22 11 33 22 44 31 32 11 44 33 22 33 44 22 22 44 32 11 11 23 41 22 22
1 41 44 32 44 22 23 14 32 33 41 31 33 11 41 32 33 32 44 22 23 41 33 11 44 23 44 23 23
1 44 41 32 44 44 23 14 33 22 44 31 33 11 44 32 22 32 41 22 23 44 22 11 14 22 44 23 23
1 44 44 32 24 44 22 14 33 23 44 33 33 11 44 33 22 33 41 22 23 44 33 11 14 23 44 22 23
1 44 41 32 24 44 23 11 33 22 44 11 33 11 41 32 22 33 44 23 23 41 32 14 14 23 41 23 23
1 44 44 32 22 44 22 11 33 22 44 33 33 11 44 33 22 33 44 22 23 44 33 14 11 23 44 22 23
1 44 44 33 22 42 22 14 33 23 44 33 33 11 41 33 22 33 44 22 22 44 33 11 11 22 44 22 23
1 44 44 33 24 42 22 11 33 22 44 31 33 14 44 33 22 33 44 23 23 44 32 14 11 22 41 22 23
1 44 44 32 24 42 23 14 33 23 44 33 32 11 41 32 23 32 41 23 23 41 32 11 11 23 41 22 33
1 41 44 22 24 22 23 44 32 23 11 11 32 44 11 22 23 22 41 23 23 44 32 44 14 33 41 23 23
1 44 44 22 44 22 22 14 32 33 41 11 22 44 41 32 22 32 11 33 23 41 22 14 11 22 44 23 33
1 41 44 32 24 22 23 14 22 23 41 11 32 44 11 32 33 33 41 33 33 41 32 44 44 23 41 23 33
1 41 41 22 44 42 22 14 32 33 44 31 32 44 41 32 23 32 41 33 23 41 32 14 14 23 41 22 23
1 41 44 33 22 42 22 14 33 23 44 11 32 14 44 32 22 33 41 22 33 44 22 14 44 23 41 23 23
1 44 44 32 22 44 22 14 33 22 44 33 33 11 44 33 22 33 44 22 23 44 33 11 14 22 44 22 22
1 44 44 32 24 42 22 44 32 22 44 31 33 11 44 33 23 33 41 23 22 44 22 14 14 23 44 23 22
1 44 44 32 44 44 22 14 32 22 41 11 22 11 41 22 22 32 11 23 33 44 32 44 14 23 44 22 33
1 44 41 22 22 42 23 14 33 22 44 31 33 11 44 32 23 33 44 23 33 44 32 11 11 22 44 22 23
1 44 41 32 44 42 22 14 32 22 44 11 32 14 41 33 22 33 41 23 22 41 32 14 14 22 44 22 22
1 44 44 33 44 22 23 14 32 22 41 33 33 14 41 22 23 33 41 22 23 41 33 11 44 22 41 23 22
1 44 44 32 44 44 23 14 33 22 44 11 33 14 41 33 33 33 44 33 33 44 22 11 14 22 44 22 33
1 41 41 33 44 42 23 11 32 22 44 31 33 11 11 22 23 33 44 23 33 44 32 14 14 23 41 23 23
1 41 41 33 24 44 22 14 33 23 44 31 33 11 41 33 23 33 41 22 23 41 32 14 44 23 41 22 23
1 44 44 33 22 44 22 11 33 22 44 11 33 11 44 32 22 33 44 23 22 41 33 11 14 22 44 22 22
1 44 44 22 24 44 22 11 33 22 41 31 33 11 44 32 22 33 44 22 33 44 33 11 14 23 44 22 23
1 44 44 32 44 42 22 44 32 22 11 11 32 44 11 32 23 32 41 23 23 44 32 14 14 23 44 23 33
1 44 44 33 24 44 22 11 32 22 44 31 33 11 44 33 22 33 44 22 33 44 32 11 11 23 44 22 22
1 41 44 32 24 42 23 14 33 22 41 33 33 11 41 33 22 33 44 22 22 41 33 14 14 23 44 22 22
1 41 44 33 44 42 22 14 33 22 44 31 33 11 44 33 22 33 44 22 23 44 32 11 11 22 41 22 22
1 44 44 22 44 44 22 14 33 22 44 31 33 14 44 33 22 33 44 23 22 44 32 11 14 23 44 22 23
1 41 44 33 24 42 22 14 33 22 44 31 33 14 44 32 23 33 44 23 23 44 33 11 11 22 44 22 22
1 41 11 22 44 22 23 44 32 23 44 11 32 14 11 32 22 32 11 33 23 41 32 14 14 22 41 22 33
1 41 44 22 24 22 22 44 33 23 44 11 32 11 41 33 23 22 41 23 33 41 32 11 44 33 41 22 23
1 41 44 22 44 44 23 14 33 33 44 31 33 14 44 33 22 32 44 22 23 41 22 14 44 23 41 22 33
1 44 44 22 24 44 22 11 33 23 44 33 33 11 41 33 22 33 44 22 22 44 33 14 11 22 44 23 22
