 rs277678 rs277679 rs202577 rs277681
0 32 44 33 22
0 32 41 32 22
0 32 11 32 22
0 33 11 32 24
0 33 44 33 22
0 33 41 33 22
0 32 11 22 24
0 33 44 33 22
0 33 41 33 22
0 32 41 22 24
0 32 41 32 22
0 33 41 33 24
0 32 41 32 24
0 33 11 33 24
0 33 41 33 22
0 32 41 32 44
0 33 41 33 22
0 33 41 33 22
0 33 44 32 22
0 32 41 32 44
0 32 44 33 22
0 33 44 33 22
0 32 41 32 24
0 33 44 22 24
0 33 11 22 44
0 33 44 33 22
0 33 41 32 24
0 32 41 22 24
0 32 41 22 22
0 32 44 32 24
0 32 41 32 24
0 22 11 32 24
0 33 44 33 22
0 33 44 33 22
0 22 41 32 24
0 33 44 32 22
0 33 44 33 22
0 22 11 22 44
0 33 44 33 22
0 33 41 33 22
0 33 44 32 22
0 33 44 33 22
0 33 11 32 24
0 32 44 33 22
0 33 41 33 22
0 33 44 33 22
0 33 44 33 22
0 33 11 32 24
0 33 44 33 22
0 32 11 32 24
0 32 44 32 22
0 22 41 22 44
0 33 11 33 24
0 33 44 22 22
0 33 44 32 24
0 33 41 32 24
0 32 41 32 24
0 32 41 32 24
0 22 11 32 44
0 33 44 32 22
0 33 41 22 22
0 33 44 32 22
0 32 41 32 24
0 33 44 32 24
0 32 41 22 22
0 33 41 32 22
0 32 41 22 24
0 32 41 32 24
0 33 11 32 44
0 33 44 32 22
0 33 41 32 22
0 33 44 32 22
0 22 11 22 44
0 32 11 32 24
0 33 44 33 22
0 33 44 22 44
0 32 41 32 24
0 33 44 33 22
0 33 44 33 22
0 33 44 33 22
0 33 44 33 22
0 32 41 32 24
0 33 44 33 24
0 33 44 32 24
0 32 44 32 22
0 33 44 33 24
0 32 41 32 22
0 33 44 33 22
0 33 41 32 24
0 32 44 32 22
0 33 44 33 22
0 33 41 32 22
0 33 41 32 24
0 33 41 32 24
0 32 41 32 24
0 33 41 32 24
0 33 44 33 22
0 33 41 33 22
0 32 11 32 24
0 33 44 32 22
0 33 44 32 22
0 33 44 22 24
0 33 44 33 22
0 33 44 33 24
0 33 41 33 22
0 32 11 32 22
0 33 44 33 24
0 22 11 22 44
0 32 41 32 24
0 32 11 32 22
0 33 44 33 22
0 33 44 33 22
0 32 11 32 24
0 32 41 32 24
0 32 41 32 24
0 22 11 22 24
0 32 11 32 24
0 32 41 32 24
0 33 44 32 22
0 33 41 32 22
0 33 44 33 22
0 32 41 22 24
0 33 41 32 24
0 33 41 32 22
0 32 41 22 22
0 32 44 32 22
0 22 41 22 24
0 33 44 33 22
0 32 11 32 22
0 33 44 32 24
0 32 41 32 22
0 33 44 32 22
0 33 44 22 24
0 33 44 33 22
0 33 41 33 22
0 33 41 33 22
0 32 41 32 24
0 32 41 32 24
0 33 41 32 24
0 32 41 22 24
0 33 41 32 24
0 33 44 32 24
0 33 44 32 22
0 33 44 33 22
0 33 44 33 22
0 33 44 33 24
0 33 44 32 22
0 33 44 32 24
0 33 44 33 22
0 33 41 32 24
0 33 44 33 22
0 22 41 32 24
0 33 44 32 24
0 33 41 32 22
0 33 44 32 22
0 33 41 32 24
0 32 44 22 24
0 33 41 33 22
0 33 41 33 22
0 33 41 22 24
0 32 41 32 24
0 32 41 32 22
0 32 44 32 24
0 33 44 32 24
0 32 41 33 22
0 32 41 32 24
0 33 44 32 24
0 33 44 33 22
0 33 41 22 22
0 33 44 33 22
0 33 44 32 22
0 32 44 32 24
0 33 44 32 22
0 32 44 32 24
0 33 44 33 22
0 33 44 33 22
0 32 44 32 22
0 33 41 22 24
0 33 41 32 22
0 33 44 32 22
0 32 41 32 24
0 33 44 32 24
0 33 44 33 22
0 33 44 33 22
0 33 11 22 22
0 33 44 32 22
0 32 41 22 44
0 33 44 33 22
0 33 44 32 22
0 33 44 33 22
0 32 44 33 22
0 33 44 32 22
0 33 41 33 22
0 32 41 32 24
0 33 44 22 44
0 22 41 32 24
0 33 44 33 24
0 32 41 22 44
0 33 41 32 24
0 33 41 32 22
0 32 41 33 22
0 22 41 22 44
0 32 44 33 22
0 32 41 32 24
0 33 41 33 24
0 33 41 33 22
0 33 41 33 24
0 33 44 33 22
0 32 41 33 24
0 33 44 33 24
0 33 44 32 22
0 33 44 33 22
0 33 44 33 22
0 33 44 33 22
0 33 44 32 24
0 32 41 32 44
0 32 41 32 22
0 32 11 22 24
0 33 44 33 22
0 32 41 22 24
0 33 41 33 22
0 33 41 32 22
0 33 41 32 22
0 33 44 33 22
0 33 11 32 44
0 33 44 33 22
0 32 41 32 24
0 33 41 22 44
0 33 41 32 22
0 22 11 22 44
0 32 44 33 24
0 33 41 32 24
0 32 44 22 22
0 33 44 32 22
0 32 41 32 24
0 32 41 33 24
0 32 11 32 24
0 32 41 32 24
0 33 41 32 24
0 32 41 32 24
0 32 41 32 24
0 33 41 32 22
0 33 41 32 24
0 33 44 32 22
0 33 11 33 22
0 33 44 33 22
0 33 41 32 24
0 32 41 32 24
0 33 44 33 22
0 32 41 32 22
0 33 44 33 24
0 33 44 33 22
0 32 44 33 22
0 33 41 33 24
0 22 11 22 44
0 33 44 32 24
0 33 41 33 22
0 32 41 32 24
0 33 44 32 22
0 33 41 22 24
0 22 41 22 24
0 33 41 33 22
0 33 44 33 22
0 33 44 33 22
0 32 41 32 24
0 32 41 32 24
0 33 44 33 22
0 32 11 22 22
0 33 44 33 22
0 32 44 32 22
0 33 44 32 24
0 33 44 32 22
0 32 41 32 22
0 32 41 32 24
0 32 44 32 24
0 33 44 32 22
0 33 44 32 22
0 33 41 32 24
0 33 44 33 22
0 33 44 33 22
0 33 41 32 24
0 32 41 32 22
0 32 11 32 24
0 33 44 32 24
0 33 44 32 22
0 33 44 33 22
0 33 41 32 22
0 33 41 33 22
0 32 41 32 22
0 33 11 32 22
0 32 41 32 24
0 33 44 32 22
0 33 44 33 22
0 32 11 22 44
0 32 41 32 24
0 32 44 32 24
0 32 44 33 22
0 33 44 33 22
0 32 11 22 24
0 32 41 22 22
0 32 41 32 22
0 33 41 32 24
0 33 44 33 22
0 33 44 32 22
0 33 41 33 22
0 32 44 32 22
0 32 44 22 24
0 32 41 22 24
0 32 11 33 24
0 22 41 32 24
0 33 44 33 22
0 33 44 32 22
0 33 41 33 22
0 33 44 33 22
0 33 11 32 24
0 33 44 32 22
0 32 41 32 24
0 33 44 33 22
0 32 41 32 24
0 33 11 32 24
0 33 44 32 22
0 33 44 33 22
0 32 41 33 22
0 33 44 33 22
0 33 44 32 24
0 33 44 32 22
0 32 11 22 22
0 32 41 32 22
0 32 44 32 24
0 33 44 32 22
0 32 41 32 24
0 33 41 33 22
0 33 41 32 22
0 33 44 33 22
0 33 44 32 24
0 33 44 33 24
0 33 41 33 22
0 32 41 32 24
0 33 44 33 22
0 33 44 32 22
0 33 44 33 22
0 32 11 22 24
0 33 41 33 22
0 33 41 32 24
0 33 41 32 22
0 22 41 22 24
0 33 44 32 22
0 32 41 32 24
0 33 44 33 22
0 32 44 32 24
0 22 41 32 24
0 33 41 33 22
0 22 11 32 24
0 33 44 32 24
0 33 44 32 24
0 33 44 33 22
0 33 44 33 22
0 32 44 33 22
0 22 11 22 44
0 32 41 32 22
0 33 41 33 24
0 33 44 32 22
0 33 44 33 22
0 33 41 32 24
0 33 44 33 22
0 33 41 32 22
0 33 44 33 22
0 32 41 32 24
0 33 41 32 22
0 32 44 33 22
0 22 11 22 44
0 32 44 32 22
0 33 41 32 24
0 32 44 33 22
0 22 11 22 24
0 33 44 33 22
0 32 44 33 22
0 33 44 32 22
0 33 44 22 24
0 33 44 33 22
0 32 41 32 22
0 33 44 33 22
0 33 44 32 22
0 33 41 33 22
0 32 44 32 24
0 33 41 32 22
0 33 44 32 24
0 32 41 33 22
0 33 41 22 44
0 33 41 32 24
0 33 44 32 24
0 33 44 32 22
0 33 44 33 22
0 33 11 32 44
0 32 41 22 24
0 33 44 32 24
0 32 11 22 24
0 32 41 33 24
0 32 44 33 22
0 33 44 33 24
0 33 44 33 22
0 32 41 32 24
0 33 44 33 22
0 33 44 33 22
0 33 44 32 22
0 33 44 33 22
0 33 41 22 22
0 33 41 32 22
0 33 41 33 24
0 33 44 33 22
0 33 44 33 22
0 33 41 22 24
0 33 44 33 22
0 33 44 33 22
0 33 44 33 22
0 33 44 32 22
0 33 44 33 22
0 33 41 32 22
0 33 41 32 24
0 33 44 22 22
0 33 41 32 24
0 33 41 32 24
0 32 11 32 44
0 33 44 33 22
0 33 44 22 44
0 33 44 33 22
0 33 41 32 24
0 32 11 33 22
0 32 11 22 44
0 33 41 32 24
0 33 11 22 24
0 33 44 33 22
0 33 44 32 22
0 33 44 33 22
0 33 44 32 22
0 33 44 32 22
0 32 41 22 22
0 33 41 32 24
0 33 44 33 24
0 33 41 32 22
0 33 11 32 24
0 33 41 22 44
0 33 44 33 22
0 32 41 32 24
0 33 44 33 24
0 33 44 33 22
0 32 41 32 24
0 32 11 32 44
0 32 41 32 22
0 33 44 33 22
0 33 41 33 22
0 32 41 32 24
0 33 11 32 24
0 33 44 33 22
0 33 44 32 22
0 32 41 32 24
0 33 41 33 22
0 33 44 33 22
0 32 11 22 24
0 33 41 32 22
0 33 44 32 22
0 32 41 32 24
0 33 41 32 22
0 33 44 33 22
0 32 41 32 24
0 33 44 32 24
0 33 44 32 22
0 33 44 33 22
0 22 41 32 24
0 33 44 22 22
0 33 41 32 24
0 33 44 33 22
0 32 11 22 24
0 33 44 33 22
0 33 44 33 22
0 32 11 32 44
0 32 11 32 24
0 33 41 32 22
0 32 41 32 24
0 32 41 32 24
0 33 44 33 22
0 33 44 33 22
0 32 41 32 24
0 33 41 33 24
0 33 11 22 24
0 32 41 22 24
0 33 41 32 22
0 32 41 32 22
0 33 44 33 22
0 32 11 32 24
0 32 44 32 22
0 33 44 33 24
0 33 44 33 22
0 33 44 33 22
0 32 41 32 24
0 33 44 33 22
0 33 44 33 22
0 33 41 33 24
0 33 44 32 24
0 32 41 32 24
1 32 41 22 24
1 33 41 33 22
1 32 44 33 24
1 22 11 22 24
1 33 44 33 22
1 33 44 33 22
1 33 44 33 22
1 32 41 32 22
1 33 44 33 22
1 32 41 32 24
1 32 41 33 24
1 33 44 22 22
1 33 41 22 44
1 33 41 32 24
1 33 41 32 24
1 33 44 33 22
1 32 44 32 24
1 32 41 22 24
1 33 41 32 22
1 33 41 33 24
1 32 41 22 44
1 33 41 22 22
1 32 41 32 24
1 33 44 33 22
1 33 44 22 24
1 33 41 22 24
1 33 44 33 24
1 33 44 33 22
1 33 41 32 22
1 22 41 32 24
1 33 41 32 22
1 32 11 22 24
1 33 44 32 24
1 32 41 32 24
1 33 44 33 24
1 32 41 32 24
1 33 44 33 22
1 32 11 22 44
1 33 41 33 22
1 33 41 33 22
1 22 11 32 44
1 33 44 33 22
1 33 11 33 22
1 33 41 32 24
1 33 44 33 22
1 32 44 33 22
1 32 41 22 24
1 33 41 32 24
1 32 41 32 24
1 32 41 32 24
1 32 41 22 24
1 32 41 32 22
1 32 41 32 24
1 33 41 32 24
1 33 41 32 22
1 33 41 33 24
1 33 41 32 24
1 32 11 22 24
1 33 41 22 24
1 33 44 33 22
1 33 41 33 24
1 33 44 33 22
1 33 11 32 22
1 33 44 33 22
1 32 41 32 24
1 33 44 22 22
1 33 11 22 24
1 32 11 32 24
1 33 41 32 22
1 33 44 33 22
1 33 44 32 24
1 33 41 32 24
1 32 41 33 24
1 32 44 32 22
1 33 41 33 22
1 33 41 32 22
1 33 44 33 22
1 33 41 32 24
1 32 41 32 24
1 33 41 32 44
1 33 44 33 22
1 33 41 33 24
1 33 41 33 22
1 33 44 32 22
1 33 41 32 44
1 33 11 32 44
1 33 41 32 24
1 33 44 33 22
1 33 41 33 24
1 33 44 33 22
1 33 44 33 22
1 32 41 32 24
1 33 44 33 22
1 33 41 32 22
1 32 44 32 24
1 32 41 22 22
1 33 11 22 22
1 33 44 33 22
1 33 44 32 22
1 33 41 33 24
1 32 41 22 24
1 33 44 33 22
1 22 41 22 24
1 32 41 32 24
1 33 41 32 24
1 33 44 33 22
1 33 11 22 24
1 33 44 33 22
1 32 44 32 22
1 33 41 32 22
1 33 41 32 22
1 33 41 32 22
1 32 44 22 22
1 33 44 33 24
1 33 41 32 24
1 33 11 32 22
1 32 11 22 22
1 32 11 22 44
1 33 44 22 24
1 32 11 32 24
1 22 11 32 24
1 33 44 33 22
1 32 44 33 24
1 33 44 33 22
1 32 41 32 24
1 33 44 33 24
1 32 41 22 22
1 32 11 32 24
1 33 41 32 22
1 33 44 33 22
1 33 44 33 24
1 33 44 32 22
1 33 41 33 22
1 32 41 32 24
1 32 41 32 24
1 33 44 32 22
1 22 11 22 24
1 33 44 32 24
1 33 41 32 24
1 33 41 33 24
1 33 41 32 24
1 33 41 32 22
1 33 44 33 22
1 33 44 33 24
1 33 44 33 22
1 33 41 32 24
1 33 44 32 22
1 33 44 33 22
1 33 44 32 22
1 22 11 22 44
1 33 44 33 22
1 33 44 33 22
1 32 41 33 22
1 32 44 32 44
1 33 44 32 22
1 32 41 32 24
1 33 44 32 44
1 22 11 32 24
1 33 44 32 22
1 33 44 33 22
1 32 11 33 22
1 33 44 32 24
1 33 44 32 24
1 33 44 33 22
1 33 44 32 22
1 33 44 33 22
1 32 44 33 22
1 32 44 22 22
1 33 44 33 22
1 32 11 32 24
1 32 41 22 44
1 32 41 33 24
1 32 41 32 24
1 32 41 33 24
1 32 41 32 24
1 32 41 32 24
1 22 44 22 24
1 33 44 33 22
1 32 41 32 22
1 32 41 32 24
1 22 41 32 24
1 32 44 22 24
1 33 44 33 22
1 33 44 33 22
1 33 41 32 24
1 32 41 32 44
1 33 44 32 22
1 32 41 32 22
1 33 44 32 22
1 33 41 33 22
1 33 41 32 22
1 33 44 33 22
1 32 44 33 22
1 32 41 22 24
1 33 44 33 22
1 32 41 32 22
1 33 44 32 22
1 32 41 22 24
1 33 41 32 24
1 33 41 32 24
1 32 41 32 44
1 32 44 32 22
1 33 44 32 24
1 33 44 32 22
1 32 41 32 22
1 33 44 33 22
1 33 44 33 22
1 33 44 33 22
1 33 44 33 22
1 33 41 33 22
1 32 44 33 22
1 33 41 33 22
1 32 41 32 24
1 32 41 32 24
1 32 41 22 24
1 22 11 22 24
1 32 41 32 24
1 32 41 32 22
1 33 44 32 22
1 32 41 33 22
1 32 44 33 24
1 32 41 32 22
1 33 44 33 22
1 33 44 32 22
1 32 41 32 24
1 33 44 32 22
1 33 44 33 22
1 32 41 33 24
1 33 41 32 24
1 33 44 32 24
1 32 41 32 24
1 33 41 32 44
1 33 41 22 24
1 33 44 33 24
1 33 44 33 22
1 33 11 22 44
1 32 41 32 22
1 33 11 22 24
1 32 41 32 22
1 33 44 32 22
1 33 41 32 22
1 33 44 32 22
1 32 11 33 24
1 32 41 22 24
1 33 44 33 24
1 32 41 33 24
1 32 41 32 24
1 33 44 32 24
1 33 44 33 24
1 33 41 33 22
1 33 44 33 22
1 33 44 32 22
1 32 41 32 24
1 33 41 33 22
1 33 44 33 22
1 33 44 33 22
1 33 44 22 24
1 32 41 22 24
1 32 41 32 24
1 33 41 22 24
1 33 11 22 24
1 32 41 32 24
1 33 41 33 22
1 32 44 33 22
1 32 41 33 24
1 32 41 32 24
1 32 44 22 24
1 33 44 33 22
1 33 41 32 22
1 33 44 33 22
1 33 41 33 24
1 32 11 22 44
1 33 41 33 22
1 33 44 33 22
1 33 44 22 22
1 32 44 32 22
1 32 41 32 24
1 33 41 32 24
1 32 11 32 44
1 32 41 32 24
1 33 11 32 22
1 33 44 32 22
1 32 11 32 24
1 33 44 32 22
1 33 44 33 22
1 33 44 33 22
1 33 44 33 22
1 33 44 33 22
1 33 44 33 22
1 33 41 32 22
1 33 41 22 24
1 33 44 33 22
1 32 41 22 24
1 32 41 22 24
1 33 44 33 24
1 33 41 32 22
1 32 41 32 24
1 33 44 33 22
1 32 41 32 44
1 32 44 32 22
1 32 11 32 44
1 33 44 32 22
1 32 11 22 24
1 32 44 32 24
1 33 44 22 22
1 33 44 32 22
1 33 11 22 22
1 33 44 32 22
1 32 44 33 22
1 33 44 32 24
1 22 41 32 24
1 32 41 32 24
1 33 44 33 22
1 32 44 32 22
1 33 44 22 22
1 33 41 32 24
1 32 41 33 22
1 33 41 32 24
1 33 41 32 22
1 33 41 32 24
1 33 41 33 22
1 32 41 22 22
1 32 44 32 22
1 32 44 32 24
1 32 11 32 24
1 32 41 22 24
1 33 44 33 22
1 33 11 33 24
1 33 44 33 24
1 33 41 32 22
1 33 44 33 22
1 33 41 32 24
1 32 44 33 24
1 33 41 32 24
1 33 44 33 24
1 33 44 33 22
1 32 41 32 24
1 33 44 33 22
1 32 41 32 24
1 33 11 33 24
1 33 44 33 22
1 32 41 22 24
1 32 41 32 24
1 32 41 22 24
1 33 41 22 44
1 33 41 32 22
1 33 44 32 24
1 32 41 32 24
1 32 41 32 24
1 32 41 32 22
1 33 44 33 22
1 33 41 33 22
1 33 41 33 22
1 33 41 22 44
1 33 41 32 22
1 33 41 33 22
1 33 44 33 22
1 33 44 32 22
1 33 41 32 22
1 32 44 33 22
1 33 41 32 24
1 33 41 32 24
1 33 44 32 22
1 33 41 32 22
1 33 44 33 22
1 33 44 32 24
1 33 41 32 22
1 32 11 22 44
1 33 44 33 22
1 33 41 33 24
1 32 11 32 24
1 22 11 22 24
1 33 41 32 24
1 33 41 32 22
1 22 41 22 24
1 33 11 22 24
1 33 44 33 24
1 32 44 22 24
1 32 44 32 22
1 33 41 33 22
1 33 44 32 22
1 33 44 33 22
1 32 44 32 24
1 33 41 32 24
1 33 44 33 22
1 33 41 32 22
1 32 41 33 22
1 33 11 33 24
1 33 41 32 22
1 33 41 33 22
1 33 44 33 22
1 33 41 33 22
1 32 41 32 24
1 33 11 32 22
1 32 11 22 44
1 33 44 32 24
1 32 44 32 22
1 32 41 32 22
1 33 44 32 24
1 33 44 22 24
1 32 41 32 24
1 33 41 33 22
1 32 41 32 24
1 33 44 33 22
1 32 11 22 24
1 32 41 22 24
1 32 41 32 22
1 33 44 33 24
1 33 44 33 22
1 32 11 22 24
1 32 41 32 24
1 33 11 22 24
1 33 44 32 22
1 33 44 33 22
1 32 44 33 22
1 33 44 33 22
1 32 41 32 24
1 33 44 33 22
1 32 41 32 24
1 33 44 22 22
1 33 44 33 22
1 32 41 22 22
1 33 41 32 24
1 33 44 33 22
1 33 41 32 24
1 22 11 22 44
1 33 44 33 22
1 33 11 22 24
1 33 11 22 22
1 33 44 33 22
1 33 44 33 22
1 33 41 32 22
1 32 41 32 22
1 32 44 32 22
1 33 44 33 22
1 33 41 32 24
1 32 41 33 24
1 32 44 32 24
1 33 44 32 22
1 33 41 33 22
1 33 44 33 22
1 32 41 33 24
1 33 44 33 22
1 33 41 32 24
1 32 41 32 24
1 33 44 22 24
1 33 41 33 22
1 33 44 33 22
1 33 44 33 22
1 33 41 32 22
1 32 41 32 24
1 32 41 33 24
1 33 41 32 22
1 33 44 33 22
1 32 41 32 22
1 33 44 33 22
1 32 41 22 24
1 32 44 33 22
1 33 11 32 24
1 33 44 32 22
1 32 41 32 22
1 33 41 32 24
1 32 11 22 44
1 33 44 32 22
1 33 44 33 22
1 33 41 32 24
1 33 41 33 22
1 32 44 22 44
1 33 41 22 44
1 33 44 33 22
1 22 11 22 44
1 32 11 22 24
1 32 41 32 24
1 32 11 32 44
1 32 11 22 44
1 32 41 32 24
1 33 44 33 22
1 32 44 32 22
1 32 44 22 22
1 32 41 22 24
1 32 41 32 24
1 33 44 33 24
1 33 44 32 22
1 33 44 32 22
1 32 41 32 24
1 33 41 32 24
1 32 41 32 24
1 33 44 33 24
1 32 11 22 44
1 33 44 33 22
1 33 44 33 22
1 32 11 22 44
1 33 44 33 22
1 33 41 33 22
1 32 44 32 22
1 33 41 33 24
1 33 44 33 22
1 33 41 33 24
1 32 44 32 22
1 33 44 32 22
