 rs541695 rs946684 rs1292664 rs1292666 rs496604 rs12085982 rs667444 rs1292646 rs1280993 rs1769678 rs1280992 rs7543046 rs1280989 rs1280988 rs1281000 rs6677198
0 11 33 33 33 33 11 23 33 14 44 44 33 33 22 44 11
0 14 32 33 32 33 11 22 33 14 44 11 32 33 33 44 14
0 11 33 33 33 33 11 22 33 14 42 41 33 33 22 44 11
0 14 32 33 33 33 14 23 32 44 44 44 32 32 22 44 14
0 14 32 32 32 33 14 22 32 14 42 44 32 33 33 44 14
0 44 32 32 32 32 14 23 33 14 44 44 22 33 23 41 14
0 44 32 32 33 33 44 23 33 14 44 44 33 33 22 44 11
0 14 22 32 32 33 14 33 33 44 44 41 33 33 33 44 44
0 11 22 33 33 33 11 33 22 14 44 41 32 33 33 44 14
0 11 33 32 33 33 14 22 33 14 42 44 33 32 23 44 14
0 11 33 32 32 33 11 23 33 44 42 11 32 33 23 44 44
0 14 33 33 33 33 44 23 32 14 44 41 33 33 23 44 14
0 14 32 32 33 32 14 22 32 44 44 41 33 33 23 44 14
0 44 33 33 32 33 11 23 33 44 42 44 32 33 22 44 14
0 11 33 33 33 33 11 23 32 44 42 41 33 32 22 41 14
0 11 33 22 33 33 11 22 33 14 42 44 32 33 33 44 44
0 11 33 33 33 32 11 22 33 11 44 44 33 33 23 44 11
0 11 32 32 33 33 11 22 33 14 44 44 32 33 23 44 11
0 14 22 33 33 32 11 22 32 44 42 41 33 33 23 44 14
0 11 32 32 33 33 14 22 33 14 22 41 32 32 23 41 14
0 14 32 33 32 32 14 23 32 14 42 44 32 33 23 44 14
0 14 32 33 33 32 11 23 32 14 44 41 33 33 22 44 14
0 11 32 33 33 33 11 33 33 44 44 44 33 33 22 44 11
0 11 32 33 33 33 11 22 33 14 22 44 33 33 23 44 11
0 14 22 32 32 32 11 22 32 14 44 41 32 33 33 44 44
0 11 32 32 33 33 44 33 32 44 42 41 32 33 23 41 11
0 11 32 22 32 33 14 23 33 14 42 44 33 33 33 44 14
0 11 22 33 33 32 11 22 22 11 42 44 33 32 23 44 44
0 11 32 22 33 33 44 22 33 44 22 41 32 33 23 44 14
0 14 32 32 33 33 14 33 22 14 42 44 33 33 22 44 14
0 11 33 33 33 33 11 23 32 11 44 44 33 22 23 41 11
0 44 32 32 33 33 11 33 32 14 42 41 32 33 23 44 14
0 11 32 22 33 32 14 33 33 44 42 44 32 32 23 44 14
0 11 32 33 22 33 14 22 32 11 44 44 33 33 22 44 11
0 11 32 32 32 33 14 33 33 11 22 44 33 33 23 44 11
0 11 32 32 33 33 14 23 33 14 44 44 33 33 22 44 14
0 14 32 33 33 33 11 23 32 14 44 44 33 33 22 44 11
0 14 33 32 33 32 14 23 22 11 42 44 33 33 23 44 14
0 11 32 32 33 33 14 22 33 11 44 44 33 33 22 41 14
0 11 33 33 33 33 11 22 33 44 44 44 33 33 23 44 11
0 11 32 32 32 33 14 23 33 44 44 44 33 33 33 41 11
0 44 33 22 32 22 14 22 32 14 44 44 33 33 23 44 14
0 14 22 32 33 33 44 33 22 11 42 41 33 33 23 44 44
0 14 32 32 33 33 11 23 32 44 42 44 33 32 33 44 14
0 14 32 32 33 33 14 22 33 14 44 44 32 33 22 44 11
0 11 33 22 33 33 11 23 32 14 44 41 33 33 23 44 11
0 44 32 33 32 33 11 22 22 11 44 44 33 33 23 44 11
0 11 22 33 33 32 14 33 33 11 42 44 32 32 23 41 44
0 14 33 32 33 33 14 23 22 14 42 44 33 33 22 44 14
0 14 33 33 33 32 14 23 32 44 44 44 32 33 23 44 14
0 14 32 32 33 33 11 23 33 14 44 41 32 33 22 44 11
0 11 33 33 33 33 11 22 32 14 44 44 32 33 22 44 14
0 14 32 33 32 33 14 23 33 14 44 44 33 33 23 44 11
0 11 32 32 33 33 44 22 33 44 42 41 33 33 33 44 11
0 11 33 32 33 33 11 33 22 11 44 44 33 33 23 41 14
0 11 33 32 33 22 11 22 33 14 44 44 33 33 33 41 11
0 11 33 32 33 33 14 33 32 14 44 41 33 33 23 41 14
0 11 32 32 33 22 44 33 32 14 44 41 33 32 33 44 44
0 14 33 33 33 33 44 22 32 14 42 44 32 33 22 44 11
0 14 33 33 33 32 14 33 33 14 44 41 32 33 23 44 14
0 11 22 33 33 33 11 22 33 44 44 44 33 33 22 44 14
0 11 33 32 33 33 14 22 33 11 44 44 33 33 22 44 11
0 11 22 32 33 33 11 22 33 14 44 44 33 33 22 44 11
0 14 22 22 33 33 14 23 33 14 44 41 32 33 23 44 14
0 14 22 32 32 33 11 22 32 44 44 11 33 33 33 44 14
0 14 33 32 33 33 44 23 32 14 42 44 32 33 23 44 14
0 44 32 33 33 32 14 23 32 44 42 41 32 33 22 41 14
0 44 32 33 32 33 14 23 33 44 22 44 33 33 22 44 14
0 14 32 32 33 33 14 22 32 11 44 41 32 33 22 41 14
0 11 22 32 32 33 11 23 22 11 22 44 32 33 23 44 14
0 14 22 22 32 33 14 23 32 44 44 41 33 32 33 41 14
0 14 33 32 32 32 14 33 22 14 44 41 22 33 23 44 11
0 11 33 32 33 33 14 23 32 14 42 44 33 33 23 44 44
0 11 32 33 33 33 11 23 33 11 42 44 33 33 22 44 11
0 11 22 32 32 33 11 22 33 14 42 44 33 33 23 44 14
0 11 32 22 33 33 14 33 33 14 22 44 33 33 23 44 44
0 11 33 33 32 33 14 23 33 44 42 44 33 33 22 41 44
0 11 32 33 33 33 11 22 33 11 42 44 33 33 22 44 14
0 14 33 33 33 33 14 23 32 44 44 44 32 33 33 44 14
0 11 32 32 33 33 44 22 32 44 42 41 33 33 22 44 14
0 11 33 32 33 33 44 23 22 14 42 44 32 32 23 44 11
0 11 32 33 33 33 11 22 33 14 44 44 33 33 22 44 11
0 11 22 33 33 32 14 33 33 14 42 44 22 33 23 44 11
0 44 32 33 33 33 11 23 33 14 42 44 33 33 23 44 11
0 11 33 32 33 33 14 23 33 14 42 44 33 33 22 44 11
0 14 32 32 32 33 14 23 33 14 42 44 33 32 33 41 14
0 44 33 32 32 33 14 22 33 14 42 44 33 33 33 41 14
0 11 33 33 32 33 11 23 33 14 44 44 33 33 22 44 14
0 14 33 33 33 33 44 22 32 14 22 44 33 33 23 44 14
0 11 32 32 33 33 11 23 32 11 42 41 33 33 22 44 14
0 11 32 33 33 33 11 23 33 11 42 44 33 32 23 44 11
0 44 32 33 32 32 14 22 33 44 44 44 33 33 22 44 11
0 11 33 32 33 33 14 23 32 11 22 44 33 33 23 44 11
0 11 32 32 33 33 14 22 33 14 42 44 33 33 22 44 11
0 44 32 32 33 33 11 23 33 14 42 44 33 33 22 44 44
0 11 32 32 33 33 14 33 33 11 42 44 33 33 22 44 11
0 44 32 33 32 32 11 23 33 44 42 41 32 33 33 44 14
0 14 33 32 33 32 11 23 32 14 44 44 32 33 23 41 14
0 11 32 32 32 33 14 33 32 14 44 41 33 33 22 44 14
0 14 32 33 33 33 11 22 33 11 44 44 33 33 22 44 11
0 11 32 33 33 33 11 23 33 14 42 44 33 33 23 44 11
0 11 32 32 32 33 14 23 32 14 42 44 32 33 33 44 11
0 14 32 22 32 33 14 23 32 44 42 41 32 33 23 41 11
0 11 32 22 33 33 11 22 33 14 44 41 33 33 23 41 14
0 11 33 33 33 33 11 22 33 14 44 44 33 33 22 44 11
0 11 33 22 33 33 14 23 33 14 44 41 33 33 23 44 14
0 11 32 33 33 33 14 23 32 44 22 41 32 22 23 44 44
0 14 33 33 33 33 11 22 33 14 44 41 33 33 23 44 11
0 11 32 32 33 32 14 22 33 14 44 44 33 33 23 44 14
0 11 33 32 33 32 11 22 33 14 44 44 33 32 23 44 14
0 11 32 32 33 33 14 22 33 14 42 44 32 33 23 44 14
0 14 33 33 32 32 14 23 32 14 42 44 32 33 22 41 11
0 11 32 32 33 33 11 22 32 11 42 44 33 33 23 44 14
0 14 32 22 33 33 14 33 32 11 42 11 33 32 23 44 14
0 11 33 22 32 33 14 22 32 14 44 44 22 33 22 44 14
0 14 32 32 32 33 11 22 22 44 44 44 32 32 22 44 11
0 11 32 33 32 33 14 22 32 44 42 44 32 33 22 44 14
0 14 32 33 33 33 14 22 32 14 44 44 33 33 23 44 11
0 14 32 32 32 32 14 33 32 44 42 11 32 32 33 41 14
0 44 32 32 32 32 11 33 22 14 44 41 32 22 23 41 11
0 14 22 33 33 33 14 23 32 14 42 44 33 32 23 41 11
0 11 33 33 33 33 14 23 33 11 44 44 32 33 22 44 11
0 11 33 33 33 32 14 22 32 14 22 41 32 33 23 44 11
0 14 33 32 33 33 11 22 33 11 42 44 33 33 23 44 44
0 44 33 33 32 33 44 22 32 14 22 44 33 33 33 41 11
0 14 32 33 33 32 11 23 33 11 42 44 32 33 22 44 14
0 14 33 32 33 33 11 22 33 44 22 44 33 33 22 44 11
0 11 33 22 33 33 11 22 33 11 44 44 33 33 22 44 11
0 44 32 33 33 32 14 22 32 14 42 44 32 33 23 44 11
0 14 32 33 32 33 11 23 33 11 42 44 33 33 22 44 11
0 11 33 32 33 33 11 33 32 11 22 44 32 33 33 44 11
0 11 32 33 33 33 14 23 32 14 42 44 33 33 22 44 44
0 11 32 32 32 33 11 33 32 14 44 41 32 32 33 41 11
0 11 33 22 32 33 11 33 32 14 44 41 32 32 23 41 14
0 14 22 32 32 32 11 33 33 11 42 44 22 33 23 44 14
0 11 32 32 32 32 14 22 33 44 42 44 33 32 23 44 44
0 11 33 33 33 33 11 22 32 11 44 44 33 33 22 44 14
0 11 32 32 33 33 14 22 33 44 44 44 33 33 23 44 14
0 11 33 33 33 33 11 33 32 11 44 44 33 33 22 44 14
0 11 33 33 33 33 14 23 33 14 44 44 33 33 22 44 11
0 11 33 32 33 33 11 23 32 44 44 44 33 33 22 44 11
0 14 22 33 33 33 44 33 32 14 42 44 32 32 33 44 11
0 14 32 32 33 33 11 22 32 14 42 44 33 33 23 41 14
0 14 32 33 33 33 14 23 33 14 22 44 32 32 23 44 14
0 11 33 33 33 33 11 23 32 14 22 44 33 32 33 44 11
0 11 22 32 33 33 14 33 32 14 42 44 32 33 23 44 14
0 11 33 33 32 33 11 23 33 44 42 44 33 33 22 44 11
0 44 32 32 33 33 11 23 33 14 44 44 32 33 33 44 11
0 14 32 22 32 33 14 22 32 11 42 41 33 33 23 44 11
0 14 33 33 32 33 14 33 32 14 42 44 33 33 23 44 14
0 14 32 33 33 32 14 23 32 14 44 44 32 32 23 41 11
0 11 33 22 32 33 14 23 32 14 22 44 32 33 33 44 44
0 11 33 32 33 33 11 23 33 14 42 44 33 33 23 44 11
0 11 32 22 32 32 14 23 33 14 44 41 32 33 23 44 14
0 11 33 22 32 33 14 22 32 44 44 41 33 33 23 44 11
0 44 32 33 32 32 14 22 33 14 22 44 32 33 22 44 14
0 14 32 32 33 33 11 22 33 14 44 44 32 33 23 44 11
0 11 32 33 33 33 14 23 32 14 44 44 33 33 22 44 11
0 11 32 32 33 33 14 22 33 14 44 44 33 33 23 44 14
0 44 32 32 33 32 11 23 32 14 42 44 32 33 22 44 14
0 14 32 32 32 33 14 22 33 11 42 44 32 33 33 44 44
0 11 32 32 32 33 14 23 22 11 42 44 32 32 23 41 14
0 11 33 32 32 33 11 33 32 14 42 44 33 33 23 44 14
0 44 33 33 33 33 14 23 32 11 42 44 32 33 23 44 14
0 14 32 33 33 33 44 22 32 14 42 44 32 33 33 44 11
0 14 33 33 33 33 14 22 33 11 44 44 33 33 22 44 14
0 11 33 33 33 32 11 22 33 11 44 44 33 33 22 44 11
0 11 33 33 33 33 11 22 32 14 44 44 22 33 23 44 44
0 14 32 33 33 33 11 22 33 11 44 44 33 33 22 44 11
0 11 32 33 33 33 11 22 33 14 44 44 33 33 22 44 11
0 11 32 32 33 33 14 22 32 14 44 44 33 33 23 44 14
0 14 33 33 33 33 11 22 33 14 44 44 33 33 33 44 11
0 11 22 33 32 33 14 22 33 14 44 44 33 33 22 44 14
0 14 33 32 33 32 11 22 32 11 42 11 33 33 23 44 44
0 14 33 32 33 33 11 22 33 14 44 41 32 33 23 44 14
0 14 32 32 33 32 14 23 22 14 44 44 32 33 33 44 44
0 14 33 33 32 32 11 33 32 44 22 41 33 33 23 44 11
0 11 33 33 33 33 11 22 33 14 44 41 33 33 22 44 11
0 11 32 32 33 33 11 23 33 11 42 41 32 33 23 44 11
0 44 33 33 33 33 11 23 32 14 42 44 33 33 22 44 11
0 11 32 33 33 33 11 23 33 14 42 44 32 33 22 44 11
0 11 32 32 32 33 14 33 33 14 44 44 33 32 23 41 14
0 14 32 32 33 33 14 22 32 44 44 44 32 32 33 41 14
0 14 32 22 33 33 44 23 33 14 44 44 33 32 23 44 44
0 11 33 32 33 33 11 22 33 14 44 44 33 33 23 44 11
0 14 32 22 33 33 11 23 33 44 22 44 33 33 23 44 14
0 14 33 33 32 33 11 22 33 14 44 44 33 33 23 44 14
0 11 33 33 33 32 11 22 33 11 44 41 33 33 22 44 11
0 11 32 32 32 33 11 22 32 14 44 44 33 32 23 44 14
0 11 32 33 33 33 44 22 32 14 22 44 33 33 22 44 14
0 11 33 33 33 33 11 22 32 14 22 44 33 33 23 44 14
0 11 32 32 32 33 11 22 33 11 42 44 33 32 22 44 11
0 14 32 32 33 33 14 22 32 44 44 44 33 33 23 44 11
0 11 32 32 33 33 14 23 32 11 44 44 33 32 23 44 44
0 11 32 32 33 33 11 22 33 11 44 44 33 33 22 41 14
0 14 33 32 33 33 14 23 32 14 42 41 33 32 22 44 14
0 11 33 32 32 33 14 22 32 44 42 41 33 32 22 44 14
0 11 32 33 33 33 11 22 32 11 44 44 33 33 23 44 11
0 11 32 33 33 33 14 22 33 14 42 44 33 33 22 44 11
0 11 32 33 32 33 11 23 33 11 44 44 33 33 22 44 11
0 44 33 32 33 32 14 33 33 14 42 44 33 33 33 41 14
0 14 32 32 32 33 14 23 22 14 44 44 22 32 22 44 14
0 11 32 33 33 33 11 23 33 11 42 44 33 33 23 44 14
0 14 32 32 33 33 11 23 33 14 44 44 33 33 22 41 11
0 11 33 32 33 33 11 23 33 11 42 44 33 33 22 41 44
0 11 33 32 32 32 11 22 33 11 42 41 32 33 23 44 14
0 14 33 33 33 33 14 22 33 14 44 41 33 33 23 44 11
0 11 33 32 32 33 11 23 33 44 42 44 32 32 23 41 11
0 11 33 33 33 33 14 23 33 14 44 44 33 33 22 44 11
0 11 32 32 33 33 11 22 32 14 44 44 33 33 23 44 14
0 44 32 32 33 33 11 23 32 14 44 41 33 32 22 41 11
0 14 33 32 32 33 11 33 32 14 44 44 33 33 22 44 14
0 14 33 33 33 33 11 22 32 11 42 44 33 33 23 44 44
0 11 22 32 32 33 11 23 33 44 22 44 32 32 22 44 14
0 11 33 32 33 33 11 23 32 11 44 44 22 32 23 44 11
0 11 32 32 33 32 44 23 32 11 44 41 32 33 22 44 14
0 11 32 33 33 32 11 22 33 11 44 44 32 33 23 44 11
0 11 33 32 33 33 11 22 32 14 42 44 22 33 23 44 11
0 11 32 32 33 33 11 23 33 44 42 41 32 33 23 44 44
0 11 32 33 33 32 11 23 32 14 44 41 33 33 22 44 11
0 11 22 33 22 33 14 33 32 11 44 41 32 33 23 44 44
0 11 33 32 33 33 11 22 32 14 42 44 33 33 22 44 44
0 14 32 32 33 33 11 22 33 14 44 44 32 33 23 44 11
0 14 33 32 33 32 11 22 33 14 44 44 33 32 23 44 11
0 14 32 32 32 33 14 23 22 14 42 41 32 32 23 41 14
0 14 32 32 33 33 14 23 33 14 44 44 32 33 23 44 14
0 11 32 32 33 33 11 23 33 14 42 44 33 33 23 41 14
0 11 33 32 33 33 11 33 33 11 44 41 33 33 22 44 14
0 11 32 33 32 33 11 23 33 11 42 44 32 33 23 44 11
0 11 33 22 33 33 11 22 33 14 44 41 33 32 33 44 11
0 11 32 22 33 33 11 22 33 44 44 44 33 32 23 41 14
0 44 32 32 32 33 14 22 33 44 42 41 32 32 33 44 14
0 14 32 33 33 33 11 22 33 11 42 41 32 33 22 41 11
0 11 32 33 33 33 11 22 33 11 44 44 33 32 22 44 11
0 11 32 33 33 33 14 23 22 14 44 44 32 33 22 41 14
0 14 33 32 32 33 14 23 33 44 42 44 33 33 23 44 14
0 11 32 32 33 33 11 22 33 11 42 44 33 32 23 44 11
0 11 32 33 32 33 11 22 32 11 44 44 33 32 22 44 11
0 11 22 32 33 33 11 23 33 14 44 44 33 33 23 44 14
0 14 22 22 33 33 11 33 22 44 42 44 32 33 33 44 14
0 14 32 32 32 33 14 22 32 44 42 44 32 33 23 44 44
0 11 33 32 33 33 11 22 33 14 44 44 32 33 23 41 14
0 14 33 32 33 33 11 23 33 14 42 41 22 33 23 44 14
0 44 33 32 33 33 14 23 32 44 42 41 33 32 23 44 44
0 14 32 33 33 32 11 23 33 44 42 11 33 32 23 41 11
0 14 33 33 33 33 11 22 33 44 44 41 33 32 22 44 14
0 14 22 32 22 33 11 23 32 44 42 41 32 33 33 41 14
0 11 32 32 33 32 11 22 33 14 42 41 32 32 22 44 44
0 11 33 33 33 33 14 22 33 14 44 41 33 33 23 44 11
0 11 33 32 33 33 11 22 33 11 44 44 33 33 22 44 11
0 11 33 33 32 33 11 22 33 44 44 44 33 33 23 41 14
0 14 32 22 32 33 11 23 33 14 44 41 22 33 22 44 11
0 11 32 32 33 32 11 23 33 44 42 41 32 32 22 44 11
0 11 32 32 33 33 44 22 32 14 42 41 32 33 23 44 44
0 14 32 32 33 33 14 22 33 11 42 44 33 33 23 44 14
0 14 32 33 33 33 14 23 33 11 22 44 33 33 23 44 44
0 44 32 32 33 33 11 23 32 14 22 41 33 33 22 41 14
0 14 33 22 33 32 44 22 32 44 42 44 32 33 23 41 14
0 11 33 33 33 33 11 23 32 14 42 44 33 33 22 44 11
0 14 33 32 32 33 14 23 33 44 44 41 32 33 23 44 11
0 14 22 32 33 33 11 23 32 44 44 44 33 33 33 44 14
0 11 22 22 33 32 14 23 32 14 44 41 33 33 33 41 44
0 11 33 22 33 33 11 22 32 14 44 44 33 33 22 44 44
0 14 32 32 33 33 11 22 33 14 44 44 33 32 22 44 11
0 44 22 33 33 33 14 33 32 44 42 44 33 32 23 44 44
0 11 32 32 32 33 11 33 33 14 42 44 33 33 22 44 11
0 14 32 33 33 32 11 22 33 44 44 44 32 33 33 44 11
0 11 33 32 33 33 44 23 33 11 42 44 33 32 22 44 11
0 11 22 32 33 32 14 22 32 11 22 44 32 33 23 44 14
0 14 32 33 32 33 11 23 33 11 44 44 33 33 22 44 11
0 11 32 22 33 33 11 33 32 44 42 11 33 32 23 41 44
0 44 32 32 32 33 14 23 32 14 44 41 32 32 23 44 44
0 11 33 33 32 33 11 23 33 14 44 44 33 32 22 44 11
0 44 32 33 33 33 11 22 32 11 44 41 32 33 22 44 11
0 11 32 32 33 33 14 22 33 14 44 44 33 33 22 44 14
0 14 32 32 33 32 11 22 32 14 42 44 32 33 23 44 44
0 11 32 33 32 32 14 23 33 14 42 44 33 33 33 44 44
0 11 32 33 33 33 11 23 33 44 44 44 33 33 23 44 11
0 14 22 22 33 33 14 33 33 11 44 41 32 22 33 41 44
0 11 33 32 33 33 11 23 33 14 42 44 33 33 23 44 14
0 14 32 22 33 33 14 22 33 44 42 44 33 32 23 44 44
0 11 33 33 32 33 11 23 32 14 42 41 33 33 22 44 11
0 11 32 32 33 33 11 22 33 11 42 44 33 33 23 44 11
0 14 33 33 33 32 11 23 33 11 42 44 33 32 22 44 14
0 11 33 32 33 33 11 22 33 14 42 44 32 33 23 44 44
0 11 32 33 33 33 11 22 33 11 44 44 32 33 22 44 11
0 44 22 32 32 33 11 23 22 44 42 44 33 32 22 44 11
0 44 33 33 33 33 14 23 32 14 44 41 32 33 23 41 11
0 14 33 33 33 33 11 23 32 11 44 44 33 33 23 44 11
0 14 33 33 32 32 11 23 32 14 44 44 33 22 23 44 11
0 11 32 33 32 33 11 22 32 11 44 44 33 33 33 41 11
0 14 33 33 32 33 14 22 33 11 22 44 33 33 23 44 44
0 14 33 32 33 33 11 33 22 14 44 44 32 33 23 44 44
0 14 33 33 22 33 14 23 33 11 44 41 33 33 22 41 11
0 11 33 32 33 33 14 23 32 14 44 41 33 33 23 44 11
0 44 22 32 33 32 11 33 22 14 22 44 33 33 33 44 44
0 14 32 32 33 33 11 22 32 44 44 41 32 32 23 44 14
0 11 22 22 33 33 14 22 33 14 44 44 33 33 22 44 14
0 14 32 32 32 33 11 33 32 11 44 44 33 32 22 41 14
0 11 32 33 33 33 14 22 33 14 42 44 33 33 22 44 11
0 11 33 32 33 33 14 23 32 14 42 44 32 33 23 41 44
0 11 33 33 33 33 11 22 32 11 44 44 32 33 23 44 14
0 11 22 32 32 32 11 22 32 14 44 44 32 33 23 44 11
0 44 32 32 32 22 44 22 32 44 44 41 22 32 33 41 14
0 11 33 32 33 32 14 22 32 14 44 44 33 33 33 44 11
0 11 33 33 33 33 11 23 32 11 22 44 33 33 23 41 14
0 11 32 33 33 33 11 33 33 14 42 41 32 32 23 44 14
0 14 32 32 32 33 11 22 22 11 42 44 33 33 23 44 14
0 14 32 32 33 32 11 22 32 11 42 41 33 32 22 44 14
0 14 22 32 32 32 14 22 33 14 42 44 32 33 33 41 44
0 14 32 33 33 33 11 23 32 11 44 44 33 33 22 41 14
0 11 33 32 33 33 11 22 33 14 44 44 33 33 23 44 11
0 11 33 32 32 33 44 23 33 11 42 41 32 33 23 44 44
0 14 22 22 33 33 14 22 32 14 44 44 32 33 33 44 14
0 44 32 22 32 33 14 33 32 14 42 44 22 33 23 44 11
0 44 33 22 32 33 11 22 33 14 44 44 33 33 23 44 11
0 44 32 32 22 33 11 22 33 14 44 44 33 33 23 41 44
0 14 33 32 32 33 11 33 33 14 42 41 33 33 22 41 44
0 11 33 22 33 32 11 22 33 14 44 41 33 33 22 44 14
0 14 32 32 32 33 14 22 33 11 42 44 32 33 22 44 14
0 14 33 32 33 33 44 22 32 11 44 44 22 33 23 44 14
0 11 33 33 33 33 11 23 33 14 44 44 33 33 23 44 14
0 44 33 32 33 33 11 23 32 11 44 44 33 33 23 44 11
0 14 32 32 33 33 14 33 33 14 42 41 32 32 23 44 11
0 14 33 33 33 33 11 22 33 14 44 44 33 33 22 44 11
0 11 32 22 33 33 11 22 32 11 42 41 33 33 23 44 14
0 44 32 22 33 32 14 22 33 44 42 44 33 22 23 41 14
0 11 32 33 32 32 11 23 22 44 42 44 33 33 22 41 11
0 14 33 32 32 33 11 33 32 14 42 44 33 33 23 44 14
0 11 32 32 33 33 14 23 33 11 42 44 33 32 22 41 14
0 11 32 32 33 33 11 22 33 14 44 44 33 32 22 44 11
0 11 33 33 33 33 11 22 33 11 44 44 33 33 22 44 11
0 11 22 33 33 32 11 23 33 11 44 41 33 33 22 41 14
0 14 32 32 32 33 11 23 32 44 44 44 32 33 22 44 14
0 14 32 22 32 33 11 23 32 44 42 41 32 32 23 44 14
0 11 33 32 33 33 11 22 33 11 44 44 33 33 23 44 11
0 11 32 32 33 33 11 23 33 14 22 44 33 33 22 44 11
0 14 33 33 33 33 11 22 33 11 42 44 33 33 22 44 11
0 11 32 32 32 32 44 23 32 14 42 41 32 33 23 44 11
0 14 33 33 33 33 14 22 33 11 22 44 32 33 23 44 11
0 14 22 32 33 33 14 22 32 14 44 44 33 32 23 44 11
0 11 22 32 33 33 14 23 32 11 42 44 33 33 22 44 14
0 11 32 32 32 33 14 33 32 14 44 41 33 33 23 41 14
0 14 33 32 33 33 14 22 22 14 44 44 33 33 22 44 11
0 14 33 33 33 33 11 23 33 14 44 44 33 33 22 44 11
0 11 32 32 33 32 11 22 32 14 44 44 33 33 22 44 11
0 14 32 32 32 33 14 22 32 11 44 44 32 22 23 41 14
0 11 33 33 33 33 14 22 33 14 44 41 33 33 22 44 11
0 14 32 33 32 33 11 23 33 14 42 41 33 32 23 44 44
0 14 22 32 33 33 11 23 33 14 42 41 32 32 23 44 11
0 14 33 32 33 33 11 22 33 11 42 44 33 33 22 41 11
0 44 22 22 32 33 14 23 32 11 42 44 32 32 23 41 14
0 11 33 22 33 33 11 33 33 14 44 44 33 33 22 44 14
0 11 33 22 33 33 14 23 32 11 42 44 33 32 23 41 14
0 44 32 33 33 33 14 23 32 14 44 44 33 33 23 44 14
0 44 32 22 33 33 11 23 22 11 44 44 32 33 23 44 11
0 11 22 32 33 33 44 33 33 44 42 44 33 33 22 44 44
0 14 33 33 32 33 11 23 33 11 44 44 33 33 23 44 11
0 11 32 32 33 33 14 22 32 11 44 44 33 33 23 44 44
0 11 33 32 33 33 11 23 33 11 44 44 33 32 23 44 11
0 14 32 33 32 33 14 22 33 11 44 44 33 33 23 44 11
0 11 33 33 32 33 11 22 33 14 42 11 32 33 22 41 11
0 11 32 33 33 33 11 22 33 11 22 44 33 33 22 44 11
0 11 33 32 33 33 14 23 33 14 22 41 33 33 23 41 14
0 11 32 32 33 33 44 22 33 11 22 44 33 32 22 41 44
0 11 32 32 33 33 14 23 32 11 42 44 32 33 22 44 14
0 11 33 33 32 32 14 23 33 14 42 44 32 33 22 44 14
0 11 32 33 32 33 14 22 32 14 44 44 33 33 22 44 11
0 14 33 22 33 33 11 33 33 14 44 41 33 32 22 44 14
0 14 32 33 22 33 11 22 33 14 44 44 33 33 22 44 14
0 14 33 33 33 33 11 23 32 44 42 44 33 33 33 44 14
0 11 32 33 33 33 11 23 33 44 42 41 22 33 23 44 11
0 11 33 32 32 33 14 23 32 14 42 44 33 33 23 44 14
0 11 22 32 32 33 14 23 33 11 44 44 33 32 23 41 11
0 14 32 32 33 33 14 23 33 11 44 44 32 33 22 44 11
0 14 22 32 33 33 11 33 32 44 44 44 22 33 23 44 14
0 11 33 33 33 32 11 22 33 11 44 44 32 33 23 44 14
0 11 33 32 33 33 11 23 33 14 44 44 33 33 23 44 11
0 11 33 32 32 33 44 33 33 14 42 41 33 33 23 44 11
0 11 33 33 33 32 14 23 32 11 42 44 32 33 23 44 14
0 11 32 33 32 33 11 22 33 11 42 44 33 33 33 41 11
0 44 32 33 32 33 14 23 33 14 42 44 33 32 23 44 14
0 14 33 32 33 33 11 23 33 14 44 44 32 33 22 44 14
0 11 33 33 33 32 14 23 32 44 22 44 32 33 23 44 11
0 11 33 33 33 32 11 22 33 11 42 44 33 33 22 44 14
0 11 33 32 33 33 11 33 33 14 44 44 33 33 22 41 14
0 14 32 33 33 33 11 22 32 14 44 44 33 32 22 44 11
0 11 33 32 33 33 11 22 33 11 44 44 32 33 23 44 11
0 11 22 33 33 33 11 23 33 14 42 44 32 33 23 44 44
0 14 33 33 32 33 11 22 33 14 44 41 33 33 23 41 14
0 14 32 32 33 33 44 33 22 44 42 44 22 33 33 41 14
0 11 32 33 33 33 11 23 33 11 44 44 33 33 22 44 11
0 44 33 33 33 33 14 22 33 11 44 44 32 33 22 44 44
0 11 32 32 33 33 11 22 32 11 42 41 33 33 23 44 14
0 14 32 32 32 33 11 22 32 11 42 44 33 32 22 44 11
0 11 22 33 32 33 11 23 32 44 42 44 33 33 23 44 14
0 11 33 33 33 33 11 22 33 11 44 44 33 33 23 44 11
0 11 33 32 32 33 14 23 32 44 42 44 33 33 23 44 14
0 11 33 32 22 32 11 23 33 14 42 41 32 33 33 41 44
0 14 33 33 33 33 11 22 33 11 42 44 33 33 23 44 11
0 14 32 33 32 32 14 23 22 44 42 44 33 33 33 41 14
0 11 32 33 33 33 14 22 32 14 42 41 32 33 23 41 11
0 11 22 22 33 33 44 22 33 11 42 44 33 32 23 41 14
0 11 32 33 32 33 11 23 32 14 42 44 33 33 23 44 44
0 14 22 22 32 32 11 22 33 44 42 41 32 33 22 41 14
0 11 33 33 33 33 11 33 32 44 44 44 33 33 23 44 11
0 11 22 33 32 33 11 23 32 14 44 44 32 33 22 44 14
0 14 33 32 33 32 11 23 33 14 42 44 33 33 23 44 14
0 14 32 32 33 33 14 22 33 11 44 44 33 33 23 44 11
0 14 32 32 33 33 14 22 33 11 44 44 33 33 23 44 14
0 11 33 32 33 33 11 23 32 11 22 41 33 33 23 44 14
0 14 32 33 33 33 44 23 32 14 44 41 33 33 22 41 44
0 11 33 22 32 32 14 23 32 44 42 41 33 32 23 44 11
0 11 32 33 32 33 11 22 33 11 42 44 33 33 22 44 11
0 11 32 33 33 33 11 23 33 44 22 41 33 33 22 44 14
0 11 32 32 33 32 11 22 32 11 44 44 33 33 23 44 14
0 11 32 22 32 33 14 23 32 44 44 41 32 33 33 44 44
0 11 33 32 33 33 11 23 33 11 44 44 33 33 22 44 14
0 11 33 33 32 33 14 23 33 11 44 44 33 33 23 44 14
0 11 32 33 33 33 44 22 32 11 42 44 33 33 23 44 11
0 44 32 32 32 33 11 22 33 14 42 44 33 32 22 44 11
0 44 33 32 22 33 14 23 32 44 42 44 32 22 23 44 11
0 14 32 32 33 32 11 22 33 44 42 44 33 33 23 44 14
0 11 32 32 33 33 14 33 32 11 44 41 32 33 23 11 44
0 14 33 33 33 33 11 22 33 14 44 41 32 33 23 44 11
0 44 32 32 32 33 14 23 32 11 42 41 33 33 33 44 11
0 11 33 33 33 33 14 33 22 14 44 44 33 33 23 44 14
0 11 32 32 32 33 14 23 32 14 42 41 32 33 23 41 44
0 14 32 32 33 33 14 23 33 11 44 44 33 33 23 41 11
0 14 33 32 32 32 14 23 33 14 42 41 32 32 23 44 14
0 11 33 32 33 33 11 22 33 44 44 44 33 33 22 44 11
0 14 32 33 33 33 44 22 32 44 42 44 22 33 22 41 44
0 14 32 32 33 33 14 23 32 11 44 41 32 32 22 44 11
0 11 33 33 33 32 11 22 33 44 44 44 32 33 23 44 11
0 14 33 22 33 33 14 23 32 44 44 41 32 33 22 41 14
0 14 32 33 33 33 14 23 32 14 22 41 33 33 22 44 14
0 11 33 33 33 33 11 22 33 11 44 41 33 33 22 44 11
0 14 32 32 33 33 11 23 32 11 44 41 33 32 22 44 44
0 44 33 32 33 32 44 22 33 14 44 44 32 32 22 44 14
0 14 32 32 32 33 11 33 33 14 22 44 32 22 33 44 14
0 14 22 22 33 32 44 23 32 11 44 41 33 33 22 44 11
0 11 22 32 32 33 14 33 33 14 42 41 33 33 33 41 11
0 14 32 22 32 32 14 23 32 11 42 44 33 33 33 41 11
0 14 33 33 33 32 14 23 32 11 44 44 33 33 23 41 11
0 11 32 22 33 33 11 22 32 14 44 44 33 33 22 44 11
0 14 33 33 33 33 11 33 33 11 44 11 33 33 23 41 11
0 14 33 22 33 33 11 33 32 14 44 44 33 32 23 44 11
0 14 33 33 33 33 14 22 32 11 22 41 33 33 33 44 14
0 11 32 32 33 33 11 22 32 11 42 44 33 33 23 44 11
0 11 33 32 33 33 14 23 22 14 42 44 33 33 22 11 44
0 11 33 33 33 32 11 23 33 14 44 41 32 33 22 44 44
0 11 32 32 33 33 44 33 33 11 42 44 32 33 22 44 14
0 11 33 32 32 32 11 33 33 14 42 44 33 33 22 44 14
0 14 32 32 32 33 11 23 32 11 44 41 32 33 22 44 14
0 14 32 22 32 33 44 23 32 14 44 44 32 32 23 41 14
0 11 33 32 33 32 14 33 22 11 22 11 33 32 23 11 14
0 44 32 32 22 33 14 23 33 14 42 41 33 33 22 44 14
0 11 33 33 32 33 11 22 33 11 44 44 33 33 22 44 14
0 11 32 32 33 33 11 22 22 14 44 44 33 33 22 41 11
0 14 22 32 33 33 14 22 22 11 42 44 33 32 33 41 44
0 11 32 32 33 33 14 22 32 11 42 41 32 32 33 44 14
0 11 33 33 33 33 14 23 33 14 44 44 33 33 22 44 14
0 14 22 32 32 33 14 23 33 14 42 41 33 33 23 44 14
0 14 22 32 33 33 14 23 32 14 42 11 32 33 22 44 14
0 11 32 33 32 33 14 22 33 11 42 44 33 32 22 44 14
0 44 33 32 32 32 14 33 32 14 42 44 32 33 23 44 14
0 14 22 22 33 32 44 33 22 44 22 44 32 33 23 44 14
0 14 33 33 33 33 11 23 32 11 44 44 33 33 33 44 14
0 14 32 32 33 33 14 22 33 14 42 44 22 33 22 44 11
0 11 33 32 33 33 11 23 33 14 44 44 33 33 22 44 11
0 14 32 32 33 33 11 33 32 14 42 44 32 33 22 44 11
0 11 32 22 32 33 11 22 33 11 42 41 33 33 33 41 14
0 11 33 33 33 33 14 22 33 44 44 44 33 33 22 44 11
0 14 33 32 33 33 14 22 33 14 44 44 33 33 22 44 14
0 11 33 33 33 33 14 23 32 11 42 41 33 32 23 44 44
0 14 33 33 33 33 11 23 33 11 44 44 33 33 23 41 44
0 14 32 33 33 32 14 22 33 44 42 44 32 32 22 44 14
0 11 32 33 22 32 14 22 32 14 42 41 33 22 33 41 44
0 11 32 32 33 33 11 22 32 14 42 44 33 33 22 44 14
0 11 32 33 33 33 11 23 33 11 44 44 33 33 22 44 11
0 14 32 33 33 33 44 22 33 44 44 44 32 33 22 44 14
0 11 32 22 32 33 14 23 33 44 44 44 22 33 23 44 44
0 14 32 33 33 33 11 22 32 14 42 44 33 33 33 44 11
0 44 32 33 33 33 11 33 32 11 44 44 33 33 22 44 11
0 11 32 32 33 22 14 23 32 14 44 44 33 33 23 44 14
0 14 33 33 33 33 14 22 33 11 44 44 33 32 23 44 14
0 11 33 32 33 33 14 22 33 11 42 41 33 33 22 44 14
0 11 32 32 32 32 14 22 33 14 44 41 32 32 22 44 14
0 11 33 33 33 33 11 22 33 44 44 44 33 33 23 44 11
0 11 33 33 33 33 11 23 32 14 44 44 32 33 33 44 14
0 14 33 33 33 33 14 23 33 14 42 44 32 33 23 41 14
0 11 32 33 33 33 11 22 33 11 44 41 33 33 23 44 11
0 11 33 33 32 33 44 23 32 44 44 44 32 33 22 44 11
0 14 33 33 33 33 11 22 33 11 44 44 33 33 22 41 11
0 14 22 32 33 33 11 23 32 14 42 41 32 33 33 41 11
0 14 22 32 32 33 11 23 33 14 42 44 33 33 22 44 11
0 11 22 22 33 33 14 23 32 14 42 44 33 33 23 41 11
0 11 33 33 33 33 11 23 33 11 44 44 33 32 22 44 14
0 11 33 33 33 33 11 22 32 14 44 41 33 33 23 44 11
0 11 32 32 33 32 14 23 33 14 42 41 33 32 23 44 44
1 14 32 33 33 33 11 23 33 14 44 44 33 33 22 44 14
1 11 32 33 33 32 14 23 32 14 42 44 33 33 23 41 11
1 11 32 33 33 33 11 22 32 44 44 41 33 33 23 44 11
1 11 22 22 22 33 14 22 22 14 42 41 33 33 23 44 14
1 14 22 22 32 33 44 33 22 11 44 41 33 33 23 41 11
1 14 32 33 32 33 11 22 33 14 44 44 33 33 23 44 14
1 14 22 33 33 33 11 23 33 14 44 44 32 33 22 44 11
1 11 32 33 32 33 11 22 22 14 44 44 33 33 22 44 11
1 11 33 33 33 33 11 23 32 44 42 44 33 33 22 41 44
1 11 32 32 33 33 14 23 32 44 22 41 33 33 33 41 14
1 14 32 33 33 33 11 22 32 44 44 41 32 33 22 44 14
1 11 22 33 32 33 11 22 32 11 42 41 33 33 23 44 11
1 11 33 33 33 32 11 23 33 14 44 44 33 33 23 44 14
1 11 33 33 33 33 11 22 32 11 44 44 33 33 23 44 14
1 11 32 33 33 32 11 23 32 14 44 44 33 33 33 44 14
1 44 33 33 33 33 14 22 33 14 44 44 33 33 33 44 11
1 11 32 32 33 33 44 23 32 14 42 44 33 33 23 44 14
1 14 22 32 32 33 14 23 33 44 44 44 32 32 23 41 11
1 44 32 32 32 33 11 22 32 14 42 44 33 32 22 44 14
1 11 32 22 33 33 11 23 32 44 42 44 33 33 22 44 11
1 11 33 33 33 33 14 23 32 14 44 44 33 32 33 44 14
1 14 33 32 32 33 14 23 33 14 42 41 32 33 22 11 44
1 11 33 32 32 33 14 33 33 14 42 44 33 32 22 44 14
1 11 33 33 33 33 14 23 33 14 44 44 33 33 22 41 11
1 11 33 33 33 33 11 22 32 14 44 44 33 33 22 44 11
1 11 32 32 33 32 14 22 33 11 42 44 32 33 23 44 44
1 11 22 32 32 33 14 22 32 14 44 44 33 33 22 41 11
1 14 33 33 32 33 11 22 32 11 44 44 33 33 33 44 11
1 44 32 32 33 32 11 33 32 11 42 44 33 33 23 41 11
1 14 32 33 32 33 14 23 33 11 44 44 32 32 23 44 14
1 14 33 32 32 33 11 22 33 11 44 44 33 33 22 44 11
1 11 32 32 33 32 14 22 32 14 44 44 33 33 23 44 14
1 11 32 22 33 33 44 22 32 11 44 44 33 32 22 44 14
1 11 32 22 32 33 44 23 33 11 42 44 33 32 23 44 11
1 11 33 32 33 33 14 22 32 14 42 44 33 33 22 44 14
1 11 32 22 33 33 44 33 22 44 42 41 33 32 33 44 14
1 11 33 32 33 33 11 22 33 11 42 44 33 33 22 44 11
1 14 33 32 33 33 14 33 33 44 44 41 32 33 23 44 14
1 14 33 33 32 33 14 22 33 44 44 44 32 33 22 44 14
1 11 33 32 33 33 14 22 33 14 44 44 32 33 22 41 14
1 14 32 32 32 33 11 22 33 11 22 44 33 33 23 44 11
1 11 32 32 33 33 14 33 32 14 42 44 33 33 22 44 11
1 14 33 33 33 32 44 22 33 14 44 44 32 32 33 44 11
1 14 32 32 33 33 44 33 32 14 22 41 32 33 23 44 14
1 11 33 32 33 33 11 22 33 44 44 41 33 33 33 44 11
1 14 33 33 32 33 14 22 32 11 42 44 33 32 23 44 14
1 14 32 33 33 32 14 23 33 44 42 44 33 33 23 44 44
1 11 32 32 32 32 11 23 22 44 42 44 33 33 33 44 11
1 14 32 32 33 33 11 23 33 11 44 44 33 33 22 44 14
1 44 32 22 32 33 44 33 32 44 22 41 33 33 33 44 44
1 14 33 33 33 33 11 22 32 44 44 44 33 33 23 41 11
1 14 32 33 32 33 11 22 32 14 42 41 33 33 22 44 14
1 11 32 32 33 33 11 33 32 14 44 41 33 33 23 44 11
1 11 32 32 33 33 44 22 32 11 44 44 33 33 23 44 14
1 14 33 33 22 33 14 22 33 14 22 11 32 33 22 44 44
1 11 32 32 32 33 11 23 22 14 22 44 32 33 23 44 14
1 14 33 33 33 33 14 22 32 11 44 41 33 33 22 44 14
1 14 33 33 33 33 14 22 33 11 44 44 33 33 23 44 14
1 11 22 32 33 33 11 23 32 11 42 41 32 32 33 44 11
1 14 32 32 33 33 14 23 33 44 42 44 32 33 23 44 14
1 14 33 32 33 33 11 22 32 11 44 44 33 33 23 44 14
1 11 33 32 32 33 11 23 33 14 42 41 33 32 22 44 14
1 14 22 33 32 33 11 22 33 14 44 41 32 33 22 44 11
1 11 33 32 33 33 44 23 33 11 44 44 33 33 23 44 14
1 11 33 22 32 33 14 23 32 11 44 44 33 33 22 44 11
1 14 33 33 33 33 11 22 32 14 44 41 33 33 23 44 11
1 11 33 32 33 33 11 33 32 44 42 44 33 32 33 41 14
1 14 33 22 32 33 14 23 32 14 44 41 32 33 22 41 14
1 11 33 33 33 33 11 22 33 14 44 44 33 33 23 44 11
1 11 33 32 32 32 11 22 33 44 44 41 32 33 33 44 44
1 14 32 22 33 33 11 23 32 14 42 44 32 33 23 44 11
1 11 32 33 33 33 11 22 32 11 44 44 33 33 22 44 14
1 11 22 32 32 33 11 22 32 14 42 44 32 33 23 44 14
1 11 32 32 32 33 14 22 32 11 42 44 32 33 33 41 14
1 14 32 33 32 32 14 22 32 44 42 41 33 32 22 44 44
1 14 22 33 33 32 11 23 33 44 42 11 22 32 33 41 14
1 14 33 33 32 33 11 22 33 14 44 44 22 32 22 44 11
1 11 33 32 33 33 11 22 33 14 44 44 33 33 22 44 11
1 11 33 33 33 33 14 23 22 44 22 44 33 33 22 44 44
1 11 32 22 32 33 14 33 32 11 44 41 32 33 23 44 44
1 11 33 33 33 33 14 22 32 11 44 44 33 33 22 41 11
1 14 22 33 33 32 14 23 22 44 42 44 32 33 23 41 11
1 14 32 32 33 32 44 33 32 14 42 44 33 33 22 44 14
1 14 32 32 32 33 14 23 32 14 42 41 33 33 33 44 14
1 44 33 32 33 32 11 22 33 44 44 44 33 33 23 41 14
1 11 22 32 22 33 11 23 33 11 44 44 32 33 22 41 44
1 11 33 22 33 33 11 22 33 44 22 44 33 33 22 44 11
1 11 32 32 32 33 11 23 33 14 44 41 33 33 22 11 11
1 44 32 32 33 33 11 33 33 11 22 44 33 32 23 41 14
1 14 33 33 33 33 11 22 33 14 44 44 33 33 22 44 11
1 11 32 32 32 33 11 23 32 11 44 44 32 33 22 44 11
1 11 33 32 32 33 11 23 32 11 44 44 32 33 23 44 14
1 14 33 22 33 33 11 23 32 14 42 41 33 33 33 41 11
1 14 32 32 33 33 11 33 32 14 44 44 32 32 22 44 14
1 11 33 22 33 32 14 23 33 14 22 41 32 32 23 41 44
1 11 33 32 32 33 14 23 33 11 44 44 33 33 23 44 11
1 44 32 22 32 33 44 33 33 44 42 41 22 32 33 44 14
1 11 33 33 33 33 14 23 32 14 42 44 32 33 23 44 44
1 11 33 33 33 33 44 22 32 11 44 44 32 32 33 44 14
1 11 32 33 32 32 11 22 33 14 42 41 32 32 22 44 11
1 11 32 33 33 33 11 22 33 11 44 44 32 33 22 44 11
1 14 32 22 32 33 14 22 33 11 44 41 33 33 23 44 14
1 11 33 32 33 33 11 33 33 11 44 44 33 33 33 44 14
1 11 32 32 33 33 44 23 33 14 44 41 32 33 22 44 14
1 11 32 32 33 33 14 33 33 14 44 41 33 33 23 41 11
1 11 32 33 32 33 14 23 33 14 44 41 33 33 23 41 11
1 11 33 33 33 33 11 23 33 11 44 44 33 33 23 44 14
1 14 32 32 32 33 14 23 32 11 42 44 33 32 23 41 44
1 14 33 33 33 33 14 33 32 11 42 44 22 22 22 11 11
1 11 32 32 32 33 11 22 32 11 44 41 33 33 23 44 14
1 14 32 33 33 33 11 23 32 14 44 44 33 33 33 44 14
1 11 33 33 33 33 11 23 33 44 42 44 33 33 23 44 11
1 44 32 32 33 33 14 22 33 14 44 44 32 33 23 44 11
1 11 33 32 33 33 14 33 32 44 42 41 33 33 22 44 44
1 11 33 32 33 33 14 23 22 14 44 44 32 32 23 44 14
1 11 33 32 33 33 14 23 33 11 44 44 33 33 22 44 14
1 14 32 33 33 32 14 23 33 14 44 41 33 33 22 44 14
1 11 32 33 33 33 14 22 33 14 44 44 33 33 22 44 14
1 11 32 32 32 33 11 23 32 14 44 44 33 33 22 44 14
1 14 33 32 32 32 44 33 32 44 44 44 22 32 22 41 44
1 11 32 33 33 33 14 22 32 11 44 44 33 32 22 44 14
1 14 33 33 33 33 11 22 33 11 44 44 33 33 22 44 14
1 11 32 32 33 33 11 22 32 14 44 44 33 33 22 44 11
1 14 32 32 33 33 14 23 33 11 44 44 32 33 23 44 14
1 44 32 33 33 32 11 23 33 11 44 41 33 33 23 44 11
1 14 32 32 32 33 14 23 32 14 42 44 33 33 23 41 14
1 11 33 32 33 33 11 23 33 14 44 44 33 33 22 44 14
1 11 33 33 33 33 14 23 33 14 44 41 33 33 23 44 11
1 11 33 33 33 33 14 23 33 11 44 44 32 33 33 44 14
1 11 32 33 33 33 11 22 32 14 42 44 33 33 22 44 14
1 11 22 32 33 33 11 22 33 11 22 41 32 33 23 44 11
1 14 33 32 33 33 11 23 32 14 42 44 32 33 33 44 14
1 14 33 22 32 33 14 23 33 11 42 41 33 33 23 44 11
1 11 33 32 32 33 11 23 33 14 42 41 33 33 23 44 14
1 14 33 33 33 33 14 22 32 11 42 41 33 33 22 44 11
1 11 33 33 32 33 11 23 32 14 42 11 33 33 23 44 11
1 11 22 22 33 33 11 23 32 44 44 41 32 32 23 44 11
1 14 32 32 32 32 44 22 32 14 42 41 33 33 22 44 44
1 11 33 33 33 33 11 22 32 14 44 44 33 33 23 44 14
1 11 33 33 33 32 11 23 33 14 44 44 33 33 23 41 14
1 14 32 32 32 33 14 23 22 11 44 44 32 33 23 44 14
1 11 33 33 33 33 14 23 22 44 42 41 32 33 23 44 11
1 11 32 33 33 33 11 33 33 11 44 44 22 33 22 44 11
1 11 32 33 33 33 14 33 33 11 42 44 33 33 22 44 11
1 11 33 32 32 33 11 22 33 11 44 44 33 33 22 41 11
1 14 32 33 33 33 14 22 33 11 44 44 33 33 22 44 11
1 14 32 33 33 33 44 23 33 14 44 44 32 33 23 41 11
1 11 32 33 33 22 14 22 32 14 42 44 33 33 33 44 14
1 11 33 32 32 33 14 22 33 11 42 41 33 33 22 44 14
1 11 32 33 32 33 14 22 33 44 42 41 32 33 33 44 11
1 11 33 32 32 33 11 22 32 14 44 44 32 33 23 41 11
1 14 33 32 33 33 14 22 33 14 44 44 32 33 22 44 11
1 14 32 33 33 33 11 23 33 14 44 41 33 33 23 44 14
1 11 22 32 32 32 14 23 32 14 42 41 33 33 22 41 11
1 11 32 32 22 33 11 22 32 14 42 44 33 32 23 44 11
1 14 22 33 33 33 14 22 32 14 44 41 32 32 33 44 44
1 11 32 32 33 33 14 23 33 11 42 44 32 33 23 44 11
1 11 32 32 33 33 14 23 32 11 42 44 32 33 23 44 11
1 11 33 33 33 32 11 22 33 14 42 44 33 33 23 44 14
1 11 32 32 33 33 11 23 33 44 44 44 32 22 22 41 44
1 11 33 33 33 33 11 22 33 11 42 44 33 32 23 44 14
1 14 33 32 32 32 11 23 33 11 44 44 32 33 23 44 44
1 11 22 32 33 33 14 33 32 44 42 41 33 33 22 44 11
1 11 22 32 33 33 11 23 22 14 44 44 32 33 23 44 11
1 11 33 32 33 33 11 22 33 14 42 44 33 33 23 44 11
1 14 33 32 33 33 14 23 32 11 44 44 33 33 23 44 11
1 11 33 32 32 33 11 22 33 14 22 44 33 32 23 44 44
1 11 33 32 33 33 11 23 33 14 44 41 33 33 22 44 14
1 14 22 33 32 32 44 23 32 11 22 41 32 33 33 41 11
1 14 32 32 33 33 14 22 33 11 44 44 33 33 22 44 11
1 11 33 33 33 32 14 22 33 11 42 44 32 33 22 44 44
1 11 33 32 32 33 11 23 33 14 44 44 32 33 22 44 14
1 14 33 32 33 33 44 22 33 14 44 44 33 33 23 44 11
1 11 32 33 33 33 14 22 33 11 44 44 33 33 23 44 11
1 14 33 33 33 33 11 22 32 14 44 44 33 32 22 44 11
1 14 33 33 33 33 11 22 33 14 42 44 32 33 23 44 44
1 14 33 33 32 33 14 23 33 11 44 44 33 33 23 44 11
1 14 32 32 32 33 14 23 32 44 44 41 32 33 23 41 14
1 11 33 32 33 33 11 22 32 14 42 41 33 33 23 44 14
1 11 32 22 33 33 14 22 32 44 44 44 33 33 22 44 14
1 14 32 22 32 33 14 23 32 14 42 44 33 32 22 44 11
1 11 32 32 22 32 44 33 33 44 44 44 32 32 23 44 44
1 14 32 33 32 33 11 22 32 14 44 44 33 33 22 44 11
1 11 33 32 33 33 11 33 32 11 42 44 33 33 22 41 14
1 14 32 33 32 32 14 23 32 14 42 41 32 33 22 44 14
1 11 32 33 33 33 11 22 32 11 44 44 33 33 22 44 11
1 14 32 33 33 33 44 23 32 44 44 41 33 33 23 44 14
1 14 22 22 33 33 14 23 33 14 44 11 33 33 23 44 44
1 11 32 32 33 33 14 23 32 14 42 44 33 32 23 44 11
1 11 33 32 33 33 11 23 33 14 44 41 32 33 22 44 11
1 14 33 33 33 33 11 23 33 11 42 44 33 33 23 41 14
1 14 32 33 33 33 14 33 32 14 42 41 32 33 23 44 14
1 11 33 32 33 33 11 23 22 14 44 44 33 33 23 44 14
1 11 33 33 33 33 11 22 33 44 42 44 33 33 33 41 14
1 14 22 32 33 33 14 22 33 11 42 44 33 33 33 44 14
1 11 33 32 33 33 11 22 33 11 44 44 32 33 23 44 11
1 11 32 32 33 32 11 33 33 44 42 44 33 33 22 41 44
1 11 32 32 33 33 14 23 33 11 42 44 33 32 22 44 11
1 11 33 33 33 33 11 22 32 14 44 44 32 33 33 41 11
1 14 32 32 32 32 14 23 22 14 42 11 32 32 33 41 11
1 11 32 32 33 33 11 23 33 11 42 44 33 33 22 44 11
1 11 32 32 33 33 14 23 32 14 42 41 33 32 33 41 11
1 11 33 32 33 33 14 23 32 11 42 44 33 33 23 44 44
1 11 33 32 32 33 11 22 22 14 44 44 33 33 33 44 14
1 11 33 33 33 33 11 22 32 11 44 44 33 32 33 44 11
1 11 33 33 33 33 11 23 33 14 44 44 33 33 22 44 11
1 11 32 33 33 33 11 22 33 14 44 44 32 33 22 44 11
1 11 32 33 33 33 14 22 33 11 44 41 33 33 23 44 11
1 11 33 33 32 32 14 22 33 14 44 44 33 33 22 44 11
1 14 33 32 33 32 11 22 33 14 42 44 33 33 23 44 14
1 11 33 33 32 33 11 23 33 11 44 44 33 33 22 44 14
1 14 33 32 32 33 44 23 33 44 44 44 32 32 22 44 14
1 11 33 32 33 33 11 22 33 11 44 44 33 33 22 44 11
1 11 32 22 33 33 11 22 32 11 22 44 33 33 23 44 14
1 11 33 33 33 33 11 23 33 44 44 44 32 33 22 44 11
1 14 33 33 33 33 11 22 33 11 44 11 33 33 22 44 11
1 11 22 33 33 32 11 23 33 44 42 44 33 32 23 44 44
1 14 22 22 32 33 11 22 33 14 42 44 33 33 23 44 11
1 11 32 32 33 33 14 22 32 11 44 44 33 33 22 44 11
1 14 32 33 33 32 11 33 33 14 42 41 32 33 22 44 11
1 14 33 32 32 33 11 23 33 11 42 44 33 32 22 44 44
1 11 33 33 32 33 11 22 33 44 44 44 32 33 22 44 11
1 11 33 33 33 33 14 22 33 11 44 44 33 33 22 44 11
1 14 33 33 33 32 11 22 33 14 42 44 32 33 23 44 11
1 11 33 33 33 33 11 23 33 11 44 44 33 32 23 44 11
1 11 32 33 33 33 11 22 32 14 44 41 32 33 22 41 14
1 11 33 33 33 33 11 23 32 14 44 44 33 33 22 44 14
1 11 32 33 33 33 11 23 32 14 42 44 33 33 23 44 14
1 44 32 33 22 32 44 23 22 14 22 41 33 32 33 11 14
1 14 32 33 32 33 14 23 32 14 42 41 32 32 22 44 11
1 14 32 22 33 33 11 22 33 14 42 44 33 33 23 44 14
1 14 33 33 32 33 44 23 33 14 22 44 32 33 22 44 11
1 11 33 22 32 33 11 33 32 14 42 44 32 33 22 44 11
1 14 33 32 32 33 14 22 33 14 42 44 33 33 23 44 14
1 11 32 33 33 33 14 22 32 14 22 44 33 32 23 44 11
1 11 32 32 32 33 11 22 32 44 42 44 32 33 22 44 11
1 11 32 33 33 32 11 23 33 14 42 44 33 33 23 41 14
1 14 32 32 33 33 14 33 32 14 42 41 33 33 23 41 44
1 11 33 33 33 33 11 23 33 11 44 41 33 32 22 44 11
1 14 33 32 33 33 11 23 32 11 42 44 33 33 33 44 11
1 11 33 33 33 33 11 23 32 14 42 41 32 32 22 44 14
1 11 33 33 32 33 14 22 33 14 42 44 33 33 23 44 14
1 11 33 32 33 33 14 23 33 14 44 41 33 33 23 41 14
1 11 33 33 33 33 11 22 32 11 44 44 33 33 22 44 11
1 14 33 33 33 33 11 22 33 11 44 41 32 33 22 44 11
1 14 32 33 32 32 14 23 32 14 44 44 32 33 23 44 11
1 11 33 33 32 33 11 22 33 11 44 41 33 33 22 44 14
1 14 32 33 33 32 14 22 22 11 44 41 33 32 22 44 44
1 11 22 32 33 32 11 23 32 14 44 41 32 33 22 44 14
1 11 32 33 33 33 14 23 33 44 44 41 32 33 22 41 11
1 14 33 32 33 33 11 23 33 11 22 44 33 32 22 44 14
1 11 33 33 32 32 14 22 33 14 44 44 33 32 23 44 14
1 11 32 33 32 32 11 22 22 14 44 41 33 32 22 44 44
1 14 32 33 33 33 44 22 22 14 42 41 32 33 23 44 14
1 11 32 32 33 33 14 22 33 14 42 41 33 33 23 44 14
1 14 22 32 32 33 14 23 33 44 44 41 32 32 23 44 14
1 11 33 33 33 32 11 23 32 14 42 44 22 33 33 41 14
1 11 33 32 33 33 44 23 33 14 44 41 32 33 22 44 14
1 14 33 33 32 33 14 23 32 14 22 44 32 33 22 44 44
1 14 33 33 33 33 14 23 33 14 44 41 33 33 22 41 11
1 11 33 22 32 33 11 33 33 11 22 44 33 33 23 44 14
1 44 22 22 33 32 14 33 32 14 44 41 32 32 33 41 44
1 11 32 33 33 33 11 23 33 11 42 44 33 33 22 44 11
1 11 32 32 33 33 11 23 33 11 42 11 32 32 23 44 14
1 11 32 32 33 33 11 22 33 14 44 44 33 33 22 44 14
1 14 33 32 33 33 11 33 32 14 42 44 33 32 23 41 44
1 11 33 32 32 33 14 23 32 11 42 41 33 33 22 41 44
1 14 32 32 32 32 11 23 33 11 22 44 32 33 33 41 11
1 14 32 32 33 32 14 22 22 14 42 41 32 33 23 44 14
1 14 32 33 33 33 14 22 22 11 44 44 33 33 22 41 14
1 11 33 33 33 33 14 23 32 11 42 41 33 33 33 44 11
1 11 22 22 32 33 44 22 22 14 44 44 32 33 23 44 11
1 14 32 33 32 33 14 23 32 14 44 41 33 33 23 44 14
1 14 33 33 33 33 14 22 33 11 44 44 33 33 33 41 14
1 11 32 33 33 33 11 22 33 11 44 41 33 33 23 44 14
1 11 33 33 33 33 11 22 33 11 44 44 33 33 22 44 14
1 14 32 33 33 32 11 22 33 14 22 41 33 33 23 44 11
1 14 32 32 32 33 14 22 32 14 44 44 33 33 22 44 14
1 11 22 32 32 33 11 23 32 11 42 44 33 33 22 44 14
1 44 33 22 33 33 14 33 32 44 42 41 33 32 33 44 11
1 14 33 32 33 33 14 23 33 11 42 41 32 33 22 44 11
1 11 32 33 32 33 11 33 32 14 44 44 32 33 33 44 11
1 44 22 22 33 33 11 23 32 44 42 41 33 33 33 41 14
1 14 32 32 33 32 11 22 33 44 44 44 33 33 23 41 14
1 14 32 32 32 33 11 22 33 14 44 44 33 33 23 44 14
1 11 32 33 33 33 14 22 32 11 44 44 33 33 23 41 14
1 14 33 32 33 32 11 23 32 14 22 44 33 33 22 44 44
1 44 33 32 33 33 11 23 33 11 44 44 32 33 23 44 14
1 11 33 33 32 33 14 22 22 14 44 44 33 33 33 44 11
1 14 22 32 33 33 14 23 22 14 42 44 32 33 33 41 44
1 11 32 32 32 33 11 23 32 14 42 44 32 33 23 44 14
1 11 22 33 33 33 11 23 33 44 44 44 22 32 23 44 11
1 14 22 22 32 33 11 22 33 14 44 44 33 33 23 41 11
1 14 32 33 33 33 14 22 33 44 44 44 33 33 23 44 14
1 11 32 33 33 32 11 22 33 11 42 44 32 33 23 44 11
1 11 33 33 33 32 11 23 33 14 42 41 33 33 23 44 14
1 44 32 33 33 33 14 33 32 14 44 11 33 33 23 44 14
1 14 32 32 33 33 11 22 33 14 22 41 33 32 23 44 14
1 14 32 33 33 33 11 23 32 44 22 44 32 33 23 44 11
1 11 22 33 33 33 11 22 32 11 44 44 33 33 23 44 14
1 14 32 33 22 33 11 22 33 14 44 44 33 32 33 44 14
1 14 32 32 33 32 14 23 32 14 42 44 33 33 22 44 11
1 14 32 22 33 32 11 23 22 14 42 41 33 32 23 44 14
1 11 32 32 33 33 11 22 33 14 44 44 33 33 22 44 14
1 44 22 33 33 32 14 23 33 14 44 44 32 33 22 44 14
1 11 33 33 33 32 11 23 32 14 44 44 32 33 23 44 14
1 14 32 33 33 32 11 23 33 11 44 44 33 32 23 44 14
1 11 22 32 22 32 14 33 22 14 42 11 33 22 23 41 14
1 14 33 33 33 33 11 22 33 14 44 44 33 33 33 44 14
1 11 32 33 33 33 44 23 32 14 44 41 33 33 23 44 11
1 11 32 33 32 32 44 23 33 44 44 41 33 33 23 44 11
1 11 32 32 33 33 14 22 33 14 44 44 33 33 22 44 11
1 11 32 32 33 33 11 23 33 14 42 41 33 33 33 44 11
1 14 32 32 33 33 14 23 32 14 22 41 22 33 33 41 44
1 11 33 33 32 33 14 23 33 11 42 44 33 33 22 44 11
1 44 22 32 33 32 14 23 32 11 44 44 33 32 23 44 11
1 44 32 33 33 33 11 22 33 44 44 41 33 32 23 44 14
1 11 32 22 33 32 11 23 32 14 44 41 33 33 22 44 44
1 14 33 22 33 33 14 23 33 44 44 44 33 33 23 44 11
1 44 32 33 33 33 44 33 33 14 42 44 32 32 22 44 44
1 14 32 32 33 32 14 23 32 14 44 41 33 33 23 44 44
1 14 32 32 32 33 11 22 32 44 42 41 32 32 23 41 14
1 14 32 33 33 32 14 22 33 11 44 44 22 33 23 41 11
1 11 33 33 33 33 44 23 33 14 44 41 33 33 23 44 14
1 11 33 32 33 32 14 23 33 14 22 44 33 33 23 41 14
1 11 32 33 33 33 11 22 33 11 42 44 33 33 23 44 14
1 11 32 33 32 33 44 22 33 14 44 41 33 32 33 44 11
1 11 33 33 32 33 11 23 33 11 44 44 32 32 22 44 11
1 14 33 32 32 33 14 22 33 11 44 44 33 32 33 41 14
1 14 32 33 33 33 14 23 32 14 44 41 33 33 33 44 11
1 11 32 32 32 32 14 22 22 11 44 44 33 33 23 44 14
1 11 33 32 33 32 11 22 33 14 44 44 33 33 22 44 11
1 11 33 32 33 33 11 22 33 11 44 44 33 33 33 44 11
1 11 32 33 33 33 11 22 33 14 42 41 32 33 23 44 14
1 14 33 33 33 33 14 23 33 14 44 41 33 33 23 41 14
1 11 32 32 33 33 11 33 33 14 42 44 32 33 22 44 11
1 14 33 33 32 33 14 22 33 44 44 41 22 33 33 41 14
1 11 32 32 33 33 14 22 33 14 44 41 33 33 23 44 11
1 14 33 32 32 32 14 22 33 14 44 41 33 33 33 41 11
1 11 33 33 33 33 11 33 33 14 42 41 32 33 23 44 14
1 14 33 32 33 33 11 23 33 14 42 44 33 33 22 44 11
1 14 32 33 33 33 11 23 32 44 42 41 32 32 22 44 11
1 14 32 32 32 33 14 33 33 14 42 44 33 33 22 44 11
1 11 32 32 33 22 11 23 33 14 42 11 33 32 33 41 44
1 11 32 33 32 33 44 22 33 44 44 44 32 33 23 41 14
1 14 32 33 33 33 11 23 33 14 44 44 33 33 22 44 14
1 11 32 32 33 33 14 33 33 44 42 41 33 33 23 44 14
1 11 33 33 32 33 11 22 33 14 44 44 33 33 22 44 11
1 11 33 33 33 33 11 22 33 14 42 44 33 33 22 44 14
1 14 32 33 33 33 14 22 32 11 42 44 33 33 23 44 11
1 11 22 33 32 33 14 22 32 44 44 44 33 33 23 41 11
1 11 32 32 22 33 11 33 32 14 42 41 32 33 23 44 11
1 14 33 33 33 33 11 22 33 14 44 44 33 33 23 44 11
1 14 32 22 33 32 14 33 32 44 22 41 33 32 33 41 44
1 11 32 32 33 33 14 22 32 14 44 44 33 33 22 44 11
1 11 32 33 33 32 14 23 32 14 22 44 32 33 23 41 14
1 11 22 33 33 32 11 22 22 44 42 44 33 33 22 44 14
1 11 33 32 33 33 14 22 33 11 44 44 33 33 23 41 11
1 11 33 32 32 32 11 33 32 11 44 41 33 33 22 44 11
1 11 33 32 33 33 14 23 33 44 42 41 33 32 23 41 44
1 11 32 32 33 33 11 22 32 44 42 44 32 32 22 44 14
1 14 33 33 33 32 11 22 32 11 42 44 32 33 22 44 44
1 11 33 32 33 33 11 23 33 11 42 44 33 33 23 44 14
1 11 33 33 33 33 11 23 33 11 44 44 33 33 22 44 11
1 11 33 33 33 33 11 23 32 14 44 41 33 33 33 44 11
1 14 22 32 33 33 14 22 33 14 42 41 32 33 23 44 11
1 14 33 32 32 33 11 22 33 14 44 44 33 33 23 44 14
1 11 32 33 32 33 14 23 32 44 42 44 33 33 33 44 14
1 14 32 22 32 33 11 23 33 14 22 41 33 33 23 44 11
1 14 32 32 33 32 14 22 22 44 42 44 32 32 23 44 14
1 11 33 33 33 33 44 23 32 14 44 44 33 33 22 41 14
1 14 33 33 32 33 11 23 32 11 44 44 33 33 22 44 14
1 11 32 32 33 32 11 22 32 14 44 44 33 33 22 44 11
1 14 32 32 32 32 11 22 32 14 42 44 33 32 23 41 14
1 11 33 22 33 33 11 22 33 11 44 44 32 33 33 44 14
1 11 33 33 33 33 14 23 33 11 42 44 33 33 23 44 11
1 11 33 33 33 33 11 23 32 44 44 44 33 33 22 44 14
1 11 33 33 33 33 11 23 33 14 44 41 33 33 22 44 44
1 11 32 32 32 33 11 22 32 14 44 44 32 33 22 44 11
1 11 32 33 32 33 14 22 32 44 42 44 33 33 33 44 14
1 11 32 33 33 33 11 23 32 14 44 41 32 33 23 44 14
1 11 32 33 33 33 11 22 22 14 44 44 32 33 23 44 11
1 14 32 22 33 33 11 22 33 14 42 44 33 33 23 44 11
1 44 33 33 33 33 14 22 32 11 42 44 33 33 22 44 11
1 11 33 22 32 33 44 23 33 14 42 44 33 33 23 44 11
1 11 33 33 33 33 11 23 33 14 44 44 33 33 23 44 11
1 44 32 32 32 33 14 33 22 14 44 44 32 32 33 44 14
1 14 22 32 33 33 11 22 32 44 22 44 32 33 33 44 11
1 44 32 32 33 33 11 22 22 44 22 41 32 32 23 44 14
1 11 33 33 32 33 11 23 22 11 44 44 33 33 33 44 14
1 11 33 33 33 32 11 22 33 11 44 44 33 33 23 44 11
1 14 32 33 32 32 14 22 32 11 42 44 22 32 33 44 11
1 14 32 32 33 33 11 23 32 14 42 44 32 33 23 44 11
1 44 22 32 33 33 14 22 32 14 22 41 33 32 23 44 14
1 11 33 32 32 33 11 22 32 14 44 44 33 32 23 44 14
1 44 33 33 33 33 14 22 33 14 44 41 33 33 23 44 11
1 11 32 33 33 33 14 33 32 44 42 41 32 33 22 44 14
1 11 32 32 33 33 14 23 32 11 42 44 33 33 22 41 11
1 11 33 32 33 33 11 23 32 14 44 44 33 33 22 44 14
1 11 33 32 32 33 11 22 32 44 42 44 32 32 23 41 14
1 11 32 22 32 33 11 33 32 14 44 41 33 32 23 44 14
1 14 32 32 32 33 14 23 32 44 22 44 33 33 23 44 14
1 11 32 33 33 32 11 22 33 11 44 44 33 33 23 44 14
1 11 32 22 32 33 11 22 33 14 22 41 33 33 22 44 14
1 14 32 33 32 33 14 22 33 11 42 44 33 33 22 41 14
1 44 32 33 33 33 14 22 32 11 44 44 33 33 22 44 44
1 11 33 33 32 33 11 23 33 11 44 44 33 33 23 44 11
1 14 33 22 33 33 14 33 32 11 44 44 33 32 23 44 14
1 11 33 33 33 33 11 22 33 14 42 44 33 33 23 44 14
1 11 33 33 22 33 11 23 33 14 42 44 33 33 23 44 14
1 11 22 32 33 32 11 23 22 14 44 41 32 33 22 44 11
1 11 33 33 33 32 14 22 32 14 42 44 32 33 22 44 14
1 11 32 33 32 33 14 23 32 11 42 41 32 32 23 44 11
1 44 32 32 33 33 14 22 32 14 42 41 33 32 23 44 14
1 14 33 33 33 33 11 22 32 14 44 41 33 33 23 44 14
1 14 32 33 33 33 11 22 32 11 44 44 33 33 22 44 11
1 11 33 33 32 33 11 22 33 44 42 41 33 33 22 44 11
1 14 33 33 33 33 14 22 33 11 44 41 33 33 22 41 14
1 14 32 33 33 33 44 22 32 11 44 11 32 33 23 44 14
1 14 32 33 33 33 14 23 33 44 42 11 32 33 33 44 14
1 11 33 33 33 33 11 22 33 11 44 44 33 33 23 44 44
1 11 32 33 33 33 44 23 33 11 44 44 32 33 23 44 11
1 11 32 33 33 33 11 33 32 14 44 44 33 33 22 44 11
1 11 32 33 32 33 11 23 32 14 42 41 33 33 22 44 14
1 14 32 33 33 33 44 33 33 11 44 41 33 33 23 44 14
1 44 32 33 33 32 44 22 33 14 44 44 32 33 22 44 14
1 14 22 32 33 22 14 33 32 14 42 41 33 33 22 41 11
1 14 32 33 33 33 14 22 32 14 42 44 33 33 33 41 14
1 11 32 33 33 33 11 23 33 44 44 44 33 33 22 44 11
1 44 33 22 33 32 14 23 32 14 42 44 33 32 23 44 14
1 11 22 32 33 33 11 22 33 14 42 44 33 33 22 44 11
1 11 22 32 32 33 14 23 33 44 44 11 32 22 23 44 14
1 11 33 33 33 33 11 22 32 11 44 44 33 33 22 44 11
1 11 32 33 33 33 14 22 32 11 44 44 32 33 23 41 44
1 44 32 22 33 32 14 22 22 44 42 44 32 33 22 44 11
1 11 33 33 33 32 11 22 33 14 44 44 33 33 22 44 11
1 11 32 32 32 33 14 22 32 11 22 44 33 33 23 44 14
1 11 32 33 33 32 14 33 32 14 44 44 33 33 33 44 14
1 11 32 33 33 33 11 22 33 14 44 44 33 33 22 44 11
1 11 33 32 33 33 11 22 32 14 42 44 33 33 23 41 14
1 11 33 33 33 33 11 22 33 11 44 44 33 33 22 44 11
1 11 22 32 33 32 14 22 22 11 22 44 33 33 22 44 11
1 11 32 32 33 32 14 23 22 14 22 44 33 32 22 44 14
1 14 32 32 33 33 11 22 33 14 42 44 33 33 22 41 11
1 11 33 33 33 33 11 23 33 11 44 41 33 33 22 44 11
1 44 33 33 33 33 11 22 33 11 42 44 32 33 22 44 14
1 11 32 33 22 33 11 23 33 11 44 41 33 33 23 41 11
1 11 32 33 33 33 11 23 33 14 44 44 33 33 23 44 44
1 11 32 33 33 33 44 33 22 14 44 41 33 33 33 44 14
1 14 22 22 32 33 14 22 32 44 42 44 32 33 23 44 11
1 11 33 32 33 33 11 23 32 14 44 44 33 33 23 41 14
1 11 32 32 33 33 11 22 33 14 44 44 33 33 23 44 14
1 11 32 32 32 33 11 22 33 44 44 41 33 33 23 41 14
1 44 32 32 32 32 14 23 32 14 42 41 22 32 23 41 14
1 44 33 33 32 33 11 23 22 11 42 44 33 33 33 44 44
1 11 32 33 33 33 14 22 33 11 44 44 33 33 23 44 11
1 11 33 33 33 33 11 23 33 14 42 44 33 33 33 44 11
1 11 32 32 33 33 11 22 32 11 44 44 32 33 22 41 11
1 14 32 33 32 32 11 23 32 14 44 44 22 33 22 41 44
1 11 32 32 32 33 11 23 32 44 44 41 33 32 33 44 14
1 14 32 32 33 33 44 22 33 11 42 44 33 33 22 44 11
1 44 32 32 32 33 14 23 33 44 22 44 22 32 23 44 44
1 14 33 32 33 32 14 23 32 14 44 41 33 33 22 44 11
1 11 22 33 32 32 11 23 32 11 42 44 33 33 33 44 14
1 11 33 33 32 33 11 23 33 14 42 44 33 33 23 44 11
1 14 32 33 33 33 14 23 33 14 44 44 33 33 23 44 44
1 11 33 32 33 33 14 22 32 11 42 41 33 33 23 44 14
1 14 32 33 33 33 14 33 33 14 44 44 33 33 33 41 11
1 11 33 32 32 33 11 22 32 11 44 44 32 33 33 44 11
1 14 22 22 32 33 14 22 33 14 42 44 33 33 23 44 14
1 14 33 32 33 33 11 22 33 11 42 44 32 33 22 44 11
1 11 33 33 32 33 14 22 33 44 44 44 33 33 22 44 44
1 11 32 22 32 32 14 23 33 11 42 44 33 32 23 44 14
1 11 33 32 33 33 11 33 33 14 42 41 32 33 22 44 14
1 11 33 32 33 33 14 23 33 44 44 44 32 33 33 44 14
1 14 32 32 32 32 14 33 32 11 42 44 33 32 33 44 44
1 14 32 32 33 33 11 23 32 11 42 41 33 33 23 44 11
1 11 32 33 32 33 11 22 33 14 44 44 33 32 22 44 14
1 14 32 33 32 33 11 23 32 44 42 41 33 33 22 44 14
1 14 32 22 22 33 44 23 33 44 42 44 32 32 23 44 14
1 14 32 32 33 33 44 22 33 14 44 41 32 33 23 44 14
1 14 32 22 33 33 14 33 32 44 42 41 33 33 22 41 14
1 11 33 32 33 33 11 22 33 11 44 44 32 33 22 44 11
1 14 32 22 32 33 11 23 32 14 44 41 32 32 33 41 11
1 14 32 33 32 32 14 22 33 44 44 11 33 33 23 44 14
1 14 32 33 33 33 14 23 33 44 42 44 32 33 23 44 11
1 14 33 32 33 33 11 23 33 11 44 44 33 33 22 44 44
1 14 32 22 32 32 14 33 33 44 44 41 22 33 23 41 14
1 14 33 33 33 33 11 22 33 14 42 44 33 33 23 44 11
1 11 32 32 32 33 11 22 32 14 44 44 33 33 23 41 11
1 11 33 32 33 33 14 23 32 44 42 44 33 33 22 44 11
1 14 33 33 33 33 11 23 32 11 44 44 33 33 22 44 11
1 11 33 32 33 32 11 22 32 44 42 44 33 33 23 44 11
1 11 32 33 33 33 11 23 32 14 42 44 33 33 23 44 14
1 11 32 32 33 33 44 33 33 44 42 44 33 32 22 44 11
1 14 33 32 33 33 44 23 32 44 44 44 33 33 23 44 11
1 11 32 33 33 33 11 22 22 44 44 44 32 33 23 41 44
1 14 32 32 32 33 44 33 22 44 44 44 32 33 23 44 14
1 14 32 33 33 33 14 22 22 44 42 44 32 33 33 44 14
1 44 22 32 33 33 14 22 32 14 22 41 32 32 33 44 44
