 rs10903034 rs10903035 rs12028945 rs11249006 rs4649195 rs7552086 rs10903038 rs4649197
0 23 11 44 44 32 11 22 14
0 22 44 44 44 33 14 22 14
0 22 11 44 41 32 11 24 11
0 23 14 41 41 22 11 44 11
0 22 11 41 41 32 11 22 14
0 22 14 44 41 22 11 22 11
0 22 11 41 41 32 14 24 11
0 22 11 44 44 33 11 22 14
0 22 11 44 41 32 11 24 11
0 22 11 44 41 33 11 24 44
0 22 11 44 44 22 11 22 14
0 22 11 44 41 33 14 44 11
0 22 14 44 41 32 11 22 44
0 22 11 44 41 33 11 22 44
0 22 11 44 44 32 11 24 11
0 22 11 44 41 32 14 22 11
0 22 11 44 44 33 11 24 44
0 23 11 44 11 33 14 22 11
0 22 11 41 41 22 11 24 44
0 22 14 44 41 33 44 22 11
0 22 14 44 44 32 11 22 11
0 23 11 41 41 22 11 22 44
0 22 11 41 41 32 11 22 14
0 22 11 44 44 33 11 24 14
0 22 11 44 41 33 11 24 11
0 22 11 44 11 22 14 22 14
0 22 11 44 11 32 11 22 11
0 22 11 41 44 33 11 24 14
0 22 14 44 44 22 14 24 11
0 22 14 44 11 32 14 24 14
0 22 11 44 44 32 44 24 11
0 22 14 44 11 32 11 22 14
0 22 11 44 41 22 11 24 11
0 22 14 44 41 22 14 24 11
0 23 11 44 41 33 11 22 14
0 22 11 44 41 32 14 22 44
0 23 11 44 44 32 14 44 11
0 22 11 44 41 32 14 22 44
0 22 14 44 44 22 44 22 14
0 23 11 44 41 32 11 22 14
0 23 11 44 11 32 14 24 11
0 23 14 44 41 32 11 22 11
0 33 11 44 41 33 11 22 14
0 23 11 44 11 33 14 22 14
0 22 11 44 11 32 44 24 11
0 22 14 44 41 22 11 24 44
0 22 14 44 41 33 14 24 11
0 23 11 44 41 22 11 22 14
0 22 14 44 11 22 11 22 11
0 22 14 41 41 32 44 22 11
0 22 11 44 11 32 14 22 14
0 22 14 44 41 22 11 22 44
0 22 11 44 44 33 11 22 44
0 22 11 44 44 32 11 24 14
0 22 11 44 44 22 14 22 14
0 22 11 44 44 32 14 24 11
0 22 11 44 41 33 11 22 11
0 23 11 41 44 32 11 24 11
0 23 11 44 11 32 14 24 11
0 22 14 44 11 22 14 44 11
0 22 11 41 41 33 11 22 11
0 22 14 44 41 32 11 24 14
0 23 11 44 41 32 44 22 14
0 22 11 44 41 32 11 24 14
0 22 14 41 41 32 11 24 14
0 23 11 44 41 22 44 24 14
0 23 14 44 41 32 11 24 11
0 22 44 44 41 33 14 22 44
0 22 11 44 44 32 11 24 11
0 22 14 44 11 32 14 24 44
0 22 14 44 41 22 14 24 11
0 23 11 44 44 32 11 22 44
0 22 11 41 41 22 14 22 14
0 22 11 44 44 32 11 22 44
0 22 11 44 11 33 11 24 44
0 22 11 44 41 32 11 24 11
0 23 14 44 41 33 11 22 11
0 22 11 44 44 33 14 22 14
0 22 11 44 41 32 44 24 44
0 23 11 44 44 33 14 22 11
0 22 11 44 44 33 14 22 14
0 22 11 44 41 32 11 22 11
0 22 14 44 41 32 14 22 11
0 22 14 41 41 32 44 24 11
0 22 11 41 41 32 14 22 14
0 22 14 41 44 33 44 24 14
0 22 11 44 41 33 14 24 11
0 22 11 44 44 33 11 24 14
0 23 14 44 41 32 14 22 14
0 22 11 44 11 22 11 22 11
0 22 11 11 41 32 11 22 14
0 22 11 41 41 32 14 22 11
0 23 11 44 44 32 11 22 44
0 23 11 44 41 32 44 22 14
0 23 11 44 41 33 11 22 11
0 22 11 41 41 22 44 24 11
0 22 11 44 44 32 11 22 11
0 22 14 44 44 33 11 24 11
0 22 11 44 44 22 14 22 11
0 22 14 44 44 33 14 24 14
0 22 11 41 44 32 11 22 14
0 23 11 44 11 33 14 22 14
0 22 14 44 11 33 14 24 11
0 22 11 44 11 32 44 24 11
0 22 14 44 41 22 11 24 14
0 22 14 44 41 33 14 22 11
0 22 11 44 11 22 11 22 14
0 22 11 44 41 32 11 22 11
0 22 11 44 41 33 14 44 44
0 23 14 41 41 32 14 24 14
0 22 14 44 41 32 14 24 11
0 22 14 44 41 32 11 22 11
0 23 14 41 44 32 14 44 14
0 22 14 44 11 33 44 22 11
0 22 11 44 41 32 11 22 44
0 22 11 44 41 22 44 24 11
0 22 14 44 11 32 14 22 11
0 23 11 41 11 33 11 44 44
0 23 11 44 44 33 11 24 14
0 22 11 41 44 32 11 24 11
0 23 14 44 41 33 11 22 14
0 22 11 44 41 22 11 22 44
0 22 11 41 44 33 14 44 11
0 22 14 41 11 32 14 22 14
0 23 14 44 11 32 11 44 14
0 22 11 44 41 33 44 22 14
0 22 11 44 11 32 14 44 44
0 22 11 44 11 22 14 24 14
0 22 11 44 41 33 11 24 11
0 23 11 44 41 32 14 22 14
0 22 11 44 44 33 14 24 14
0 23 11 44 41 33 14 24 14
0 22 11 44 44 32 11 24 11
0 22 14 44 41 33 11 22 11
0 23 14 44 11 22 11 24 14
0 22 14 44 11 32 11 44 11
0 23 11 44 11 32 44 22 14
0 23 14 44 11 32 11 22 11
0 22 11 44 41 33 14 24 11
0 22 11 41 44 32 14 24 14
0 22 11 44 11 32 14 24 14
0 23 11 44 44 32 14 24 14
0 22 11 44 41 33 11 24 11
0 23 11 44 11 32 14 24 11
0 22 14 44 44 32 14 24 11
0 23 14 44 44 32 11 24 11
0 22 11 44 41 32 14 22 14
0 22 11 44 44 33 11 22 14
0 22 14 41 44 32 44 24 14
0 22 44 44 11 22 11 44 44
0 23 11 44 41 32 14 22 14
0 22 14 11 41 33 11 22 14
0 22 11 44 44 33 11 22 11
0 22 11 41 44 22 14 22 14
0 22 14 44 41 33 44 24 44
0 22 11 44 11 32 11 24 11
0 22 11 44 44 32 14 22 11
0 22 11 44 11 22 11 44 44
0 22 11 44 44 22 11 22 11
0 22 11 44 41 32 14 22 14
0 22 14 44 11 22 11 24 14
0 22 11 44 41 32 11 22 11
0 22 11 44 11 32 14 22 11
0 22 14 44 44 33 44 22 14
0 22 14 44 11 32 11 22 11
0 22 11 44 41 32 11 44 14
0 22 11 44 11 32 11 22 14
0 22 11 44 11 33 11 24 11
0 22 11 44 44 33 14 22 14
0 22 11 44 41 33 11 24 14
0 23 14 44 11 32 11 24 14
0 22 11 44 41 32 11 22 11
0 22 14 44 44 32 14 22 14
0 22 14 44 11 32 11 44 44
0 23 11 44 41 32 14 22 44
0 22 11 44 41 33 14 24 11
0 22 14 44 41 22 14 44 14
0 22 14 44 44 32 11 24 11
0 22 14 44 41 33 11 24 14
0 23 11 44 44 33 11 24 11
0 22 11 44 44 33 14 22 11
0 22 14 44 11 33 11 22 11
0 22 11 44 11 22 44 22 14
0 22 11 44 11 32 11 22 11
0 22 14 44 41 33 44 22 11
0 23 11 44 44 33 11 24 14
0 22 11 11 41 22 11 22 14
0 22 14 41 41 33 11 22 11
0 22 14 41 41 22 11 44 14
0 22 11 44 11 22 11 24 14
0 22 11 41 44 22 14 22 14
0 23 11 44 41 33 14 24 44
0 22 14 44 11 22 44 24 11
0 22 14 44 44 32 14 22 14
0 22 11 44 41 33 14 24 11
0 23 11 41 11 32 11 44 11
0 22 11 44 41 32 11 22 11
0 22 11 44 11 32 14 22 14
0 22 11 44 44 22 14 24 14
0 22 14 44 11 33 11 22 14
0 22 11 44 44 32 11 24 44
0 23 14 44 41 32 44 24 11
0 22 11 44 41 32 11 22 11
0 22 11 41 44 33 11 24 44
0 22 11 44 11 32 11 22 11
0 23 14 44 44 22 11 22 14
0 22 11 44 44 33 11 22 14
0 23 11 41 11 32 11 22 14
0 22 11 41 44 32 14 22 14
0 23 14 44 44 32 14 22 11
0 22 11 44 44 32 11 22 14
0 22 14 41 44 32 14 24 14
0 22 11 41 41 22 44 22 11
0 23 11 44 11 22 11 22 11
0 22 11 44 11 22 14 24 44
0 22 11 44 41 33 11 24 14
0 23 14 41 41 33 14 22 11
0 23 11 44 41 33 11 24 44
0 23 14 44 11 33 44 22 14
0 22 11 41 11 32 14 24 44
0 22 14 44 44 32 11 44 11
0 23 11 44 41 32 14 22 11
0 22 11 44 41 32 11 44 11
0 22 11 44 41 32 11 22 14
0 23 11 44 41 33 11 22 11
0 22 14 44 41 32 44 24 11
0 22 14 41 11 32 14 22 14
0 22 11 44 41 32 44 24 11
0 22 11 44 44 33 14 24 11
0 22 11 41 41 32 11 24 14
0 22 11 44 44 22 11 24 11
0 23 11 44 44 32 11 44 11
0 22 14 44 41 32 11 24 11
0 23 11 44 41 33 11 22 14
0 22 14 44 41 32 14 22 14
0 23 11 41 11 32 11 44 44
0 23 14 44 41 32 11 22 44
0 22 11 44 44 32 14 22 11
0 22 11 44 41 33 14 22 44
0 23 11 44 11 32 11 22 11
0 22 11 44 41 33 14 24 11
0 22 14 41 41 32 14 44 14
0 22 11 44 41 33 14 24 11
0 22 11 41 41 22 14 24 14
0 23 11 41 41 32 11 24 11
0 22 11 11 41 33 11 22 14
0 22 14 41 41 33 44 22 11
0 22 11 11 41 22 11 24 14
0 22 14 44 11 32 44 22 11
0 23 11 44 44 22 44 22 11
0 22 14 44 11 22 14 22 44
0 22 11 44 44 22 14 44 11
0 22 14 41 44 32 14 22 11
0 22 11 44 41 32 14 22 11
0 22 11 44 44 32 14 24 11
0 22 11 44 41 32 14 22 14
0 22 14 44 44 22 44 22 44
0 23 11 41 41 32 11 24 11
0 22 11 44 11 22 14 22 11
0 23 11 44 41 22 14 22 11
0 22 11 41 11 32 11 24 11
0 22 11 44 41 22 44 22 14
0 23 11 44 41 32 11 22 14
0 22 11 44 41 33 14 24 11
0 22 11 44 41 33 11 24 11
0 23 11 41 41 22 14 24 11
0 23 11 44 44 32 11 22 11
0 22 11 44 41 22 11 22 11
0 22 14 44 11 32 14 24 44
0 22 14 44 11 33 14 24 14
0 22 11 41 11 32 11 22 11
0 22 14 44 11 33 11 22 11
0 22 14 44 41 32 14 22 11
0 23 11 41 44 33 14 22 14
0 22 11 44 41 32 11 22 14
0 22 14 44 44 32 11 24 44
0 22 11 44 41 33 14 24 11
0 22 14 41 44 33 14 24 14
0 23 11 44 41 33 11 24 14
0 22 11 44 44 32 44 22 11
0 23 14 41 11 32 11 22 11
0 22 14 44 44 22 11 44 11
0 22 14 44 11 33 11 44 11
0 23 11 44 41 32 11 44 11
0 22 11 44 41 33 14 22 11
0 23 11 44 11 22 11 22 11
0 22 11 44 41 22 44 24 14
0 22 11 44 11 33 11 22 14
0 22 11 44 44 32 14 22 14
0 23 11 41 11 33 44 44 14
0 22 11 44 11 32 11 22 11
0 22 11 44 44 32 11 24 14
0 22 44 44 44 32 14 22 14
0 22 14 44 44 22 11 22 14
0 22 11 44 41 33 14 22 11
0 23 11 44 41 22 14 22 14
0 22 11 44 41 33 14 24 11
0 22 11 41 41 32 11 24 14
0 22 11 44 11 32 14 24 14
0 22 11 41 41 33 11 24 11
0 22 11 44 44 32 11 24 11
0 33 11 44 41 32 44 24 11
0 22 14 41 41 22 11 22 11
0 22 11 44 44 22 11 24 11
0 23 11 41 41 32 14 22 11
0 22 11 41 11 33 14 22 14
0 22 44 44 11 32 14 24 14
0 22 11 44 41 22 14 22 14
0 23 11 44 44 32 14 22 14
0 22 14 44 41 33 14 22 14
0 23 11 44 41 32 11 22 14
0 23 11 44 44 22 11 24 14
0 22 11 44 11 33 11 24 11
0 22 11 44 41 33 11 22 14
0 22 11 44 41 32 11 22 14
0 22 11 44 11 32 14 44 14
0 22 14 44 11 32 11 22 11
0 22 11 44 11 22 11 22 11
0 22 11 44 44 33 14 24 44
0 22 14 44 44 33 14 22 11
0 23 14 41 41 32 14 22 14
0 22 11 44 41 32 11 22 14
0 23 14 44 44 33 44 24 11
0 23 14 44 11 22 14 22 14
0 22 11 44 41 22 14 22 14
0 22 11 44 41 22 11 22 11
0 22 11 44 41 22 44 22 44
0 22 11 44 11 32 11 22 14
0 22 14 44 41 32 44 22 14
0 22 11 44 41 32 14 24 11
0 22 14 44 44 33 14 24 11
0 23 14 44 41 33 14 24 14
0 22 14 44 11 22 11 24 14
0 23 14 44 41 32 14 22 11
0 22 11 44 44 32 14 44 44
0 23 11 44 44 32 11 22 11
0 22 44 44 11 32 14 22 14
0 22 14 44 44 32 11 24 11
0 23 11 44 44 32 44 24 14
0 22 14 44 41 22 14 22 11
0 22 11 44 11 32 14 22 14
0 22 14 41 11 32 11 24 14
0 22 11 44 41 22 11 22 14
0 22 14 44 11 32 11 22 11
0 22 44 44 41 33 11 24 14
0 22 11 44 11 33 44 24 11
0 22 14 41 41 22 14 24 11
0 22 11 44 44 33 11 22 14
0 22 11 44 44 32 14 24 11
0 22 44 44 11 33 14 22 14
0 22 11 44 41 32 11 24 14
0 22 11 41 41 32 14 24 11
0 22 11 44 41 22 11 22 11
0 23 14 44 11 32 44 24 11
0 23 11 44 44 32 11 44 11
0 23 11 44 44 22 14 24 11
0 22 11 44 44 33 11 22 11
0 22 14 44 41 32 14 22 11
0 23 11 44 41 33 14 24 14
0 22 11 41 41 32 14 22 11
0 22 14 44 41 22 11 24 14
0 22 14 41 11 32 14 22 14
0 23 11 44 44 22 11 22 11
0 22 11 41 44 32 14 22 11
0 22 11 44 41 32 11 24 14
0 23 11 44 44 32 44 24 14
0 23 14 41 41 22 14 22 11
0 22 11 44 11 33 11 22 11
0 22 11 44 44 32 11 22 11
0 23 14 44 11 22 14 24 14
0 22 11 41 41 32 14 22 11
0 22 11 41 41 32 11 44 14
0 22 14 44 44 32 11 44 11
0 23 14 44 11 32 14 44 44
0 22 11 44 11 32 11 24 44
0 22 11 41 11 22 14 24 11
0 22 11 44 11 32 14 22 11
0 22 14 44 41 32 11 22 11
0 22 11 41 11 32 11 24 14
0 22 11 41 41 32 14 24 14
0 22 11 44 41 32 11 22 14
0 22 11 44 41 32 44 24 11
0 23 11 41 41 33 14 24 14
0 22 11 41 44 32 14 24 11
0 22 11 41 11 32 14 24 11
0 22 11 44 41 33 11 44 11
0 22 11 41 41 33 11 22 14
0 22 11 44 41 22 14 24 11
0 23 11 44 41 22 11 22 11
0 23 11 44 44 33 11 24 11
0 22 11 44 41 32 11 22 11
0 22 14 44 44 33 14 22 11
0 22 14 44 41 33 14 22 14
0 33 11 44 41 32 11 24 11
0 22 11 41 41 22 44 22 11
0 22 11 44 41 32 11 24 11
0 23 11 44 44 22 11 22 11
0 33 14 44 41 32 44 22 11
0 22 14 41 11 33 14 22 14
0 23 11 44 44 32 14 24 11
0 23 11 44 41 22 44 44 44
0 22 11 41 41 33 11 22 14
0 22 14 44 44 32 14 22 11
0 22 14 44 44 22 14 22 14
0 22 11 44 41 22 44 22 44
0 22 11 44 44 32 44 44 14
0 22 11 44 41 32 14 22 14
0 22 14 44 11 33 44 24 14
0 22 11 44 44 22 44 24 14
0 23 11 44 11 22 11 22 11
0 22 11 41 44 32 11 22 14
0 22 14 44 41 33 14 24 14
0 22 14 44 41 32 14 22 11
0 22 11 44 44 22 11 24 11
0 22 11 44 41 33 11 22 11
0 22 11 44 41 32 11 24 11
0 22 11 44 41 32 11 22 11
0 22 14 44 41 33 11 44 14
0 22 11 44 44 32 14 24 11
0 23 11 44 11 33 14 22 44
0 22 14 41 41 32 11 22 11
0 22 11 41 41 33 14 22 11
0 22 11 44 44 33 11 24 11
0 22 11 44 41 32 14 24 11
0 22 11 44 11 33 11 22 44
0 22 14 44 41 33 14 22 14
0 22 11 44 11 32 11 22 11
0 22 44 41 11 32 14 24 14
0 22 11 41 44 32 14 22 44
0 22 14 41 44 32 14 22 14
0 22 14 41 11 33 11 44 14
0 22 11 44 11 32 11 44 14
0 22 11 44 41 32 14 44 11
0 22 11 44 41 33 14 24 14
0 22 11 44 41 22 11 24 11
0 23 11 44 11 32 11 22 14
0 22 11 44 41 22 11 24 11
0 22 14 44 11 32 14 24 14
0 22 14 44 11 22 14 44 11
0 22 11 44 44 33 14 22 14
0 22 11 41 41 33 11 24 11
0 22 11 44 11 32 11 22 14
0 22 11 44 11 22 11 22 14
0 22 11 44 11 32 11 24 11
0 22 11 44 11 33 14 22 11
0 23 11 44 41 32 11 22 44
0 23 11 44 44 22 11 22 11
0 22 11 44 41 32 11 44 11
0 22 11 44 11 22 11 22 11
0 22 14 44 41 32 11 22 11
0 22 14 44 41 33 44 24 14
0 23 11 41 41 22 11 24 11
0 22 11 44 41 32 44 24 11
0 22 11 44 41 32 14 22 11
0 22 11 44 11 33 11 24 14
0 22 11 44 41 32 11 22 11
0 22 11 44 41 32 11 22 11
0 22 11 44 41 32 11 22 14
0 23 11 44 41 22 11 24 11
0 22 14 44 41 32 44 24 11
0 23 11 41 11 33 44 24 11
0 22 11 44 41 32 11 44 44
0 22 11 41 41 32 14 22 11
0 23 11 44 41 33 11 24 11
0 23 11 44 41 32 14 44 11
0 22 14 44 44 33 11 22 11
0 22 14 41 11 22 14 22 11
0 22 14 44 41 33 44 24 11
0 22 11 44 11 22 14 24 14
0 22 11 41 41 33 11 22 14
0 22 11 44 41 22 11 24 44
0 22 11 44 44 32 14 22 11
0 22 14 44 41 33 14 24 44
0 22 11 44 11 33 14 22 14
0 22 14 44 41 33 14 22 11
0 22 14 44 11 32 14 22 11
0 23 44 44 44 32 14 24 14
0 22 14 44 41 22 11 22 11
0 22 14 44 41 22 44 24 11
0 22 11 41 44 32 14 44 14
0 22 11 44 41 22 14 24 14
0 22 14 41 41 22 11 24 14
0 22 11 44 44 33 44 22 11
0 22 11 44 41 33 44 24 44
0 22 11 44 41 32 44 24 14
0 22 11 44 41 32 14 44 11
0 23 11 44 41 33 11 24 14
0 22 11 44 41 33 11 22 11
0 22 14 44 41 32 11 22 11
0 23 14 44 41 33 11 44 14
0 22 11 41 11 32 14 22 14
0 23 14 44 11 32 44 24 11
0 22 11 44 41 32 14 22 11
0 23 14 41 11 22 44 24 14
0 22 14 44 11 22 11 24 44
0 23 14 44 11 32 11 24 11
0 22 14 44 11 33 14 22 11
0 23 14 44 44 33 11 22 11
0 22 11 44 44 22 14 22 14
0 22 11 44 11 32 11 24 11
1 23 14 44 11 32 11 22 44
1 22 11 44 44 33 11 22 14
1 22 11 44 41 33 11 22 11
1 22 11 44 11 22 11 22 11
1 22 11 44 44 32 11 24 14
1 22 11 44 41 32 14 44 14
1 33 14 11 41 32 11 24 11
1 22 11 44 44 22 14 24 11
1 23 14 41 41 33 44 24 14
1 23 11 44 11 32 14 24 14
1 22 14 44 11 32 11 22 14
1 22 11 44 41 32 14 24 44
1 22 14 44 44 32 14 22 11
1 22 11 44 44 32 11 24 14
1 22 11 44 41 32 11 24 11
1 22 11 44 41 33 11 24 14
1 22 11 44 41 33 14 22 11
1 22 11 41 41 32 11 22 11
1 22 44 41 41 32 11 24 14
1 22 14 44 41 22 44 24 14
1 22 14 41 44 33 11 22 44
1 22 11 44 41 33 11 24 14
1 23 11 44 41 22 14 22 14
1 22 11 44 41 32 11 24 14
1 22 11 44 44 33 11 24 44
1 22 11 44 41 33 14 24 14
1 22 14 44 41 22 11 22 14
1 22 11 44 41 22 11 24 11
1 23 11 44 41 33 11 24 14
1 22 11 44 44 22 14 22 11
1 22 11 44 41 32 11 22 11
1 22 11 41 44 32 11 44 14
1 22 11 41 44 32 14 24 44
1 22 14 44 11 32 11 24 11
1 22 11 44 41 33 11 22 11
1 22 11 41 11 22 14 24 44
1 22 44 44 41 32 44 22 11
1 23 11 44 44 22 11 24 11
1 22 11 44 44 33 11 22 11
1 22 11 44 44 33 14 22 14
1 22 11 44 41 32 14 22 14
1 33 11 41 11 33 14 22 14
1 22 14 44 41 33 44 24 11
1 22 14 41 41 32 11 24 11
1 22 11 44 44 32 11 22 14
1 22 11 44 44 32 44 22 14
1 22 11 41 41 32 14 22 44
1 22 11 44 44 33 14 24 44
1 23 11 41 11 32 14 22 11
1 23 14 44 41 32 14 24 14
1 22 44 44 44 32 11 22 11
1 22 11 44 44 33 11 22 14
1 22 11 41 41 33 14 24 14
1 23 11 44 41 22 11 22 11
1 22 14 41 41 32 11 44 44
1 22 11 44 44 32 11 44 11
1 22 14 44 41 32 11 44 14
1 22 14 44 41 32 11 22 14
1 23 44 44 11 32 14 24 14
1 22 11 44 41 32 14 24 44
1 22 44 41 41 32 14 44 14
1 23 11 44 41 32 11 24 11
1 22 14 44 11 32 11 24 11
1 22 14 44 41 32 11 22 11
1 22 11 41 41 32 11 24 11
1 22 11 44 41 33 44 24 14
1 22 11 44 44 32 11 24 44
1 22 11 41 44 32 14 24 14
1 23 14 41 41 22 11 22 11
1 23 11 44 11 32 11 24 44
1 22 11 44 11 32 14 22 14
1 23 11 44 41 32 11 22 14
1 23 11 44 41 33 14 22 11
1 23 11 44 41 33 11 24 44
1 22 11 44 11 32 14 24 11
1 22 11 44 44 32 11 22 11
1 22 14 44 44 32 14 22 11
1 22 14 44 11 33 11 24 11
1 22 11 44 44 33 14 44 11
1 22 11 11 11 32 44 24 14
1 22 11 41 41 33 44 24 14
1 23 14 44 41 33 11 22 14
1 23 14 44 11 22 14 22 11
1 22 14 44 11 32 14 22 11
1 22 11 44 11 32 14 24 14
1 22 44 44 41 22 14 22 44
1 22 11 41 41 22 11 24 11
1 22 11 44 41 32 14 22 11
1 22 14 44 41 22 14 22 11
1 22 11 44 11 32 11 22 14
1 22 14 44 41 33 14 44 11
1 22 11 44 41 22 11 22 11
1 22 11 41 11 22 11 24 11
1 22 11 44 41 22 11 24 44
1 22 11 41 11 33 11 22 14
1 22 11 44 11 33 14 22 14
1 22 11 41 41 32 11 24 11
1 22 14 44 41 32 11 22 11
1 23 11 44 44 32 14 44 14
1 22 14 44 11 32 11 24 14
1 23 11 41 44 32 11 24 14
1 22 11 44 41 33 11 24 14
1 22 11 44 41 32 11 22 14
1 22 11 44 11 32 11 24 14
1 22 11 41 41 32 11 24 14
1 22 11 44 11 33 11 22 11
1 22 11 41 44 32 14 22 11
1 22 14 44 11 32 14 24 11
1 22 14 44 41 32 11 22 44
1 22 11 44 44 32 44 24 11
1 22 11 41 11 22 14 22 44
1 22 11 44 11 32 14 24 11
1 22 14 44 41 32 14 22 14
1 23 44 44 44 32 11 24 11
1 33 14 44 41 32 11 44 14
1 22 14 44 41 33 11 22 14
1 22 11 44 11 32 14 22 11
1 22 11 44 44 33 14 24 14
1 22 14 44 44 22 11 24 11
1 23 11 44 44 32 14 22 14
1 22 11 44 41 32 44 24 11
1 22 14 41 41 32 14 44 44
1 22 11 44 44 22 11 24 14
1 23 44 44 44 32 14 24 44
1 22 14 44 44 22 14 24 44
1 23 11 44 11 32 44 24 44
1 22 11 44 41 32 44 24 14
1 22 11 44 44 32 44 24 14
1 22 14 44 41 33 14 22 11
1 22 11 41 44 32 14 24 11
1 23 14 41 41 22 11 24 14
1 22 11 41 41 33 14 22 11
1 22 14 44 44 33 14 24 11
1 22 11 41 44 33 11 22 44
1 22 14 44 41 33 11 22 11
1 23 11 44 44 32 11 22 14
1 22 11 44 41 32 11 24 14
1 22 11 41 44 33 14 22 11
1 22 11 44 41 32 14 22 11
1 22 14 44 41 33 14 22 14
1 22 11 41 41 32 11 22 44
1 22 14 44 41 32 11 24 11
1 22 11 44 41 33 11 24 11
1 22 11 44 41 32 11 22 14
1 22 11 44 11 33 14 24 11
1 22 14 44 44 32 14 22 11
1 22 11 44 41 33 14 24 14
1 22 14 44 41 33 14 24 14
1 22 11 41 44 32 11 22 14
1 22 11 44 11 33 14 24 14
1 22 11 41 41 33 11 22 14
1 22 44 44 11 32 14 22 11
1 22 11 44 44 33 14 22 11
1 22 14 44 41 32 11 22 11
1 22 14 41 41 33 14 22 14
1 22 11 41 44 32 44 44 11
1 23 11 44 11 32 11 22 11
1 22 11 44 41 22 44 24 11
1 22 11 41 11 33 11 24 11
1 23 11 11 41 32 44 24 11
1 22 14 44 41 32 44 22 14
1 22 11 44 44 32 11 24 44
1 23 11 44 41 32 14 44 14
1 22 11 41 44 32 11 22 11
1 22 11 11 44 22 11 44 11
1 23 11 44 44 32 11 24 11
1 22 14 44 41 32 11 22 14
1 23 11 44 41 33 14 22 14
1 22 11 44 41 33 14 24 44
1 23 11 41 41 32 11 24 11
1 22 11 44 11 22 14 22 11
1 22 14 44 41 22 14 44 14
1 22 14 44 41 32 11 24 14
1 22 11 44 44 33 11 22 11
1 22 11 44 41 32 14 22 11
1 22 11 44 44 32 11 22 11
1 23 11 44 11 22 11 22 11
1 23 14 44 44 32 11 22 11
1 22 11 44 44 32 14 24 11
1 22 11 44 11 33 11 24 11
1 22 14 44 41 32 11 22 14
1 22 11 44 41 22 14 24 14
1 22 14 44 44 33 11 22 44
1 22 44 44 41 32 44 24 14
1 22 11 44 11 33 11 24 14
1 22 11 44 44 33 44 44 11
1 22 11 44 11 32 14 24 14
1 22 11 44 41 33 14 24 44
1 22 11 41 41 22 11 24 14
1 23 11 41 41 32 14 24 11
1 22 11 44 41 22 11 22 14
1 22 11 44 44 22 14 44 14
1 23 11 44 41 22 14 22 11
1 23 11 44 11 32 14 22 14
1 22 44 44 41 32 11 22 11
1 22 11 44 41 33 11 22 44
1 23 11 44 41 32 11 22 14
1 22 11 41 44 22 11 22 14
1 23 14 44 41 32 11 22 44
1 22 11 44 41 32 14 44 14
1 22 11 41 41 32 44 24 11
1 23 14 44 11 32 44 24 11
1 22 11 41 41 32 14 24 14
1 23 11 44 41 32 14 24 11
1 22 11 41 44 32 11 24 14
1 22 14 44 44 32 11 22 14
1 23 14 41 41 22 44 24 14
1 22 11 44 44 32 11 24 14
1 23 14 44 44 33 11 24 14
1 22 11 44 44 33 11 22 11
1 22 11 44 41 33 14 44 14
1 22 11 41 44 32 11 22 11
1 22 11 44 41 32 14 22 11
1 22 11 41 44 32 44 22 11
1 22 11 41 44 33 11 24 14
1 22 14 44 11 32 11 22 11
1 33 11 41 44 33 11 22 14
1 22 11 44 41 33 14 24 11
1 22 11 44 41 33 11 24 44
1 22 14 44 11 32 14 24 14
1 22 11 44 11 32 14 24 11
1 22 11 41 41 32 14 24 14
1 23 14 41 41 32 11 24 14
1 22 11 41 11 22 14 24 14
1 22 14 44 41 33 14 22 11
1 22 11 44 11 32 11 24 11
1 22 11 41 41 33 11 44 44
1 22 14 44 11 32 14 24 11
1 23 11 41 41 32 11 24 11
1 22 11 44 41 33 11 24 14
1 22 11 41 41 22 11 24 44
1 22 11 41 11 33 14 24 14
1 23 11 44 41 32 14 24 11
1 22 14 41 11 33 14 22 11
1 22 11 41 41 32 44 22 14
1 22 11 11 44 32 11 44 11
1 22 11 44 44 32 11 22 14
1 22 11 44 41 32 11 24 14
1 22 14 44 11 32 11 24 14
1 22 11 44 44 33 14 24 11
1 22 14 41 11 32 14 24 11
1 22 14 44 41 32 11 22 11
1 23 11 44 41 32 11 24 11
1 22 14 44 41 33 14 24 11
1 33 11 41 44 32 11 22 11
1 22 14 44 11 32 44 22 44
1 22 11 41 11 32 11 24 11
1 22 11 44 44 22 11 24 14
1 22 11 44 44 32 11 24 44
1 22 14 41 44 22 11 24 11
1 23 11 41 44 22 14 22 11
1 22 11 44 41 32 44 22 14
1 23 11 41 41 33 14 24 14
1 22 11 41 11 22 14 22 14
1 22 11 44 41 33 14 22 14
1 22 14 44 11 32 14 22 14
1 22 11 44 41 33 14 24 11
1 22 11 41 41 33 14 22 14
1 23 11 44 44 32 11 22 14
1 23 11 44 44 32 11 24 11
1 22 14 44 11 33 11 22 11
1 22 11 44 44 32 11 44 14
1 22 11 44 44 32 11 24 44
1 23 14 44 41 22 11 22 11
1 23 14 44 11 22 11 24 44
1 22 11 41 41 32 11 22 14
1 22 11 44 41 32 11 22 11
1 22 14 44 11 32 14 24 44
1 22 11 44 11 33 14 24 44
1 22 11 44 41 33 14 24 14
1 22 11 44 44 32 14 24 14
1 22 11 44 44 22 44 44 14
1 22 14 44 41 33 11 22 44
1 22 11 44 44 32 11 44 11
1 23 44 41 41 32 11 44 14
1 22 11 44 41 32 11 22 14
1 23 14 44 44 32 11 24 11
1 23 14 44 44 33 14 44 11
1 22 11 44 11 32 14 22 11
1 22 11 44 41 32 11 24 11
1 22 11 44 41 32 14 44 11
1 23 11 41 41 22 11 22 14
1 23 11 41 11 33 11 24 14
1 22 11 41 41 33 14 22 44
1 22 14 44 44 22 14 24 14
1 22 11 41 11 22 11 24 14
1 22 11 44 41 33 14 24 14
1 22 14 44 11 33 14 24 11
1 22 11 44 41 32 14 22 14
1 22 11 41 11 33 11 22 14
1 22 11 44 41 32 11 44 14
1 22 11 41 41 32 11 22 44
1 23 11 44 44 22 11 22 14
1 22 11 44 44 33 14 22 11
1 22 14 44 41 22 14 22 11
1 22 11 44 44 32 14 22 44
1 22 11 44 44 33 11 24 14
1 22 11 44 44 22 14 24 14
1 22 11 44 11 32 14 22 11
1 22 14 44 44 32 14 22 11
1 22 11 44 44 32 11 22 14
1 22 11 44 11 33 11 24 44
1 23 11 41 41 33 14 22 14
1 22 14 44 41 33 14 22 11
1 22 11 44 11 33 11 22 11
1 23 14 44 41 33 11 22 14
1 22 11 44 41 32 11 22 14
1 22 11 44 11 32 11 22 11
1 22 14 44 11 32 11 22 44
1 22 11 41 41 32 11 22 11
1 22 11 44 41 22 11 24 11
1 22 44 44 44 33 11 24 11
1 22 11 44 44 32 11 22 14
1 22 11 41 41 33 11 24 11
1 23 44 44 41 32 14 24 14
1 22 11 44 41 32 11 22 11
1 23 11 44 11 22 14 24 14
1 23 11 44 41 22 11 24 14
1 22 11 44 11 32 11 22 44
1 22 11 44 11 32 11 24 14
1 22 11 41 11 32 11 24 14
1 22 11 44 41 32 11 22 11
1 22 11 44 44 33 11 22 14
1 22 11 41 44 22 14 24 11
1 22 11 41 11 32 11 22 14
1 33 11 41 11 32 44 24 14
1 22 14 44 44 33 11 22 14
1 23 11 41 44 32 14 24 11
1 22 11 41 11 32 14 24 14
1 22 11 44 41 32 11 22 14
1 22 11 41 41 32 14 44 11
1 22 11 41 11 32 11 22 11
1 22 44 44 41 33 11 22 11
1 23 11 11 41 32 11 24 11
1 22 11 44 44 32 14 22 14
1 22 11 11 11 32 14 22 14
1 22 14 44 11 22 14 22 11
1 22 11 41 41 33 14 24 14
1 22 14 41 11 33 14 22 11
1 22 11 41 11 33 14 22 11
1 22 14 44 41 33 44 22 11
1 22 11 41 41 33 11 24 14
1 22 14 44 41 33 14 24 14
1 22 14 44 41 32 11 22 14
1 22 11 11 11 22 14 24 14
1 22 44 41 41 22 11 22 11
1 22 11 44 41 32 14 24 11
1 23 11 41 11 32 11 22 14
1 22 11 44 41 33 14 24 14
1 22 14 44 11 33 14 22 44
1 22 11 41 11 22 11 24 11
1 22 14 44 41 32 11 22 14
1 22 14 41 11 32 14 44 11
1 22 11 44 41 33 14 22 44
1 22 11 44 44 22 14 24 11
1 22 11 44 41 33 44 24 14
1 22 11 41 41 32 14 24 14
1 22 11 44 41 22 14 44 14
1 22 14 44 41 22 14 24 44
1 22 14 41 41 32 11 22 11
1 22 11 44 41 32 11 24 11
1 22 14 44 11 33 11 22 11
1 23 11 44 41 32 14 22 11
1 23 11 41 11 22 11 24 11
1 22 14 44 11 22 11 24 11
1 22 14 44 41 33 11 44 14
1 22 11 41 41 32 11 22 11
1 22 11 44 11 32 11 24 14
1 22 11 44 44 22 14 24 11
1 23 11 41 41 33 11 24 11
1 22 14 44 41 32 14 44 11
1 22 11 44 41 32 14 22 11
1 22 14 41 41 32 14 24 14
1 22 11 44 41 32 11 22 14
1 22 11 44 11 32 14 24 11
1 23 14 41 44 32 14 22 14
1 22 11 44 44 33 14 24 44
1 22 14 44 41 33 44 24 44
1 22 14 44 44 33 11 22 11
1 22 11 41 44 32 14 22 14
1 23 11 44 44 33 11 22 11
1 23 11 44 41 33 11 24 11
1 22 11 44 11 32 11 22 14
1 22 11 41 44 32 11 44 14
1 23 14 44 41 32 11 24 14
1 22 11 44 41 32 11 24 14
1 22 14 41 41 33 44 24 14
1 22 11 41 44 22 11 44 11
1 22 14 44 44 32 14 24 14
1 22 11 44 41 33 11 24 11
1 22 11 44 41 33 11 22 14
1 22 11 44 41 32 14 24 14
1 22 11 44 41 22 11 24 14
1 22 11 41 44 33 14 22 11
1 23 11 44 11 33 14 22 11
1 23 14 44 44 33 14 22 11
1 22 11 44 41 33 11 24 14
1 22 11 44 41 32 14 24 44
1 22 11 41 44 22 11 22 11
1 22 11 44 41 22 11 22 14
1 22 11 44 41 32 11 24 11
1 22 14 44 41 22 14 22 14
1 22 14 41 41 22 14 24 44
1 22 11 41 11 32 44 22 14
1 22 11 44 41 33 14 22 11
1 23 14 44 41 32 14 44 44
1 23 11 41 41 33 44 22 11
1 22 11 44 41 22 11 22 11
1 23 11 41 41 32 11 44 14
1 22 11 44 41 32 14 24 14
1 22 11 44 11 32 11 44 11
1 22 14 44 41 32 14 22 11
1 22 44 41 44 32 44 24 14
1 23 11 44 11 32 11 22 14
1 22 11 44 11 22 14 22 44
1 22 14 11 41 33 44 22 14
1 33 14 44 41 32 11 24 14
1 22 11 44 44 33 11 24 11
1 22 14 44 41 32 14 24 14
1 22 14 44 44 22 11 22 11
1 23 14 44 44 22 14 22 11
1 22 14 41 11 32 11 22 14
1 22 44 44 41 33 14 22 11
1 22 11 44 11 32 14 22 11
1 22 11 44 44 32 44 24 11
1 22 14 44 41 33 11 24 11
1 22 14 41 41 33 14 24 14
1 23 11 41 11 32 14 22 14
1 22 11 44 44 32 14 24 14
1 22 14 11 41 33 14 22 11
1 22 11 44 41 32 44 24 14
1 22 11 44 41 32 11 24 11
1 22 14 44 41 33 44 24 14
1 22 11 44 44 33 11 24 11
1 22 14 44 41 32 14 24 14
1 22 44 41 41 33 44 24 11
1 22 11 44 41 32 11 22 11
1 22 11 44 11 33 44 22 11
1 22 14 44 41 32 11 44 11
1 22 11 44 11 32 14 44 14
1 33 11 44 44 32 14 44 11
1 22 11 44 41 32 14 22 11
1 22 11 44 41 33 14 24 11
1 22 11 44 44 33 14 22 11
1 23 14 44 11 33 11 24 11
1 22 11 44 44 33 11 22 11
1 22 14 44 44 22 11 24 14
1 22 11 44 44 33 44 22 14
1 22 14 44 41 22 14 24 14
1 22 11 44 11 33 11 24 11
1 22 11 41 44 32 14 44 44
1 22 11 41 41 33 11 22 14
1 22 11 44 44 33 11 22 11
1 22 14 44 41 32 11 22 11
1 22 11 41 44 22 14 22 11
1 22 14 44 44 32 11 24 14
1 22 11 44 11 33 14 24 14
1 22 14 44 41 32 11 24 11
1 23 14 44 44 32 14 22 14
1 22 11 44 44 22 11 24 11
1 22 11 44 41 22 14 22 14
1 22 14 41 41 33 44 24 11
1 23 11 41 41 32 11 24 11
1 23 14 44 44 22 11 22 14
1 22 14 41 41 33 11 22 11
1 23 11 44 11 32 44 24 11
1 22 14 44 44 32 11 22 11
1 22 14 44 41 22 11 24 11
1 22 11 44 41 32 44 44 11
1 22 14 44 41 22 14 22 44
1 22 11 44 11 32 14 24 14
1 23 44 44 11 32 14 22 11
1 22 14 44 11 22 11 24 11
1 22 14 44 41 22 14 24 11
1 22 11 44 44 32 11 24 14
1 22 11 41 41 22 14 24 11
1 22 11 44 41 32 11 22 14
1 22 11 44 44 22 11 22 14
1 22 11 44 44 32 11 22 14
1 22 11 41 41 33 11 24 14
1 22 14 44 41 32 14 22 14
1 23 11 44 11 32 11 24 11
1 23 11 44 11 22 14 24 14
1 22 11 44 41 32 14 24 14
1 22 14 44 41 33 11 22 14
1 22 11 44 44 33 14 22 14
1 22 11 41 41 32 11 22 11
1 22 11 44 44 22 14 44 11
1 22 14 44 41 32 11 24 14
1 22 11 44 11 33 11 24 11
1 22 11 41 41 32 11 22 14
1 22 44 41 41 33 11 24 44
1 22 14 41 11 32 14 24 14
1 22 14 11 41 22 14 24 11
1 23 11 44 41 32 14 22 11
1 22 11 44 44 32 14 22 11
1 22 11 44 11 32 11 44 11
1 22 44 44 11 32 14 44 14
1 23 14 41 41 32 14 24 14
1 22 11 44 44 32 14 22 14
