 rs7290 rs3766180 rs3766178 rs7533 rs7517401 rs3128342 rs7531530 rs3820075 rs3766170 rs3766169 rs2296716 rs9439468 rs6603793 rs7519837 rs6687029 rs6604983 rs4648786
0 11 11 14 23 44 42 33 22 14 22 41 11 33 33 44 22 14
0 11 14 11 33 41 22 33 23 14 22 11 14 22 22 44 23 14
0 14 14 11 22 44 44 33 22 11 22 41 14 33 32 22 22 11
0 11 11 44 23 44 42 32 22 11 22 44 11 22 33 24 23 11
0 11 11 11 22 44 44 32 23 11 24 11 11 32 33 24 22 11
0 11 11 11 23 44 42 33 33 11 22 41 14 32 33 22 22 11
0 11 11 14 23 44 42 33 23 14 22 44 14 32 32 44 22 11
0 11 11 14 23 41 42 32 22 14 22 11 14 32 32 22 23 14
0 44 11 44 33 41 22 32 33 14 44 41 14 32 33 44 33 44
0 11 11 14 22 44 44 33 23 14 22 44 11 32 33 24 22 11
0 11 11 14 23 44 44 33 22 11 22 41 11 32 33 24 23 14
0 11 11 11 33 44 42 32 33 11 22 44 14 22 33 24 22 14
0 11 11 11 23 44 44 33 22 11 22 41 11 22 33 24 22 14
0 14 11 11 33 41 42 33 23 14 24 44 11 22 33 24 22 11
0 14 14 11 33 44 42 32 23 14 24 44 11 32 32 24 22 14
0 14 11 14 23 44 44 32 23 11 22 41 14 32 33 44 22 11
0 11 14 44 23 44 42 33 22 11 22 41 11 22 33 24 22 11
0 14 11 14 23 44 42 32 22 14 22 41 11 32 33 24 23 14
0 14 14 14 23 41 22 32 23 14 24 41 14 32 33 24 22 14
0 11 11 11 22 44 44 33 22 11 22 44 11 33 33 22 22 11
0 11 11 11 23 41 22 33 23 11 22 44 11 33 32 24 22 11
0 11 11 11 33 44 44 33 23 14 22 44 11 22 32 22 22 11
0 11 11 11 22 44 42 32 22 11 22 44 11 33 33 24 22 11
0 14 11 14 33 41 22 33 22 11 22 44 11 22 32 24 22 11
0 11 11 11 23 44 42 33 23 14 22 44 14 32 32 24 22 11
0 11 11 11 23 44 44 33 22 11 22 44 44 32 33 44 22 11
0 11 11 11 22 44 44 33 22 11 22 41 11 33 33 22 22 11
0 11 11 14 33 44 22 32 22 14 22 41 44 22 32 24 23 44
0 44 11 11 23 44 42 32 22 14 22 41 11 32 32 22 23 14
0 11 11 11 23 44 44 33 23 11 22 41 11 33 33 24 22 14
0 14 14 11 33 44 22 22 33 14 24 41 14 32 32 24 23 14
0 14 11 14 23 41 22 32 22 11 22 41 14 22 33 24 22 14
0 14 14 14 33 44 42 33 22 14 22 44 11 32 32 22 22 14
0 11 14 11 23 41 42 33 22 44 24 11 11 22 33 24 22 11
0 11 11 11 23 44 44 33 22 11 22 44 11 32 33 22 22 11
0 11 11 11 22 44 22 33 22 11 22 44 11 32 33 24 22 11
0 11 11 11 22 44 44 33 22 11 22 44 11 33 33 22 22 14
0 11 14 11 23 44 44 33 22 11 22 41 11 33 33 44 22 14
0 11 11 11 22 44 22 33 22 11 22 44 11 32 33 24 22 14
0 11 11 44 33 44 42 33 22 44 44 41 14 33 33 44 23 14
0 11 14 14 23 44 42 33 22 14 22 11 14 22 22 24 33 14
0 11 11 11 23 44 42 33 22 11 24 41 11 32 33 24 22 14
0 11 11 11 23 44 44 33 23 11 24 44 11 32 33 24 22 14
0 11 11 11 22 44 44 33 22 14 22 41 11 32 32 22 22 11
0 11 11 11 23 44 44 33 22 14 22 41 11 22 33 22 22 11
0 11 11 11 23 44 42 33 23 14 22 44 11 32 33 44 22 14
0 14 11 11 33 44 44 33 33 11 22 41 14 32 33 24 23 14
0 11 11 11 22 44 44 33 22 11 22 44 11 32 33 22 22 14
0 11 11 11 23 44 44 33 22 14 22 41 11 32 33 24 22 11
0 11 11 11 23 44 44 32 23 11 22 41 11 33 33 22 23 11
0 11 11 14 22 44 44 33 22 11 22 44 11 32 32 24 22 14
0 11 11 11 22 44 44 33 22 11 22 44 11 33 33 22 22 14
0 11 14 14 23 41 44 33 23 14 22 41 11 32 22 22 23 14
0 11 14 11 23 44 44 32 22 14 22 44 11 33 33 24 22 11
0 11 11 11 23 44 44 32 22 11 44 44 11 32 33 22 22 14
0 14 11 11 23 44 42 33 23 11 22 41 11 32 32 24 22 11
0 11 11 11 23 44 44 33 22 11 22 41 11 32 33 24 22 14
0 44 11 14 33 44 22 32 22 44 44 41 14 22 32 24 23 44
0 11 14 11 23 44 44 33 23 11 24 41 11 32 32 24 22 11
0 44 14 14 23 41 22 33 23 14 24 41 14 32 32 24 23 11
0 11 11 11 23 41 42 32 23 11 22 44 11 32 33 44 23 14
0 11 11 11 22 44 44 33 22 11 24 44 11 33 33 22 22 11
0 11 11 11 22 44 44 33 22 14 22 41 11 33 33 22 22 11
0 11 44 44 33 44 42 33 23 14 24 41 11 22 32 24 23 14
0 11 11 11 23 44 42 33 22 14 22 44 11 32 33 24 22 11
0 14 14 11 23 44 42 33 23 14 24 41 14 32 32 24 23 14
0 11 11 11 22 44 44 33 22 11 22 44 11 33 33 22 22 11
0 14 14 11 23 44 42 33 22 11 22 41 11 33 33 22 23 14
0 11 11 14 23 44 42 33 22 11 24 11 11 32 33 24 22 14
0 11 11 11 22 44 42 33 22 11 22 44 11 22 33 24 22 11
0 44 11 11 23 11 42 22 22 11 22 41 11 32 32 24 23 11
0 11 11 11 22 44 22 33 22 11 22 44 11 33 32 22 22 11
0 11 11 11 23 44 44 33 22 11 22 44 11 32 33 22 22 14
0 14 11 14 33 44 42 32 22 14 24 41 11 33 32 22 22 14
0 11 11 14 23 44 42 33 22 14 24 41 11 32 32 24 22 11
0 11 11 11 22 44 22 33 23 11 22 41 11 32 33 24 22 44
0 11 11 11 22 44 44 33 22 11 22 44 11 33 33 22 22 11
0 11 11 11 22 44 44 33 22 11 22 41 11 33 33 22 22 14
0 11 11 11 22 44 42 33 22 11 24 44 11 33 33 24 22 11
0 11 11 14 23 44 42 33 23 11 22 11 11 22 32 44 23 14
0 14 11 11 23 41 42 33 22 14 24 41 14 32 32 24 22 14
0 11 11 14 23 44 44 33 23 14 24 44 11 33 33 22 22 14
0 14 14 14 23 44 22 32 22 11 22 44 11 22 32 24 23 44
0 11 11 11 22 44 44 33 22 11 22 44 11 33 33 24 22 11
0 14 14 14 33 41 42 32 23 14 24 11 44 22 32 44 23 44
0 14 11 11 22 44 44 33 23 14 24 41 14 22 32 44 22 14
0 11 14 14 33 11 22 33 22 44 24 44 14 22 22 44 33 44
0 14 14 14 23 41 22 22 22 14 22 41 14 22 32 44 23 14
0 14 44 11 23 41 42 33 23 14 24 41 14 22 33 24 23 44
0 11 11 11 22 44 44 33 22 11 22 41 11 33 33 22 22 11
0 11 11 11 33 41 44 33 22 11 24 41 14 22 32 22 23 14
0 14 14 14 33 41 42 33 22 14 22 41 11 33 33 22 22 14
0 11 11 44 33 41 42 32 23 44 24 41 14 32 32 24 23 14
0 11 11 11 23 44 44 32 22 11 24 41 14 32 33 24 22 14
0 14 14 11 23 44 42 32 23 14 24 41 11 32 33 24 23 11
0 11 11 11 22 44 44 33 22 11 22 44 14 33 33 22 23 14
0 11 11 14 33 41 42 32 23 11 24 41 11 32 33 24 22 11
0 11 11 11 23 44 44 33 23 11 22 44 11 33 33 22 23 11
0 11 11 11 22 44 44 33 22 11 24 44 11 33 33 22 22 14
0 44 11 14 33 44 42 33 23 14 24 11 11 22 33 24 23 44
0 11 11 11 22 44 42 33 22 11 22 44 11 33 33 22 22 11
0 11 11 11 23 44 44 33 23 11 22 44 11 32 33 22 22 11
0 11 11 11 22 44 42 32 22 11 24 44 11 32 33 22 23 11
0 11 11 14 23 44 42 33 22 11 22 44 11 22 33 24 23 11
0 11 11 11 23 44 44 33 22 11 22 41 14 33 33 22 22 14
0 11 11 11 23 44 42 32 22 11 22 44 11 32 33 24 22 14
0 14 11 11 23 44 42 33 22 11 22 41 11 22 33 22 23 11
0 14 11 14 22 44 42 32 33 14 24 11 11 33 22 24 22 44
0 11 11 11 33 41 42 33 23 14 22 41 11 32 33 24 22 11
0 11 14 11 23 44 22 33 23 11 44 11 11 32 32 24 23 14
0 14 11 14 23 41 42 32 23 14 24 41 14 32 32 24 22 14
0 11 11 11 22 44 44 33 22 11 22 41 11 32 33 22 22 11
0 11 14 14 23 44 42 33 22 44 24 44 11 32 32 22 22 14
0 11 14 11 23 41 42 33 22 14 22 41 11 32 32 24 22 11
0 11 14 14 23 44 42 32 23 14 24 41 14 32 32 24 23 44
0 11 11 14 22 41 42 33 23 11 24 41 11 32 33 22 22 11
0 11 11 14 23 44 42 33 22 11 22 41 11 32 33 24 23 14
0 14 11 14 33 44 42 32 22 11 22 44 14 32 32 24 22 14
0 11 11 11 23 44 44 33 23 11 22 44 11 33 33 44 23 11
0 11 11 11 23 44 42 33 22 11 22 44 11 32 33 24 22 11
0 11 11 11 22 44 44 33 22 11 22 44 11 33 33 22 22 11
0 11 11 11 23 44 42 32 22 14 22 41 11 33 33 22 22 11
0 44 11 14 33 44 42 32 23 11 22 41 14 32 32 22 22 44
0 11 11 11 23 44 44 32 23 11 22 41 11 22 33 24 22 14
0 14 11 11 22 44 44 33 22 11 22 44 11 33 32 22 22 11
0 14 14 11 22 44 42 32 23 14 22 44 14 32 32 24 23 11
0 11 11 11 33 11 42 33 23 11 22 41 14 22 32 44 22 44
0 11 11 11 22 44 42 33 22 14 22 41 11 32 32 22 22 44
0 11 11 14 23 44 42 33 22 14 24 44 11 32 32 22 23 14
0 11 14 14 23 44 22 32 23 44 24 41 11 32 22 24 22 44
0 14 11 14 23 44 42 32 23 11 22 41 14 32 33 24 22 14
0 11 11 11 23 44 42 33 22 14 22 44 11 32 33 24 22 14
0 14 11 14 22 44 44 33 23 14 22 41 11 32 33 24 22 14
0 11 11 11 22 44 44 33 22 11 22 44 11 33 33 22 22 11
0 14 11 44 33 44 22 32 23 44 22 41 11 22 32 24 23 14
0 11 11 11 22 44 44 33 22 11 22 44 11 33 33 22 22 11
0 11 11 11 23 44 44 33 22 11 22 44 11 33 32 22 22 11
0 11 14 14 33 44 42 32 22 14 24 11 14 22 32 44 22 14
0 11 11 14 23 44 42 33 22 11 22 41 14 32 33 24 23 14
0 11 11 11 33 44 42 33 22 14 22 41 11 33 33 22 23 11
0 14 44 44 33 44 42 22 22 14 44 11 14 32 32 44 33 14
0 11 11 11 23 44 42 33 33 11 22 44 11 32 32 22 23 14
0 11 11 11 22 44 44 33 22 11 22 44 11 33 33 22 22 14
0 11 11 11 23 44 42 33 22 11 22 41 11 33 33 22 22 11
0 14 11 11 22 44 44 33 22 11 22 41 11 33 33 22 22 11
0 11 11 11 23 44 42 33 22 11 24 44 11 32 33 24 22 14
0 11 14 11 23 44 22 33 22 14 24 41 11 33 33 22 22 11
0 11 11 11 23 44 44 33 22 11 22 44 11 32 33 22 22 11
0 11 11 14 23 44 42 33 22 11 24 44 11 32 32 24 22 44
0 11 11 11 33 44 44 33 22 11 22 44 11 33 33 44 22 11
0 11 11 11 22 41 42 33 22 11 22 44 11 33 33 22 22 44
0 11 11 11 23 44 44 33 23 14 24 44 11 32 32 24 22 11
0 11 11 11 33 44 44 33 22 14 22 44 11 33 33 22 22 11
0 11 11 11 23 44 44 33 22 11 22 44 11 33 33 22 22 11
0 14 11 14 22 44 22 32 22 14 22 44 11 32 33 24 22 14
0 14 11 11 33 41 42 32 23 14 24 41 14 22 22 22 23 14
0 11 11 14 23 44 42 33 22 11 22 41 11 32 32 22 23 44
0 11 14 14 23 41 42 32 23 14 44 41 11 32 32 24 22 14
0 11 11 11 23 41 42 32 22 14 44 11 11 22 32 24 22 14
0 11 11 14 22 44 44 33 22 11 22 44 11 33 33 22 22 11
0 11 14 14 23 44 42 33 23 11 24 44 14 32 33 24 22 14
0 14 11 14 23 41 42 32 33 14 24 41 44 22 32 24 22 44
0 11 14 14 23 41 42 32 22 14 22 11 14 22 32 44 23 11
0 11 14 14 23 44 44 32 22 11 22 41 11 33 33 24 22 11
0 14 11 44 23 11 22 33 22 14 24 41 14 22 33 44 23 44
0 44 14 44 23 41 42 32 23 14 24 11 14 22 22 24 23 44
0 14 11 11 33 44 42 33 22 11 22 11 11 33 33 24 22 11
0 11 11 11 22 44 44 33 22 11 22 44 11 33 33 22 22 11
0 14 11 11 22 44 44 33 22 11 24 41 11 32 32 44 22 14
0 11 11 11 22 41 42 33 22 11 22 11 11 33 33 24 22 11
0 14 14 11 23 41 42 32 22 14 24 41 14 32 32 24 23 11
0 11 11 11 23 44 22 32 22 14 22 44 14 33 33 24 22 14
0 11 11 14 22 44 44 33 22 11 22 41 11 33 33 22 22 14
0 14 14 14 23 44 42 32 23 14 24 41 14 22 32 24 22 14
0 14 11 11 33 44 42 33 23 11 22 44 11 22 32 22 23 14
0 11 11 11 22 44 44 33 22 14 22 44 11 33 33 24 22 14
0 11 14 14 22 41 42 32 22 44 44 41 11 32 32 44 23 44
0 11 11 11 23 41 42 33 22 11 22 41 11 32 33 24 22 14
0 11 11 11 23 44 42 33 23 11 22 44 11 22 33 24 22 11
0 11 11 11 23 44 44 33 22 11 22 44 11 32 33 22 22 11
0 11 11 11 23 44 44 33 22 11 22 44 11 33 33 22 22 14
0 11 11 11 22 44 42 32 22 11 22 41 11 32 33 22 22 11
0 11 11 11 33 44 44 33 22 14 22 41 11 32 33 22 22 14
0 11 11 11 22 44 44 33 22 11 22 44 11 32 33 22 22 11
0 11 14 14 23 44 22 32 22 14 44 41 14 32 33 24 33 44
0 11 14 11 23 44 44 33 22 11 22 41 11 32 33 22 22 11
0 11 11 11 22 44 44 33 22 11 24 44 11 33 33 24 22 11
0 14 14 14 22 41 42 32 23 14 22 44 14 32 32 24 22 14
0 11 11 11 23 44 44 33 22 14 24 41 11 32 32 24 22 14
0 14 11 14 22 44 42 33 22 11 44 41 11 22 33 24 22 14
0 11 11 11 23 44 42 33 22 11 22 44 11 32 33 22 22 14
0 14 11 11 23 44 42 33 22 14 22 44 14 32 32 24 22 44
0 11 14 14 33 44 22 33 22 11 22 41 11 32 33 24 22 14
0 14 14 44 33 41 22 22 23 14 22 41 11 22 22 44 23 14
0 11 11 11 33 44 42 33 22 11 22 41 11 22 33 22 23 11
0 11 11 11 22 44 44 33 22 11 22 41 14 32 32 22 22 14
0 11 11 11 23 44 42 33 23 14 24 41 11 22 33 44 22 14
0 14 14 44 23 41 22 32 23 14 44 41 14 22 32 24 23 44
0 11 14 11 23 44 44 32 23 11 22 44 11 33 32 22 22 11
0 11 11 11 23 44 42 33 22 11 22 44 11 32 33 22 22 11
0 11 11 11 23 44 44 33 22 11 22 44 11 33 33 22 22 14
0 11 11 11 22 44 44 33 22 14 22 44 11 32 33 22 22 11
0 11 11 11 23 44 42 32 23 14 22 41 11 22 33 22 22 11
0 14 11 11 23 44 42 33 23 11 22 44 11 32 33 22 22 11
0 14 14 14 23 44 44 33 22 14 22 41 11 32 33 22 23 11
0 11 11 14 33 44 42 33 22 11 22 41 11 32 33 24 22 14
0 14 11 44 33 44 42 33 22 14 22 44 11 32 33 24 23 11
0 11 11 11 22 44 44 33 22 11 22 44 11 33 33 22 22 11
0 11 11 14 23 44 44 33 22 11 22 44 11 32 33 22 23 11
0 11 11 11 23 41 44 33 22 14 24 44 11 33 33 24 22 14
0 11 11 11 23 44 22 32 33 14 24 41 14 22 32 24 22 11
0 14 14 11 33 44 42 33 22 14 44 11 14 32 32 24 33 14
0 11 11 14 23 44 44 33 22 11 22 41 14 33 33 22 22 44
0 14 11 11 23 44 42 33 22 11 22 41 11 33 32 22 22 14
0 14 14 14 22 41 42 33 23 14 22 41 11 32 32 24 23 11
0 11 11 11 23 44 44 33 22 11 22 11 11 32 32 24 22 14
0 14 11 14 22 44 22 33 23 11 24 41 11 32 33 24 22 14
0 14 11 14 23 44 42 32 23 14 22 41 11 32 33 24 22 44
0 11 14 14 23 44 22 32 23 11 22 41 11 33 32 24 23 14
0 11 11 11 23 44 42 33 23 14 22 44 11 32 33 22 22 11
0 11 14 44 23 44 22 33 23 14 22 41 11 32 32 24 23 44
0 11 11 11 23 41 42 33 22 14 22 44 14 32 32 24 23 11
0 14 14 14 23 41 42 32 23 14 24 41 14 32 33 24 23 11
0 11 11 11 23 41 42 33 22 14 24 44 14 32 33 44 22 11
0 11 14 14 23 44 42 33 22 11 24 44 11 32 32 44 23 14
0 14 11 11 22 44 42 32 22 11 22 41 11 22 33 24 22 44
0 11 14 11 23 44 44 33 23 14 24 44 11 32 33 22 22 14
0 14 11 11 22 44 42 33 22 11 22 44 11 33 33 22 22 11
0 11 14 14 22 44 42 32 22 14 24 41 11 32 33 24 22 11
0 11 11 14 22 44 44 33 22 14 24 44 11 33 33 24 22 11
0 14 11 14 33 44 42 32 23 14 22 41 11 22 32 24 23 14
0 11 11 14 33 41 42 33 22 14 22 41 11 32 32 22 22 14
0 14 14 14 23 41 42 33 23 14 24 41 11 32 32 24 23 14
0 11 11 11 23 44 42 33 23 11 22 41 11 22 33 22 22 14
0 11 14 11 23 41 22 32 22 14 24 41 14 22 32 44 23 14
0 11 11 14 33 11 22 32 23 14 24 11 11 22 33 44 22 44
0 14 11 11 23 44 44 33 22 11 22 41 11 33 33 24 22 11
0 11 11 11 33 44 42 33 22 11 22 44 11 22 32 24 22 11
0 11 11 11 23 41 44 32 22 14 22 11 11 22 32 22 22 11
0 14 11 11 23 41 42 33 22 14 24 11 14 32 32 24 22 14
0 14 14 14 33 44 22 32 23 14 22 11 14 22 32 44 23 14
0 11 11 11 33 44 44 33 22 11 22 44 11 32 32 44 22 44
0 11 14 11 33 44 42 32 22 14 24 41 11 33 33 24 23 14
0 11 11 11 22 44 44 33 22 11 22 44 11 33 33 22 22 11
0 11 11 11 23 44 44 32 22 11 22 44 14 33 33 22 22 11
0 11 11 11 22 44 42 33 22 11 22 44 11 33 33 24 22 11
0 14 14 14 33 41 22 32 23 14 24 44 11 32 32 24 23 14
0 14 14 11 33 41 42 33 22 11 22 41 11 22 33 44 22 14
0 11 11 11 22 44 42 33 22 11 22 44 14 33 33 22 22 11
0 14 11 14 23 44 42 32 22 14 22 44 11 32 33 22 22 11
0 14 14 14 23 44 22 32 23 14 22 11 14 32 32 44 23 44
0 11 11 14 33 44 42 32 22 11 24 11 11 32 33 24 22 14
0 11 11 11 22 44 42 33 22 14 22 44 11 32 33 22 22 11
0 11 11 14 23 44 44 33 23 11 22 41 11 32 33 22 23 14
0 11 11 44 33 41 22 22 23 14 24 11 14 22 32 44 22 14
0 11 11 11 22 41 42 32 23 11 24 41 11 33 33 22 22 14
0 11 44 11 22 41 44 33 22 14 22 11 11 32 33 22 22 11
0 14 11 11 22 44 44 33 22 11 22 44 11 33 33 24 22 14
0 11 14 11 22 44 42 33 22 11 22 44 11 32 33 22 22 11
0 11 11 14 22 44 42 33 22 11 22 44 11 32 32 24 22 14
0 14 14 11 22 44 22 32 22 14 24 41 14 22 33 24 22 44
0 11 11 11 22 41 42 33 22 11 24 41 11 33 33 22 22 11
0 11 11 11 33 44 22 33 22 11 22 44 11 33 32 22 22 11
0 11 11 11 23 44 44 33 22 11 24 41 11 32 33 24 23 11
0 11 11 14 23 44 44 32 22 11 24 41 11 32 33 24 22 11
0 11 11 11 23 44 42 32 23 14 24 44 11 32 33 24 23 14
0 11 11 14 23 41 22 33 23 11 22 41 11 22 32 24 22 14
0 11 11 11 23 44 42 33 22 11 22 41 11 32 32 24 23 14
0 11 11 14 33 41 22 32 23 14 24 41 44 22 32 44 23 14
0 11 11 11 23 44 42 33 23 14 22 11 11 32 32 24 23 11
0 44 14 44 33 44 42 33 22 14 24 41 11 32 32 24 23 14
0 11 11 11 33 44 44 33 22 11 22 41 11 33 33 24 22 11
0 14 14 14 33 41 22 32 22 14 24 41 14 32 32 24 22 14
0 11 11 14 23 44 44 33 23 11 22 44 11 33 33 22 23 14
0 14 11 14 23 41 42 32 22 14 24 41 14 32 33 24 23 14
0 11 11 11 23 44 42 33 33 11 22 44 11 32 33 24 22 11
0 11 11 14 23 44 44 33 22 11 22 44 14 33 33 22 22 11
0 14 14 14 23 44 42 33 23 14 22 11 11 22 33 44 23 14
0 11 11 11 22 44 44 33 23 11 22 44 11 33 33 22 22 11
0 11 14 11 33 44 42 33 23 11 24 44 11 32 33 22 22 14
0 11 11 11 23 44 44 33 23 11 22 44 14 33 32 24 23 11
0 11 11 11 33 44 22 33 22 14 44 11 14 22 32 24 33 14
0 11 11 14 33 44 22 32 22 11 24 11 11 33 33 22 22 14
0 11 11 11 22 44 42 33 23 11 22 44 11 32 33 22 22 14
0 14 14 14 22 44 42 33 22 11 24 41 11 32 32 24 22 14
0 11 11 14 23 44 42 33 22 11 24 11 11 32 32 24 22 11
0 11 14 11 22 44 42 33 22 14 22 11 11 22 22 22 22 14
0 11 14 44 33 11 42 32 23 14 44 11 11 32 32 44 23 44
0 44 14 14 23 41 42 32 23 14 24 41 14 22 32 44 23 44
0 11 11 11 22 44 44 33 22 11 22 44 11 33 33 22 22 11
0 11 11 11 22 44 42 33 23 11 22 44 14 33 33 24 22 11
0 14 11 44 23 41 22 33 23 14 24 11 11 22 33 24 23 44
0 44 14 44 33 41 42 33 22 14 24 41 14 32 32 44 23 14
0 11 11 14 23 44 44 32 22 11 24 44 14 32 33 24 22 11
0 11 11 11 23 44 42 32 22 11 22 44 11 32 33 44 22 14
0 11 11 11 22 44 22 33 22 11 22 44 11 32 33 24 22 14
0 11 11 14 22 44 42 33 22 11 22 41 11 32 33 24 22 14
0 11 11 14 23 44 44 32 22 11 22 11 11 32 32 22 22 11
0 11 11 11 23 44 44 33 22 11 22 44 11 32 33 24 22 11
0 11 11 14 23 44 44 33 22 14 22 41 14 33 33 22 22 11
0 11 11 11 23 44 44 33 22 11 24 44 11 33 33 22 22 11
0 11 11 11 22 44 44 33 22 11 22 44 11 33 33 22 22 11
0 11 11 11 23 44 44 33 23 14 22 41 14 33 33 22 22 11
0 11 11 11 33 41 42 33 22 14 24 41 11 32 32 44 23 14
0 11 11 11 22 44 42 33 22 11 22 44 11 33 33 22 22 11
0 14 14 44 23 44 44 33 22 14 22 44 11 32 32 24 22 11
0 14 14 44 33 11 22 22 23 14 24 11 14 33 32 24 23 14
0 11 11 11 23 44 44 33 22 11 22 44 11 22 33 22 22 14
0 44 11 11 23 44 42 33 22 11 22 41 11 22 33 22 22 11
0 11 11 11 22 44 44 33 22 11 22 44 11 22 22 24 22 14
0 11 11 11 23 44 44 33 23 11 22 41 11 32 33 24 22 14
0 11 14 14 23 41 22 32 23 14 24 41 14 22 32 24 22 44
0 11 11 14 23 44 44 33 22 11 22 44 11 32 33 24 22 11
0 11 11 14 22 44 42 33 22 11 22 41 14 32 33 22 22 11
0 11 11 11 23 41 42 33 23 11 24 44 11 33 33 24 22 14
0 11 11 14 23 44 42 33 22 11 22 44 11 32 33 44 22 11
0 14 14 14 23 44 44 32 23 14 24 41 14 32 32 24 23 14
0 11 14 11 33 44 44 32 22 11 24 41 11 32 33 22 22 11
0 11 11 11 22 44 42 33 22 11 22 44 11 32 32 22 22 11
0 11 11 11 22 44 42 33 22 11 22 44 11 33 33 22 22 11
0 11 11 11 22 44 42 33 22 11 22 44 14 33 33 22 22 14
0 11 14 11 22 41 42 33 23 14 22 41 14 32 33 24 22 14
0 11 11 11 23 44 42 33 22 11 22 44 11 33 33 24 22 14
0 11 14 11 33 41 22 32 23 14 24 41 14 22 32 24 22 44
0 11 14 14 33 41 42 32 22 11 24 41 44 32 33 24 23 11
0 14 11 44 23 44 42 33 23 11 24 44 11 32 32 22 23 14
0 11 11 14 33 44 22 33 22 11 24 41 14 22 33 24 22 14
0 14 14 11 33 44 42 32 23 11 24 41 14 33 32 24 23 14
0 14 11 14 33 41 42 22 23 11 22 41 14 32 33 22 22 14
0 14 11 11 22 44 42 33 23 11 22 41 11 32 33 24 22 11
0 14 11 11 23 44 44 33 22 11 22 44 11 32 33 22 22 11
0 44 11 14 23 41 44 22 22 14 24 44 11 22 32 24 22 14
0 11 11 11 23 44 44 33 22 11 22 44 11 33 33 24 22 11
0 11 11 11 22 44 44 33 22 11 22 44 11 32 33 22 22 11
0 11 11 11 22 44 42 33 22 14 22 41 11 32 33 22 23 14
0 11 11 14 33 44 42 33 23 11 22 44 11 32 32 44 22 14
0 14 14 14 23 44 42 32 22 14 22 41 14 33 32 22 22 11
0 11 11 11 23 44 42 33 22 11 22 44 11 32 33 22 22 14
0 11 11 14 23 44 42 33 22 14 22 41 11 32 33 22 22 14
0 11 11 11 23 44 42 32 23 11 22 41 11 33 33 24 22 11
0 11 11 14 22 44 42 33 23 11 22 41 11 32 32 24 23 11
0 11 11 11 22 44 42 33 22 14 22 44 11 33 32 24 22 11
0 11 11 11 22 44 44 33 22 11 22 44 11 32 33 22 22 11
0 11 11 11 22 44 42 33 22 11 22 44 11 32 33 22 22 11
0 14 14 44 33 44 42 32 23 44 24 41 44 32 33 44 22 14
0 11 14 11 23 44 22 33 22 14 22 11 44 32 32 24 22 14
0 11 14 11 22 44 42 32 23 11 22 44 11 32 33 24 22 11
0 11 14 14 23 44 42 33 23 14 24 11 14 32 33 44 23 14
0 14 11 14 23 44 42 33 23 11 22 41 14 32 33 24 23 44
0 14 14 11 23 44 44 33 22 11 22 44 11 32 33 24 22 11
0 11 11 11 22 44 44 33 22 11 24 44 14 22 32 24 22 14
0 11 11 11 22 44 44 33 22 11 22 44 11 33 33 22 22 11
0 11 11 14 23 41 42 32 22 14 22 41 11 33 33 24 22 14
0 11 11 11 22 44 22 33 22 11 22 44 11 33 33 22 22 11
0 11 11 14 23 44 44 33 23 11 22 44 11 32 32 24 22 14
0 14 11 11 33 44 22 32 33 14 44 44 14 22 33 44 23 44
0 11 14 14 23 44 22 32 22 11 24 41 11 32 32 22 22 11
0 11 14 11 33 44 22 33 23 11 22 41 14 22 33 24 22 11
0 14 11 11 33 44 42 33 22 11 22 44 11 32 33 24 22 14
0 11 14 11 22 44 44 33 22 11 22 41 11 33 33 22 22 11
0 11 11 11 23 44 42 32 22 11 22 41 11 32 33 24 22 14
0 11 11 11 33 44 42 33 22 14 24 44 11 32 33 24 23 14
0 14 14 11 23 41 42 32 23 14 24 44 11 22 32 24 22 44
0 11 14 14 33 41 42 33 23 14 22 41 14 32 32 24 23 14
0 11 11 14 23 44 42 33 23 11 22 41 11 32 33 22 22 11
0 14 14 14 23 41 42 32 22 14 22 41 14 32 33 44 23 14
0 11 11 11 23 44 42 32 23 14 22 41 11 32 33 22 23 14
0 11 11 11 22 44 42 33 22 11 22 44 11 33 33 22 22 11
0 14 44 14 33 41 22 22 23 14 24 41 14 22 33 24 22 14
0 11 11 11 33 44 42 33 22 11 22 41 11 32 33 22 22 14
0 14 14 11 33 41 44 33 23 14 24 41 11 32 32 44 22 14
0 11 11 11 33 44 44 33 22 11 24 44 11 32 33 24 22 14
0 14 14 14 33 44 42 33 22 44 22 11 11 22 33 24 23 14
0 14 11 11 33 44 42 33 23 11 24 41 11 32 33 24 22 14
0 11 11 11 23 44 22 33 23 11 22 41 14 22 32 24 22 44
0 11 11 11 33 44 22 33 22 14 22 44 11 22 33 44 22 14
0 11 11 11 33 44 44 33 22 14 22 44 11 32 33 22 23 11
0 11 44 11 33 41 42 33 23 11 24 41 11 33 33 24 22 14
0 11 11 11 22 44 42 33 22 11 22 44 14 33 33 22 22 11
0 11 14 14 33 41 42 22 23 14 24 41 14 22 22 24 22 44
0 11 11 11 22 44 42 33 22 11 24 44 11 33 33 22 22 11
0 44 44 11 33 44 42 32 23 14 44 11 14 22 32 44 23 14
0 14 14 14 33 41 44 32 23 11 24 41 14 32 33 22 22 11
0 11 14 44 33 44 42 32 22 14 22 44 11 22 32 24 22 14
0 11 14 11 23 41 42 33 22 11 24 44 11 33 33 22 22 44
0 11 11 44 33 44 42 33 23 11 22 41 11 22 32 24 22 44
0 11 11 11 22 44 44 33 22 11 22 44 11 33 33 22 22 11
0 11 14 11 23 44 42 33 23 11 22 44 11 32 32 22 22 11
0 11 11 14 22 44 44 33 22 11 22 44 11 33 33 22 23 11
0 14 11 11 22 44 42 33 22 14 22 44 11 33 33 22 22 11
0 11 11 11 33 44 42 33 22 11 22 44 11 32 33 22 22 11
0 11 11 44 33 44 22 32 33 14 24 11 11 33 33 24 22 11
0 14 14 11 22 44 22 32 33 11 22 44 11 32 33 22 23 14
0 14 14 14 23 41 42 33 23 14 24 41 14 32 32 44 23 14
0 11 14 14 23 41 42 33 23 14 24 11 14 32 33 44 23 14
0 11 11 11 22 44 42 33 22 11 22 44 11 32 33 22 22 14
0 11 11 14 22 44 42 33 23 11 22 44 11 32 33 24 22 11
0 14 14 14 23 44 42 33 22 11 22 44 14 32 33 44 22 14
0 11 44 14 33 44 42 33 22 14 22 11 14 32 32 22 22 14
0 44 11 44 33 41 44 32 33 11 44 11 14 22 32 24 23 44
0 14 11 14 33 44 42 33 23 14 24 11 11 22 32 22 22 44
0 11 11 11 23 44 42 33 22 11 22 44 11 33 33 24 22 11
0 11 11 11 23 44 44 33 22 11 22 44 11 33 33 24 22 11
0 44 14 11 33 44 42 33 22 11 22 44 11 33 33 22 22 14
0 14 14 44 23 41 22 22 23 14 44 11 44 32 32 44 22 44
0 11 11 11 22 44 44 33 22 11 22 41 14 33 33 22 22 11
0 11 14 14 23 44 42 33 22 11 24 41 14 32 33 44 22 14
0 11 11 14 22 44 44 33 22 11 22 44 11 33 33 22 22 11
0 11 11 11 22 44 44 33 22 11 22 44 11 33 33 22 22 11
0 11 14 14 23 41 22 32 22 11 22 41 14 32 32 24 22 14
0 14 11 11 22 44 42 32 22 14 24 44 11 32 33 24 23 11
0 11 11 14 23 44 42 33 23 14 22 41 11 22 33 24 22 11
0 11 11 14 23 44 42 33 22 11 24 41 11 32 32 24 22 14
0 11 11 11 23 41 44 32 23 11 22 44 11 22 33 24 22 14
0 11 11 11 23 44 22 33 22 14 22 41 11 33 33 44 23 44
0 11 11 11 23 44 44 33 22 11 22 44 11 33 33 44 22 11
0 11 14 44 33 44 44 32 22 11 22 41 11 22 32 24 22 14
0 11 11 11 23 44 42 33 22 11 22 41 11 32 33 22 22 11
0 11 11 11 23 41 22 32 23 14 22 44 14 22 32 24 23 14
0 14 11 14 23 44 42 33 22 11 22 44 14 32 33 24 22 14
0 11 11 11 22 44 44 33 22 11 24 44 11 32 33 22 22 11
0 14 11 11 23 44 44 32 22 14 22 44 11 32 33 22 22 11
0 14 11 14 23 44 22 33 22 14 24 41 14 33 33 24 22 11
0 11 11 11 23 44 44 33 22 11 22 41 11 33 33 22 22 14
0 14 11 14 23 44 44 33 22 11 22 44 14 32 33 24 22 11
0 44 11 11 23 44 42 33 22 11 22 44 11 32 33 22 22 14
0 11 11 14 23 44 42 33 23 14 24 44 11 32 33 24 23 14
0 11 11 11 23 44 44 32 22 11 22 44 11 33 33 22 22 14
0 11 11 11 23 44 42 33 22 11 24 44 11 32 33 44 23 14
0 11 11 11 22 44 42 33 22 14 22 41 11 33 33 22 22 14
0 11 14 44 23 41 22 33 23 14 44 41 14 22 32 24 23 14
0 14 14 11 33 44 22 33 23 14 24 44 11 32 32 24 23 11
0 11 11 11 23 44 44 32 22 14 22 44 11 33 33 24 22 11
0 11 11 11 22 44 44 32 22 11 22 44 11 22 33 22 22 14
0 14 11 14 23 44 22 33 22 14 22 44 11 32 33 24 22 14
0 11 11 11 22 44 44 33 22 11 22 44 11 33 33 22 22 11
0 14 11 11 23 41 42 32 22 11 24 41 14 32 32 24 22 14
0 11 11 44 23 44 42 33 22 11 22 41 11 32 32 24 22 11
0 11 11 11 22 44 44 33 22 11 22 44 11 33 33 22 22 11
0 11 11 11 33 41 42 33 22 11 22 44 11 33 33 22 22 11
0 11 11 14 23 41 44 33 22 14 22 44 11 32 33 24 22 44
0 11 14 14 23 41 42 32 23 14 44 41 14 32 32 24 22 14
0 11 11 11 23 41 44 33 22 11 22 44 11 32 33 22 22 11
0 11 11 14 23 44 42 33 22 14 22 41 11 33 33 22 22 11
0 11 11 14 22 41 42 33 22 14 24 44 11 32 32 22 23 14
0 11 11 11 23 44 42 32 23 11 24 44 11 33 33 22 22 11
0 14 11 11 33 44 42 33 22 14 22 11 14 32 32 24 23 14
0 11 11 11 23 44 42 33 22 11 22 44 11 32 33 22 22 11
0 11 11 11 22 44 42 33 22 14 22 44 11 33 33 22 22 11
0 11 11 11 23 41 42 33 22 11 24 44 11 33 33 22 22 11
0 11 11 44 23 44 42 33 22 14 22 44 11 32 33 24 22 14
0 11 11 11 33 44 42 32 22 11 22 41 14 32 33 44 22 14
0 11 11 11 22 44 42 33 22 11 22 41 11 32 32 22 23 11
0 11 11 11 23 44 44 33 22 14 22 44 14 33 33 22 22 14
0 11 11 11 22 44 44 33 22 11 22 44 11 22 33 24 22 14
0 11 11 14 22 44 44 33 22 11 22 41 11 33 33 22 22 11
0 11 11 14 23 41 22 32 22 11 22 44 11 33 33 24 22 14
0 14 14 44 23 41 42 32 23 14 22 11 44 22 33 44 22 14
0 14 11 14 23 41 42 33 23 11 22 41 14 33 33 22 22 11
0 11 14 11 33 41 42 32 22 14 24 11 44 22 33 44 23 14
0 11 11 14 33 44 22 32 23 14 24 41 11 22 32 22 22 14
0 14 14 14 23 44 22 32 22 11 24 41 14 22 33 44 22 14
0 14 11 11 23 44 44 33 22 11 22 44 11 33 32 22 22 11
0 11 11 11 23 44 44 33 22 11 22 44 11 33 32 22 22 14
0 11 11 11 22 44 44 33 22 11 24 11 11 33 33 24 22 14
0 11 11 11 23 44 22 32 22 11 22 41 11 33 33 22 23 14
0 11 14 44 33 44 42 33 23 11 22 41 11 32 32 24 22 11
0 11 14 11 33 44 42 33 23 11 22 41 11 22 32 24 22 14
0 14 11 11 22 44 42 33 22 14 22 11 11 22 33 24 23 14
0 11 11 14 23 44 44 33 22 11 22 44 14 33 33 22 23 14
0 11 11 11 22 41 44 33 22 11 22 44 11 33 33 24 22 14
0 14 11 14 23 41 22 32 23 14 22 41 11 32 33 44 22 14
0 14 14 14 23 41 42 32 23 11 24 44 11 32 33 24 23 14
0 14 14 14 23 41 42 33 23 14 24 11 14 33 32 22 22 14
0 11 14 14 33 41 42 32 23 14 24 41 14 22 33 24 23 14
0 11 11 14 23 44 42 33 22 11 22 44 14 32 32 22 22 11
0 11 11 11 23 44 44 33 22 11 22 44 11 22 33 22 22 11
0 11 11 14 23 44 42 32 23 11 24 41 11 33 33 24 22 14
0 14 44 14 23 41 44 33 22 11 22 11 11 33 33 24 23 44
0 11 14 44 33 44 42 32 23 11 22 44 11 33 33 24 22 14
0 14 14 11 23 44 42 33 22 11 24 44 14 32 33 22 23 14
0 11 14 11 23 44 44 32 23 14 22 41 11 33 32 22 22 14
0 11 11 14 22 44 42 33 22 11 22 44 11 32 33 22 22 11
0 14 11 14 23 44 42 33 22 11 22 44 11 32 33 22 22 14
0 11 14 11 33 44 42 33 23 44 24 41 14 32 33 44 22 14
0 11 11 14 23 44 22 33 22 14 24 11 14 32 33 44 22 14
0 14 11 14 23 44 42 32 23 14 22 41 14 32 32 24 22 14
0 14 11 14 23 44 42 33 22 11 24 44 11 33 32 22 22 11
0 11 11 11 22 44 44 33 23 11 24 41 11 33 33 22 22 14
0 11 11 11 33 44 44 33 22 11 22 44 11 32 33 24 22 14
0 11 11 11 22 44 44 33 22 11 22 41 14 32 33 22 22 11
0 11 11 11 22 44 42 33 23 14 22 11 11 33 33 24 22 11
0 11 14 44 23 44 22 32 33 14 44 41 14 32 33 44 22 14
0 11 11 11 23 44 42 32 33 11 24 41 11 32 33 24 22 11
0 11 11 11 23 44 42 33 22 14 22 41 11 32 32 22 22 14
0 14 14 44 33 41 22 33 23 14 24 41 11 22 32 44 22 44
0 11 11 11 22 44 42 33 22 11 22 44 11 32 33 24 22 11
0 11 11 11 22 44 42 32 22 11 22 44 11 33 32 22 22 11
0 11 11 14 23 44 22 22 23 11 22 44 11 32 33 24 22 11
0 14 14 11 23 44 42 32 23 14 22 11 11 32 33 24 22 11
1 11 14 11 23 44 44 33 22 11 44 41 11 33 33 22 22 14
1 11 11 14 33 44 42 33 22 11 22 44 11 32 32 24 22 44
1 11 11 14 22 44 42 32 22 11 22 44 11 33 33 24 22 14
1 11 11 11 22 44 44 33 22 11 24 11 14 32 33 22 22 11
1 11 14 11 22 44 42 33 22 11 22 44 11 33 33 22 22 11
1 11 11 11 22 44 44 33 22 11 22 44 11 33 33 22 22 11
1 11 11 14 22 44 42 33 22 11 22 44 14 32 33 24 22 14
1 11 11 11 23 44 44 32 22 11 24 41 11 32 33 22 22 11
1 14 14 11 23 44 22 33 22 14 24 11 14 32 33 24 23 14
1 11 11 11 23 44 42 32 22 14 22 44 11 22 33 24 22 11
1 11 11 11 23 44 44 33 22 14 24 44 11 33 33 22 22 11
1 11 14 14 23 41 42 33 22 11 24 41 44 22 33 24 22 14
1 11 11 14 22 44 44 33 22 11 22 41 11 33 33 22 22 11
1 11 14 14 22 44 42 32 22 11 22 41 11 33 33 24 23 14
1 11 14 14 23 44 42 22 23 14 44 41 14 22 33 44 22 11
1 11 11 11 23 44 42 32 22 11 22 41 11 33 33 24 22 11
1 11 14 44 33 44 42 22 33 14 44 41 11 22 33 44 23 14
1 11 11 14 23 44 44 33 22 14 22 41 11 33 33 24 22 11
1 11 11 11 23 44 42 33 22 11 24 44 11 32 32 22 22 11
1 11 11 14 22 44 44 33 22 11 22 44 11 22 33 24 22 11
1 14 11 14 23 41 22 33 33 11 44 11 11 22 32 24 33 14
1 11 14 11 33 41 22 33 23 11 24 11 14 32 22 44 23 11
1 11 11 11 22 44 44 33 22 11 22 44 11 33 33 24 22 11
1 11 11 14 33 44 22 33 23 14 24 41 11 32 32 24 22 11
1 11 11 11 23 44 44 32 22 11 24 11 11 22 33 44 22 14
1 11 11 11 23 44 42 32 22 11 24 44 14 33 32 24 22 11
1 11 11 11 22 44 44 33 22 11 24 41 11 32 32 22 22 14
1 14 11 14 23 44 44 33 22 14 24 11 11 22 32 22 23 14
1 14 11 14 23 41 44 32 23 11 24 41 14 32 33 24 23 14
1 14 14 14 23 44 42 33 23 14 24 41 11 22 32 44 23 44
1 11 11 11 23 44 22 33 23 11 24 44 11 32 33 22 22 44
1 11 11 11 23 44 44 33 22 11 22 44 11 32 32 24 22 14
1 14 11 44 23 41 42 33 33 14 24 11 11 32 32 24 23 44
1 11 11 11 22 44 42 33 23 11 22 41 11 33 33 22 22 44
1 11 11 14 33 44 42 32 22 11 22 41 14 32 22 24 23 11
1 11 11 11 33 44 22 32 22 14 24 41 11 22 33 22 22 14
1 11 11 11 22 44 44 33 22 11 22 44 11 32 33 22 22 14
1 11 11 11 23 44 44 33 22 11 22 41 11 33 33 22 22 44
1 11 11 11 23 44 44 32 22 14 24 44 14 33 33 24 22 11
1 14 11 11 23 44 44 33 22 11 22 41 11 33 33 22 22 14
1 11 11 11 23 44 44 33 23 11 24 41 11 32 33 22 22 11
1 11 11 14 23 44 44 33 22 11 24 41 11 32 33 24 22 11
1 14 11 11 33 11 44 33 23 14 24 41 11 33 32 44 22 44
1 14 14 14 33 41 42 32 23 44 24 41 11 22 32 24 23 44
1 11 11 11 23 44 44 33 22 11 22 44 11 32 33 22 22 14
1 11 14 11 22 41 42 32 22 14 22 41 11 32 33 24 22 11
1 11 14 14 22 44 42 33 23 14 22 44 11 33 32 24 23 11
1 14 14 14 22 41 42 32 23 14 24 44 14 32 32 24 22 14
1 11 11 11 23 44 42 32 33 14 22 41 11 22 32 24 23 44
1 11 11 14 23 44 44 32 22 11 22 44 14 32 33 22 22 11
1 11 11 11 22 44 44 33 22 11 22 44 11 33 33 24 22 11
1 11 11 14 22 44 22 33 22 11 22 44 11 22 33 24 22 14
1 11 11 11 23 44 42 33 23 11 22 44 11 32 33 22 22 11
1 11 11 11 23 44 42 33 22 11 22 44 11 32 32 22 22 11
1 14 11 14 23 44 42 33 33 14 24 41 14 32 32 24 22 44
1 14 14 44 33 44 44 33 22 14 24 44 11 33 32 44 22 44
1 11 14 11 33 44 42 32 23 11 24 41 11 22 33 44 22 14
1 14 11 14 23 41 42 32 23 14 24 41 14 32 32 24 22 14
1 11 11 11 22 44 22 33 22 11 22 44 11 32 33 22 22 11
1 11 14 11 22 44 44 33 23 11 22 41 11 22 32 24 22 11
1 11 11 11 22 44 44 33 22 11 22 44 14 33 33 22 22 11
1 11 14 11 23 41 22 32 33 44 24 11 11 22 22 44 22 14
1 11 11 11 23 44 42 33 22 11 22 44 11 33 33 22 22 11
1 11 11 14 23 44 42 33 23 11 24 44 11 32 32 22 22 11
1 11 11 14 33 41 22 33 33 14 24 41 14 22 22 24 23 14
1 14 11 14 22 41 22 32 23 11 22 41 11 32 33 24 23 14
1 11 11 11 22 44 44 33 22 11 22 44 11 22 33 24 22 11
1 11 11 11 23 41 44 32 22 11 22 44 11 32 33 22 22 14
1 11 11 14 22 44 44 33 22 11 22 44 11 33 33 22 22 14
1 14 14 14 23 44 42 33 22 11 22 44 14 33 32 22 22 11
1 11 11 11 22 44 42 33 22 11 24 44 11 33 33 22 22 11
1 11 14 11 23 44 42 33 22 11 22 41 11 32 33 22 23 14
1 11 11 11 22 44 44 33 22 11 22 44 11 33 33 24 22 11
1 11 11 14 23 44 42 33 33 14 24 41 14 32 32 24 23 14
1 14 11 11 23 44 22 33 22 14 22 44 11 32 33 22 23 44
1 11 11 11 22 41 44 33 22 11 22 41 11 33 33 22 22 14
1 11 11 11 22 44 44 33 23 11 24 41 11 33 32 22 22 11
1 11 11 11 22 44 44 33 22 11 22 44 11 33 33 22 22 11
1 11 11 11 22 44 44 33 22 11 24 44 11 33 33 24 22 14
1 11 11 11 22 44 44 33 23 11 22 44 11 33 33 24 22 11
1 11 14 11 23 44 44 33 22 11 22 41 11 33 33 22 22 14
1 11 11 11 23 44 42 32 23 11 24 44 14 32 32 24 22 44
1 14 14 14 23 44 42 32 23 14 24 41 14 22 33 44 23 44
1 11 11 14 23 44 42 33 22 11 24 41 11 33 33 24 22 14
1 11 11 14 23 41 42 33 23 14 22 41 11 22 32 24 22 44
1 11 11 14 33 44 44 33 22 14 24 44 11 32 33 24 23 44
1 44 14 44 23 44 42 32 33 44 24 11 14 22 33 44 22 44
1 11 14 11 23 41 42 32 22 11 22 11 11 32 33 22 22 14
1 11 11 14 22 44 42 33 22 11 24 44 11 33 22 24 22 14
1 11 14 11 23 44 42 32 23 14 24 41 14 32 33 22 22 11
1 14 11 14 23 41 42 32 23 14 24 41 14 32 32 24 23 14
1 11 11 14 23 44 44 33 22 14 22 41 11 33 33 24 22 14
1 11 11 11 22 44 44 33 22 11 22 44 11 32 33 22 22 11
1 11 11 14 23 44 22 33 22 14 24 41 14 32 33 24 22 11
1 11 11 11 22 44 42 33 22 11 22 44 11 33 33 44 22 11
1 14 14 11 23 44 42 32 22 14 22 41 11 32 32 22 22 14
1 11 11 14 23 41 42 33 23 14 24 41 14 33 32 24 23 14
1 11 11 11 23 44 44 33 22 11 24 44 11 32 33 44 22 14
1 11 11 44 23 44 42 33 23 14 24 11 14 22 32 24 22 11
1 14 14 14 23 41 42 32 22 11 22 41 11 32 32 44 23 14
1 14 14 14 23 44 44 32 22 14 22 41 14 32 33 24 22 14
1 11 14 14 33 44 22 32 23 11 22 41 11 32 22 44 22 14
1 14 11 14 23 44 42 33 22 11 22 41 11 33 32 24 22 14
1 11 11 14 33 44 42 33 23 14 24 41 11 32 33 24 22 11
1 11 11 11 23 44 42 32 22 11 24 41 11 32 32 24 23 44
1 11 11 14 23 41 22 32 23 11 24 41 11 32 33 24 23 14
1 11 11 14 23 44 44 33 23 11 22 44 11 33 33 22 22 11
1 14 11 11 23 44 44 33 22 11 22 44 11 33 32 24 22 11
1 11 44 14 33 44 22 33 23 11 22 44 11 22 32 22 23 14
1 11 11 14 23 44 42 33 22 14 22 41 14 32 22 24 22 11
1 11 11 11 23 44 44 33 22 11 22 44 11 33 33 22 22 11
1 11 11 11 22 44 44 33 22 11 22 44 11 32 33 22 22 11
1 11 11 14 33 44 42 33 22 14 24 44 14 32 33 44 23 44
1 11 14 11 23 44 42 32 22 14 22 41 11 32 32 44 23 14
1 11 11 11 33 44 44 33 22 11 24 44 11 33 33 22 22 44
1 14 11 11 22 41 44 33 22 11 22 44 11 33 33 22 22 11
1 14 44 44 33 41 42 33 23 14 24 11 14 22 32 24 23 14
1 11 11 11 22 44 44 33 22 11 22 44 11 33 33 22 22 11
1 14 11 11 22 44 42 33 22 11 22 44 11 32 33 24 22 11
1 11 11 11 33 44 42 33 22 11 24 44 11 32 33 22 22 11
1 14 11 11 33 44 42 33 23 14 24 41 11 32 33 22 22 11
1 11 11 14 22 41 22 32 23 44 24 11 11 22 33 22 23 11
1 11 11 14 23 44 42 32 23 11 22 41 11 32 32 24 22 11
1 11 11 14 23 44 22 33 33 11 24 41 11 33 33 24 22 11
1 11 14 14 23 41 22 32 22 11 22 41 14 32 33 44 22 14
1 11 11 14 23 44 22 33 22 11 22 41 14 22 33 24 23 11
1 11 11 11 23 44 44 33 23 11 22 41 11 33 33 22 22 11
1 14 14 14 23 41 22 32 33 14 22 11 14 22 22 44 23 11
1 11 11 11 22 44 44 33 22 11 22 44 11 33 33 22 22 11
1 11 11 11 23 44 42 33 22 14 22 41 11 32 33 24 22 14
1 11 14 11 23 44 44 33 23 11 24 41 14 32 32 44 23 14
1 14 14 14 23 44 42 32 23 14 24 41 14 32 32 24 23 14
1 11 11 14 22 44 42 33 23 14 22 41 11 32 32 24 22 11
1 11 11 14 23 44 44 33 33 11 22 41 11 33 32 22 22 14
1 11 14 14 23 41 42 33 23 14 24 41 14 32 32 24 23 14
1 11 11 11 33 44 44 32 22 11 24 41 11 33 33 24 22 14
1 14 11 11 23 44 42 33 22 14 22 41 11 32 33 24 22 44
1 11 11 14 23 44 42 32 22 11 22 41 11 33 33 22 22 11
1 11 11 11 22 44 44 32 23 11 22 44 11 32 33 22 22 14
1 11 11 11 33 41 42 33 23 14 44 44 11 32 33 24 22 14
1 14 14 11 33 41 42 32 23 14 22 41 14 32 32 44 22 14
1 11 14 14 33 41 42 32 23 11 24 41 11 32 33 44 22 14
1 11 11 11 23 44 44 33 22 11 22 44 11 32 32 22 22 11
1 11 11 11 23 44 22 33 22 14 22 41 11 32 33 22 23 14
1 11 11 11 23 44 44 33 22 11 24 44 11 32 33 22 22 11
1 14 14 11 33 41 22 33 23 11 44 41 11 32 32 24 22 14
1 11 11 11 22 44 44 32 22 11 22 41 11 32 33 24 22 11
1 11 14 14 23 44 42 33 23 11 22 41 11 22 33 24 22 44
1 11 11 11 22 44 42 33 22 11 22 44 11 33 33 22 22 11
1 11 11 11 22 44 44 33 22 11 22 44 11 33 33 22 22 11
1 11 14 11 23 44 42 33 22 14 22 41 11 33 32 24 22 11
1 14 11 11 33 44 44 33 23 11 22 44 11 22 33 22 23 14
1 14 11 11 33 41 22 32 23 14 44 11 14 22 32 22 23 14
1 14 11 11 23 44 42 32 22 11 22 41 11 32 33 24 22 14
1 11 11 11 22 44 42 33 22 11 22 44 11 32 33 24 22 11
1 14 11 14 23 41 42 32 22 14 22 44 11 32 33 24 23 11
1 11 11 11 23 44 42 33 22 11 22 44 11 33 33 24 22 11
1 11 11 11 23 44 44 33 22 11 22 44 11 33 33 22 22 14
1 11 11 11 22 44 44 33 22 11 22 44 11 32 33 22 22 11
1 11 11 11 23 44 22 33 23 11 22 44 11 32 33 44 22 14
1 11 11 11 22 41 44 33 22 11 22 44 11 32 33 22 22 14
1 11 11 14 22 44 44 33 22 11 22 44 11 33 32 22 22 14
1 11 11 14 22 44 42 33 23 14 24 41 11 32 33 22 22 11
1 11 11 14 33 44 42 33 22 11 22 44 11 22 33 44 22 14
1 11 11 11 23 44 44 33 22 11 22 44 11 32 33 22 22 44
1 14 11 14 22 11 22 33 22 11 24 41 14 22 22 22 23 11
1 11 11 11 22 41 44 33 22 14 22 44 11 33 33 24 23 14
1 11 11 11 22 41 42 33 23 11 22 41 14 33 33 22 22 44
1 14 14 11 23 44 42 32 23 14 22 41 11 32 32 44 23 14
1 14 44 14 33 41 42 32 33 14 24 41 14 32 32 44 23 14
1 11 11 44 22 44 22 33 22 11 22 44 14 32 33 24 22 11
1 11 11 11 23 44 44 33 22 11 24 44 11 33 33 22 22 11
1 11 11 11 22 41 44 32 22 14 24 44 11 32 33 22 22 14
1 11 14 11 23 44 42 33 22 14 24 41 14 33 33 24 22 14
1 14 14 11 23 44 42 33 22 11 22 44 14 32 33 24 23 11
1 14 11 11 23 44 42 33 22 11 22 41 11 33 33 24 22 11
1 11 11 11 22 41 44 33 22 11 22 44 11 33 33 22 22 11
1 14 11 11 23 44 42 33 22 11 22 41 11 22 32 22 22 14
1 11 14 14 23 44 22 32 23 14 24 41 14 32 32 44 23 14
1 11 14 11 23 44 44 33 22 11 22 44 11 33 32 22 22 11
1 11 11 11 22 44 44 33 22 11 22 44 11 33 33 22 22 11
1 11 14 11 23 41 42 22 22 11 22 41 14 32 32 24 22 44
1 44 14 44 33 44 42 32 33 14 22 41 11 22 33 44 33 14
1 11 11 14 22 44 42 33 22 11 22 41 11 32 32 22 22 14
1 11 11 11 23 44 44 33 22 14 22 44 11 33 33 22 22 11
1 44 14 11 33 41 42 22 33 14 44 44 14 22 22 24 33 44
1 11 14 11 23 44 22 33 33 14 24 41 11 32 33 24 22 14
1 11 11 11 22 44 42 32 23 11 24 44 11 32 32 22 22 44
1 11 11 11 23 41 42 33 22 14 24 44 11 32 33 22 23 14
1 11 14 11 23 41 42 33 22 14 22 44 11 33 33 22 22 11
1 11 11 11 23 44 44 33 22 11 22 44 11 33 32 24 22 11
1 11 11 14 33 11 42 32 22 14 22 11 11 32 32 22 23 44
1 14 11 44 23 44 42 32 22 14 24 41 14 32 32 44 23 14
1 11 14 14 22 44 42 32 22 44 22 41 11 33 33 24 23 14
1 11 11 44 23 44 42 32 23 14 44 44 11 32 33 24 23 14
1 11 11 14 23 41 44 33 22 11 24 41 14 22 33 24 22 11
1 11 14 11 23 44 42 33 22 11 22 44 11 33 33 44 23 14
1 11 11 11 23 44 44 33 23 11 24 44 14 32 33 24 22 14
1 11 11 14 33 41 22 33 22 11 22 41 11 32 33 24 23 44
1 11 11 14 23 44 42 32 23 14 24 41 11 32 32 44 23 14
1 11 11 14 22 44 42 33 22 11 22 44 14 33 33 22 22 11
1 11 11 11 33 44 44 33 22 11 22 44 11 33 33 22 22 11
1 11 11 14 33 41 42 33 22 11 24 44 11 32 33 24 23 11
1 14 14 44 33 41 22 32 33 44 44 41 14 22 32 44 33 44
1 11 11 14 33 44 42 33 22 14 24 44 11 33 33 24 22 14
1 14 14 14 22 41 44 33 23 11 24 44 11 32 32 24 22 11
1 11 11 11 33 44 42 33 22 11 22 41 11 33 32 24 23 11
1 11 11 14 23 44 42 33 23 14 22 44 11 22 33 22 22 14
1 11 11 11 22 44 44 33 22 11 22 41 11 32 33 22 22 11
1 14 11 14 23 44 42 33 22 11 22 41 11 22 33 24 22 11
1 14 11 11 23 44 44 33 22 14 22 41 11 32 32 24 23 11
1 11 11 14 23 44 44 32 23 11 22 44 14 33 22 44 23 44
1 11 11 11 22 44 44 33 22 11 22 41 11 33 32 44 22 14
1 11 11 11 23 44 44 33 22 11 22 41 11 32 33 24 22 14
1 14 11 14 23 44 22 33 22 11 24 41 11 22 22 24 22 14
1 14 11 11 23 41 44 33 22 11 22 44 14 32 33 24 22 11
1 11 44 44 33 41 22 32 23 14 24 41 14 22 32 44 23 44
1 11 11 11 22 44 44 33 22 11 22 44 11 33 33 22 22 11
1 11 14 11 22 44 42 33 22 11 22 44 11 32 33 24 22 14
1 14 11 14 23 44 44 33 22 11 24 41 14 32 32 22 22 11
1 11 11 14 33 44 44 33 33 14 22 41 11 32 33 24 22 44
1 14 11 11 33 44 44 32 22 11 22 44 11 22 33 24 23 14
1 11 11 14 33 44 42 33 22 11 24 44 14 33 32 22 22 14
1 11 11 11 22 44 42 32 22 11 22 41 11 32 33 22 22 11
1 11 14 11 23 41 22 32 23 14 22 44 14 32 33 44 22 14
1 11 14 14 23 44 44 33 22 11 22 44 11 32 33 24 22 11
1 11 11 14 23 44 44 33 23 11 22 44 11 33 33 24 23 14
1 14 14 14 23 44 44 33 22 11 22 41 11 32 32 24 23 14
1 11 11 11 22 44 44 33 22 11 22 44 11 32 33 22 22 11
1 14 11 14 22 44 42 33 22 11 22 44 11 33 32 24 23 14
1 14 14 14 23 44 42 32 22 14 24 41 14 32 33 24 22 14
1 11 11 11 23 44 44 33 22 11 22 44 11 22 33 22 22 11
1 11 14 11 22 44 44 33 22 11 22 41 11 33 33 24 22 11
1 11 11 14 23 44 42 33 23 11 44 41 14 33 32 44 22 44
1 11 11 11 23 44 44 33 22 11 22 44 11 33 33 22 22 11
1 11 11 14 23 44 44 32 22 11 22 11 11 32 32 24 23 14
1 11 14 11 23 44 22 32 23 14 24 44 14 32 33 24 23 44
1 14 11 14 33 44 44 33 22 11 22 44 11 32 33 22 22 11
1 11 11 11 22 44 44 33 22 11 22 44 11 33 33 22 22 11
1 14 11 14 23 44 42 32 22 11 22 41 11 22 32 44 22 14
1 11 11 14 23 44 44 33 22 14 24 11 11 33 33 24 23 14
1 14 11 11 22 44 44 33 23 11 22 44 11 33 33 44 22 44
1 11 11 14 22 44 44 33 22 11 22 41 11 32 32 24 22 11
1 11 11 11 22 44 44 33 23 11 22 44 11 33 32 22 22 11
1 11 11 11 23 44 42 33 23 14 22 41 14 32 32 22 23 11
1 11 14 14 23 44 44 33 23 14 44 11 14 22 22 24 23 11
1 11 14 14 23 44 42 33 22 11 24 44 14 32 33 24 22 11
1 11 11 11 22 44 44 33 22 11 22 41 14 32 33 24 22 11
1 11 11 11 22 44 44 33 22 11 22 44 11 32 33 22 22 11
1 11 44 14 33 41 22 32 23 14 24 44 14 22 22 44 22 14
1 14 11 14 23 44 42 33 22 14 22 41 11 32 33 22 22 11
1 11 11 11 23 44 44 32 22 11 22 44 11 33 33 22 22 14
1 11 11 14 23 44 44 33 22 11 22 41 11 33 33 22 22 11
1 11 11 14 33 41 44 33 22 11 24 44 11 32 33 24 22 11
1 14 11 14 23 44 44 32 23 14 24 44 11 32 32 22 22 14
1 11 14 14 23 44 44 32 23 14 24 44 11 22 32 24 23 14
1 11 14 11 23 44 44 33 22 11 22 44 11 33 33 22 22 11
1 11 11 14 23 44 42 33 22 11 22 44 14 33 32 24 22 11
1 11 11 14 23 44 42 32 22 11 22 41 14 32 32 24 23 14
1 11 11 11 23 41 44 32 22 11 22 41 11 32 33 24 22 14
1 14 14 11 33 44 22 33 23 11 22 11 14 32 32 24 22 14
1 11 11 11 23 44 44 33 22 11 24 41 11 32 32 22 22 14
1 14 11 11 23 44 42 32 22 44 22 44 11 32 33 24 22 11
1 11 11 14 23 44 42 33 33 11 24 41 11 32 33 24 22 14
1 11 11 11 22 44 42 33 22 14 22 44 11 32 32 22 22 14
1 11 11 11 22 44 42 33 22 11 22 44 11 33 32 24 22 14
1 11 11 11 22 44 42 33 22 11 22 41 11 32 33 24 22 14
1 14 11 11 22 44 22 33 22 11 24 44 11 32 33 24 23 11
1 44 44 44 33 41 42 22 22 44 44 11 44 22 22 44 33 14
1 11 11 11 22 44 42 33 22 11 24 41 14 33 33 22 22 11
1 11 11 14 33 41 22 22 23 11 24 11 14 22 22 44 23 14
1 14 14 11 23 44 42 33 23 11 22 44 11 32 33 22 22 14
1 11 11 14 23 44 42 33 22 14 24 41 11 22 33 22 22 44
1 11 11 11 23 44 42 33 23 11 22 41 11 32 32 24 23 11
1 11 11 14 33 44 42 33 22 11 22 44 11 22 32 24 22 14
1 11 11 11 22 44 44 33 22 11 22 44 11 33 33 22 22 11
1 11 11 11 23 44 44 33 22 11 22 44 11 32 33 22 22 11
1 11 11 11 22 44 44 33 22 14 24 41 11 33 33 22 22 11
1 14 14 11 22 41 22 32 23 11 24 44 14 32 32 24 23 44
1 11 11 11 22 44 44 33 22 11 22 44 11 33 33 22 22 11
1 11 11 14 23 44 42 32 33 14 22 41 14 32 33 24 23 14
1 11 11 11 22 44 42 33 22 11 22 41 11 32 33 22 22 11
1 14 11 14 33 44 42 32 33 14 24 41 14 33 33 22 23 11
1 14 11 11 33 41 42 33 22 11 22 41 11 22 33 24 23 11
1 11 14 11 22 44 44 33 22 11 22 41 11 32 33 22 22 11
1 11 11 11 22 44 44 33 22 11 22 44 11 33 33 24 22 11
1 11 14 11 23 44 42 22 23 14 44 41 14 22 33 24 23 44
1 11 11 11 23 44 44 32 22 11 24 11 14 32 33 22 22 14
1 11 11 11 23 44 42 33 22 14 22 44 11 33 33 22 22 11
1 11 11 11 23 44 44 33 22 14 22 44 14 33 33 22 22 11
1 11 14 44 33 41 42 33 23 14 22 41 14 22 22 24 22 44
1 11 11 14 23 44 44 33 22 11 22 44 11 33 33 24 22 14
1 11 11 11 22 44 44 33 22 14 24 41 11 33 33 24 22 11
1 11 14 11 22 44 42 33 23 11 22 44 11 32 33 24 22 14
1 14 11 11 23 44 44 33 22 14 22 41 11 32 33 24 22 11
1 14 11 11 23 44 22 32 23 11 22 41 11 22 32 24 22 14
1 11 11 14 23 44 42 33 23 11 22 41 11 32 32 24 22 14
1 11 11 14 23 44 22 32 22 11 22 44 14 33 32 22 22 11
1 11 11 11 22 44 44 32 22 11 22 41 11 33 33 22 22 11
1 11 11 14 22 41 42 32 22 44 24 44 14 22 32 24 23 14
1 11 11 11 22 44 44 22 22 14 24 44 11 33 33 24 22 14
1 11 11 11 23 44 42 33 22 11 22 44 11 32 33 22 22 14
1 14 11 11 23 44 42 33 23 11 22 41 11 33 32 22 22 11
1 11 11 11 22 44 44 33 22 11 22 44 11 33 33 24 22 11
1 44 44 14 33 11 22 32 22 44 24 11 14 22 32 44 23 14
1 11 11 14 33 44 42 33 22 11 22 41 11 22 32 24 22 14
1 14 11 44 23 41 22 32 23 14 22 44 14 33 32 22 22 14
1 11 11 11 22 44 42 33 22 11 22 44 11 32 33 22 22 11
1 11 11 14 23 44 44 33 22 11 22 11 14 22 33 22 22 11
1 11 14 14 23 41 42 32 23 11 24 11 11 32 32 24 23 44
1 11 11 11 23 44 44 33 22 11 24 41 11 33 33 22 22 11
1 11 14 11 23 41 22 33 22 14 22 11 11 22 32 44 22 14
1 11 11 14 23 44 42 33 23 14 24 44 11 32 33 24 22 14
1 11 11 14 23 41 22 32 23 11 44 41 44 22 33 24 23 14
1 11 11 11 22 44 22 22 22 14 22 41 11 32 32 44 22 11
1 11 14 11 22 41 42 33 22 14 24 41 11 32 33 22 22 14
1 14 11 11 23 44 42 32 22 11 22 44 11 32 32 44 23 14
1 11 11 11 33 44 42 33 22 11 22 44 11 32 33 22 22 14
1 11 11 11 23 44 44 33 22 11 24 44 11 32 33 22 22 14
1 11 14 14 22 41 42 32 33 14 22 11 14 22 32 22 23 14
1 14 14 14 33 41 44 33 23 14 24 41 14 22 33 24 23 14
1 11 11 11 23 44 42 33 22 11 22 44 11 33 33 22 23 11
1 14 11 11 22 44 42 32 22 11 22 44 11 32 33 24 33 14
1 11 11 11 22 44 44 33 22 11 22 44 11 33 33 22 22 11
1 14 11 44 23 44 44 33 22 11 22 41 14 22 33 24 23 11
1 11 11 11 22 44 44 33 22 14 22 44 11 32 33 22 22 11
1 11 14 14 33 44 22 33 23 11 22 41 14 32 33 22 22 14
1 14 11 11 23 44 42 33 22 11 24 41 11 22 32 44 22 14
1 11 11 44 33 41 42 33 23 11 44 11 11 32 33 24 22 11
1 11 11 11 22 44 44 33 22 11 22 44 11 33 33 22 22 11
1 11 11 11 22 44 44 33 22 11 22 44 11 32 33 22 22 11
1 44 11 44 33 41 22 32 23 14 44 41 11 32 32 44 22 44
1 11 11 11 23 44 44 33 22 14 22 44 11 22 33 22 22 11
1 11 11 14 23 44 42 33 23 14 24 41 14 32 32 24 22 14
1 11 11 11 23 44 42 33 22 11 22 41 11 32 32 22 23 11
1 11 11 11 23 44 44 33 22 11 22 44 11 33 33 24 22 11
1 11 11 11 22 44 42 33 23 14 24 41 11 32 33 22 22 14
1 11 11 44 23 41 22 32 22 14 22 11 14 32 32 44 23 11
1 11 14 14 23 41 42 33 22 14 24 41 14 22 32 22 23 14
1 11 14 14 23 44 44 33 22 14 24 41 14 33 32 24 22 14
1 11 11 14 22 44 44 33 22 11 22 41 14 22 33 24 22 11
1 11 11 11 22 44 42 33 22 11 24 44 11 33 33 22 22 14
1 11 11 11 22 44 44 33 22 11 22 44 11 33 33 22 22 11
1 11 14 44 33 44 22 32 33 44 24 41 11 32 33 24 22 14
1 11 14 11 23 44 42 32 22 14 24 41 11 32 33 44 22 14
1 11 11 14 23 44 44 33 22 11 22 44 11 33 33 44 22 11
1 14 11 14 33 44 22 32 23 44 44 41 14 22 32 44 22 14
1 11 14 14 22 44 42 33 22 14 44 41 11 22 32 24 22 14
1 11 14 14 23 44 42 33 22 14 22 41 11 32 33 24 22 14
1 11 11 11 22 44 44 33 22 11 22 44 11 33 32 24 22 11
1 11 11 11 33 44 44 33 22 11 22 44 11 32 33 24 22 11
1 11 11 11 22 44 44 33 22 14 22 44 11 33 33 22 22 11
1 11 11 14 33 41 42 32 23 14 24 41 11 22 33 24 23 11
1 14 14 14 33 44 42 33 23 14 24 41 14 32 32 44 23 14
1 11 14 11 23 44 42 33 23 11 22 44 11 32 33 22 23 14
1 14 11 44 33 41 44 33 22 14 22 41 11 32 33 22 23 14
1 14 11 11 23 41 44 22 22 11 24 41 11 32 33 44 22 14
1 14 11 11 23 44 44 33 22 11 22 44 11 33 33 22 22 11
1 11 14 11 22 44 42 32 22 14 22 41 11 33 33 24 23 14
1 44 14 14 33 41 42 32 23 44 24 11 14 22 22 44 22 11
1 11 11 14 23 44 42 32 22 14 22 41 11 32 32 24 22 14
1 11 11 14 33 11 44 32 23 44 24 41 14 22 22 44 23 14
1 11 11 11 23 44 44 32 23 11 22 44 14 32 33 24 23 14
1 11 11 11 23 41 42 33 23 11 22 44 11 33 33 24 23 44
1 11 14 11 23 44 42 32 23 44 22 41 11 33 32 24 23 11
1 11 11 11 23 44 44 33 22 11 22 41 11 33 33 22 22 11
1 11 11 11 22 44 44 33 22 11 22 44 11 33 33 24 22 11
1 11 11 11 33 44 44 33 22 11 22 11 11 33 33 24 22 14
1 11 44 14 23 41 22 33 22 14 44 41 14 32 32 44 22 44
1 14 11 11 23 44 42 32 22 14 24 41 14 32 32 24 23 14
1 11 11 14 22 44 44 33 22 11 22 44 11 33 33 22 22 11
1 11 11 11 22 44 44 33 22 14 24 44 11 33 32 24 22 11
1 11 14 11 22 44 44 33 22 11 22 11 14 32 33 22 23 14
1 11 11 11 22 44 44 33 22 11 22 44 11 22 33 22 22 11
1 11 11 14 23 44 44 32 22 14 22 41 11 22 32 22 23 44
1 11 11 11 22 44 44 33 23 11 24 41 14 33 33 24 22 14
1 11 11 14 23 44 22 33 23 44 24 44 11 32 33 24 23 44
1 14 11 11 22 41 44 33 23 14 22 44 11 32 33 24 22 14
1 14 14 14 23 41 42 32 23 14 24 41 14 32 32 24 23 14
1 11 11 11 22 44 44 33 22 11 22 44 11 33 33 22 22 11
1 11 11 11 22 44 42 33 22 11 22 41 11 32 33 22 22 14
1 11 14 14 33 41 22 32 23 14 22 41 14 22 32 44 22 14
1 11 11 14 23 44 42 33 22 11 22 41 11 32 33 24 22 14
1 11 11 14 23 44 42 33 22 11 22 41 11 33 33 22 22 11
1 11 11 11 23 44 44 33 22 11 22 44 11 33 33 22 22 11
1 11 11 44 23 44 44 33 22 11 22 41 11 32 33 24 22 11
1 11 11 11 22 44 44 33 22 11 22 44 11 33 33 22 22 11
1 14 14 11 22 44 44 33 23 11 22 44 11 33 32 22 22 11
1 11 14 14 33 41 42 32 22 14 24 41 14 22 22 44 23 44
1 14 11 11 23 44 44 33 22 11 24 41 11 32 32 24 22 11
1 11 11 11 33 44 42 32 22 11 22 44 11 32 33 24 22 11
1 14 14 14 33 41 42 32 22 11 22 44 11 32 33 24 23 14
1 11 11 14 22 44 22 33 23 14 44 11 44 22 22 24 33 44
1 11 11 11 33 11 22 33 22 14 44 41 11 22 32 24 23 14
1 11 11 11 22 44 44 33 22 11 22 41 11 32 33 22 22 11
1 11 11 14 23 41 42 32 23 14 24 41 11 32 33 22 23 14
1 11 11 11 22 44 42 33 22 11 22 44 11 33 33 44 22 11
1 14 14 14 23 41 42 32 23 14 24 41 14 33 32 24 23 14
1 11 11 11 22 44 42 33 23 11 24 44 11 33 33 22 22 44
1 11 11 11 33 44 22 33 22 11 22 44 14 32 33 24 22 11
1 11 14 44 33 41 42 32 23 11 22 44 14 22 33 24 22 14
1 14 14 11 33 41 22 33 22 44 24 44 11 22 32 24 22 44
1 14 11 14 23 44 42 32 22 14 22 41 14 32 32 22 23 14
1 14 11 11 23 41 22 33 23 14 22 11 14 22 32 24 23 14
1 11 11 11 23 41 44 33 22 11 22 44 11 32 33 22 22 11
1 11 11 11 33 44 44 33 23 11 22 44 11 32 33 22 22 11
1 14 14 44 33 44 22 22 23 44 24 11 11 32 32 44 33 44
1 11 11 11 23 44 42 32 23 11 24 41 14 32 22 24 22 14
1 14 14 14 33 41 22 32 23 14 24 11 11 32 32 44 23 14
1 11 11 14 22 44 44 33 22 11 22 44 14 32 32 22 22 11
1 11 11 14 22 44 44 33 22 11 22 41 11 32 33 24 22 11
1 11 14 14 23 44 42 33 22 11 22 44 11 32 33 24 22 14
1 11 14 11 23 44 42 33 22 11 22 41 14 22 33 44 22 11
1 11 14 14 33 41 44 32 22 11 24 11 14 22 32 24 22 44
1 11 11 11 23 44 42 33 22 11 22 44 11 33 33 22 22 14
1 11 11 11 23 41 42 32 22 14 24 41 14 32 32 24 22 11
1 14 14 14 23 44 44 33 23 11 24 41 11 33 33 24 22 14
1 14 11 11 23 44 44 33 22 14 22 44 11 32 32 22 22 11
1 11 11 11 23 44 42 33 22 11 22 41 11 32 33 24 22 11
1 14 11 14 23 44 44 33 23 11 22 44 11 33 33 24 22 11
1 11 11 11 23 41 44 33 22 14 22 41 11 33 33 24 23 11
1 11 14 14 23 44 22 32 22 14 22 41 14 32 33 24 22 44
1 11 11 44 23 41 22 33 22 14 24 11 11 32 32 22 23 14
1 14 11 14 23 41 42 33 23 11 22 41 11 33 32 22 22 44
1 11 11 14 23 11 22 32 22 14 24 41 11 32 32 22 23 44
1 14 11 11 22 44 42 33 22 11 22 41 11 33 33 22 22 14
1 11 11 14 23 44 42 32 22 11 22 44 11 22 33 24 22 14
1 11 11 11 23 44 44 32 22 11 22 11 11 32 33 22 22 14
1 11 11 11 23 44 44 32 22 14 24 41 11 32 32 24 23 14
1 11 11 11 33 44 22 33 22 14 44 41 11 22 32 24 23 44
1 11 11 14 22 44 44 33 22 14 24 44 11 33 33 24 23 11
1 11 11 11 22 44 42 33 22 11 22 41 11 33 33 22 23 14
1 14 11 14 23 41 44 32 23 14 24 41 14 32 32 24 22 14
1 11 11 14 23 44 42 33 22 14 22 11 11 32 33 22 23 11
1 11 11 11 33 44 44 32 23 14 24 44 11 32 33 44 23 14
1 14 11 14 23 44 22 32 22 14 24 41 14 32 32 24 23 14
1 11 11 11 33 44 22 32 22 14 22 44 11 32 33 44 23 11
1 11 11 11 22 44 44 33 22 11 22 44 11 33 33 22 22 11
1 14 14 14 23 41 42 32 23 14 24 41 14 32 32 44 23 14
1 11 11 11 22 44 44 33 22 11 22 41 14 32 33 22 22 11
1 11 11 11 22 44 44 33 22 11 22 44 11 33 33 22 22 11
1 11 11 11 23 41 42 33 23 11 24 41 14 32 33 22 23 44
1 11 11 11 22 44 44 33 22 11 24 41 11 33 33 22 22 11
1 14 11 11 22 44 42 32 22 11 22 44 11 32 33 24 23 14
1 14 14 11 22 44 42 33 23 11 24 41 14 32 33 44 22 11
1 11 11 11 22 44 44 33 22 11 22 44 11 33 33 22 22 11
1 14 11 44 23 41 44 32 23 14 22 41 11 32 33 44 22 44
1 11 14 11 23 41 22 33 22 14 24 11 14 32 33 44 23 14
1 14 11 14 33 41 42 33 22 11 22 41 11 32 33 44 23 14
1 11 11 11 23 44 42 32 23 44 24 41 11 32 33 22 22 11
1 11 11 11 33 44 44 33 22 14 22 44 11 22 32 44 22 44
1 44 14 14 33 41 44 32 22 14 22 11 11 22 32 44 23 44
1 11 44 14 23 41 42 32 23 44 24 41 14 22 32 24 23 44
1 11 14 14 33 41 42 32 23 14 44 11 11 32 22 24 33 14
1 11 11 11 23 44 22 33 22 14 22 44 11 32 32 24 23 14
1 14 11 44 23 44 42 32 33 14 22 11 11 22 32 24 22 44
1 11 11 11 23 44 44 33 22 11 22 44 11 33 33 24 22 11
1 14 11 14 23 44 42 33 22 11 24 41 11 32 32 22 22 14
1 11 11 14 33 41 42 32 22 14 24 44 11 22 33 22 22 14
1 11 11 11 23 44 44 32 22 14 22 41 11 33 32 22 22 11
1 11 14 11 23 44 42 32 23 11 24 41 11 22 32 24 22 11
1 11 11 11 22 44 44 33 22 11 22 41 11 32 33 22 22 11
1 14 11 11 23 44 42 32 22 11 24 44 11 32 33 22 22 14
1 11 11 11 23 41 22 33 23 11 22 41 14 32 32 24 22 14
1 11 11 11 23 44 44 33 22 11 22 44 11 32 33 24 22 11
1 11 14 11 23 44 42 33 22 11 22 44 11 32 33 24 22 14
1 14 11 11 23 44 42 32 22 14 22 41 11 32 33 24 23 14
1 11 11 11 22 44 44 33 23 14 22 41 11 33 33 22 23 14
1 11 14 14 23 44 44 33 22 11 22 41 11 22 33 22 22 11
1 14 11 11 23 44 42 33 22 11 22 41 11 32 33 24 22 11
1 11 11 14 23 44 44 33 22 14 22 41 11 32 32 22 22 14
1 11 14 14 33 44 22 33 22 11 24 41 11 32 32 24 23 44
1 11 11 11 23 41 44 33 22 14 22 41 11 22 32 24 22 14
1 14 11 14 22 44 44 33 22 14 22 41 14 33 33 24 22 14
1 11 11 11 22 44 44 33 22 11 22 44 11 33 33 22 22 11
1 11 11 11 33 44 42 32 22 11 22 44 14 22 33 44 22 14
1 11 11 14 33 44 42 32 23 14 44 41 14 22 33 22 23 14
1 14 14 14 33 44 42 32 22 44 24 11 14 22 33 44 23 44
1 11 11 11 23 44 42 33 22 11 22 44 11 32 33 22 22 11
1 11 11 14 33 41 42 32 22 11 24 44 11 32 32 24 23 44
1 11 11 14 23 44 42 33 22 11 24 44 11 33 33 22 22 11
1 11 11 11 22 44 44 33 22 11 24 41 11 32 33 44 22 14
1 11 11 11 23 41 44 33 23 14 22 44 11 32 32 22 22 14
1 11 11 11 23 44 42 33 22 11 22 41 14 33 32 22 22 14
1 14 11 11 22 41 44 32 23 14 22 44 44 32 33 24 22 14
1 11 11 11 23 44 44 33 22 11 22 44 11 32 33 24 22 14
1 11 11 11 22 44 42 33 22 11 22 44 11 33 33 22 22 44
1 11 11 14 23 44 44 32 22 11 22 44 11 32 33 24 22 11
1 11 11 11 22 44 42 33 22 11 22 41 11 32 32 24 23 11
1 11 11 11 23 44 42 33 22 11 24 44 14 32 32 22 22 11
1 11 11 44 22 44 42 33 23 11 24 41 14 32 33 44 22 14
1 11 11 44 33 41 42 33 33 11 22 41 14 22 32 44 22 44
1 11 11 11 23 44 42 33 23 11 22 44 11 32 33 22 22 11
1 11 11 14 23 41 44 33 23 11 22 41 11 33 33 22 22 14
1 11 11 14 22 44 42 33 23 11 22 41 11 32 33 24 22 14
1 11 11 11 23 44 44 33 22 11 22 44 11 32 33 22 22 11
1 11 11 11 22 44 44 33 22 14 22 44 11 33 33 22 22 11
1 11 11 11 22 44 44 33 22 11 22 44 11 33 33 22 22 14
1 14 11 11 23 44 42 32 23 14 44 41 11 32 32 24 22 14
1 11 11 11 22 44 42 33 22 14 22 11 11 32 32 22 23 14
