 rs1544068 rs12124893 rs2526839 rs12737852 rs6695214 rs6678552 rs6695849 rs12073549 rs10458537 rs6691485 rs7538876 rs2526833 rs7545115 rs2526830 rs2526828
0 44 33 24 33 33 44 33 32 33 22 44 33 44 33 33
0 44 33 24 33 32 44 33 33 33 22 41 33 42 32 32
0 41 33 24 32 33 44 32 22 33 22 11 33 42 32 22
0 41 22 44 32 32 11 22 22 31 23 11 32 22 22 32
0 41 33 44 33 33 41 33 32 31 22 44 33 44 33 33
0 11 32 44 32 32 44 22 22 31 23 11 32 22 32 22
0 41 33 44 22 22 41 33 22 31 33 11 33 22 22 22
0 44 32 24 32 33 44 32 22 31 23 41 33 22 32 33
0 44 22 24 33 33 11 33 22 11 23 41 33 44 22 32
0 41 32 22 33 32 44 33 32 33 23 41 33 42 33 33
0 44 33 44 33 33 41 33 32 31 22 11 33 44 32 32
0 44 32 22 33 33 44 33 33 33 22 44 33 42 33 33
0 41 33 24 33 33 41 33 32 31 22 41 33 42 32 33
0 44 33 24 33 33 44 33 33 33 22 41 33 42 33 33
0 44 33 24 32 33 41 33 32 31 22 44 32 44 33 32
0 41 32 44 32 32 41 32 32 31 22 41 33 42 32 33
0 41 32 24 32 32 41 32 32 11 23 41 32 42 32 32
0 41 32 24 32 32 41 32 32 33 22 41 33 42 32 32
0 44 33 24 33 33 41 33 32 33 22 44 33 42 22 33
0 44 22 22 33 33 44 33 33 33 22 44 33 42 33 33
0 44 33 24 33 33 44 33 33 31 22 41 33 44 33 33
0 44 33 22 33 33 44 33 32 33 22 41 33 44 22 33
0 44 32 44 32 33 44 33 32 11 22 41 33 44 32 33
0 44 33 24 33 32 44 33 33 33 23 41 33 44 33 33
0 44 33 22 33 33 44 33 33 33 22 44 33 44 33 33
0 44 32 24 32 32 41 32 32 31 23 41 33 42 32 33
0 44 32 24 33 33 44 33 32 33 22 41 33 44 32 33
0 44 33 24 33 33 44 33 33 33 22 44 33 42 32 33
0 44 33 24 32 33 44 33 32 33 22 41 33 44 33 32
0 44 32 44 32 22 11 32 22 11 23 11 22 22 22 33
0 11 33 24 33 32 41 32 32 11 22 41 32 42 22 33
0 44 33 22 33 33 44 33 32 31 22 41 33 44 33 33
0 44 33 22 33 33 44 33 33 33 22 44 33 44 33 33
0 44 32 24 33 32 41 33 32 11 22 41 32 42 32 32
0 44 33 24 33 33 44 33 33 33 22 44 33 44 33 33
0 41 33 24 33 33 44 33 32 33 22 41 33 22 33 33
0 44 32 24 32 32 44 33 22 33 22 41 33 44 33 33
0 44 33 22 33 33 44 33 33 31 22 41 33 22 22 33
0 44 33 24 32 33 44 33 32 33 22 41 33 42 33 33
0 44 33 22 33 33 44 33 32 33 22 41 33 44 33 33
0 41 33 22 33 33 44 32 22 31 22 44 33 42 32 33
0 44 32 24 33 33 41 32 32 33 23 41 33 42 22 33
0 44 33 44 32 32 44 22 22 11 23 11 33 42 32 33
0 44 33 22 33 33 44 33 33 33 22 44 33 42 22 33
0 44 33 22 33 33 44 33 22 33 22 41 33 44 33 33
0 44 32 22 33 33 44 32 33 11 22 44 33 44 32 33
0 44 33 44 33 33 41 33 33 33 22 44 33 42 32 33
0 44 33 22 33 33 44 33 33 31 22 41 33 44 33 33
0 44 33 24 32 33 44 33 22 33 23 41 33 42 32 33
0 41 32 24 32 33 44 33 32 31 23 41 33 42 32 32
0 41 33 24 33 33 44 33 32 33 22 41 33 44 32 33
0 44 22 24 33 32 44 32 32 11 23 44 33 42 22 33
0 44 33 22 33 33 44 33 33 33 22 44 33 44 33 33
0 11 33 44 22 22 41 22 22 11 23 11 32 22 22 32
0 41 32 24 33 32 41 33 32 33 22 11 33 42 33 32
0 44 33 22 33 33 44 33 33 33 22 44 33 44 33 33
0 44 32 44 32 33 44 22 22 31 22 11 33 22 22 32
0 44 33 22 33 32 44 33 33 31 22 41 33 44 32 33
0 44 33 44 33 33 41 33 32 31 22 41 33 42 32 33
0 11 33 44 22 32 11 32 32 11 22 11 32 22 22 32
0 44 33 24 33 33 44 33 33 33 22 44 33 44 33 33
0 41 33 44 33 33 41 22 22 11 23 11 33 44 32 33
0 44 33 22 32 32 44 33 33 31 22 41 33 42 32 32
0 44 33 22 33 33 44 32 33 31 22 11 32 42 33 33
0 44 33 22 33 33 44 33 33 33 22 44 33 44 32 33
0 44 33 24 33 33 44 33 33 33 22 44 33 44 33 33
0 41 33 24 33 33 41 32 32 31 23 41 32 42 32 32
0 44 33 22 32 33 41 33 32 31 22 41 33 44 33 33
0 11 33 44 22 33 44 32 33 31 22 11 33 22 33 33
0 44 33 24 33 32 44 33 32 31 22 41 33 44 32 33
0 44 33 22 33 33 41 33 32 33 22 44 32 42 32 33
0 44 33 22 33 33 44 32 32 31 22 44 32 42 33 33
0 44 33 24 33 33 41 33 22 11 22 41 33 44 33 33
0 41 33 44 32 33 41 33 22 31 22 41 33 42 32 32
0 41 33 22 33 32 44 33 33 33 22 41 33 42 33 33
0 11 32 24 32 32 11 32 32 31 22 41 33 22 32 32
0 41 33 44 33 32 44 33 32 31 22 11 33 22 22 33
0 44 33 24 32 33 44 33 33 33 22 41 33 44 33 33
0 41 32 24 33 22 41 33 32 31 22 11 33 42 32 32
0 44 33 24 33 33 44 32 33 33 22 44 33 44 33 33
0 44 33 22 32 32 44 32 22 33 22 41 33 42 32 33
0 44 33 22 33 33 41 33 33 33 22 44 33 44 33 33
0 44 33 44 33 33 44 33 33 33 22 41 33 42 33 33
0 44 33 22 33 32 44 33 33 31 22 44 33 42 33 33
0 44 33 22 33 33 44 33 32 33 22 41 33 44 33 33
0 44 33 22 33 33 44 33 33 33 22 44 33 42 33 33
0 41 33 44 33 33 41 33 22 33 22 41 33 42 32 33
0 44 33 44 32 33 41 22 33 31 22 11 33 22 32 33
0 44 32 44 33 32 44 33 32 31 22 11 33 44 33 33
0 44 33 24 32 32 44 32 33 31 23 44 33 44 33 32
0 44 33 22 33 33 44 33 32 33 22 11 33 44 32 33
0 44 32 22 32 32 41 32 32 33 23 41 33 42 32 32
0 44 33 24 33 33 41 32 32 31 23 41 33 42 32 32
0 41 33 24 32 33 41 33 32 31 22 11 33 22 33 33
0 44 33 24 32 33 44 32 32 33 22 41 33 42 32 32
0 44 33 24 33 22 44 32 33 31 22 44 33 44 33 33
0 11 32 24 32 22 41 32 32 31 23 11 33 42 32 33
0 44 33 22 22 33 41 32 32 31 22 41 33 42 33 33
0 44 32 24 33 32 44 22 22 31 22 11 33 22 32 33
0 41 33 24 32 33 11 33 22 33 22 44 33 42 33 33
0 44 32 44 32 33 11 32 22 31 23 11 33 22 33 33
0 44 32 22 33 33 44 33 33 33 22 44 33 42 33 33
0 11 32 44 32 32 11 32 22 11 23 11 32 22 22 22
0 41 33 44 32 32 41 32 32 11 22 41 33 44 22 33
0 41 32 24 32 32 41 32 22 31 23 11 32 42 32 32
0 44 32 44 32 32 41 33 32 31 33 41 32 42 22 32
0 44 32 22 33 33 44 33 32 33 22 44 33 44 32 33
0 41 33 24 32 33 44 32 32 31 22 41 33 42 33 33
0 11 22 44 22 32 41 22 22 31 23 41 33 22 32 33
0 41 32 44 32 33 41 32 32 33 22 44 33 42 32 32
0 41 22 44 32 32 41 22 32 11 23 41 32 44 22 33
0 44 33 22 32 33 44 32 33 31 22 44 33 44 33 33
0 44 33 22 33 33 44 33 32 33 22 44 33 44 33 33
0 44 33 22 33 33 44 33 33 33 22 44 33 44 33 33
0 44 33 24 32 32 41 33 32 31 22 44 32 22 32 33
0 44 33 22 33 33 44 33 33 33 23 44 33 44 33 33
0 41 33 24 33 33 44 33 32 11 23 11 32 44 32 33
0 41 32 24 33 32 41 33 32 11 23 11 33 44 32 32
0 44 33 44 32 32 41 33 22 31 22 11 32 42 22 33
0 41 33 22 33 33 44 33 32 33 22 41 33 44 32 32
0 41 32 24 33 33 44 33 33 31 22 44 33 44 33 33
0 41 33 24 33 33 41 32 32 31 22 41 32 42 32 32
0 41 32 24 33 32 41 33 32 33 23 11 33 42 32 33
0 11 33 22 22 33 44 33 32 11 22 41 32 44 32 32
0 44 32 24 33 33 44 33 32 33 22 41 33 42 33 33
0 41 32 44 33 33 44 33 22 33 33 41 33 22 22 32
0 41 32 44 33 33 44 33 22 31 22 41 33 44 32 33
0 44 33 22 33 33 41 33 32 33 22 11 33 44 32 33
0 44 33 24 32 32 44 33 22 31 22 11 33 22 32 32
0 44 33 24 33 33 44 32 22 31 22 41 33 22 32 22
0 44 33 24 33 33 44 33 32 33 22 44 33 44 33 33
0 44 32 44 32 33 44 32 33 33 23 41 33 22 22 33
0 44 32 24 32 33 41 33 32 31 22 41 32 22 22 33
0 41 33 24 33 33 44 33 33 31 23 44 33 42 32 33
0 41 32 44 32 33 41 32 22 31 22 41 33 22 32 32
0 44 33 22 33 33 44 33 33 33 22 44 33 44 33 33
0 41 33 24 32 33 44 32 32 31 23 11 33 44 33 33
0 44 33 22 33 33 44 33 32 33 22 44 33 42 32 33
0 44 33 44 32 33 11 32 32 33 23 41 33 44 33 33
0 41 33 44 33 33 44 32 33 33 22 44 33 44 32 33
0 44 33 22 33 33 44 33 33 33 22 44 33 42 33 33
0 41 32 24 33 33 44 33 22 31 23 41 33 42 32 33
0 44 33 22 33 33 44 33 32 31 22 41 33 44 22 33
0 44 33 22 33 33 44 33 32 33 22 44 33 44 32 33
0 44 33 44 32 32 41 32 22 31 22 11 33 22 32 32
0 11 32 24 33 33 41 32 22 33 22 41 33 42 33 32
0 44 33 24 33 33 44 33 33 33 22 44 33 44 33 33
0 44 33 22 33 33 44 33 33 33 23 44 33 44 33 33
0 44 33 22 33 33 44 33 32 33 22 44 33 44 33 33
0 41 32 22 33 32 44 33 32 33 22 41 33 44 33 33
0 41 33 22 33 33 41 33 32 33 22 44 33 44 33 33
0 41 32 44 22 32 11 22 32 11 23 11 33 22 22 32
0 44 33 22 33 33 44 33 32 31 22 41 33 44 33 33
0 44 33 24 33 33 44 32 33 33 22 41 33 42 33 33
0 44 33 22 33 33 44 33 32 33 22 44 33 44 32 33
0 44 33 24 32 33 41 32 32 33 22 11 33 42 32 32
0 44 33 44 33 33 41 33 32 33 22 41 33 42 32 33
0 41 33 44 33 33 44 33 32 33 22 44 33 44 33 33
0 44 22 24 33 33 41 33 32 33 22 44 33 42 33 33
0 11 32 44 33 32 41 22 22 11 23 11 33 22 22 32
0 44 32 24 33 32 44 33 33 11 22 41 33 42 32 33
0 41 33 24 33 33 44 33 33 33 22 41 33 42 32 33
0 41 32 24 32 32 41 33 32 31 22 41 33 42 32 32
0 44 33 22 33 33 44 33 33 33 22 41 33 42 32 33
0 44 33 24 33 33 41 33 33 33 22 41 33 42 33 33
0 11 32 24 32 22 11 22 32 11 23 11 32 42 22 32
0 44 33 44 33 33 44 33 32 31 22 41 33 44 32 33
0 41 33 44 32 32 11 32 22 31 23 11 32 22 32 33
0 41 33 24 33 33 44 32 33 31 22 41 33 44 33 33
0 41 32 44 32 33 44 32 22 31 22 11 32 44 22 33
0 44 33 22 33 33 41 33 33 33 22 41 33 22 32 33
0 41 32 24 33 33 41 32 32 31 23 41 32 42 32 32
0 44 33 24 33 33 44 33 33 31 22 44 33 42 33 33
0 44 22 24 22 33 44 33 32 33 22 41 33 22 33 32
0 44 33 24 33 33 44 33 33 33 22 44 33 44 32 33
0 11 33 44 33 33 41 22 22 11 22 11 33 42 32 32
0 41 32 44 32 33 44 33 22 33 22 41 33 42 32 33
0 11 32 24 22 32 41 22 22 11 23 41 22 22 32 22
0 44 33 24 33 33 44 33 32 33 22 41 33 44 33 32
0 44 32 44 22 33 11 32 32 31 23 11 33 22 22 32
0 44 33 24 33 33 44 33 32 31 22 44 33 42 33 33
0 44 33 22 33 33 44 33 32 33 22 44 33 44 33 33
0 41 32 24 32 32 11 22 32 11 22 41 32 22 32 33
0 41 32 44 32 22 11 22 22 31 23 11 32 22 22 22
0 41 33 44 32 33 44 33 32 31 22 41 33 44 32 32
0 44 33 24 32 32 41 33 32 31 22 41 32 42 32 33
0 44 33 22 33 33 44 33 32 33 22 44 33 44 33 33
0 44 33 22 33 33 44 33 33 33 22 41 33 44 32 33
0 44 33 24 33 33 41 33 32 33 22 41 33 44 32 33
0 44 33 22 33 33 44 33 33 33 23 44 33 44 33 33
0 41 33 24 33 32 44 32 32 31 22 41 33 42 33 33
0 44 33 24 33 33 44 32 33 33 22 44 33 42 33 33
0 44 33 22 33 33 44 32 32 33 22 44 33 42 33 33
0 44 33 44 33 32 41 33 32 33 22 41 32 22 32 33
0 44 32 22 33 33 44 33 32 33 22 41 33 42 22 33
0 44 33 22 32 33 44 33 22 11 22 41 33 42 33 32
0 44 32 24 32 33 44 33 22 33 22 41 33 44 32 33
0 41 33 22 33 33 44 32 32 33 23 41 33 42 32 33
0 44 33 22 33 33 44 33 33 33 22 41 33 44 33 33
0 44 33 24 33 33 44 33 22 31 22 11 33 42 22 33
0 41 32 24 32 32 41 32 33 31 22 41 33 42 33 32
0 11 33 24 22 33 44 32 22 33 22 41 33 42 32 32
0 44 32 24 32 32 41 32 22 31 22 41 33 42 33 33
0 41 33 44 32 32 11 32 22 11 22 44 32 42 22 22
0 44 33 22 32 33 44 33 33 33 22 44 33 42 33 32
0 44 33 22 33 32 44 32 32 33 22 41 32 42 32 33
0 44 33 24 33 33 44 33 33 31 22 44 33 42 33 33
0 41 33 24 33 33 44 32 33 33 22 41 33 44 22 33
0 44 33 44 32 32 41 33 32 31 22 41 33 22 32 33
0 44 33 24 33 33 44 33 33 33 22 41 33 44 32 33
0 41 33 24 33 32 44 32 32 33 22 41 32 44 32 32
0 44 33 24 33 33 44 33 22 31 22 44 33 42 33 33
0 44 33 44 33 33 44 32 33 31 22 44 33 44 33 33
0 41 32 44 33 22 41 33 32 31 22 41 33 22 22 32
0 41 33 22 32 33 44 33 32 33 22 41 33 22 32 33
0 44 33 24 33 33 44 33 33 31 22 44 33 44 33 33
0 44 33 24 33 33 41 33 33 11 22 44 33 44 32 33
0 44 22 22 33 33 44 33 32 31 22 11 33 44 32 33
0 44 32 24 33 33 44 33 32 31 22 44 33 44 33 32
0 44 33 24 33 33 44 33 33 33 22 44 33 44 33 33
0 11 33 24 33 32 41 33 22 11 22 44 33 42 32 33
0 11 32 44 22 22 41 22 22 11 23 11 33 22 32 32
0 44 33 24 33 33 44 32 32 33 22 41 32 42 32 32
0 44 32 44 32 33 41 33 33 11 23 11 33 44 22 33
0 41 32 24 32 33 41 32 32 31 23 41 32 42 32 22
0 44 33 24 33 33 44 22 22 31 22 11 33 22 22 33
0 11 22 44 22 32 11 22 22 11 23 11 32 22 22 22
0 44 33 22 33 33 44 33 32 31 22 41 33 42 33 33
0 44 33 44 33 33 41 32 33 11 22 41 33 42 32 33
0 41 32 44 32 32 41 32 32 31 23 11 33 42 32 32
0 11 22 44 32 32 41 32 22 31 23 11 32 22 22 32
0 44 32 22 32 32 41 33 22 33 22 41 33 42 33 33
0 44 32 22 33 33 44 33 22 31 23 41 33 22 32 32
0 44 33 24 33 33 41 33 33 33 22 44 33 42 32 33
0 44 32 24 32 33 41 32 22 31 22 41 33 44 33 33
0 44 33 24 22 32 41 32 33 11 22 11 32 44 32 32
0 44 33 24 32 33 44 32 33 33 22 44 33 42 33 33
0 44 33 24 33 33 41 33 33 31 22 41 33 42 32 33
0 44 33 24 33 33 44 33 33 33 23 41 33 42 33 33
0 41 32 24 32 32 41 33 22 31 22 41 32 22 32 22
0 41 32 24 32 32 44 33 32 31 22 41 33 42 32 32
0 44 33 44 32 32 44 32 33 33 23 11 33 42 32 33
0 44 33 24 33 33 44 33 32 31 22 44 33 44 32 32
0 41 33 24 33 33 41 32 22 31 22 41 33 22 33 33
0 44 33 22 33 33 44 33 33 33 22 11 33 44 33 33
0 44 33 24 32 33 44 32 33 31 22 41 33 22 32 33
0 41 33 24 32 22 44 33 22 31 22 41 33 44 33 32
0 11 32 24 32 33 41 33 32 11 23 41 32 22 32 33
0 44 33 22 33 33 44 33 33 33 22 41 33 44 33 33
0 44 33 24 33 33 44 33 33 33 22 44 33 44 33 33
0 41 32 24 32 22 11 32 32 31 22 11 32 42 32 33
0 44 33 22 33 33 44 33 33 33 22 44 33 44 33 33
0 44 33 44 32 32 44 33 22 31 22 11 33 44 32 32
0 44 33 24 33 32 44 33 32 33 22 44 33 42 33 33
0 44 33 22 33 33 44 33 32 33 22 44 33 44 32 33
0 44 33 44 33 33 44 32 33 33 22 41 33 42 33 33
0 41 33 24 33 33 41 33 32 33 22 41 33 42 33 33
0 41 33 24 33 33 44 33 32 31 22 41 32 42 32 32
0 44 32 24 33 33 44 33 22 33 22 41 33 42 32 33
0 41 33 24 32 32 41 32 22 31 22 41 33 42 33 33
0 44 32 44 33 33 44 33 32 33 22 44 33 42 33 33
0 44 33 22 32 33 44 32 22 31 22 41 33 42 32 33
0 44 33 24 32 33 41 33 32 31 22 41 33 44 33 33
0 44 32 22 33 33 44 33 32 33 22 41 33 42 32 33
0 44 33 22 33 33 44 33 32 11 22 44 33 42 33 33
0 44 33 22 33 33 44 33 33 33 22 41 33 44 33 33
0 44 33 24 32 32 41 33 32 31 22 41 33 42 32 32
0 41 33 44 32 22 41 32 32 11 23 11 32 42 32 22
0 44 32 24 33 32 41 33 32 33 22 41 32 42 33 33
0 41 32 44 22 33 11 32 22 31 22 41 32 22 22 32
0 41 33 24 33 32 41 33 32 31 22 41 33 42 33 32
0 41 32 24 32 32 41 32 32 31 23 41 33 22 32 32
0 41 32 44 32 32 44 32 32 31 22 11 32 42 33 33
0 44 32 24 33 33 44 33 33 33 22 44 33 44 33 33
0 44 32 24 33 32 44 32 32 33 23 44 32 22 32 33
0 44 33 22 33 33 44 33 33 33 22 44 33 44 33 33
0 44 33 24 32 33 41 32 32 31 23 41 33 42 32 32
0 44 33 22 33 33 44 33 32 31 22 11 33 44 32 33
0 11 32 24 33 32 44 22 32 31 22 41 32 22 32 33
0 41 32 24 32 32 41 32 33 31 23 11 33 44 32 33
0 44 33 24 32 33 41 33 32 33 22 44 33 42 32 33
0 44 33 22 33 33 44 33 33 33 22 44 33 44 33 33
0 41 32 44 22 22 11 22 22 31 22 11 32 22 32 32
0 41 33 44 33 33 44 33 32 33 22 11 33 44 33 33
0 41 33 22 33 33 41 33 32 31 22 41 33 42 32 32
0 41 33 24 33 32 44 33 32 33 22 44 33 42 32 33
0 41 32 24 32 32 41 32 32 11 23 41 32 42 22 32
0 41 32 24 32 33 41 32 32 31 23 41 33 42 32 32
0 44 33 22 33 33 44 33 33 33 22 44 33 42 33 33
0 44 33 22 32 33 44 33 32 31 22 44 33 22 33 33
0 44 33 24 32 33 41 33 32 33 22 41 33 42 33 33
0 41 33 44 33 33 41 33 22 31 22 44 33 42 32 33
0 44 33 24 32 33 44 33 33 33 22 44 33 44 33 33
0 41 32 24 32 33 41 32 22 31 23 41 33 42 32 32
0 44 32 24 33 33 41 32 32 33 22 41 33 42 32 32
0 44 33 24 32 33 44 32 22 11 22 41 33 42 33 33
0 44 33 24 33 32 44 32 33 33 22 41 33 44 33 33
0 44 33 24 33 33 41 33 33 31 22 44 33 44 33 33
0 41 32 44 32 32 11 32 22 31 22 41 33 42 22 33
0 44 33 24 33 33 44 33 22 31 22 41 33 44 32 33
0 44 33 24 32 32 44 32 32 31 22 11 33 42 33 32
0 41 32 24 33 32 44 33 22 33 22 44 32 42 32 32
0 44 33 22 33 33 44 33 32 11 22 41 33 44 33 33
0 41 22 24 33 32 44 33 22 31 22 44 33 22 32 33
0 41 33 44 32 33 41 33 22 33 22 11 33 22 32 33
0 44 33 22 33 33 44 33 33 33 22 44 33 44 33 33
0 41 33 24 32 32 41 32 32 31 23 41 33 42 32 32
0 44 33 24 32 32 44 33 32 31 23 41 33 22 32 33
0 44 33 24 33 32 11 33 33 33 22 44 33 42 33 33
0 41 33 24 32 33 41 22 32 31 22 11 33 42 22 32
0 44 33 22 33 33 44 33 33 31 22 44 33 44 33 33
0 41 33 24 33 33 41 33 32 33 23 41 33 42 32 33
0 41 32 24 33 33 41 33 32 31 22 41 33 44 32 32
0 41 32 24 33 33 44 32 32 33 22 41 33 44 32 33
0 44 33 22 33 33 44 33 22 33 22 44 33 44 33 33
0 44 33 22 33 33 44 33 33 33 22 44 33 44 33 33
0 44 33 44 32 33 44 33 32 33 22 41 32 44 32 33
0 41 32 24 33 33 41 32 32 31 22 41 33 42 32 32
0 44 33 22 33 32 44 33 32 31 22 44 33 44 33 33
0 44 32 24 32 32 41 32 22 11 22 11 32 22 22 32
0 44 33 24 32 32 41 33 32 31 22 41 33 42 32 32
0 44 33 44 33 33 44 33 32 33 22 44 33 22 32 33
0 44 33 22 33 33 44 33 32 33 22 41 33 44 33 33
0 44 32 44 33 33 44 33 32 33 22 41 33 42 33 33
0 41 33 24 33 33 44 33 33 33 22 41 33 42 33 33
0 11 33 44 32 33 41 33 22 31 23 11 32 22 22 32
0 44 33 22 33 33 41 33 33 33 22 41 33 44 33 33
0 44 33 22 33 33 41 33 33 31 22 44 32 44 32 32
0 41 33 24 33 33 11 32 32 33 22 41 33 42 33 33
0 11 32 24 32 32 11 32 22 11 22 11 33 22 22 33
0 41 33 24 33 33 41 32 32 31 22 41 33 42 33 33
0 41 32 22 33 32 11 32 22 11 22 41 33 42 32 33
0 44 33 24 32 32 44 22 32 11 22 11 33 22 32 32
0 41 32 44 32 33 44 22 32 11 22 44 33 22 22 22
0 44 32 44 33 32 44 32 22 31 22 11 33 44 33 33
0 44 32 44 33 33 44 32 33 11 22 44 33 44 22 32
0 44 33 24 33 33 41 33 32 33 22 41 33 42 32 33
0 44 33 22 33 33 44 33 33 31 22 44 33 42 33 33
0 44 33 22 33 33 44 33 33 33 22 44 33 44 33 33
0 41 33 24 22 32 41 33 32 31 23 11 32 22 22 32
0 41 33 24 22 33 44 32 32 33 22 41 33 42 32 32
0 41 33 44 32 33 41 33 32 33 22 41 32 42 32 33
0 44 33 22 33 33 44 33 33 33 23 44 33 42 32 33
0 44 33 44 32 32 44 32 33 31 23 41 33 22 32 32
0 41 33 44 32 33 41 33 32 31 22 41 33 44 22 32
0 41 32 24 33 32 41 33 32 33 22 41 33 44 33 33
0 44 33 22 33 33 44 33 33 33 22 44 33 44 33 33
0 11 32 24 33 32 41 33 22 11 23 41 32 22 22 33
0 44 33 22 33 33 44 33 32 33 22 41 33 42 33 33
0 41 32 22 33 33 41 32 33 33 22 41 33 22 32 32
0 11 32 24 32 32 44 33 32 31 22 41 33 42 33 33
0 41 33 24 22 22 44 32 22 31 22 11 33 42 32 32
0 44 33 24 32 33 41 32 32 31 22 44 33 42 32 33
0 44 33 22 33 33 44 33 32 33 22 41 33 44 32 33
0 44 33 22 33 32 44 33 33 33 22 44 33 42 33 33
0 44 33 22 33 33 44 32 33 33 22 44 33 44 33 33
0 44 33 44 32 32 44 33 22 33 22 41 33 42 33 33
0 44 33 22 32 33 41 33 32 33 23 41 33 44 32 33
0 44 33 22 33 33 44 33 33 33 22 41 33 44 33 33
0 41 33 22 32 33 44 33 32 31 22 11 33 44 33 33
0 41 33 24 33 33 44 33 33 33 22 41 33 42 33 33
0 44 33 44 33 33 41 33 22 31 22 41 33 44 33 33
0 44 22 24 33 33 11 33 22 33 22 11 33 22 22 33
0 44 33 22 33 33 44 33 32 33 22 44 33 44 33 33
0 44 32 24 32 32 44 33 32 31 23 41 33 42 32 22
0 44 33 24 33 32 41 32 32 33 22 44 33 42 33 33
0 44 33 24 33 33 44 32 33 33 22 44 33 44 32 32
0 41 32 44 32 32 44 33 32 31 22 11 33 42 22 32
0 44 32 44 22 32 44 33 32 33 22 44 33 22 32 33
0 41 33 22 33 33 44 32 33 31 22 44 33 42 33 33
0 41 33 24 33 32 41 32 32 33 22 41 33 22 33 33
0 41 32 22 33 33 41 33 33 31 22 11 33 22 32 32
0 44 33 22 33 32 44 33 32 31 23 41 33 44 32 33
0 41 32 44 33 33 41 33 32 33 22 41 33 42 32 32
0 44 32 24 33 33 41 22 22 31 22 41 33 44 32 32
0 44 33 24 32 33 44 32 32 31 22 41 33 42 32 33
0 44 33 24 33 33 44 33 32 31 22 44 33 44 32 33
0 44 33 24 32 32 41 32 22 11 22 44 33 22 33 33
0 11 33 24 33 33 44 33 33 31 22 41 33 44 33 33
0 44 33 44 22 32 11 33 22 11 33 11 32 22 32 32
0 41 33 24 32 33 41 32 32 11 22 41 32 42 33 32
0 44 32 24 32 32 41 22 32 31 22 41 33 42 22 33
0 41 33 24 32 32 44 33 32 31 22 11 33 44 32 33
0 44 33 24 33 33 44 33 33 31 22 41 33 44 33 32
0 44 33 24 32 33 41 32 32 11 22 41 33 42 33 33
0 44 33 24 33 33 44 33 32 33 22 44 33 42 32 33
0 11 22 44 32 32 41 33 32 31 23 41 32 42 32 33
0 41 33 44 32 32 44 33 32 31 22 41 33 42 22 32
0 41 32 24 32 32 44 33 32 31 23 41 32 22 33 32
0 11 33 44 33 33 11 33 32 33 23 41 32 22 32 33
0 41 33 44 32 32 44 32 32 31 22 41 33 42 33 32
0 44 33 24 33 32 44 33 22 31 22 41 32 42 32 22
0 44 32 24 33 33 44 32 33 11 33 41 33 22 33 32
0 44 32 44 32 32 44 33 32 11 22 41 33 42 32 32
0 44 33 22 33 33 44 33 33 33 22 44 33 42 33 33
0 41 33 44 32 32 41 32 22 31 22 41 33 44 32 32
0 41 33 44 33 33 44 33 32 33 22 41 33 42 32 32
0 44 32 44 33 33 41 32 22 11 22 41 32 22 32 22
0 44 33 24 22 33 41 32 22 31 22 11 33 42 33 33
0 44 32 22 33 33 44 33 22 33 22 44 33 22 33 33
0 44 33 24 22 32 41 33 32 31 22 41 33 42 32 33
0 41 33 24 32 22 41 32 22 31 23 11 33 42 22 32
0 41 33 24 32 32 41 32 32 31 23 41 32 42 32 33
0 44 33 44 33 32 41 33 32 31 22 41 33 42 32 33
0 41 32 24 32 32 44 32 32 31 22 44 32 42 32 33
0 44 33 24 33 33 41 32 33 33 22 41 33 44 33 33
0 41 33 22 33 33 44 33 32 33 22 44 33 42 32 32
0 44 33 24 33 33 44 33 33 31 22 41 33 42 32 33
0 41 32 24 33 33 44 32 33 33 22 41 33 22 33 33
0 44 33 24 33 33 44 33 33 31 22 44 33 42 32 33
0 44 33 22 33 33 44 33 33 33 22 44 33 44 33 33
0 44 22 24 33 22 11 32 22 11 22 11 33 42 32 32
0 44 33 24 33 33 44 33 32 31 22 11 33 42 32 33
0 44 33 44 32 33 44 33 33 11 22 11 33 42 32 33
0 44 33 24 33 33 41 33 32 33 23 41 33 44 33 33
0 41 33 24 33 32 44 33 33 31 22 41 33 44 32 33
0 44 33 22 32 33 41 33 33 31 22 11 33 42 32 32
0 11 22 44 22 22 44 22 32 11 23 41 33 22 32 32
0 44 32 24 32 33 44 33 32 33 23 44 33 44 33 33
0 44 33 24 32 22 44 32 22 33 23 41 33 22 33 33
0 44 33 24 32 32 44 22 22 31 23 41 32 22 32 33
0 44 33 24 32 33 44 33 33 31 22 41 33 42 33 33
0 44 33 24 33 32 41 32 32 31 22 41 33 22 32 33
0 44 33 22 33 33 44 32 32 33 22 44 33 42 33 33
0 44 32 24 32 33 44 33 32 33 22 44 33 44 32 33
0 44 33 22 33 33 44 33 32 31 22 41 33 42 33 33
0 41 32 44 33 33 44 33 32 11 22 44 33 42 32 32
0 44 33 44 33 32 41 33 32 31 22 44 33 44 33 33
0 44 33 24 32 33 44 32 32 31 22 41 33 42 33 33
0 44 33 22 33 33 41 33 33 31 22 44 33 42 33 33
0 41 33 22 33 33 44 32 22 33 22 44 33 44 33 33
0 41 32 44 32 32 11 33 32 31 22 41 32 42 32 32
0 44 33 22 32 33 44 33 32 31 22 44 33 44 33 33
0 44 32 44 33 32 41 33 22 33 23 41 32 42 32 33
0 41 33 24 33 32 41 22 32 31 22 11 22 42 32 32
0 41 32 24 32 32 44 32 22 31 23 41 33 22 32 32
0 44 33 24 33 33 41 32 33 31 22 11 33 44 32 32
0 11 33 24 33 32 41 32 32 31 22 11 33 42 22 22
0 41 22 24 32 32 41 32 32 33 23 11 32 44 32 33
0 44 33 24 32 33 44 32 22 33 22 41 33 22 32 33
0 44 33 24 33 33 44 33 33 33 22 41 33 44 33 33
0 44 33 22 33 33 44 33 33 33 22 44 33 44 33 33
0 41 32 24 32 33 44 32 33 33 22 41 33 42 32 33
0 44 33 22 33 33 44 33 33 33 22 41 33 42 33 33
0 44 33 24 33 32 44 32 32 31 22 41 33 42 32 33
0 44 33 24 33 32 44 33 33 31 22 44 33 22 33 33
0 44 33 24 32 33 44 33 32 31 22 41 33 44 33 33
0 41 33 24 32 33 44 33 32 31 22 41 33 42 32 33
0 41 32 24 32 32 44 32 33 31 23 41 33 42 32 32
0 44 33 22 33 33 44 33 33 33 22 44 33 44 33 33
0 44 33 24 33 32 41 32 32 33 23 41 33 44 33 33
0 44 33 22 33 33 44 33 33 33 22 41 33 44 32 33
0 11 32 44 32 33 11 32 22 11 23 11 32 22 33 33
0 44 33 44 32 33 44 32 22 33 22 11 32 42 32 33
0 44 32 24 32 33 44 33 22 31 23 41 33 42 33 32
0 44 32 24 33 32 44 33 32 31 22 11 33 42 32 33
0 44 32 24 32 32 41 32 32 11 22 41 32 42 33 32
0 44 33 22 33 33 44 33 32 33 22 41 33 44 33 33
0 41 33 44 32 33 41 32 22 11 22 41 33 22 33 32
0 41 32 44 22 22 41 22 32 11 22 11 22 22 22 32
0 41 33 44 22 32 41 22 22 11 23 41 33 22 32 22
0 44 33 22 33 32 41 33 33 33 23 11 33 42 32 33
0 44 33 22 33 33 44 33 33 31 22 44 33 44 33 33
0 44 33 24 33 33 44 33 32 33 22 41 33 42 32 33
0 44 33 22 33 33 11 33 22 33 22 41 33 44 33 32
0 44 32 24 32 32 44 32 32 11 22 41 33 42 22 33
0 44 33 24 33 33 44 33 32 11 22 44 33 44 32 33
0 44 33 24 33 33 44 33 32 31 22 11 33 42 22 33
0 44 32 24 32 33 44 33 33 31 22 41 32 42 33 33
0 41 33 24 33 33 44 33 22 31 22 11 33 42 32 33
0 44 32 22 33 32 44 33 33 33 22 41 33 42 33 33
0 41 33 22 32 32 44 32 32 31 22 44 33 42 33 33
0 41 32 44 32 32 41 33 22 31 23 11 33 44 32 33
0 11 22 44 22 33 41 32 22 11 22 11 33 22 22 22
0 44 33 24 33 33 44 33 33 31 22 44 33 44 33 33
0 44 33 44 32 33 44 33 32 31 22 41 33 42 33 32
0 44 33 22 33 33 44 33 33 33 22 44 33 44 33 33
0 41 33 24 33 33 44 33 33 33 22 41 33 42 33 33
0 44 32 44 33 33 44 32 33 31 23 41 33 42 33 33
0 41 32 44 32 32 41 32 32 11 23 11 32 42 22 32
0 44 33 22 33 33 44 33 32 31 22 41 33 42 33 33
0 41 32 44 32 32 11 22 22 11 23 11 33 22 22 22
0 41 32 24 32 32 41 32 32 31 23 41 32 42 32 32
0 44 33 44 33 33 44 33 32 33 22 41 33 44 32 32
0 41 32 24 32 33 44 32 32 33 22 41 33 42 33 33
0 44 33 24 32 32 41 33 32 33 23 41 33 44 32 33
0 44 33 24 33 33 44 33 33 33 22 44 33 44 33 33
0 11 32 44 22 32 41 32 22 31 23 11 32 22 32 32
0 44 33 24 33 33 41 32 32 31 22 41 33 42 32 33
0 44 33 44 32 33 44 33 22 31 22 41 32 42 32 33
0 44 33 22 33 33 41 32 33 33 22 44 33 42 32 32
0 44 33 22 33 33 44 33 32 33 23 44 33 44 33 33
0 44 32 22 33 32 44 33 32 31 22 41 33 42 33 33
0 11 32 44 33 33 44 32 32 11 23 41 33 42 32 33
0 44 33 22 33 33 44 33 33 33 22 44 33 44 33 33
0 44 33 22 32 33 44 33 22 31 22 41 33 44 33 32
0 41 32 44 33 32 41 33 32 31 23 41 33 42 22 33
0 41 32 24 32 32 41 33 32 31 22 41 33 42 33 33
0 41 32 44 32 32 41 32 22 11 23 11 32 42 32 32
0 44 33 22 33 33 44 33 33 33 22 44 33 44 33 33
1 11 32 44 22 22 11 22 22 11 33 11 33 22 22 32
1 44 33 24 22 33 44 33 32 11 22 44 33 22 33 33
1 41 33 24 33 32 41 32 32 11 23 41 32 22 22 32
1 44 33 24 33 33 44 33 32 33 22 11 33 42 33 33
1 44 33 22 32 32 44 33 33 31 22 11 33 44 33 32
1 41 33 24 33 33 44 33 33 33 22 44 33 44 33 33
1 44 33 24 32 33 41 33 32 11 22 41 33 44 32 33
1 41 32 44 32 22 11 32 22 31 22 11 33 42 22 32
1 41 32 44 33 32 41 33 32 31 23 41 33 42 33 33
1 44 32 44 32 32 41 32 32 31 22 44 32 42 22 32
1 44 33 22 33 33 44 33 33 33 22 44 33 44 33 33
1 41 33 24 33 33 41 32 22 31 23 41 32 22 32 33
1 44 33 24 32 33 41 32 32 31 22 41 33 42 32 32
1 44 33 24 32 33 44 33 32 33 22 41 33 42 32 33
1 41 32 24 33 32 44 32 32 33 23 41 33 42 33 33
1 44 33 22 33 32 44 33 33 33 22 41 33 42 33 33
1 11 33 24 32 32 41 32 22 31 22 41 32 44 22 32
1 41 33 24 33 33 44 33 33 33 22 41 33 42 32 33
1 41 33 24 22 32 44 32 22 31 22 41 32 42 32 22
1 44 32 24 33 32 44 32 22 11 22 41 33 42 32 32
1 41 32 24 33 22 41 32 32 31 23 41 32 42 32 32
1 41 33 22 32 33 41 33 32 33 22 41 33 44 32 33
1 41 32 24 32 33 11 32 32 31 23 11 33 22 32 33
1 44 33 24 33 33 41 33 32 33 22 41 33 42 33 33
1 41 33 24 32 33 41 33 32 31 22 11 33 44 32 32
1 41 33 22 33 32 44 32 32 31 22 41 33 44 33 33
1 44 33 24 32 33 44 22 22 11 22 41 32 42 22 33
1 44 33 22 33 33 44 33 33 33 22 44 33 44 33 33
1 44 33 24 33 33 41 33 32 33 22 41 33 44 32 33
1 44 33 22 32 32 44 32 33 33 22 11 32 44 32 33
1 44 33 44 32 33 41 33 33 33 23 41 32 42 22 32
1 44 33 24 33 33 44 33 32 31 22 41 33 22 32 33
1 41 32 24 32 33 44 32 32 31 22 41 33 44 32 32
1 44 33 24 33 33 41 33 32 31 22 44 33 44 33 33
1 44 33 22 33 33 44 33 33 33 22 41 33 44 33 33
1 44 33 44 22 32 41 33 22 31 22 11 32 42 32 22
1 44 33 24 33 33 11 33 22 33 22 41 33 44 32 33
1 41 33 24 33 32 41 32 22 33 22 41 33 22 33 32
1 44 33 22 33 32 41 33 32 31 22 11 33 42 33 32
1 41 33 44 32 33 41 22 22 11 33 11 32 22 22 22
1 44 32 22 32 33 41 33 32 31 22 44 33 42 32 32
1 44 33 24 33 33 44 33 33 33 22 44 33 42 33 33
1 44 33 24 33 32 44 33 33 33 22 11 33 42 32 32
1 44 32 22 33 33 44 32 32 31 22 41 33 44 32 33
1 41 33 24 33 33 44 32 22 31 23 41 33 22 22 32
1 41 32 24 32 33 41 32 32 31 22 41 33 42 33 33
1 44 33 24 32 32 44 33 32 33 22 41 33 44 32 33
1 44 33 44 33 33 41 32 32 33 23 11 32 42 32 33
1 41 33 24 33 33 41 32 33 31 33 41 33 44 33 33
1 44 32 24 33 22 44 32 22 11 22 11 33 42 22 33
1 11 32 24 22 22 44 32 22 11 23 11 32 42 32 32
1 44 33 22 33 33 44 33 33 33 22 44 33 44 33 33
1 41 32 24 33 32 41 32 32 31 23 41 32 42 32 32
1 44 33 24 33 33 44 33 22 33 22 44 33 42 33 33
1 41 33 24 33 33 44 32 22 33 22 41 33 42 33 33
1 41 33 44 33 33 41 33 32 31 22 11 32 42 32 33
1 41 32 44 22 22 41 32 32 31 22 11 33 22 32 32
1 44 32 24 33 32 41 33 22 33 23 41 33 44 32 33
1 44 33 24 32 33 41 32 33 33 22 44 33 44 33 32
1 41 33 24 32 33 44 32 33 33 22 41 33 44 32 33
1 41 33 24 32 33 44 32 32 31 23 41 33 44 32 32
1 44 33 24 32 33 44 33 32 31 22 41 33 42 33 33
1 11 32 44 22 32 11 32 22 31 23 11 22 22 22 22
1 44 33 44 32 32 41 33 22 31 22 41 33 22 32 32
1 44 33 44 22 32 44 33 22 31 22 11 33 42 32 32
1 41 22 44 33 32 41 33 22 11 22 41 33 42 33 33
1 41 33 24 32 33 41 33 32 31 22 41 33 42 32 33
1 41 32 24 32 32 41 32 32 31 33 41 33 42 32 32
1 44 32 24 33 33 41 33 22 31 22 44 33 22 33 32
1 44 33 22 32 33 44 33 32 31 22 41 33 22 33 33
1 41 32 24 33 32 44 33 32 11 23 41 33 42 32 32
1 41 33 24 33 33 44 32 32 31 22 44 33 22 33 33
1 11 33 44 33 32 44 32 32 31 22 41 33 42 32 33
1 44 33 24 32 32 44 33 33 11 22 41 33 44 33 32
1 44 33 24 33 33 41 33 32 33 22 41 33 42 33 33
1 44 32 24 32 33 44 33 32 31 23 41 33 44 33 32
1 41 32 24 32 33 44 33 32 31 22 41 33 42 32 33
1 41 32 44 32 33 41 33 22 11 22 11 32 42 32 33
1 44 33 22 33 33 44 33 33 31 22 41 33 44 33 33
1 41 33 22 33 33 44 33 33 31 22 41 33 42 33 33
1 44 32 24 32 32 44 32 32 31 22 44 33 42 32 33
1 44 33 24 33 32 44 32 32 31 22 41 32 44 32 33
1 41 32 44 32 33 41 32 32 31 22 41 33 42 32 33
1 41 32 22 33 33 44 32 32 33 22 41 33 42 33 33
1 11 22 44 32 32 11 22 32 31 23 11 32 22 22 32
1 44 33 24 33 33 41 33 32 33 22 44 33 42 33 33
1 41 32 44 33 32 41 32 32 31 23 41 33 22 32 32
1 44 33 22 33 33 44 33 32 33 22 44 33 44 32 33
1 41 22 24 32 33 41 33 22 31 22 41 33 44 33 33
1 44 33 24 32 32 41 32 22 11 22 11 33 42 33 33
1 44 33 24 33 32 41 32 32 31 23 44 33 44 32 32
1 44 32 24 32 22 44 32 32 31 23 11 33 42 32 32
1 41 32 24 33 33 11 32 22 31 23 41 33 42 32 33
1 44 33 44 32 32 44 33 22 31 22 11 33 44 22 32
1 41 32 44 33 32 41 22 22 33 22 41 33 42 32 33
1 44 33 44 33 32 44 32 32 33 23 41 33 42 33 33
1 41 33 24 32 33 44 33 32 31 22 44 32 42 32 32
1 41 32 44 33 33 44 32 22 33 22 11 33 42 32 33
1 41 33 24 33 33 41 32 22 33 22 44 32 42 32 33
1 41 33 24 32 33 44 32 32 31 22 11 32 42 33 33
1 44 32 24 33 33 44 33 33 33 22 41 33 42 33 33
1 44 33 22 33 33 44 32 33 33 22 44 33 44 32 33
1 44 33 22 33 33 44 33 33 31 22 41 33 42 32 33
1 41 33 24 33 33 41 33 32 31 22 41 33 42 33 33
1 41 33 22 33 33 44 33 32 33 22 44 33 42 33 33
1 44 33 24 32 33 44 33 32 31 22 41 32 22 32 33
1 44 33 44 32 32 44 33 33 31 22 41 32 42 32 33
1 44 33 24 33 33 44 33 33 33 22 41 33 44 33 33
1 11 22 44 22 22 11 22 22 11 33 11 32 22 22 22
1 44 33 24 33 33 41 33 32 31 23 44 33 42 32 33
1 11 22 44 32 32 11 22 32 31 33 11 32 22 32 22
1 44 33 24 32 33 44 33 32 31 22 41 33 44 33 33
1 44 33 22 33 33 44 33 32 33 22 11 33 22 33 33
1 41 33 24 32 32 41 33 32 31 23 41 33 42 32 32
1 41 33 24 32 32 41 32 32 31 23 11 33 42 32 33
1 44 33 22 33 33 44 33 33 31 22 44 33 44 33 33
1 44 33 44 32 33 44 33 33 33 22 44 33 44 33 33
1 44 33 44 32 33 44 33 32 31 22 41 33 42 33 33
1 44 33 24 22 32 44 33 32 33 22 11 33 42 32 33
1 44 33 24 33 33 41 33 32 33 22 44 33 44 33 33
1 41 32 44 33 33 41 32 32 31 23 11 32 42 32 32
1 44 33 44 33 33 44 33 32 33 22 41 33 44 32 33
1 44 33 22 33 33 44 33 33 31 22 44 33 44 33 33
1 44 33 24 33 33 41 33 32 33 22 44 32 42 33 33
1 44 33 22 33 33 44 33 32 31 22 44 33 44 32 33
1 41 33 44 33 33 44 32 22 33 23 44 33 44 32 33
1 44 33 22 33 33 44 33 33 31 22 44 33 44 32 33
1 44 33 44 32 33 44 33 22 33 22 41 33 42 33 33
1 44 33 22 33 33 44 33 32 33 22 11 33 42 33 32
1 41 32 24 33 33 41 33 32 31 22 44 33 42 32 33
1 44 33 24 33 32 44 32 22 31 22 41 33 44 32 33
1 44 32 24 33 32 41 32 32 33 23 41 33 42 32 33
1 41 22 44 32 22 41 22 22 11 23 11 32 22 22 22
1 44 33 24 32 32 44 33 33 33 22 41 33 42 22 33
1 44 32 44 32 33 41 33 22 31 22 41 33 42 32 32
1 44 33 22 33 33 44 33 22 31 22 41 33 42 33 33
1 44 33 22 33 33 44 33 33 33 22 44 33 44 33 33
1 44 32 22 32 32 41 33 32 33 22 41 33 42 33 33
1 44 33 24 32 33 44 33 32 31 23 44 33 42 33 33
1 41 33 24 32 33 44 33 33 33 22 44 33 42 32 33
1 41 32 24 33 32 41 33 32 31 22 11 33 42 22 33
1 44 33 24 32 32 41 33 32 31 22 11 32 22 32 33
1 44 33 24 33 33 44 32 33 31 22 44 33 44 22 33
1 41 33 22 32 33 44 33 33 33 22 41 33 42 33 33
1 41 33 22 33 32 44 33 32 31 22 44 32 44 33 33
1 44 33 22 32 32 41 33 32 31 33 41 32 42 33 32
1 11 33 24 32 33 11 32 32 31 22 11 32 42 32 32
1 41 33 22 33 33 44 33 33 31 22 44 33 44 32 33
1 41 32 22 33 33 41 32 32 33 22 11 33 42 33 33
1 41 33 24 32 33 44 32 32 33 22 44 33 42 32 33
1 44 32 24 33 33 44 33 32 11 22 44 33 42 32 33
1 41 22 44 22 33 44 32 22 31 22 41 32 42 22 33
1 44 32 24 33 33 41 33 32 31 22 41 32 42 32 33
1 44 32 44 33 33 41 22 33 33 33 11 32 22 33 32
1 41 33 24 33 33 44 32 33 33 22 11 33 42 22 33
1 41 32 44 33 33 41 33 32 31 23 41 32 42 32 33
1 44 32 24 32 32 44 32 32 31 22 41 33 44 32 32
1 44 32 24 32 33 44 32 32 31 22 41 33 22 33 32
1 41 33 24 33 33 44 33 32 33 22 41 33 44 32 33
1 41 22 44 32 22 41 32 22 11 23 11 32 42 32 33
1 41 33 24 32 33 44 32 32 31 22 41 33 42 32 33
1 44 33 24 33 32 44 32 22 11 23 41 33 44 33 33
1 44 33 24 33 33 44 33 32 31 22 44 33 42 32 33
1 41 32 44 32 32 41 32 32 31 23 11 33 42 32 32
1 41 33 24 32 33 41 33 33 31 23 44 33 42 33 33
1 41 33 44 33 33 41 32 22 33 22 41 33 22 33 33
1 44 32 24 33 33 41 32 32 33 22 44 33 44 33 32
1 44 33 24 33 33 44 33 33 31 22 41 33 44 33 32
1 44 33 22 33 33 41 33 33 33 22 41 33 42 32 32
1 44 33 22 33 33 44 33 33 31 22 41 33 44 33 33
1 41 33 44 22 33 41 33 33 11 22 11 32 42 32 33
1 44 32 24 33 33 41 32 22 31 22 11 33 22 32 22
1 41 33 24 33 33 44 32 32 33 22 44 33 42 33 32
1 44 33 22 33 33 44 33 32 33 22 44 33 44 32 33
1 44 33 22 33 33 44 33 33 33 22 44 33 44 33 33
1 44 33 24 33 33 41 33 33 31 22 41 33 42 32 33
1 41 33 44 33 33 44 33 33 31 22 41 32 42 32 33
1 41 33 22 32 33 44 33 32 31 22 41 33 44 33 33
1 44 33 24 33 33 44 33 33 33 23 44 33 22 22 32
1 44 33 24 33 33 44 33 33 31 22 41 33 42 33 33
1 41 33 24 33 33 41 33 22 31 22 11 33 22 22 33
1 44 33 44 22 32 44 33 33 33 22 44 33 44 32 33
1 44 33 22 33 33 44 33 32 33 22 41 32 42 33 33
1 41 32 24 32 33 11 33 22 31 22 11 33 42 32 33
1 41 33 22 33 33 44 33 33 31 22 44 33 44 33 33
1 41 33 44 32 32 44 22 22 31 22 11 32 42 22 32
1 44 33 22 33 33 41 32 32 31 22 41 33 22 33 33
1 41 33 24 32 33 44 33 22 31 23 41 33 22 32 33
1 44 33 22 33 33 41 33 32 33 22 41 33 22 32 33
1 44 33 24 33 33 44 32 32 33 22 41 33 44 33 32
1 44 32 22 32 32 41 33 33 33 22 41 33 44 32 33
1 44 32 22 33 32 44 33 32 33 22 44 32 42 33 33
1 44 32 24 33 33 41 33 32 33 22 41 33 44 33 33
1 44 33 44 32 33 41 33 32 11 22 44 33 42 33 32
1 41 33 24 33 33 44 33 32 31 23 41 33 44 32 33
1 11 33 22 33 32 44 32 32 31 22 11 32 42 32 33
1 44 33 24 33 33 44 33 32 33 22 41 33 22 33 33
1 44 33 44 33 33 44 33 33 33 22 11 33 44 33 33
1 41 32 44 32 33 44 33 22 31 22 41 33 42 32 32
1 41 32 24 33 33 41 32 32 31 22 11 33 22 32 33
1 44 33 24 33 33 44 33 33 33 22 44 33 44 33 32
1 41 33 44 33 33 44 33 22 31 22 44 33 42 32 33
1 44 33 24 33 33 41 33 32 33 22 41 33 44 32 33
1 44 33 22 33 33 44 33 32 33 22 44 33 44 33 33
1 11 32 44 33 32 11 32 32 11 23 11 32 22 22 32
1 11 33 24 32 32 44 32 22 11 23 41 32 22 32 32
1 44 33 24 32 33 41 33 32 31 22 11 33 42 32 33
1 41 33 24 32 32 41 32 32 31 22 41 32 22 32 32
1 41 32 24 22 33 41 32 22 11 23 11 33 22 22 22
1 44 33 44 33 32 44 33 32 31 23 11 33 42 32 32
1 44 33 22 33 32 44 33 33 33 22 44 33 44 33 33
1 41 33 24 33 32 41 32 22 11 23 41 33 22 32 32
1 41 33 22 32 33 44 33 32 33 23 41 33 44 33 33
1 44 32 44 33 33 44 32 32 33 22 41 33 44 32 32
1 41 32 24 32 32 41 32 32 31 23 41 32 42 22 32
1 11 32 24 32 33 44 33 32 33 22 41 33 44 32 33
1 44 32 44 33 32 44 32 33 11 22 41 33 22 22 33
1 44 32 24 33 33 44 33 32 33 22 44 33 44 33 33
1 44 33 22 32 32 41 33 32 33 22 44 33 42 33 33
1 44 33 22 33 33 44 33 32 33 22 44 32 42 32 33
1 41 33 44 32 32 41 32 22 31 22 41 32 42 32 32
1 41 32 24 32 32 41 32 32 31 23 11 33 42 33 32
1 44 33 24 33 32 44 33 32 31 22 41 33 42 32 32
1 44 33 22 33 32 44 33 22 33 22 41 33 42 33 33
1 44 32 44 32 32 41 33 32 31 22 41 33 42 32 33
1 44 33 24 32 32 41 33 32 31 22 44 33 42 32 33
1 41 33 22 33 33 44 33 32 33 22 41 33 42 33 33
1 44 32 24 32 32 44 32 32 33 23 41 32 42 33 33
1 41 33 24 32 33 44 33 33 31 22 41 33 42 32 33
1 41 33 44 32 32 44 33 32 11 22 41 33 42 22 33
1 41 33 24 33 33 44 33 32 33 22 44 33 42 33 33
1 44 32 24 32 32 44 33 32 31 22 41 33 44 33 32
1 44 33 24 33 33 41 32 32 31 22 44 33 42 32 33
1 44 33 22 33 33 44 33 33 33 22 44 33 44 33 33
1 41 32 24 32 32 41 32 32 31 22 41 33 44 32 33
1 44 33 24 33 32 44 33 33 11 22 41 33 44 32 32
1 44 33 24 33 33 44 33 22 33 22 41 33 44 32 33
1 44 33 44 33 32 44 33 32 11 23 11 32 42 32 32
1 44 33 24 33 33 41 32 32 31 23 41 33 22 33 32
1 41 33 24 32 32 41 32 32 31 23 41 32 42 32 33
1 44 33 44 32 32 41 22 22 11 23 41 33 22 32 32
1 44 33 22 33 33 44 33 32 33 22 41 33 42 22 33
1 41 33 22 32 33 44 33 33 33 22 44 33 44 33 33
1 44 33 22 33 33 44 33 33 33 22 44 33 44 33 33
1 41 33 24 33 33 41 32 32 33 22 44 33 44 32 32
1 44 32 22 33 33 44 33 22 33 22 44 33 42 33 33
1 41 33 24 33 33 44 33 32 33 22 44 33 42 32 32
1 44 33 24 33 32 41 33 33 31 23 41 33 42 32 32
1 44 33 24 33 33 44 32 33 31 22 41 33 42 32 22
1 41 33 24 33 32 41 32 22 31 23 11 33 42 32 32
1 41 32 24 33 33 44 32 32 31 22 41 33 44 33 33
1 41 33 22 32 32 44 33 32 33 23 41 32 44 33 33
1 44 33 24 33 32 44 33 22 31 22 41 32 22 22 32
1 44 33 22 33 33 44 33 33 31 22 44 33 42 33 33
1 44 33 24 33 33 41 33 33 33 22 44 33 42 32 33
1 41 32 24 33 33 41 32 32 33 23 41 33 44 32 32
1 44 33 44 33 33 44 33 33 31 22 41 33 42 33 33
1 44 33 22 33 33 44 33 33 31 22 11 33 44 33 33
1 44 32 24 33 32 44 33 32 11 22 44 33 44 32 33
1 41 32 24 32 32 41 32 32 31 23 41 33 22 33 33
1 44 33 24 33 32 44 32 32 11 22 41 32 22 32 32
1 41 32 44 32 32 44 33 32 11 22 11 33 22 32 33
1 44 33 24 33 33 44 33 33 33 22 44 33 42 33 32
1 44 32 24 32 33 44 32 33 31 22 11 33 42 32 33
1 44 33 24 33 33 41 33 33 33 22 44 33 44 32 33
1 44 32 22 33 32 41 33 32 31 22 41 33 42 22 32
1 41 32 44 32 33 11 33 22 11 22 41 33 22 32 33
1 44 33 44 33 33 44 32 32 33 22 11 32 42 22 33
1 44 32 44 33 33 44 33 32 31 22 11 33 44 32 33
1 41 33 24 33 32 41 32 22 31 22 44 33 42 32 33
1 41 22 24 32 33 44 22 22 33 22 41 33 42 22 32
1 44 32 22 32 33 41 33 32 31 22 41 33 42 32 33
1 44 33 24 33 33 41 33 32 31 23 41 33 42 33 32
1 44 33 22 33 33 44 33 32 31 22 41 33 44 33 33
1 41 33 24 32 33 41 33 32 31 22 41 33 22 32 32
1 44 33 22 33 33 44 33 33 33 22 44 33 44 33 33
1 44 33 24 33 33 41 33 22 31 22 41 32 42 22 32
1 11 22 44 32 32 11 32 22 11 22 41 32 42 32 22
1 44 33 24 33 33 44 33 33 33 22 44 33 42 33 33
1 44 32 22 32 33 44 22 22 33 22 41 33 44 33 32
1 44 33 22 33 33 44 33 33 33 22 44 33 44 33 33
1 44 33 24 33 22 41 33 32 33 23 11 33 22 22 32
1 44 33 24 33 33 44 33 32 33 22 44 33 22 33 33
1 44 33 24 32 32 44 32 32 33 22 41 33 42 32 32
1 41 33 24 32 32 44 22 22 31 22 41 33 22 32 32
1 41 33 44 33 32 41 32 32 31 23 41 32 42 22 33
1 44 33 24 33 33 44 33 33 33 22 41 33 44 32 33
1 44 33 22 33 33 44 33 22 33 22 41 33 44 33 33
1 44 33 22 33 33 44 33 33 33 22 44 33 44 33 33
1 41 32 44 32 33 44 32 22 31 23 11 32 22 22 32
1 44 33 22 33 33 44 33 33 33 22 44 33 44 33 33
1 41 33 22 32 33 44 33 33 31 22 44 33 42 33 33
1 44 33 24 32 33 44 33 22 31 22 41 32 22 32 32
1 44 33 22 33 33 44 33 33 33 22 44 33 44 33 33
1 41 33 24 33 33 44 32 32 33 22 41 33 44 33 33
1 41 33 24 33 32 41 32 33 31 22 11 33 42 33 32
1 44 32 44 32 22 41 32 22 11 22 11 32 22 32 32
1 44 33 44 33 33 44 33 22 33 22 11 33 42 32 22
1 11 33 22 33 33 44 33 32 11 22 44 33 22 33 33
1 44 33 24 33 32 44 33 32 11 23 41 33 22 33 33
1 44 32 22 33 32 44 33 32 31 22 11 33 42 33 33
1 41 22 44 32 22 11 22 22 33 22 41 32 22 22 32
1 44 32 44 32 33 41 32 32 31 22 41 33 22 22 22
1 41 32 24 33 33 44 33 22 33 22 41 33 42 33 32
1 44 33 24 33 33 41 33 32 33 22 44 33 22 32 33
1 44 33 22 33 33 11 33 22 11 22 11 33 42 32 33
1 41 32 24 33 32 44 33 32 33 22 41 33 42 33 32
1 41 22 44 22 22 41 22 22 11 33 11 32 22 22 32
1 44 32 44 33 32 11 32 33 31 22 41 33 44 33 32
1 41 33 44 32 32 41 32 32 31 23 11 33 22 33 33
1 44 33 22 33 32 41 33 32 33 22 44 33 42 32 33
1 44 33 24 33 33 44 33 32 33 22 41 33 42 32 33
1 44 32 44 33 33 44 33 33 33 22 44 32 44 22 33
1 44 33 24 33 32 41 33 32 33 22 11 33 22 32 33
1 44 32 44 33 32 41 22 32 31 23 11 33 22 22 32
1 41 32 44 32 22 41 32 22 31 23 11 33 22 32 32
1 41 33 44 33 32 44 32 22 11 22 41 33 42 22 32
1 41 33 24 33 33 41 33 33 33 23 11 33 44 33 33
1 44 32 24 32 32 41 32 22 33 22 11 33 42 32 22
1 44 33 24 33 33 44 33 33 33 22 41 33 44 33 33
1 44 33 22 33 33 44 33 32 31 22 44 33 44 32 33
1 44 33 24 32 33 41 32 32 33 22 44 33 44 33 32
1 44 22 24 32 32 41 33 22 31 22 41 33 22 32 22
1 44 33 22 32 32 44 33 32 33 22 44 33 42 33 33
1 44 22 44 33 32 41 32 33 11 22 41 33 42 33 32
1 44 33 24 33 33 44 33 32 31 22 44 33 22 33 33
1 44 33 22 33 33 44 22 33 31 22 44 33 44 32 33
1 44 33 22 33 33 44 33 33 33 22 44 33 42 33 33
1 11 32 24 22 22 41 22 22 31 23 11 32 22 22 33
1 41 33 22 33 33 44 33 33 31 22 41 33 44 32 33
1 44 33 24 33 33 44 33 22 31 22 41 33 44 33 33
1 41 33 44 32 33 41 32 32 31 22 41 33 42 22 32
1 44 33 24 33 33 44 33 32 33 22 44 33 42 32 33
1 44 32 24 33 33 41 32 33 31 22 44 33 44 32 32
1 11 33 24 33 33 41 33 32 33 22 41 33 22 33 32
1 41 33 44 33 33 44 33 32 31 22 44 33 44 32 32
1 44 33 22 33 33 44 33 32 31 22 44 33 42 33 33
1 11 33 24 32 32 41 33 32 11 23 11 33 42 32 32
1 44 33 44 33 22 44 33 32 33 22 44 33 22 22 33
1 41 33 24 33 33 41 33 33 31 22 44 33 44 32 32
1 41 33 24 33 33 44 32 32 33 22 41 33 42 32 33
1 44 33 22 32 33 44 33 33 31 22 44 33 44 32 33
1 44 33 24 33 33 41 33 32 31 22 41 33 44 33 33
1 41 33 44 33 33 44 33 22 33 22 11 33 42 32 32
1 41 33 24 32 32 41 33 32 31 23 41 33 42 32 32
1 41 33 24 33 33 44 32 22 33 23 41 33 44 33 32
1 41 33 44 33 33 41 22 33 11 23 11 32 42 32 33
1 41 33 24 33 33 44 32 33 31 22 41 33 44 32 32
1 44 33 24 33 33 44 32 32 33 22 41 33 42 33 32
1 44 33 44 33 32 44 32 32 31 22 41 33 42 33 33
1 41 22 24 33 33 44 32 33 33 22 41 33 44 32 32
1 44 33 22 33 33 44 33 32 33 22 41 33 44 33 33
1 41 22 44 22 22 11 22 22 11 23 11 32 22 22 22
1 41 33 44 33 32 44 33 32 31 22 41 33 42 32 32
1 41 33 24 32 33 44 33 32 11 22 41 33 42 22 32
1 44 33 24 33 33 44 33 33 33 22 44 33 42 32 33
1 44 33 22 33 33 44 33 33 11 23 41 33 44 33 33
1 44 33 24 22 33 41 33 22 31 23 41 32 42 32 32
1 41 33 44 32 33 41 33 32 31 22 11 32 42 22 32
1 41 33 22 33 33 44 33 33 33 22 44 33 44 33 33
1 44 33 22 33 33 44 33 33 33 22 41 33 44 33 33
1 41 33 24 32 32 44 33 22 31 23 41 33 44 22 33
1 44 33 22 33 33 44 33 32 31 22 41 33 42 33 33
1 41 32 44 32 32 44 33 22 31 22 41 33 44 32 33
1 44 32 24 33 33 41 32 22 31 22 41 33 42 32 32
1 41 32 24 32 32 44 32 32 31 22 44 33 42 32 32
1 44 32 24 32 32 44 32 32 31 22 41 33 42 32 33
1 11 33 44 32 22 41 32 22 11 23 11 33 42 22 32
1 44 33 24 33 33 44 33 32 33 22 41 33 44 32 33
1 11 33 44 32 22 41 32 22 11 23 41 33 22 22 32
1 44 33 22 33 32 44 33 32 33 22 41 33 44 33 32
1 44 33 22 32 33 44 33 33 31 22 44 33 22 33 33
1 44 33 24 33 32 44 33 32 33 22 44 33 44 33 33
1 41 22 24 33 32 11 33 22 33 22 11 33 42 32 32
1 41 33 44 32 33 11 22 32 31 23 41 33 22 32 33
1 44 33 22 33 33 44 32 32 31 22 11 33 44 33 32
1 44 33 24 33 33 44 33 33 33 22 44 33 44 33 33
1 41 32 24 32 32 41 32 32 31 23 41 33 42 32 33
1 41 32 24 32 32 41 32 22 31 23 11 32 42 22 32
1 44 33 24 33 33 44 32 32 33 22 41 33 44 32 33
1 44 33 24 33 33 44 33 33 31 23 41 33 42 22 33
1 44 33 24 33 32 41 33 32 31 23 11 33 42 32 33
1 41 33 22 33 32 44 33 32 33 23 41 32 44 33 32
1 41 32 24 33 33 41 33 32 31 23 44 33 44 22 33
1 44 33 22 33 33 41 33 32 31 22 41 33 42 33 32
1 41 33 24 33 32 41 32 32 31 22 41 32 44 33 32
1 44 33 22 33 33 44 32 33 33 22 41 33 42 32 33
1 44 32 24 32 32 41 33 32 31 22 11 33 22 22 32
1 44 33 24 33 33 44 33 33 11 22 44 33 42 33 33
1 44 33 22 33 32 44 33 33 33 23 11 33 44 33 33
1 11 32 24 32 32 11 32 22 11 23 41 33 22 32 32
1 41 32 22 33 32 44 33 32 33 22 41 33 42 32 32
1 44 33 22 33 32 44 33 33 31 22 41 33 42 33 33
1 44 33 22 33 33 44 33 32 31 22 44 33 42 33 33
1 41 33 24 32 22 41 32 22 11 22 41 32 22 32 33
1 44 33 22 32 33 44 33 33 33 22 44 33 44 33 33
1 44 33 24 32 32 44 32 32 31 22 44 33 44 32 33
1 44 33 24 33 33 44 33 32 33 22 44 33 44 33 33
1 41 33 24 33 32 44 22 22 11 23 41 32 44 32 33
1 44 33 44 33 32 44 33 33 31 22 41 33 22 33 33
1 44 33 22 32 33 44 32 33 31 22 41 33 42 32 33
1 44 32 24 32 32 44 32 22 11 23 11 33 44 22 22
1 41 33 24 32 33 44 32 33 31 22 41 33 44 33 33
1 41 33 24 32 33 44 33 32 33 22 41 33 44 32 33
1 44 33 22 33 33 44 33 33 33 22 44 33 44 32 32
1 44 33 24 33 33 41 33 33 33 22 41 33 44 32 33
1 44 33 44 33 33 44 33 33 33 22 44 33 44 32 32
1 44 33 44 33 33 44 33 33 31 22 41 33 42 32 33
1 41 32 24 32 33 44 33 32 31 22 41 32 42 32 33
1 41 32 44 33 33 44 33 22 31 23 41 33 44 32 33
1 44 32 44 33 32 11 33 32 11 22 41 33 42 32 33
1 41 33 24 32 33 44 32 32 33 22 44 32 44 32 33
1 44 32 24 33 33 44 33 33 33 22 41 33 44 33 33
1 44 32 24 33 33 44 32 22 31 22 41 33 42 22 33
1 44 33 22 32 33 44 33 33 33 22 41 33 42 33 33
1 41 33 44 32 33 41 32 32 33 22 44 33 42 33 33
1 44 33 24 33 33 41 33 32 31 22 11 33 42 33 33
1 41 33 22 32 33 44 33 33 31 22 44 33 44 32 33
1 44 33 22 33 32 44 33 32 33 22 41 33 42 32 33
1 41 33 44 32 33 44 33 22 31 22 44 33 44 33 33
1 11 33 44 32 32 41 32 32 11 22 41 33 22 32 32
1 41 33 22 33 33 44 32 22 33 22 41 32 44 33 33
1 41 33 24 32 33 41 33 32 31 23 41 32 42 32 32
1 44 33 24 32 33 41 33 22 11 22 41 33 22 32 33
1 44 33 22 33 33 44 33 33 33 22 44 33 44 33 33
1 41 33 24 32 32 41 33 32 11 23 11 32 44 32 32
1 44 33 22 33 33 44 33 33 33 22 44 33 44 33 33
1 44 33 22 33 33 44 33 33 33 22 44 33 44 33 33
1 44 33 24 33 33 44 33 32 31 22 41 33 42 33 33
1 44 33 24 33 22 44 32 32 31 23 41 32 44 33 33
1 41 33 44 33 32 44 32 32 33 22 41 33 42 32 33
1 44 33 24 33 33 44 33 33 33 22 44 33 44 33 33
1 44 33 22 33 33 44 33 32 33 22 44 33 22 33 33
1 11 22 44 33 33 41 33 22 31 23 11 32 42 22 32
1 41 22 44 32 32 41 32 32 31 23 11 32 22 32 32
1 44 33 24 22 33 44 33 22 33 22 41 33 42 32 33
1 44 33 22 33 33 41 32 33 31 22 41 33 44 32 33
1 44 33 44 33 32 44 33 32 33 22 41 33 44 32 32
1 41 22 44 32 32 11 32 32 31 22 11 32 22 22 32
1 44 33 24 33 33 44 33 33 33 22 44 33 42 33 33
1 44 32 24 33 32 41 33 32 31 22 41 33 44 32 32
1 41 32 24 33 33 44 33 32 31 22 41 33 44 32 33
1 44 33 22 33 33 44 33 32 33 22 44 33 44 33 33
1 44 33 22 33 33 44 33 33 31 22 44 33 44 33 32
1 41 32 24 33 32 41 33 22 31 22 41 33 42 32 33
1 44 32 24 33 33 44 33 32 33 23 44 33 42 33 32
1 11 33 44 33 33 41 32 22 31 22 11 33 42 32 33
1 41 33 44 33 33 41 33 22 33 22 44 33 22 32 33
1 44 33 22 33 33 44 33 32 33 22 44 33 44 33 33
1 41 32 24 32 32 44 22 32 11 23 11 32 42 32 22
1 44 33 24 33 32 44 33 33 31 22 41 32 42 32 32
1 41 33 24 33 32 41 33 32 33 22 44 33 42 33 33
1 44 33 24 33 33 41 33 33 33 23 44 33 44 33 32
1 44 33 22 32 33 44 33 32 33 23 11 33 42 33 33
1 44 33 24 32 33 41 33 32 33 22 44 33 42 32 33
1 44 33 22 33 33 44 33 33 33 22 44 33 44 33 33
1 41 33 44 32 33 44 32 32 11 23 41 33 22 32 32
1 41 22 44 32 32 41 32 22 11 23 11 33 22 32 22
1 41 33 24 33 33 41 33 32 31 22 41 33 42 33 32
1 41 32 24 32 32 11 33 22 11 23 41 32 22 32 32
1 44 33 22 33 32 41 33 32 31 22 41 33 42 32 33
1 41 33 24 33 33 41 33 32 31 22 41 32 44 32 33
1 44 33 24 33 33 41 33 33 33 22 41 33 44 33 33
1 41 33 24 32 32 41 32 32 31 22 11 33 42 32 32
1 41 33 24 33 33 41 33 33 33 22 44 32 42 33 32
1 44 32 44 32 22 11 32 32 31 22 41 32 42 32 22
1 44 33 44 33 33 41 33 33 33 22 41 33 44 32 33
1 44 33 22 33 33 44 33 33 31 22 44 33 44 33 33
1 44 33 24 33 33 41 33 32 33 22 44 33 42 32 32
1 41 33 24 32 32 41 32 32 31 23 11 32 22 32 32
1 44 32 44 22 33 11 32 22 33 22 11 32 42 22 32
1 11 33 24 32 32 11 32 32 11 23 11 33 22 32 32
1 41 33 24 32 33 41 22 33 31 22 41 32 42 32 33
1 41 32 44 22 32 41 22 22 11 22 11 32 42 32 32
1 44 33 22 32 32 44 32 33 31 22 44 33 44 33 33
1 41 32 24 32 33 41 22 32 31 23 11 32 42 32 33
1 44 32 44 33 32 44 32 22 31 22 41 33 42 32 22
1 41 32 22 33 33 44 33 33 33 22 41 32 42 32 33
1 41 32 24 32 33 41 33 32 11 23 41 33 22 22 33
1 41 33 24 33 33 44 32 22 33 22 44 33 42 32 33
1 44 33 24 33 33 44 33 32 31 22 41 33 44 33 33
1 44 32 24 33 33 44 32 32 33 22 41 33 42 33 33
1 44 33 22 33 33 44 32 32 31 22 41 33 42 33 32
1 44 33 22 33 33 44 33 33 31 22 44 33 44 32 33
1 44 33 24 32 33 41 22 22 33 23 11 33 44 32 32
1 41 33 44 32 32 44 32 22 11 22 41 33 22 33 33
1 44 33 22 33 33 44 33 33 33 22 44 33 44 33 33
1 44 33 44 32 33 44 33 33 33 22 11 33 22 32 33
1 44 33 44 22 32 41 33 22 31 23 11 32 42 32 33
1 44 33 22 32 32 41 32 22 33 22 41 33 44 33 33
1 44 33 24 32 33 41 32 33 31 22 41 33 22 32 33
1 44 33 24 33 33 41 32 32 33 22 44 33 44 33 33
1 44 33 22 33 33 44 33 32 31 22 44 33 44 32 33
1 41 22 44 33 32 41 32 22 33 23 41 33 42 32 33
1 41 33 44 33 33 44 33 32 11 22 44 32 22 33 33
1 11 32 24 33 33 44 32 22 33 23 41 32 42 32 33
1 41 32 24 32 32 41 32 32 31 22 11 33 44 32 33
1 44 33 24 32 33 44 33 33 31 22 44 33 42 32 32
1 41 32 24 32 33 41 32 32 31 22 41 32 42 33 32
1 11 32 24 33 32 44 33 22 33 22 11 33 44 32 33
