 rs13375925 rs351606 rs351608 rs351609 rs639739 rs625079 rs684965 rs589585 rs498795 rs11587563 rs488256 rs16838750 rs11589129 rs10799228 rs585160 rs600933 rs480106 rs1531328 rs349394 rs349393 rs12025694 rs349390 rs16838813 rs75411 rs12026935 rs902403
0 22 32 44 22 33 44 44 22 41 11 32 32 42 41 33 22 14 22 41 44 32 14 41 11 41 44
0 33 33 22 22 33 11 11 22 44 44 33 33 44 44 33 22 11 33 44 22 33 11 44 44 44 11
0 22 33 24 22 33 14 14 22 44 44 22 32 42 41 33 23 14 32 44 22 33 14 11 41 41 14
0 33 33 22 22 33 14 11 22 44 41 33 33 44 44 33 22 11 33 44 22 33 11 41 44 44 11
0 33 33 22 22 33 11 11 22 41 41 33 33 44 44 33 22 14 33 44 22 33 11 44 44 44 11
0 33 33 22 22 33 11 11 22 44 44 33 33 44 44 33 22 11 33 44 22 33 11 44 44 44 11
0 22 32 24 23 33 44 14 22 41 41 32 32 22 11 32 23 14 32 41 24 33 11 41 44 44 44
0 33 32 22 22 33 14 11 22 44 41 33 33 44 44 33 22 11 33 44 24 33 11 41 44 44 11
0 32 32 24 23 33 14 11 22 41 41 22 33 42 41 33 22 11 33 44 24 33 14 41 44 44 11
0 32 32 24 23 32 11 44 23 41 41 32 33 42 41 33 22 11 32 44 44 32 14 41 44 41 11
0 32 32 24 22 33 14 14 22 44 41 33 33 42 44 33 23 11 32 44 22 33 14 41 41 44 11
0 32 22 22 23 33 14 44 22 41 41 32 33 42 41 32 22 11 32 44 24 33 11 41 11 41 14
0 32 33 24 22 33 11 11 22 44 41 32 33 44 44 33 22 11 33 41 24 33 14 41 44 44 11
0 22 33 24 22 33 44 14 22 11 41 33 33 44 41 33 22 14 22 44 22 32 44 11 11 41 11
0 32 33 24 22 33 11 11 22 44 41 33 33 44 44 33 22 11 33 44 22 32 11 44 44 44 11
0 22 33 24 22 33 44 44 22 41 44 32 33 42 44 33 23 11 32 44 44 33 14 11 41 44 14
0 33 32 22 22 33 14 44 22 41 44 33 33 44 11 32 22 11 33 44 22 33 14 44 44 44 14
0 22 33 24 23 22 14 44 33 11 11 22 22 22 11 32 33 14 22 11 44 32 14 11 11 11 11
0 32 33 22 22 33 11 14 22 44 44 33 33 44 44 32 22 11 32 44 24 33 11 44 41 44 11
0 32 33 22 22 32 14 11 22 44 44 22 33 44 44 33 22 14 33 44 22 33 11 41 44 44 11
0 32 33 22 22 33 11 14 22 41 41 32 33 44 41 33 23 14 32 44 24 32 11 11 11 11 14
0 32 32 24 22 33 44 44 22 11 11 22 32 22 44 22 22 44 22 41 24 33 14 41 41 11 11
0 33 33 24 22 32 14 11 23 41 41 32 33 42 41 32 23 11 22 41 44 33 44 11 41 41 11
0 32 32 24 22 33 11 14 22 41 41 32 33 44 44 33 22 11 32 41 44 33 14 41 44 44 11
0 33 33 24 22 32 44 14 22 41 11 32 33 42 44 32 22 11 32 41 44 33 14 44 44 44 44
0 32 33 24 22 33 14 14 22 44 44 33 32 42 44 33 22 11 33 44 24 33 14 11 41 44 14
0 33 33 22 22 32 11 11 22 44 41 33 33 44 44 33 22 14 33 41 24 33 14 44 44 44 11
0 32 32 44 22 33 14 14 22 44 44 32 33 44 41 33 23 14 22 44 22 32 44 11 44 44 14
0 32 33 24 23 32 14 14 23 41 41 33 32 42 41 32 23 14 32 44 24 32 14 41 41 41 11
0 22 32 44 23 32 14 44 23 41 41 32 33 42 41 32 23 14 22 44 44 33 44 41 41 41 14
0 33 32 22 22 33 14 11 22 44 41 33 33 42 44 33 22 14 33 44 24 33 14 44 41 44 11
0 22 32 22 22 33 14 14 22 41 44 33 33 42 44 33 22 11 33 44 22 33 11 41 44 44 11
0 32 33 24 23 32 11 11 22 44 41 33 33 42 41 32 22 14 32 44 22 33 14 41 41 44 11
0 32 33 22 22 33 14 14 22 44 41 33 33 42 44 33 22 11 33 44 24 33 11 44 44 44 11
0 32 33 24 22 33 14 11 22 44 44 32 33 44 41 33 22 14 33 44 22 33 44 44 44 44 11
0 32 32 44 23 33 11 11 22 41 41 32 33 44 41 32 22 14 32 41 24 32 14 11 44 44 11
0 32 33 44 22 33 11 11 22 41 11 32 33 44 44 33 22 11 33 44 22 33 14 41 41 44 11
0 22 32 22 22 32 14 14 22 44 44 32 33 42 11 33 23 11 22 41 22 33 14 11 44 41 44
0 33 33 24 22 33 11 14 22 44 41 33 33 44 44 33 22 11 33 44 22 33 11 11 41 44 11
0 33 33 24 22 33 11 11 22 44 44 33 33 44 41 33 22 11 33 44 22 33 11 44 41 44 11
0 22 32 24 33 32 14 44 23 41 11 22 32 42 41 32 23 14 22 41 44 32 14 11 41 41 14
0 32 33 24 22 33 11 11 22 41 44 33 33 44 44 33 22 11 33 44 22 33 11 44 44 44 11
0 33 33 24 22 33 14 14 23 41 41 33 33 22 41 33 22 11 22 44 24 33 14 11 44 44 11
0 32 33 24 22 33 14 14 22 44 41 33 33 42 44 33 22 11 32 44 22 33 11 41 44 41 11
0 33 32 24 22 32 14 14 22 41 41 33 32 44 44 32 22 14 32 44 22 33 11 44 41 44 11
0 22 33 22 22 33 14 14 22 41 41 33 33 22 44 33 22 11 32 41 24 33 14 44 44 44 11
0 32 33 22 22 33 11 11 22 44 41 33 33 44 44 33 22 11 32 44 22 33 11 44 44 44 11
0 32 32 22 22 33 14 14 23 41 44 33 33 22 11 33 23 14 22 44 24 33 44 41 44 44 14
0 33 32 22 22 33 14 14 22 41 44 32 32 42 44 33 22 14 33 44 24 33 14 41 44 41 14
0 22 22 24 22 33 44 44 22 41 41 32 22 22 44 32 22 14 22 44 24 33 14 41 11 44 11
0 33 33 24 22 33 11 11 22 41 44 33 33 44 44 33 22 11 22 44 22 33 11 44 41 44 11
0 32 32 22 22 33 11 14 23 41 41 32 33 42 41 33 22 14 32 41 24 33 14 44 44 41 11
0 33 33 22 22 33 11 11 22 44 44 33 33 44 44 33 22 11 33 44 22 33 11 44 44 44 11
0 33 32 44 22 33 14 14 22 41 41 32 33 42 44 33 22 11 33 41 24 33 14 41 44 41 14
0 32 33 22 22 33 14 11 22 44 41 33 33 42 41 33 22 11 33 44 22 33 11 41 44 41 11
0 33 32 22 22 32 44 14 22 41 44 33 33 42 41 33 22 14 33 44 22 32 14 44 44 41 14
0 32 22 24 22 33 11 14 22 44 44 33 33 44 44 33 22 11 33 44 22 33 11 44 44 44 11
0 33 32 22 23 33 11 14 22 41 44 32 33 22 44 33 22 14 32 44 24 33 44 41 44 44 11
0 32 32 22 23 33 14 14 22 44 41 32 32 42 11 32 22 11 32 44 24 33 14 41 41 41 14
0 33 32 22 22 32 14 11 22 44 44 33 33 44 44 33 23 11 33 44 24 33 14 44 41 44 11
0 32 32 24 22 33 44 11 22 41 41 22 33 44 41 32 23 11 32 41 24 33 14 11 11 44 14
0 33 33 22 22 33 14 14 22 44 44 33 33 44 44 33 22 11 33 44 22 33 11 44 44 41 11
0 33 33 22 22 33 14 11 22 44 11 33 33 44 44 33 22 11 33 44 22 33 11 41 41 44 11
0 22 33 22 22 33 11 14 22 41 11 32 33 44 44 33 22 11 33 44 22 32 11 41 44 44 11
0 32 32 22 22 33 11 14 22 44 44 32 33 44 44 33 22 11 32 44 22 33 14 44 44 44 11
0 32 32 22 22 33 11 14 22 44 44 33 32 44 41 32 22 14 32 44 24 33 14 41 44 44 11
0 32 32 22 22 32 14 11 22 44 41 33 33 44 44 33 22 14 33 44 24 33 11 44 41 41 11
0 32 32 22 22 33 14 14 23 41 41 32 33 42 44 32 22 44 32 44 24 33 14 11 41 41 11
0 32 32 22 33 33 44 44 22 41 11 32 32 42 41 33 23 14 32 41 24 32 14 11 41 41 11
0 32 33 22 22 33 14 11 22 41 44 32 33 44 44 33 22 11 33 44 22 33 11 11 44 44 11
0 22 33 22 22 32 44 44 22 41 41 32 33 44 44 33 22 11 33 44 22 33 11 44 44 44 11
0 33 33 22 22 33 44 14 22 44 44 33 32 42 41 33 22 11 33 44 24 33 11 41 11 44 14
0 22 33 24 22 33 44 14 22 41 41 33 32 42 44 33 22 11 32 41 24 33 14 44 41 44 11
0 32 22 22 22 33 14 14 22 41 11 33 33 42 41 33 22 11 22 44 24 33 14 44 41 41 14
0 32 33 22 22 33 11 11 22 44 41 33 33 42 41 33 22 11 33 44 22 33 14 41 41 44 11
0 32 33 22 22 33 14 14 22 41 41 32 33 44 41 33 22 11 32 44 22 33 11 41 41 44 11
0 32 32 24 23 33 14 14 23 11 44 32 32 42 41 32 22 14 33 41 24 32 14 44 41 44 11
0 33 33 22 23 32 11 11 22 41 44 32 33 42 41 33 22 11 22 44 22 32 11 41 44 44 14
0 33 33 24 22 33 11 14 22 44 41 33 33 44 44 33 22 11 33 44 22 33 14 44 44 44 11
0 33 33 24 23 32 14 11 22 11 44 33 33 44 41 33 22 11 33 44 22 33 44 44 44 44 14
0 32 32 24 23 33 14 14 23 41 41 32 33 44 41 33 22 14 32 44 44 33 14 41 41 44 11
0 32 33 22 22 33 11 11 22 41 44 32 33 42 44 33 22 14 33 44 22 33 14 41 44 41 11
0 32 33 24 23 33 14 14 23 41 41 32 33 42 44 32 22 14 33 41 24 33 11 41 41 44 14
0 32 33 22 23 33 11 14 23 44 11 32 32 44 44 33 22 14 32 44 24 33 14 11 44 41 11
0 33 33 22 22 33 11 11 22 44 41 33 33 44 44 33 22 11 33 44 22 33 11 41 44 44 11
0 32 32 24 22 33 11 44 22 41 44 33 32 42 41 22 23 11 32 44 24 33 11 11 41 44 11
0 22 33 24 23 33 14 44 23 11 11 22 32 42 11 33 23 14 33 41 24 32 14 41 44 11 11
0 33 32 22 22 33 11 14 22 44 44 33 33 44 44 33 22 14 33 44 24 33 11 44 41 44 14
0 33 32 22 22 33 11 14 22 44 44 32 33 44 44 33 22 14 33 44 24 33 11 44 44 44 11
0 32 33 22 22 33 11 14 22 44 41 33 33 44 44 33 22 11 33 44 22 33 14 44 44 44 11
0 32 32 22 22 32 14 11 22 44 41 33 32 42 44 33 22 14 32 41 44 33 11 11 44 44 11
0 32 32 24 23 33 14 14 22 44 44 32 33 42 41 33 23 14 32 41 24 33 14 11 44 41 14
0 33 33 24 22 33 14 14 22 44 44 33 32 42 44 33 22 11 33 44 24 33 14 44 44 44 11
0 33 33 22 22 33 14 14 22 44 44 33 33 44 44 33 22 11 33 41 22 32 14 44 44 44 11
0 33 32 44 22 32 14 14 22 44 44 32 33 42 41 33 22 14 22 41 22 33 14 44 41 41 14
0 33 33 24 22 33 11 11 22 44 11 33 33 44 44 33 22 11 32 44 22 33 14 44 44 44 14
0 32 33 24 22 32 14 14 23 41 41 32 33 22 41 32 22 11 33 44 22 33 11 41 41 41 14
0 22 32 24 22 32 11 11 22 44 41 33 33 42 44 33 22 14 32 41 22 33 14 44 41 44 11
0 32 33 22 22 33 11 11 22 41 44 33 33 44 44 33 22 14 33 44 22 33 11 41 41 44 11
0 22 32 24 22 32 44 14 23 41 41 32 33 22 44 33 23 11 32 41 24 32 44 41 41 44 14
0 33 33 22 22 33 11 11 22 44 44 33 32 44 44 33 22 11 33 44 22 33 14 41 44 44 11
0 32 33 44 22 32 44 44 22 11 11 32 32 42 44 22 22 11 22 41 22 32 14 11 41 44 11
0 33 33 22 22 33 14 11 22 44 41 33 33 42 41 33 22 14 32 44 22 33 14 11 44 41 11
0 32 33 24 22 33 14 44 22 11 44 32 33 44 44 33 22 14 33 11 24 33 14 41 41 41 11
0 33 32 24 22 33 11 11 22 44 44 33 33 44 44 33 22 11 32 44 22 33 14 44 44 44 11
0 32 32 24 22 32 11 14 22 41 41 33 33 42 41 33 23 14 32 41 24 33 11 11 41 41 11
0 33 33 22 22 33 11 11 22 44 44 33 33 44 44 33 22 11 33 44 22 33 11 44 44 41 11
0 33 33 22 22 33 11 14 22 44 41 33 33 44 44 33 22 11 33 44 22 33 11 44 44 44 11
0 22 32 44 33 22 44 14 23 44 11 32 32 42 11 22 33 11 22 41 24 33 14 41 41 11 14
0 33 33 24 22 33 11 11 22 44 44 33 33 44 44 33 23 14 33 44 22 33 14 44 44 44 11
0 32 32 24 23 32 14 14 22 41 41 32 32 42 41 32 23 14 32 41 24 33 44 44 41 41 11
0 33 32 22 22 33 14 14 23 41 41 32 32 42 41 33 23 14 32 44 24 33 14 44 41 41 14
0 22 33 22 22 33 11 14 22 44 44 32 33 44 44 33 23 11 33 44 24 32 11 44 44 44 11
0 33 33 22 22 33 11 11 22 44 44 33 33 44 44 33 22 11 33 44 22 33 11 41 44 44 11
0 33 33 24 22 33 14 14 22 44 44 33 33 22 41 33 22 11 32 44 22 33 14 44 41 44 14
0 32 32 24 22 33 11 14 22 44 41 33 32 22 11 33 22 11 33 44 24 33 11 41 44 44 11
0 32 33 22 22 33 14 14 23 41 44 33 33 44 41 33 23 14 33 41 24 32 14 44 44 44 14
0 32 33 24 22 32 11 14 22 44 41 33 33 42 44 33 23 11 32 44 24 33 14 44 41 41 11
0 32 32 24 22 32 44 14 22 41 41 32 33 42 44 33 22 14 33 44 22 33 14 41 41 44 11
0 32 22 24 23 32 14 11 23 41 41 22 33 22 41 32 22 14 32 44 44 33 44 44 41 44 14
0 32 33 24 22 33 14 14 22 41 41 32 33 22 41 33 22 11 32 44 22 32 14 41 41 44 11
0 32 32 24 22 33 44 44 23 11 41 32 32 42 11 32 22 14 32 44 24 33 14 41 44 41 14
0 33 33 22 22 33 14 14 22 44 44 33 33 44 44 33 22 11 33 44 22 33 11 41 41 44 11
0 33 33 22 22 33 11 11 22 44 41 33 33 44 44 33 22 11 32 44 22 33 11 44 44 41 11
0 33 33 24 23 33 11 11 22 11 41 33 33 44 44 33 22 11 22 44 24 33 11 44 44 44 11
0 32 32 44 22 32 11 11 22 44 44 32 32 42 44 33 22 14 32 44 24 33 44 41 44 41 11
0 33 33 24 22 33 11 11 22 44 44 33 33 44 44 33 22 11 33 44 22 33 11 44 44 44 11
0 32 33 22 23 32 14 11 23 41 41 32 32 44 44 33 23 14 33 41 22 33 14 41 41 41 11
0 22 32 44 22 32 44 14 22 11 11 22 33 42 44 33 33 14 22 41 22 32 11 11 41 11 14
0 33 33 22 22 33 11 11 22 44 44 33 33 44 44 33 22 11 33 44 22 33 11 44 44 44 11
0 33 33 22 22 33 11 11 22 44 44 33 33 42 44 33 22 11 33 44 22 33 11 41 44 44 11
0 22 33 24 22 33 14 44 22 11 44 33 33 42 41 33 23 11 33 44 22 33 44 44 44 44 14
0 22 33 24 22 33 11 14 22 44 41 33 33 42 44 33 22 14 32 44 22 33 11 44 44 41 11
0 33 33 24 22 33 44 14 22 41 44 33 33 42 44 33 23 11 32 44 22 32 14 44 41 44 14
0 32 33 22 22 33 44 11 22 41 41 32 33 42 44 32 33 14 32 41 22 33 14 44 41 41 14
0 22 33 24 22 33 11 14 22 44 44 33 33 42 44 33 22 14 33 44 24 33 44 41 41 44 11
0 33 33 24 22 33 11 11 22 44 44 33 33 42 44 33 22 14 33 44 22 33 11 44 44 44 11
0 32 32 22 33 33 44 11 23 41 11 32 33 42 41 33 23 11 22 41 22 33 14 41 41 44 14
0 32 33 22 22 33 11 14 22 44 44 33 33 42 44 33 22 11 32 44 22 33 14 44 44 44 11
0 22 32 22 22 33 14 44 23 41 41 33 33 42 41 32 22 14 32 44 22 33 14 44 41 44 11
0 32 32 44 22 33 44 14 22 44 41 32 32 42 41 32 22 11 32 41 24 33 14 41 44 41 11
0 33 32 24 22 33 11 14 22 44 44 33 33 44 44 32 22 11 32 41 22 33 14 41 41 44 11
0 32 33 22 22 33 14 14 22 41 41 33 33 42 44 33 22 14 32 44 22 33 14 41 44 41 11
0 33 33 22 22 33 11 14 22 44 44 33 33 44 44 33 22 11 33 44 22 33 14 41 44 44 11
0 33 33 44 22 32 14 14 22 41 11 33 32 42 44 33 22 11 32 41 24 33 44 41 44 41 14
0 32 33 22 22 33 14 11 23 41 41 32 33 44 41 33 23 14 32 44 22 33 11 44 44 44 14
0 33 33 22 22 33 11 11 22 44 44 33 33 44 44 33 22 11 33 44 22 33 11 44 44 44 11
0 32 32 24 23 33 14 14 22 41 41 32 32 42 44 32 23 14 32 41 24 33 44 41 41 44 11
0 33 32 44 22 33 11 11 22 44 41 32 32 44 44 33 22 14 32 41 44 33 14 11 41 44 44
0 22 32 44 23 33 44 14 22 44 41 32 32 22 44 32 33 11 32 44 22 32 11 44 44 41 14
0 32 33 24 22 33 14 11 22 44 41 33 33 42 44 33 22 11 33 44 22 33 11 41 44 44 11
0 32 32 22 23 33 14 14 23 41 41 32 32 42 41 32 23 14 32 44 44 33 14 41 44 41 14
0 22 32 22 22 32 44 14 23 41 11 32 32 42 41 33 23 44 32 44 24 32 11 41 41 41 14
0 32 32 24 23 33 14 14 23 44 11 33 32 42 41 33 23 11 32 44 22 32 11 41 41 41 14
0 32 22 44 23 33 14 44 22 11 11 32 32 42 11 32 23 44 22 11 44 32 14 11 41 41 44
0 32 33 44 22 33 11 44 23 41 41 33 33 44 44 33 22 44 32 44 44 32 14 41 44 44 44
0 33 33 22 22 33 14 11 22 41 41 33 33 42 44 33 22 11 22 44 22 33 14 44 44 44 11
0 33 33 22 22 33 11 11 22 44 44 33 33 44 44 33 22 11 33 44 22 33 11 41 44 41 11
0 33 33 22 22 33 11 14 22 44 44 33 33 44 44 33 22 11 33 44 22 33 11 44 44 44 11
0 32 33 24 22 33 14 14 22 41 41 32 33 42 41 33 22 11 33 44 22 33 14 44 41 41 11
0 33 33 22 22 33 11 11 22 44 44 33 33 44 44 33 22 11 33 44 22 33 11 44 44 44 11
0 33 33 22 22 33 11 11 22 44 41 33 33 44 44 33 22 11 33 44 22 33 11 41 44 44 11
0 22 32 24 23 33 11 14 22 44 11 32 33 44 11 32 23 11 32 41 24 33 14 41 41 11 14
0 22 33 24 23 32 44 44 22 11 11 32 22 22 41 33 23 14 32 44 24 32 14 11 41 44 14
0 22 33 24 23 32 14 14 22 41 41 32 33 22 44 33 23 11 33 44 24 32 44 44 41 41 11
0 32 33 44 23 33 44 44 22 11 41 33 22 22 11 33 33 44 22 41 44 32 14 11 41 11 14
0 32 32 24 23 32 14 14 23 41 41 33 32 42 41 33 22 14 32 44 24 33 11 44 41 41 14
0 32 32 22 22 33 14 14 22 41 41 33 33 42 44 33 22 11 32 41 24 33 14 41 41 44 11
0 32 32 44 22 32 44 14 23 11 41 33 32 42 41 32 23 14 32 41 44 32 14 11 41 41 44
0 32 32 44 22 33 14 14 22 41 41 32 33 22 41 33 22 14 32 44 22 33 44 11 11 41 14
0 32 32 24 23 33 14 14 23 44 41 32 32 44 44 33 23 44 22 44 44 33 14 11 11 41 11
0 32 22 24 22 33 14 14 23 41 41 32 32 22 41 32 22 11 32 41 22 32 14 44 41 41 11
0 22 33 24 22 33 14 14 22 44 41 33 33 42 44 33 22 11 33 44 22 33 44 44 44 41 11
0 33 33 22 22 33 11 14 22 44 44 33 33 44 44 33 22 11 33 44 22 33 11 44 44 44 11
0 22 32 44 23 33 44 44 23 11 41 22 33 22 44 33 22 14 22 41 24 33 44 11 41 11 14
0 32 33 22 22 32 14 14 22 41 44 33 33 42 44 32 23 14 32 44 24 32 11 41 41 41 11
0 33 33 44 22 33 11 11 22 44 41 33 33 42 44 33 22 11 32 44 22 33 11 44 44 44 11
0 22 32 44 23 32 14 44 22 41 41 32 33 22 11 32 33 44 32 44 44 32 11 41 11 11 14
0 32 32 22 22 33 14 14 22 41 41 33 33 42 44 33 22 11 22 44 22 33 11 41 44 44 11
0 32 33 22 22 33 11 14 22 44 41 32 33 44 41 33 22 14 32 44 24 33 11 41 41 44 14
0 32 33 24 22 33 14 44 22 41 44 32 33 22 44 33 23 11 22 44 24 32 11 41 41 44 44
0 22 33 24 22 32 14 44 23 41 44 32 32 22 41 33 23 14 32 44 24 33 11 41 41 11 14
0 32 33 22 22 33 11 44 22 41 41 33 33 44 41 32 23 11 33 44 22 33 14 11 41 44 14
0 33 33 22 22 33 11 11 22 44 44 33 33 44 44 33 22 11 33 44 22 33 11 44 44 44 11
0 22 33 44 23 32 14 44 23 41 11 32 32 42 41 32 23 11 33 44 24 33 14 41 44 44 14
0 32 33 24 23 32 11 11 22 44 44 33 33 42 44 33 22 11 32 44 22 33 14 41 44 44 11
0 32 32 44 22 32 14 14 23 41 41 33 32 22 41 32 23 44 22 44 24 33 14 41 44 41 14
0 32 33 44 22 32 11 14 22 11 41 33 33 44 44 33 22 11 33 44 24 33 11 44 41 44 11
0 32 33 24 23 32 14 44 22 41 41 32 32 42 41 32 23 14 32 44 24 33 44 41 41 44 14
0 32 32 24 23 32 44 14 22 11 41 32 32 42 41 33 23 14 32 41 24 32 11 41 44 44 11
0 33 33 22 22 33 11 11 23 44 44 33 33 42 41 33 22 11 33 44 22 33 11 44 44 44 11
0 32 32 24 23 33 14 14 23 41 41 32 32 44 44 33 22 14 32 41 24 32 14 41 41 41 11
0 22 33 44 22 32 44 14 23 44 41 32 33 22 41 33 23 14 32 44 44 33 14 41 41 41 11
0 22 32 24 23 33 14 14 22 44 41 32 32 22 41 33 23 14 32 41 24 32 14 41 44 44 14
0 32 33 22 22 33 11 11 22 44 44 32 33 44 44 33 22 11 32 44 22 33 11 41 44 44 11
0 33 32 22 22 33 14 11 22 44 41 33 33 42 44 33 22 14 32 41 22 33 14 44 44 44 11
0 32 33 24 22 33 14 14 22 41 44 32 32 42 41 32 22 11 32 41 22 32 14 41 41 41 14
0 32 33 24 22 33 11 11 22 44 41 33 32 42 44 33 22 11 32 44 22 33 14 41 44 44 11
0 32 33 44 33 32 44 11 22 44 44 32 33 42 11 33 23 14 22 41 24 33 14 41 41 44 11
0 22 32 24 22 32 11 14 22 44 11 32 32 44 11 33 23 14 32 41 22 32 14 44 11 41 11
0 32 33 24 22 33 11 11 22 44 44 33 33 44 44 33 22 14 32 44 24 33 11 44 44 44 11
0 33 32 22 23 33 11 11 22 41 44 33 32 44 44 33 22 11 33 44 22 33 14 44 44 44 11
0 33 33 24 22 33 44 14 23 11 41 32 33 42 44 33 22 44 22 41 24 33 44 44 41 44 11
0 33 33 22 22 33 14 11 22 44 44 32 33 44 44 33 22 11 33 44 22 33 11 44 44 44 14
0 32 33 22 23 33 14 14 22 41 44 32 32 42 41 33 22 11 32 41 22 32 14 41 44 41 14
0 32 32 24 23 33 14 44 22 41 41 32 32 42 44 33 22 14 32 44 24 33 14 11 41 41 11
0 32 32 22 22 33 11 14 22 44 44 33 33 42 41 33 22 11 32 44 24 33 14 41 44 44 11
0 33 33 24 23 32 11 14 23 41 41 32 33 22 44 32 22 14 22 44 24 32 44 41 41 41 11
0 32 33 24 22 33 14 11 22 44 41 33 33 44 44 33 22 11 33 44 24 33 14 44 44 44 11
0 32 33 22 23 33 14 14 22 11 41 32 33 22 41 32 23 11 22 41 24 33 14 44 41 44 11
0 22 33 44 22 33 11 14 22 41 11 33 32 22 11 33 23 11 22 41 44 33 44 41 44 44 14
0 33 32 22 22 33 11 44 22 44 44 33 33 44 44 33 22 11 32 41 24 33 44 11 41 44 11
0 32 32 22 22 33 14 14 22 11 41 33 22 42 44 33 23 14 32 41 44 33 44 11 44 44 11
0 32 32 24 23 33 14 14 23 41 41 33 32 42 41 32 22 14 32 41 24 32 14 41 41 41 14
0 33 33 22 22 33 11 11 23 44 41 33 33 44 44 33 22 11 32 44 22 33 11 11 44 44 11
0 33 33 22 22 33 11 11 22 44 44 33 33 44 44 33 22 14 33 44 22 33 11 44 44 44 11
0 22 32 24 22 32 14 14 22 11 44 32 33 44 44 32 22 44 22 41 24 33 14 11 11 41 14
0 32 32 24 22 32 44 44 22 41 11 32 33 42 11 33 22 14 32 44 24 32 14 41 41 41 11
0 33 33 22 22 33 14 11 22 44 44 33 33 44 44 33 22 11 33 44 22 33 11 11 41 44 11
0 32 22 24 23 22 14 44 23 11 11 22 32 42 41 32 22 44 32 41 24 22 44 11 11 41 44
0 33 33 22 22 33 11 11 22 44 11 33 33 42 41 33 22 14 32 44 22 33 11 44 41 44 11
0 32 33 24 22 33 11 14 22 41 44 32 32 44 44 33 23 14 33 41 24 33 14 41 44 11 11
0 33 33 22 22 33 11 14 22 44 44 33 33 44 44 33 22 11 33 44 22 33 14 41 44 44 14
0 33 32 22 22 33 11 11 22 44 44 32 33 42 44 33 23 11 32 44 24 33 11 44 41 44 14
0 33 32 22 22 33 11 11 22 44 44 33 33 44 41 33 22 11 33 44 22 33 11 41 44 44 11
0 33 33 24 22 33 11 11 22 44 44 32 33 44 44 33 22 11 33 44 22 33 11 44 44 44 11
0 33 33 24 23 33 14 11 22 41 41 33 32 44 41 33 22 11 33 44 24 33 14 44 44 44 11
0 33 33 24 23 33 44 14 22 44 41 33 32 42 41 33 22 14 32 44 24 33 11 44 11 44 11
0 33 32 24 22 32 14 14 22 41 41 32 33 44 11 33 33 11 33 44 22 33 14 11 41 11 11
0 33 33 22 22 33 11 11 22 44 44 33 33 42 44 33 22 14 33 44 22 33 11 44 44 44 11
0 22 33 24 23 33 14 44 22 11 44 32 33 44 44 32 22 14 32 44 22 33 44 11 44 44 14
0 33 33 22 22 33 11 11 22 44 44 33 33 42 44 33 22 11 33 44 22 33 11 41 44 44 11
0 33 33 22 22 33 11 11 22 44 44 33 33 42 44 33 22 11 32 44 22 33 11 44 44 44 11
0 33 32 22 22 33 14 11 22 44 44 33 33 44 44 33 22 14 33 41 22 33 14 41 44 44 14
0 22 33 24 22 33 14 14 23 41 41 32 33 42 41 33 33 14 33 41 24 33 44 41 11 11 11
0 22 22 44 23 32 14 44 22 11 11 32 22 42 41 22 23 44 32 41 24 33 44 41 41 44 44
0 32 33 22 22 33 44 14 22 44 11 33 32 42 41 33 22 11 33 44 24 33 14 41 44 44 11
0 33 32 44 22 33 11 14 23 44 44 32 33 44 44 33 22 11 22 41 24 33 14 41 41 44 11
0 32 32 24 23 32 14 44 22 44 41 33 33 44 44 33 22 11 32 44 24 33 14 44 41 41 11
0 33 33 24 22 33 11 11 22 44 44 33 33 44 44 33 22 11 33 44 22 33 11 44 41 44 11
0 33 33 44 23 32 14 14 22 41 41 32 33 42 11 33 22 11 32 44 22 33 14 41 44 44 11
0 22 22 44 23 33 44 44 23 11 11 22 32 42 11 33 23 44 32 11 44 32 44 11 11 41 14
0 33 33 22 22 33 11 11 22 44 44 33 33 44 44 33 22 14 33 41 22 33 11 44 44 44 11
0 32 32 24 23 22 44 44 23 11 41 32 32 42 11 22 23 14 22 41 44 32 14 41 11 41 11
0 33 32 22 22 33 11 14 22 44 44 33 33 44 44 33 22 11 33 44 22 33 11 44 44 41 11
0 22 33 24 22 33 14 14 22 41 41 33 33 44 41 33 22 14 32 41 44 32 14 44 44 44 14
0 32 32 24 22 32 11 14 23 11 41 22 32 22 11 33 33 44 32 11 22 33 14 41 44 44 11
0 32 33 24 22 33 14 14 22 41 44 33 33 42 41 33 23 11 22 44 24 33 11 41 44 44 14
0 22 22 44 33 32 44 14 23 11 11 22 22 42 11 33 33 44 22 41 24 22 44 41 11 11 44
0 32 33 24 22 33 11 11 22 41 41 33 33 42 44 33 23 11 32 44 24 33 14 44 44 44 11
0 32 33 24 22 33 11 11 22 44 41 33 33 42 41 33 22 11 33 44 24 32 44 44 41 44 11
0 32 33 22 22 33 14 11 23 44 44 32 33 44 44 33 23 14 33 44 22 33 14 44 44 44 11
0 33 33 22 22 33 11 11 22 41 41 33 33 42 44 33 22 11 33 41 24 33 11 41 44 44 14
0 32 32 24 22 33 14 14 23 11 41 33 33 42 44 32 23 11 32 41 24 33 14 41 44 41 11
0 32 33 22 22 32 14 14 22 44 44 32 33 42 44 32 22 11 32 44 24 33 14 41 41 41 14
0 33 33 22 22 33 11 11 22 44 41 33 33 44 44 33 23 14 32 44 22 33 14 41 44 41 11
0 33 33 22 22 33 11 11 22 41 44 33 33 42 44 33 23 11 32 44 22 33 11 44 41 41 11
0 32 33 24 22 32 14 14 22 44 44 32 33 42 41 32 23 14 32 44 24 33 11 41 41 41 11
0 32 33 44 22 33 44 14 23 41 41 33 33 42 41 33 22 11 33 41 24 33 11 41 41 44 11
0 32 32 44 23 32 14 14 22 41 44 33 33 44 44 33 23 14 32 44 24 33 14 41 41 41 11
0 32 32 22 22 33 14 11 22 44 44 33 33 22 44 33 23 44 33 41 44 32 11 44 41 44 11
0 22 22 44 33 33 44 44 33 11 11 22 32 22 11 33 23 44 22 41 44 22 14 11 41 11 14
0 32 33 24 23 33 44 44 23 41 44 32 32 42 41 32 33 14 32 44 44 32 14 11 41 41 14
0 22 32 24 23 22 14 14 23 41 11 22 33 42 41 32 23 44 22 41 24 32 44 41 41 41 14
0 32 33 24 22 33 14 11 23 44 44 33 33 44 41 33 23 14 32 44 24 33 11 44 44 44 14
0 33 33 24 22 32 14 14 23 41 41 32 33 42 41 33 23 14 32 44 24 32 14 41 44 41 14
0 22 33 24 22 32 44 44 23 11 41 32 32 22 41 33 23 14 22 41 24 32 14 11 41 41 14
0 22 32 24 22 33 11 44 22 44 44 33 32 22 41 33 23 11 22 44 24 33 14 11 44 41 11
0 33 33 22 22 33 11 11 22 44 41 33 32 42 44 33 22 14 32 41 22 33 11 41 41 44 11
0 33 32 24 23 33 11 11 23 44 44 33 33 44 44 33 23 11 32 44 24 33 11 44 41 41 11
0 33 33 22 22 33 14 14 22 44 11 33 33 42 44 33 22 11 32 44 44 33 14 44 44 44 11
0 22 32 24 22 33 14 14 22 41 44 32 33 44 44 33 22 14 32 41 22 33 14 41 44 41 11
0 33 32 24 22 33 11 11 22 44 44 33 33 44 44 33 22 11 33 44 24 33 14 44 44 44 11
0 32 33 24 22 33 14 14 22 44 41 33 32 42 41 33 22 11 33 41 24 32 11 41 44 41 11
0 33 33 22 22 33 14 14 22 41 11 33 32 44 44 33 22 14 33 44 22 33 14 41 44 44 11
0 33 33 22 22 33 11 14 22 44 44 33 33 44 41 33 22 11 33 44 22 33 14 41 44 44 11
0 32 33 24 22 33 14 14 22 41 44 32 33 44 44 33 22 44 32 44 44 33 11 41 44 11 11
0 33 33 24 22 33 14 14 22 41 44 33 33 22 44 33 22 44 33 44 22 33 11 41 44 44 11
0 33 22 24 22 33 14 14 23 41 41 33 33 42 44 33 22 14 33 44 22 33 44 44 41 44 14
0 22 22 24 22 33 14 14 33 11 11 33 33 42 11 33 22 14 32 41 24 33 14 41 41 41 11
0 22 32 24 23 32 14 44 23 41 41 32 32 42 41 32 23 14 22 41 24 32 14 41 41 41 14
0 32 33 22 22 33 14 14 22 44 11 32 32 44 41 33 23 14 32 44 22 33 44 41 44 44 11
0 33 33 22 22 33 14 11 22 44 44 33 33 44 44 33 22 11 32 44 24 33 11 44 44 44 11
0 33 32 44 22 32 44 44 22 11 41 22 22 22 41 32 23 14 22 41 44 32 14 41 41 41 14
0 33 33 22 23 33 11 14 23 44 44 33 33 44 44 33 23 11 32 44 22 33 14 41 44 44 11
0 33 32 22 22 33 14 11 22 44 44 33 33 44 44 33 23 11 32 44 22 33 14 11 44 44 11
0 32 22 24 22 32 14 44 22 44 44 33 33 42 44 33 23 11 32 41 24 33 11 41 41 41 11
0 32 32 22 22 32 11 14 22 44 41 33 33 42 44 33 22 11 32 44 22 33 11 44 41 41 11
0 32 33 24 23 33 14 14 22 11 41 33 33 22 44 33 23 14 33 44 24 33 14 11 41 44 14
0 33 33 22 22 33 11 14 22 44 41 33 33 44 44 33 22 11 32 44 24 33 14 41 44 44 11
0 32 32 24 22 33 14 11 22 41 41 33 32 42 44 33 23 11 32 41 22 33 14 11 41 41 11
0 32 33 24 22 33 44 14 22 44 41 33 32 22 44 33 22 14 32 44 44 33 11 11 44 44 11
0 22 33 22 22 33 11 11 22 44 44 33 33 44 44 33 22 11 33 44 22 33 14 44 44 44 11
0 32 22 24 22 33 44 11 22 44 41 33 33 44 41 33 22 11 33 44 22 33 11 41 44 44 11
0 33 33 22 23 33 11 14 22 44 44 33 33 42 44 33 22 14 33 44 22 33 14 44 44 44 11
0 22 32 24 23 32 44 44 33 11 41 33 33 42 41 32 33 14 22 11 44 22 14 41 11 41 14
0 33 33 24 22 33 11 14 22 44 41 33 32 42 41 33 22 14 32 44 22 33 11 44 44 44 11
0 22 32 22 22 33 14 14 22 41 41 33 33 42 44 33 22 14 32 44 22 33 14 11 41 44 14
0 32 32 44 23 32 14 14 22 41 44 32 33 42 44 32 22 11 32 41 44 33 14 41 44 41 14
0 22 33 24 23 32 14 14 22 11 41 33 33 42 44 33 22 14 33 44 24 33 14 41 44 41 11
0 33 33 22 22 33 11 11 22 44 44 33 33 44 44 33 22 14 33 44 22 33 11 41 41 44 11
0 32 33 22 22 33 11 14 22 44 44 33 33 44 44 33 22 11 33 44 22 33 14 44 44 44 11
0 22 32 44 23 22 14 44 33 11 11 22 22 22 11 33 23 44 32 41 44 22 44 41 44 11 14
0 22 32 44 23 33 14 14 22 44 41 32 33 42 41 33 23 14 22 41 44 32 44 11 44 41 14
0 32 33 22 22 33 14 11 22 44 44 22 33 44 44 33 22 11 32 44 22 33 11 44 44 44 11
0 32 32 24 22 32 14 11 22 44 11 32 33 42 44 33 22 11 33 44 24 33 14 44 44 44 11
0 33 32 24 22 33 14 14 22 41 41 33 33 44 44 33 22 11 32 44 24 33 14 44 44 44 14
0 33 33 22 22 33 11 11 22 44 44 33 33 44 44 33 22 11 32 44 22 33 11 44 44 44 11
0 22 32 24 22 33 14 14 22 41 41 32 33 42 41 33 22 14 32 44 24 32 14 41 41 41 14
0 33 32 22 22 33 14 14 23 44 41 33 33 44 44 33 22 14 33 44 22 33 11 44 44 44 11
0 33 33 24 22 33 14 14 23 44 44 33 33 42 41 33 22 14 22 41 22 33 11 41 44 44 11
0 22 22 44 22 33 14 14 22 44 41 33 32 42 41 32 22 14 32 44 22 32 14 41 41 44 14
0 32 33 24 23 32 14 11 22 44 44 32 33 44 44 33 33 14 33 41 22 33 14 44 41 41 11
0 32 32 22 22 33 11 11 22 41 44 33 33 44 41 33 22 11 32 44 24 33 14 41 44 41 11
0 22 32 24 23 33 14 14 22 41 11 33 32 22 41 33 22 11 32 44 24 33 44 11 44 44 14
0 32 32 22 22 32 14 14 22 44 44 33 33 42 41 33 23 11 22 41 22 33 44 44 44 44 11
0 22 32 44 23 32 14 14 22 41 41 32 22 22 44 32 23 11 32 41 22 32 14 41 41 41 11
0 32 32 24 22 33 11 14 22 44 44 33 33 42 44 33 22 11 32 44 24 33 11 41 44 44 11
0 33 33 22 22 33 11 11 22 41 44 33 33 44 41 33 22 11 33 44 22 33 11 44 44 44 11
0 32 32 24 22 33 11 11 22 44 44 33 33 44 44 33 23 11 32 44 24 33 14 41 44 44 11
0 32 22 44 22 33 14 14 22 44 44 32 22 44 44 33 22 44 32 44 24 32 11 44 41 44 11
0 33 33 22 22 33 11 14 22 41 44 33 33 44 44 33 22 11 33 44 22 33 11 44 44 44 11
0 22 32 24 22 33 14 44 23 41 41 32 33 44 11 33 22 14 32 44 22 33 11 11 41 44 11
0 32 33 24 22 33 44 14 22 44 11 33 33 42 44 33 22 14 33 44 44 33 14 11 41 44 11
0 32 32 44 23 33 44 14 23 41 41 32 33 42 44 33 23 14 32 44 24 32 14 41 41 41 14
0 33 33 22 22 33 11 11 22 44 44 33 33 44 44 33 22 11 33 44 22 33 11 41 44 44 11
0 33 33 24 22 33 11 14 22 44 41 32 33 42 41 33 22 11 32 44 24 33 11 41 11 41 14
0 22 33 44 22 32 14 14 22 41 44 33 33 42 41 33 22 11 22 44 22 33 14 44 41 44 11
0 32 32 24 23 32 14 11 22 41 11 32 33 44 41 32 23 14 32 44 22 33 14 11 44 44 14
0 33 33 22 22 33 11 14 22 41 44 33 33 44 44 32 22 11 33 44 24 33 14 44 44 44 11
0 32 33 24 23 33 14 14 22 41 41 32 33 44 44 33 33 44 32 44 24 32 44 11 44 44 44
0 33 33 22 22 33 14 11 22 44 44 33 33 44 41 33 22 11 33 41 22 33 11 44 44 44 11
0 33 33 24 22 33 11 14 22 41 44 33 32 42 41 32 22 14 33 44 24 32 14 41 44 44 11
0 32 32 22 22 32 11 44 22 41 41 33 33 42 44 33 22 14 32 44 22 33 14 41 44 41 11
0 32 32 44 22 32 11 44 22 41 41 33 33 42 41 33 33 14 32 44 24 33 44 11 11 11 11
0 33 33 24 22 32 14 14 23 41 44 33 33 42 41 33 22 11 32 41 24 33 14 41 41 44 11
0 32 32 22 22 32 14 14 22 44 41 32 33 44 44 33 22 11 32 44 24 33 11 41 41 44 11
0 33 33 22 22 32 11 11 22 41 44 33 33 44 44 33 22 11 33 44 24 33 11 44 44 44 11
0 32 32 24 22 33 14 14 23 11 41 33 32 42 44 33 23 11 33 44 24 32 14 41 41 41 11
0 22 32 24 23 33 14 14 33 11 11 22 32 42 41 32 23 14 22 44 24 32 14 11 11 11 14
0 33 33 22 22 33 14 14 22 41 41 33 33 44 44 33 22 11 33 44 22 33 14 41 44 44 11
0 32 33 44 22 33 14 14 22 11 11 33 32 42 41 33 22 11 32 44 24 33 14 11 41 41 44
0 22 33 24 22 33 14 11 22 41 44 32 33 44 44 33 22 14 32 44 24 33 11 44 41 44 11
0 33 33 22 22 33 14 14 22 44 44 33 33 44 44 33 22 11 32 44 22 33 14 41 44 44 11
0 32 32 44 22 32 14 14 23 41 41 32 32 42 41 32 23 14 32 41 22 33 14 41 41 41 14
0 32 33 22 23 33 14 14 22 44 44 32 33 22 44 33 23 14 32 44 44 32 14 41 44 44 11
0 32 32 24 23 32 14 14 23 41 41 32 32 42 41 32 23 11 32 41 24 32 14 41 41 41 14
0 32 33 22 22 33 44 14 22 44 41 32 33 44 44 33 22 11 22 41 24 33 11 11 44 44 11
0 32 32 24 33 32 44 44 22 41 11 32 32 42 11 33 23 14 32 41 44 32 44 11 41 41 44
0 32 33 24 22 33 11 11 22 41 41 33 33 44 44 33 22 14 33 44 22 32 44 44 44 44 11
0 33 32 22 23 32 11 14 22 44 44 33 33 42 44 33 22 11 32 44 22 33 11 44 41 44 11
0 32 33 22 22 33 14 14 22 44 41 32 33 22 44 32 22 11 33 44 22 32 14 41 41 44 14
0 32 32 24 23 33 14 44 23 44 44 33 33 44 44 33 22 11 32 44 24 33 14 41 41 41 14
0 32 32 24 23 32 14 14 23 44 41 32 32 42 41 33 23 14 32 41 24 33 11 41 41 41 14
0 33 33 22 22 33 14 14 22 41 41 33 33 44 44 33 22 11 33 44 24 33 14 41 44 41 11
0 32 33 22 22 33 11 11 22 44 44 33 33 22 44 33 22 11 33 44 22 33 11 44 44 44 11
0 32 32 24 22 33 14 14 23 41 41 33 33 42 41 22 23 14 32 44 24 33 14 11 44 41 11
0 32 33 24 22 33 11 14 22 44 44 33 33 44 44 33 22 11 32 44 22 33 11 44 44 44 11
0 32 33 22 22 33 14 11 22 41 41 32 33 44 44 33 22 14 32 44 22 33 14 44 41 44 11
0 22 33 24 22 32 14 14 22 41 41 32 33 42 41 33 22 14 33 44 24 33 14 11 41 44 44
0 33 33 22 22 32 11 11 22 44 44 33 33 44 44 33 22 11 33 44 22 33 14 41 44 44 11
0 33 32 24 22 33 14 11 22 44 41 33 33 44 44 33 22 11 33 44 22 33 11 44 44 44 11
0 32 33 24 22 32 14 14 22 44 41 32 32 42 41 33 23 14 32 41 24 33 14 41 41 44 14
0 32 33 22 22 33 14 11 23 41 11 33 33 22 41 33 22 11 32 44 22 33 44 41 41 41 14
0 22 22 44 23 22 44 14 33 11 11 22 32 22 11 32 23 44 32 11 44 32 44 11 11 41 14
0 32 32 22 23 32 14 14 23 41 41 32 33 42 41 32 23 14 32 41 24 32 14 11 41 41 14
0 22 33 24 22 33 44 11 22 41 44 32 33 44 44 33 23 14 33 44 22 33 11 41 44 44 44
0 32 22 44 33 33 44 44 23 11 11 22 22 22 41 33 23 14 22 11 44 33 44 11 41 41 14
0 32 33 22 22 33 11 11 22 44 44 33 33 44 44 33 23 11 33 44 22 33 11 11 41 44 11
0 32 33 24 23 33 14 14 22 44 11 33 33 42 41 33 22 14 32 41 24 33 14 11 41 41 14
0 32 33 22 23 33 14 14 23 41 41 32 33 44 41 33 22 14 33 44 24 32 14 41 41 41 11
0 32 32 22 22 33 14 14 22 41 41 32 32 42 44 33 23 44 33 41 24 33 11 41 41 41 14
0 22 33 44 22 33 44 44 33 41 41 33 33 22 11 33 33 44 32 44 22 33 44 44 44 44 14
0 33 33 22 22 33 11 11 22 44 44 33 33 44 44 33 23 11 33 44 22 33 11 44 44 44 11
0 32 33 22 22 33 14 11 22 44 41 32 33 42 44 33 23 11 33 44 24 33 14 41 44 44 11
0 32 32 22 22 33 11 44 22 44 41 33 33 44 44 33 23 14 33 44 24 33 11 41 41 44 14
0 33 33 22 22 33 11 11 22 41 44 32 32 44 44 33 22 11 33 44 22 33 11 41 41 44 11
0 32 33 44 22 33 11 14 22 44 41 33 33 44 41 33 22 14 32 44 22 33 11 41 44 44 11
0 33 33 22 22 33 14 11 23 44 11 33 33 44 41 33 23 11 32 44 24 33 14 41 41 41 44
0 32 33 22 22 33 11 11 22 44 44 33 33 42 44 33 22 11 32 44 22 33 11 44 44 41 11
0 33 32 22 22 33 14 11 22 41 44 33 33 42 44 33 23 14 32 44 24 33 11 44 44 44 11
0 33 33 22 22 33 11 11 22 44 44 33 33 44 44 33 22 11 33 41 22 33 11 41 44 44 11
0 33 33 22 22 33 11 11 22 41 44 33 33 42 44 33 22 11 33 44 22 33 11 41 44 44 11
0 33 32 22 22 33 11 11 22 44 44 33 33 42 44 33 22 11 32 44 22 32 14 44 44 41 11
0 33 33 22 22 33 14 14 22 41 44 32 33 42 44 33 22 11 33 44 22 33 11 41 44 44 11
0 22 32 44 22 33 44 44 22 41 41 32 33 44 41 33 22 11 32 44 24 32 14 41 41 11 14
0 33 33 22 22 33 11 11 22 41 41 33 32 44 44 33 22 11 33 44 24 33 11 44 44 44 11
0 32 32 22 22 32 14 11 22 44 44 33 33 44 41 33 22 11 32 44 22 33 11 41 41 44 14
0 32 33 44 22 32 44 11 22 44 41 32 32 44 44 33 33 44 22 44 24 33 14 41 41 41 11
0 32 33 22 22 33 11 11 22 44 44 33 33 44 44 33 23 11 33 44 22 33 14 44 44 44 11
0 33 32 24 23 33 14 14 22 41 41 33 33 42 41 33 22 11 32 44 24 32 14 41 44 41 11
0 32 33 22 23 33 14 14 23 44 44 33 32 42 44 33 22 11 33 41 44 33 44 44 44 44 11
0 32 32 22 22 33 14 14 22 41 44 33 33 42 41 32 22 11 32 44 24 33 14 11 44 44 11
0 33 32 44 23 33 14 14 22 41 44 32 33 44 44 33 22 14 32 44 24 33 14 41 41 44 14
0 33 33 24 22 33 11 11 22 41 44 33 33 42 44 32 23 11 32 44 24 33 14 41 44 44 14
0 32 33 22 22 33 14 11 22 44 44 33 32 44 44 33 22 11 33 44 22 33 11 41 44 44 11
0 33 33 22 23 33 11 14 22 44 44 32 33 42 44 33 23 11 32 11 22 32 44 41 44 44 11
0 33 33 22 22 32 14 11 22 44 44 33 33 44 44 33 22 11 33 44 22 33 11 44 44 41 11
0 32 32 24 22 33 11 14 22 44 11 32 33 42 41 32 23 11 32 44 24 32 11 44 44 41 14
0 22 22 44 22 32 14 44 22 44 41 32 32 22 44 33 23 11 32 44 22 33 44 41 41 41 14
0 33 33 22 22 33 11 44 22 44 41 33 33 42 44 33 22 11 33 44 22 33 14 41 41 44 11
0 32 22 24 22 32 44 44 22 41 41 33 33 44 41 33 23 11 32 41 24 33 11 11 41 44 11
0 33 33 24 22 33 14 11 22 44 41 33 33 44 44 33 22 11 33 44 22 33 11 44 44 44 11
0 32 33 22 22 33 14 14 22 41 41 33 33 42 41 33 22 14 33 44 22 33 14 44 44 44 14
0 22 32 24 23 32 14 44 23 44 41 32 33 42 41 33 23 14 32 41 24 33 14 41 44 41 14
0 33 32 24 23 33 11 14 23 41 41 32 33 42 44 33 23 44 32 44 24 32 44 41 44 41 44
0 32 33 22 22 33 11 44 22 41 44 32 33 44 41 33 23 14 32 44 22 33 14 44 44 41 14
0 32 33 24 22 33 14 14 23 44 41 33 33 44 44 33 23 11 33 44 24 33 14 44 44 44 11
0 33 33 22 22 33 14 14 22 44 41 32 33 44 44 33 22 11 33 44 22 33 11 44 44 44 14
0 33 32 22 22 33 14 11 22 44 41 33 33 42 11 33 22 11 33 41 44 33 11 44 44 41 14
0 32 32 22 23 33 44 14 23 44 44 32 33 42 11 33 22 14 32 41 24 33 11 41 41 41 11
0 32 32 24 23 32 44 44 22 41 41 32 32 42 11 33 23 14 32 41 24 32 44 41 41 41 14
0 32 32 24 22 33 11 11 22 41 41 22 32 42 44 33 23 14 32 41 24 32 14 44 11 41 14
0 32 32 24 22 33 14 14 22 11 41 33 33 44 44 32 23 11 33 44 22 33 11 44 44 44 14
0 33 33 24 22 32 14 14 22 44 41 32 33 22 44 32 33 44 33 44 24 33 11 44 41 44 14
0 22 32 24 23 32 14 14 22 11 41 33 32 42 44 32 23 11 32 44 24 33 44 41 44 41 14
0 32 32 24 23 33 14 14 23 41 41 22 33 42 41 33 23 14 32 41 24 33 44 44 41 41 14
0 33 33 24 22 33 44 11 22 44 41 32 33 44 41 33 22 14 33 41 24 33 14 41 44 41 11
0 33 33 22 22 33 11 11 22 41 44 22 33 44 44 33 22 11 22 44 22 33 11 44 44 44 11
0 32 33 24 22 33 14 14 22 41 44 33 32 42 41 33 22 11 33 41 24 33 14 41 41 44 11
0 32 32 24 22 33 11 11 22 11 44 33 33 42 44 33 22 11 32 41 24 33 11 41 41 44 14
0 32 32 24 22 22 14 44 23 11 41 22 33 42 41 33 23 14 32 41 24 32 44 41 41 44 14
0 32 33 22 22 33 11 14 22 44 44 33 33 44 44 33 22 11 33 44 22 33 11 44 44 44 11
0 32 32 24 22 33 14 14 33 41 44 32 32 42 44 33 23 11 33 11 44 33 14 44 41 41 11
0 32 22 24 22 32 14 14 22 41 41 32 32 22 41 33 23 11 32 41 24 22 14 41 11 41 11
0 32 32 22 22 32 14 44 22 41 41 32 33 42 44 33 22 14 22 41 24 33 44 41 44 44 14
0 33 33 24 23 33 11 14 22 44 41 33 33 42 44 32 23 14 33 44 24 33 14 44 41 41 11
0 22 33 22 22 33 11 11 22 44 44 33 33 42 44 32 23 11 32 44 24 33 14 44 41 44 11
0 32 32 24 23 32 11 14 23 44 41 32 32 44 41 32 23 11 32 44 24 32 11 41 44 44 14
0 33 33 22 22 33 11 11 22 41 44 33 33 44 44 33 22 11 33 44 24 33 11 44 41 44 11
0 22 22 24 22 33 14 14 22 41 41 33 33 44 41 32 23 11 32 11 24 33 11 41 41 44 11
0 32 33 22 22 33 11 14 22 41 44 33 33 44 44 33 22 11 33 44 22 33 11 44 44 41 11
0 32 33 44 22 32 14 44 23 44 41 22 33 44 41 32 33 14 22 44 44 33 44 11 44 41 14
0 32 32 22 23 33 14 14 23 44 41 32 33 44 44 32 23 14 32 44 24 32 11 41 41 41 14
0 22 32 22 23 33 11 44 22 11 41 32 33 42 44 33 22 11 32 44 24 33 14 11 44 41 11
0 32 33 24 22 32 14 14 22 44 41 32 33 44 44 33 23 11 22 41 24 33 14 41 41 44 14
0 22 33 22 22 32 14 14 22 41 41 33 33 42 41 33 22 11 22 44 24 33 11 11 44 44 11
0 22 32 44 22 22 44 44 23 41 11 22 32 42 44 33 22 14 22 44 24 32 14 41 41 11 11
0 33 33 24 22 33 14 14 22 41 11 33 33 44 44 33 22 11 32 44 22 33 14 41 44 41 14
0 33 32 22 22 33 14 44 22 41 44 33 32 44 41 33 22 11 33 44 24 32 14 41 44 44 14
0 32 33 24 22 33 44 11 22 44 41 33 32 44 44 33 22 14 32 44 22 33 11 41 44 41 11
0 33 33 22 22 33 11 11 22 44 41 33 32 44 44 33 22 11 33 44 24 33 11 41 44 44 11
0 33 33 24 22 33 11 11 23 44 44 33 33 44 44 33 22 11 33 44 22 33 11 11 44 44 11
0 33 33 24 22 33 11 11 22 44 44 32 33 44 44 33 22 11 33 44 24 33 11 41 44 44 11
0 32 32 24 22 32 11 14 23 44 41 33 33 42 41 33 23 14 32 41 24 32 14 41 41 44 14
0 32 33 24 22 33 14 14 23 41 44 32 32 44 41 32 23 11 33 41 24 33 14 41 44 41 11
0 32 33 24 22 33 44 44 23 11 41 32 32 44 41 33 22 14 22 44 24 32 44 41 11 44 44
0 32 32 22 22 33 11 11 22 44 41 32 33 42 44 33 22 14 32 44 24 32 14 41 44 41 11
0 22 33 44 23 33 44 14 22 11 11 32 33 42 41 32 22 14 32 44 24 33 14 41 41 44 14
0 32 33 22 22 33 44 11 22 44 41 33 33 44 44 33 22 14 33 41 22 33 11 44 44 44 11
0 32 33 22 22 33 14 11 22 41 44 33 33 44 44 33 23 11 33 44 24 33 14 41 44 44 11
0 32 33 22 22 32 14 14 22 44 44 32 32 44 41 33 22 11 32 41 22 33 11 44 11 44 11
0 32 33 24 23 33 14 14 22 44 44 33 33 22 44 33 23 14 32 44 24 33 14 44 41 44 11
0 22 33 22 22 33 14 11 22 41 44 33 33 42 44 32 22 14 32 44 24 32 14 41 44 44 14
0 32 33 24 22 33 11 11 22 11 41 33 32 22 44 33 22 14 33 44 24 33 14 41 11 11 11
0 32 22 44 22 32 44 44 23 11 41 33 32 22 41 32 33 44 22 11 44 33 44 11 11 11 44
0 22 32 24 33 32 14 14 33 41 41 32 22 42 11 33 33 14 22 41 24 33 44 11 41 11 14
0 32 33 22 22 33 11 11 23 44 41 32 33 44 41 33 23 11 33 44 24 33 11 41 44 44 14
0 32 32 44 22 32 14 14 33 41 11 32 22 22 41 32 23 14 22 41 24 32 14 41 41 41 14
0 32 33 22 22 33 11 11 22 44 44 33 33 44 44 33 22 11 33 44 22 33 14 44 44 44 11
0 32 32 44 22 32 44 44 22 41 11 32 33 42 44 33 23 14 22 44 24 33 14 11 44 41 44
0 32 32 24 22 22 14 14 23 41 44 32 33 42 44 33 22 14 22 44 44 32 14 41 41 44 14
0 32 22 44 33 33 14 44 23 11 11 33 33 42 11 32 23 14 32 11 44 32 14 11 11 44 14
0 33 33 22 22 33 11 11 22 44 41 33 33 44 44 33 22 14 33 44 22 32 11 44 44 44 11
0 33 33 22 22 33 11 11 22 44 41 33 33 42 44 33 22 11 32 44 22 33 11 41 44 41 11
0 33 33 22 22 33 11 11 22 44 44 33 33 44 44 33 22 11 33 44 22 33 11 41 44 44 11
0 32 33 22 22 33 11 11 22 41 44 33 33 44 44 33 22 11 32 44 24 33 11 41 44 44 11
0 32 32 24 22 32 14 14 22 41 41 32 32 42 44 32 22 14 32 44 24 33 14 41 44 41 14
0 22 33 24 22 33 11 14 22 44 41 32 33 42 41 32 23 14 22 44 24 33 44 41 44 41 11
0 33 33 22 22 33 14 14 22 44 41 32 33 42 44 33 23 11 33 41 44 32 14 11 44 44 11
0 33 33 22 22 33 11 11 22 44 44 33 33 44 44 33 22 11 33 44 22 33 11 44 44 44 11
0 33 33 22 22 33 11 11 22 44 41 33 33 42 44 33 22 11 33 44 22 33 14 44 44 44 11
0 32 32 24 23 33 44 14 22 44 41 33 32 22 41 32 22 11 22 44 44 32 11 11 44 44 11
0 32 33 24 22 33 14 11 22 44 41 32 33 44 44 33 22 11 32 44 24 33 11 44 44 44 11
0 22 22 44 33 22 44 44 23 11 41 32 22 22 41 32 23 44 22 11 44 22 44 44 11 11 14
0 32 33 24 22 33 14 11 22 41 44 33 32 44 44 33 23 14 33 44 22 33 14 44 44 44 11
0 32 33 24 23 33 11 14 22 41 44 32 33 44 41 33 22 14 32 41 22 33 14 44 44 44 11
0 32 33 44 22 22 14 44 22 41 11 22 33 42 41 22 22 14 22 44 44 33 44 11 44 44 11
0 22 32 24 23 32 44 44 23 41 11 32 33 22 41 32 23 11 32 44 44 33 14 41 41 41 11
0 22 32 24 23 33 14 14 22 44 41 32 32 42 41 33 22 14 32 41 24 32 14 41 41 41 14
0 22 33 24 22 32 44 14 23 44 41 33 32 44 44 32 22 11 32 44 22 33 14 41 41 41 11
0 32 32 24 22 33 11 44 23 44 11 33 33 22 44 33 23 14 32 41 24 33 14 11 41 41 14
0 22 32 24 22 33 14 14 22 44 41 32 33 42 41 33 23 14 22 44 24 33 14 41 44 41 14
0 22 22 24 23 22 44 44 23 11 11 22 32 22 11 32 23 44 32 11 24 22 44 11 11 11 14
0 33 33 22 22 33 11 11 22 44 44 33 33 44 41 32 22 11 32 44 24 33 14 44 44 44 11
0 32 32 24 23 32 14 14 22 41 41 32 32 42 41 32 23 14 32 41 24 32 14 41 41 41 14
0 32 33 22 22 33 14 11 22 44 44 32 33 44 44 33 22 11 33 44 22 33 11 44 44 44 11
0 32 32 24 22 33 11 14 22 44 44 33 32 44 44 33 22 14 33 44 22 33 11 44 44 44 11
0 32 33 22 23 33 11 11 22 11 44 33 33 44 44 33 22 14 22 44 24 33 11 11 41 44 11
0 32 22 22 22 32 14 14 22 44 41 33 22 22 41 33 22 11 32 41 24 32 11 41 11 41 14
0 32 32 22 22 33 11 14 22 44 41 33 33 42 44 33 33 11 32 44 22 33 14 11 44 44 11
0 33 33 22 22 33 14 11 22 41 44 33 33 44 44 33 22 14 33 44 22 33 11 41 41 44 11
0 33 33 22 22 33 11 11 22 44 44 33 33 44 44 33 22 11 32 44 22 33 11 44 44 44 11
0 32 33 22 22 32 11 14 22 41 41 33 33 44 41 32 22 11 32 44 22 33 11 44 41 44 11
0 33 33 24 22 33 44 14 23 44 44 32 33 44 44 33 22 14 22 44 24 33 14 41 44 41 14
0 32 33 22 22 33 11 11 22 44 44 33 33 44 44 33 22 11 33 44 22 33 11 44 44 44 11
0 32 33 24 22 33 14 11 22 41 11 33 33 42 41 33 23 11 32 44 22 33 14 11 44 41 11
0 32 33 22 22 32 11 14 22 44 44 33 33 42 41 33 22 11 33 44 22 33 14 44 41 44 11
0 22 32 22 33 33 14 44 22 41 11 22 33 22 44 32 23 14 22 44 24 32 44 11 41 41 14
0 32 32 24 22 32 44 14 22 44 41 22 32 42 41 32 22 14 22 44 24 33 14 11 41 41 44
1 32 33 22 22 33 14 14 22 41 41 33 33 44 44 32 22 11 32 41 22 33 11 41 44 44 11
1 22 22 22 23 32 11 14 23 41 11 33 32 42 41 33 23 44 32 44 44 32 11 41 41 41 11
1 33 33 22 22 33 11 11 22 44 44 33 33 44 44 33 22 11 33 44 22 33 11 44 44 44 11
1 22 33 24 22 32 14 44 22 44 41 33 33 22 44 33 22 11 32 44 24 33 14 41 41 44 11
1 33 33 22 22 33 11 11 22 44 44 33 33 44 44 33 22 11 33 44 22 33 11 44 44 44 11
1 22 32 22 22 33 14 11 22 44 44 33 33 44 44 33 22 11 32 44 22 33 14 44 44 44 11
1 22 33 24 23 33 44 14 23 44 41 33 33 42 41 33 22 44 22 44 24 33 14 41 41 44 14
1 32 32 44 22 32 14 44 23 41 11 33 33 42 11 32 22 14 22 41 24 32 14 11 41 41 44
1 33 33 22 22 33 11 11 22 44 44 33 33 42 44 33 22 11 33 44 22 33 14 44 44 44 11
1 32 32 24 22 33 14 44 22 44 44 33 33 42 41 33 22 11 33 41 44 33 11 44 41 44 11
1 32 32 22 22 33 11 11 23 41 41 33 33 44 44 33 22 11 33 44 24 33 11 44 44 44 14
1 32 33 22 22 33 14 14 22 41 41 33 33 42 44 33 23 11 22 44 24 33 11 44 44 44 11
1 22 33 44 23 33 44 14 23 11 41 22 33 42 11 33 33 14 33 41 24 32 14 11 41 44 14
1 32 33 22 22 33 11 14 22 44 44 32 33 44 44 33 23 11 32 44 24 33 11 44 41 44 11
1 33 32 22 22 33 11 11 22 44 41 33 33 44 11 33 22 11 32 44 24 33 14 44 44 44 11
1 32 33 24 22 33 14 14 22 41 41 33 32 44 44 33 22 11 33 44 22 33 11 44 44 44 11
1 33 33 22 22 32 11 11 22 44 44 33 33 44 44 33 22 11 33 44 22 33 14 41 44 44 11
1 33 32 44 23 32 14 44 23 11 11 22 22 42 41 33 22 14 22 11 24 32 14 41 41 41 14
1 32 32 22 22 33 44 14 23 41 41 33 32 42 44 32 22 11 33 41 24 33 11 41 44 41 14
1 32 33 22 22 33 11 11 22 44 44 33 33 44 44 33 22 11 33 44 22 33 11 41 44 44 11
1 32 32 24 22 33 14 14 22 44 44 32 33 42 41 32 22 14 32 44 24 32 14 41 41 44 14
1 22 32 24 23 32 14 14 22 41 41 32 32 42 41 33 23 44 32 41 24 32 14 41 11 44 11
1 32 33 24 22 33 44 44 33 41 41 32 32 22 44 33 23 14 22 41 24 32 44 44 41 41 14
1 32 33 24 22 33 14 44 23 44 41 33 33 42 11 32 22 11 32 41 22 33 11 41 44 41 14
1 32 32 24 23 33 14 14 22 44 41 32 32 42 44 33 22 11 32 41 24 33 11 44 44 44 14
1 32 32 22 22 32 14 14 22 44 41 33 33 44 44 33 22 11 33 44 22 33 44 41 41 41 11
1 22 32 24 22 33 14 11 22 44 41 33 33 44 41 33 22 11 33 44 24 33 11 44 44 44 14
1 33 33 22 22 33 11 11 22 44 44 33 33 42 44 33 22 11 33 44 22 33 11 41 41 44 11
1 22 22 24 23 33 44 44 33 11 11 22 22 42 11 32 23 44 22 41 44 33 14 11 41 41 14
1 22 32 24 22 33 44 44 23 41 11 32 32 44 11 33 22 14 32 41 24 33 44 41 44 41 14
1 32 33 22 22 33 14 11 22 41 44 33 33 44 44 33 22 11 33 44 22 33 11 41 44 44 11
1 33 22 24 22 33 11 14 23 41 11 33 32 22 44 22 33 14 22 44 24 33 14 41 44 11 11
1 22 22 22 22 33 44 44 22 11 11 33 32 44 44 33 23 44 22 44 44 32 14 41 41 41 14
1 32 33 22 23 33 44 14 22 44 41 33 32 42 44 33 22 11 32 44 22 33 14 44 41 11 11
1 33 33 24 22 33 11 14 22 41 41 32 32 42 41 33 22 14 32 44 22 32 44 41 41 41 11
1 32 33 22 22 33 14 14 22 11 41 33 32 42 41 33 23 11 32 44 22 33 14 41 41 44 14
1 33 32 22 22 33 44 14 22 44 44 33 32 44 41 33 22 11 32 44 22 33 14 44 44 44 11
1 32 22 22 23 22 14 44 23 41 41 32 32 22 41 32 23 11 22 44 24 22 14 41 41 44 11
1 33 32 22 22 32 11 11 22 44 44 33 33 44 44 33 22 14 32 44 22 33 11 44 44 44 11
1 32 33 24 22 33 14 14 23 44 44 33 33 44 44 33 22 11 22 41 22 32 14 41 41 41 11
1 32 33 24 23 32 14 14 23 41 41 33 33 42 41 33 23 14 32 41 24 33 14 44 41 41 11
1 33 33 22 22 33 11 11 22 44 44 32 33 44 44 33 22 14 33 44 22 33 11 44 44 44 11
1 32 32 24 22 32 14 14 22 41 41 33 32 44 41 33 22 14 33 44 22 33 11 41 44 44 14
1 33 33 22 22 33 11 11 22 44 44 33 33 44 44 33 22 11 33 44 24 33 11 44 44 44 11
1 32 32 24 22 32 14 14 23 41 41 32 32 42 41 32 23 14 32 44 44 32 14 41 41 41 11
1 32 32 24 23 33 14 14 22 41 41 32 32 42 41 33 23 44 32 11 24 33 14 41 41 11 14
1 32 33 22 22 33 11 14 22 41 41 33 33 44 41 33 33 11 32 44 22 33 11 41 44 44 11
1 33 33 22 22 33 14 11 22 44 44 33 33 44 44 33 22 14 33 44 22 33 11 11 44 41 14
1 33 33 22 22 33 11 11 22 44 44 33 33 44 44 33 22 11 33 44 22 33 14 44 44 44 11
1 33 32 24 22 33 14 11 22 44 44 33 33 42 44 33 22 11 33 44 22 33 11 44 44 41 11
1 32 32 22 22 33 11 11 22 41 41 33 33 42 44 33 22 11 33 44 44 33 14 41 41 44 11
1 32 32 24 22 33 14 44 22 41 44 32 33 22 41 32 22 11 32 44 24 33 14 44 44 44 44
1 33 33 22 22 33 11 11 22 41 41 33 32 42 44 33 22 11 32 41 22 33 14 44 44 44 11
1 33 32 22 22 33 11 11 22 44 41 33 33 44 44 33 22 11 33 44 22 33 11 41 44 44 11
1 32 32 22 22 32 44 44 23 41 41 32 32 42 41 33 23 14 32 44 22 33 14 41 11 44 14
1 33 33 24 22 33 14 11 22 44 41 33 33 44 44 33 22 14 33 41 22 33 44 41 44 41 11
1 32 33 24 22 32 14 14 22 41 41 33 32 22 44 33 23 11 33 44 24 33 14 41 44 44 14
1 22 32 24 22 32 44 44 22 41 11 33 32 22 41 33 23 11 22 44 24 32 44 41 44 44 11
1 32 32 22 22 33 14 14 22 41 41 32 33 44 41 33 22 11 32 44 24 33 11 44 41 44 11
1 22 22 44 23 22 44 44 23 11 11 32 32 22 11 33 23 44 22 44 22 32 44 41 11 11 14
1 33 33 22 22 32 11 14 22 41 41 33 32 42 44 33 22 14 32 44 24 33 14 41 41 44 11
1 33 33 22 23 33 11 11 22 41 41 33 33 44 41 33 22 11 33 41 24 33 14 44 41 44 14
1 32 33 24 22 33 14 14 22 11 41 33 32 42 41 32 22 14 22 44 44 33 44 41 41 44 14
1 32 33 22 22 33 11 11 22 44 41 33 33 44 44 33 22 14 33 44 44 33 11 44 44 44 11
1 33 33 22 22 33 14 11 22 44 44 33 32 42 44 33 22 11 32 41 22 33 11 44 44 44 11
1 33 32 24 23 33 11 11 22 44 44 33 33 44 44 33 23 11 32 44 24 33 11 44 41 44 11
1 22 32 24 23 32 14 11 23 41 41 33 33 22 44 32 23 14 32 44 44 32 44 41 41 41 14
1 33 33 22 22 33 14 14 22 44 41 33 33 44 44 33 22 11 32 44 24 33 14 44 44 44 11
1 32 22 22 23 33 11 44 23 44 41 33 33 44 44 33 23 11 33 44 22 33 14 41 44 44 14
1 33 32 44 22 33 44 14 22 44 41 33 32 42 41 33 22 14 22 44 24 33 14 11 44 44 11
1 33 33 22 23 33 11 11 22 44 41 33 33 44 41 33 22 11 33 41 22 33 11 41 44 44 11
1 22 33 44 22 33 44 11 22 41 41 33 33 42 11 33 22 11 22 41 44 33 14 41 44 44 11
1 22 32 24 22 33 11 44 22 11 41 33 33 44 41 33 23 11 32 44 24 32 14 11 11 44 11
1 33 33 22 23 33 14 11 22 41 44 33 33 44 44 33 22 11 32 44 24 33 44 41 41 44 11
1 33 33 22 22 33 11 11 22 41 41 33 32 42 44 33 22 14 32 44 24 33 14 41 44 44 14
1 22 33 24 22 22 14 44 22 41 11 33 32 42 41 33 23 11 32 41 24 32 14 11 41 44 14
1 22 32 24 22 33 44 14 23 41 41 32 33 44 44 33 23 14 32 44 24 32 14 44 11 41 14
1 22 33 22 23 33 11 14 22 41 44 33 33 42 44 33 22 11 32 44 22 33 11 41 44 44 11
1 32 33 22 22 33 44 11 22 41 44 33 33 42 11 33 22 44 32 44 22 33 44 41 41 41 11
1 32 33 24 22 33 14 11 22 41 44 32 33 44 44 33 22 11 33 41 24 33 14 44 44 41 11
1 32 32 22 22 33 14 11 22 44 41 33 33 42 44 33 22 11 32 44 22 33 11 41 41 41 11
1 32 32 24 22 33 14 14 23 41 44 32 33 22 41 33 23 11 32 44 24 32 14 41 41 44 14
1 32 33 24 22 33 11 14 22 44 44 33 32 44 44 33 22 11 33 41 22 33 11 41 44 44 11
1 32 33 22 22 33 14 14 22 44 44 33 33 44 44 33 22 11 33 41 22 33 11 41 41 44 11
1 32 33 44 22 32 14 14 23 41 41 33 32 44 41 33 23 11 32 41 22 33 14 41 11 41 14
1 33 33 22 22 33 11 11 22 44 44 33 33 42 44 33 22 11 32 44 22 33 11 44 44 44 14
1 22 32 44 23 32 14 14 23 41 11 22 32 42 41 32 23 14 32 41 24 33 14 11 44 11 14
1 32 33 22 22 33 11 44 23 41 44 33 33 44 44 33 23 11 32 44 22 33 14 41 41 41 11
1 33 32 22 23 33 11 14 22 44 44 33 33 44 44 33 22 11 33 44 22 33 11 44 44 44 11
1 33 33 24 22 33 11 14 22 44 44 33 33 44 44 33 22 11 33 44 22 33 11 44 44 44 11
1 32 22 22 22 33 44 14 22 41 41 32 33 42 44 32 22 14 33 44 22 33 44 41 44 41 14
1 33 33 22 22 33 11 11 22 44 44 33 33 44 44 33 22 11 33 44 24 33 11 44 44 44 11
1 32 32 44 22 33 14 11 22 41 41 32 33 42 44 33 23 14 22 41 22 33 14 41 41 44 11
1 32 33 44 22 33 14 14 22 41 41 32 33 42 44 33 22 11 33 44 24 33 11 41 44 44 11
1 33 33 22 23 33 14 11 22 44 44 33 33 44 44 33 22 11 32 44 24 33 11 44 41 44 11
1 22 33 24 22 33 44 14 22 41 11 33 32 44 41 33 33 11 22 41 44 32 14 41 11 41 14
1 32 32 22 22 33 11 14 22 44 44 33 33 42 44 33 22 44 33 11 22 33 11 41 11 11 11
1 33 33 22 22 33 11 11 22 41 44 33 33 44 44 33 22 11 33 44 22 33 14 44 41 44 11
1 32 33 22 22 33 14 11 22 41 41 32 33 44 44 33 22 14 33 41 22 33 11 41 44 44 11
1 33 33 24 22 33 14 14 22 44 41 33 32 42 41 33 22 14 33 44 44 33 11 44 44 44 11
1 33 33 22 22 33 11 14 22 44 44 33 33 44 41 33 22 14 32 44 22 33 11 44 44 44 14
1 33 33 22 22 32 11 11 23 41 41 32 32 42 41 32 23 11 32 41 24 33 14 41 44 44 14
1 32 32 22 23 33 14 11 22 44 41 33 33 44 44 33 22 11 32 44 24 33 14 41 44 44 14
1 33 33 24 22 33 11 14 22 44 44 33 33 22 44 33 22 11 32 44 22 33 14 44 44 44 11
1 33 33 24 22 33 14 44 22 44 44 33 33 42 41 33 22 11 33 44 24 32 11 44 44 44 11
1 32 22 24 22 33 14 14 23 41 41 32 32 42 44 32 23 14 32 41 22 32 44 41 41 44 11
1 32 22 24 22 32 44 14 22 44 41 32 33 22 41 33 22 44 22 44 24 32 14 11 11 41 14
1 32 22 24 23 32 44 14 23 41 44 32 32 42 41 33 23 14 22 41 24 32 44 41 41 41 14
1 32 33 22 22 33 11 14 22 41 44 33 33 42 11 33 23 14 33 44 24 32 44 11 44 41 11
1 32 33 22 22 33 11 14 22 44 41 33 33 44 44 33 22 11 33 44 22 33 11 41 44 44 11
1 32 33 44 22 33 44 14 22 11 44 33 32 44 44 33 22 14 33 44 24 33 14 41 44 44 11
1 22 22 24 23 33 44 14 22 41 41 33 32 44 41 33 22 11 32 41 24 33 14 41 41 41 11
1 32 33 22 22 33 11 11 22 44 41 33 33 44 44 33 22 14 33 44 22 33 11 44 44 44 11
1 32 32 24 23 32 11 14 22 41 41 22 33 42 41 33 22 14 33 44 22 33 14 11 41 11 14
1 22 33 24 22 33 14 11 22 41 44 33 33 44 44 33 22 11 32 44 22 33 14 41 44 44 11
1 22 33 44 23 33 14 14 23 41 11 32 33 22 41 33 22 11 33 41 24 33 14 41 44 44 44
1 22 33 24 22 33 11 11 22 44 41 32 33 42 44 33 22 11 32 44 22 33 11 44 44 41 11
1 32 22 44 22 33 11 14 23 11 11 32 32 42 44 33 23 11 33 44 44 33 14 44 44 41 14
1 33 32 22 23 33 14 11 22 44 41 33 32 44 44 33 23 11 32 44 22 33 11 41 44 44 11
1 32 33 24 22 33 44 14 22 41 41 32 33 42 41 33 22 44 33 44 24 33 11 41 41 41 11
1 32 33 24 22 33 14 14 22 44 41 33 33 42 44 33 22 14 33 44 44 32 14 11 41 41 14
1 22 32 24 22 32 14 44 22 11 44 33 33 42 41 33 22 14 32 41 22 32 14 44 44 44 11
1 33 33 22 22 33 14 11 22 41 41 33 33 42 44 33 22 11 32 44 24 33 11 41 44 44 11
1 32 32 22 22 33 14 11 23 41 44 33 32 42 44 33 23 14 33 44 24 33 44 41 41 44 11
1 22 32 24 22 32 14 14 23 11 11 22 22 22 41 32 22 14 32 41 24 33 11 41 11 44 11
1 32 32 24 23 32 14 14 23 44 44 32 32 42 41 32 23 14 32 41 24 33 14 41 41 44 14
1 32 32 22 33 32 14 14 23 41 41 32 33 22 41 33 23 11 32 44 24 33 14 44 44 41 14
1 33 33 24 22 33 11 11 22 44 41 32 33 42 44 33 22 11 32 44 22 33 11 41 44 44 14
1 22 33 22 23 33 14 14 23 11 41 22 33 42 44 32 22 14 32 44 24 33 11 41 44 44 44
1 32 32 44 23 32 14 44 22 11 41 22 22 42 11 33 22 11 32 41 24 33 44 11 41 44 11
1 22 33 22 22 33 14 14 22 11 44 33 33 42 44 33 23 14 32 44 22 33 14 11 41 44 14
1 32 33 22 22 32 14 11 23 44 44 33 33 44 44 33 22 11 33 41 24 33 14 41 44 41 11
1 32 32 24 22 32 14 44 23 44 41 32 33 42 41 33 23 44 22 44 24 32 14 41 41 41 14
1 33 32 24 23 33 14 14 22 41 41 33 33 42 44 33 22 11 32 44 24 32 14 44 44 44 11
1 33 33 24 22 33 11 11 22 44 41 33 33 44 44 33 22 11 33 44 22 33 11 44 44 44 11
1 32 33 24 22 33 14 14 22 44 44 32 33 42 44 33 22 11 33 44 22 33 14 44 44 44 11
1 32 33 22 23 33 14 14 22 41 41 33 32 44 44 33 23 11 33 44 44 33 14 44 44 44 11
1 22 22 24 22 33 14 44 22 41 11 32 32 22 11 32 22 11 22 44 24 33 44 11 41 41 14
1 33 33 22 22 33 11 11 22 44 44 33 33 44 44 33 22 11 33 44 22 33 11 44 44 44 14
1 22 33 44 22 33 44 14 22 44 41 33 33 42 41 33 22 44 22 44 24 33 44 41 44 44 11
1 32 33 22 22 33 11 11 22 44 44 32 33 44 44 33 22 11 32 44 24 33 11 44 44 44 11
1 32 32 24 22 22 44 11 22 44 41 33 32 42 44 22 22 14 32 44 24 33 14 11 11 41 14
1 33 32 24 22 33 11 14 22 41 44 33 33 42 41 33 22 11 32 44 22 33 14 41 41 41 11
1 33 32 24 22 33 11 11 22 44 44 33 33 42 41 33 22 11 32 41 24 33 14 44 44 44 11
1 22 32 24 23 32 14 14 22 44 41 32 32 42 41 33 23 14 32 44 24 32 11 41 44 44 14
1 22 32 24 22 33 14 14 23 41 44 33 33 42 41 33 23 14 32 44 24 33 14 41 44 41 11
1 22 33 24 22 33 11 14 22 41 41 32 33 42 44 32 22 11 32 44 24 33 44 41 11 44 11
1 32 32 24 22 33 11 14 22 41 41 32 32 42 41 33 23 11 32 41 24 33 14 41 41 41 14
1 33 33 22 22 33 11 11 22 44 44 33 33 44 44 33 22 14 33 44 22 33 11 41 44 44 11
1 33 33 22 22 33 14 11 22 44 44 33 33 44 44 33 22 11 33 44 22 33 11 44 44 41 11
1 32 33 24 22 33 14 14 22 41 41 33 33 42 44 33 23 11 33 44 22 33 14 41 41 44 11
1 32 33 24 22 33 14 11 22 44 44 33 33 44 44 33 22 11 32 41 24 33 11 41 41 44 14
1 33 32 22 23 33 14 11 22 44 44 33 33 44 44 33 23 14 33 44 22 33 11 44 44 44 11
1 22 32 44 22 33 14 14 23 11 41 33 32 22 41 33 23 44 22 44 44 32 44 41 11 11 11
1 33 33 22 22 33 11 11 22 41 41 33 33 42 44 33 22 11 32 44 22 33 11 44 44 44 11
1 32 33 22 22 33 11 14 22 41 44 33 33 44 41 33 23 11 33 44 22 33 11 44 44 44 11
1 33 33 22 22 33 11 11 22 44 44 33 33 44 44 33 22 14 32 44 22 33 11 41 44 41 11
1 32 33 24 22 33 14 14 22 44 44 32 33 44 44 33 22 11 32 44 22 32 14 11 44 44 11
1 32 32 24 23 32 14 14 23 41 41 32 32 42 41 32 23 14 32 41 24 32 14 41 41 41 14
1 32 33 24 22 33 11 14 22 44 41 33 33 44 44 32 22 11 32 44 24 33 11 41 44 41 11
1 32 33 22 22 33 14 14 23 41 41 32 33 42 44 33 22 14 32 44 22 33 14 41 44 44 11
1 22 32 44 22 33 14 44 23 41 44 22 32 22 11 33 23 14 32 44 24 32 14 41 11 11 11
1 33 33 22 22 33 11 14 22 44 44 33 33 44 41 33 22 14 33 44 24 33 11 44 44 44 11
1 32 32 24 23 32 14 14 23 41 41 32 32 42 41 33 23 14 32 41 24 32 14 41 41 41 14
1 32 32 24 22 33 14 11 23 41 44 33 32 44 44 33 23 14 32 41 24 33 14 41 41 41 14
1 32 33 24 22 33 11 14 22 44 41 32 32 42 41 32 23 14 32 41 24 33 14 41 44 41 11
1 33 32 24 22 32 14 14 22 41 41 32 33 42 44 33 22 11 32 44 44 33 14 41 44 41 14
1 32 33 22 22 33 11 11 22 44 41 33 33 42 44 33 22 11 33 44 24 33 11 44 44 44 11
1 33 33 22 22 33 11 14 22 44 44 33 33 44 41 33 22 11 32 44 24 33 11 44 11 41 11
1 32 32 24 23 33 14 14 22 41 41 33 32 42 41 33 23 14 32 44 24 33 14 41 41 41 14
1 33 33 24 22 33 14 14 22 44 44 33 33 44 44 33 22 11 33 41 22 33 11 41 44 44 11
1 32 32 22 23 33 11 11 22 44 41 32 33 44 41 32 22 14 33 44 22 32 14 41 41 44 14
1 33 32 44 22 33 11 14 22 41 41 22 33 22 44 33 33 14 32 44 22 32 14 41 41 44 14
1 22 33 44 22 33 14 14 22 41 44 33 33 44 41 33 23 14 32 44 44 33 14 41 44 41 11
1 33 33 22 22 33 11 11 22 44 44 33 33 44 44 33 22 11 33 44 24 33 11 11 44 44 11
1 33 33 24 23 32 14 14 23 41 44 33 33 42 44 33 22 14 33 44 24 33 44 41 44 41 14
1 32 32 24 22 32 44 44 23 41 41 33 33 42 44 33 23 11 22 41 24 33 44 41 44 44 11
1 32 32 24 22 33 14 14 22 44 41 32 22 42 44 33 22 44 32 44 44 33 14 11 41 41 14
1 33 33 24 22 33 11 14 22 41 44 33 33 44 41 32 22 11 32 44 24 33 14 41 44 44 11
1 32 32 24 23 32 14 14 23 41 41 32 32 42 44 32 23 14 32 41 24 32 14 41 41 11 14
1 22 33 44 23 32 14 44 23 41 11 22 33 42 11 22 22 14 22 41 44 33 44 11 41 11 44
1 33 33 44 22 33 14 11 22 44 41 33 33 42 44 33 23 11 32 44 22 33 14 41 41 44 11
1 32 32 24 22 33 11 11 23 44 44 33 32 42 41 33 22 11 22 44 22 33 14 41 44 41 11
1 22 32 24 22 32 14 14 23 11 41 32 33 44 41 33 23 14 32 44 44 33 11 41 41 44 14
1 32 32 44 23 32 44 14 23 41 11 32 32 42 41 32 22 14 22 41 44 33 14 41 41 41 44
1 32 32 24 22 33 11 11 22 41 41 33 33 44 44 33 22 11 33 41 24 33 14 41 41 41 11
1 32 32 22 22 33 14 11 22 41 44 33 33 44 44 33 22 14 32 44 22 33 11 44 44 44 14
1 22 33 24 33 32 44 14 23 11 11 32 33 42 41 32 23 14 22 41 44 32 44 11 41 11 14
1 33 33 22 22 33 11 11 22 44 44 33 33 44 44 33 22 11 33 44 22 33 11 44 44 44 11
1 33 32 22 22 32 14 11 22 41 41 32 33 42 44 32 23 11 32 44 44 33 14 11 41 44 11
1 22 33 44 23 33 14 11 22 44 44 33 33 42 44 33 22 14 32 44 22 33 14 41 44 44 11
1 32 32 22 22 32 14 11 23 41 11 33 33 42 44 32 33 14 32 44 24 32 44 41 44 44 14
1 32 32 22 22 33 11 14 22 44 44 32 33 42 44 32 22 14 32 44 22 33 11 41 44 41 11
1 33 33 22 22 33 11 11 22 44 41 32 33 44 41 32 22 11 32 44 44 33 14 44 44 41 11
1 33 33 24 22 33 14 14 22 44 41 32 33 42 44 33 23 11 32 44 44 33 11 41 44 44 11
1 33 33 24 22 33 11 11 22 44 41 33 33 44 44 33 22 11 33 44 22 33 14 44 44 41 11
1 32 32 24 22 33 11 14 22 41 11 32 33 42 44 33 23 11 32 44 24 33 11 41 41 44 14
1 33 33 22 22 33 11 11 22 44 44 33 33 42 44 33 22 11 32 44 22 33 11 44 44 44 14
1 33 32 22 22 33 11 11 22 44 44 33 33 42 44 33 22 11 32 44 22 33 14 44 44 44 14
1 32 33 24 22 32 14 14 23 44 41 32 32 42 41 33 22 11 33 44 24 32 14 41 41 41 11
1 22 32 44 22 32 14 14 23 41 11 32 32 22 11 22 33 44 32 44 44 32 44 11 41 41 44
1 22 32 24 22 33 14 11 22 44 41 33 33 22 44 32 33 14 33 41 22 33 14 11 41 44 14
1 22 32 24 23 32 14 14 23 41 11 32 33 42 41 32 23 14 32 41 24 33 14 41 41 41 14
1 33 33 24 22 33 11 14 22 44 11 33 33 44 41 33 22 11 33 44 22 33 14 44 44 44 14
1 32 32 24 22 33 14 14 22 44 11 32 32 42 41 33 22 44 22 41 22 33 44 41 44 44 11
1 32 33 24 23 33 11 11 22 41 44 33 33 44 44 33 22 11 33 44 22 33 14 44 44 41 11
1 33 32 24 22 33 14 11 22 41 41 33 33 44 44 33 22 14 33 44 44 33 14 44 44 44 14
1 32 32 22 22 32 14 14 23 41 41 33 32 42 44 33 23 14 33 41 24 33 14 41 41 41 11
1 33 32 24 22 33 11 11 22 41 41 33 33 42 41 33 22 14 32 44 24 33 11 41 41 44 11
1 33 33 24 22 33 11 11 22 44 44 33 33 44 41 33 22 44 33 44 22 33 14 41 44 41 14
1 32 32 24 23 32 14 11 22 44 41 33 32 42 41 33 23 11 33 44 24 33 14 11 41 41 14
1 32 33 24 22 33 14 11 22 41 41 33 33 42 41 33 22 14 32 41 22 33 14 41 44 44 11
1 33 33 22 23 33 14 11 22 11 41 33 33 42 44 33 22 14 32 41 22 32 14 41 44 44 44
1 32 32 24 23 33 11 14 22 41 41 32 32 42 41 33 22 11 32 41 24 33 14 41 41 41 14
1 33 33 22 22 33 11 11 22 44 44 33 33 44 44 33 22 11 33 44 22 33 14 41 44 44 11
1 33 32 24 22 32 14 11 22 44 44 32 33 42 44 33 22 11 33 44 22 33 14 44 41 44 11
1 32 33 24 22 33 11 11 22 44 44 33 33 44 44 33 22 11 33 44 24 33 14 41 44 44 11
1 33 33 22 22 33 11 14 22 44 44 33 33 42 44 33 22 11 33 44 22 32 14 44 44 44 11
1 22 32 24 23 32 14 14 22 41 41 32 32 42 41 33 22 44 32 41 24 32 14 41 41 41 14
1 32 32 24 22 32 44 44 23 11 41 32 33 44 41 33 23 44 22 44 44 33 14 41 11 41 14
1 22 33 22 23 22 44 14 33 11 41 32 32 22 44 33 23 44 22 41 44 32 14 11 11 41 44
1 33 33 22 22 33 11 44 23 44 44 33 32 44 44 33 23 11 32 44 22 33 44 11 41 44 11
1 22 22 44 23 22 14 44 22 44 41 22 22 22 41 32 22 14 32 41 24 33 44 11 41 41 14
1 33 33 22 22 33 14 14 22 44 41 33 33 42 44 33 23 11 32 44 24 33 11 11 44 44 14
1 32 32 44 23 32 44 14 22 44 44 32 33 42 41 32 23 11 32 44 24 32 11 41 44 41 11
1 22 22 24 22 32 44 44 22 11 11 22 33 42 41 32 22 11 22 41 24 22 14 11 41 41 14
1 32 33 24 22 32 14 14 22 41 41 33 33 42 41 32 23 14 32 41 24 32 14 41 41 41 14
1 32 33 22 22 33 14 11 22 44 44 33 33 42 44 33 22 11 32 44 22 33 11 41 44 44 11
1 33 32 24 22 33 11 11 22 44 44 33 33 42 44 33 22 14 33 44 22 33 11 44 44 41 11
1 33 33 22 22 33 11 11 22 44 41 33 33 44 44 33 23 14 33 44 24 33 14 44 44 44 11
1 32 33 24 23 33 14 14 22 44 44 32 32 42 41 33 23 11 32 44 24 32 14 41 41 41 14
1 32 32 24 23 32 14 14 23 41 41 33 33 42 44 32 23 14 32 41 24 32 14 41 41 41 14
1 22 33 44 23 33 14 11 23 44 41 33 33 42 44 33 23 11 32 44 22 33 14 44 41 41 14
1 22 32 24 23 33 14 14 23 44 41 32 33 42 41 33 23 14 32 41 22 33 14 41 41 41 14
1 33 33 24 22 33 14 14 22 44 41 33 32 42 41 33 22 11 32 41 24 32 14 44 44 41 11
1 22 33 44 22 33 44 14 22 11 11 22 32 44 41 33 22 11 32 44 24 33 44 11 41 44 11
1 33 33 22 22 33 11 11 22 44 41 32 33 42 44 33 22 11 33 44 22 33 14 41 44 44 11
1 32 32 24 23 33 14 44 22 11 41 32 33 42 41 33 23 14 32 41 24 22 44 41 11 41 14
1 33 33 22 22 33 14 14 22 44 41 32 33 42 41 33 23 14 33 44 22 33 11 44 44 44 14
1 32 33 22 23 33 11 11 22 44 41 33 33 42 44 33 22 11 33 44 24 33 44 41 44 44 14
1 33 33 22 22 33 11 11 22 44 41 33 33 44 44 33 22 11 33 41 22 33 11 44 44 44 11
1 32 33 22 22 33 11 14 22 44 44 33 33 44 44 33 22 11 33 44 24 33 11 41 44 44 11
1 32 32 44 22 33 14 11 22 44 41 32 33 44 41 33 33 44 32 44 22 33 14 41 44 44 11
1 33 33 22 22 33 11 11 22 41 44 33 33 44 41 33 22 14 33 44 22 33 11 44 44 44 14
1 33 33 22 22 33 11 11 22 44 44 33 33 44 44 33 22 11 33 44 22 33 11 44 44 44 11
1 32 32 24 23 32 14 44 22 44 41 32 32 42 41 32 23 14 32 41 24 33 14 41 41 41 14
1 32 32 24 23 33 14 14 23 44 41 33 33 42 44 32 23 14 32 41 24 33 14 41 41 41 44
1 33 33 22 22 33 11 11 22 44 44 33 33 44 44 33 22 11 33 44 22 33 11 41 44 44 14
1 22 33 22 23 33 44 14 22 41 41 22 33 42 41 33 22 14 22 44 24 33 14 41 44 41 14
1 32 33 22 23 33 11 11 22 44 41 33 33 42 44 33 22 14 33 44 24 33 11 41 44 44 11
1 32 33 44 22 33 14 14 22 41 44 33 33 42 44 33 22 44 32 44 24 33 14 41 44 44 11
1 32 32 22 22 33 11 14 23 44 41 33 33 42 44 33 22 11 32 44 44 33 11 44 41 44 11
1 33 33 22 22 33 11 11 22 41 44 33 33 42 41 33 22 11 33 41 24 33 11 41 41 44 11
1 32 33 22 22 33 14 14 22 11 44 32 33 42 41 33 22 14 32 44 24 33 14 41 44 41 11
1 32 32 44 22 33 44 14 22 41 44 32 33 42 44 33 22 44 32 44 44 32 44 41 11 44 11
1 22 32 24 22 33 11 14 22 41 11 33 33 42 44 33 22 11 32 44 22 33 11 41 44 41 11
1 33 33 24 22 33 11 14 22 44 44 32 33 42 44 33 22 11 32 44 22 33 14 41 44 44 11
1 32 32 24 22 33 14 14 22 44 44 33 32 44 41 33 23 14 32 44 24 33 14 41 41 41 14
1 33 32 44 22 33 11 14 22 44 41 32 33 44 44 33 22 14 33 44 22 32 11 41 44 44 11
1 32 33 24 22 33 14 14 23 41 41 22 32 22 11 33 22 14 32 41 44 22 14 41 41 11 11
1 33 33 22 22 33 11 11 22 44 44 33 33 44 44 33 22 11 33 44 22 33 11 44 44 44 11
1 33 33 24 22 33 11 11 22 44 41 33 33 44 44 33 22 11 32 44 22 33 11 41 44 44 11
1 32 32 22 23 32 14 44 23 11 41 32 33 42 44 32 22 14 32 41 24 32 14 41 44 44 14
1 33 33 22 22 33 14 11 22 44 44 33 33 44 44 33 23 11 32 44 24 33 14 44 44 41 11
1 32 33 24 22 33 11 14 22 44 44 33 33 44 44 33 22 11 33 44 22 33 14 44 44 44 11
1 32 33 24 22 32 44 14 23 41 41 22 33 22 41 32 23 14 22 41 44 32 14 11 11 41 14
1 32 22 24 23 33 14 44 23 44 41 32 22 42 41 33 23 14 32 44 44 32 14 41 41 41 14
1 33 33 22 22 33 11 11 22 44 44 33 33 42 44 33 22 11 33 44 22 33 11 44 44 44 11
1 32 33 22 23 32 14 14 23 44 41 32 33 44 41 33 22 14 32 41 24 33 44 11 41 41 14
1 32 33 24 22 33 44 14 22 44 44 32 33 22 44 33 22 14 32 44 22 33 11 44 44 41 14
1 32 32 24 22 32 44 11 22 41 44 32 33 42 44 33 23 14 32 41 44 33 11 44 41 41 11
1 22 33 22 22 33 44 11 33 11 11 22 33 44 41 33 22 14 32 41 22 32 44 11 44 44 14
1 32 33 24 22 33 44 14 22 44 44 33 33 44 44 33 22 11 33 44 22 33 11 44 44 41 11
1 32 33 24 22 33 11 14 22 44 44 33 33 42 44 33 22 11 32 44 22 33 11 44 44 44 11
1 32 32 24 22 33 11 11 22 41 41 33 33 42 44 33 22 11 32 44 22 33 11 44 44 44 11
1 33 33 24 22 33 14 11 22 44 41 33 33 44 44 33 22 11 33 44 22 33 11 44 44 44 11
1 22 22 44 23 32 44 44 23 41 11 32 22 42 44 32 23 44 22 11 44 33 44 11 41 11 14
1 32 32 24 22 33 14 11 23 41 11 32 32 22 41 33 23 14 22 44 24 33 14 41 44 44 44
1 33 33 24 22 33 14 14 22 11 41 33 32 42 44 33 23 11 32 44 24 33 44 44 44 44 11
1 32 32 22 22 32 14 14 23 41 44 33 33 44 41 33 22 11 32 44 24 33 11 44 41 44 11
1 32 32 24 22 33 11 11 22 44 44 33 33 42 41 32 22 11 32 44 22 33 11 41 44 44 11
1 33 33 22 22 33 11 11 22 41 44 33 33 44 44 33 22 11 33 44 22 33 11 41 44 44 11
1 22 33 24 23 33 44 11 22 41 41 22 33 42 41 22 33 14 33 44 44 33 44 41 11 41 11
1 32 33 24 22 33 11 14 22 44 41 33 33 44 44 33 22 11 32 44 24 33 14 41 41 44 14
1 33 33 22 22 33 11 11 22 44 44 33 33 42 44 33 22 11 33 44 22 33 14 41 44 44 11
1 22 22 44 33 32 14 44 33 41 11 22 32 22 41 22 23 14 22 44 44 32 44 11 11 41 44
1 33 33 22 22 33 11 11 22 44 44 33 33 44 44 33 22 11 33 44 22 33 11 44 44 44 11
1 32 32 24 22 33 14 14 22 44 41 33 32 42 41 32 22 14 32 41 22 32 44 11 44 41 14
1 22 22 22 23 32 44 11 23 41 44 33 32 22 41 32 23 14 32 44 24 33 14 11 41 11 14
1 32 33 22 23 32 14 14 22 41 41 32 33 44 44 32 22 14 32 41 24 33 44 41 41 41 14
1 22 32 24 22 32 14 14 23 41 41 32 32 42 41 33 23 14 32 41 24 32 14 41 41 41 14
1 22 33 22 22 32 14 14 22 41 41 32 33 22 11 33 23 11 33 44 24 33 44 11 44 11 11
1 32 32 22 22 33 11 11 23 44 41 32 33 44 44 33 22 11 33 44 22 33 11 44 44 44 11
1 33 33 22 22 33 11 11 22 44 44 33 33 44 41 33 22 11 32 41 22 33 11 41 44 44 14
1 33 33 22 22 33 11 11 22 44 44 33 33 44 44 33 22 11 33 44 22 33 11 44 44 44 11
1 32 32 24 22 33 14 11 23 41 41 32 33 42 41 33 33 14 22 44 24 33 44 41 41 41 14
1 32 33 22 22 33 11 44 22 41 41 33 33 42 44 33 22 11 33 41 22 33 14 41 41 41 14
1 32 32 24 23 32 14 14 23 41 41 32 33 22 41 33 23 14 32 41 24 32 14 11 41 41 14
1 22 32 24 23 33 44 44 23 41 11 33 33 22 44 33 22 11 22 44 22 32 14 11 44 41 14
1 33 33 22 22 33 11 11 22 44 44 33 33 44 44 33 22 11 33 44 22 33 11 44 44 44 11
1 32 32 24 23 32 44 44 22 11 41 33 32 44 41 33 23 14 32 41 44 33 14 41 11 41 14
1 22 33 24 22 32 11 44 22 44 44 33 33 44 44 33 23 11 32 44 24 33 14 11 44 44 11
1 32 33 24 23 33 14 11 22 44 41 33 33 44 44 33 22 11 33 44 22 33 14 11 44 44 14
1 22 22 44 23 32 14 14 22 41 44 32 33 22 44 32 33 14 32 41 24 33 44 41 41 44 14
1 32 33 22 22 33 11 14 22 41 41 33 33 42 44 33 22 14 33 44 22 32 14 41 44 44 14
1 32 22 22 22 33 14 11 22 44 44 32 33 42 44 32 22 11 33 41 24 33 11 11 41 44 14
1 22 32 24 22 33 44 11 22 44 41 33 33 42 41 33 33 11 22 44 24 33 44 11 41 44 14
1 33 33 24 22 33 11 11 22 44 44 33 33 42 44 33 22 11 32 41 22 33 14 41 44 41 11
1 32 32 44 23 32 14 14 23 44 41 32 32 22 44 33 33 44 32 44 24 33 44 11 41 41 11
1 32 33 22 22 33 14 11 22 41 44 33 33 42 44 33 22 11 33 44 44 33 11 41 44 44 11
1 22 32 44 23 32 44 44 23 11 11 22 22 22 41 32 23 14 32 41 24 32 44 11 11 41 44
1 32 32 22 22 33 11 44 22 44 41 32 33 42 44 33 22 14 33 44 24 33 11 11 44 44 11
1 22 32 44 23 22 44 44 23 44 11 32 32 42 41 32 23 14 22 44 24 32 14 41 11 11 44
1 22 33 24 33 33 44 44 23 44 11 32 32 42 41 33 23 14 22 44 24 32 14 11 41 11 14
1 32 33 22 22 33 14 11 22 44 41 32 33 44 41 33 22 11 32 41 22 33 11 44 44 41 11
1 32 32 22 22 33 14 14 22 41 41 33 33 44 41 32 22 11 32 41 22 33 11 41 41 41 14
1 32 33 24 22 32 11 14 22 44 41 33 33 42 41 33 23 14 33 41 22 33 11 41 44 44 11
1 32 32 22 22 33 11 11 22 41 41 32 33 44 41 33 22 14 33 44 22 33 14 44 44 44 11
1 22 32 24 23 33 11 14 22 41 41 33 32 44 41 33 22 14 22 44 24 32 14 41 44 44 11
1 33 32 22 22 33 11 14 22 44 44 33 33 44 41 33 22 11 33 44 22 33 11 41 44 41 11
1 32 32 44 23 32 11 14 23 41 11 32 32 42 44 33 22 11 22 41 44 33 44 41 41 44 14
1 32 33 22 22 33 11 14 22 41 11 33 33 22 11 33 22 14 32 44 22 33 14 41 44 44 14
1 33 33 22 23 33 14 14 23 44 44 32 33 22 11 33 22 14 22 41 44 33 11 41 44 41 14
1 32 33 24 23 33 11 14 22 41 41 33 33 42 44 33 23 11 32 44 44 33 14 41 44 44 11
1 32 33 22 22 33 14 11 22 44 41 33 33 44 44 33 22 11 33 41 24 33 14 44 44 44 11
1 32 32 24 22 32 14 14 23 41 41 32 32 42 44 33 23 14 32 11 44 32 14 41 41 41 14
1 33 32 24 22 33 11 44 22 44 44 33 33 22 41 33 22 14 32 44 22 33 14 41 44 41 14
1 33 33 22 22 33 11 11 22 44 44 33 33 44 44 33 22 11 33 44 22 33 11 44 44 44 11
1 32 33 22 22 33 14 11 22 44 44 32 33 42 44 33 23 11 33 44 22 33 14 44 44 44 11
1 32 33 22 22 33 11 11 22 44 41 32 32 44 44 33 22 14 33 44 22 32 11 41 44 41 11
1 32 33 24 22 32 14 44 23 41 41 33 32 42 41 32 22 14 32 44 24 33 14 41 44 41 11
1 22 33 44 23 33 14 44 22 11 11 32 33 42 44 33 23 44 22 41 24 33 44 41 41 41 14
1 32 33 24 22 33 14 14 22 44 41 33 33 42 41 32 33 11 32 44 22 33 11 41 41 41 14
1 32 33 22 22 33 11 11 22 11 44 33 33 42 44 33 22 14 33 44 44 33 14 41 44 44 11
1 22 32 24 23 22 44 44 23 41 41 33 32 42 41 32 33 11 33 41 44 22 44 41 41 44 44
1 32 33 24 22 33 44 11 22 41 44 33 32 42 44 32 22 14 32 44 22 32 14 41 44 41 11
1 22 33 22 22 33 14 14 22 44 44 33 33 42 44 33 22 11 32 44 24 33 11 44 44 11 11
1 32 32 44 23 32 11 14 22 41 41 32 32 42 41 33 23 14 32 41 24 32 44 11 11 44 44
1 32 32 22 23 33 14 14 22 41 41 32 32 42 41 32 23 14 32 41 24 33 11 41 41 44 11
1 33 32 24 22 32 14 11 22 44 44 33 33 44 41 33 23 14 32 44 24 33 14 44 44 44 11
1 32 33 22 22 33 14 14 22 41 44 33 32 44 44 33 22 11 32 44 22 33 14 44 44 44 11
1 33 33 22 22 32 11 11 22 44 44 33 33 44 44 33 22 11 33 44 22 33 11 44 44 44 11
1 33 33 22 22 33 14 11 22 41 41 32 33 44 44 33 22 11 32 44 22 33 11 44 44 44 11
1 33 33 22 22 33 11 14 22 44 44 32 33 44 44 33 22 11 33 44 22 33 14 44 44 44 11
1 33 33 22 22 32 14 14 22 44 44 33 33 44 44 33 23 14 32 44 24 33 14 41 44 44 11
1 32 33 24 22 33 11 11 22 44 44 33 33 42 41 33 22 11 33 44 22 33 11 41 44 44 11
1 32 33 22 22 33 11 14 22 44 44 32 33 42 41 33 22 11 33 44 22 32 11 41 44 41 14
1 22 22 24 23 32 44 44 23 11 11 22 32 42 41 32 22 14 32 41 44 33 14 11 11 41 11
1 32 33 24 22 33 11 14 22 11 44 33 33 42 44 32 22 11 32 44 24 33 11 44 41 44 11
1 22 32 22 22 33 14 44 22 11 41 33 33 42 41 33 22 14 22 44 44 32 44 44 44 44 14
1 32 33 22 22 33 11 14 22 41 44 33 33 44 44 33 22 14 33 44 22 33 11 44 44 44 11
1 33 33 24 22 33 44 11 22 41 41 33 33 44 44 33 22 11 33 44 24 33 11 41 44 44 11
1 32 33 22 22 33 14 14 22 41 44 33 33 44 41 33 22 11 32 41 22 32 11 44 44 44 11
1 32 32 44 22 32 44 44 22 41 11 33 33 42 44 33 22 14 32 41 24 32 44 41 11 41 44
1 22 32 24 23 32 14 44 23 41 41 32 32 42 41 33 23 11 32 41 44 22 14 41 11 41 14
1 32 32 22 22 33 14 14 22 41 11 33 33 44 44 33 22 11 33 44 22 33 11 44 44 41 11
1 22 32 24 22 32 11 44 22 41 11 32 32 44 41 33 22 14 32 41 22 32 14 41 11 41 14
1 32 32 22 23 33 14 11 22 41 41 33 32 22 44 33 22 11 22 41 24 33 11 41 41 44 11
1 33 33 24 23 33 44 11 22 41 11 33 33 42 41 33 23 44 22 44 44 33 14 41 44 11 11
1 32 33 22 22 32 11 14 22 44 41 33 33 44 44 33 23 11 32 44 22 33 11 44 44 44 14
1 33 33 22 22 33 11 14 22 41 44 33 33 42 44 33 22 14 33 44 22 33 11 44 44 44 11
1 32 32 24 23 33 14 14 23 41 41 32 32 42 41 33 23 14 32 44 24 33 14 41 41 41 14
1 33 32 22 22 33 14 11 22 41 44 33 33 42 44 33 22 11 32 44 24 33 11 44 44 44 14
1 22 33 24 22 33 11 14 22 41 11 32 33 42 41 33 23 14 32 41 22 33 11 41 41 44 11
1 33 33 24 22 33 14 11 22 44 41 33 33 42 44 33 22 11 33 44 22 33 11 41 44 44 14
1 33 32 24 23 32 44 14 23 44 44 33 32 42 44 33 22 11 32 41 22 32 14 11 41 44 14
1 32 32 22 22 33 11 14 22 41 41 33 33 42 44 33 22 14 32 44 22 33 11 44 41 41 11
1 32 32 44 23 33 14 11 23 41 41 33 32 42 44 32 23 11 32 41 24 32 44 41 41 41 14
1 32 32 22 22 33 14 14 23 41 41 32 33 44 41 33 23 11 32 41 24 32 14 41 41 41 14
1 32 32 22 22 33 11 11 23 44 41 33 33 44 44 33 23 11 33 44 22 33 11 41 41 44 11
1 32 33 24 22 32 14 44 22 41 11 32 32 42 41 33 23 11 22 41 22 32 44 41 41 41 44
1 32 33 22 22 33 11 14 22 44 44 33 33 44 44 33 22 11 32 41 22 33 14 41 41 44 11
1 33 33 22 22 33 44 14 22 41 41 32 33 44 41 33 23 14 32 41 24 33 14 41 44 41 44
1 22 33 24 22 32 14 14 23 44 41 32 32 42 41 32 22 14 32 41 24 32 14 44 44 41 14
1 32 33 22 22 32 11 14 22 44 44 32 33 42 41 33 22 11 22 44 22 33 11 44 44 44 14
1 22 32 22 23 32 14 44 22 44 41 33 32 42 41 33 22 14 32 44 24 33 11 11 44 44 14
1 32 33 22 22 33 14 14 22 44 44 33 33 42 41 33 22 11 33 41 22 32 14 44 44 44 11
1 32 32 44 23 32 14 11 22 11 41 33 33 42 41 33 22 14 32 41 24 33 14 11 44 41 14
1 32 33 22 22 33 11 11 22 44 44 33 33 44 44 33 22 11 33 44 22 33 11 44 44 44 11
1 32 32 22 22 33 11 14 22 44 11 33 33 44 41 32 22 14 32 41 22 33 11 44 44 41 14
1 33 32 22 22 32 14 14 22 41 41 33 33 42 41 33 23 14 33 41 24 33 14 41 41 41 14
1 22 32 22 22 32 11 44 22 44 41 32 33 42 44 33 22 14 32 44 24 33 14 41 41 41 14
1 33 33 44 22 33 14 14 22 41 41 33 33 42 41 33 22 14 32 44 24 33 14 44 44 41 11
1 22 33 44 23 33 44 14 22 11 11 32 33 44 44 33 22 44 33 44 44 33 14 11 41 44 14
1 32 33 44 22 32 11 44 23 11 11 32 22 42 41 33 23 14 32 44 24 32 11 41 41 41 44
1 32 33 24 22 32 14 14 22 44 41 33 33 44 41 33 22 14 33 44 22 33 14 44 44 41 14
1 33 33 24 22 33 11 11 22 41 41 33 32 42 44 33 22 11 33 44 22 33 11 41 41 44 11
1 33 33 22 22 33 11 11 22 44 44 33 33 44 44 33 22 11 33 44 22 33 11 44 44 44 11
1 33 33 24 22 33 44 44 22 44 41 33 33 42 44 33 22 14 33 44 22 33 11 44 44 44 11
1 33 33 22 22 33 11 11 22 44 41 33 33 42 44 33 22 11 33 44 22 33 11 44 41 44 11
1 32 33 22 23 32 11 11 22 44 41 33 33 44 41 33 22 14 22 44 24 33 14 41 41 44 11
1 32 33 24 22 32 11 44 23 41 41 32 33 44 44 33 22 11 32 41 22 33 11 44 41 44 11
1 33 33 22 22 33 11 14 22 44 44 33 33 44 44 33 22 11 33 44 24 33 14 44 44 44 11
1 33 32 22 22 33 11 11 23 44 44 33 33 42 44 33 22 11 33 44 22 33 11 41 44 44 11
1 33 33 24 22 32 14 11 22 44 44 33 33 44 44 33 22 14 33 44 22 33 11 41 44 44 14
1 33 33 24 22 33 14 11 22 44 41 32 33 44 44 33 22 14 32 11 24 33 14 41 41 44 14
1 32 33 22 22 33 11 11 22 44 44 33 33 44 44 33 22 11 33 44 22 33 14 44 44 44 11
1 32 33 22 22 33 14 14 22 44 44 33 33 42 41 33 22 11 33 44 22 33 11 41 41 41 11
1 32 33 22 23 33 11 14 22 41 44 33 33 44 44 33 22 14 33 44 22 33 11 44 44 44 11
1 32 33 22 23 32 14 14 23 11 41 32 32 44 41 33 23 11 32 44 24 32 14 41 44 41 14
1 32 32 24 22 33 11 44 23 41 11 33 33 44 44 33 22 14 22 41 24 33 14 11 41 41 44
1 33 33 22 22 33 14 14 22 44 41 32 33 44 44 33 22 14 33 44 22 33 14 44 44 44 11
1 33 32 24 22 33 11 14 22 44 41 33 33 42 44 33 22 14 32 44 22 33 14 44 41 41 11
1 32 32 44 23 32 14 44 22 11 41 22 22 22 41 33 22 14 32 44 44 32 14 41 11 41 44
1 32 22 24 23 32 14 44 23 11 41 32 32 22 41 32 23 11 32 41 44 33 14 11 41 41 14
1 33 33 24 22 33 11 14 22 44 44 32 33 44 41 33 23 14 33 41 24 33 11 41 41 41 14
1 33 32 24 22 33 14 14 22 41 41 33 33 42 41 32 22 14 32 41 24 33 11 44 41 44 14
1 33 33 22 22 33 11 11 22 44 44 33 33 44 44 33 22 11 33 44 24 33 11 44 44 41 11
1 32 33 22 22 33 11 11 22 44 44 33 33 44 44 33 22 11 33 44 22 33 11 44 44 44 11
1 32 33 24 23 33 11 14 22 44 41 33 33 42 44 33 22 11 33 44 22 33 14 44 41 44 14
1 32 32 24 23 32 14 14 22 41 41 32 33 44 44 33 23 11 32 41 22 32 14 41 41 41 14
1 22 33 44 22 33 44 44 22 41 41 32 32 22 41 33 23 14 32 44 24 33 14 44 44 41 11
1 32 33 22 22 33 14 11 22 44 44 33 33 44 44 33 23 11 33 44 22 33 14 41 44 44 14
1 32 32 24 22 33 14 14 23 44 41 32 32 42 41 33 23 14 32 41 24 33 14 41 41 41 14
1 33 33 22 22 32 11 14 22 41 44 33 33 42 44 33 22 11 33 44 24 33 11 44 41 44 11
1 33 33 22 22 32 11 14 22 44 44 33 33 44 44 33 23 11 33 44 22 33 14 44 44 41 11
1 22 32 22 22 33 11 11 22 44 44 33 33 44 41 33 22 14 32 44 22 33 11 11 44 44 11
1 33 33 24 23 33 44 14 22 41 11 33 33 42 44 33 22 14 32 44 24 33 44 11 41 44 11
1 32 33 22 22 32 14 11 22 44 44 33 33 44 44 33 22 11 33 44 22 33 44 41 44 44 11
1 33 32 24 22 33 11 14 23 44 11 33 33 44 44 33 22 14 33 44 24 32 11 41 44 44 11
1 32 32 44 22 32 14 14 23 11 44 33 32 42 11 33 33 11 22 44 24 33 14 41 44 11 14
1 33 32 22 22 33 11 11 22 44 44 33 33 44 41 33 22 11 33 44 22 33 11 44 44 44 11
1 32 32 24 22 33 14 14 23 41 41 32 33 42 41 33 22 14 32 44 24 33 44 11 44 41 14
1 22 33 24 23 33 44 44 22 41 41 22 32 42 44 33 22 11 22 44 24 33 44 11 41 41 14
1 32 33 24 22 33 14 44 22 41 41 32 33 44 41 33 22 14 22 44 22 33 11 41 41 44 11
1 22 33 44 23 32 14 44 22 44 41 32 32 22 44 32 23 44 22 41 44 33 44 11 41 41 14
1 22 32 24 22 33 44 44 22 41 41 32 33 42 44 33 33 11 32 44 44 33 14 11 11 44 14
1 32 32 24 23 33 11 14 23 44 41 33 32 44 41 33 23 14 32 44 24 33 44 11 41 41 11
1 32 33 24 22 33 11 14 22 44 44 32 33 44 44 33 22 11 33 41 24 33 14 44 44 44 11
1 32 33 24 23 33 14 14 22 44 44 33 33 42 41 33 22 11 32 44 22 33 11 41 44 44 11
1 32 33 44 22 33 14 14 22 41 41 33 33 42 41 33 23 14 32 44 22 32 14 41 44 41 14
1 33 33 22 23 33 11 11 22 44 44 33 33 44 44 33 22 11 33 44 22 33 11 44 44 44 11
1 32 32 24 22 33 11 11 22 41 41 32 32 42 44 33 22 11 32 44 24 33 14 41 41 44 11
1 32 32 24 23 32 14 14 22 44 44 32 32 42 11 33 22 14 32 41 24 33 14 41 41 41 14
1 33 33 22 22 33 11 11 22 41 44 33 33 44 41 33 22 11 32 44 22 33 14 44 41 11 11
1 32 32 22 22 33 14 11 22 44 44 33 33 44 44 33 22 11 32 44 22 33 11 44 11 44 11
1 32 32 22 22 33 44 14 22 11 44 33 33 22 41 33 22 44 32 44 24 33 44 41 44 44 14
1 22 32 44 23 32 44 44 23 11 41 32 33 42 41 32 22 14 32 41 24 32 44 41 41 41 14
1 33 32 24 22 33 11 14 22 44 41 33 33 44 44 33 22 11 33 44 24 33 14 41 44 44 11
1 33 33 22 22 33 11 11 22 44 44 33 33 44 44 33 22 11 33 44 22 33 11 44 44 44 11
1 32 33 24 22 33 14 11 22 44 44 33 33 42 41 33 22 11 33 44 22 33 11 41 44 44 11
1 32 32 24 23 33 11 14 22 44 44 33 33 42 44 33 22 11 33 41 22 33 14 44 44 44 11
1 32 33 22 22 33 11 11 22 44 44 33 33 44 44 33 22 11 33 44 22 33 11 44 44 44 11
1 22 33 22 22 33 11 14 23 44 44 32 33 44 44 33 22 11 22 44 24 33 14 44 41 44 11
1 33 33 22 22 33 11 11 22 44 44 33 33 42 44 33 22 11 32 44 24 33 14 44 44 41 11
1 32 33 24 22 33 11 14 22 44 44 33 32 44 44 33 22 11 32 44 24 33 11 44 41 41 11
1 33 33 24 22 33 14 11 22 44 41 33 33 44 44 33 22 11 33 41 22 33 11 44 44 44 11
1 22 32 22 22 32 14 14 22 44 44 33 32 22 44 33 22 14 32 44 22 33 11 44 44 44 11
1 22 22 44 23 22 44 14 22 11 11 22 22 42 41 32 23 14 22 41 24 32 14 11 44 41 14
1 32 33 24 22 33 14 44 22 11 44 32 33 42 44 33 22 11 33 44 22 33 14 41 44 44 14
1 32 32 22 22 33 11 11 22 44 41 33 33 44 44 33 22 11 33 44 22 33 11 44 44 44 11
1 32 33 24 22 32 14 11 23 41 44 32 32 42 44 33 22 14 32 41 24 32 14 41 44 41 11
1 22 33 24 22 33 44 14 22 44 41 32 33 42 44 33 22 44 32 44 22 32 14 11 44 41 11
1 32 32 24 22 32 14 44 22 41 44 32 33 42 44 32 23 14 32 44 24 33 14 41 41 41 11
1 22 33 22 22 33 14 11 22 44 41 33 32 42 44 33 22 11 33 44 22 33 11 44 44 44 14
1 32 32 24 22 33 14 14 23 41 41 32 33 42 44 33 23 14 22 44 44 32 11 41 41 11 14
1 33 33 22 22 33 11 11 22 44 41 33 33 44 44 33 22 11 32 44 22 33 11 41 41 41 11
1 32 32 24 22 32 14 14 22 41 41 32 33 42 41 33 22 11 32 41 24 33 14 41 41 41 11
1 33 33 22 22 33 11 14 22 44 41 33 33 44 41 33 22 14 33 44 24 33 11 44 41 44 11
1 32 33 22 23 33 44 11 22 44 44 33 33 42 44 33 22 14 32 44 22 33 14 41 44 44 11
1 22 33 24 22 33 14 11 22 44 44 33 33 44 44 32 22 14 33 44 22 33 11 11 41 44 11
1 33 33 22 22 33 11 11 22 44 44 33 33 42 44 33 22 11 33 44 22 33 11 44 41 44 11
1 33 33 22 22 33 11 11 22 44 44 33 33 44 44 33 22 11 33 44 22 33 11 44 44 44 11
1 32 33 24 22 33 14 14 22 44 44 33 33 44 44 33 22 11 33 44 22 33 11 41 41 41 11
1 32 33 44 23 32 44 14 23 41 11 32 32 22 41 32 23 14 22 41 44 32 44 11 41 41 11
1 32 32 22 23 33 14 11 22 44 11 33 33 44 44 33 22 11 32 44 24 33 11 44 44 44 14
1 22 32 24 23 33 14 14 23 41 11 22 32 22 41 32 23 14 22 41 44 32 14 41 41 11 14
1 32 33 24 22 32 14 14 23 44 44 33 32 44 44 32 22 14 22 44 24 32 14 11 41 44 11
1 22 32 24 22 32 14 14 23 11 41 32 32 42 44 32 23 44 32 41 24 33 44 11 41 41 14
1 32 22 24 22 32 14 14 23 41 41 32 33 22 41 33 23 14 32 41 24 33 14 41 41 11 14
1 32 22 24 23 33 14 14 22 41 41 32 33 44 44 33 22 11 22 44 24 33 14 41 44 44 11
1 33 33 22 22 33 11 11 22 44 41 33 33 44 44 33 22 14 33 44 22 33 11 41 44 44 11
1 22 32 24 22 33 44 44 22 41 11 32 33 22 41 32 23 14 32 44 44 32 14 11 41 11 14
1 22 33 24 23 33 14 14 22 41 11 32 33 22 44 33 22 44 32 41 22 32 11 11 44 41 11
1 33 33 22 22 33 11 11 22 44 44 32 33 44 44 33 22 11 33 44 22 33 11 41 41 44 11
1 32 33 24 22 33 14 44 22 44 44 33 33 44 44 33 22 11 33 44 44 33 11 41 44 44 11
1 33 32 24 22 32 14 11 22 41 41 33 33 42 41 33 23 14 33 44 24 33 14 41 44 41 14
1 22 32 22 23 32 44 14 22 41 44 33 33 22 44 33 22 14 22 44 24 33 44 41 11 44 11
1 32 33 24 33 32 11 14 22 41 41 22 32 22 44 33 33 14 33 44 24 33 11 41 41 44 14
1 32 33 22 22 33 14 14 22 44 41 32 33 44 44 33 22 14 22 44 22 33 44 44 41 44 11
1 32 33 22 23 33 14 11 22 44 41 33 33 42 44 33 22 11 33 44 24 33 14 44 44 41 11
1 33 33 22 22 33 11 11 22 44 44 33 33 42 44 33 22 11 33 44 22 33 11 44 44 44 11
1 33 33 24 22 33 11 44 22 41 41 33 33 42 44 33 22 11 33 44 22 33 11 41 44 44 11
1 32 33 22 23 33 11 14 23 44 41 32 33 44 44 33 22 11 32 44 24 33 14 11 44 44 14
1 33 33 22 22 33 11 44 22 44 44 33 33 42 44 33 22 14 33 44 24 33 14 44 44 44 11
1 32 32 22 23 33 14 14 22 41 44 33 32 44 41 32 23 11 32 41 24 33 14 41 41 44 14
1 32 22 44 22 32 11 11 23 44 11 22 33 42 41 33 23 14 22 44 24 33 44 44 44 41 14
1 32 33 24 22 33 14 11 33 44 41 33 33 44 44 33 22 11 33 44 24 33 11 44 44 44 11
1 33 33 24 22 33 11 14 22 11 41 33 33 44 41 33 22 11 32 44 24 33 14 41 44 41 11
1 32 32 44 22 32 44 44 23 41 41 32 32 44 41 33 23 11 32 44 24 33 11 11 41 44 11
1 33 33 22 22 33 11 11 22 44 41 33 33 44 44 33 22 14 32 44 22 33 14 44 44 44 11
1 32 32 24 22 33 11 11 22 44 44 22 33 44 44 33 22 11 33 44 22 33 11 44 41 44 11
1 32 33 44 22 33 14 11 22 44 41 33 33 42 44 33 22 11 32 41 22 33 14 41 41 44 11
1 22 32 24 22 33 44 44 22 44 44 22 32 44 41 33 22 14 22 44 24 32 44 41 41 41 11
1 33 33 22 22 33 11 11 22 44 44 33 33 44 44 33 22 11 33 44 22 33 11 44 44 44 11
1 22 22 44 23 32 14 44 22 41 11 32 22 42 41 33 22 44 32 41 44 32 14 11 11 11 14
1 32 33 24 22 32 11 14 22 44 41 33 33 44 44 33 23 11 33 44 24 33 44 41 44 41 14
1 33 33 22 22 33 14 14 22 41 44 33 33 42 44 33 22 11 33 44 24 33 11 44 44 41 11
1 33 32 22 22 33 11 14 22 41 41 33 33 44 44 33 22 11 33 44 22 33 14 44 44 41 11
1 32 33 24 22 33 14 14 22 41 41 33 33 44 41 33 22 11 32 41 22 32 11 41 41 41 14
