 rs2473375 rs2473377 rs2179395 rs2502979 rs6697805 rs6424115 rs4649115 rs35385477 rs12744386 rs10917430 rs10917431 rs34570472 rs34902309 rs2070956 rs3123554 rs4649123 rs6680132 rs2501424 rs1105 rs2229579 rs2502993 rs4649124 rs2501431 rs6689530 rs12733278 rs4625225 rs16828926 rs2501391 rs4285653 rs2501401 rs2501430 rs7534633
0 23 32 32 11 31 14 11 11 33 32 22 11 11 34 44 41 32 33 44 33 33 44 11 32 33 22 44 11 22 44 13 22
0 23 33 32 11 33 11 11 11 32 32 24 14 14 33 41 44 33 32 44 33 32 41 11 32 33 23 44 11 23 41 13 22
0 22 32 32 11 31 14 11 14 32 32 24 44 14 34 44 41 32 32 41 33 33 41 14 32 32 23 41 11 23 41 11 22
0 22 32 32 13 31 14 14 11 33 33 22 11 14 34 44 44 32 33 41 33 32 41 11 32 33 23 44 11 22 41 11 22
0 22 22 22 11 33 14 14 11 32 22 24 14 14 34 44 41 33 33 44 32 33 11 11 22 33 23 41 11 22 41 13 23
0 23 33 32 13 31 14 11 11 33 32 22 11 11 33 44 44 32 32 44 33 33 44 11 33 33 23 41 11 22 11 13 22
0 23 32 32 13 33 14 11 11 33 32 24 11 11 33 44 44 33 33 44 33 33 41 11 33 33 33 41 11 23 44 11 23
0 23 32 32 13 33 14 14 14 32 32 24 14 14 34 44 41 32 32 11 32 33 41 14 33 32 23 41 11 23 41 13 22
0 23 33 22 13 11 14 14 11 32 32 44 14 14 33 41 11 32 22 41 33 22 41 11 32 32 23 44 44 22 11 33 22
0 33 32 32 33 31 14 44 14 32 33 24 11 14 34 44 41 33 33 41 33 32 41 14 32 32 33 44 11 22 44 11 22
0 33 32 32 13 33 14 11 11 32 32 22 44 14 34 44 44 33 32 41 33 33 44 11 33 33 23 44 11 22 41 11 22
0 22 33 32 13 33 11 14 11 33 33 22 14 14 33 41 41 33 33 44 33 32 44 11 22 32 23 44 11 33 41 13 22
0 23 32 32 13 33 11 44 11 33 32 44 44 14 33 41 11 33 32 41 33 33 11 44 33 33 23 44 44 23 44 11 23
0 22 32 32 11 33 11 11 11 33 33 24 11 14 34 44 11 33 32 44 33 33 41 11 32 32 22 44 11 22 41 11 22
0 33 32 32 13 31 14 14 14 32 32 24 11 14 33 41 41 33 33 41 33 33 41 44 32 22 23 44 14 22 44 13 23
0 22 22 32 13 33 11 44 11 32 22 44 14 14 33 11 11 33 32 11 33 32 11 14 32 33 23 44 11 23 41 11 22
0 23 32 32 13 33 14 11 14 33 33 24 11 44 34 11 11 33 32 44 33 33 41 14 32 33 23 41 14 22 41 13 22
0 22 33 33 11 33 11 11 11 33 33 22 11 11 34 44 44 33 33 41 33 33 44 11 32 32 23 44 11 23 41 11 22
0 22 33 33 13 33 14 14 11 33 32 22 11 11 34 44 41 32 32 44 33 33 41 14 33 33 23 44 11 22 41 13 23
0 22 32 32 33 31 14 14 14 33 33 24 44 44 34 41 41 32 33 41 33 32 11 14 32 32 23 41 14 22 44 11 22
0 22 33 32 33 33 14 14 11 33 32 22 11 14 33 44 41 22 22 41 33 33 11 44 32 22 23 41 11 22 11 33 22
0 22 22 33 13 33 14 11 11 32 32 24 11 14 34 41 41 33 33 44 33 33 41 14 33 32 33 44 11 22 44 33 23
0 23 32 32 13 33 14 14 11 33 32 24 14 14 34 41 41 32 33 41 33 32 44 14 32 32 33 41 14 22 41 13 22
0 22 32 32 13 33 14 11 14 32 32 44 11 44 34 11 11 32 32 41 33 32 11 14 32 22 33 41 11 23 44 13 22
0 23 33 32 13 33 11 14 11 33 22 24 14 14 33 44 44 33 33 41 33 32 11 11 33 33 23 44 11 23 41 33 22
0 33 33 32 13 31 44 44 11 32 32 44 14 44 33 41 11 32 32 41 32 32 41 14 22 33 33 41 14 22 11 13 22
0 22 33 33 11 33 11 14 11 33 33 22 11 14 34 44 44 32 33 44 33 33 41 11 32 33 22 41 11 22 41 13 22
0 22 32 33 11 33 14 11 11 32 22 22 11 14 34 44 44 33 33 44 33 33 44 11 33 33 23 44 11 22 44 11 22
0 23 32 32 13 33 11 44 14 22 32 24 11 44 33 41 11 33 32 41 32 32 41 14 33 32 23 41 14 23 41 13 22
0 22 33 32 13 31 14 14 11 32 33 22 11 14 44 44 44 32 32 44 33 32 11 14 32 32 23 44 11 22 41 13 22
0 22 33 32 11 31 11 11 11 33 32 44 14 11 33 44 44 33 32 44 32 33 41 14 33 33 22 44 11 23 11 13 22
0 22 22 32 33 31 14 14 11 22 22 24 14 11 34 44 41 32 32 41 33 33 11 14 33 32 23 41 11 33 41 33 22
0 33 32 22 33 31 14 14 14 22 32 24 14 14 33 44 41 22 32 41 32 32 11 44 33 22 23 41 11 23 11 13 22
0 23 32 32 11 33 11 44 11 22 32 22 11 14 34 44 44 33 33 44 33 32 41 14 33 32 22 41 11 22 41 33 22
0 23 32 33 13 31 14 11 14 33 22 22 14 14 33 41 44 32 32 41 33 33 44 11 33 33 33 41 14 22 41 11 22
0 22 32 32 13 33 11 14 14 33 32 22 11 14 34 44 41 33 33 44 33 33 44 11 32 32 22 44 11 22 44 11 22
0 22 32 32 33 31 14 44 11 33 22 24 14 14 33 41 11 32 32 44 33 33 11 44 33 33 33 44 11 23 11 11 22
0 23 22 32 13 33 11 14 11 33 22 24 14 14 34 44 44 33 32 44 33 33 41 11 33 33 23 41 14 22 41 13 22
0 22 32 22 13 33 11 11 11 32 32 24 11 44 33 44 44 33 32 41 32 32 44 14 32 33 22 44 11 23 11 11 23
0 23 32 32 13 31 14 14 14 22 32 44 14 14 44 11 41 32 32 41 32 22 41 11 32 22 22 11 14 33 11 33 23
0 23 33 33 11 31 11 11 11 33 33 24 14 11 34 41 41 33 33 44 33 33 44 11 32 33 22 41 14 22 44 11 22
0 22 32 32 33 31 14 14 14 33 32 24 44 11 44 44 11 33 32 44 33 33 41 14 32 22 23 41 14 22 11 11 23
0 23 22 32 33 31 11 14 11 33 22 24 11 44 44 44 41 22 32 41 33 33 41 44 22 32 23 41 44 23 11 33 23
0 22 33 22 11 31 14 11 44 32 22 24 14 11 33 41 41 22 32 44 33 32 44 44 33 32 22 44 11 23 41 11 23
0 23 32 32 33 33 11 14 11 32 22 24 14 14 44 44 44 33 32 44 33 32 41 14 33 22 23 44 11 22 41 13 22
0 22 33 22 13 33 11 14 11 33 33 44 11 14 33 44 41 33 33 41 32 32 41 14 33 32 22 41 11 22 44 13 22
0 23 32 33 33 33 14 44 11 32 33 24 14 11 33 41 41 33 32 44 33 33 44 11 33 32 23 44 14 22 44 13 23
0 23 32 33 13 31 14 14 11 33 32 22 44 44 33 44 41 32 32 11 33 22 44 11 32 33 23 44 11 22 41 13 22
0 23 22 32 13 33 44 14 11 32 22 44 14 14 34 11 11 22 32 41 33 32 11 14 32 32 23 11 14 22 11 13 23
0 23 32 22 13 31 14 11 11 33 33 24 14 14 44 44 41 22 33 41 33 32 41 14 32 33 23 41 14 33 41 11 22
0 23 22 32 13 33 14 11 11 33 33 44 11 14 33 44 44 33 33 44 33 32 41 14 32 33 33 44 14 23 41 13 23
0 22 33 32 13 33 14 11 14 33 32 24 14 44 33 41 41 33 33 44 33 33 41 14 33 33 22 44 11 23 41 11 22
0 33 33 22 11 33 11 14 14 33 32 24 11 11 34 44 44 32 33 41 32 33 11 11 33 33 33 41 14 22 44 11 22
0 33 32 22 13 31 14 44 14 32 22 24 14 44 44 11 11 32 32 41 32 32 41 14 22 32 33 44 11 22 41 13 22
0 22 33 32 11 31 11 11 11 32 33 24 44 11 34 44 41 33 32 44 33 33 41 11 32 22 23 44 14 22 41 13 23
0 23 33 22 13 33 14 14 14 32 32 44 14 14 34 41 41 32 32 41 33 33 41 44 32 32 23 41 14 23 11 13 33
0 22 22 22 13 11 11 11 11 33 33 22 14 11 33 11 11 33 33 44 33 33 44 11 33 32 23 44 14 22 44 11 22
0 22 33 22 11 33 11 14 11 32 33 44 14 44 34 44 11 33 32 44 33 33 44 44 33 32 33 44 11 22 44 13 22
0 23 32 32 33 33 11 14 11 32 32 44 14 14 34 11 44 33 22 44 32 32 11 44 33 32 33 44 14 22 11 11 22
0 22 33 32 13 33 11 11 11 33 33 24 14 11 33 44 41 33 33 44 33 33 44 14 33 33 22 44 11 22 44 11 22
0 22 32 32 13 33 14 11 11 32 32 24 14 11 33 44 41 32 32 44 33 33 44 14 32 33 23 41 11 23 41 33 22
0 23 33 32 11 33 11 11 14 33 22 24 11 11 33 44 44 33 33 41 33 32 44 14 33 33 22 44 11 22 44 13 22
0 22 22 22 33 33 11 14 11 32 33 44 14 44 34 11 11 33 32 11 32 32 11 44 33 22 33 41 14 22 11 13 22
0 23 32 32 13 31 11 11 11 32 32 24 11 14 44 44 44 33 33 41 33 32 44 11 33 32 22 44 11 22 41 13 22
0 22 32 32 13 33 11 11 11 32 33 24 11 14 33 44 44 32 33 44 33 32 41 11 33 33 23 44 11 23 44 11 22
0 22 33 33 11 31 11 11 11 33 32 22 11 11 33 41 44 33 33 44 33 33 41 14 33 33 22 41 11 22 44 11 22
0 22 33 32 33 31 11 11 11 33 33 24 11 14 34 44 44 32 33 44 33 33 41 11 33 33 22 41 11 22 44 13 22
0 33 33 22 11 33 11 14 14 32 22 24 14 14 34 41 41 32 32 44 33 32 44 14 33 33 33 41 14 23 41 11 22
0 22 22 33 13 33 11 44 11 32 32 22 14 14 33 44 41 33 33 44 33 33 41 11 32 32 23 44 14 22 41 13 23
0 23 32 32 33 11 14 14 11 33 22 44 14 44 34 41 44 32 33 44 33 32 41 14 33 32 22 44 11 23 11 33 22
0 22 22 22 11 33 14 11 11 33 32 24 14 14 34 41 41 33 33 44 33 32 44 11 32 33 22 11 11 23 11 11 22
0 22 32 33 11 33 14 11 11 33 33 24 11 14 33 44 41 33 33 41 33 33 44 11 33 32 22 44 11 22 41 11 22
0 22 33 32 13 33 11 11 11 32 33 22 11 14 33 44 44 32 33 44 33 32 44 11 33 33 22 44 11 23 44 13 22
0 23 22 32 33 31 44 14 14 32 22 24 14 14 34 11 41 33 32 44 33 33 11 14 32 22 23 41 11 23 41 13 22
0 33 22 22 33 11 44 44 11 22 32 44 14 44 44 11 11 32 32 41 33 22 11 44 22 22 33 11 14 33 11 33 22
0 33 32 32 13 33 14 11 14 33 22 44 14 44 33 44 44 33 33 44 33 22 41 11 33 33 33 44 14 22 41 33 22
0 33 33 33 33 33 14 11 11 33 22 24 11 14 34 44 44 33 32 44 33 33 11 11 33 33 33 44 14 22 11 13 22
0 33 22 32 13 31 14 44 14 32 22 24 14 44 34 44 41 32 32 41 33 32 41 11 32 33 33 44 14 33 11 33 23
0 22 32 32 11 33 11 11 11 33 32 24 14 14 34 44 11 33 33 11 33 33 44 14 33 33 23 41 11 22 41 33 22
0 22 33 33 13 31 14 14 11 32 32 24 14 14 33 44 44 32 32 44 33 33 41 14 32 33 23 44 11 22 41 13 22
0 22 33 32 13 33 11 11 14 32 32 44 14 14 33 44 11 32 32 41 33 33 11 11 32 32 22 44 11 23 44 13 23
0 22 32 33 13 33 11 11 11 33 33 22 11 11 33 41 44 33 33 44 33 33 41 11 33 32 23 44 11 22 44 11 22
0 23 33 32 13 33 14 11 11 32 32 22 14 14 33 44 41 33 33 44 33 33 41 11 33 33 22 41 11 22 44 13 22
0 33 22 32 33 33 14 14 11 32 22 24 11 14 34 44 11 32 33 44 33 32 41 11 33 22 22 41 11 23 44 33 22
0 22 33 22 11 31 11 14 11 32 33 22 11 11 33 41 11 32 33 44 33 32 11 14 33 33 33 44 11 22 41 11 22
0 22 32 22 13 33 11 14 11 33 22 44 14 44 34 41 11 33 33 44 33 32 41 14 33 32 23 44 11 23 11 13 23
0 23 32 32 13 33 14 14 11 32 32 24 11 14 33 44 41 33 32 44 33 33 44 14 32 32 33 11 14 22 41 11 23
0 22 33 32 13 31 14 14 11 33 32 22 14 44 33 44 41 33 32 44 33 33 41 14 33 32 23 44 14 22 41 13 23
0 23 32 32 13 33 11 14 11 32 32 24 14 44 34 44 41 32 32 41 33 33 11 14 33 32 23 41 11 23 41 13 23
0 23 33 33 11 33 11 14 11 33 22 22 14 11 34 44 44 33 33 44 33 33 41 14 33 33 22 41 11 22 44 11 22
0 33 32 22 33 31 44 14 14 33 22 24 14 14 34 44 11 33 32 44 33 22 41 44 22 32 22 11 11 23 44 33 22
0 22 32 33 11 31 11 11 11 33 32 24 11 44 33 44 44 22 22 44 33 33 44 11 33 33 22 44 11 22 11 13 22
0 22 33 32 13 33 14 44 11 32 32 44 11 11 34 44 41 32 22 44 33 22 11 14 33 32 33 11 11 23 41 13 22
0 22 33 32 33 33 44 14 11 32 32 44 11 44 33 41 41 32 32 44 33 32 44 44 32 33 23 41 44 23 41 13 22
0 23 33 32 13 11 44 11 11 32 33 24 14 44 34 41 44 32 22 11 22 33 11 14 32 22 23 41 11 23 41 13 23
0 22 33 33 13 31 11 11 11 33 32 24 11 11 34 41 41 33 32 44 33 33 44 14 22 33 23 44 14 22 44 11 22
0 22 33 32 11 33 11 14 11 32 33 44 11 14 33 44 41 33 32 44 33 33 41 14 33 33 22 44 14 22 41 13 23
0 22 33 32 11 31 44 14 14 33 33 24 11 14 34 44 11 32 32 44 32 32 11 11 33 33 23 41 11 22 44 11 22
0 23 32 22 11 31 14 14 11 33 22 24 14 44 34 11 11 33 33 44 32 33 11 14 32 22 23 41 11 22 41 13 23
0 23 33 22 13 31 14 11 11 32 32 22 14 11 33 44 41 33 33 41 33 32 41 11 33 32 23 41 14 23 44 13 22
0 22 32 33 11 33 11 11 14 33 33 44 11 11 33 44 41 32 33 44 33 33 41 11 32 33 22 44 11 22 44 11 22
0 23 33 32 13 31 11 44 11 33 32 24 11 14 34 44 11 32 22 44 33 32 41 44 33 32 23 44 11 23 41 13 22
0 23 33 32 13 33 11 14 11 32 32 24 14 14 33 44 41 32 22 41 33 33 44 14 33 33 23 44 11 22 41 33 22
0 22 32 22 11 33 14 14 11 33 32 22 11 11 33 41 41 33 32 44 32 33 11 11 32 33 23 44 11 22 44 13 22
0 22 32 33 13 33 11 14 11 32 32 24 11 14 34 44 44 33 33 41 33 33 11 14 32 32 33 44 11 22 44 33 22
0 22 33 32 13 33 11 11 11 32 33 24 11 11 34 44 44 33 33 44 33 32 41 11 33 33 23 44 11 33 44 11 22
0 22 33 33 11 33 14 14 11 33 33 22 11 14 34 44 44 33 33 44 33 33 44 11 33 33 22 44 11 22 41 13 22
0 33 32 22 11 33 11 14 11 32 32 24 44 14 44 44 11 32 32 41 33 32 41 11 32 32 23 44 14 23 41 13 22
0 23 33 32 13 31 14 11 11 32 22 44 11 14 34 44 44 32 33 44 33 22 41 11 32 32 23 41 14 23 11 11 22
0 23 33 22 13 31 44 14 11 33 32 44 14 44 34 44 11 32 32 41 33 33 41 44 32 22 22 41 11 23 41 13 23
0 23 33 32 33 33 11 11 11 32 33 24 11 14 44 44 41 33 33 41 33 32 41 11 33 33 22 44 11 22 44 11 22
0 23 33 32 13 33 11 44 14 33 32 44 44 44 34 41 44 32 33 44 33 22 41 14 32 33 33 44 11 23 41 33 22
0 23 32 32 33 31 14 44 11 22 22 22 44 14 34 41 11 22 32 44 33 22 11 14 32 33 33 44 11 23 11 13 23
0 22 32 32 11 31 11 14 14 32 32 22 11 14 34 44 41 33 32 41 33 33 44 14 32 32 23 44 11 22 41 11 22
0 22 33 33 11 33 11 11 11 33 33 44 11 14 33 44 44 33 33 44 33 33 44 11 33 33 22 44 11 22 44 11 22
0 22 22 22 33 31 11 44 11 32 22 24 11 14 44 41 44 32 33 41 33 32 41 11 32 32 33 41 11 22 41 13 22
0 22 33 22 13 31 14 14 11 32 22 22 11 44 34 44 11 33 33 11 33 32 11 14 32 33 23 41 11 22 44 13 22
0 22 33 32 11 33 14 11 11 33 32 24 11 11 33 44 41 32 33 41 33 32 41 11 32 33 22 44 11 22 11 11 22
0 23 33 32 13 33 14 44 11 33 32 44 11 14 34 44 41 32 32 41 33 32 41 11 33 32 33 41 11 23 41 11 22
0 22 32 32 13 11 11 11 11 22 22 44 11 44 34 44 11 32 33 44 33 22 44 44 32 32 33 41 11 22 11 13 23
0 22 33 33 13 33 11 11 11 33 32 22 11 14 33 44 41 33 33 44 33 33 44 14 33 32 23 41 11 23 44 13 23
0 22 33 22 11 31 11 44 14 33 32 24 44 14 33 41 44 33 32 41 33 33 44 14 33 33 33 41 11 22 41 13 23
0 22 33 32 33 31 11 14 11 33 33 22 11 11 33 44 41 33 32 44 33 33 44 11 33 32 23 41 11 22 41 11 22
0 23 22 32 13 31 44 44 11 32 33 44 11 14 34 41 44 33 32 44 33 32 41 11 33 33 23 11 14 22 11 33 22
0 22 32 33 13 33 11 11 11 33 33 22 11 11 33 44 44 32 32 44 33 33 44 14 33 33 22 44 11 22 41 11 22
0 22 33 32 11 33 14 14 11 33 33 24 14 14 33 44 11 22 32 41 32 33 44 11 33 32 23 44 11 22 11 11 22
0 23 32 32 11 33 11 11 11 33 32 44 14 44 34 44 41 32 33 44 33 33 41 14 33 33 23 44 14 22 41 13 23
0 23 22 32 11 31 14 44 11 33 22 44 44 14 44 44 11 32 33 44 33 33 44 14 32 32 33 41 11 33 41 33 22
0 22 32 32 11 33 11 11 11 33 33 24 11 14 34 44 44 33 33 44 33 33 44 11 33 32 22 44 14 22 41 11 22
0 22 33 32 11 33 14 14 11 33 33 24 14 14 44 44 41 32 32 44 33 33 11 14 33 32 23 41 11 23 44 13 22
0 22 32 32 13 33 11 14 14 33 33 44 11 14 34 44 41 32 33 44 33 33 44 11 33 33 33 41 11 22 44 11 22
0 23 32 32 13 33 14 14 11 33 33 44 44 14 34 44 44 33 33 44 33 33 11 11 33 33 23 41 11 22 44 33 23
0 22 32 32 33 33 44 11 11 33 22 24 11 14 33 11 11 33 33 41 33 33 11 14 33 33 23 41 11 23 11 13 23
0 23 32 22 11 11 14 14 11 32 32 44 14 14 33 11 41 32 32 44 33 33 44 14 32 22 33 11 11 23 44 13 22
0 23 32 22 11 31 14 11 14 33 32 24 44 14 34 44 41 33 32 41 33 32 11 44 32 32 23 41 14 22 44 33 22
0 22 33 33 13 33 14 11 11 33 33 22 11 14 33 44 44 32 33 41 33 33 41 14 32 32 22 44 11 22 44 11 22
0 22 32 22 11 33 14 11 11 33 33 24 11 11 34 41 41 33 33 44 33 33 41 14 33 32 22 44 11 22 44 11 22
0 22 33 32 13 33 14 11 11 22 32 22 11 14 33 41 41 33 32 44 33 33 41 14 33 33 23 44 11 22 41 11 23
0 22 32 33 11 31 14 11 11 33 32 24 11 11 33 44 44 33 33 44 33 33 44 11 33 33 22 44 11 22 44 11 22
0 22 32 22 13 33 44 14 11 32 32 24 14 44 33 41 44 33 32 41 33 32 44 14 33 33 23 44 11 23 41 11 22
0 23 33 32 13 33 14 14 11 33 22 44 11 11 34 44 44 32 22 41 33 22 41 14 32 32 23 41 11 22 41 13 22
0 23 22 22 33 31 14 44 14 22 22 44 14 11 44 41 41 32 22 11 33 32 11 14 22 32 23 11 14 33 11 13 22
0 23 33 33 11 33 11 11 11 33 32 24 11 11 34 44 44 33 33 44 33 33 41 14 33 33 22 44 14 22 11 11 22
0 23 22 33 13 11 14 14 14 33 22 24 11 14 33 44 11 33 32 41 33 32 41 11 32 33 33 41 14 23 41 33 23
0 23 22 32 33 33 14 44 14 32 32 22 14 14 34 41 41 22 32 41 33 32 41 14 33 33 22 41 11 22 44 33 23
0 22 32 32 11 33 14 14 14 32 32 44 11 14 33 41 41 33 22 44 32 32 41 11 33 33 23 41 11 33 11 13 23
0 22 33 32 13 33 11 11 14 33 32 24 11 11 33 44 44 33 33 44 33 33 44 11 32 33 22 41 11 22 41 11 22
0 22 33 32 33 33 11 11 11 32 33 24 11 44 33 44 41 32 33 41 33 33 41 14 33 33 22 44 11 22 41 11 22
0 22 22 32 33 33 11 14 11 33 22 24 44 14 34 41 44 33 33 41 22 33 41 14 32 22 33 44 44 23 41 13 22
0 23 33 33 11 33 14 11 11 32 32 22 11 14 34 44 41 32 32 44 33 33 44 44 33 33 22 44 11 23 44 11 22
0 33 22 32 33 33 14 14 11 33 32 24 14 14 34 44 44 32 33 44 32 33 44 14 32 22 33 41 14 22 41 11 22
0 22 22 32 13 33 11 14 11 32 32 24 14 44 34 44 11 32 32 44 22 32 41 14 33 33 23 41 11 22 41 13 22
0 23 32 22 13 33 11 11 11 33 33 24 11 14 44 44 41 33 33 44 33 33 41 14 33 33 23 44 11 23 44 11 22
0 33 32 33 33 33 14 14 11 33 32 22 11 11 34 41 44 32 22 44 33 33 44 14 32 33 33 41 11 22 41 13 22
0 22 32 33 11 31 11 14 11 33 32 22 14 14 34 41 41 33 33 44 33 33 41 14 32 33 23 44 14 23 44 11 22
0 33 22 22 33 11 44 44 14 22 22 44 14 44 44 11 11 32 22 41 33 22 11 44 22 22 23 11 14 33 41 33 22
0 22 33 32 33 33 11 11 11 32 32 44 14 44 34 44 41 33 33 44 33 32 44 44 32 32 33 44 14 23 44 13 22
0 23 22 32 33 33 14 14 11 22 32 22 14 44 44 11 11 33 22 11 32 22 41 14 22 32 33 41 11 23 41 33 22
0 23 33 32 11 33 14 14 11 33 32 24 14 44 34 41 44 33 33 41 33 33 41 11 32 32 22 44 11 22 41 13 22
0 22 33 32 13 33 14 14 11 33 32 22 14 11 34 44 44 33 33 44 33 33 41 11 33 32 33 44 11 22 41 11 22
0 23 33 32 13 31 14 14 11 33 32 24 14 14 33 44 41 33 22 41 33 33 11 14 32 32 22 44 11 22 41 11 22
0 23 32 22 33 33 14 14 11 32 22 44 11 14 34 44 41 33 33 41 33 32 41 11 33 33 33 44 44 33 41 13 22
0 23 32 33 13 33 14 14 11 32 32 24 14 11 44 41 11 32 32 44 33 32 41 44 33 33 33 11 11 23 41 33 23
0 23 33 22 11 33 14 14 11 33 32 44 14 11 34 44 44 22 32 41 33 33 44 14 32 22 22 44 11 22 11 33 22
0 22 33 32 11 33 14 14 11 33 32 22 11 11 33 44 41 33 33 41 33 33 44 11 33 33 23 44 11 22 44 33 22
0 23 32 32 33 33 14 14 11 32 33 22 44 44 33 41 41 33 32 41 33 33 11 44 32 33 23 41 11 22 41 11 22
0 22 33 33 11 33 11 11 11 33 32 22 14 11 33 44 44 32 33 44 33 33 44 14 33 33 23 44 11 22 41 11 22
0 33 33 22 33 31 44 14 44 22 22 24 14 14 34 41 41 33 33 41 32 33 44 14 22 22 33 41 11 23 41 33 23
0 23 22 32 13 33 14 14 14 33 32 24 11 14 33 44 41 22 33 44 33 33 11 14 33 32 33 44 11 23 41 13 22
0 22 33 32 13 33 14 11 11 32 22 44 14 11 33 41 41 33 33 44 33 32 11 14 32 32 23 44 11 22 41 33 22
0 22 32 33 33 31 11 14 11 33 22 44 11 14 33 44 41 32 32 44 33 33 41 11 32 33 23 44 11 23 41 13 22
0 23 33 32 13 33 14 14 11 33 32 44 14 14 34 44 11 33 32 41 33 33 41 14 22 32 33 41 11 22 44 13 22
0 22 32 33 11 33 14 14 11 32 32 24 14 14 33 41 44 33 33 44 33 32 44 11 33 33 23 44 11 22 44 11 22
0 22 33 32 13 33 14 14 11 32 32 24 14 14 34 44 41 33 32 44 33 33 11 14 32 32 23 44 11 23 41 11 23
0 23 33 32 13 33 14 11 11 33 22 44 11 14 33 44 44 33 33 44 33 33 11 14 33 33 22 41 11 22 44 13 22
0 23 33 32 11 33 11 11 11 33 33 22 14 14 33 44 44 33 33 44 33 33 44 44 32 33 22 44 11 22 44 13 22
0 23 32 32 13 31 14 14 11 22 32 24 14 44 33 41 41 33 32 41 33 32 41 14 22 32 33 11 14 23 41 13 23
0 23 33 22 13 33 14 14 11 33 33 24 11 14 34 44 41 33 33 44 33 32 44 11 32 32 23 41 11 22 41 13 22
0 22 33 33 11 33 11 11 11 33 33 22 11 11 33 44 11 32 33 44 33 33 44 11 33 32 22 44 11 22 44 13 22
0 22 33 33 13 33 11 14 11 33 32 22 11 44 44 44 11 33 33 44 33 22 41 14 33 32 23 44 11 22 41 13 22
0 22 32 32 33 31 14 11 11 33 33 22 14 11 33 44 41 32 33 44 33 33 44 11 33 32 22 44 14 22 44 33 22
0 22 33 33 13 31 11 14 11 32 33 22 14 11 34 41 41 33 33 41 33 33 44 11 32 32 23 44 14 23 11 11 22
0 23 32 32 13 33 44 14 14 32 32 24 14 44 33 41 41 33 32 41 32 32 11 14 33 32 23 41 11 22 41 13 33
0 22 33 32 13 33 14 14 11 33 33 22 11 11 33 44 41 32 33 44 33 33 44 11 33 33 22 44 11 23 44 33 22
0 23 33 33 13 33 11 11 11 33 22 44 14 14 34 44 41 33 33 44 33 33 41 44 32 32 23 41 14 23 41 33 23
0 23 32 32 11 33 44 14 11 33 33 24 14 11 34 41 41 33 22 41 33 33 11 11 32 22 33 44 44 23 11 33 23
0 22 33 33 11 33 14 14 11 32 33 24 14 11 34 41 44 33 33 44 33 33 44 11 33 33 33 44 11 22 44 13 22
0 23 32 32 13 33 14 14 14 22 22 24 11 14 34 44 41 22 32 11 32 33 41 11 33 32 22 44 14 22 11 13 23
0 22 33 32 11 33 11 14 14 33 32 24 11 11 33 44 44 32 32 44 33 33 41 11 32 32 22 44 11 23 44 11 22
0 23 32 32 33 31 14 11 11 33 32 24 14 14 44 41 41 33 32 44 32 32 41 44 32 22 23 41 11 22 41 11 22
0 23 33 32 11 33 14 11 14 33 32 44 14 44 33 41 41 33 22 44 33 33 41 14 33 32 23 44 14 23 44 13 22
0 22 33 22 11 33 14 11 11 33 33 22 14 11 33 44 44 32 33 41 33 33 11 11 22 32 33 41 14 23 41 11 22
0 23 22 22 13 33 14 14 11 33 32 24 11 44 34 41 44 32 22 44 33 33 41 44 33 32 22 44 11 22 41 13 22
0 23 32 32 11 31 14 14 14 32 22 24 14 11 34 41 41 22 33 41 33 33 41 14 33 33 22 11 14 23 41 33 22
0 23 33 32 11 31 11 11 11 32 32 24 14 14 34 44 41 33 33 41 32 32 44 11 33 32 23 11 11 22 41 11 22
0 22 22 33 11 33 14 14 11 33 33 44 11 14 33 41 11 32 33 44 32 33 44 11 32 33 22 44 11 22 41 11 22
0 22 32 32 13 33 44 11 14 32 32 24 14 14 33 44 11 22 22 44 33 33 41 14 32 33 22 44 11 22 41 11 22
0 22 32 22 11 31 14 11 14 33 32 24 11 14 33 44 44 32 33 44 33 33 41 11 32 33 22 41 11 22 44 11 22
0 22 33 33 11 33 11 11 11 33 33 24 14 14 34 41 41 33 32 44 33 33 41 44 32 33 22 41 44 22 44 11 22
0 23 32 32 11 31 14 14 14 32 32 24 14 44 34 44 41 33 32 44 33 32 41 11 32 32 23 44 14 22 41 13 22
0 22 32 33 13 33 14 11 11 32 32 22 11 11 33 41 44 32 33 41 33 32 44 11 32 33 22 44 11 22 41 13 22
0 22 33 33 11 33 14 11 11 33 22 22 11 44 33 44 11 33 33 44 33 33 44 11 32 32 23 44 11 22 41 13 22
0 23 32 32 13 33 44 14 11 32 22 24 14 44 34 11 44 32 32 41 32 32 41 14 32 32 22 41 14 22 11 11 23
0 22 33 33 13 33 11 11 11 33 33 22 11 11 44 44 44 32 33 44 33 33 44 14 33 33 23 44 11 23 44 13 22
0 22 33 32 11 33 11 11 11 32 32 24 11 11 33 41 11 33 33 44 33 33 44 14 33 33 22 44 11 22 41 11 22
0 22 32 32 13 33 11 11 14 32 32 24 11 11 33 44 41 33 32 44 32 33 41 11 33 33 22 41 14 23 41 11 23
0 23 32 22 13 33 11 14 11 33 32 22 11 14 34 41 44 32 33 41 33 33 44 14 32 32 23 44 14 22 44 11 22
0 22 33 32 11 33 11 14 14 33 33 24 11 11 33 44 44 33 33 41 33 32 41 11 33 32 23 41 11 22 41 13 22
0 22 32 32 33 33 44 44 44 22 22 44 44 14 44 41 41 22 32 41 22 32 11 11 32 22 33 41 14 33 41 33 22
0 22 33 33 13 33 11 11 14 33 32 24 44 14 33 44 41 33 33 44 33 33 41 11 33 33 22 44 11 22 44 13 22
0 22 33 22 11 31 11 14 11 33 32 22 11 14 44 44 41 32 32 44 32 33 41 11 22 32 23 44 11 22 41 13 22
0 22 32 32 11 33 44 11 11 33 32 24 14 14 33 44 41 33 32 44 33 33 44 11 32 32 22 44 11 22 41 11 22
0 22 32 32 33 31 11 14 11 33 22 24 14 44 34 41 44 32 33 41 33 33 41 14 32 33 33 44 11 23 41 33 33
0 22 33 33 11 33 11 11 11 33 33 22 11 11 33 44 44 33 33 44 33 33 44 11 33 33 22 44 11 22 44 11 22
0 22 33 22 13 33 14 44 11 32 22 24 14 14 33 44 11 33 33 44 33 33 41 11 33 32 23 41 11 22 44 33 22
0 33 32 22 13 33 14 14 44 32 33 22 14 11 34 44 11 32 32 44 33 33 11 14 33 32 22 44 14 23 44 11 22
0 23 32 32 33 31 11 11 14 33 33 24 14 14 33 44 41 33 32 44 33 33 41 14 32 32 33 44 11 23 41 13 22
0 22 32 32 13 33 11 11 11 32 32 24 14 14 33 44 41 33 33 41 33 33 41 11 33 32 23 44 11 22 41 13 22
0 22 32 32 13 33 14 11 11 32 33 44 11 14 33 44 41 33 33 44 33 33 11 44 32 22 33 41 11 22 11 13 22
0 23 32 32 13 33 14 11 11 33 32 24 44 11 34 41 41 32 33 41 32 32 41 14 32 33 23 41 11 23 41 13 22
0 33 33 22 13 33 11 11 11 22 32 24 11 14 33 41 41 33 32 44 33 32 41 11 32 32 23 44 11 22 41 33 22
0 22 33 33 11 33 11 11 11 33 33 24 14 11 33 41 41 33 33 41 33 33 41 11 32 32 22 44 11 22 44 13 22
0 23 33 32 13 33 11 14 11 33 33 24 11 11 34 44 41 33 33 44 33 33 44 14 32 33 33 44 11 22 11 13 22
0 23 33 22 13 33 14 11 11 33 33 24 14 14 34 41 41 33 33 44 33 33 11 14 32 33 22 11 11 22 11 13 23
0 23 33 22 13 33 14 11 11 33 32 44 14 14 33 41 41 33 33 44 32 32 11 11 33 33 23 44 14 23 11 13 22
0 22 22 22 33 33 11 11 11 33 32 22 11 44 33 41 41 33 32 44 33 32 41 44 33 32 22 41 11 23 41 13 22
0 22 32 32 13 33 11 14 11 32 22 22 11 11 33 44 11 32 33 41 33 33 41 11 32 32 33 44 14 23 41 33 22
0 23 32 33 11 33 11 11 11 33 33 44 14 11 34 44 44 33 33 44 33 33 41 11 33 33 22 44 11 22 41 11 22
0 22 33 33 13 31 44 11 11 32 33 44 11 11 33 44 41 33 33 41 33 32 44 14 33 33 22 44 44 22 41 33 22
0 23 32 32 13 31 14 14 11 33 22 24 14 44 33 44 44 33 32 44 33 32 41 14 32 32 23 41 11 22 41 11 22
0 23 32 32 11 33 14 11 14 32 32 24 14 14 34 44 44 33 33 44 32 33 41 14 32 33 33 44 11 22 44 13 23
0 22 32 22 13 33 11 14 14 32 32 24 14 11 33 44 41 22 32 41 33 33 41 44 33 32 22 41 11 22 44 13 22
0 22 32 32 13 33 11 11 14 33 32 44 14 14 34 44 41 33 33 41 33 33 41 11 33 33 23 44 14 23 11 11 23
0 23 33 22 11 33 11 14 11 33 32 22 14 14 33 44 44 33 33 44 33 33 44 11 33 33 33 44 11 22 44 11 22
0 22 32 22 11 31 14 44 14 22 32 44 11 14 33 44 41 32 33 44 33 33 11 14 33 33 23 11 14 23 44 11 22
0 22 33 22 33 33 14 14 11 32 32 24 11 11 34 44 41 33 33 44 33 33 41 11 32 33 22 41 14 23 41 33 22
0 23 32 32 11 31 14 14 14 32 32 24 14 14 34 11 41 33 32 44 33 32 41 14 33 22 33 44 14 23 41 11 22
0 22 33 22 13 31 14 44 14 32 32 24 14 14 34 41 41 32 32 44 33 33 41 14 33 32 23 44 14 22 44 11 23
0 22 33 33 11 33 11 11 11 32 33 22 11 14 33 44 41 33 33 44 33 33 44 11 33 33 22 44 11 22 44 13 22
0 22 32 32 13 33 11 14 11 33 32 22 11 14 33 44 44 33 32 41 33 33 44 11 33 32 33 44 11 22 44 13 22
0 22 33 32 11 33 14 11 11 33 32 24 11 11 34 44 44 33 33 44 33 33 41 11 33 33 22 44 11 23 41 13 22
0 23 32 33 13 31 14 14 11 32 32 22 11 14 34 44 11 32 33 44 33 32 41 14 32 32 22 41 14 22 11 13 23
0 22 33 33 11 33 11 11 11 33 33 44 11 11 34 44 44 33 33 44 33 33 44 14 33 33 23 41 11 22 44 11 22
0 22 33 32 11 33 11 11 11 33 33 22 11 11 33 44 44 33 33 44 33 33 41 11 32 33 22 44 11 23 44 11 22
0 33 32 22 33 33 14 14 14 32 33 24 14 14 34 41 41 22 32 44 32 32 44 11 32 32 23 11 11 23 44 13 23
0 22 33 32 13 33 11 14 11 32 33 22 14 11 34 44 44 33 33 44 33 32 44 14 32 33 22 44 11 22 41 11 22
0 33 33 22 13 31 11 14 14 22 33 44 11 44 34 44 11 33 32 44 33 33 44 44 32 22 23 44 11 23 41 11 22
0 23 32 22 11 33 14 14 11 32 32 24 44 44 33 41 11 33 22 44 33 32 41 14 32 32 22 41 11 22 41 13 22
0 22 32 32 11 33 14 11 11 33 33 24 11 44 33 44 44 33 33 41 33 33 44 11 33 33 33 41 11 23 44 13 22
0 23 33 32 11 33 11 11 11 32 32 44 14 14 34 11 41 32 32 41 32 32 41 44 33 32 23 41 11 23 41 11 22
0 23 33 33 13 33 14 14 11 32 32 44 14 11 33 44 11 32 33 44 33 33 44 14 33 32 23 41 11 22 44 13 22
0 22 32 32 11 31 11 14 11 33 22 24 44 14 34 44 11 33 22 44 33 33 44 14 33 33 23 44 14 22 11 11 22
0 22 32 33 11 33 11 11 11 33 32 22 14 14 33 44 41 33 33 44 33 33 44 14 33 33 22 44 11 22 41 11 22
0 22 33 32 11 33 11 14 14 33 33 22 14 11 34 44 44 33 33 44 33 33 44 14 33 32 22 44 11 22 41 11 22
0 22 33 32 13 33 14 14 11 32 32 22 14 11 34 44 44 32 33 44 33 33 41 14 33 32 22 44 11 23 41 11 23
0 22 32 22 13 33 14 14 11 32 32 24 14 14 34 44 41 32 32 41 33 32 11 14 32 33 23 44 14 23 41 13 23
0 23 32 32 33 33 11 11 11 32 32 44 14 14 33 44 41 33 33 41 33 33 44 14 33 32 22 44 11 22 44 13 22
0 33 33 32 11 31 14 11 11 32 33 22 44 14 33 41 41 33 33 44 33 33 41 11 32 22 22 44 11 22 44 13 22
0 22 32 32 11 31 44 11 11 32 22 24 11 11 33 41 11 32 32 11 32 32 11 14 32 32 33 41 11 22 41 13 23
0 22 33 22 13 33 14 14 14 33 32 44 14 44 33 41 11 33 33 44 33 32 41 14 32 32 33 11 14 23 11 33 22
0 22 32 22 11 33 44 14 11 32 22 44 14 44 34 11 41 33 32 41 33 33 41 14 32 32 23 41 14 33 41 33 22
0 23 32 22 13 33 11 11 11 33 33 22 11 14 34 44 11 33 32 44 32 33 41 11 32 22 23 11 11 22 41 11 23
0 23 22 22 11 33 44 14 11 33 22 24 11 44 33 41 11 33 22 41 33 33 41 14 32 22 23 44 11 22 41 13 33
0 23 32 22 33 33 11 44 44 22 33 24 44 44 44 44 11 33 33 44 33 33 44 14 22 32 33 41 11 22 41 13 22
0 22 33 33 11 33 11 11 11 33 32 44 44 14 33 41 41 33 33 44 33 33 44 14 32 32 23 44 11 22 44 11 22
0 22 33 32 13 33 14 14 11 32 32 44 14 14 33 44 44 33 33 44 33 32 44 14 33 32 23 44 11 22 41 11 23
0 22 33 33 11 33 11 11 11 32 33 44 14 14 33 41 44 33 33 44 33 32 41 14 33 32 33 41 11 22 41 11 22
0 22 33 33 11 33 11 11 11 33 33 24 11 11 33 44 41 33 33 44 33 33 44 44 32 22 23 44 11 22 41 11 22
0 22 22 22 13 11 14 11 11 33 33 24 44 44 34 44 41 33 32 41 32 33 44 44 33 33 23 44 11 22 41 13 22
0 22 33 32 11 33 11 11 11 33 33 24 14 44 34 44 41 32 32 41 33 33 11 14 33 32 23 44 11 22 44 11 22
0 22 32 22 13 31 14 14 11 32 32 24 14 44 33 44 41 33 33 41 33 32 11 14 33 33 23 44 14 23 41 13 22
0 33 32 32 13 31 11 14 14 22 32 24 11 11 34 41 41 32 32 41 33 33 41 11 32 33 23 44 11 23 41 13 23
0 22 33 32 13 33 14 11 11 32 32 22 44 44 33 44 41 33 22 44 32 32 44 14 33 33 23 41 14 23 41 33 22
0 22 33 33 13 33 14 14 11 33 33 22 11 11 33 44 41 33 32 44 33 33 44 14 33 32 22 44 11 22 44 11 22
0 22 33 32 13 33 11 11 14 32 32 24 11 44 33 44 41 33 32 44 33 33 44 14 32 32 23 41 11 22 41 11 23
0 22 22 22 13 33 14 11 11 32 32 44 44 44 34 44 11 32 32 44 32 33 41 11 22 33 22 41 11 23 11 13 23
0 22 33 22 13 33 14 11 11 33 33 24 11 11 34 44 41 33 32 44 33 33 41 44 32 33 22 41 11 22 11 13 22
0 22 22 33 11 33 11 11 11 33 22 44 11 14 33 41 41 32 33 44 33 33 44 44 33 33 22 41 11 22 44 13 22
0 22 32 32 13 33 44 11 11 33 32 44 14 44 34 41 41 33 33 41 33 33 41 14 32 22 33 44 11 22 41 13 22
0 23 33 33 11 33 14 14 11 32 33 22 11 11 34 44 41 33 33 11 33 33 41 11 33 32 33 41 11 22 44 11 22
0 33 22 22 13 31 44 44 14 32 32 44 11 14 34 11 11 33 22 41 32 22 11 14 22 32 33 41 14 33 11 33 22
0 23 33 22 33 31 44 14 14 32 22 22 44 14 44 41 11 32 32 44 33 22 41 44 33 32 23 44 11 23 11 13 22
0 22 32 22 13 31 14 14 14 32 22 22 14 14 34 41 41 33 32 44 33 33 41 14 32 32 33 41 11 23 41 11 22
0 23 32 32 11 33 11 14 14 32 32 22 14 44 34 44 44 33 33 41 33 32 41 14 33 32 23 44 11 33 44 13 22
0 33 32 33 33 33 44 44 11 32 32 24 14 44 33 44 41 33 33 41 33 33 44 44 33 32 23 44 11 23 11 13 22
0 22 33 33 11 33 14 11 11 33 33 24 11 11 33 44 44 33 33 44 33 33 41 11 33 33 22 44 11 22 41 11 22
0 23 33 22 13 11 14 44 44 32 22 24 11 11 34 41 11 32 32 44 33 33 41 11 33 32 23 44 11 23 41 33 33
0 23 32 33 13 33 11 14 11 33 33 24 11 44 33 44 41 33 32 44 33 33 41 14 33 33 23 44 11 23 41 11 22
0 23 32 32 33 33 14 11 11 32 32 24 14 14 34 41 41 33 32 44 32 22 44 14 32 32 33 41 11 33 41 33 22
0 23 32 22 13 31 14 14 11 22 32 44 44 14 34 41 41 22 33 41 33 32 41 44 32 33 22 44 11 23 41 13 23
0 33 32 32 13 31 44 14 11 32 22 44 11 44 33 41 41 33 32 44 33 32 11 44 32 32 33 41 14 23 44 13 23
0 23 32 32 11 33 44 14 14 33 33 24 11 44 34 41 44 33 32 11 22 22 11 44 32 33 23 11 44 22 11 13 22
0 22 33 32 33 31 14 14 14 32 32 44 14 44 33 41 41 22 32 44 33 33 41 14 32 32 23 41 14 23 41 11 22
0 33 32 32 13 31 14 14 11 33 32 24 14 14 34 41 41 22 33 41 32 33 41 14 32 32 22 41 11 22 41 33 22
0 23 33 32 13 33 11 14 11 32 33 24 11 11 33 44 41 32 33 41 33 32 41 14 33 33 22 44 11 22 41 13 22
0 22 32 32 13 31 11 11 11 33 32 24 11 11 33 44 41 33 32 44 33 33 41 14 33 33 33 44 11 22 44 11 22
0 23 32 22 13 31 44 44 11 32 33 24 14 44 34 44 11 32 32 41 32 32 41 14 22 32 22 44 11 33 41 13 23
0 23 33 33 11 31 14 11 11 32 32 22 11 11 33 41 41 33 33 44 33 32 41 14 33 33 23 44 14 22 44 11 22
0 22 32 32 11 33 11 11 11 33 22 24 14 14 33 44 41 32 32 44 33 33 41 14 33 33 23 44 11 22 41 13 22
0 22 32 33 13 31 11 11 11 32 33 24 44 14 34 41 44 33 33 44 33 33 44 11 33 33 22 44 11 22 41 11 22
0 22 22 33 13 33 11 11 11 33 22 44 11 14 34 44 41 33 33 44 33 33 41 11 33 33 22 44 11 22 44 13 22
0 23 32 32 11 33 11 14 11 33 32 22 11 11 34 44 44 33 33 44 33 33 44 11 32 33 22 44 11 23 41 13 22
0 23 33 33 13 33 14 11 11 33 33 22 14 11 33 44 41 32 33 41 33 33 44 14 33 33 22 41 11 22 44 11 22
0 33 32 22 11 33 14 11 11 32 32 44 14 44 44 41 41 33 32 11 33 33 11 14 33 22 23 44 14 33 11 13 22
0 22 33 32 13 33 11 14 11 32 32 24 11 14 33 41 41 33 32 41 33 33 41 14 32 32 23 41 11 22 41 13 22
0 22 33 32 13 33 11 11 11 33 32 22 11 11 33 44 41 33 33 44 33 33 41 11 33 33 22 41 11 22 44 13 23
0 23 32 33 13 33 14 11 14 32 22 44 14 14 44 41 11 32 32 11 33 32 11 44 33 32 22 44 14 23 41 33 22
0 22 32 22 13 33 11 11 11 33 33 22 11 44 34 44 41 32 32 44 33 33 41 14 33 32 22 44 11 22 41 11 22
0 22 32 32 13 33 11 11 11 32 32 22 14 14 33 44 41 33 32 44 33 33 41 11 32 33 33 44 11 22 41 13 22
0 23 33 33 11 31 11 14 11 33 32 24 11 11 34 41 44 32 32 44 33 33 11 11 33 22 23 44 11 22 44 11 22
0 23 22 32 11 33 14 14 11 32 32 22 11 11 33 44 41 32 33 44 33 33 41 11 33 33 23 44 11 22 41 11 22
0 22 32 33 11 33 11 44 11 32 33 22 14 14 33 44 41 33 33 44 33 33 44 14 33 33 22 44 11 22 41 13 22
0 22 22 22 13 31 14 44 11 32 22 24 14 44 44 44 11 32 32 41 32 32 11 44 32 32 33 41 11 33 11 33 22
0 22 33 33 13 31 11 11 11 32 22 22 11 11 34 44 44 32 33 44 33 33 11 11 33 33 23 41 11 22 41 13 22
0 22 33 32 33 33 11 11 11 33 33 24 11 11 44 44 41 32 33 44 33 33 41 14 33 33 33 44 14 22 44 13 22
0 23 33 32 33 33 11 14 11 33 32 24 11 11 33 44 41 33 33 44 33 33 11 11 32 33 23 11 11 23 44 11 22
0 22 32 32 33 33 11 11 11 32 22 24 14 14 33 44 11 32 32 41 32 33 41 14 33 22 22 44 11 22 41 13 23
0 22 33 32 13 33 11 14 11 32 33 24 11 14 33 44 41 32 32 44 32 33 41 14 32 32 23 41 14 23 44 11 22
0 23 32 32 33 31 14 44 14 33 22 44 11 44 34 41 44 32 32 44 22 32 44 14 33 33 33 11 11 22 44 33 22
0 22 33 32 13 31 11 14 11 22 32 24 14 44 34 44 44 22 33 41 33 32 44 14 32 22 22 41 11 22 11 33 22
0 23 32 32 33 31 14 11 11 22 32 24 11 14 33 44 44 33 33 44 33 33 11 11 33 32 22 41 14 22 44 11 23
0 22 32 33 13 33 14 11 11 33 33 24 11 14 34 41 44 33 32 44 33 33 44 14 33 33 22 44 11 22 44 13 22
0 22 32 33 13 11 14 14 11 33 22 22 14 14 33 44 11 33 33 44 33 33 11 14 33 32 23 44 11 23 41 11 22
0 22 32 22 13 33 14 14 11 33 33 24 14 14 33 44 11 33 33 44 33 33 44 11 33 32 22 44 11 22 41 11 22
0 22 22 32 11 33 11 11 11 33 32 22 14 44 33 44 11 33 33 44 32 33 44 14 33 33 22 11 11 22 41 13 22
0 33 33 32 13 33 11 11 11 33 33 22 14 14 34 41 44 33 33 44 33 32 44 11 32 32 22 41 11 22 41 13 23
0 22 32 32 33 31 11 11 11 33 32 22 14 14 33 41 41 33 22 11 33 33 41 11 32 32 23 41 11 22 41 33 22
0 23 22 33 33 31 14 14 14 32 32 44 14 44 34 41 11 33 33 44 33 33 41 11 32 32 23 41 14 23 41 33 23
0 23 33 33 13 11 14 44 11 33 32 24 44 14 34 41 41 33 22 44 33 33 11 11 32 32 23 41 11 23 11 13 22
0 22 22 32 11 33 14 11 11 33 22 22 11 44 33 41 41 33 33 44 33 33 41 14 32 33 22 44 14 22 44 13 22
0 22 32 22 33 31 14 11 14 33 22 44 11 44 33 41 41 32 33 44 33 33 41 14 33 22 33 41 11 23 41 13 22
0 22 33 32 11 33 11 11 11 33 32 22 11 11 34 44 44 33 33 44 33 33 44 11 33 33 23 44 11 22 44 11 22
0 23 33 22 33 33 14 44 11 33 32 44 44 44 33 41 11 33 33 44 33 32 41 14 32 33 23 44 11 22 41 11 22
0 22 32 33 13 33 14 14 11 32 32 24 11 11 33 44 41 33 33 44 33 33 44 14 33 33 23 44 11 23 44 33 22
0 22 33 33 11 33 14 11 11 32 33 44 11 14 34 41 41 33 32 44 32 33 11 11 33 33 23 44 11 22 41 11 22
0 23 32 33 13 33 11 14 14 33 32 24 14 14 33 41 11 32 32 41 32 33 41 14 32 32 22 44 11 22 41 13 22
0 22 33 33 13 33 11 14 11 32 33 24 11 11 33 44 44 33 33 44 33 33 44 11 33 33 33 44 11 22 41 11 23
0 22 33 22 13 33 14 11 11 32 32 24 14 14 34 44 44 33 33 41 33 33 41 11 32 33 22 44 11 22 44 13 23
0 22 33 22 13 31 44 14 11 33 32 22 11 11 34 44 41 32 32 41 33 33 41 14 33 22 23 44 11 23 44 13 23
0 23 32 33 33 31 11 11 11 33 32 22 11 11 33 11 41 32 33 44 33 22 41 11 33 32 22 44 11 22 41 11 22
0 23 33 33 33 31 14 14 11 22 32 44 11 14 44 41 41 33 33 44 33 22 11 14 33 22 33 41 11 23 41 11 22
0 23 33 33 11 31 11 11 14 33 33 22 11 11 33 44 44 33 33 44 33 33 44 14 33 33 22 44 11 22 44 13 22
0 23 22 32 11 33 14 14 11 33 32 22 14 44 34 44 41 33 32 41 33 32 41 14 33 33 33 44 11 23 11 13 22
0 22 32 33 11 33 11 11 11 33 33 22 11 11 33 41 41 33 32 44 33 32 41 11 33 33 22 44 11 22 44 13 22
0 23 22 22 13 33 11 14 14 32 32 44 44 14 34 41 11 33 22 11 22 32 11 14 32 22 33 11 11 23 41 13 23
0 22 32 22 13 33 11 14 11 33 22 24 14 11 34 44 41 32 32 41 33 33 44 11 33 33 33 41 11 23 44 11 22
0 22 32 22 33 33 11 44 11 33 32 44 11 44 34 44 41 33 33 44 33 32 44 14 33 33 22 41 14 22 11 13 22
0 22 33 33 13 33 11 11 11 33 33 24 11 14 33 44 44 33 32 44 33 33 44 14 33 33 22 44 11 22 44 11 22
0 23 32 32 11 33 11 11 11 33 32 22 14 11 34 44 11 33 33 41 33 33 44 14 33 32 23 41 11 22 44 33 22
0 22 32 33 13 31 14 14 11 32 22 24 14 14 33 41 44 33 32 41 33 33 44 11 33 32 22 44 11 23 44 13 23
0 23 32 32 13 31 14 14 11 33 32 24 14 14 33 41 44 32 32 44 33 32 11 11 33 32 23 41 11 23 41 11 23
0 22 32 32 13 31 14 14 14 32 32 44 11 14 33 44 41 32 32 41 32 33 44 14 32 32 23 41 11 22 11 13 22
0 23 32 22 11 33 14 11 11 32 32 44 11 11 34 41 41 33 33 11 32 22 41 14 33 33 23 44 14 23 11 11 22
0 23 32 32 33 33 11 44 14 33 32 22 14 11 34 41 44 33 33 41 33 32 41 14 33 32 23 44 14 23 41 11 23
0 23 32 32 13 33 11 11 11 33 33 22 14 11 33 44 44 33 33 41 32 32 41 14 33 33 23 44 11 22 44 13 22
0 23 32 32 13 31 11 14 11 32 32 44 44 14 33 41 41 32 33 41 32 32 11 11 32 32 23 41 11 22 11 13 22
0 22 33 22 13 33 44 14 14 32 32 22 14 11 34 44 41 22 32 41 33 33 41 11 22 32 33 41 11 23 44 11 23
0 33 32 33 11 33 11 11 11 33 32 24 14 14 33 44 41 32 33 44 33 22 11 11 33 33 22 41 14 23 44 13 23
0 22 32 32 13 31 11 14 14 33 33 22 11 14 44 41 11 32 32 44 33 33 44 11 32 32 23 44 11 23 41 13 22
0 23 33 22 33 31 11 11 11 33 32 24 14 44 34 44 44 33 32 41 33 33 41 11 33 22 33 44 11 22 44 33 22
0 22 32 32 13 31 11 14 14 33 32 24 14 14 34 44 44 32 32 41 33 33 44 14 33 33 23 41 14 22 41 13 22
0 22 32 33 11 33 14 11 14 33 33 22 11 11 34 41 41 32 32 44 33 33 44 11 32 22 22 41 11 22 41 13 22
0 22 33 32 11 31 14 14 14 32 32 24 11 14 34 41 44 32 33 44 33 33 44 11 33 33 23 44 14 22 44 11 22
0 23 32 32 11 31 11 14 14 33 32 24 14 14 33 44 44 33 32 44 33 33 44 44 33 32 23 41 11 22 41 11 22
0 22 33 22 33 33 44 44 14 33 32 22 14 44 34 11 44 32 22 44 32 32 11 14 33 32 23 11 11 33 41 11 22
0 22 33 32 11 31 14 14 11 32 32 24 14 44 34 11 11 33 33 41 33 32 11 11 22 32 23 41 11 22 41 13 22
0 22 32 32 33 31 14 14 11 32 32 22 11 44 44 41 41 33 32 44 33 32 11 14 32 22 33 44 14 23 44 13 33
0 23 32 32 13 33 11 11 14 32 32 22 14 11 33 44 44 33 33 44 33 33 44 11 33 32 23 41 11 22 41 13 23
0 23 32 22 33 31 44 14 11 32 32 22 14 14 33 44 44 33 32 44 33 33 41 14 32 32 33 11 14 22 11 33 23
0 22 32 22 33 33 44 11 11 32 32 24 14 11 33 41 44 33 33 41 33 33 41 44 33 32 23 41 11 33 41 13 23
0 22 32 33 11 33 14 14 11 32 33 24 11 11 33 44 44 33 22 44 33 33 44 11 33 33 23 44 11 22 44 11 22
0 22 33 32 13 33 11 11 11 33 33 24 11 11 34 44 44 33 33 44 33 33 41 11 32 33 33 41 11 22 44 11 22
0 22 33 22 33 31 11 11 11 32 32 24 11 44 33 41 41 32 32 44 33 32 41 14 33 32 22 41 14 23 44 33 23
0 22 22 22 11 33 11 14 11 33 22 24 11 11 33 44 44 33 33 44 33 33 44 14 32 33 23 44 14 22 41 13 22
0 22 33 32 33 33 11 14 11 33 33 22 14 14 33 11 41 33 33 44 33 33 44 14 32 33 22 41 11 22 44 13 22
0 22 33 32 11 31 11 14 11 33 33 44 14 11 33 44 41 32 32 41 33 33 44 14 33 33 23 44 11 23 41 13 23
0 22 32 32 13 33 44 14 11 32 32 24 11 14 33 44 41 22 33 44 33 33 44 11 33 32 23 44 11 22 44 11 22
0 23 32 22 13 31 11 11 11 22 32 24 11 44 34 44 41 32 32 41 33 32 11 11 32 33 22 41 11 23 44 11 23
0 23 33 32 33 33 14 14 14 32 22 24 11 44 44 41 11 22 32 41 33 33 41 14 32 22 23 41 11 23 41 13 22
0 22 33 22 13 33 14 14 14 33 32 24 11 44 34 44 44 32 33 44 33 33 41 44 22 33 23 44 14 22 41 11 22
0 22 33 32 11 33 11 14 11 32 33 22 14 11 33 44 41 33 33 44 33 33 44 11 33 32 22 41 11 23 44 13 23
0 22 22 22 33 33 11 14 11 32 33 24 44 14 33 44 44 32 32 41 33 32 44 14 33 33 33 41 11 22 11 13 23
0 33 32 32 13 11 14 44 14 22 32 24 11 44 34 41 41 22 32 41 33 33 41 44 32 32 23 11 11 23 11 33 23
0 22 33 32 11 33 14 14 14 33 33 22 11 11 33 44 41 33 33 44 33 33 44 11 33 32 23 44 11 22 41 13 22
0 23 32 32 11 33 14 11 11 33 33 22 11 14 33 41 41 32 32 44 33 32 11 11 33 33 23 44 11 22 41 13 22
0 23 32 33 11 31 11 11 11 33 32 24 11 14 33 44 44 32 22 44 33 32 41 11 33 33 33 44 11 22 41 11 22
0 22 22 33 33 31 14 11 11 33 22 24 14 11 33 44 41 33 32 41 32 22 41 14 33 32 23 44 11 23 11 33 22
0 23 32 33 13 33 11 14 11 33 22 22 11 44 33 41 44 33 22 41 33 33 41 14 33 32 23 44 14 22 11 13 22
0 22 33 33 11 31 14 11 11 33 33 24 14 11 33 44 11 33 33 44 33 33 44 11 32 33 22 44 11 22 44 13 22
0 23 32 33 13 33 11 14 11 32 32 24 14 11 34 41 44 33 33 44 33 33 41 14 33 32 22 44 11 22 44 11 22
0 23 33 22 13 33 11 44 11 32 32 22 14 11 34 41 44 33 33 44 33 33 44 11 33 32 22 44 11 23 41 33 22
0 22 32 32 13 33 11 14 11 33 32 22 11 44 33 41 44 33 33 44 33 33 44 14 33 33 22 44 11 22 41 11 22
0 22 33 33 11 33 11 11 11 33 32 24 11 14 33 44 44 33 33 44 33 33 41 14 33 32 23 41 11 22 41 13 22
0 22 33 22 11 31 14 14 14 32 33 22 14 14 34 41 41 32 33 41 33 32 41 14 32 33 23 44 11 22 41 13 22
0 23 32 22 13 33 14 14 11 33 32 44 11 44 33 41 41 33 32 44 33 32 41 44 32 33 23 44 14 23 44 13 23
0 23 33 32 13 31 44 44 11 33 22 22 44 14 44 41 44 33 22 44 33 33 11 14 32 32 23 41 14 23 44 11 22
0 22 32 32 13 31 11 14 11 33 33 44 14 44 34 11 41 32 33 44 33 33 41 14 32 22 23 11 11 23 44 33 22
0 22 33 22 11 31 44 44 14 22 33 22 14 11 34 44 41 33 22 44 33 32 41 44 33 33 23 41 14 22 41 13 22
0 23 32 32 11 33 44 11 11 32 32 24 11 44 44 44 41 22 32 44 32 32 41 14 32 32 33 44 11 23 11 13 22
0 22 33 22 11 33 11 44 11 33 22 24 14 14 33 41 41 32 33 44 33 32 41 11 33 33 23 44 11 22 44 11 23
0 23 33 32 11 33 11 44 11 32 33 22 14 44 33 44 44 33 32 44 33 33 44 11 33 33 23 44 11 22 44 11 22
0 23 33 32 11 31 44 14 11 33 33 24 14 14 44 41 11 33 33 11 32 32 41 44 32 32 23 11 11 33 44 13 22
0 22 32 32 11 33 11 11 11 32 33 22 11 44 34 44 11 33 33 41 32 32 41 11 33 32 23 44 11 22 41 33 22
0 23 32 32 11 33 11 14 14 32 33 24 11 14 34 44 44 22 32 44 33 33 44 11 33 33 23 41 11 33 11 11 23
0 23 33 32 11 31 11 14 11 32 33 24 11 11 33 41 41 33 33 41 33 33 41 11 33 32 33 44 11 23 41 11 22
0 22 32 22 33 31 14 14 44 33 32 44 14 11 34 11 44 32 32 41 22 33 41 14 33 33 23 41 14 22 41 13 22
0 22 33 32 13 33 14 14 11 33 33 22 11 11 34 44 41 33 33 44 33 33 41 11 33 33 22 44 11 22 44 13 22
0 22 32 33 11 33 14 11 14 33 32 22 11 14 33 44 41 33 33 44 33 33 44 11 33 33 23 44 11 22 44 11 22
0 22 33 33 13 33 14 14 11 32 32 24 14 11 33 44 41 33 32 11 33 32 41 44 33 32 22 41 11 23 41 13 22
0 23 32 33 11 33 14 11 14 33 33 22 11 14 33 44 41 33 33 44 33 32 41 14 33 33 23 44 11 23 44 13 22
0 23 32 33 33 31 11 14 11 33 32 24 14 14 33 41 44 32 32 41 33 32 41 14 33 22 23 44 11 22 44 11 22
0 23 22 22 13 33 14 11 11 32 32 44 11 44 33 44 11 32 33 44 32 22 41 14 32 32 22 41 14 23 41 13 22
0 33 32 32 13 33 44 44 14 32 32 24 14 44 44 44 11 22 32 44 32 32 44 11 33 32 22 11 11 23 11 13 23
0 33 33 33 13 33 11 11 11 33 32 24 11 11 34 44 41 32 32 44 33 32 11 14 33 33 22 44 11 22 41 11 22
0 23 32 32 11 33 14 11 14 33 33 24 11 14 33 44 44 33 33 41 33 32 41 14 33 32 22 41 11 22 44 11 22
0 23 32 32 13 33 44 44 11 22 32 44 14 44 34 44 41 22 32 44 32 32 41 44 32 33 33 44 14 22 11 33 22
0 22 33 33 11 33 11 11 11 33 32 22 14 14 34 44 41 22 33 44 33 32 44 14 33 32 22 44 11 22 44 11 23
0 23 32 22 13 31 14 11 11 32 33 22 14 14 33 44 41 33 32 44 33 33 11 11 22 33 33 41 44 22 11 33 22
0 22 32 32 33 33 14 14 11 33 22 24 14 44 33 44 44 32 32 44 32 33 41 14 33 22 23 11 11 22 41 11 22
0 22 32 33 13 31 11 11 11 32 22 22 11 14 34 44 41 32 33 44 33 32 44 11 32 33 33 44 14 22 41 11 22
0 22 32 33 13 33 11 11 11 33 33 22 11 11 33 44 44 33 33 44 33 33 41 11 32 33 22 44 11 22 41 11 22
0 22 32 32 11 33 14 11 11 32 32 24 14 14 34 44 41 33 33 44 33 33 11 14 33 22 33 44 11 22 41 11 22
0 22 32 33 11 33 11 11 11 33 33 22 11 14 33 44 41 32 32 44 33 33 41 11 32 32 22 41 11 22 44 11 22
0 23 32 32 33 11 44 14 11 33 32 24 44 14 34 41 41 22 32 41 32 32 11 44 33 33 22 44 14 23 41 11 22
0 23 32 32 13 31 14 14 14 32 32 24 14 11 33 41 41 33 32 44 32 33 44 44 33 33 23 41 11 23 41 33 22
0 23 32 32 13 33 11 44 14 32 32 24 14 44 34 41 44 33 22 41 32 32 41 14 32 32 22 11 14 23 41 33 22
0 23 33 32 33 33 11 11 11 33 22 22 14 11 33 41 41 33 33 41 33 32 41 14 33 33 22 44 14 22 44 11 22
0 22 33 33 11 31 14 11 14 32 32 24 11 11 33 41 41 32 33 44 33 32 44 11 33 22 22 44 11 22 44 13 22
0 22 32 22 11 33 14 14 11 32 32 24 14 14 33 44 44 33 32 41 33 33 44 11 32 33 22 44 11 22 11 11 23
0 23 32 32 13 33 14 11 11 33 33 22 14 14 33 44 44 33 33 44 33 32 44 11 33 32 22 41 11 22 44 13 22
0 23 32 32 13 33 11 11 11 33 33 24 14 11 34 44 41 33 32 44 33 22 41 11 32 33 33 41 14 23 41 11 22
0 23 32 22 11 31 14 14 11 32 32 22 44 14 33 44 44 22 32 41 33 32 41 11 33 33 23 41 11 22 41 13 22
0 23 32 32 13 33 14 11 11 33 22 24 11 11 34 44 41 33 33 44 33 33 41 44 33 32 23 41 11 22 41 13 22
0 22 33 32 11 33 14 14 11 33 22 22 14 11 33 41 44 32 33 44 33 32 11 11 33 32 23 44 11 22 41 13 22
0 22 32 32 13 33 11 11 11 32 33 24 11 14 34 41 41 33 33 41 32 33 44 11 33 33 22 44 11 22 44 11 22
0 23 32 33 13 31 11 14 11 33 32 24 11 14 33 44 44 32 33 44 33 33 44 44 32 33 22 44 11 22 44 33 22
0 22 32 33 33 31 11 11 14 33 32 22 11 11 34 44 41 33 33 44 33 33 41 14 33 22 22 44 11 22 41 33 23
0 22 33 32 13 31 14 14 14 33 22 22 14 11 33 44 41 33 33 44 33 33 41 11 32 33 22 41 11 33 41 11 22
0 22 32 33 11 33 11 11 11 33 33 24 11 14 33 44 44 33 33 44 33 33 44 14 33 33 23 44 11 22 44 11 22
0 23 32 33 13 31 14 11 11 22 33 44 14 44 34 11 44 33 33 44 33 33 41 14 33 33 22 41 11 22 41 13 22
0 33 22 22 13 11 14 14 14 32 22 44 14 44 44 41 41 22 32 11 22 32 11 44 32 22 33 41 14 23 41 33 23
0 22 22 32 33 33 14 14 11 32 32 44 14 11 34 44 41 33 32 41 32 33 11 44 32 33 23 41 14 22 11 33 22
0 22 32 32 33 31 44 14 14 33 32 24 14 11 33 41 11 33 32 44 33 33 11 14 32 32 33 44 14 23 11 11 23
0 22 32 32 13 33 14 11 11 33 33 24 44 44 34 41 41 22 32 44 33 32 41 14 32 22 33 41 14 23 41 33 22
0 22 33 33 11 31 11 11 11 33 22 24 11 11 34 41 41 33 32 44 33 32 44 44 32 32 33 44 11 23 44 11 22
0 22 33 32 13 33 14 11 11 32 32 24 14 14 34 44 44 32 33 44 32 33 44 14 32 33 23 44 11 23 41 11 22
0 33 32 32 13 33 11 11 11 32 22 24 14 44 33 41 44 33 33 11 33 22 44 14 33 32 23 44 11 23 44 13 22
0 22 32 33 13 31 14 14 14 33 33 44 14 14 33 44 44 33 33 41 33 33 44 11 32 33 22 44 11 22 41 11 22
0 22 32 22 13 33 11 11 11 32 32 24 14 44 34 41 44 32 22 41 33 33 11 14 33 32 33 11 14 23 41 11 23
0 22 32 22 13 11 14 11 11 32 33 24 11 14 33 41 41 32 32 44 33 33 44 14 33 22 22 44 11 23 44 13 22
0 22 32 32 13 31 14 14 11 32 33 24 14 44 33 44 41 32 33 41 33 33 41 11 22 33 23 41 11 23 11 33 33
0 22 33 33 13 33 14 11 11 33 32 44 11 11 33 41 44 33 32 41 33 33 41 11 32 32 23 44 11 22 41 11 22
0 22 33 32 11 33 11 11 11 22 22 44 11 44 33 11 41 33 32 44 33 33 44 44 33 32 23 44 11 22 41 11 22
0 22 32 22 13 33 14 14 11 32 22 24 14 14 34 44 11 33 33 44 33 33 44 11 32 32 23 41 11 23 44 13 23
0 22 33 33 11 33 11 14 11 33 22 22 11 14 34 44 44 32 32 41 33 33 41 11 33 33 22 44 11 23 44 11 22
0 22 33 32 13 33 44 11 11 33 32 22 14 14 33 44 41 33 33 44 33 33 44 11 33 32 22 44 14 23 41 13 22
0 23 32 32 13 31 44 14 11 33 32 24 11 11 34 44 41 33 32 41 33 32 11 11 33 33 23 41 14 23 41 13 22
0 23 33 32 11 31 11 14 14 33 32 44 11 14 33 44 41 22 33 41 32 33 11 11 22 32 22 44 11 22 41 11 22
0 23 22 32 11 31 11 11 14 33 33 24 44 14 33 41 41 33 22 11 33 33 41 14 33 33 23 44 11 23 11 13 22
0 23 32 33 13 33 11 11 11 32 22 24 11 14 34 41 44 32 32 44 33 33 44 11 33 32 23 44 11 22 44 13 22
0 23 32 22 13 33 14 11 11 33 33 24 11 11 33 44 11 33 33 41 33 33 44 14 33 32 22 44 11 22 41 11 22
0 22 33 33 33 33 11 14 14 33 32 24 11 14 34 44 41 32 32 44 33 33 41 11 33 33 23 44 44 22 41 11 22
0 22 33 32 33 31 11 14 11 33 33 44 11 14 44 11 11 22 32 11 33 33 41 14 32 32 33 44 11 22 11 13 22
0 22 22 32 13 31 11 11 11 33 32 24 11 44 34 44 44 33 33 44 32 22 41 14 33 33 23 44 11 22 41 11 22
0 22 32 32 11 33 11 14 11 32 32 24 14 11 34 44 41 33 32 11 33 33 11 11 33 32 23 41 14 22 41 11 22
0 23 33 32 13 31 14 11 14 33 22 24 14 11 33 11 41 33 33 44 32 33 44 14 33 32 22 11 11 22 41 13 23
0 22 33 33 13 31 11 11 11 33 22 24 14 11 33 44 41 33 32 41 32 32 41 14 33 32 23 44 11 23 44 11 22
0 22 32 32 33 31 11 14 11 33 32 22 14 14 34 44 41 32 33 44 33 33 41 11 33 33 23 44 11 22 44 33 23
0 22 22 22 13 33 44 14 14 32 22 24 11 14 34 41 44 32 22 11 33 33 41 11 33 33 33 41 11 22 44 11 22
0 22 32 22 11 33 11 44 11 33 32 24 14 14 33 44 41 33 32 44 33 33 44 11 33 33 33 44 11 22 44 13 22
0 22 33 32 11 31 14 44 11 22 32 24 14 44 34 44 41 32 33 41 32 32 41 14 32 33 23 41 11 23 41 13 22
0 22 33 33 11 33 11 14 11 33 33 24 11 14 33 41 44 33 32 41 33 33 44 11 33 32 22 44 14 22 41 11 22
0 22 22 32 11 31 11 14 11 32 33 24 14 14 34 44 44 32 32 44 33 32 41 14 32 22 23 44 11 33 44 11 22
0 23 32 33 33 33 14 44 11 33 32 44 14 11 34 44 41 32 33 41 33 33 41 14 32 32 23 41 14 23 11 13 22
0 22 32 33 13 33 11 44 11 33 22 24 11 11 44 44 44 33 33 41 32 33 44 11 33 32 23 44 11 22 44 33 23
0 22 33 33 11 33 11 11 11 33 33 24 11 11 33 41 44 33 33 44 33 33 44 11 33 33 23 41 11 22 11 11 22
0 22 32 33 11 31 14 11 11 33 32 22 14 11 33 44 41 33 32 44 33 33 44 11 33 33 23 41 14 22 41 13 22
0 22 33 32 11 33 11 11 11 33 33 22 11 11 33 44 41 32 33 44 33 33 44 14 32 33 23 44 11 22 44 13 22
0 22 32 32 13 31 44 14 14 32 22 44 11 11 33 44 44 33 33 44 33 32 41 44 32 33 23 44 11 23 41 13 22
0 22 33 33 13 33 14 11 11 33 33 24 11 11 34 44 41 33 33 44 33 33 44 14 32 32 23 41 11 22 41 13 22
0 23 32 33 11 33 11 11 11 32 32 22 11 11 33 41 44 32 33 41 33 33 41 11 33 33 23 44 14 22 44 11 22
0 22 33 32 13 33 11 11 11 33 32 44 11 14 33 41 41 33 33 44 33 33 41 14 32 32 23 44 11 23 41 13 23
0 22 33 32 11 33 11 11 11 33 33 24 11 11 34 44 44 33 32 11 32 33 44 11 33 32 23 44 11 22 44 11 22
0 22 33 33 11 33 11 11 11 33 33 22 11 14 33 44 44 33 33 44 33 33 41 11 33 33 22 44 11 22 44 11 22
0 22 32 22 33 31 11 11 14 32 32 24 14 14 34 11 41 33 32 41 32 33 41 11 32 32 33 41 11 23 44 13 23
0 22 33 33 11 33 11 14 11 33 33 22 14 14 34 44 44 33 32 44 33 33 44 11 33 33 23 44 11 22 44 11 22
0 22 32 32 11 31 14 11 11 33 32 22 11 14 34 41 44 33 32 44 33 33 11 11 32 33 22 44 11 22 44 11 23
0 33 32 32 33 31 14 44 14 32 32 44 14 44 34 41 44 33 33 41 33 32 44 14 32 32 23 41 14 33 41 33 33
0 23 32 32 13 33 44 11 14 33 33 44 11 14 34 41 41 32 32 41 33 33 44 11 32 32 33 41 14 23 41 13 22
0 22 33 32 13 33 14 44 11 33 22 24 11 44 34 44 44 33 33 44 32 33 11 14 33 33 23 44 14 23 41 13 23
0 23 33 33 11 11 11 14 11 33 33 24 14 14 33 44 41 32 33 44 33 32 44 14 33 33 23 41 14 22 44 13 22
0 23 33 33 33 31 11 14 11 32 33 22 14 14 44 44 41 32 32 44 32 33 44 14 32 32 33 41 11 22 41 33 22
0 23 32 32 13 31 14 14 14 32 32 44 14 44 34 44 41 32 22 41 33 22 41 14 22 32 23 44 14 23 41 13 23
0 23 33 32 11 33 44 11 14 33 33 22 14 14 33 41 41 33 33 44 32 32 41 11 33 33 22 41 14 23 41 11 22
0 22 32 33 13 33 11 11 14 33 33 22 14 44 34 44 41 33 32 44 33 32 41 11 32 32 23 41 44 23 44 13 22
0 22 32 32 11 33 11 11 11 33 33 24 14 14 34 44 41 32 33 44 33 33 41 11 33 33 23 44 11 22 44 11 23
0 22 33 33 11 33 14 14 11 32 32 22 14 14 34 41 44 32 33 44 32 33 44 14 33 33 22 44 11 22 41 11 22
0 22 33 22 13 33 44 14 11 33 32 44 14 14 33 44 41 33 32 44 22 22 41 44 32 32 23 41 11 23 44 11 22
0 23 33 22 13 31 14 44 11 32 22 44 14 14 44 41 11 32 33 44 33 33 41 44 33 33 33 41 11 23 41 33 22
0 22 33 32 13 33 11 14 11 33 33 24 11 14 33 44 41 32 33 44 33 33 41 11 33 32 23 41 11 23 41 11 22
1 22 33 32 13 33 11 14 11 33 33 22 14 14 33 44 11 33 33 44 33 32 41 11 33 33 22 44 11 22 44 11 22
1 23 33 32 11 33 11 11 11 33 32 24 14 14 34 11 41 32 32 44 33 33 41 11 33 33 23 41 11 23 44 13 23
1 23 32 22 13 33 14 14 11 22 32 44 11 14 33 41 11 33 33 44 33 33 11 44 32 33 22 44 11 22 11 13 22
1 23 33 32 13 33 14 14 11 33 32 22 11 14 34 41 41 32 33 44 33 33 41 14 32 33 22 44 11 23 44 11 23
1 22 33 32 13 33 14 14 11 33 33 22 11 14 33 41 41 33 32 44 32 33 44 11 33 33 22 44 11 23 44 11 22
1 23 33 32 13 33 11 11 11 33 32 24 14 14 33 44 44 32 33 41 33 32 41 14 32 33 22 44 11 22 41 11 22
1 22 32 33 13 33 11 11 14 33 32 24 11 44 34 44 41 32 32 41 33 32 11 14 33 32 22 41 11 22 41 11 22
1 22 32 32 33 11 14 14 11 32 32 24 14 14 33 41 41 33 32 41 33 32 41 14 33 32 23 44 44 22 41 11 23
1 22 32 22 11 33 14 11 11 32 22 22 11 11 33 44 41 33 33 44 33 33 41 14 32 33 33 44 11 23 41 11 22
1 22 32 32 11 33 14 11 11 32 32 24 11 14 44 41 41 33 33 44 33 32 41 11 33 32 33 44 14 22 41 13 22
1 23 32 32 13 33 44 14 11 22 32 44 14 14 34 44 11 22 32 44 33 32 41 14 32 32 33 41 14 22 41 13 22
1 23 32 32 13 33 14 14 11 32 32 44 11 14 33 44 44 33 32 44 33 33 41 11 33 33 22 41 14 22 44 13 22
1 22 32 32 13 33 11 14 11 33 32 44 11 14 34 44 11 33 33 41 33 33 41 14 33 32 22 41 11 23 41 11 22
1 23 32 32 13 33 14 14 11 32 22 24 11 14 34 44 41 33 33 44 32 33 41 14 32 32 33 41 11 33 11 13 22
1 23 32 33 13 33 11 11 11 33 32 24 11 11 33 44 41 33 32 44 33 33 41 14 33 32 23 44 14 23 41 13 22
1 23 32 33 11 33 11 14 14 33 32 22 11 14 44 41 11 32 22 41 33 33 41 14 32 32 33 44 11 23 41 11 22
1 22 33 22 33 33 14 11 44 32 33 24 14 14 34 41 41 33 22 41 32 22 41 14 32 32 33 44 11 22 41 33 22
1 22 33 22 11 33 11 11 11 33 22 22 11 11 34 44 41 33 33 44 33 33 44 14 32 32 23 44 14 23 44 11 22
1 33 32 22 33 33 14 11 11 33 32 24 14 44 33 44 41 33 32 44 33 32 41 14 33 22 23 41 14 23 41 13 22
1 33 22 32 13 33 14 14 11 32 33 44 14 44 34 41 41 33 32 44 33 33 41 14 32 32 23 44 14 22 41 13 22
1 22 22 33 13 33 44 14 11 22 22 44 11 14 34 44 44 22 22 41 32 33 41 11 22 22 33 41 14 22 41 11 22
1 22 32 32 13 33 11 14 11 32 22 24 11 14 34 44 41 33 22 11 33 33 41 44 33 33 33 44 11 23 41 11 22
1 33 33 22 33 33 14 14 11 32 33 24 11 11 33 44 11 33 33 41 32 33 41 14 32 32 33 11 14 22 41 33 22
1 22 33 33 13 33 11 11 11 33 33 22 11 11 33 44 44 33 32 44 33 33 41 11 33 33 23 44 11 22 44 13 22
1 23 32 32 13 11 11 44 14 33 32 44 11 11 34 11 41 33 32 44 32 32 11 44 33 32 23 41 14 23 41 13 23
1 22 33 32 11 33 11 11 11 33 33 22 11 11 33 44 41 33 32 44 33 33 44 14 33 33 23 44 11 22 44 11 22
1 22 32 33 13 31 11 11 11 33 33 24 11 14 33 41 44 33 33 44 33 33 44 14 32 33 23 44 11 22 41 11 22
1 22 33 22 13 33 14 11 11 33 32 22 14 11 34 44 41 32 32 44 33 33 44 11 33 32 33 41 11 22 41 13 22
1 23 33 32 11 33 14 14 11 32 33 44 14 14 33 44 41 32 33 44 33 33 44 11 33 33 23 41 11 22 44 33 23
1 22 32 33 11 33 11 14 11 33 33 22 11 11 33 44 41 22 33 44 33 32 41 11 33 32 22 41 14 22 41 13 22
1 23 32 32 13 33 11 14 14 33 32 24 11 44 33 44 41 33 33 41 33 22 44 14 33 33 22 41 11 22 44 13 22
1 22 32 22 11 33 14 11 11 33 32 24 11 44 34 11 41 33 32 44 33 32 41 44 33 32 23 41 11 22 41 13 22
1 23 33 33 13 31 14 11 14 32 32 44 11 11 33 44 44 32 33 44 33 33 41 11 33 33 23 41 11 22 44 13 23
1 22 33 33 11 33 11 11 11 32 32 24 11 11 33 41 41 33 33 11 33 32 41 14 33 32 22 41 11 22 44 13 23
1 22 33 32 13 33 11 14 11 33 33 22 11 14 33 44 41 22 33 44 33 32 44 14 33 33 22 41 11 22 41 11 22
1 22 22 32 11 33 11 11 11 33 22 44 14 11 34 44 44 33 33 44 33 33 44 44 33 32 22 11 11 23 44 13 23
1 22 32 33 13 33 11 11 14 32 33 44 14 11 34 41 41 33 33 44 32 33 41 14 33 33 23 41 11 22 41 13 23
1 22 22 22 13 33 11 11 11 32 22 24 14 44 34 41 11 33 32 44 32 32 41 44 32 32 23 44 14 23 11 13 23
1 22 32 32 11 33 11 11 11 33 32 24 14 14 34 44 41 33 33 44 33 32 41 44 33 33 22 44 11 22 41 13 22
1 23 32 32 33 31 14 14 11 32 32 22 44 14 34 44 41 32 32 41 33 33 41 14 32 33 23 44 11 23 44 13 23
1 23 33 32 11 33 11 11 11 33 33 24 14 14 33 44 44 32 32 44 33 33 41 11 33 33 23 44 11 22 41 11 22
1 22 32 33 11 33 14 14 11 33 32 22 11 11 33 44 44 32 32 44 33 33 41 11 32 32 23 44 11 22 44 11 23
1 23 32 22 11 33 11 11 14 32 32 44 11 14 33 41 44 33 33 44 32 32 44 14 33 32 22 41 14 22 41 11 22
1 23 32 32 13 33 14 14 11 33 33 24 11 14 34 41 44 33 32 44 33 33 44 14 33 33 22 44 11 22 44 11 22
1 22 33 32 33 33 14 11 11 32 33 22 11 44 34 44 44 32 33 44 33 33 41 14 32 33 22 44 11 23 44 13 22
1 22 32 33 13 33 11 14 11 33 32 44 14 11 33 44 44 33 32 11 33 33 44 11 33 32 33 44 11 23 41 33 22
1 23 32 33 13 31 14 14 14 33 22 44 14 14 34 11 44 32 22 44 33 32 41 11 33 32 33 11 11 33 44 33 23
1 23 32 33 33 33 11 11 11 32 33 24 14 44 34 44 11 33 33 44 33 33 41 14 33 33 23 44 11 22 44 11 23
1 22 32 32 13 33 44 11 11 33 32 24 11 11 34 44 41 33 33 44 33 33 41 14 32 33 23 44 11 22 41 11 22
1 23 32 32 13 33 14 11 11 32 33 22 11 11 33 41 44 32 32 41 33 32 44 11 33 33 33 44 44 22 11 13 22
1 22 33 32 11 33 44 14 11 32 32 24 14 14 34 41 11 22 33 44 33 32 41 14 22 32 23 44 14 22 41 13 22
1 23 33 33 11 33 14 14 11 32 32 22 11 14 33 44 11 32 33 44 33 33 11 11 32 32 23 44 11 22 41 11 22
1 22 33 33 11 31 44 11 11 32 32 24 11 14 33 44 41 33 32 44 32 33 41 14 32 33 22 41 11 22 44 11 22
1 22 33 32 11 33 11 11 11 33 33 22 11 14 34 44 44 33 33 44 33 32 44 11 33 33 22 44 11 23 44 11 22
1 23 32 32 33 31 14 14 11 32 22 24 44 14 44 41 11 32 32 41 32 32 41 14 33 32 23 41 14 33 41 13 22
1 22 22 32 11 33 44 44 11 32 32 24 11 44 34 44 41 32 33 44 33 22 41 11 32 33 23 41 14 22 41 13 22
1 23 32 33 11 33 11 11 11 33 33 22 11 14 34 44 44 33 33 44 32 33 41 11 33 33 22 44 11 22 44 11 22
1 22 33 32 13 33 11 14 11 33 22 24 14 11 44 44 41 33 33 44 33 33 11 14 32 32 22 41 11 23 44 11 22
1 23 32 22 13 33 14 14 11 32 33 24 11 14 33 41 11 32 32 44 32 32 41 14 33 33 23 44 11 23 41 33 22
1 22 32 33 13 33 14 14 11 32 22 24 11 44 33 44 41 33 33 41 33 32 41 44 33 33 33 44 11 22 41 11 23
1 22 33 33 13 33 11 14 14 33 33 24 14 11 34 44 41 22 32 44 33 22 44 14 33 32 23 44 11 23 44 13 22
1 33 22 22 13 33 44 14 14 22 22 44 44 44 34 41 11 32 32 41 32 33 41 14 32 22 23 44 11 23 11 11 23
1 22 32 32 13 31 11 11 11 33 32 22 11 44 34 44 44 33 33 44 32 32 44 11 33 33 33 41 11 22 44 13 22
1 23 32 22 33 33 14 14 11 32 22 24 11 44 34 44 41 32 32 44 32 33 41 11 32 22 33 41 11 22 41 13 22
1 22 33 32 13 31 11 14 11 33 22 44 44 14 33 41 44 32 33 44 32 33 41 14 32 33 23 44 14 23 41 11 22
1 22 33 33 11 31 11 11 11 33 22 24 14 14 34 44 44 33 33 44 33 33 44 11 33 33 23 44 11 22 44 11 22
1 22 33 32 13 33 14 11 14 33 32 24 14 44 44 44 44 33 33 41 32 33 11 11 32 33 23 44 11 23 41 11 22
1 22 32 32 11 33 14 11 11 32 32 22 11 44 33 44 41 32 33 41 33 32 41 14 32 33 22 44 11 22 41 13 22
1 22 33 22 11 33 11 14 11 33 32 22 11 44 33 44 44 33 32 44 33 33 41 11 33 32 22 41 11 22 41 11 22
1 33 32 32 13 33 14 11 11 32 22 24 14 14 34 44 11 32 32 41 32 32 41 14 32 22 23 41 11 23 41 33 22
1 22 32 22 13 31 14 44 11 32 32 44 14 11 44 41 11 32 22 41 32 32 11 44 22 32 23 44 14 23 11 33 33
1 22 33 33 11 33 11 11 11 33 22 22 11 11 33 44 44 33 33 44 33 33 44 11 33 32 23 44 11 22 44 11 22
1 22 32 22 11 31 44 11 14 33 32 44 14 14 33 41 41 32 32 41 32 33 41 14 33 32 23 41 14 23 41 13 22
1 23 32 32 11 33 14 14 14 32 32 22 14 14 33 41 41 33 32 44 33 33 41 14 33 32 23 44 11 23 41 13 22
1 23 32 22 33 33 44 14 14 32 22 44 14 14 34 11 11 32 32 41 32 32 41 14 32 22 33 41 11 22 11 11 23
1 22 32 32 13 31 14 14 11 32 22 44 14 14 34 44 41 33 32 44 33 33 44 44 33 22 33 41 11 23 41 13 22
1 23 33 32 11 33 11 14 14 33 32 22 14 14 34 44 41 33 32 44 32 33 41 11 32 33 22 44 11 22 41 11 22
1 22 33 22 13 33 14 14 11 32 32 44 14 14 33 41 11 33 32 41 32 32 41 14 32 32 23 41 11 23 41 11 22
1 22 32 32 13 31 14 14 14 33 32 24 11 44 34 41 11 33 32 44 32 33 44 14 32 22 23 44 14 22 41 11 22
1 23 33 22 13 31 14 14 11 33 32 24 11 14 34 41 41 33 33 41 33 33 41 14 33 32 23 41 11 23 41 33 22
1 23 32 33 33 33 11 14 11 22 22 44 14 44 33 41 41 32 32 41 33 33 41 11 32 32 22 41 11 22 41 11 22
1 22 32 32 33 33 14 11 14 32 32 24 11 44 34 44 41 32 33 41 33 33 44 14 33 32 23 44 14 23 41 11 22
1 22 33 32 11 33 14 11 11 32 32 22 11 14 33 44 44 33 32 44 33 33 11 14 33 32 22 41 11 22 44 11 22
1 22 33 33 11 31 14 14 11 33 22 22 14 11 33 44 44 33 32 41 32 33 41 14 33 32 22 44 11 22 41 11 22
1 23 22 33 13 31 44 11 11 32 32 44 14 11 44 41 41 32 32 41 33 32 41 11 32 33 33 11 14 22 11 13 22
1 22 32 33 13 33 14 11 11 33 32 24 14 14 33 44 11 32 33 44 33 32 44 11 32 33 23 41 11 23 41 13 22
1 22 32 32 33 33 14 14 11 32 32 24 44 44 34 44 41 32 22 41 33 32 11 14 33 22 33 41 14 22 11 13 23
1 22 33 32 13 33 11 11 11 33 32 22 11 14 33 11 44 33 33 44 33 33 41 14 33 33 22 44 11 22 44 13 22
1 22 32 22 13 31 14 11 11 32 32 24 14 11 34 44 41 33 33 41 33 33 41 44 32 33 23 44 11 22 41 11 22
1 23 33 32 11 33 14 11 11 22 33 22 11 11 33 44 41 33 33 41 33 32 44 14 32 32 23 44 14 22 41 33 23
1 23 32 32 13 31 44 14 14 32 22 44 44 14 34 44 11 22 33 41 33 33 11 14 32 22 33 11 14 22 11 11 22
1 23 32 32 33 11 44 11 11 33 22 44 14 11 34 41 41 32 33 44 33 33 11 14 33 32 23 41 11 23 41 13 22
1 23 33 22 11 33 11 14 11 33 22 22 11 44 33 44 41 33 33 11 33 33 11 11 33 32 23 44 11 22 41 11 22
1 22 32 22 11 31 11 11 11 33 32 24 11 11 33 44 44 33 33 44 33 32 44 11 33 33 23 44 11 22 41 11 22
1 22 33 32 11 33 11 11 11 33 32 24 11 11 33 41 44 33 33 44 33 33 44 14 33 33 22 44 11 22 41 11 22
1 33 33 22 13 11 44 14 11 33 33 24 14 11 34 44 11 32 33 41 32 22 11 44 32 22 33 41 14 23 11 13 23
1 23 32 22 33 11 14 14 11 32 32 24 14 44 34 11 41 32 33 41 32 32 41 44 32 32 33 41 14 22 11 33 23
1 23 33 32 33 31 11 14 11 32 32 22 11 11 34 41 11 33 33 44 33 32 11 14 33 33 23 44 11 22 41 13 22
1 22 22 32 13 33 11 14 11 33 32 24 14 11 33 41 41 33 33 41 33 33 41 11 33 33 23 41 14 22 44 13 22
1 22 33 22 11 33 14 11 14 32 32 44 11 44 34 41 41 32 33 44 32 33 41 14 32 33 23 41 11 22 44 13 22
1 22 32 33 33 31 11 11 11 33 22 44 14 44 34 41 41 33 32 44 32 32 41 14 33 33 23 44 44 22 41 33 22
1 23 33 33 11 31 11 11 11 33 33 24 11 11 33 44 44 33 33 41 33 33 41 11 33 33 22 44 11 22 44 11 22
1 23 33 32 11 33 14 14 11 33 32 22 11 14 33 44 41 33 32 44 33 33 44 11 33 33 23 41 14 22 41 13 22
1 22 33 33 11 33 11 11 11 33 33 22 11 11 33 44 44 33 33 44 33 33 41 14 33 33 22 44 11 22 41 33 22
1 23 22 32 33 11 14 44 11 32 32 24 14 14 33 41 11 32 32 41 33 33 44 14 33 32 23 41 14 22 11 33 23
1 22 33 32 13 11 14 11 14 33 32 24 44 11 33 44 44 32 33 44 33 32 41 14 33 33 33 44 14 22 11 13 22
1 22 33 33 13 31 11 11 11 33 33 22 11 11 33 44 44 33 32 44 33 33 44 11 32 33 22 41 11 22 44 13 22
1 22 33 33 11 33 14 11 11 33 33 22 11 14 33 44 41 33 33 44 33 33 41 11 33 33 23 44 11 22 44 13 22
1 22 32 33 11 33 11 11 14 33 22 44 11 11 34 44 44 32 33 44 33 33 41 14 33 33 23 44 11 22 11 11 22
1 22 33 32 11 31 44 14 11 22 32 22 14 14 34 41 41 32 32 41 32 33 41 14 32 33 33 41 14 22 41 11 22
1 22 33 32 11 33 11 11 11 33 32 22 14 14 34 44 44 33 33 44 33 32 41 11 32 33 23 41 11 22 44 11 23
1 23 33 33 13 33 14 14 14 33 32 22 11 14 33 41 41 33 33 41 33 32 41 14 33 32 23 44 11 22 44 13 22
1 22 33 32 11 33 11 11 11 33 32 22 11 14 33 44 11 33 33 44 33 33 44 11 33 33 22 44 11 22 44 11 22
1 23 33 33 11 33 11 11 11 32 32 22 11 11 34 44 11 33 33 41 33 33 44 11 33 32 23 44 11 22 44 13 23
1 23 32 22 33 11 44 14 14 22 22 44 44 14 34 11 41 32 22 11 32 32 41 44 32 22 33 11 44 33 41 13 23
1 22 32 32 11 33 14 11 14 33 32 24 14 14 44 41 44 33 33 44 33 33 41 44 22 32 23 44 11 33 44 13 22
1 23 33 33 13 33 11 14 11 33 32 44 14 44 33 41 41 33 33 44 33 32 44 14 33 32 22 41 14 22 11 33 22
1 33 22 22 13 33 14 14 14 33 32 44 14 14 33 41 11 32 32 41 33 22 11 14 33 22 23 44 11 22 41 33 22
1 22 32 32 11 33 14 14 14 33 33 44 14 11 34 44 11 33 33 44 33 33 41 11 33 32 23 44 11 23 41 13 22
1 22 32 33 11 33 11 44 11 33 33 22 11 14 33 44 44 33 33 44 33 33 44 11 32 33 22 44 11 23 44 13 22
1 22 32 33 33 33 14 44 14 33 32 24 11 14 34 44 11 33 32 41 33 32 41 14 32 33 23 41 14 23 44 13 23
1 22 32 32 13 31 14 11 14 33 32 24 14 14 33 11 11 33 33 41 33 33 41 44 32 33 33 44 14 23 44 13 22
1 22 33 33 13 33 14 11 14 32 33 24 11 11 33 44 44 33 33 41 33 33 41 11 33 33 23 44 11 22 44 11 22
1 33 32 33 13 33 11 14 11 32 32 24 11 14 33 44 41 22 33 44 22 32 41 11 33 33 33 41 11 22 44 11 23
1 22 33 32 11 33 14 14 14 33 32 24 14 11 33 44 41 33 32 41 33 33 44 44 33 33 23 44 11 23 44 13 22
1 23 33 32 13 33 11 11 11 33 32 22 11 11 33 44 41 33 33 44 33 33 41 11 33 33 23 44 14 22 44 13 22
1 23 32 32 11 31 14 11 11 32 32 24 14 14 34 44 41 33 32 44 33 32 41 14 32 33 33 11 14 23 41 33 22
1 23 33 33 13 33 11 11 14 33 33 44 14 44 34 44 41 33 33 44 33 33 41 14 33 22 23 41 11 22 11 13 22
1 23 33 22 13 31 44 11 14 32 32 24 44 14 33 44 44 33 32 41 33 33 41 14 33 22 33 41 14 33 41 11 22
1 22 33 32 11 33 14 11 11 33 33 24 14 11 33 44 44 33 33 44 33 33 41 11 33 33 22 41 11 22 44 13 22
1 22 32 32 13 33 11 14 14 33 32 44 44 14 33 44 41 33 32 41 32 32 41 11 33 32 22 41 14 23 11 13 33
1 22 32 33 13 33 11 11 11 32 33 22 11 14 34 44 11 32 32 44 33 33 44 14 33 33 23 41 11 22 44 13 22
1 23 32 22 13 33 11 14 14 32 32 44 14 44 34 44 44 32 32 44 32 32 44 14 32 32 33 41 11 23 44 11 22
1 33 33 32 11 33 11 44 14 33 22 44 11 11 34 44 11 32 32 41 33 32 41 14 33 33 23 44 14 22 41 13 22
1 23 33 32 11 31 14 14 11 33 32 24 11 14 34 41 41 33 32 41 33 33 44 44 33 32 23 44 11 23 41 13 23
1 23 32 33 13 31 14 14 11 33 32 24 11 11 34 44 44 32 33 44 32 32 41 14 33 33 22 41 14 22 41 11 22
1 23 32 32 13 31 14 14 11 33 33 24 14 11 33 41 44 33 33 41 33 33 41 11 33 33 22 41 14 22 41 13 23
1 22 33 32 11 31 11 11 14 33 22 44 11 11 34 41 41 33 22 44 33 33 41 44 33 32 23 41 11 22 11 13 22
1 22 33 32 13 31 11 11 14 32 32 24 14 11 33 41 44 33 33 44 32 33 41 14 33 33 23 41 14 23 41 11 22
1 22 33 32 13 31 14 44 11 22 33 44 11 11 33 41 11 32 32 44 33 33 41 44 32 32 22 11 11 23 41 13 22
1 23 32 33 11 31 14 44 11 33 32 22 14 11 34 44 41 32 33 44 33 33 41 11 33 33 23 44 11 23 41 13 22
1 22 32 32 13 33 11 11 14 32 33 22 11 11 34 41 41 33 33 41 32 33 11 14 33 33 23 44 11 23 11 13 22
1 22 32 32 11 33 14 11 11 33 33 22 11 11 33 44 44 33 33 44 33 33 44 14 33 33 22 44 11 22 41 11 22
1 22 33 33 13 31 11 14 11 32 32 22 14 11 34 41 41 33 32 44 32 33 44 11 33 32 23 44 14 22 41 11 22
1 22 32 22 13 11 14 14 11 32 33 44 11 11 33 11 11 32 32 44 33 32 41 11 32 32 22 11 11 23 41 13 22
1 22 32 33 13 33 11 11 14 33 33 22 11 11 33 44 44 33 33 44 33 33 44 11 33 33 22 44 11 22 41 13 22
1 22 33 32 13 33 11 11 11 32 32 22 14 14 34 11 44 33 32 41 33 33 44 11 32 32 23 41 11 22 41 11 22
1 22 33 33 13 33 11 11 11 33 22 24 11 11 33 44 41 33 33 44 33 33 44 14 33 33 22 44 11 22 44 11 22
1 23 32 22 33 31 14 14 11 22 32 44 44 14 34 44 44 32 32 44 33 33 41 14 33 22 23 41 11 22 41 13 22
1 23 22 32 33 31 11 11 14 32 22 44 11 44 34 41 11 32 32 41 22 32 41 11 32 32 33 41 44 33 41 13 23
1 22 33 32 11 33 11 11 11 33 33 22 11 14 33 44 41 33 33 44 33 32 44 11 33 33 22 44 11 22 44 13 22
1 22 22 32 13 11 11 14 11 32 22 44 14 44 33 44 44 32 32 44 22 33 44 14 22 32 23 11 11 22 41 11 22
1 22 33 33 11 33 14 11 14 33 33 22 14 11 33 41 44 33 32 44 33 33 41 11 33 32 23 41 11 22 44 11 22
1 22 32 32 13 33 14 14 11 33 33 24 14 14 34 44 11 33 32 44 33 33 44 14 33 33 23 11 11 23 41 11 22
1 22 32 22 13 33 11 11 14 32 32 22 11 44 33 44 41 33 33 44 32 33 11 11 33 33 33 44 11 23 41 11 22
1 22 32 33 11 33 11 11 11 33 33 24 14 14 33 44 41 33 33 44 33 33 41 14 32 33 23 41 14 22 41 13 22
1 22 32 32 11 33 11 11 11 32 22 22 11 14 33 41 44 33 33 41 33 32 11 11 33 32 22 44 11 22 41 11 23
1 22 33 32 11 31 11 14 11 33 32 22 44 14 33 41 44 33 33 44 33 33 41 14 33 32 23 44 11 22 41 13 22
1 23 32 22 13 33 44 11 14 32 22 22 11 14 34 44 44 32 33 41 33 33 44 11 33 33 22 44 11 22 41 11 23
1 23 33 32 11 31 11 14 11 33 33 22 11 14 44 41 41 33 33 11 32 33 41 14 33 33 23 44 11 22 41 11 22
1 23 32 33 11 31 14 11 11 32 22 44 14 44 34 44 41 32 33 41 33 33 41 11 33 32 33 41 11 23 44 13 23
1 22 33 33 13 31 14 11 11 32 32 22 11 14 33 44 41 33 33 41 33 32 41 14 32 33 33 44 11 22 41 13 23
1 22 33 32 13 33 14 11 11 32 33 22 11 44 33 41 11 33 32 44 33 33 11 11 33 22 22 44 11 22 44 13 22
1 23 22 33 33 31 14 11 14 32 32 22 14 14 34 44 11 32 32 41 22 33 41 14 33 32 23 41 44 22 44 13 23
1 22 32 32 11 33 14 11 14 33 32 44 14 11 33 44 41 33 33 44 32 33 41 14 32 32 23 44 14 22 41 11 22
1 23 33 33 13 33 11 14 11 32 33 24 11 44 33 44 44 33 33 44 33 32 41 11 33 33 23 44 11 22 44 11 22
1 22 33 22 11 33 14 14 11 32 32 24 11 44 33 41 41 32 33 44 33 32 41 14 33 32 23 44 11 22 41 33 22
1 23 33 22 13 33 11 14 11 33 32 24 14 14 33 44 41 32 32 44 33 33 41 11 33 33 23 44 11 22 41 11 22
1 22 32 22 13 31 11 11 11 32 33 24 14 14 33 44 44 32 32 41 32 33 11 11 33 32 22 44 14 23 44 13 22
1 22 33 33 33 33 44 14 14 32 32 22 11 14 34 44 11 32 22 41 33 32 11 14 32 22 22 44 14 23 41 13 23
1 23 33 33 13 33 14 11 14 33 32 22 14 11 34 41 41 33 33 41 33 33 41 11 32 32 22 41 11 22 44 11 22
1 22 32 33 13 31 14 44 11 33 32 24 14 14 34 41 41 33 33 44 32 32 11 14 32 33 23 44 11 22 11 33 23
1 22 33 33 11 33 14 14 11 32 32 22 14 11 33 44 41 33 32 44 33 33 44 11 32 33 22 44 11 22 44 11 22
1 23 32 22 13 33 11 44 14 22 32 44 14 14 34 11 11 32 22 41 32 33 41 44 33 32 23 41 11 22 11 33 22
1 22 33 32 13 33 11 14 14 32 32 22 14 11 34 44 11 32 33 44 33 33 44 14 33 33 22 44 11 23 44 11 23
1 22 32 22 13 33 11 11 11 33 22 24 14 11 34 44 41 33 33 41 33 33 11 14 33 33 23 41 11 23 41 13 22
1 22 32 32 11 33 11 14 11 32 32 44 11 14 33 41 44 32 32 44 32 33 44 11 33 32 23 44 14 22 11 33 22
1 22 33 32 11 33 11 14 11 33 33 22 11 14 33 44 44 33 33 44 32 32 41 11 33 33 23 44 11 22 44 13 22
1 23 22 32 33 31 44 14 14 32 22 44 14 14 33 44 41 32 22 41 33 33 11 14 32 22 33 41 14 33 41 33 22
1 23 22 32 13 31 14 14 11 33 22 22 11 44 44 41 44 22 32 41 33 32 41 11 33 32 23 41 11 23 41 33 23
1 22 33 22 11 33 11 11 14 33 33 22 11 14 34 44 41 33 33 44 33 33 41 11 32 32 23 44 11 22 41 11 22
1 22 33 32 33 33 14 14 11 33 22 24 11 14 33 44 44 33 33 41 33 33 41 11 33 32 22 44 11 22 41 13 22
1 33 33 32 33 31 11 44 14 32 22 24 11 44 34 41 11 32 33 11 33 33 41 11 33 32 23 41 14 23 11 13 23
1 22 22 32 13 31 14 44 14 22 32 44 14 14 33 44 11 32 33 11 33 33 11 14 33 32 23 44 44 22 41 33 23
1 22 33 32 13 33 14 14 14 32 22 24 14 14 34 41 44 32 33 44 33 32 41 11 33 32 33 41 11 22 41 13 22
1 22 32 32 13 33 14 44 14 32 32 24 11 14 34 44 41 32 33 44 32 33 11 11 32 33 23 41 11 23 44 13 23
1 23 33 33 11 33 11 11 14 32 22 24 14 14 33 44 44 33 33 44 33 33 41 11 32 32 23 44 14 23 41 11 23
1 33 32 32 33 31 44 44 11 32 22 44 44 14 34 41 11 33 32 44 33 33 41 14 32 32 33 11 14 23 11 13 23
1 33 22 22 13 33 11 11 11 33 33 44 11 14 34 44 41 33 32 44 33 33 41 14 33 33 23 44 11 22 11 13 22
1 22 33 32 11 33 11 14 14 33 32 22 11 11 33 44 44 33 33 44 32 33 44 11 33 33 22 44 11 22 44 13 22
1 22 33 32 33 31 14 11 11 32 33 24 11 14 33 44 41 33 32 41 32 32 41 14 33 32 33 41 11 23 41 13 23
1 22 33 32 13 31 14 44 14 32 22 24 11 14 33 41 44 33 32 44 32 33 41 11 33 33 23 41 14 22 41 33 23
1 22 33 32 13 31 11 14 11 33 32 24 14 14 33 44 44 33 32 11 33 32 44 44 32 32 23 44 11 22 41 13 22
1 22 32 22 11 33 11 14 14 33 33 24 11 14 34 44 11 33 33 44 33 33 44 11 22 22 23 44 11 22 44 11 22
1 22 33 32 13 33 14 14 11 33 32 22 14 11 33 41 11 33 33 44 33 32 44 11 33 33 23 44 11 23 41 13 23
1 22 32 33 13 33 11 14 11 32 32 24 14 14 34 44 41 32 32 44 33 33 41 11 33 32 33 41 11 22 41 33 23
1 23 33 33 11 33 11 14 11 33 32 24 14 14 33 44 44 33 32 44 33 33 44 11 33 33 22 44 11 22 41 11 22
1 23 32 33 33 33 14 44 11 32 33 22 11 11 33 44 41 33 32 44 33 33 44 11 33 33 33 44 11 23 44 13 23
1 22 33 33 13 33 11 11 11 33 33 22 11 14 33 44 44 33 33 44 33 33 44 14 33 33 22 44 11 22 44 13 22
1 22 33 33 13 33 11 11 11 33 32 22 14 14 34 41 44 33 33 44 33 33 41 11 33 32 22 44 11 22 44 11 22
1 22 33 33 13 31 11 11 14 33 22 22 11 11 33 41 44 33 33 44 33 33 41 14 32 33 23 44 11 23 41 13 22
1 22 32 33 11 33 44 14 11 33 32 24 11 14 33 44 44 33 33 44 33 32 11 14 33 32 23 41 14 23 41 13 22
1 22 33 32 11 33 11 14 11 32 33 22 11 11 33 44 41 33 33 44 33 33 44 14 33 32 23 44 14 23 41 11 22
1 23 32 33 13 11 14 14 11 32 32 44 11 14 44 44 41 33 22 41 33 33 41 14 32 33 23 44 11 22 11 11 22
1 23 33 32 11 33 11 11 11 33 32 24 11 14 33 44 44 33 32 44 33 33 41 11 33 32 22 41 11 22 41 11 22
1 23 32 33 33 33 14 44 11 32 32 24 44 44 44 44 41 33 32 44 33 22 11 14 32 32 33 41 14 33 41 33 22
1 23 33 32 13 33 11 14 14 33 32 24 14 11 34 44 44 33 33 41 32 32 41 11 32 33 22 41 11 22 44 13 23
1 22 32 32 13 33 11 11 11 33 32 22 14 14 33 44 44 32 33 41 33 32 41 14 32 32 22 44 11 22 41 11 22
1 22 33 32 13 31 11 14 11 32 32 24 14 14 34 44 44 33 33 44 32 33 41 11 33 22 23 44 11 22 41 11 23
1 22 32 32 11 33 11 14 11 32 33 24 11 14 34 44 11 32 32 44 33 33 44 11 32 33 22 44 11 22 44 11 22
1 22 32 32 33 31 14 44 14 32 32 24 14 14 34 41 41 32 32 44 32 32 11 44 32 22 23 41 11 23 41 13 22
1 23 32 32 11 31 14 14 11 32 32 22 14 44 33 41 41 32 33 41 33 32 11 11 32 32 22 41 11 22 11 13 22
1 23 32 32 11 33 14 11 14 33 32 22 11 14 34 41 41 33 32 44 33 33 41 14 32 32 23 41 11 22 11 33 22
1 22 32 32 13 31 44 11 14 32 22 24 11 11 34 44 11 33 32 41 33 32 11 14 33 22 23 11 11 22 11 11 22
1 33 32 32 13 31 11 14 11 33 33 24 11 11 34 44 41 33 33 41 32 33 11 11 33 22 22 44 11 22 41 13 22
1 22 32 32 33 33 44 11 11 33 32 44 11 11 33 44 41 33 32 41 33 32 44 11 33 33 22 41 11 22 41 11 22
1 23 32 33 13 31 14 11 11 33 32 22 14 11 33 41 44 32 33 41 33 33 44 14 33 32 23 41 11 22 41 13 22
1 22 33 32 33 33 11 11 11 33 33 22 11 11 33 44 44 33 33 44 33 33 44 11 33 33 22 44 11 22 44 11 22
1 22 33 32 13 33 11 11 11 32 22 22 11 14 34 11 11 33 32 11 32 33 41 14 32 33 22 41 11 22 44 11 23
1 22 33 22 11 33 11 11 11 33 33 22 14 44 33 41 44 32 33 44 32 22 11 14 33 33 33 44 11 22 41 13 22
1 22 22 22 11 33 11 11 14 33 33 22 14 11 33 44 44 33 33 44 33 33 41 11 32 33 22 44 11 22 41 11 22
1 22 33 32 11 33 11 11 11 33 33 22 11 11 34 44 44 33 33 44 33 33 41 11 33 32 22 44 11 22 44 13 22
1 23 32 22 11 31 14 14 11 22 22 44 14 14 33 41 44 32 32 41 32 32 44 14 33 22 33 41 14 23 11 13 23
1 22 22 32 11 33 14 14 11 33 32 24 11 11 33 44 44 33 33 44 33 33 41 11 32 33 23 41 11 23 44 13 22
1 23 32 33 11 33 11 14 11 32 22 44 11 44 34 41 44 33 32 41 32 22 11 14 32 32 23 41 14 22 41 13 22
1 23 33 32 13 31 11 11 11 32 32 22 14 14 34 41 41 32 33 41 33 32 41 11 32 33 23 44 14 22 44 13 23
1 23 32 32 13 31 14 44 14 33 33 24 44 14 33 44 41 32 33 44 32 32 44 14 32 22 23 41 14 22 41 11 22
1 22 33 32 11 31 14 11 14 32 32 22 14 14 33 44 44 22 32 44 33 33 44 14 33 33 23 44 11 23 41 33 22
1 22 33 32 11 31 14 11 11 33 33 24 11 11 33 44 44 33 33 41 33 33 44 11 33 33 23 44 11 22 44 11 22
1 23 33 32 11 31 14 11 11 33 32 24 11 11 34 11 11 32 32 44 33 33 41 14 33 32 33 41 11 23 11 33 22
1 23 22 22 11 33 44 14 44 22 32 44 14 14 34 41 41 32 22 11 32 32 41 44 22 22 23 44 14 23 41 33 22
1 22 33 32 13 33 11 11 11 33 32 24 11 14 34 44 41 33 22 44 32 32 44 11 33 33 22 44 11 22 41 13 22
1 22 33 32 13 33 44 14 11 33 22 24 14 14 33 44 41 33 33 44 33 33 41 14 33 32 23 41 11 23 44 13 22
1 23 32 33 11 31 44 14 11 33 32 24 14 14 33 44 11 32 32 44 33 33 44 14 33 33 23 44 11 22 41 33 22
1 33 33 22 13 31 14 14 14 32 32 44 11 44 34 41 11 32 32 41 32 33 41 14 33 32 33 41 11 23 41 33 23
1 22 33 32 11 33 11 11 11 33 32 24 14 14 34 44 41 33 33 41 33 32 41 14 33 33 22 44 11 22 11 11 22
1 22 33 32 33 31 14 44 11 32 32 24 11 14 33 41 11 33 32 41 33 32 41 14 32 33 22 41 11 23 41 11 22
1 23 32 32 13 33 14 44 14 22 33 24 44 14 33 44 11 32 32 41 33 33 41 11 32 32 23 41 11 23 41 33 22
1 22 33 32 11 33 11 11 11 33 32 44 11 11 44 44 11 32 33 44 22 33 44 14 33 33 23 44 11 22 44 13 22
1 22 32 32 13 31 14 44 11 33 32 22 14 44 33 41 41 33 33 44 33 32 41 11 33 32 33 44 11 22 44 11 22
1 22 32 33 11 33 11 11 11 32 32 22 11 44 34 44 44 33 32 44 33 33 44 11 33 33 22 44 11 22 44 11 22
1 22 33 32 13 33 14 11 44 32 22 44 11 14 34 44 41 33 33 44 32 33 11 14 33 22 33 41 11 23 41 13 23
1 22 32 22 11 31 11 14 11 33 32 24 14 44 44 41 11 33 32 44 32 32 44 11 33 22 33 41 14 22 41 13 22
1 22 33 22 13 31 14 14 11 33 22 24 11 11 34 44 41 32 32 44 32 33 41 11 33 33 33 44 11 22 41 13 22
1 23 32 33 11 33 11 14 11 33 33 24 11 14 33 41 41 33 33 11 33 33 44 11 32 22 33 44 11 23 41 13 22
1 22 32 33 11 33 11 11 11 33 32 22 14 44 33 41 44 33 33 44 33 33 44 11 33 33 22 44 11 22 44 11 22
1 33 32 32 11 31 11 11 14 33 32 24 14 14 34 44 11 33 33 41 32 32 41 11 33 33 33 44 11 22 41 13 23
1 22 32 33 33 33 14 11 14 32 32 24 11 14 33 41 41 32 32 44 32 33 44 11 32 33 23 41 11 23 41 11 22
1 22 32 32 13 31 11 11 11 33 33 22 11 14 34 44 41 33 32 44 33 33 44 11 32 32 22 44 11 22 11 11 22
1 22 33 33 33 31 14 11 14 32 32 24 11 44 34 41 11 33 22 44 33 33 44 44 33 33 22 41 11 33 41 13 22
1 22 33 33 11 33 11 11 14 33 33 24 14 14 34 44 41 32 33 44 33 32 41 11 22 22 23 41 14 33 41 33 23
1 33 32 32 13 11 14 14 14 32 22 44 44 44 33 41 11 32 32 41 33 22 41 44 32 32 23 41 14 33 41 13 23
1 23 32 33 13 33 14 14 11 32 33 24 14 14 33 44 41 32 32 44 33 33 41 14 33 32 23 41 11 22 41 11 22
1 22 32 32 11 33 11 11 11 32 32 22 11 44 44 44 41 32 33 41 33 33 41 11 32 32 22 44 11 22 41 13 22
1 23 33 32 11 31 14 14 11 33 22 24 14 44 33 44 41 33 32 44 33 33 41 11 32 22 23 44 14 23 41 13 23
1 23 32 33 33 31 14 14 14 22 32 24 14 44 34 44 11 33 32 41 32 33 11 44 22 22 23 44 14 23 41 33 22
1 22 33 32 13 31 11 11 11 33 33 24 14 14 34 44 41 33 33 44 33 33 41 14 33 32 23 44 11 22 41 11 22
1 22 32 32 33 33 14 44 11 32 33 44 11 44 33 41 41 33 33 44 33 32 41 14 32 32 22 41 11 23 41 13 22
1 22 32 33 33 31 11 14 11 32 32 24 11 14 33 41 41 33 33 44 33 33 44 11 32 32 22 44 11 22 41 13 22
1 23 33 22 13 33 11 11 11 33 33 24 14 14 33 44 11 32 33 41 32 33 44 11 33 33 23 44 11 22 41 33 22
1 22 32 32 13 33 14 14 11 33 32 22 14 14 44 41 41 33 33 44 33 33 41 11 32 32 22 11 11 23 41 11 23
1 23 33 32 11 31 11 14 11 33 32 24 44 14 34 44 41 32 33 44 33 33 41 11 33 32 23 11 11 22 44 13 22
1 33 22 22 13 33 14 11 11 32 32 24 11 14 44 41 44 33 32 41 33 32 41 11 33 32 33 44 11 23 41 13 22
1 22 33 32 11 33 11 11 11 32 32 22 14 44 33 41 44 33 33 44 33 33 44 11 33 33 33 44 11 23 44 11 22
1 22 33 32 33 33 14 11 11 32 32 24 11 14 33 41 41 33 32 41 33 33 41 11 33 33 23 41 11 22 44 13 22
1 22 33 32 11 33 14 11 14 33 33 24 14 11 33 44 41 33 33 44 33 33 41 11 33 33 23 44 11 22 41 11 22
1 22 32 33 11 33 14 11 14 32 32 24 14 44 33 44 41 32 33 11 33 32 44 14 32 33 33 44 14 22 41 13 22
1 22 32 32 11 33 11 11 11 32 32 44 11 11 33 44 41 32 32 44 33 32 44 11 33 33 23 44 11 22 44 11 22
1 23 32 22 33 33 44 14 11 22 32 24 14 44 44 44 44 33 32 41 33 33 41 14 32 33 23 44 14 23 11 33 23
1 33 32 32 11 31 14 44 14 32 22 44 14 44 34 11 41 22 32 44 33 33 41 11 32 32 33 44 14 22 11 11 23
1 33 22 22 13 33 14 14 11 32 32 22 14 44 34 44 41 33 33 41 33 32 41 14 33 32 23 41 11 23 44 11 23
1 23 32 32 13 33 14 14 14 32 32 24 14 14 34 44 11 32 32 44 33 32 41 11 32 22 33 44 11 23 44 11 23
1 22 32 32 13 33 11 11 11 33 33 22 44 14 33 44 41 33 32 44 33 33 44 14 33 33 23 44 11 33 11 13 22
1 23 33 32 13 33 11 11 11 22 32 24 14 11 34 41 11 33 33 41 33 33 41 14 33 22 33 41 14 23 41 13 33
1 23 22 33 11 33 11 11 11 32 32 24 44 14 34 44 11 33 33 41 33 33 11 14 33 33 22 44 11 22 41 11 22
1 33 22 32 13 33 11 11 11 33 22 24 11 11 34 44 11 32 32 44 33 32 41 14 32 32 33 44 14 22 44 13 22
1 23 32 22 11 33 14 14 11 32 32 44 11 14 33 44 41 33 33 41 33 32 44 11 32 32 23 44 11 23 44 13 22
1 23 32 22 11 33 14 11 14 32 22 22 11 44 33 41 41 32 33 11 33 32 44 14 33 32 23 44 11 22 41 13 22
1 22 33 22 13 33 44 11 11 33 32 22 11 44 34 44 41 33 32 41 33 33 41 44 33 32 33 44 11 22 44 13 22
1 22 33 33 11 31 14 11 11 33 32 22 14 44 33 44 41 33 32 44 33 33 41 14 33 32 23 44 11 22 44 11 22
1 22 32 32 33 33 14 11 11 32 32 24 44 44 33 44 41 32 33 41 32 33 41 11 32 33 22 44 11 22 44 33 22
1 22 32 33 13 31 44 14 11 33 32 22 14 11 34 44 41 33 32 44 33 32 41 14 32 32 23 44 11 23 41 13 23
1 22 32 32 11 31 14 14 11 32 32 24 14 14 33 41 44 32 33 44 33 32 41 14 32 33 33 44 14 23 11 13 23
1 22 32 22 13 31 44 14 11 32 22 44 14 44 33 11 41 32 22 44 33 22 44 11 33 32 33 41 14 22 41 33 23
1 22 32 32 11 33 44 11 11 32 32 44 11 14 33 44 44 33 33 44 32 33 44 44 32 33 23 44 11 23 44 11 22
1 22 22 32 13 33 14 44 11 22 32 44 14 11 34 11 11 33 33 41 33 32 41 11 32 22 33 41 11 23 11 13 23
1 23 32 32 13 33 14 11 11 32 32 22 11 11 33 44 44 33 33 11 33 33 41 11 33 32 23 44 11 23 41 11 23
1 23 32 33 33 33 14 44 11 33 32 22 14 14 33 44 44 33 32 44 33 22 41 14 33 33 23 44 11 22 44 13 22
1 22 32 33 13 33 11 11 11 33 32 22 11 11 33 41 44 33 33 44 33 33 44 44 33 33 23 44 11 22 11 11 22
1 23 32 32 13 31 14 14 14 32 32 24 14 14 34 41 41 32 32 41 33 32 11 14 32 22 23 41 14 23 41 13 22
1 23 32 22 13 31 14 14 11 33 32 44 14 14 34 44 41 33 22 44 33 33 44 14 33 32 23 41 11 22 41 13 22
1 23 33 32 13 31 11 14 11 33 32 44 14 14 33 41 41 32 32 44 33 32 11 11 32 32 23 44 14 23 41 13 22
1 22 33 32 11 33 11 11 11 33 33 24 11 44 34 41 41 33 33 44 33 33 41 11 33 32 33 44 11 23 11 13 22
1 22 33 32 33 33 11 14 11 33 33 24 11 11 33 44 44 33 32 44 33 33 44 14 32 33 22 44 11 22 41 33 22
1 22 33 33 11 33 14 11 11 33 33 22 11 44 33 44 41 32 33 44 33 33 41 14 33 32 22 41 11 22 44 13 22
1 22 32 22 13 33 44 11 11 32 32 22 14 44 33 44 41 33 32 44 33 33 44 14 32 33 23 44 11 22 41 33 22
1 22 32 33 11 33 11 11 11 33 33 24 11 11 33 44 11 33 33 41 33 33 44 14 33 32 22 44 11 22 11 13 22
1 22 32 33 13 33 11 14 11 32 32 22 11 14 34 41 44 33 33 41 33 33 44 14 33 33 22 11 14 22 44 11 22
1 23 33 22 13 33 44 44 11 32 32 24 11 44 33 11 41 33 32 41 33 22 44 14 32 22 33 44 44 22 44 33 23
1 22 22 32 13 31 14 44 11 32 33 24 11 11 34 44 44 33 33 44 33 32 11 44 33 33 23 44 11 22 44 11 22
1 22 33 32 13 33 11 11 11 33 33 24 11 14 33 44 44 33 33 41 33 33 44 11 33 33 22 44 11 22 44 11 22
1 22 32 32 11 33 11 11 14 33 33 22 11 11 34 41 41 33 33 44 33 32 41 14 33 33 23 44 11 22 44 11 22
1 22 33 22 33 33 14 14 11 32 33 22 14 11 34 41 41 32 33 41 33 32 41 14 22 33 22 44 11 22 41 11 22
1 22 32 22 13 11 14 14 11 33 22 44 14 14 34 41 41 33 33 44 32 33 41 14 33 32 33 44 11 22 44 11 22
1 23 32 22 13 31 11 44 14 32 33 44 11 44 44 44 11 33 33 44 33 33 41 44 33 33 23 41 14 23 11 11 22
1 23 32 22 13 31 14 44 11 33 22 22 14 44 44 44 41 33 22 11 33 33 44 44 22 32 23 41 14 23 41 13 23
1 22 32 32 11 33 14 11 11 32 33 24 11 14 33 44 41 33 33 44 32 22 41 14 33 33 22 44 11 23 41 13 22
1 22 33 33 13 33 11 11 11 33 33 22 14 14 33 44 44 32 33 44 33 32 41 14 33 33 22 44 11 22 44 11 22
1 22 33 32 13 33 14 11 11 33 33 24 14 14 33 44 44 32 32 44 33 33 44 14 33 32 22 44 11 22 41 11 22
1 22 33 32 13 33 11 11 11 33 32 22 11 14 33 44 44 32 33 44 33 33 41 14 33 32 22 44 11 22 44 11 22
1 23 33 22 11 31 14 14 11 32 33 24 14 14 44 44 41 33 22 44 33 32 41 14 32 33 23 41 14 22 44 13 22
1 22 32 32 13 33 11 11 14 32 33 24 14 14 33 41 11 33 32 44 33 33 44 11 32 32 22 44 11 22 44 11 22
1 23 32 33 13 33 14 11 11 32 33 22 14 11 33 41 41 33 32 44 33 33 11 11 33 32 23 41 11 22 44 11 22
1 22 33 32 11 33 14 14 11 32 32 24 11 11 34 44 44 32 32 44 33 33 41 14 33 33 22 44 11 22 41 13 22
1 23 32 22 33 31 14 14 11 32 32 22 14 14 33 44 41 32 22 41 32 32 44 11 32 22 23 41 14 23 41 13 23
1 33 33 33 13 11 14 44 14 22 22 44 14 14 44 41 11 32 22 44 33 22 41 14 33 32 23 41 11 22 11 13 22
1 33 32 32 11 33 11 11 11 32 22 22 14 11 34 41 44 32 33 41 33 33 44 11 33 33 33 44 11 22 41 13 22
1 33 33 32 13 33 14 14 11 32 32 22 14 44 33 44 41 33 33 44 33 33 44 11 32 22 23 44 11 22 44 33 33
1 22 33 33 13 31 11 44 11 32 33 22 14 14 34 41 41 33 33 41 33 32 41 11 33 33 22 44 11 22 41 13 22
1 22 32 32 13 33 14 11 11 33 22 44 14 11 33 44 44 33 33 44 33 33 44 11 33 33 22 41 11 23 41 11 22
1 22 33 32 11 33 14 14 11 32 33 22 11 11 33 44 44 33 33 41 33 33 44 11 33 33 22 44 11 22 44 13 22
1 23 32 22 11 33 14 14 14 33 33 24 11 11 44 44 11 32 33 44 33 33 44 11 33 22 33 41 11 22 41 13 22
1 23 32 32 33 31 11 14 11 32 32 44 14 14 44 11 41 32 33 11 33 33 41 11 32 32 23 41 14 22 44 13 23
1 22 32 22 13 33 11 11 14 33 32 22 11 14 34 44 41 32 32 44 33 32 41 44 32 22 23 11 14 23 44 33 23
1 23 32 33 13 33 11 11 11 32 32 22 14 11 33 44 44 32 33 44 33 32 41 14 33 33 23 44 11 22 44 13 23
1 22 33 33 11 33 11 11 11 33 22 22 11 11 34 41 41 33 33 44 33 22 41 14 33 33 22 44 11 22 41 11 22
1 23 32 32 13 31 14 11 11 32 32 44 14 14 34 44 41 22 33 44 33 22 41 14 32 32 33 44 14 23 41 13 22
1 33 22 22 13 11 44 44 11 22 22 22 44 44 34 41 41 32 32 44 33 32 44 44 22 32 33 41 14 23 41 33 22
1 23 32 33 11 33 44 14 11 32 32 44 11 44 33 44 41 32 33 41 33 32 11 14 33 33 23 44 11 23 11 13 22
1 22 32 33 33 33 11 11 11 33 32 24 11 14 33 44 41 33 33 44 33 33 44 14 33 33 23 44 11 22 44 33 22
1 22 32 32 13 33 14 11 11 32 32 22 14 11 33 44 41 32 33 44 33 32 41 14 33 32 33 44 11 22 11 11 22
1 23 32 32 13 33 11 14 11 32 33 44 14 14 33 44 44 32 33 41 32 33 44 11 32 33 33 44 14 22 41 13 22
1 22 22 22 13 33 44 14 11 33 33 22 11 44 33 44 44 33 32 44 33 32 41 14 33 32 23 44 14 22 41 11 22
1 22 32 33 11 33 14 11 11 33 33 22 11 14 33 44 44 33 33 44 33 33 44 11 33 33 22 44 14 22 44 11 22
1 22 32 32 11 33 14 14 14 32 33 22 14 14 34 41 44 33 32 41 32 32 41 14 33 32 23 41 14 22 41 13 22
1 22 32 33 13 33 11 14 14 22 33 44 11 14 44 44 11 32 32 41 33 32 11 44 33 33 33 44 14 23 11 13 22
1 23 33 32 13 33 14 11 11 33 22 22 11 14 34 44 41 33 32 44 33 33 11 11 33 32 23 41 11 23 41 13 22
1 22 32 32 13 31 14 44 11 32 32 24 11 14 44 44 44 33 33 44 33 33 41 44 33 33 33 11 14 22 41 33 22
1 23 33 32 13 33 14 14 11 22 33 24 11 11 34 41 44 33 32 44 33 33 41 14 33 33 22 44 11 22 41 13 22
1 22 32 32 11 31 11 14 11 33 32 24 14 44 33 44 44 33 32 41 33 33 44 14 33 33 22 41 11 22 41 33 22
1 23 32 22 11 31 11 44 14 32 22 44 44 14 34 41 41 22 32 44 32 32 41 14 33 33 23 41 11 22 11 13 23
1 22 32 22 33 33 14 11 11 33 32 24 44 44 33 11 11 22 22 44 32 33 44 44 32 32 23 41 14 33 41 33 22
1 23 33 32 13 31 11 14 11 33 33 22 11 14 44 41 44 32 33 44 33 33 41 14 33 33 23 44 11 22 44 11 23
1 22 33 33 11 33 11 14 11 32 33 22 11 11 34 41 41 33 33 44 32 32 44 11 33 33 33 44 11 22 44 11 22
1 22 33 32 13 31 14 11 14 32 22 22 11 11 34 44 41 33 32 41 33 33 41 11 33 33 33 44 11 22 44 11 22
1 22 33 33 33 33 14 14 11 33 32 24 11 14 33 44 44 33 33 41 33 32 11 11 32 32 23 44 11 22 44 33 22
1 23 33 22 33 33 11 14 11 33 32 44 44 14 34 41 11 33 33 44 33 32 11 44 33 22 33 41 14 22 41 33 22
1 22 32 32 11 33 44 14 11 32 32 24 11 14 44 41 44 32 32 11 33 33 11 11 33 33 22 44 11 22 41 33 22
1 23 33 32 13 33 14 11 11 32 32 24 14 44 44 41 41 33 22 44 33 32 41 14 32 32 22 41 11 23 11 33 22
1 23 33 22 33 33 14 11 11 22 32 22 11 11 34 44 44 32 32 41 33 33 41 14 33 32 23 41 14 22 11 33 22
1 22 32 33 33 31 44 11 14 32 32 24 14 14 34 44 44 33 32 41 33 33 41 14 32 33 23 44 11 22 41 13 22
1 23 32 22 33 33 44 11 14 22 22 44 14 14 44 41 11 32 22 41 32 33 41 44 22 32 33 41 11 23 11 13 22
1 23 33 22 13 33 11 14 14 32 32 24 14 11 34 44 41 32 32 44 32 33 41 44 32 33 23 41 14 22 41 11 23
1 22 33 33 11 33 11 11 11 33 33 22 11 14 33 44 44 33 33 44 33 33 44 11 33 33 22 44 11 22 44 11 22
1 23 32 33 13 33 11 14 14 32 32 44 14 14 33 41 11 33 32 41 33 32 41 14 33 33 23 41 14 23 41 13 22
1 22 32 33 11 33 14 14 14 32 32 24 14 44 34 44 41 33 33 44 33 33 44 11 33 32 22 41 14 22 41 11 23
1 22 33 32 11 31 11 11 11 32 22 44 11 44 33 44 11 22 33 44 32 33 41 11 33 32 22 41 14 22 11 13 22
1 22 32 33 11 33 11 11 11 33 33 24 11 14 33 44 41 33 33 44 33 33 41 14 33 33 23 44 11 22 41 13 22
1 22 32 33 13 33 11 11 11 32 32 22 11 11 44 44 44 33 33 44 33 32 44 11 32 32 33 44 11 22 44 33 22
1 23 32 32 11 33 14 14 11 33 33 22 11 11 33 44 41 32 33 44 32 32 44 11 33 33 22 44 11 23 41 11 22
1 22 32 22 33 33 44 11 11 32 32 44 14 11 34 44 11 32 33 44 33 32 41 14 32 22 23 41 14 22 11 33 22
1 22 33 33 13 31 14 11 11 32 32 24 11 44 33 44 44 33 32 44 33 33 41 14 32 33 23 44 11 22 44 13 22
1 23 32 32 13 33 14 14 11 32 32 44 14 44 33 41 11 32 32 41 33 33 41 44 33 33 33 11 11 22 11 13 22
1 22 32 32 11 31 14 11 11 32 33 22 11 14 33 41 41 32 33 44 33 32 41 11 32 32 22 44 11 22 11 11 23
1 22 33 32 13 33 11 11 11 33 32 24 11 11 33 41 41 33 33 44 33 33 41 14 33 32 22 44 11 22 41 11 22
1 22 32 22 13 33 11 11 11 33 22 22 11 14 33 41 41 33 32 44 32 32 41 11 33 32 33 44 11 22 44 13 22
1 33 32 32 11 33 14 11 14 33 32 22 11 14 34 44 41 32 32 44 33 33 44 11 32 33 22 41 11 22 41 11 22
1 22 33 33 11 31 11 11 14 33 32 44 11 14 33 41 44 33 33 44 33 33 41 11 33 33 22 44 11 22 44 13 22
1 22 33 22 13 11 11 14 14 32 33 22 11 44 34 44 41 33 33 41 33 33 41 14 22 22 23 11 11 23 41 33 22
1 22 22 32 13 33 11 11 14 32 32 22 11 14 34 41 41 33 32 41 33 33 41 11 33 33 33 44 11 22 44 13 22
1 22 33 33 13 33 11 14 11 22 32 24 11 11 34 44 41 33 32 44 33 33 41 11 33 32 23 44 14 22 44 11 22
1 22 32 32 13 33 14 11 14 22 33 24 44 11 34 41 44 32 32 44 32 33 44 11 22 32 23 41 14 22 41 13 23
1 22 32 33 33 33 14 14 11 32 33 22 14 14 33 41 11 32 22 41 33 33 44 14 33 33 23 41 11 22 41 13 23
1 23 33 22 13 33 11 14 11 32 22 24 14 11 33 11 41 33 22 44 33 33 41 44 32 32 23 41 11 23 41 33 22
1 22 32 32 11 33 11 14 11 32 32 24 14 11 34 44 11 33 33 44 33 33 41 11 33 33 33 41 11 22 44 13 22
1 23 33 33 33 31 14 14 11 33 22 24 14 14 33 41 41 33 22 41 33 32 11 14 33 33 23 44 14 23 41 11 22
1 22 32 32 13 33 11 11 14 32 32 24 44 11 33 41 11 33 33 41 33 33 41 14 33 33 23 44 11 22 41 13 22
1 23 32 32 13 33 11 14 11 32 32 44 44 14 34 41 41 32 32 41 33 33 11 44 33 32 22 44 11 22 41 33 22
1 22 32 33 13 33 44 14 14 32 32 24 11 11 33 44 11 33 33 44 33 33 41 11 32 32 22 44 14 22 41 13 22
1 23 32 33 13 33 14 14 11 32 33 44 14 14 33 44 44 33 33 44 33 32 41 11 32 32 23 44 11 23 44 11 22
1 22 33 32 11 33 11 11 11 33 32 24 11 14 34 44 41 33 33 44 32 33 11 11 33 32 23 44 11 22 41 13 22
1 23 33 32 11 33 11 14 11 33 32 24 14 11 33 44 41 32 32 41 33 32 41 11 33 33 23 41 11 33 44 13 23
1 22 33 32 11 33 14 14 11 33 22 22 14 14 34 44 44 33 33 41 33 33 41 11 33 33 22 44 11 22 41 11 22
1 23 32 32 13 31 11 44 11 32 22 24 14 14 33 44 41 33 33 41 32 33 11 14 33 32 33 41 14 22 11 13 23
1 22 33 32 33 33 14 11 11 33 32 24 11 11 34 44 44 33 33 44 33 33 44 11 33 33 22 41 11 22 44 13 22
1 22 33 33 13 31 11 11 11 33 32 24 11 14 33 44 41 33 33 44 32 33 44 11 33 33 23 44 11 22 41 33 22
1 22 32 32 33 33 44 11 11 33 32 24 14 14 44 41 41 32 32 44 33 32 44 44 32 32 33 41 44 23 11 13 23
1 22 33 32 11 33 11 11 11 33 33 24 14 14 34 44 44 33 32 44 33 33 41 11 33 33 22 44 11 22 41 11 22
1 23 33 33 13 33 14 14 11 33 32 22 14 11 34 44 41 32 32 44 33 33 11 11 33 33 33 44 14 23 41 13 22
1 23 33 32 13 33 14 14 14 33 33 24 11 44 33 44 41 33 33 44 33 33 11 14 32 22 33 44 11 22 11 13 22
1 23 32 33 13 33 11 14 11 33 32 22 11 11 33 41 44 33 32 44 33 33 41 11 33 32 22 41 11 22 41 11 22
1 22 33 32 13 33 11 11 11 32 33 22 14 14 44 11 41 33 32 41 33 32 41 44 32 33 23 44 14 23 41 11 23
1 22 33 33 13 33 11 14 11 33 33 22 11 11 33 44 44 33 33 44 33 33 44 11 32 32 22 44 11 22 41 11 22
1 22 32 32 13 31 14 14 14 32 32 44 14 14 34 41 41 33 32 44 32 32 41 14 32 32 23 11 11 23 11 11 22
1 22 32 33 11 33 44 11 14 33 32 22 11 14 33 44 11 33 33 44 32 33 44 11 33 33 23 44 11 22 41 11 23
1 22 32 32 11 33 14 14 14 33 32 24 14 11 34 44 41 33 22 44 33 33 41 44 32 32 23 11 14 22 44 11 23
1 23 33 33 13 31 11 14 11 32 33 44 14 14 44 41 44 33 32 41 33 33 11 14 33 33 23 41 11 22 41 33 23
1 22 33 22 13 31 14 14 11 33 32 44 44 14 44 44 11 33 33 41 33 32 41 14 22 32 33 11 14 23 11 33 22
1 22 32 32 13 33 14 14 11 32 32 44 14 44 44 44 11 33 32 44 32 32 44 44 33 22 33 44 44 33 11 11 22
1 23 32 33 11 33 14 11 11 33 32 22 14 11 34 41 41 33 33 44 33 33 44 11 33 33 23 44 11 22 44 11 22
1 22 22 33 11 33 11 14 11 33 32 24 11 14 34 11 41 33 33 44 33 33 41 11 33 32 23 41 11 22 41 13 22
1 22 32 32 13 33 14 14 14 22 32 44 14 14 44 44 41 32 32 41 33 32 11 14 32 32 23 41 11 22 11 11 23
1 22 32 33 11 33 11 14 11 33 33 22 11 11 34 44 41 33 33 44 32 22 44 14 33 32 23 44 11 22 41 13 22
1 22 33 22 11 31 14 14 11 33 33 22 11 11 33 44 41 33 33 41 33 33 41 11 33 33 23 44 11 22 44 13 22
1 23 22 22 11 31 11 14 11 33 32 44 11 44 33 41 44 22 33 41 33 33 44 14 32 33 23 41 14 23 44 11 22
1 22 33 32 33 31 11 11 11 32 33 24 11 11 44 44 41 32 33 41 32 33 44 11 32 22 23 41 11 22 44 13 22
1 22 33 33 13 33 14 11 11 33 32 24 14 11 34 44 41 33 33 44 33 33 44 11 33 32 22 41 11 23 41 13 22
1 22 33 33 11 33 14 11 11 33 32 24 11 14 33 44 44 33 32 44 33 33 44 11 33 32 23 44 11 22 44 11 22
1 23 33 32 13 31 14 14 11 32 33 24 11 11 34 44 41 33 32 44 32 33 44 11 33 32 23 44 11 22 41 33 22
1 22 32 32 33 31 14 44 11 32 33 44 11 14 44 41 41 33 33 41 33 32 11 14 32 33 23 11 11 22 41 11 23
1 22 33 32 13 33 11 14 11 32 32 22 11 14 33 41 41 33 32 44 33 33 44 14 32 33 33 44 11 22 41 13 22
1 22 33 33 11 31 11 14 11 32 32 22 11 11 34 44 41 33 33 44 32 33 41 11 33 33 22 44 11 23 44 33 22
1 22 33 32 11 33 11 14 11 33 32 44 11 14 44 41 41 33 33 44 33 33 41 14 32 22 22 44 14 22 41 11 23
1 23 33 32 13 31 14 11 11 32 32 24 14 11 44 41 11 32 33 11 33 33 44 14 32 32 22 44 11 22 41 11 22
1 23 32 33 33 33 14 14 14 33 32 22 11 44 34 44 41 33 32 41 32 33 41 14 32 32 23 41 11 22 44 13 22
1 23 33 22 33 33 14 14 14 33 33 24 11 44 34 44 41 33 32 44 33 33 41 44 22 33 22 41 11 22 11 11 23
1 23 32 32 13 31 14 44 11 33 32 22 14 14 33 41 41 33 33 44 32 32 11 14 32 32 23 44 11 22 11 33 23
1 22 22 22 13 31 11 44 14 32 32 24 14 11 34 44 41 32 33 41 33 32 41 11 32 32 33 41 14 23 41 13 33
1 22 32 32 13 33 11 11 11 22 32 24 14 11 33 44 41 32 32 41 33 32 41 14 33 32 23 41 14 23 41 11 22
1 22 32 33 11 33 44 44 11 32 22 24 11 44 34 41 11 32 32 41 33 32 44 14 32 32 23 41 11 23 41 13 22
1 22 32 32 11 33 11 14 14 33 22 24 11 14 33 41 41 33 32 41 33 32 41 11 32 32 23 44 11 22 11 13 22
1 22 32 32 13 31 14 14 14 33 32 24 14 14 34 41 41 33 22 41 32 32 41 14 32 33 23 41 11 23 41 13 22
1 23 22 32 33 11 44 44 14 33 32 44 14 14 34 41 11 32 22 44 33 32 11 44 33 32 23 11 11 23 11 13 23
1 22 33 33 11 33 11 11 11 33 33 22 14 11 33 44 41 33 32 41 33 33 11 11 33 32 23 44 11 22 41 11 22
1 23 32 32 11 33 11 14 11 32 32 24 14 11 34 41 41 33 33 41 33 33 41 14 33 33 33 44 11 22 44 13 22
1 22 33 22 13 33 14 14 14 33 22 24 14 44 33 41 11 33 32 41 33 22 41 14 32 32 33 44 11 23 41 13 22
1 22 33 32 11 33 11 11 11 33 33 24 14 11 33 44 11 32 33 44 33 33 41 14 33 33 22 44 14 22 41 13 22
1 22 33 32 13 33 14 14 11 32 22 24 44 44 34 44 11 33 33 41 33 33 41 14 32 32 22 41 11 23 11 13 22
1 22 33 32 11 33 11 11 11 33 32 22 11 11 34 41 44 33 32 44 33 33 41 14 33 33 22 41 11 22 41 13 22
1 23 33 33 13 33 11 11 11 32 33 24 11 14 34 44 41 33 33 44 33 32 41 14 33 32 33 44 11 22 41 13 22
1 23 32 33 11 33 11 14 14 32 32 24 14 44 33 44 44 32 33 41 33 33 44 11 32 33 23 44 11 22 44 13 22
1 22 33 33 13 33 14 11 11 33 33 44 11 11 33 44 41 33 33 44 33 33 44 11 33 32 22 44 11 22 41 11 22
1 23 32 32 11 31 14 11 11 33 22 44 44 14 33 44 41 33 22 44 33 33 41 11 33 32 33 41 14 22 41 11 22
1 22 33 33 11 33 14 11 11 33 33 22 14 11 33 44 44 32 32 44 33 33 41 14 33 33 23 44 11 23 41 11 22
1 22 32 33 11 33 14 11 11 33 33 22 14 11 33 44 44 33 32 41 33 33 41 11 33 32 22 44 11 22 41 13 22
1 22 33 32 11 33 14 14 11 22 32 24 11 14 33 41 44 32 33 44 33 33 41 11 32 33 22 44 11 22 41 33 23
1 23 32 32 33 33 11 11 11 33 22 24 14 14 44 41 41 33 33 44 33 33 41 11 32 32 23 41 14 23 41 11 22
1 22 32 33 13 31 14 14 11 33 33 44 11 14 34 44 41 33 32 44 33 33 44 14 33 32 33 44 11 22 41 13 22
1 22 33 32 13 33 11 11 11 32 32 24 11 14 33 44 41 33 33 41 33 33 41 11 33 33 33 41 14 22 44 11 22
1 22 32 32 13 31 44 14 11 32 22 24 14 14 33 41 41 33 32 44 33 33 41 11 33 33 22 41 11 22 41 13 22
1 22 33 32 13 33 11 11 11 32 32 22 14 14 34 44 41 33 32 41 33 33 44 14 33 32 23 44 11 22 41 13 22
1 22 33 32 33 31 14 44 11 33 33 22 14 14 34 44 41 32 33 44 33 33 11 14 33 22 23 44 11 23 41 33 22
1 33 33 32 33 33 11 14 11 22 22 24 14 14 34 44 41 33 33 44 33 32 44 14 33 33 23 41 14 23 41 13 22
1 22 32 32 13 33 14 11 11 33 32 44 14 11 33 41 44 33 33 44 33 33 41 11 33 33 23 44 11 22 41 13 22
1 23 32 32 33 31 14 14 14 32 22 24 14 14 44 44 44 32 32 41 33 33 41 14 32 32 33 41 14 22 41 13 22
1 33 32 33 33 31 11 44 11 33 22 44 14 44 33 41 41 32 32 41 22 33 41 44 32 32 23 41 11 23 44 13 22
1 33 33 33 13 33 11 14 11 22 22 22 11 11 34 44 11 32 32 41 32 33 41 44 22 32 23 41 11 23 44 13 22
1 22 33 32 13 31 14 11 11 32 22 24 11 44 33 44 44 33 32 41 33 32 44 14 33 33 23 41 11 23 44 13 22
1 22 33 22 33 33 14 14 14 32 22 24 11 14 33 41 41 32 32 11 33 32 11 11 33 33 33 44 11 22 11 13 23
1 23 32 22 11 33 14 11 14 33 33 24 11 11 33 44 41 33 32 41 33 32 41 14 32 32 23 41 11 22 41 11 22
1 23 33 32 33 33 11 11 14 32 32 44 14 11 34 44 41 32 32 44 32 33 41 11 22 32 33 41 11 23 11 13 22
1 23 32 32 33 33 11 44 11 32 32 44 14 14 33 41 41 33 32 41 22 32 44 14 33 33 33 41 11 23 44 33 22
1 23 33 22 13 33 44 11 11 33 22 24 14 14 33 44 44 32 33 44 32 32 41 11 33 22 22 41 11 22 41 11 22
1 23 33 32 13 31 44 14 44 32 32 22 14 14 34 11 41 33 32 41 33 33 41 14 32 32 23 41 11 22 11 13 23
1 23 22 22 11 31 14 14 11 32 22 24 11 44 34 44 11 22 32 44 33 32 11 14 33 32 22 41 11 23 41 11 22
1 23 22 32 11 33 11 14 14 32 22 22 14 14 33 41 44 32 32 44 33 32 44 11 32 32 23 44 14 23 11 11 23
1 22 33 32 13 33 11 11 11 33 33 22 11 11 33 44 11 33 32 44 32 33 41 14 33 33 23 44 11 22 41 11 22
1 23 32 32 11 31 14 14 11 32 33 22 11 44 34 41 41 32 33 44 32 32 41 11 22 33 23 44 11 22 41 13 22
1 22 32 32 11 33 14 11 11 33 33 22 11 11 33 44 44 33 33 44 33 33 44 11 33 32 22 44 11 22 41 11 22
1 23 32 32 13 33 11 11 11 33 32 24 11 11 33 44 11 33 33 44 33 33 41 11 33 22 22 44 11 22 44 11 22
1 22 33 33 11 33 14 14 11 32 33 22 14 11 33 44 11 32 32 44 32 32 11 14 33 33 23 44 14 23 44 13 22
1 23 32 22 11 33 14 11 14 32 32 22 14 44 34 41 41 33 32 44 33 33 41 14 33 33 23 41 14 23 41 33 23
1 22 32 33 33 33 14 11 11 33 32 24 11 44 34 44 41 32 32 44 33 33 44 11 33 33 23 44 11 23 44 13 22
1 23 22 22 33 31 14 14 11 33 33 44 44 14 34 41 44 33 32 44 33 32 41 14 32 33 22 41 11 23 44 11 22
1 23 32 32 33 31 14 11 14 32 22 22 14 44 44 44 11 32 32 44 32 33 41 14 32 22 33 41 14 22 41 13 23
1 23 33 33 13 33 14 11 11 32 22 44 14 14 34 44 41 33 33 44 32 32 41 14 32 32 22 41 14 22 41 11 23
1 33 33 32 13 33 14 14 14 32 32 22 44 14 44 44 11 33 32 44 33 33 41 11 33 33 23 44 11 22 11 13 22
1 22 32 32 13 33 44 14 11 32 32 22 14 11 33 44 44 33 33 44 33 33 11 11 33 33 22 44 11 23 41 33 22
1 33 32 32 33 31 44 14 14 22 32 24 44 14 44 41 44 22 32 41 33 33 41 11 22 32 33 41 11 23 41 13 33
1 23 32 32 11 31 14 14 11 32 32 44 14 44 34 41 41 32 33 44 33 32 41 14 33 22 23 41 11 23 41 11 22
1 22 33 22 13 33 14 11 11 22 32 44 14 44 34 41 41 33 32 44 33 33 44 11 33 32 22 44 11 23 44 13 22
1 22 32 33 11 33 14 11 11 33 33 22 11 11 33 41 44 33 33 44 33 33 41 11 33 33 22 44 11 22 41 11 23
1 33 33 32 11 33 14 14 11 33 33 22 11 11 33 44 44 33 33 41 33 32 41 44 32 33 22 44 11 22 41 11 23
1 23 32 22 11 31 11 44 11 32 32 44 14 44 33 44 44 32 32 41 33 33 11 14 32 32 33 41 14 23 11 13 23
1 23 32 22 11 31 11 14 14 32 22 44 14 14 34 41 41 32 33 41 33 33 41 14 32 22 23 41 14 23 41 13 23
1 23 32 33 33 33 11 11 11 32 32 24 14 44 33 44 44 33 33 44 33 32 11 11 32 32 22 41 11 23 11 33 22
1 23 32 33 11 33 11 11 14 33 32 24 11 14 33 41 44 33 33 41 32 33 44 11 33 33 23 41 11 23 41 11 23
1 22 32 33 13 33 14 11 11 33 32 22 11 44 33 41 41 33 32 41 33 32 44 14 33 33 23 44 11 22 41 11 22
1 33 32 33 33 33 11 14 11 32 32 24 14 14 33 41 41 32 33 44 32 32 41 14 32 33 23 41 14 23 41 11 22
1 22 32 32 11 33 11 11 11 33 32 22 11 14 33 44 44 32 33 41 33 33 44 11 32 33 23 41 11 23 44 13 22
1 22 32 32 13 33 14 14 11 32 33 44 14 14 33 44 41 33 33 44 33 33 41 14 33 33 33 41 11 23 44 13 22
1 22 22 33 33 33 14 11 11 33 33 22 14 44 33 44 11 32 33 44 33 33 44 11 32 33 22 41 11 22 41 13 22
1 22 32 22 11 33 14 44 11 33 22 22 11 14 34 41 41 32 32 41 33 33 41 14 33 32 22 41 14 23 41 13 23
1 22 33 32 13 33 11 11 11 33 22 24 14 14 33 44 41 32 33 44 33 33 44 14 33 33 33 44 11 22 44 13 22
1 23 22 22 33 33 11 14 14 33 32 44 44 14 33 41 41 33 32 41 32 32 41 14 33 32 23 44 11 33 11 13 22
1 23 33 33 13 33 11 11 11 33 32 22 11 44 33 44 41 32 32 44 32 33 11 11 33 32 23 41 11 22 44 13 23
1 22 33 33 11 33 11 11 11 33 33 24 11 11 33 44 44 33 33 44 33 33 44 11 33 33 22 44 11 22 41 11 22
1 33 32 22 13 33 14 44 14 32 22 44 14 44 34 11 41 33 32 44 33 22 41 14 33 22 33 41 11 23 44 13 23
1 22 33 32 11 33 11 11 11 33 22 24 11 11 33 44 44 32 33 44 33 33 41 11 33 33 23 41 11 22 41 33 22
1 23 32 32 13 33 11 14 11 32 32 22 14 14 33 44 11 32 33 44 33 33 41 11 32 32 33 41 11 23 41 13 23
1 22 33 32 13 33 11 11 11 33 32 22 11 11 33 41 41 33 33 44 33 33 44 11 33 33 33 44 14 22 41 11 22
1 22 33 32 13 33 44 14 11 33 32 24 11 14 34 44 41 33 32 44 33 33 41 11 32 33 23 44 11 22 41 11 22
1 33 33 33 11 33 11 11 11 33 33 24 14 11 33 44 41 33 33 44 33 32 44 14 32 33 23 44 11 22 44 11 22
1 22 33 32 33 33 11 11 11 33 22 24 11 14 34 44 41 33 33 44 32 32 44 14 33 33 22 41 14 23 41 13 22
1 22 32 22 11 33 44 14 11 32 32 22 44 14 44 44 11 32 33 44 33 32 11 14 32 32 33 41 11 23 11 13 23
1 23 32 32 11 33 11 11 11 33 33 22 14 11 33 44 44 33 33 44 33 33 44 11 33 33 23 44 14 22 44 11 22
1 22 33 32 13 31 14 11 14 33 32 24 11 14 34 44 41 32 32 44 33 32 44 14 32 32 23 44 14 23 44 13 22
1 22 32 33 11 33 11 11 14 33 33 24 11 14 33 44 41 32 33 44 33 32 41 11 33 32 23 41 11 22 11 13 23
1 23 33 33 13 31 11 14 11 22 22 24 14 44 34 44 11 33 32 41 33 33 41 11 32 32 22 44 14 22 41 11 22
1 23 33 22 33 33 14 14 14 32 32 24 11 14 44 41 41 32 32 41 22 33 11 14 32 32 23 41 11 22 41 13 23
