 rs868551 rs12034664 rs10794522 rs12565228 rs4992499 rs3806382 rs1335762 rs3748855 rs10902717 rs10751733 rs3748857 rs12069762 rs11247860
0 14 23 23 32 22 13 14 23 32 33 41 33 13
0 11 23 23 32 22 13 14 23 33 33 41 33 11
0 11 33 22 32 23 13 44 23 22 32 44 32 13
0 11 23 22 32 22 13 14 23 32 32 41 32 13
0 11 22 22 33 22 11 11 22 33 33 44 33 11
0 14 33 23 32 23 13 44 33 22 33 44 32 13
0 11 23 23 32 23 13 14 33 32 33 44 33 13
0 14 23 23 32 23 13 14 23 32 32 41 32 13
0 14 23 23 32 23 11 44 23 32 32 41 32 13
0 11 22 23 32 22 13 14 23 32 32 41 33 11
0 11 23 22 32 23 33 44 23 32 32 41 33 13
0 11 23 23 32 23 13 11 23 32 33 41 32 13
0 11 23 22 32 23 33 14 33 22 32 41 33 13
0 11 22 22 33 22 11 11 22 33 33 44 33 13
0 14 22 22 32 22 11 11 23 32 32 44 33 13
0 11 23 23 32 22 11 14 23 32 32 41 33 13
0 11 22 22 33 22 11 14 22 33 33 44 33 11
0 14 22 23 32 22 13 14 23 32 32 44 33 11
0 11 22 22 32 22 13 11 23 33 33 44 33 13
0 11 23 33 22 23 33 14 33 22 33 44 32 33
0 11 23 22 33 22 13 44 33 22 33 41 32 11
0 11 23 23 33 23 33 44 23 22 33 44 32 13
0 11 23 22 32 23 13 11 23 32 33 44 33 11
0 11 22 22 33 22 11 11 22 33 33 44 33 11
0 11 22 23 32 22 13 44 33 32 32 41 32 13
0 11 23 22 32 22 13 44 33 22 33 41 32 13
0 11 22 22 33 22 11 11 22 33 33 44 33 11
0 11 22 23 33 22 11 14 23 33 33 44 33 13
0 14 33 23 22 23 13 44 33 22 32 11 32 13
0 14 23 23 32 22 13 14 23 32 32 41 33 11
0 11 22 22 33 22 11 11 22 33 33 44 33 11
0 11 22 22 33 22 11 11 22 33 33 44 33 11
0 11 23 23 22 22 33 44 33 22 33 11 22 13
0 11 23 22 33 22 33 11 33 22 33 44 33 11
0 11 23 22 33 22 11 14 22 33 33 44 33 11
0 11 33 22 22 23 13 44 33 32 32 41 32 13
0 11 23 22 32 22 13 44 22 32 32 44 33 11
0 14 33 23 22 22 33 14 33 32 33 11 32 33
0 11 22 23 32 22 13 44 23 32 33 41 33 11
0 44 33 22 22 23 13 14 33 22 32 11 33 11
0 11 23 22 33 22 11 14 22 33 33 41 33 11
0 11 23 23 33 22 11 14 23 32 33 41 32 13
0 14 23 23 32 23 13 14 23 32 33 41 32 13
0 11 22 22 33 22 11 11 22 32 33 41 33 11
0 14 22 22 32 22 13 44 23 32 33 41 33 13
0 14 23 23 22 23 33 44 33 32 32 11 22 33
0 14 33 23 32 23 13 44 33 22 22 11 22 13
0 11 22 22 33 22 11 14 23 22 33 44 33 11
0 11 22 22 33 22 11 14 22 33 33 44 33 11
0 11 22 22 33 22 11 11 23 33 33 44 33 11
0 44 33 23 32 33 33 44 33 22 32 11 32 33
0 11 22 22 32 22 11 14 22 32 33 44 33 11
0 11 23 22 33 22 11 11 23 32 33 44 33 11
0 11 33 22 33 23 13 14 23 32 33 41 32 11
0 14 22 22 32 22 11 44 22 32 33 44 33 13
0 14 23 22 33 22 33 44 33 32 33 41 32 13
0 11 23 22 33 22 13 44 23 32 33 44 32 11
0 44 33 22 22 23 33 44 33 22 22 11 32 33
0 11 33 22 32 23 11 14 23 32 32 41 33 13
0 11 23 23 32 23 13 14 23 32 33 44 32 13
0 44 33 23 22 23 33 14 33 22 32 41 22 33
0 14 23 22 32 22 11 14 33 32 33 44 33 13
0 44 23 23 32 23 11 44 23 22 32 41 32 13
0 11 23 23 32 22 33 44 23 22 22 41 32 33
0 11 23 22 32 22 13 14 33 22 33 41 22 13
0 11 22 22 33 23 11 11 33 32 33 41 33 13
0 11 22 23 33 22 13 11 23 32 33 44 33 13
0 11 23 23 32 22 13 44 33 32 33 11 33 13
0 11 23 22 33 22 13 11 23 32 33 44 33 11
0 11 22 23 32 22 13 14 23 22 32 41 32 13
0 11 23 22 32 22 33 14 23 22 33 44 32 13
0 14 33 22 32 23 33 44 33 32 22 11 33 13
0 11 33 23 22 22 33 44 33 22 32 41 32 13
0 11 33 23 32 33 33 44 33 22 32 41 32 13
0 11 23 23 33 22 11 14 23 32 33 44 32 13
0 11 22 22 33 22 11 44 23 32 33 44 33 11
0 11 22 22 33 22 11 11 22 33 33 44 33 11
0 44 33 22 22 22 11 14 23 32 32 41 32 33
0 11 33 22 32 23 33 44 33 22 32 41 32 33
0 11 22 22 33 22 13 11 22 33 33 44 33 11
0 11 23 22 33 22 11 14 22 33 33 41 33 13
0 11 23 22 33 22 13 14 23 22 33 44 33 11
0 11 23 22 33 22 13 14 22 32 33 44 33 11
0 11 23 22 32 22 11 44 22 32 33 44 33 13
0 11 33 22 33 23 11 11 22 33 33 41 33 13
0 11 23 22 33 23 11 11 22 33 33 41 33 13
0 14 33 23 32 23 13 11 23 32 32 41 33 13
0 14 23 22 32 22 13 14 23 22 33 44 33 33
0 11 33 23 32 23 33 14 23 32 32 41 33 11
0 14 33 23 22 33 33 44 33 22 32 11 22 33
0 11 33 23 22 22 11 14 33 32 32 41 32 33
0 11 33 23 22 23 33 11 23 22 33 11 32 33
0 11 22 33 33 22 13 14 23 33 33 44 33 13
0 11 23 23 22 22 13 14 23 32 22 41 33 33
0 14 23 22 32 23 13 14 23 32 32 44 32 13
0 11 23 22 32 22 13 14 22 33 32 44 32 11
0 11 22 22 32 23 11 14 23 32 32 41 33 11
0 14 23 22 33 22 11 44 23 22 33 44 33 11
0 11 23 22 33 22 11 11 22 33 33 44 33 11
0 11 23 22 33 23 33 14 23 22 32 41 33 13
0 11 23 22 32 22 13 14 33 32 33 44 33 11
0 11 33 22 32 22 13 14 23 22 32 44 33 13
0 14 22 23 32 23 13 14 23 32 33 44 33 11
0 11 23 22 33 22 11 11 23 32 33 44 33 11
0 11 23 22 33 22 11 14 23 33 33 44 33 13
0 11 23 22 33 22 11 11 22 32 33 44 33 11
0 11 23 22 32 22 11 11 33 32 33 44 33 11
0 11 22 22 33 22 11 11 22 33 33 44 32 11
0 11 22 22 33 22 13 14 33 33 33 44 32 11
0 14 23 22 33 22 33 14 33 22 32 44 33 13
0 11 22 23 33 22 13 14 23 32 33 41 32 11
0 14 33 23 32 22 33 44 33 22 32 41 22 11
0 14 23 23 32 22 13 14 23 32 32 41 32 13
0 14 23 22 32 23 13 14 23 32 32 41 32 11
0 11 22 22 33 22 11 11 22 33 33 44 33 11
0 11 22 22 33 22 13 14 22 33 33 44 33 11
0 11 22 22 22 22 13 44 33 32 33 41 32 13
0 14 23 23 32 22 13 14 33 22 32 41 32 33
0 14 23 23 32 23 13 14 23 32 32 41 32 13
0 11 22 22 33 22 11 11 22 33 33 44 33 11
0 11 22 22 32 22 11 11 22 32 33 44 33 13
0 11 22 22 33 22 11 11 22 33 32 44 33 11
0 11 23 22 33 22 13 14 22 22 33 44 33 11
0 11 22 22 32 22 11 11 22 22 33 41 33 13
0 14 23 23 32 22 33 14 23 22 32 41 32 13
0 14 33 33 22 33 33 44 33 22 22 11 22 33
0 14 23 23 32 22 13 14 23 32 32 41 32 13
0 14 33 23 32 23 33 14 23 32 32 41 32 13
0 11 23 22 32 22 13 11 22 33 33 44 33 13
0 14 23 23 32 22 13 14 23 32 32 41 32 13
0 14 23 22 32 22 13 14 23 33 33 44 33 11
0 11 33 22 33 22 13 11 23 33 32 41 33 11
0 11 23 22 32 22 11 44 23 22 33 44 32 13
0 14 23 23 32 23 13 44 33 22 32 41 22 13
0 14 22 23 22 23 13 14 33 22 32 11 32 13
0 14 23 23 32 23 33 44 23 22 32 41 32 33
0 11 22 22 33 22 11 14 23 33 33 44 33 11
0 11 33 23 32 23 13 14 23 32 33 44 32 33
0 11 22 22 33 22 11 11 23 33 33 44 32 11
0 14 23 22 32 23 13 14 23 32 32 41 33 13
0 14 23 22 32 22 13 44 33 32 33 44 33 11
0 14 22 22 32 22 11 14 23 32 33 41 33 13
0 11 23 23 32 22 11 14 23 33 32 44 32 13
0 11 23 23 22 23 13 44 23 32 32 11 32 13
0 11 22 22 32 22 13 11 23 32 33 44 33 11
0 44 23 23 32 23 13 44 33 32 32 11 22 13
0 11 33 22 32 22 13 14 23 22 33 44 32 13
0 11 23 22 32 22 13 14 22 32 33 41 33 11
0 44 23 22 22 22 33 44 23 22 33 41 32 11
0 14 33 23 32 22 11 14 23 22 33 44 33 13
0 11 22 22 33 22 11 11 23 33 33 44 33 11
0 14 23 22 22 22 13 44 33 22 33 41 32 13
0 11 23 22 32 22 13 14 33 32 32 44 33 11
0 14 23 23 22 23 13 14 23 32 32 41 32 13
0 11 23 22 33 22 11 14 23 32 33 44 33 11
0 11 22 22 32 22 11 14 23 32 33 41 33 11
0 14 23 23 32 23 11 14 22 22 32 41 32 13
0 14 33 23 32 22 33 14 33 32 22 41 32 33
0 11 22 22 32 23 13 14 23 32 33 44 33 13
0 11 22 22 33 22 11 14 23 32 33 44 32 11
0 11 22 22 33 22 11 11 22 33 33 41 32 11
0 14 33 23 32 33 13 44 33 32 33 41 32 13
0 11 22 22 22 22 11 14 22 33 33 44 33 11
0 11 23 22 33 22 11 11 22 22 33 44 33 11
0 14 23 22 33 22 11 14 33 22 33 41 33 11
0 14 33 23 32 23 13 14 33 32 33 41 32 33
0 14 33 23 32 23 33 44 23 33 33 41 33 13
0 11 23 23 32 23 11 44 22 32 32 44 33 13
0 11 23 22 32 23 33 14 22 22 32 41 22 33
0 11 22 22 32 22 11 11 22 32 33 44 33 11
0 11 22 22 33 22 11 11 22 32 33 44 32 11
0 11 22 23 32 22 13 14 23 32 33 41 33 11
0 14 23 23 32 23 13 14 33 32 32 41 32 33
0 14 23 22 22 22 33 14 23 32 32 41 22 11
0 11 23 22 33 22 11 11 23 33 32 44 32 13
0 14 33 23 32 23 33 44 33 22 32 41 32 33
0 11 22 22 33 22 11 11 22 33 33 44 33 11
0 14 23 22 32 22 13 14 22 22 33 41 33 11
0 14 23 23 32 23 13 14 33 22 33 41 33 13
0 44 33 22 22 23 33 44 33 22 22 11 32 33
0 11 22 22 33 22 13 11 23 33 33 41 32 11
0 14 23 22 32 22 13 14 23 33 33 44 33 11
0 14 23 23 32 22 13 44 23 22 32 41 33 13
0 14 23 23 32 23 33 14 33 22 32 11 32 13
0 11 23 22 33 22 11 11 23 32 33 44 33 11
0 14 33 23 32 23 13 44 33 22 22 41 32 13
0 11 22 22 32 22 11 14 23 32 33 41 33 11
0 11 22 22 33 22 11 14 22 33 33 44 33 13
0 11 23 22 32 22 13 14 23 33 33 41 32 13
0 11 22 22 33 22 11 11 22 33 33 44 33 11
0 14 23 22 33 22 13 44 23 33 33 44 33 13
0 11 22 22 33 22 11 11 22 33 33 44 33 11
0 11 23 22 32 23 11 14 23 32 32 41 33 13
0 14 22 22 32 23 13 14 23 32 32 44 33 13
0 11 22 22 33 22 11 14 23 32 32 44 33 11
0 11 23 23 32 22 13 14 33 22 32 11 32 11
0 11 23 23 32 22 11 14 23 32 33 44 33 11
0 11 23 22 32 22 33 14 33 22 33 41 33 13
0 11 23 23 22 22 13 14 23 22 33 44 33 13
0 11 23 22 32 22 11 44 23 32 32 44 33 13
0 14 23 23 32 23 13 14 23 32 32 41 32 11
0 11 22 22 33 22 11 14 23 33 33 44 33 13
0 14 23 23 32 33 33 44 33 22 32 11 32 13
0 11 23 22 22 22 13 44 23 32 33 41 32 11
0 11 23 22 33 22 11 14 22 33 33 44 33 11
0 11 22 22 33 22 11 11 22 33 33 44 33 13
0 44 33 23 32 33 33 44 33 22 22 41 32 13
0 11 23 22 33 22 13 11 23 33 32 44 33 11
0 11 22 22 33 22 11 14 22 33 33 44 33 11
0 11 22 22 33 22 13 11 22 32 33 41 33 11
0 11 22 22 32 22 11 11 23 33 33 44 33 11
0 11 23 22 33 23 13 14 23 32 32 44 32 13
0 11 22 22 32 22 13 14 23 22 33 44 33 11
0 14 33 23 22 23 33 44 23 32 32 41 32 33
0 11 22 22 33 22 11 11 22 33 33 44 33 11
0 11 33 22 33 22 11 14 23 33 33 41 32 13
0 11 22 22 33 22 11 11 22 33 33 44 33 11
0 11 22 22 33 22 11 11 22 33 33 44 33 11
0 11 23 22 32 22 13 14 33 32 32 41 32 13
0 14 23 22 32 23 11 14 23 32 33 41 32 13
0 11 33 22 33 22 11 44 23 22 33 41 33 13
0 11 22 22 33 22 13 14 23 32 33 44 33 11
0 11 23 22 33 22 33 14 33 32 33 44 33 11
0 11 22 22 32 23 13 11 23 33 33 41 33 13
0 11 23 22 33 22 33 11 22 32 32 44 33 13
0 14 23 22 33 22 11 11 23 32 33 44 33 11
0 14 22 22 33 22 11 14 23 32 33 41 32 11
0 11 23 22 33 22 11 11 22 33 33 44 33 11
0 11 22 22 33 22 13 11 22 33 33 41 33 11
0 11 23 22 33 22 33 11 33 22 33 11 33 11
0 11 22 22 33 22 11 11 22 32 33 41 33 11
0 11 23 23 32 22 13 14 23 33 32 41 33 13
0 11 23 23 32 23 33 14 33 32 33 44 33 11
0 11 22 22 33 22 11 14 22 33 33 44 33 11
0 11 22 22 33 22 11 14 22 33 32 41 32 11
0 11 23 23 32 22 13 14 23 32 32 41 32 11
0 11 23 22 33 22 33 44 33 22 32 41 33 11
0 11 23 22 33 22 11 11 22 33 32 44 33 11
0 11 23 22 32 22 13 14 22 32 32 44 32 13
0 11 23 22 32 23 13 14 23 22 33 44 33 13
0 11 22 22 32 22 13 44 33 22 33 41 33 11
0 14 23 22 33 22 11 14 23 32 33 44 33 13
0 11 23 23 33 23 13 14 23 32 33 44 33 13
0 11 22 22 33 22 11 14 23 33 33 44 32 11
0 14 23 22 32 23 13 14 23 32 32 11 32 33
0 14 23 22 33 22 13 14 23 22 32 41 33 13
0 44 33 23 32 23 13 44 23 32 32 41 32 13
0 44 33 22 32 33 13 44 33 22 32 11 32 33
0 11 23 22 22 23 33 11 23 22 33 41 33 33
0 11 23 22 33 22 11 11 22 33 33 44 33 11
0 44 23 23 22 33 13 44 33 22 32 11 32 33
0 14 23 22 32 22 13 14 23 32 32 41 32 13
0 11 23 22 32 22 13 14 23 32 32 44 32 11
0 11 23 22 33 22 11 14 22 22 33 44 33 11
0 11 22 22 33 23 13 14 33 32 33 41 33 13
0 14 23 23 32 23 13 14 23 32 32 41 32 13
0 11 22 22 33 22 11 11 22 33 33 44 33 11
0 11 22 22 32 22 11 14 23 32 33 44 32 11
0 11 22 22 32 22 11 11 23 32 32 41 32 11
0 11 33 22 33 22 13 14 33 32 33 11 22 11
0 44 33 23 22 23 33 44 33 22 32 41 32 13
0 11 23 23 33 23 13 44 33 32 33 41 32 33
0 11 22 22 33 22 11 14 22 33 33 44 33 11
0 14 22 22 32 22 13 14 33 32 33 11 32 13
0 11 22 22 32 22 11 14 22 32 33 44 33 11
0 11 23 23 32 23 13 14 22 32 33 41 32 13
0 14 23 23 33 23 13 14 23 32 32 41 32 13
0 11 23 22 32 22 13 14 23 32 33 44 32 11
0 11 22 22 33 22 11 11 23 33 33 44 33 13
0 14 23 22 32 22 13 14 23 32 32 41 33 13
0 11 22 22 32 22 11 14 33 33 33 41 33 11
0 11 22 22 33 22 11 11 23 33 33 41 33 11
0 14 23 23 32 23 13 14 23 32 32 41 32 13
0 11 22 22 33 22 11 11 22 33 33 44 33 11
0 11 22 22 32 22 33 11 22 32 33 44 33 13
0 11 22 22 33 22 11 11 22 33 33 44 33 11
0 11 23 22 33 22 13 14 22 32 33 44 32 11
0 11 23 22 33 22 11 14 23 33 33 41 32 13
0 14 23 23 32 22 13 14 33 32 32 41 32 13
0 11 22 22 32 22 11 14 23 32 33 44 33 13
0 11 23 22 32 22 11 11 22 32 33 44 33 11
0 11 22 23 32 22 13 44 23 32 33 44 32 13
0 11 22 22 33 22 11 11 22 33 33 44 33 11
0 11 23 22 33 22 13 14 23 33 33 41 33 13
0 11 23 22 33 22 11 14 22 33 33 44 33 11
0 14 23 23 32 23 13 14 33 22 32 41 32 13
0 14 33 22 22 33 13 44 23 22 32 41 22 33
0 11 22 22 33 22 11 11 22 33 33 44 33 11
0 11 33 22 32 23 13 14 23 32 33 44 33 11
0 11 23 22 33 22 11 14 22 32 33 44 33 11
0 11 22 22 33 22 11 14 22 33 33 44 22 11
0 11 33 23 32 23 13 14 33 22 32 41 33 11
0 14 23 23 33 23 13 14 23 32 32 41 32 13
0 14 23 23 32 23 13 44 23 32 32 41 32 13
0 11 22 22 32 22 13 14 23 33 33 44 33 11
0 11 22 22 33 22 11 11 22 32 33 44 33 11
0 11 23 22 22 23 13 14 33 32 33 41 32 11
0 11 22 22 33 22 11 14 23 33 32 41 33 13
0 11 22 22 33 22 11 11 22 33 33 44 33 11
0 11 23 22 32 22 33 44 23 32 33 41 33 13
0 11 22 22 32 23 33 44 33 32 33 41 33 13
0 11 22 22 33 22 11 14 23 33 33 41 33 11
0 11 22 22 32 22 11 14 33 32 33 41 32 13
0 14 33 23 32 23 13 14 23 22 32 41 32 13
0 11 33 22 22 22 13 44 23 22 32 44 32 13
0 11 22 23 32 23 11 14 23 32 32 41 32 13
0 14 22 22 32 22 13 14 23 33 33 41 32 13
0 14 33 23 22 22 13 14 33 22 22 41 33 13
0 11 23 22 32 22 11 14 33 32 33 41 32 11
0 11 23 22 33 22 13 14 23 32 32 41 32 33
0 14 33 23 32 23 33 14 33 22 22 11 22 33
0 11 22 22 33 22 11 14 22 33 33 44 33 11
0 11 23 23 32 22 11 14 23 32 32 44 32 13
0 14 22 22 32 22 13 44 23 32 33 44 33 13
0 11 23 22 32 23 33 44 33 32 32 11 32 13
0 11 23 23 33 22 13 14 23 32 33 41 33 13
0 11 22 22 33 22 13 14 22 33 33 44 33 11
0 11 22 22 32 23 33 14 33 22 33 41 32 13
0 11 23 22 32 22 33 14 33 22 33 41 32 13
0 14 33 22 32 23 13 14 33 22 32 41 32 13
0 11 22 22 33 22 33 44 23 32 33 41 32 13
0 11 23 22 33 22 11 11 23 33 33 44 33 11
0 11 22 22 33 22 13 14 22 33 33 44 33 11
0 14 22 22 32 22 33 44 23 32 33 44 32 11
0 11 22 22 32 22 11 44 33 33 33 44 33 11
0 14 22 22 22 22 13 14 22 32 33 41 32 13
0 14 23 22 33 22 11 14 22 32 32 41 32 13
0 14 23 22 33 22 33 44 23 32 32 44 33 13
0 11 23 22 32 23 13 14 23 32 33 44 32 13
0 11 22 22 33 22 11 11 22 32 33 44 33 11
0 11 22 22 33 22 11 14 22 33 33 41 33 11
0 11 22 22 32 22 11 14 23 33 32 41 33 11
0 11 23 23 32 22 13 14 23 32 33 44 32 13
0 14 33 23 22 23 33 44 33 22 32 11 22 33
0 11 23 22 33 22 11 11 23 32 33 44 33 11
0 14 23 22 32 23 13 14 23 32 32 41 32 13
0 11 22 22 32 22 11 11 23 32 33 41 33 33
0 14 33 33 32 23 11 14 33 32 32 44 32 33
0 11 22 22 33 22 11 11 22 33 33 44 33 11
0 11 23 22 32 22 13 14 23 32 33 41 32 13
0 14 23 23 32 23 13 14 23 22 32 41 32 13
0 14 23 22 32 22 13 14 23 32 32 41 32 13
0 11 22 22 33 22 13 14 23 33 33 41 32 11
0 11 23 22 33 22 11 11 23 33 32 44 33 11
0 11 23 22 33 22 11 14 22 32 33 44 22 13
0 14 22 23 33 22 11 11 22 22 32 44 33 11
0 11 22 22 32 23 13 14 23 32 32 41 32 13
0 14 22 23 22 23 33 44 33 32 32 44 32 11
0 11 23 23 33 22 33 14 22 32 33 41 32 11
0 11 23 22 33 22 11 11 22 33 33 44 33 11
0 11 33 23 32 22 33 44 23 22 32 11 32 13
0 11 22 22 33 22 11 11 22 33 33 44 33 11
0 11 22 22 33 22 11 11 22 33 33 41 33 11
0 11 23 22 32 23 11 14 22 33 33 44 33 13
0 14 23 22 32 23 13 14 23 32 32 44 33 11
0 11 22 22 33 22 11 11 22 32 32 44 33 11
0 11 33 22 32 23 33 44 33 32 32 11 33 13
0 11 22 22 32 23 13 11 22 32 33 44 33 11
0 11 22 23 32 22 13 14 22 32 33 41 33 13
0 11 22 22 33 22 13 44 23 33 22 41 33 11
0 14 22 22 32 22 11 11 22 33 33 44 33 13
0 11 23 22 33 22 33 44 33 32 33 41 33 11
0 14 23 22 33 22 13 14 33 32 22 41 33 11
0 11 22 22 33 22 11 11 22 32 33 44 33 11
0 44 33 23 22 23 33 44 33 22 32 41 32 13
0 11 22 22 32 22 13 14 23 32 33 41 32 13
0 11 22 22 32 22 11 14 22 32 33 44 33 11
0 11 22 22 32 22 11 11 23 33 33 44 33 11
0 11 22 22 32 22 11 14 23 32 33 44 32 13
0 11 22 22 33 22 13 14 22 33 33 44 33 11
0 14 23 22 32 22 33 44 33 22 33 41 32 13
0 11 23 23 33 22 11 14 22 33 33 41 33 11
0 14 33 23 22 22 33 44 33 22 32 11 32 33
0 11 22 22 33 22 13 11 22 33 33 44 33 13
0 14 23 23 32 23 13 14 23 32 32 41 32 13
0 11 23 22 32 23 13 14 23 33 33 41 32 33
0 44 33 22 22 22 33 44 33 22 22 44 32 33
0 44 33 22 22 22 33 14 33 22 22 41 22 33
0 11 23 22 33 22 13 14 33 32 33 44 32 11
0 14 23 23 33 23 13 14 23 32 32 41 33 13
0 11 22 22 33 22 11 11 23 33 33 44 33 11
0 14 33 22 22 23 33 44 33 22 22 11 32 13
0 11 22 22 33 22 13 14 23 33 33 44 33 13
0 11 23 23 32 23 13 14 23 22 33 41 33 13
0 11 23 23 32 22 13 44 23 22 32 44 32 13
0 11 22 22 32 22 13 14 23 22 32 41 33 11
0 11 33 23 33 22 11 11 22 32 33 41 33 13
0 14 23 23 22 22 13 14 23 33 33 41 33 11
0 11 23 22 33 22 11 14 23 22 33 41 33 11
0 11 23 22 33 22 13 14 23 33 33 44 33 13
0 11 23 22 33 22 11 11 22 33 33 44 33 11
0 11 23 22 33 22 11 44 33 32 33 41 33 11
0 11 23 22 33 22 11 11 23 32 33 44 33 11
0 11 22 22 33 22 11 14 23 32 33 41 33 11
0 11 22 22 33 22 11 11 22 33 33 44 33 11
0 14 23 23 33 23 13 14 23 32 32 44 32 13
0 11 23 22 32 22 11 14 23 32 33 41 33 13
0 11 22 22 33 22 11 14 23 32 33 41 33 11
0 11 23 23 33 22 13 14 23 32 32 41 32 13
0 11 22 22 33 22 11 44 33 22 33 44 32 13
0 11 22 22 33 22 11 11 22 33 33 44 33 11
0 11 22 22 33 22 11 11 22 33 33 44 33 11
0 14 23 23 33 22 13 11 23 32 32 41 33 13
0 14 23 23 32 22 13 14 23 32 32 44 32 13
0 11 23 23 22 23 13 14 23 32 32 11 32 13
0 14 23 23 32 23 13 14 23 33 33 41 32 13
0 14 33 23 22 33 33 44 23 22 22 41 22 13
0 11 22 22 33 22 11 11 22 33 33 44 33 11
0 11 22 22 33 22 11 14 22 32 33 44 33 11
0 14 23 22 32 23 13 14 23 32 32 41 32 13
0 11 22 22 33 22 13 11 22 33 33 44 33 11
0 11 22 22 33 22 11 14 23 32 33 44 33 11
0 11 22 22 33 22 11 44 33 33 33 44 33 11
0 11 23 22 33 23 11 11 23 32 32 41 32 11
0 11 22 22 33 22 13 14 22 32 33 44 33 11
0 11 22 22 32 22 11 14 23 32 33 44 32 13
0 11 22 22 33 22 11 14 22 33 33 44 33 13
0 11 22 22 33 22 13 14 23 32 33 44 33 11
0 11 23 22 32 23 33 44 33 32 33 41 32 13
0 11 23 22 33 22 11 44 23 32 33 44 33 11
0 14 23 22 32 22 13 14 22 33 33 44 33 13
0 11 22 22 33 22 11 11 22 33 33 44 33 11
0 14 23 23 33 23 33 14 23 22 33 41 32 13
0 11 23 22 32 22 11 14 33 32 32 41 33 13
0 11 22 22 33 22 13 14 23 22 33 44 33 11
0 11 23 23 32 23 13 14 23 32 32 41 32 13
0 14 33 22 32 22 33 11 23 32 33 44 33 11
0 14 33 33 32 23 13 14 33 22 22 11 32 33
0 11 22 23 33 22 13 14 23 32 32 41 32 13
0 11 33 22 32 22 13 14 23 33 33 41 33 11
0 14 33 22 22 22 33 14 33 22 22 41 32 13
0 14 23 23 33 22 11 11 23 32 33 44 33 11
0 11 33 23 22 22 13 14 23 33 22 41 32 13
0 11 23 22 33 22 13 11 23 32 32 41 33 13
0 11 23 23 32 22 13 14 23 32 33 44 32 13
0 14 23 22 32 23 13 44 23 22 32 41 32 33
0 11 23 22 33 22 11 14 22 33 33 44 33 11
0 11 23 22 32 22 11 14 33 33 33 41 33 33
0 14 22 22 22 22 13 44 33 32 32 41 33 11
0 11 22 22 33 22 11 14 22 33 33 44 33 11
0 11 22 22 33 22 11 14 22 33 33 44 33 11
0 14 23 22 33 22 13 14 23 32 32 44 33 11
0 14 33 23 32 23 33 44 33 22 32 41 22 33
0 11 33 23 33 23 33 14 33 32 32 11 32 33
0 11 23 23 32 23 13 14 23 32 32 41 32 13
0 11 23 22 32 23 11 11 23 32 33 41 33 13
0 11 33 23 32 23 13 14 23 32 32 41 32 13
0 11 33 23 32 23 13 14 33 22 32 44 33 11
0 11 22 22 32 22 11 11 22 32 33 44 33 11
0 11 22 22 32 22 13 11 22 33 33 44 33 11
0 14 23 23 22 23 33 14 33 22 32 41 32 13
0 11 22 22 32 22 13 14 22 32 33 44 33 11
0 11 33 22 32 22 13 14 23 32 32 11 32 13
0 14 22 23 32 23 11 44 33 32 33 41 32 11
0 11 23 22 33 22 11 14 23 32 33 44 33 11
0 11 22 22 32 22 13 14 23 33 33 41 33 13
0 11 22 22 32 22 11 14 23 32 33 44 33 13
0 11 33 22 32 22 33 44 33 32 33 44 33 13
0 44 22 23 32 22 33 14 23 22 33 41 33 13
0 11 23 23 32 22 13 14 23 32 32 44 33 11
0 14 23 22 32 22 13 44 23 32 32 41 33 13
0 14 23 23 32 22 13 14 33 32 32 41 32 13
0 14 22 22 33 22 11 14 23 33 33 44 33 13
0 11 22 22 33 22 11 14 22 33 33 44 33 11
0 14 23 22 33 22 13 14 33 22 32 41 32 13
0 44 33 22 22 23 33 44 33 22 32 11 22 33
0 14 23 22 32 22 13 14 22 32 33 44 33 11
0 14 22 22 33 23 13 14 23 32 32 41 32 13
0 11 22 22 33 22 13 11 22 33 33 44 33 11
0 11 23 23 33 22 33 14 23 32 32 11 33 11
0 14 23 23 22 23 13 14 23 22 32 11 32 33
0 11 22 22 33 22 11 11 23 33 33 44 33 11
0 14 23 22 32 22 13 14 23 32 33 41 32 13
0 11 23 23 33 22 13 44 33 33 32 44 32 11
0 11 23 22 22 22 13 44 23 32 33 44 32 11
0 14 23 23 22 23 13 14 33 22 32 41 32 13
0 11 22 22 33 22 11 11 23 32 33 44 33 13
0 11 23 22 22 23 33 44 33 22 32 41 32 13
0 14 22 22 32 23 13 14 23 32 32 41 32 11
0 11 22 22 32 22 11 14 22 32 32 44 33 11
0 11 22 22 33 22 11 11 22 32 33 44 32 13
0 11 22 22 33 22 11 11 23 33 33 44 33 11
0 11 22 23 33 22 11 11 22 33 33 44 33 11
0 11 22 22 32 22 11 11 23 33 33 41 33 13
0 14 23 22 33 22 13 14 23 32 32 44 33 11
0 11 23 23 32 23 13 44 23 32 32 44 33 11
0 11 22 22 33 22 13 11 22 33 33 44 33 11
0 11 33 22 33 22 33 44 23 32 33 11 33 33
0 14 23 23 32 23 13 14 23 32 32 41 32 13
0 11 22 22 33 22 11 11 22 33 33 44 33 11
0 14 23 22 32 22 33 44 33 22 32 41 32 13
0 11 23 22 32 22 11 14 23 32 33 41 33 11
0 11 33 23 32 22 13 11 23 22 33 44 32 11
0 11 22 22 33 22 11 11 22 33 33 44 33 11
0 11 33 23 32 22 11 44 23 22 32 44 22 13
0 11 23 22 33 22 11 11 22 32 33 41 33 11
0 11 23 22 33 22 13 11 23 32 33 44 33 11
0 11 23 22 33 22 13 14 23 32 32 44 33 11
0 14 23 23 32 22 11 14 23 32 33 41 33 11
0 11 22 22 32 22 13 11 23 33 33 44 33 11
1 11 23 22 33 22 11 14 23 33 33 44 33 11
1 11 22 22 33 22 11 11 22 33 33 44 33 11
1 14 22 22 33 22 11 14 23 33 32 41 33 11
1 14 23 23 22 22 33 14 33 32 33 41 32 13
1 11 33 22 33 22 13 44 23 32 33 44 33 13
1 14 22 22 33 22 11 11 22 33 33 44 33 13
1 14 33 23 32 23 33 14 33 22 22 11 32 13
1 11 22 23 33 22 11 11 23 32 33 44 33 13
1 14 33 23 32 22 33 44 33 22 32 11 32 33
1 11 23 22 32 23 11 14 33 32 33 41 33 11
1 14 33 22 22 23 33 44 33 22 22 41 32 13
1 14 23 23 33 22 13 14 23 32 32 41 32 11
1 11 22 22 33 23 11 11 22 33 33 44 33 11
1 11 33 22 33 23 11 11 23 32 33 44 33 11
1 14 23 22 22 22 11 44 33 22 33 41 32 33
1 11 23 22 33 22 11 11 22 33 33 44 33 11
1 11 22 22 33 22 13 14 23 33 33 41 33 13
1 11 22 22 32 22 11 44 23 32 33 41 33 11
1 11 22 22 33 22 11 11 23 32 33 41 33 11
1 11 22 22 33 22 11 11 22 33 33 44 32 11
1 14 33 22 33 22 11 14 23 32 33 44 33 13
1 14 22 23 33 22 13 14 23 32 33 41 32 11
1 11 22 22 32 22 11 14 22 33 33 44 32 11
1 14 23 22 33 23 13 14 23 32 32 44 32 13
1 14 23 23 32 23 13 14 23 32 32 41 32 13
1 11 33 23 32 23 13 44 33 32 32 41 32 13
1 11 23 23 32 22 33 44 33 22 32 41 33 11
1 14 23 23 33 23 13 14 23 32 32 41 32 13
1 11 23 22 32 23 11 44 23 32 22 41 33 13
1 11 23 22 32 23 13 11 23 32 33 41 32 11
1 11 22 22 32 22 13 11 23 33 33 44 33 13
1 14 23 23 22 23 33 14 33 22 32 41 32 13
1 11 22 22 33 22 13 14 23 32 33 44 33 13
1 14 23 23 32 23 13 44 23 22 32 41 33 13
1 14 33 23 32 23 11 44 33 22 33 41 32 13
1 11 23 22 32 22 11 44 23 32 33 41 33 11
1 11 22 22 33 23 13 11 23 32 33 44 33 13
1 14 23 23 32 23 13 14 23 32 32 41 32 13
1 11 23 23 32 22 13 14 33 22 32 41 32 33
1 14 23 23 32 23 13 14 33 22 33 41 32 13
1 11 22 22 32 22 13 14 23 32 33 44 32 13
1 14 23 22 32 23 13 14 23 32 33 44 33 13
1 11 22 22 33 22 13 44 23 22 32 41 32 13
1 44 33 33 22 33 33 14 33 22 32 41 32 33
1 11 22 22 32 22 11 11 23 33 33 44 33 11
1 14 33 23 22 33 13 44 33 22 22 11 22 13
1 11 23 22 32 22 13 14 23 22 33 41 33 11
1 11 23 22 32 22 13 14 22 22 32 44 32 13
1 14 23 22 22 22 13 11 23 32 33 44 33 11
1 14 22 22 33 22 11 14 23 32 33 44 33 11
1 11 22 22 33 22 11 14 23 33 33 44 33 11
1 11 23 22 33 22 13 14 23 32 33 44 33 11
1 11 23 22 33 22 13 14 23 32 33 44 32 11
1 11 22 22 33 22 11 11 23 33 33 44 33 11
1 11 23 22 33 22 11 11 22 32 33 44 33 11
1 14 23 22 32 22 13 44 22 32 33 41 32 13
1 11 22 22 33 22 11 11 23 32 33 44 33 11
1 11 22 22 33 22 13 44 33 32 32 41 33 33
1 11 23 22 32 22 11 11 33 32 33 44 33 11
1 11 23 22 32 23 33 44 23 32 33 41 33 13
1 11 22 22 33 22 33 44 23 33 33 44 32 11
1 14 33 23 32 23 13 14 23 22 33 41 32 13
1 11 23 22 32 22 11 11 23 33 33 44 33 13
1 44 33 23 32 33 33 44 33 22 22 11 22 33
1 11 23 22 33 22 11 11 22 33 33 44 33 11
1 11 23 22 33 22 13 14 23 32 33 44 32 13
1 14 33 23 32 23 33 44 33 32 22 11 32 33
1 11 22 22 33 22 13 14 22 33 33 44 33 11
1 14 23 22 32 22 13 14 23 32 33 44 32 11
1 44 23 33 22 23 33 44 33 22 32 11 22 33
1 11 23 22 32 22 11 14 23 22 33 44 32 11
1 44 33 33 22 23 33 44 33 22 22 41 22 33
1 14 22 22 33 22 13 11 23 33 33 41 33 13
1 11 23 22 33 22 11 11 22 33 33 44 33 11
1 14 23 23 22 23 33 44 33 22 32 44 33 13
1 14 22 22 33 22 13 14 22 33 33 44 33 13
1 14 23 22 22 22 13 44 23 22 33 41 32 33
1 11 22 22 33 22 11 11 33 32 33 41 33 11
1 14 23 23 32 23 13 14 23 32 32 41 32 13
1 11 22 22 32 22 13 44 33 32 32 41 32 11
1 14 33 22 32 23 13 14 22 32 32 44 33 13
1 11 22 23 33 22 33 14 23 32 33 44 32 11
1 14 23 22 32 23 13 14 23 32 33 41 32 13
1 11 23 22 32 23 13 14 23 32 33 41 32 13
1 11 22 22 33 22 11 11 22 33 33 44 33 11
1 14 33 23 32 22 33 44 33 22 32 41 32 33
1 11 23 22 33 23 13 14 23 33 33 44 32 11
1 11 23 22 32 22 13 14 22 22 33 41 32 11
1 11 23 23 33 22 13 14 23 32 32 41 33 13
1 11 22 22 32 22 13 14 33 32 32 44 33 11
1 11 22 22 33 22 11 11 22 33 33 44 33 11
1 14 23 23 32 23 13 14 23 32 33 41 33 13
1 11 23 23 33 22 13 14 23 33 33 41 32 11
1 14 23 22 33 22 13 14 22 33 33 41 33 11
1 11 33 23 32 23 33 14 33 22 33 41 32 13
1 11 22 22 33 22 11 14 22 33 33 44 33 11
1 11 22 22 33 22 11 11 23 32 33 44 33 11
1 11 23 22 32 22 11 14 23 32 32 41 33 13
1 11 22 22 33 22 11 11 22 33 33 44 33 11
1 11 23 22 33 22 13 14 23 32 33 44 33 11
1 14 22 23 32 23 33 11 33 32 33 41 32 11
1 11 23 22 33 22 11 11 22 33 33 44 33 11
1 14 22 22 32 22 11 14 23 33 33 44 32 13
1 11 33 22 32 22 13 14 23 22 32 41 32 13
1 11 22 22 33 22 13 11 22 33 33 44 33 11
1 11 23 22 33 22 11 11 23 33 33 44 33 11
1 14 23 33 32 23 13 44 33 32 32 41 33 13
1 14 22 22 22 22 33 44 22 32 32 41 33 33
1 11 23 22 32 22 13 14 23 32 32 41 33 13
1 11 22 22 33 22 13 11 23 33 33 44 33 13
1 14 23 33 22 33 33 44 33 22 32 11 32 33
1 14 22 22 32 22 11 14 22 33 33 44 33 11
1 44 23 23 22 23 13 44 23 22 33 41 33 13
1 11 22 22 33 22 13 14 23 32 33 44 32 11
1 14 23 23 32 23 13 14 23 32 32 41 32 13
1 11 23 23 32 23 13 44 23 22 32 41 32 13
1 11 23 22 32 23 33 14 33 32 33 41 32 13
1 11 23 22 32 22 13 14 33 33 33 41 33 11
1 11 23 22 32 23 33 44 33 22 33 11 32 13
1 11 22 22 33 22 11 11 23 33 33 44 33 11
1 14 23 23 32 23 13 44 33 22 33 41 32 11
1 14 23 23 32 23 33 44 33 22 32 41 32 33
1 11 23 22 32 23 13 44 23 22 32 41 32 13
1 11 23 22 22 22 13 11 23 22 32 41 32 11
1 14 23 23 33 22 13 14 33 32 33 44 32 11
1 14 23 23 32 23 13 14 23 32 32 41 32 13
1 14 23 22 32 22 13 14 23 32 32 41 32 13
1 11 33 22 32 22 11 44 23 22 32 44 33 13
1 11 22 22 33 22 11 11 23 32 33 44 33 11
1 11 22 22 33 22 11 11 22 32 33 44 33 11
1 11 33 22 32 22 13 14 23 22 33 44 32 11
1 11 22 22 32 22 11 11 23 33 33 44 33 11
1 11 33 22 22 23 13 44 33 32 33 44 32 13
1 11 23 23 22 22 33 44 23 22 33 11 22 13
1 11 23 22 33 23 11 44 23 32 32 41 33 11
1 14 23 22 32 23 13 14 23 32 33 41 33 13
1 11 33 23 32 22 13 14 23 32 32 41 32 13
1 11 22 22 33 22 11 11 22 33 33 44 33 11
1 11 23 23 32 22 13 11 23 32 32 44 33 13
1 11 23 22 33 22 11 11 22 32 33 44 33 11
1 14 23 22 33 23 11 11 23 32 33 44 33 11
1 14 23 22 33 23 13 14 23 32 32 41 32 13
1 11 22 22 33 23 11 11 22 32 33 44 33 11
1 14 22 23 32 23 13 14 23 32 32 41 32 13
1 11 23 22 33 22 11 14 22 32 33 44 33 11
1 11 22 22 33 22 13 11 23 33 33 44 33 11
1 11 23 22 32 22 11 11 33 33 33 44 33 13
1 11 33 22 22 23 33 44 33 22 32 11 33 33
1 11 23 22 32 22 13 14 23 32 32 44 33 13
1 14 23 23 32 22 13 14 23 32 32 41 32 13
1 14 23 22 32 22 13 14 23 32 33 44 32 11
1 11 23 22 33 22 11 14 22 32 33 44 33 11
1 11 22 22 22 22 13 14 23 32 33 41 22 33
1 14 22 22 33 22 11 14 23 33 33 41 33 11
1 11 22 22 33 22 13 11 23 32 33 44 33 11
1 14 23 22 32 23 11 14 23 32 33 44 32 11
1 11 23 22 33 22 11 11 23 22 32 41 32 11
1 11 22 22 33 22 11 11 23 33 33 41 33 11
1 14 33 22 33 23 13 11 33 32 33 41 33 13
1 11 22 22 32 22 11 14 23 33 32 41 32 13
1 11 22 22 33 22 33 14 23 32 32 44 32 13
1 14 33 22 22 22 33 44 23 32 33 44 33 11
1 11 22 22 32 22 11 14 22 32 33 44 33 13
1 14 22 22 32 22 13 44 23 32 33 41 32 13
1 14 23 22 32 22 11 14 33 22 33 41 33 13
1 11 22 22 32 22 13 14 23 33 33 44 33 11
1 11 22 22 33 22 11 11 23 22 33 44 33 11
1 11 22 22 33 22 11 11 22 33 33 44 33 11
1 11 33 23 33 22 13 14 22 32 33 41 33 13
1 11 22 22 33 22 11 11 22 32 33 44 33 11
1 11 22 22 33 22 13 11 23 33 33 44 33 11
1 11 23 22 32 22 13 14 23 32 33 41 33 13
1 14 23 22 33 22 11 14 23 32 33 41 33 13
1 11 22 22 33 22 11 11 22 33 33 44 33 11
1 11 23 22 33 22 13 14 22 32 33 44 33 13
1 11 23 22 33 22 13 14 33 32 33 44 33 11
1 14 22 23 33 22 13 14 23 33 32 41 33 11
1 14 33 23 22 23 33 44 33 32 32 41 33 33
1 14 23 23 32 23 13 14 23 32 32 44 32 11
1 11 23 22 32 22 11 14 23 32 33 41 32 13
1 11 23 22 32 22 11 14 23 32 33 44 33 11
1 14 23 23 33 22 13 14 23 32 33 44 33 13
1 14 33 22 32 22 13 14 23 32 33 41 32 11
1 11 22 22 33 22 13 11 22 32 33 44 33 13
1 14 33 23 32 23 13 44 33 32 32 11 32 33
1 11 22 22 33 22 11 11 23 33 33 44 33 11
1 11 22 22 33 22 33 11 22 32 33 44 32 13
1 11 23 23 33 23 13 14 23 32 32 41 32 13
1 14 33 22 32 22 13 44 33 22 33 44 32 13
1 44 33 23 22 22 13 14 33 22 32 41 32 13
1 11 22 22 33 22 11 11 22 33 33 44 33 11
1 11 22 23 32 22 11 14 22 33 33 44 33 11
1 11 22 22 33 22 11 14 22 32 32 44 33 11
1 14 23 22 32 23 13 14 23 32 32 44 32 13
1 14 33 23 32 23 13 44 33 22 32 11 32 13
1 11 23 22 22 22 13 14 23 32 22 41 33 13
1 14 23 22 22 22 13 11 23 33 33 41 32 11
1 14 33 23 32 23 13 44 23 32 32 41 32 13
1 11 23 23 32 22 11 44 23 32 32 41 32 13
1 11 22 22 33 22 13 44 22 33 33 44 33 11
1 11 23 22 32 22 13 44 23 22 33 41 33 11
1 11 22 22 33 22 11 11 22 33 33 44 33 11
1 11 22 22 33 22 11 11 22 33 33 44 33 11
1 11 23 22 33 22 11 14 33 22 33 44 33 13
1 11 23 23 33 22 13 14 23 32 32 41 32 13
1 11 23 22 33 22 13 11 23 33 33 44 33 11
1 14 33 22 32 33 33 44 33 22 32 11 33 33
1 11 22 22 33 22 11 11 23 32 33 44 32 13
1 14 23 22 33 22 11 11 23 32 33 44 33 11
1 11 33 23 32 23 13 14 23 32 33 41 32 11
1 11 22 22 33 22 11 11 22 32 33 44 33 11
1 44 22 22 32 22 13 11 33 32 32 41 33 33
1 14 23 22 33 23 13 14 23 32 33 41 32 13
1 11 22 22 33 22 11 11 22 33 33 44 33 11
1 44 22 23 22 23 13 44 33 22 32 44 32 33
1 14 33 23 22 23 33 14 33 32 22 44 22 13
1 11 23 22 33 23 13 14 23 32 32 41 32 13
1 11 22 22 32 22 13 14 23 32 33 44 33 13
1 11 23 23 22 23 13 14 23 22 32 41 22 13
1 11 22 22 33 22 13 14 23 33 33 44 33 11
1 11 23 22 32 22 13 14 33 32 33 41 33 33
1 11 22 22 33 22 11 11 23 33 33 44 33 11
1 11 22 22 33 22 13 11 22 33 33 44 33 11
1 14 23 23 32 22 13 44 23 32 32 44 32 13
1 11 22 22 33 22 11 14 22 32 33 44 33 11
1 44 33 22 32 23 13 14 33 32 32 41 33 11
1 11 23 22 32 23 13 44 33 33 33 41 33 11
1 14 33 23 22 23 13 14 23 32 32 41 22 13
1 44 23 23 32 23 33 44 23 22 33 41 32 13
1 14 23 23 33 23 11 14 33 22 33 44 32 13
1 11 23 23 32 22 13 11 23 32 33 44 33 11
1 11 23 22 32 22 13 14 23 32 33 41 32 11
1 11 23 23 32 22 13 14 22 32 32 41 32 13
1 11 22 22 33 22 11 14 23 33 33 44 33 11
1 11 23 22 32 22 11 14 23 32 33 44 33 13
1 11 22 22 32 22 11 11 22 32 33 44 33 11
1 14 23 22 32 23 33 44 33 22 33 11 32 13
1 11 22 22 33 22 11 14 22 33 33 44 33 11
1 44 33 23 22 22 13 44 23 22 32 41 22 33
1 11 23 22 32 22 11 14 33 22 33 44 33 13
1 11 22 22 33 22 11 11 22 33 33 44 32 11
1 11 22 22 33 22 11 44 22 32 33 44 33 11
1 11 23 22 33 22 13 14 23 32 32 41 32 11
1 11 23 22 32 23 13 14 23 32 32 41 33 13
1 11 22 22 33 22 13 14 22 33 33 44 33 11
1 11 33 22 32 23 13 44 33 32 22 11 32 13
1 11 23 23 33 22 13 14 23 33 33 44 33 11
1 11 23 23 22 22 13 44 33 32 33 11 32 33
1 14 23 22 32 23 13 14 23 32 32 41 33 13
1 11 23 22 33 22 13 44 23 32 33 44 33 13
1 11 23 22 33 22 11 11 33 32 32 41 32 11
1 11 23 22 33 22 11 14 23 22 32 44 33 11
1 14 33 33 32 23 13 44 33 22 32 11 32 33
1 44 33 23 22 23 33 44 33 22 22 11 22 33
1 14 23 23 32 22 13 14 23 32 32 41 33 13
1 11 33 23 32 23 13 14 23 22 32 11 32 13
1 44 23 22 22 23 13 44 23 32 32 41 22 11
1 11 23 22 32 22 11 44 22 32 32 41 32 11
1 11 23 22 32 22 33 44 22 32 33 44 33 11
1 11 22 22 32 22 13 14 22 32 32 44 33 13
1 11 22 22 33 22 11 14 23 33 33 44 33 11
1 11 23 22 32 22 13 14 22 33 32 44 32 11
1 11 22 22 33 22 11 11 22 33 33 44 33 11
1 11 22 22 33 22 11 11 23 33 33 44 33 11
1 11 33 23 33 23 13 11 33 33 33 44 33 11
1 11 22 23 33 22 13 11 22 33 33 41 33 11
1 14 23 23 32 22 13 44 33 32 33 44 32 33
1 11 22 22 33 22 13 11 22 32 32 44 33 13
1 11 22 22 33 22 11 11 23 32 33 44 33 11
1 11 23 22 33 22 11 14 23 22 33 41 32 11
1 14 33 23 22 23 33 44 23 32 33 11 32 33
1 11 22 22 33 22 11 14 22 33 33 44 33 11
1 11 23 22 33 23 11 11 23 32 33 41 33 11
1 11 22 22 33 22 13 14 23 32 32 44 33 11
1 11 22 22 33 22 13 11 23 32 33 44 32 11
1 11 22 22 33 22 13 11 23 32 32 44 33 11
1 11 22 22 33 23 13 14 23 32 32 41 32 13
1 11 22 22 32 22 11 14 23 32 33 44 33 11
1 14 22 22 33 22 13 14 22 33 33 44 33 33
1 11 22 22 33 22 13 14 23 32 33 41 33 11
1 11 22 22 32 22 11 44 33 33 33 44 32 11
1 14 23 22 32 22 13 14 23 22 32 44 32 13
1 14 23 22 33 22 11 14 23 32 33 41 32 13
1 14 23 22 32 22 13 14 23 32 33 41 32 13
1 11 23 33 33 23 33 14 33 33 32 11 32 11
1 11 22 22 33 22 13 14 22 32 33 41 32 11
1 14 23 23 33 23 13 14 33 22 33 41 22 13
1 14 23 23 33 22 13 14 23 22 33 44 32 13
1 14 33 23 32 23 13 14 23 32 32 41 32 13
1 44 23 23 22 23 33 44 33 22 32 11 32 13
1 11 22 22 33 23 11 14 23 32 33 41 33 11
1 11 23 23 32 23 13 14 23 32 32 41 32 33
1 11 23 22 32 22 13 14 23 32 33 44 33 11
1 11 22 22 33 22 13 11 23 32 32 44 33 11
1 14 23 23 32 22 33 44 33 22 33 41 33 33
1 11 22 22 33 22 11 14 22 32 33 44 33 11
1 14 23 23 32 22 13 44 23 32 32 41 33 13
1 11 23 22 32 23 13 14 23 32 32 41 32 13
1 11 22 22 33 22 11 11 22 32 33 44 32 11
1 11 23 22 33 23 11 14 23 33 33 41 32 13
1 11 23 23 32 23 13 14 22 32 32 41 32 13
1 11 23 22 33 22 11 11 23 33 33 44 33 11
1 11 22 22 33 22 13 11 23 33 33 44 33 11
1 14 23 22 32 22 13 14 33 32 33 41 33 13
1 14 33 22 32 23 13 14 33 22 33 41 32 13
1 11 23 22 32 22 13 14 23 32 32 41 33 13
1 44 33 33 22 33 33 44 33 22 22 11 22 33
1 14 22 22 33 22 13 44 23 32 33 44 32 11
1 11 23 23 32 23 13 14 33 32 32 41 33 13
1 11 33 22 33 22 11 14 33 33 33 44 33 11
1 11 22 22 33 22 11 11 22 33 33 44 33 11
1 11 23 23 22 23 13 14 23 22 32 41 32 13
1 11 22 22 33 22 11 14 22 33 33 44 33 11
1 14 23 22 22 22 13 44 33 33 32 44 33 13
1 14 22 22 33 22 11 14 22 32 33 41 33 11
1 14 23 22 32 22 33 14 23 22 32 44 32 13
1 11 23 22 33 22 11 11 22 33 33 44 33 11
1 14 22 22 32 22 11 14 23 22 33 44 32 11
1 11 22 22 32 22 11 14 22 33 33 44 33 11
1 11 22 23 32 22 33 14 23 32 33 41 33 13
1 11 23 22 33 22 11 14 23 33 33 41 33 11
1 11 22 22 33 22 13 11 22 33 33 41 33 11
1 11 33 22 32 22 11 14 23 32 33 44 33 11
1 11 22 22 33 22 11 11 23 32 32 44 33 11
1 11 22 22 33 22 11 11 22 33 33 44 33 11
1 11 33 23 32 22 13 44 23 22 32 41 33 13
1 14 23 22 33 23 33 44 23 22 32 44 22 13
1 11 22 22 33 22 11 11 22 33 33 44 33 11
1 11 33 22 22 22 33 44 23 33 33 44 33 11
1 11 23 22 22 22 13 44 33 22 33 41 32 33
1 14 33 23 32 22 13 44 33 22 33 41 32 33
1 11 23 22 33 22 11 14 23 33 33 41 32 11
1 11 23 23 32 22 13 14 23 22 32 41 32 13
1 14 23 22 32 23 13 14 23 32 32 41 32 13
1 11 22 22 32 22 13 14 23 32 33 44 32 13
1 11 22 22 33 22 11 11 23 22 33 44 32 13
1 14 33 23 32 22 13 44 23 32 32 41 32 13
1 11 22 22 33 22 11 14 22 33 33 44 33 13
1 44 33 23 22 23 13 14 33 32 32 11 22 33
1 11 22 22 33 22 11 11 23 33 33 44 33 11
1 11 23 22 32 23 13 44 23 22 32 41 32 33
1 44 33 22 22 23 33 44 33 22 33 11 33 13
1 11 22 22 33 22 13 14 23 33 33 44 33 11
1 11 23 22 33 22 11 14 22 33 33 44 33 13
1 44 23 33 22 23 33 44 33 22 22 41 32 33
1 11 22 22 32 22 13 11 22 33 33 44 33 11
1 11 23 22 33 22 13 14 23 32 32 41 32 13
1 11 22 22 33 22 11 11 22 33 33 44 33 11
1 14 22 22 32 22 13 14 22 32 33 44 32 13
1 11 23 22 33 22 11 11 22 33 33 41 33 11
1 11 23 22 32 22 11 14 23 32 32 44 33 11
1 14 23 22 32 22 13 14 23 32 33 41 32 13
1 11 22 22 33 22 11 14 33 22 32 41 33 13
1 14 23 23 32 23 13 14 23 32 32 41 32 13
1 14 23 23 32 22 13 14 23 32 32 41 32 13
1 11 22 23 32 22 13 14 23 32 33 41 32 13
1 11 23 23 32 22 13 14 23 32 32 44 32 13
1 11 22 22 32 22 11 11 22 33 33 44 33 11
1 14 23 23 32 23 33 44 23 22 33 44 22 13
1 11 23 22 33 22 13 14 23 22 32 41 33 11
1 14 23 33 32 22 13 14 23 32 33 44 33 13
1 11 22 23 32 22 13 14 33 22 33 41 32 13
1 11 33 23 32 22 33 44 23 22 33 41 32 13
1 11 22 22 33 22 11 14 23 33 33 44 32 11
1 11 23 22 33 22 11 14 22 32 33 41 33 11
1 11 23 23 33 22 13 14 23 32 32 41 33 13
1 14 23 33 33 23 13 14 23 33 33 41 32 13
1 11 22 23 33 22 33 11 22 32 33 44 33 11
1 14 23 22 32 22 11 44 23 33 33 41 33 11
1 11 23 23 32 23 33 44 23 32 32 11 33 13
1 11 33 22 32 22 13 14 23 32 32 44 32 11
1 11 22 22 33 22 11 11 22 33 33 44 33 11
1 11 22 22 32 22 13 14 23 32 33 44 32 13
1 14 23 22 32 22 13 14 23 32 32 44 33 13
1 11 22 22 33 22 11 11 23 32 33 44 33 11
1 14 33 22 32 22 33 14 22 32 33 11 32 11
1 11 22 22 33 22 11 11 22 32 33 44 33 11
1 11 22 22 33 22 11 11 22 33 33 44 33 11
1 11 23 22 32 22 13 14 22 32 33 44 33 11
1 11 22 22 33 22 13 14 22 32 32 44 33 11
1 11 22 22 33 22 11 14 23 33 32 44 33 11
1 11 22 22 33 22 11 11 22 33 33 41 33 11
1 11 23 22 32 22 13 14 23 33 33 41 32 13
1 11 33 23 22 23 33 44 33 22 32 44 32 13
1 14 23 22 32 23 13 44 23 22 32 44 32 13
1 11 23 22 32 23 13 11 23 32 32 41 33 11
1 14 33 22 32 23 13 44 23 22 32 41 32 13
1 14 33 22 22 22 11 14 33 32 32 44 32 13
1 44 22 22 32 22 13 44 33 22 32 44 22 11
1 11 22 22 33 22 11 11 22 33 33 41 33 11
1 14 23 22 33 23 13 14 23 32 33 11 32 11
1 11 22 22 33 22 11 11 22 33 33 44 33 11
1 11 23 22 33 22 13 14 23 32 33 44 33 11
1 14 23 23 32 23 13 14 23 32 32 41 32 13
1 11 22 22 33 22 13 44 33 33 33 44 33 11
1 11 23 22 33 22 13 14 23 32 32 41 33 13
1 11 23 22 33 22 11 11 22 33 33 44 33 11
1 14 23 22 32 22 13 14 23 32 32 41 32 13
1 11 22 22 33 22 11 14 22 32 33 41 33 13
1 11 22 22 33 22 11 11 22 33 33 44 33 11
1 14 23 22 32 22 13 14 23 32 33 44 33 13
1 11 22 22 33 22 11 14 22 32 33 44 33 11
1 11 22 22 33 22 13 14 33 32 33 44 33 13
1 11 23 22 33 22 11 11 22 33 33 44 33 11
1 11 23 22 33 22 11 11 22 33 33 44 33 11
1 11 23 22 22 22 11 14 23 32 33 44 33 13
1 11 22 22 33 22 11 14 22 33 33 44 33 13
1 44 33 33 32 33 33 44 33 22 32 11 22 13
1 11 22 22 32 22 13 14 23 32 32 44 33 11
1 11 23 22 32 23 13 14 23 32 33 44 33 13
1 11 23 22 32 22 11 11 22 33 33 44 33 11
1 11 22 22 32 22 13 14 33 32 32 41 33 11
1 11 23 22 33 22 11 14 33 32 33 44 33 11
1 14 23 22 22 22 33 14 33 22 32 44 32 13
1 11 22 22 33 22 11 11 22 33 33 44 33 11
1 14 23 23 22 33 13 44 33 22 32 41 22 33
1 11 22 22 33 22 11 14 22 32 32 44 22 13
1 14 23 22 33 22 13 14 23 32 33 41 33 13
1 11 22 22 33 22 11 11 22 33 33 44 33 11
1 11 23 22 33 22 11 11 23 33 33 41 33 11
1 14 22 22 32 22 33 14 23 32 32 44 33 11
1 11 22 22 33 22 11 11 22 33 32 44 32 13
1 11 22 22 33 22 11 11 22 32 33 44 33 11
1 14 22 22 33 22 13 11 22 32 33 44 33 13
1 11 22 22 32 22 11 11 23 33 33 44 33 13
1 11 23 22 32 23 33 14 33 32 33 41 22 13
1 11 22 22 33 22 11 11 23 32 33 41 33 11
1 11 23 22 32 23 11 14 23 32 32 44 33 11
1 11 22 22 32 22 11 14 23 32 32 44 33 13
1 11 22 22 33 22 11 11 22 33 33 44 33 13
1 14 23 23 32 23 13 44 33 22 32 41 32 33
1 14 23 23 32 23 13 44 33 22 33 41 33 33
1 11 23 22 33 22 11 14 22 33 33 41 33 11
1 11 23 23 33 22 13 14 33 22 22 11 32 13
1 11 22 22 33 22 13 14 23 33 33 44 32 11
1 14 23 22 32 22 11 44 23 33 33 44 32 13
1 11 22 22 33 22 13 11 22 33 33 44 33 11
1 11 23 22 33 22 11 14 23 33 33 44 33 11
1 11 23 22 33 22 11 11 23 22 32 44 33 11
1 11 33 23 32 23 33 44 33 22 32 41 32 13
1 14 22 23 32 22 11 14 23 32 32 44 32 13
1 11 22 22 33 22 11 14 22 33 33 44 33 11
1 14 23 22 32 22 11 44 23 32 33 44 33 11
1 11 22 22 33 22 11 11 22 33 33 44 33 11
1 11 22 22 32 22 11 11 23 32 33 44 33 11
1 14 33 23 22 22 33 14 33 22 33 11 33 33
1 11 22 22 33 22 11 11 22 33 33 44 33 11
1 11 22 22 32 22 13 14 33 32 32 44 33 11
1 11 23 22 32 22 11 11 22 33 33 44 33 13
1 11 22 22 33 22 11 11 22 33 33 44 33 11
1 11 23 22 32 23 33 44 23 32 32 41 32 33
1 11 23 22 33 22 13 14 23 32 33 44 32 13
1 11 23 23 32 22 33 14 23 22 33 44 33 33
1 11 22 22 33 22 11 11 23 22 33 41 33 11
1 11 22 22 32 22 11 44 23 33 33 41 33 11
1 14 23 22 32 23 33 14 23 32 32 41 32 13
1 11 23 22 32 23 11 11 23 33 33 44 33 11
1 14 23 23 32 23 13 14 23 32 32 41 33 13
1 11 23 22 32 22 33 44 23 22 33 44 33 13
1 11 22 22 33 22 11 14 22 32 33 44 33 13
1 14 23 23 32 22 13 44 33 22 32 11 33 33
1 11 23 22 32 22 13 11 23 32 33 41 33 13
1 11 22 22 33 22 11 14 23 32 33 44 32 11
1 11 22 22 33 23 11 14 23 32 33 44 33 13
1 11 23 23 32 22 33 14 33 22 33 41 22 13
1 11 23 22 33 23 13 14 33 22 33 44 32 11
1 14 23 22 22 22 13 14 23 22 33 41 33 13
1 11 23 22 22 22 13 44 23 22 32 11 32 13
1 11 22 22 33 22 11 11 23 33 33 44 33 11
1 11 22 22 32 22 11 14 22 33 33 41 32 11
1 11 22 22 33 22 11 14 22 32 33 44 33 11
1 44 33 33 22 23 13 44 33 22 22 11 22 13
1 11 22 22 32 22 11 44 23 32 33 44 33 11
1 11 23 23 32 23 13 14 23 32 32 41 32 13
1 11 23 22 32 22 13 14 23 33 33 41 32 13
1 11 23 22 33 23 13 44 33 22 33 11 33 11
1 11 23 33 32 22 13 14 33 32 33 41 33 13
1 11 22 22 33 22 11 11 22 33 33 44 33 11
1 14 23 22 32 23 13 14 23 32 32 44 32 11
1 11 33 23 32 22 13 14 22 32 33 41 32 11
1 11 33 22 33 22 11 14 33 32 33 44 32 11
1 11 22 22 33 22 11 11 23 33 33 44 33 11
1 14 23 23 33 22 13 44 33 32 33 41 32 13
1 14 23 22 33 22 13 14 23 32 33 41 32 13
1 11 22 22 33 22 11 11 22 33 33 44 33 11
1 11 22 22 33 22 11 11 22 33 33 44 33 11
1 14 23 23 22 23 13 44 33 22 32 41 32 13
1 11 22 22 33 22 13 14 23 22 33 44 32 11
1 14 23 23 32 23 13 14 23 32 33 41 33 13
1 11 22 22 32 22 11 11 22 33 33 44 33 11
1 11 23 22 32 22 13 44 33 22 33 44 33 13
1 11 22 23 33 22 13 14 23 32 33 44 33 11
1 14 23 22 32 22 33 14 23 32 33 41 32 13
1 11 33 22 32 23 11 14 23 32 32 41 32 13
1 11 23 22 32 23 33 14 23 32 32 41 33 11
1 11 22 22 33 22 13 44 22 33 33 44 33 11
1 11 22 22 33 22 11 11 23 33 33 44 33 11
1 11 23 22 33 22 11 11 22 32 33 41 33 13
1 14 23 23 32 22 13 14 23 32 32 41 32 11
1 44 23 23 32 22 11 11 33 32 33 44 33 13
