 rs12144133 rs6696978 rs2273298 rs2273299 rs6667049 rs12092513 rs9783053 rs12074936 rs2180184 rs6541080
0 42 11 11 33 33 33 11 23 14 44
0 42 44 11 23 32 33 44 22 44 44
0 44 11 11 23 33 33 44 22 11 41
0 44 14 11 23 22 33 14 23 11 41
0 44 14 11 23 33 33 11 22 11 41
0 44 14 11 22 32 32 14 23 14 41
0 44 14 14 23 32 32 14 23 14 41
0 44 14 11 23 22 33 14 23 11 41
0 42 14 14 22 32 32 44 22 14 41
0 42 11 11 22 32 33 14 22 11 44
0 44 11 44 22 33 33 14 22 11 44
0 44 11 14 22 22 33 44 22 11 44
0 44 44 14 23 33 33 14 22 11 44
0 42 11 11 22 33 33 11 22 11 44
0 44 14 11 22 32 33 14 22 14 41
0 44 44 44 33 32 32 44 23 44 11
0 42 11 11 23 32 32 14 22 11 41
0 42 14 11 23 32 33 44 22 11 44
0 44 14 14 23 33 33 11 22 11 41
0 44 14 11 23 33 33 14 23 11 44
0 44 14 11 22 32 32 14 22 14 41
0 44 14 11 23 33 33 11 23 11 41
0 44 14 14 23 32 32 14 22 11 41
0 44 14 11 22 33 33 11 22 11 41
0 42 14 11 22 33 33 14 23 11 44
0 44 14 14 22 32 33 44 22 11 41
0 44 14 11 22 33 33 14 22 14 44
0 44 14 11 22 33 33 14 22 11 41
0 44 11 11 22 33 33 11 22 11 41
0 42 11 11 23 33 33 44 22 11 41
0 44 11 11 22 33 33 11 22 14 44
0 22 11 11 23 32 33 44 22 14 41
0 42 14 14 33 22 32 11 22 44 41
0 44 14 11 22 32 32 11 23 11 44
0 44 14 11 33 32 32 14 22 11 41
0 42 14 11 22 32 33 11 22 11 44
0 44 44 11 22 33 33 11 22 14 44
0 44 11 11 23 32 32 44 22 14 11
0 44 44 11 22 33 33 11 22 11 44
0 44 14 11 22 32 33 11 23 14 41
0 44 11 14 23 32 33 14 22 14 41
0 44 11 11 23 22 33 11 22 11 44
0 44 11 11 22 33 33 11 22 11 41
0 44 14 11 33 22 33 14 23 11 44
0 42 44 14 23 33 32 44 22 11 11
0 44 11 11 23 32 32 14 23 14 11
0 44 14 11 22 32 32 14 22 11 44
0 44 11 11 23 33 33 14 22 11 44
0 44 11 11 22 32 33 11 22 11 41
0 44 11 11 22 33 33 14 22 11 44
0 42 14 11 23 33 33 44 22 14 44
0 44 14 14 22 32 32 14 22 11 41
0 44 11 14 22 32 32 14 22 14 41
0 44 14 14 23 32 33 44 22 14 41
0 44 14 11 23 33 32 14 23 14 41
0 42 11 14 23 32 33 11 22 11 41
0 22 44 14 23 22 33 11 23 44 41
0 44 14 11 23 33 33 14 23 14 41
0 42 11 14 22 32 32 14 22 14 11
0 42 44 14 23 32 33 14 22 14 11
0 44 14 11 22 32 33 11 22 11 41
0 44 14 11 22 33 33 14 22 11 41
0 44 14 11 22 32 33 11 22 11 44
0 44 11 11 22 33 33 11 22 11 44
0 44 14 14 22 33 32 14 23 14 44
0 44 11 14 23 33 32 11 22 11 44
0 44 11 14 22 22 32 14 22 11 41
0 44 44 11 23 32 33 11 22 14 41
0 42 44 14 23 22 32 44 33 44 11
0 44 44 44 23 22 32 44 33 14 11
0 44 14 11 22 33 32 14 22 14 41
0 42 11 11 22 32 32 14 22 14 44
0 44 44 11 23 22 32 44 23 14 11
0 44 11 11 23 33 33 14 22 11 41
0 42 14 11 22 22 33 14 22 11 11
0 44 14 44 23 32 32 11 22 11 41
0 44 44 11 22 33 33 11 22 11 41
0 42 44 14 22 32 33 14 22 11 11
0 44 11 11 22 33 33 11 22 11 44
0 44 14 14 23 32 32 14 22 11 41
0 44 44 11 23 32 32 14 23 11 41
0 42 14 44 33 22 22 14 23 14 11
0 44 14 11 22 32 33 14 22 11 44
0 44 11 11 22 32 33 14 22 11 44
0 42 14 11 22 32 33 44 22 14 41
0 44 14 11 23 32 32 11 22 14 41
0 44 14 11 22 32 33 11 22 11 41
0 44 11 14 33 22 33 14 22 14 41
0 42 11 11 33 22 32 14 22 14 11
0 42 44 14 23 32 32 44 23 44 11
0 44 11 11 22 33 33 11 22 11 44
0 44 11 11 22 33 33 11 22 11 41
0 44 14 11 22 32 33 14 22 11 44
0 44 14 11 22 32 33 11 22 11 44
0 42 14 14 23 33 33 14 23 14 41
0 44 44 14 22 22 33 44 22 14 41
0 44 14 11 22 22 32 14 22 14 41
0 42 14 14 23 32 32 11 23 14 11
0 44 44 14 23 32 32 14 23 11 41
0 44 11 11 22 33 33 11 22 11 41
0 42 11 44 33 33 22 14 22 14 41
0 44 11 11 22 33 33 14 23 11 44
0 44 11 11 22 22 33 11 22 11 44
0 44 14 14 23 32 32 14 22 14 41
0 42 14 44 33 22 33 44 23 14 11
0 44 14 11 22 32 33 11 22 14 44
0 44 11 11 22 33 33 14 22 14 11
0 42 14 14 23 32 33 44 22 14 41
0 44 44 11 22 22 32 11 22 11 41
0 44 14 11 22 32 32 14 22 11 44
0 42 14 11 23 32 33 11 22 14 41
0 44 14 11 23 32 32 14 23 11 44
0 44 14 14 22 22 33 14 22 11 44
0 44 14 11 23 32 32 11 22 11 44
0 42 14 11 22 32 32 11 33 14 11
0 44 14 11 23 22 32 14 22 14 44
0 44 14 14 22 33 33 14 22 44 41
0 22 44 11 23 32 33 14 23 14 11
0 22 11 14 22 32 33 44 22 14 44
0 44 14 14 23 32 33 14 23 14 41
0 44 14 11 22 32 33 14 22 11 44
0 22 14 11 22 32 33 11 22 11 41
0 44 11 11 22 33 33 11 22 11 44
0 44 44 11 23 22 32 14 22 11 41
0 44 14 11 22 32 33 14 22 11 44
0 44 11 11 22 33 33 11 22 11 44
0 22 14 11 23 32 32 14 22 11 11
0 42 11 11 22 33 33 14 22 11 11
0 44 11 11 22 22 33 11 22 11 44
0 44 11 11 22 33 33 11 22 11 44
0 42 14 14 22 32 32 14 22 11 41
0 42 14 11 22 32 33 44 23 11 41
0 44 11 11 22 32 33 11 22 11 44
0 44 11 11 22 32 33 14 22 14 41
0 44 14 14 22 32 33 11 22 11 41
0 44 14 11 22 32 33 11 22 11 44
0 44 14 11 23 32 33 44 22 11 44
0 44 14 11 22 32 32 14 22 14 41
0 44 44 14 23 32 33 44 22 14 11
0 44 11 11 22 33 32 11 22 11 44
0 44 11 11 22 33 33 11 22 11 44
0 44 11 11 22 33 33 14 23 11 41
0 44 11 11 22 32 33 11 22 11 44
0 44 44 11 23 32 33 11 22 11 44
0 42 11 14 22 22 33 11 22 11 44
0 44 11 11 22 33 33 14 22 11 41
0 42 44 11 22 32 33 44 23 14 11
0 44 11 11 22 33 33 14 23 11 41
0 44 14 14 22 32 32 14 22 14 11
0 44 14 11 22 33 33 14 22 14 41
0 44 11 11 23 22 33 11 22 11 41
0 44 14 14 22 33 33 11 22 14 41
0 42 14 44 23 33 33 44 23 14 41
0 44 11 11 22 32 33 11 22 11 44
0 44 14 11 23 32 33 14 22 11 41
0 44 14 11 22 33 33 14 22 14 41
0 42 14 14 23 33 32 44 23 14 41
0 44 14 44 23 32 32 11 22 14 41
0 42 44 11 22 32 32 44 22 11 44
0 42 14 14 23 32 32 14 22 14 41
0 44 11 11 23 32 33 11 22 14 41
0 44 14 44 33 33 32 44 23 11 41
0 44 44 44 22 32 33 11 23 11 41
0 44 14 44 23 32 33 11 22 14 41
0 42 14 11 23 33 33 14 22 11 41
0 44 14 11 22 33 32 14 22 11 44
0 44 11 11 22 33 33 11 23 11 44
0 44 11 11 22 33 32 14 22 11 41
0 44 44 44 23 32 32 44 23 14 41
0 44 11 11 23 33 32 14 22 11 41
0 44 44 11 22 32 33 44 23 14 41
0 42 44 44 23 22 32 14 23 14 41
0 44 11 11 22 33 33 11 22 11 44
0 44 11 11 22 32 33 11 22 11 44
0 42 14 11 23 32 32 44 22 14 41
0 42 14 11 22 33 32 14 22 11 41
0 42 14 14 23 33 33 14 22 11 11
0 44 11 11 23 32 33 14 22 11 41
0 44 14 11 23 33 33 14 22 11 41
0 42 11 11 22 32 33 14 22 11 44
0 44 14 11 22 32 33 14 22 11 44
0 42 14 14 22 33 33 14 22 11 41
0 44 11 14 23 32 33 14 22 14 41
0 42 14 14 23 33 32 14 22 11 44
0 44 14 14 22 32 33 14 23 11 44
0 42 14 14 23 22 33 14 23 14 11
0 44 14 14 23 32 32 11 22 11 41
0 44 14 11 23 33 33 11 22 11 44
0 42 14 14 33 32 33 14 22 14 41
0 44 14 11 23 32 33 14 22 11 41
0 44 11 11 22 33 32 14 23 11 11
0 44 44 11 33 32 32 44 23 14 41
0 42 14 14 23 32 33 14 23 14 41
0 42 44 14 23 22 33 11 22 14 41
0 22 11 14 22 32 32 11 23 14 11
0 44 14 14 22 32 32 14 23 11 41
0 42 14 14 23 32 22 44 22 44 11
0 42 14 14 33 32 32 14 22 11 41
0 22 44 14 23 32 33 11 22 14 44
0 44 44 11 23 22 33 44 22 11 44
0 44 11 11 22 33 32 11 23 14 41
0 42 44 14 33 32 33 14 22 14 11
0 44 14 11 23 33 33 11 22 14 44
0 42 44 14 33 22 32 44 33 11 41
0 44 14 11 22 33 33 14 22 11 41
0 44 14 11 22 32 32 11 22 11 41
0 44 14 11 23 32 33 11 22 11 41
0 44 11 11 22 33 33 11 22 11 44
0 44 14 11 23 22 33 11 23 44 44
0 44 11 11 22 33 33 11 22 11 44
0 44 14 11 22 32 33 14 22 11 11
0 44 14 11 23 33 32 11 22 14 41
0 42 44 11 22 33 33 14 22 11 41
0 44 14 11 22 32 32 14 22 11 41
0 44 14 11 23 32 33 44 22 11 11
0 44 11 14 22 32 32 14 22 14 41
0 44 44 11 33 32 22 44 22 11 11
0 44 11 14 22 33 33 14 22 14 41
0 42 44 14 23 22 32 14 22 14 41
0 42 11 11 22 33 33 11 22 11 41
0 42 44 11 22 22 32 44 23 14 11
0 44 14 11 22 33 33 11 22 11 41
0 42 14 14 23 33 32 11 22 11 41
0 44 11 11 22 32 33 14 22 14 41
0 44 44 11 23 33 33 44 22 11 41
0 44 11 14 22 32 33 14 22 11 11
0 44 14 14 23 32 33 14 22 11 41
0 22 11 11 22 32 33 14 22 14 41
0 44 14 11 33 33 32 44 22 11 41
0 44 14 14 23 33 32 14 22 11 44
0 44 14 11 22 33 33 14 22 11 44
0 42 14 11 23 33 33 11 23 11 41
0 42 44 11 23 33 33 44 22 44 44
0 44 14 14 23 33 32 14 23 14 41
0 42 44 14 23 32 33 14 22 14 11
0 42 44 44 22 32 32 44 22 44 41
0 44 14 11 22 33 33 14 22 11 41
0 22 14 11 23 33 32 14 23 11 44
0 44 14 11 23 22 22 14 22 14 11
0 44 11 11 23 32 33 11 23 14 44
0 44 14 44 22 22 33 14 22 11 11
0 42 44 11 33 32 32 14 22 11 11
0 44 44 11 23 32 32 14 22 11 44
0 44 14 44 33 32 32 14 22 14 41
0 44 11 11 22 32 33 11 22 14 44
0 22 44 44 33 32 33 44 22 14 41
0 44 11 11 22 32 33 11 22 14 44
0 42 44 14 23 22 32 14 22 14 41
0 44 11 11 22 33 33 11 22 14 44
0 42 14 14 23 32 32 44 23 14 11
0 42 14 14 23 33 33 11 22 11 41
0 42 44 14 23 32 32 14 23 14 41
0 42 44 14 33 32 32 44 33 14 11
0 44 11 11 23 32 33 14 22 11 44
0 44 14 11 23 22 33 14 22 11 44
0 42 11 14 23 22 32 14 22 44 44
0 44 14 11 23 33 33 11 22 14 44
0 44 11 11 22 32 33 11 22 11 44
0 44 14 11 23 33 33 11 22 11 41
0 44 11 11 23 33 33 11 22 11 44
0 44 11 14 23 32 32 44 22 11 41
0 44 14 11 22 33 33 14 22 14 41
0 44 44 14 22 32 33 14 23 14 41
0 44 11 44 23 32 22 11 22 11 41
0 44 11 11 23 33 33 11 22 11 44
0 42 14 11 23 32 33 44 22 11 11
0 22 44 11 33 22 32 44 23 44 11
0 42 14 14 23 22 33 44 23 14 11
0 42 44 11 22 32 33 11 22 11 41
0 42 44 44 23 33 33 14 22 14 11
0 44 14 14 23 32 22 14 22 11 44
0 44 44 14 22 32 33 14 22 14 44
0 42 11 11 23 33 33 11 22 11 11
0 44 14 11 22 32 32 14 22 14 41
0 44 44 44 23 32 32 44 23 44 41
0 42 14 14 23 32 32 14 23 11 41
0 44 14 11 22 32 33 11 22 11 44
0 44 11 11 23 33 33 11 22 11 41
0 42 14 14 22 32 32 14 22 11 41
0 44 11 14 22 32 33 14 23 11 44
0 44 11 11 22 32 32 44 22 11 41
0 44 14 14 23 32 32 44 22 11 41
0 42 14 11 22 32 33 44 22 14 41
0 44 14 14 33 33 33 14 22 14 41
0 44 44 11 22 32 32 14 23 14 41
0 44 14 11 22 33 33 14 22 11 44
0 44 11 11 23 33 33 11 22 14 44
0 42 44 14 23 22 33 44 23 44 11
0 42 14 44 23 32 32 11 23 14 41
0 44 11 14 23 22 33 14 22 44 44
0 42 11 14 22 32 33 14 22 11 44
0 44 14 44 22 32 33 14 22 11 44
0 42 14 11 23 33 32 14 23 11 41
0 42 44 11 23 22 22 44 23 14 11
0 42 44 44 33 22 22 44 33 44 11
0 42 14 11 22 22 33 14 23 11 41
0 44 14 14 22 32 33 14 22 11 44
0 44 11 11 22 33 33 14 22 14 41
0 44 11 14 22 32 33 11 22 11 11
0 44 14 11 22 32 33 14 23 14 41
0 44 14 11 23 32 33 11 23 11 44
0 44 44 14 33 32 22 44 23 44 11
0 44 11 11 22 32 33 14 22 11 41
0 44 11 11 22 33 33 11 22 11 44
0 44 44 14 22 33 33 44 22 11 41
0 44 44 11 22 32 33 11 22 14 41
0 42 14 14 23 32 32 14 22 11 11
0 42 14 14 22 32 32 14 22 14 11
0 44 11 11 33 32 32 14 22 14 11
0 44 11 11 22 22 33 44 22 14 44
0 42 14 11 22 32 33 11 22 14 41
0 22 14 14 23 32 32 14 23 14 11
0 42 11 11 22 33 33 14 22 11 41
0 44 11 14 22 32 33 44 22 11 41
0 44 14 11 22 33 33 14 22 14 41
0 44 11 11 22 32 33 14 22 11 44
0 42 11 11 22 33 33 11 22 11 44
0 44 14 11 22 32 32 14 22 14 41
0 44 14 14 22 33 33 11 22 11 44
0 44 44 11 22 33 32 14 23 11 41
0 44 14 14 22 22 32 14 22 11 41
0 44 44 11 22 32 32 11 22 14 41
0 42 44 14 22 32 32 14 22 11 11
0 44 14 11 22 32 33 11 22 11 41
0 44 11 14 22 22 32 11 22 14 11
0 44 44 11 22 32 32 11 22 44 11
0 44 11 11 23 32 33 11 22 11 11
0 22 44 14 23 22 32 14 23 14 41
0 44 14 11 23 32 32 11 23 11 11
0 44 14 44 23 32 32 44 22 14 41
0 44 11 14 23 33 32 14 22 14 44
0 44 11 14 23 32 33 11 23 14 41
0 42 14 11 23 32 32 14 22 14 11
0 44 14 14 33 32 33 14 22 14 44
0 44 11 11 23 32 33 11 22 11 44
0 44 44 11 22 32 33 14 22 14 41
0 44 11 11 23 33 33 14 22 11 41
0 44 11 14 23 32 32 11 22 11 41
0 44 14 44 22 32 32 44 22 11 41
0 42 14 44 22 22 33 14 23 11 41
0 44 14 14 22 33 33 14 22 11 41
0 44 14 11 22 32 33 14 22 11 41
0 44 14 14 23 22 32 14 22 14 41
0 44 11 11 23 22 33 14 22 44 44
0 44 11 14 23 22 33 14 22 11 44
0 44 14 11 22 33 33 11 23 14 44
0 42 44 11 33 33 32 14 22 11 11
0 44 14 11 22 33 33 11 22 11 44
0 44 14 11 22 33 33 14 22 14 41
0 44 14 11 22 32 33 44 23 14 41
0 42 14 11 23 22 33 14 22 44 11
0 44 44 11 22 32 33 44 22 11 44
0 44 14 11 22 33 33 11 22 11 41
0 44 14 44 23 22 22 14 22 14 41
0 44 11 11 22 33 33 11 22 11 41
0 42 14 44 33 33 32 14 22 11 11
0 44 14 14 23 32 33 14 23 14 44
0 44 44 11 33 22 33 14 22 11 41
0 44 11 11 22 33 33 11 22 14 44
0 42 14 11 22 32 32 14 23 14 41
0 44 14 11 23 32 33 44 22 11 41
0 42 44 11 23 22 33 14 33 11 41
0 44 14 14 33 22 32 14 22 11 11
0 44 11 11 22 32 33 11 22 14 44
0 44 11 14 23 33 33 11 22 11 41
0 44 11 11 22 33 32 11 22 11 44
0 44 11 11 22 33 33 11 22 11 44
0 42 14 11 23 32 33 14 22 11 11
0 22 44 14 33 32 32 44 22 14 11
0 42 11 14 22 33 22 14 22 11 44
0 42 11 11 23 32 33 14 22 14 41
0 42 11 14 23 22 33 14 22 11 44
0 44 11 11 22 32 33 11 22 11 41
0 44 11 11 23 33 33 14 22 11 44
0 44 11 14 22 33 33 11 22 11 44
0 44 44 11 22 33 33 11 22 11 44
0 44 14 11 23 32 33 44 33 14 11
0 44 11 11 33 33 33 14 22 11 41
0 42 14 14 23 32 32 14 23 44 41
0 44 14 11 23 32 32 14 22 14 44
0 44 11 11 23 33 33 14 22 11 44
0 44 44 14 22 32 33 14 23 11 11
0 42 14 14 23 22 33 14 23 14 41
0 44 11 14 33 33 33 14 22 14 41
0 44 14 11 22 33 33 14 22 11 41
0 44 44 11 22 33 33 11 22 14 44
0 42 14 11 22 33 32 11 22 11 41
0 44 11 11 22 33 32 14 22 11 41
0 42 11 11 23 33 33 14 22 11 41
0 42 14 14 23 32 32 14 22 14 41
0 44 44 14 23 22 22 14 23 44 41
0 44 11 11 22 33 33 11 22 11 44
0 42 11 14 22 32 33 11 33 14 41
0 44 44 44 33 32 33 44 23 11 11
0 44 11 11 22 33 33 11 22 11 44
0 42 44 11 22 22 33 14 22 11 41
0 42 11 11 22 22 33 44 22 11 41
0 44 14 14 23 33 32 14 23 11 41
0 42 14 11 23 32 33 11 22 14 44
0 44 14 11 22 33 33 14 22 11 41
0 42 44 11 23 33 32 44 22 14 11
0 44 44 11 33 22 22 44 22 11 11
0 44 11 11 22 33 33 11 22 11 41
0 44 44 14 22 22 22 44 23 14 41
0 44 14 11 22 32 33 11 23 11 41
0 44 14 11 23 32 33 14 23 11 44
0 42 14 14 22 33 33 11 22 11 44
0 44 14 11 22 32 33 11 22 14 41
0 44 14 11 22 33 33 44 22 14 11
0 42 11 14 23 32 33 11 23 11 41
0 42 11 14 23 32 33 14 22 11 41
0 42 44 44 23 32 22 44 22 14 11
0 44 11 14 22 32 33 14 22 11 44
0 42 14 14 23 32 22 44 22 11 41
0 44 11 11 22 33 33 14 22 11 44
0 44 14 14 23 32 32 44 22 14 41
0 44 11 11 22 33 33 14 22 11 44
0 44 14 11 23 22 32 44 33 14 41
0 44 14 11 23 32 22 11 22 14 41
0 44 44 11 23 33 32 44 22 44 41
0 44 11 11 22 32 32 44 22 14 41
0 42 14 14 23 32 32 44 23 14 11
0 42 14 14 33 22 32 14 23 44 11
0 44 14 14 23 22 33 14 22 14 41
0 44 14 11 33 33 32 14 23 14 41
0 44 11 14 22 22 33 44 23 11 44
0 44 14 14 22 33 32 11 22 11 41
0 42 14 11 22 33 33 14 22 11 44
0 44 14 11 23 32 33 14 22 14 41
0 22 44 11 23 22 33 44 22 44 11
0 44 11 11 22 32 33 11 22 11 44
0 44 14 14 23 32 32 14 22 14 44
0 22 44 44 33 22 33 44 23 44 11
0 44 14 11 23 32 32 14 23 11 41
0 42 14 11 22 33 33 11 22 11 41
0 44 14 11 23 32 33 14 22 14 41
0 22 14 14 33 22 33 44 22 14 11
0 22 44 14 23 32 33 44 22 44 41
0 44 11 11 23 33 33 11 23 11 41
0 42 14 14 23 32 32 44 22 11 41
0 44 14 11 23 32 33 44 23 11 44
0 42 14 14 23 32 33 44 22 14 41
0 44 14 11 23 32 33 14 22 14 41
0 44 11 11 22 33 33 11 22 11 44
0 42 44 14 33 32 32 14 22 14 41
0 42 44 14 23 22 32 14 22 14 11
0 44 14 11 23 32 32 14 22 14 41
0 44 14 11 23 32 32 14 22 11 41
0 44 14 44 33 32 32 44 22 11 11
0 42 11 11 22 33 33 11 22 11 44
0 44 11 11 22 33 33 14 22 11 44
0 44 11 11 22 33 33 11 22 11 44
0 44 11 11 23 33 33 14 22 14 44
0 42 14 14 23 32 33 14 23 14 44
0 42 14 14 22 33 33 11 22 11 41
0 42 14 14 23 32 32 11 22 11 41
0 44 14 14 23 22 32 14 22 11 41
0 42 14 11 23 33 33 14 22 11 44
0 42 44 14 33 32 22 14 23 14 11
0 42 11 11 23 32 32 14 22 11 44
0 42 14 14 23 32 33 14 22 14 44
0 44 11 11 23 32 33 44 22 11 41
0 44 14 14 23 33 33 11 22 14 41
0 44 14 11 22 32 22 14 23 11 11
0 44 44 11 23 33 33 14 22 11 11
0 44 11 11 23 33 33 11 23 14 44
0 44 11 14 22 32 33 11 22 11 44
0 44 44 14 22 32 33 14 23 14 11
0 42 14 11 22 32 33 14 23 11 44
0 44 11 11 22 22 33 44 22 11 41
0 44 11 11 23 33 32 14 22 14 41
0 44 11 11 23 33 33 14 22 11 41
0 44 11 11 22 32 33 14 22 11 41
0 44 11 11 22 33 33 11 22 14 44
0 44 44 11 22 32 33 11 22 11 41
0 42 14 11 23 32 33 44 22 11 41
0 44 14 11 22 33 33 11 22 14 44
0 42 14 11 22 32 33 11 22 11 11
0 44 14 11 23 33 32 11 22 14 44
0 44 44 11 23 32 33 14 22 11 41
0 42 44 11 22 22 32 44 22 14 11
0 44 11 11 22 32 33 14 22 44 41
0 44 11 11 22 33 33 11 22 11 41
0 42 11 14 23 22 32 14 22 11 41
0 44 14 11 23 32 33 44 22 14 44
0 42 44 14 22 32 33 14 22 14 41
0 44 44 11 22 32 33 11 22 11 41
0 42 44 11 23 32 33 14 22 11 11
0 44 11 11 22 32 33 11 22 11 44
0 42 11 14 23 32 33 14 22 14 44
0 44 11 14 23 33 33 14 22 11 44
0 44 14 14 23 32 33 11 22 11 44
0 22 44 44 23 22 22 14 23 44 11
0 42 14 14 33 22 32 44 23 11 11
0 44 11 14 23 32 33 44 22 11 44
0 42 11 14 23 32 33 14 22 11 41
0 42 14 14 23 32 33 14 22 44 41
0 44 14 11 23 32 32 14 22 11 44
0 44 11 11 22 32 33 11 22 11 11
0 42 14 14 22 33 32 14 22 11 11
1 44 44 11 33 32 33 44 22 14 11
1 42 14 14 22 33 32 44 23 14 41
1 44 44 11 23 33 33 14 22 11 44
1 42 11 11 22 33 33 11 22 14 11
1 44 44 14 22 22 33 44 22 11 44
1 44 14 14 23 32 33 11 22 14 41
1 44 14 44 23 33 32 44 22 11 41
1 42 11 11 22 33 33 14 22 11 44
1 44 11 11 23 33 32 11 22 11 41
1 44 14 14 23 33 32 14 22 14 41
1 44 11 44 22 22 33 14 22 11 44
1 22 44 44 23 22 33 14 33 14 11
1 42 14 14 22 32 32 14 22 14 44
1 44 11 14 22 33 33 14 22 11 44
1 42 11 11 22 32 33 11 22 14 44
1 44 14 14 22 32 33 14 22 11 41
1 44 11 11 22 33 33 14 22 11 41
1 44 11 11 22 32 33 14 22 11 44
1 44 11 44 23 33 33 11 22 11 41
1 44 11 11 22 32 33 14 22 11 44
1 42 44 14 33 22 33 14 22 11 11
1 44 44 11 23 22 22 14 22 11 44
1 22 44 44 33 22 32 14 22 14 11
1 44 11 11 22 32 33 44 22 11 41
1 44 14 14 33 32 22 44 22 14 11
1 42 44 14 23 32 33 44 22 14 11
1 44 14 11 22 33 33 11 22 11 44
1 42 14 14 22 32 33 11 23 14 44
1 44 14 14 22 33 33 44 22 11 41
1 44 14 11 22 32 33 14 22 14 44
1 42 14 14 23 32 32 11 23 14 41
1 44 14 14 23 32 32 14 22 11 41
1 42 14 11 23 32 33 14 23 14 44
1 44 11 11 33 32 33 14 22 14 41
1 42 44 44 23 22 33 14 22 14 41
1 44 11 11 22 33 33 11 22 11 44
1 44 44 14 23 22 32 14 23 11 11
1 44 11 14 22 32 33 44 22 11 41
1 44 11 14 23 32 33 44 22 11 41
1 42 44 44 23 22 32 44 22 14 41
1 44 14 11 22 32 33 14 22 11 11
1 44 11 11 22 33 33 14 22 11 44
1 22 14 44 22 33 33 14 22 11 41
1 22 44 14 33 32 32 14 33 44 11
1 42 44 44 33 22 22 44 22 44 11
1 44 14 14 22 32 32 11 22 11 41
1 42 14 14 23 33 33 11 22 11 41
1 44 14 11 23 32 32 11 22 11 41
1 44 44 44 23 22 33 14 23 44 11
1 42 14 14 23 32 33 14 22 14 11
1 44 11 14 22 33 33 14 22 11 41
1 44 11 14 23 33 32 14 23 14 44
1 42 11 11 23 32 32 14 22 11 41
1 42 44 44 33 32 33 14 22 44 41
1 44 14 11 22 32 33 11 22 11 44
1 42 14 14 23 22 32 44 22 14 41
1 42 14 14 22 32 33 11 22 11 41
1 44 44 14 22 33 33 44 22 11 41
1 44 11 14 22 32 22 14 22 14 11
1 44 44 44 23 22 22 14 33 14 41
1 42 44 11 23 32 22 44 22 11 41
1 42 14 11 33 32 32 11 22 11 41
1 44 44 14 22 32 32 14 22 44 44
1 42 44 14 23 32 32 14 23 14 41
1 44 14 11 23 33 32 14 22 11 11
1 22 44 14 22 22 32 44 22 14 41
1 44 11 11 23 33 33 14 22 11 41
1 42 11 14 22 33 33 11 22 11 44
1 44 44 11 23 22 32 14 22 14 41
1 44 14 11 23 33 33 11 22 11 44
1 42 44 11 22 32 33 14 22 44 41
1 44 14 14 23 32 32 14 22 44 41
1 44 11 14 22 33 33 14 22 11 41
1 44 44 14 33 33 33 11 22 14 44
1 44 44 11 23 32 32 14 23 44 41
1 42 11 11 22 32 33 14 22 14 41
1 44 14 11 23 22 33 14 22 14 41
1 42 14 14 33 32 32 14 22 14 11
1 44 44 44 23 33 32 44 22 14 44
1 44 44 11 23 32 33 14 22 11 11
1 44 11 11 23 33 33 11 22 11 41
1 42 14 14 22 32 33 44 23 11 41
1 44 11 11 23 33 33 14 22 11 41
1 42 14 14 23 32 33 11 22 11 41
1 22 11 11 23 32 32 11 22 14 44
1 44 14 14 23 32 32 14 22 11 41
1 44 11 11 22 33 32 14 22 11 41
1 42 44 44 23 32 22 44 22 11 11
1 44 11 14 23 32 33 11 22 14 41
1 44 11 11 22 33 33 11 22 11 41
1 44 14 14 23 32 33 11 22 14 11
1 44 11 11 23 33 33 14 22 11 44
1 44 44 14 23 33 32 44 22 14 44
1 42 44 14 23 33 33 44 22 14 41
1 42 14 14 23 32 32 14 22 14 41
1 44 11 11 22 32 33 14 22 11 41
1 44 14 11 22 32 33 14 22 14 44
1 44 14 14 23 32 32 14 23 11 41
1 44 44 44 23 32 33 14 23 14 41
1 44 44 11 22 22 32 14 22 11 41
1 44 11 11 22 33 33 11 22 11 44
1 44 14 11 22 22 33 11 22 11 44
1 44 11 11 22 33 33 11 22 11 41
1 42 11 11 23 32 22 11 22 14 11
1 44 14 11 22 32 33 44 22 11 44
1 42 14 14 23 22 32 14 22 11 11
1 44 11 11 22 33 33 11 22 14 41
1 44 14 14 22 32 33 14 22 14 41
1 42 11 11 23 32 32 14 22 11 41
1 44 11 11 33 32 33 11 23 11 41
1 42 14 14 23 22 22 44 23 14 11
1 42 14 14 22 32 33 14 22 11 44
1 42 14 14 33 22 33 14 22 14 41
1 44 11 11 22 32 33 11 22 11 41
1 42 44 14 23 32 33 44 22 14 11
1 44 44 11 23 32 33 11 22 11 44
1 42 44 14 23 32 33 14 22 14 41
1 42 14 44 22 32 32 44 22 44 11
1 22 11 11 23 32 33 44 22 11 44
1 44 44 14 23 22 33 44 23 11 41
1 42 11 14 22 32 33 14 22 11 41
1 44 14 11 22 33 33 14 22 14 44
1 44 44 14 23 33 33 14 22 14 41
1 22 14 11 22 32 22 44 22 14 11
1 44 14 14 23 22 33 14 22 14 11
1 42 11 11 22 32 33 14 22 11 11
1 22 44 11 22 22 33 14 22 11 44
1 44 14 11 22 32 32 11 22 14 41
1 44 11 14 22 32 33 11 22 14 41
1 44 11 11 22 33 32 14 22 11 44
1 42 14 11 23 32 32 14 22 44 41
1 44 14 11 23 32 33 14 22 14 41
1 44 44 44 33 22 33 44 22 14 41
1 44 14 14 22 32 32 14 22 14 11
1 44 14 44 23 33 32 14 23 11 41
1 44 44 11 22 32 33 14 22 14 44
1 44 14 14 22 32 32 11 22 14 44
1 44 14 14 23 32 33 11 22 11 44
1 42 14 11 22 32 33 14 22 11 41
1 42 44 14 33 22 32 14 23 14 41
1 42 11 11 23 33 33 44 22 11 41
1 44 11 14 23 33 33 14 22 14 41
1 44 14 11 22 33 33 11 22 11 44
1 44 14 11 22 33 33 11 22 11 41
1 44 11 11 22 22 33 11 22 11 44
1 42 44 44 22 22 32 14 23 14 41
1 42 14 11 22 33 33 14 22 11 41
1 42 44 14 33 22 22 44 22 44 11
1 44 14 11 22 33 33 11 23 11 41
1 42 14 14 22 32 33 11 23 11 41
1 44 14 14 22 33 33 14 22 14 41
1 42 44 44 23 33 33 14 22 11 41
1 42 14 14 23 32 32 14 23 14 41
1 44 44 14 22 32 32 11 33 14 11
1 42 44 11 23 32 32 44 23 11 41
1 44 11 11 22 33 33 11 22 11 41
1 44 14 14 23 33 33 44 22 14 11
1 42 11 44 23 22 33 14 33 14 11
1 44 11 11 22 33 33 14 22 14 41
1 42 14 14 33 32 32 14 23 14 41
1 42 44 11 33 32 32 44 23 11 41
1 44 11 14 23 33 33 11 22 11 44
1 42 14 11 33 33 33 14 23 11 44
1 44 11 14 22 32 33 11 22 11 41
1 44 14 14 23 33 32 14 22 14 44
1 44 14 44 23 22 33 14 33 11 41
1 44 11 11 22 33 33 11 22 11 44
1 42 14 11 23 22 32 14 23 44 41
1 42 44 14 23 32 32 14 23 44 11
1 44 14 11 23 32 33 14 22 11 44
1 42 14 11 22 33 33 14 22 14 41
1 44 11 14 22 33 33 11 22 14 44
1 44 11 11 22 32 33 14 22 14 41
1 42 14 11 23 22 33 14 22 14 41
1 44 11 14 33 32 33 14 22 11 11
1 44 44 14 22 22 33 11 22 11 41
1 44 14 11 22 33 33 14 22 11 41
1 42 11 11 22 33 33 11 22 11 11
1 42 11 11 23 32 33 14 23 11 11
1 44 11 14 23 33 33 14 23 14 44
1 44 14 11 22 33 33 11 22 11 41
1 44 44 11 22 32 33 14 22 14 41
1 42 14 14 22 33 33 11 23 11 41
1 44 11 11 22 33 33 14 22 11 44
1 44 44 11 23 32 22 14 22 14 41
1 42 14 14 22 22 22 44 23 11 44
1 44 14 11 22 33 33 11 22 11 11
1 44 14 11 22 32 32 11 23 11 44
1 44 11 44 22 33 33 11 22 11 44
1 44 11 14 23 32 33 11 22 11 44
1 44 11 11 23 32 33 11 22 11 41
1 44 14 11 22 33 33 14 22 11 44
1 44 11 14 22 32 33 14 22 14 11
1 44 14 11 22 33 33 11 22 14 41
1 42 44 11 23 32 32 11 22 11 11
1 42 14 14 22 32 33 44 22 11 41
1 44 11 14 22 22 33 14 22 11 44
1 44 14 14 33 22 32 14 23 14 41
1 44 14 14 23 33 33 11 23 11 41
1 44 14 11 22 33 32 11 22 11 44
1 42 14 44 33 22 32 11 23 11 11
1 44 11 11 23 33 33 14 22 11 41
1 44 11 11 22 32 33 14 22 11 44
1 44 14 44 23 32 33 44 23 11 41
1 44 14 14 22 33 22 11 22 11 11
1 44 44 44 23 22 22 44 22 14 41
1 44 11 11 23 33 33 14 23 44 41
1 42 14 44 23 32 32 11 22 14 41
1 44 14 11 22 22 33 14 22 14 41
1 42 44 14 23 22 22 14 23 11 11
1 44 14 14 33 22 33 14 22 44 11
1 44 14 11 22 22 33 14 22 11 41
1 44 14 14 23 22 33 44 23 11 11
1 42 14 11 22 32 33 14 22 11 41
1 42 11 44 23 32 33 44 23 11 41
1 44 11 44 33 33 33 14 22 11 44
1 22 14 11 23 22 33 44 22 14 41
1 44 44 14 22 32 32 14 23 14 11
1 42 14 44 23 32 32 14 22 14 11
1 42 44 14 23 32 32 44 23 14 41
1 44 11 11 22 33 33 44 22 11 44
1 44 11 14 33 33 33 14 22 11 11
1 44 11 11 23 33 33 11 22 11 44
1 42 11 11 23 33 33 11 23 11 11
1 44 11 11 22 32 33 11 22 11 44
1 44 44 14 23 32 22 44 23 14 11
1 44 11 11 22 33 33 14 22 11 44
1 42 14 11 23 32 32 44 23 14 41
1 42 14 14 23 32 33 14 23 14 11
1 44 11 11 23 32 32 14 22 11 44
1 44 11 14 23 32 32 11 22 11 41
1 44 11 11 33 32 32 11 22 14 41
1 44 14 11 22 32 33 11 22 11 44
1 42 14 14 23 33 33 11 22 11 41
1 42 44 14 23 22 22 14 22 44 11
1 44 44 11 22 32 33 14 22 11 41
1 44 14 14 22 33 33 14 23 11 41
1 44 14 11 23 32 32 14 22 14 41
1 44 14 11 22 33 33 14 22 11 41
1 44 11 11 22 33 33 11 22 11 44
1 44 44 11 22 22 33 44 22 11 41
1 44 11 44 23 32 33 14 22 14 41
1 44 14 11 22 32 33 11 22 11 41
1 42 14 14 22 32 33 11 22 14 44
1 44 11 11 22 33 33 11 22 11 44
1 42 14 14 23 32 33 44 23 14 11
1 44 14 14 23 32 32 44 22 11 41
1 44 11 11 23 33 33 11 22 11 41
1 42 44 44 33 22 22 14 33 14 11
1 44 44 44 23 32 32 44 23 14 41
1 44 14 11 22 33 33 11 22 11 41
1 44 14 14 22 32 33 44 23 11 44
1 44 14 14 22 33 33 44 23 11 41
1 44 44 14 23 32 32 14 23 44 11
1 44 11 14 33 32 33 14 22 14 41
1 42 11 14 23 22 33 14 23 14 41
1 44 44 44 23 33 33 14 22 11 41
1 44 44 44 23 32 33 14 22 11 41
1 42 14 14 23 33 33 14 22 11 41
1 42 14 11 23 32 33 14 23 11 11
1 44 14 14 22 32 33 11 23 44 44
1 44 14 14 23 33 33 14 22 14 44
1 44 14 14 33 22 33 14 23 44 41
1 42 14 11 23 22 33 14 22 11 41
1 42 11 11 22 32 32 11 23 14 41
1 44 14 11 22 33 33 11 22 11 44
1 44 11 14 22 32 33 11 22 14 44
1 44 11 14 22 33 33 11 22 14 44
1 44 11 14 22 33 33 14 22 11 41
1 44 44 14 22 22 32 44 23 11 41
1 22 14 11 23 32 33 11 22 14 41
1 44 11 14 23 33 33 11 22 11 41
1 42 11 14 23 32 33 11 22 11 41
1 44 14 11 23 33 33 14 22 14 41
1 44 14 11 22 33 33 11 22 11 44
1 42 14 14 23 32 32 44 22 11 41
1 44 44 11 22 32 33 14 23 14 11
1 44 11 11 23 33 33 14 22 11 44
1 22 44 14 23 22 22 14 22 11 44
1 42 11 11 22 32 33 14 22 14 41
1 42 11 11 23 33 33 14 22 14 44
1 44 14 11 23 32 32 14 22 44 41
1 44 44 11 23 32 32 14 23 14 11
1 44 44 44 22 32 32 44 22 11 41
1 42 44 14 23 32 32 14 22 44 11
1 44 14 11 23 33 33 44 22 11 41
1 44 14 11 22 33 33 11 22 11 44
1 44 14 14 22 32 32 44 22 44 11
1 44 14 14 23 32 33 14 22 11 44
1 44 11 11 22 33 33 11 22 14 44
1 42 14 14 23 22 32 44 22 14 11
1 44 14 11 22 32 33 14 22 14 41
1 42 44 14 23 33 22 44 23 14 11
1 42 44 14 33 22 22 44 22 44 11
1 44 11 11 22 33 33 11 22 11 11
1 42 14 44 23 22 32 11 22 44 41
1 44 11 11 23 33 33 11 22 14 44
1 44 44 14 22 32 22 11 22 11 41
1 44 14 14 22 33 33 14 22 11 41
1 44 44 11 22 32 33 14 22 44 41
1 42 44 14 33 32 32 14 23 14 11
1 42 44 11 23 33 33 44 23 11 41
1 42 14 11 23 33 33 11 22 14 41
1 44 14 11 23 32 33 14 22 14 41
1 44 11 11 22 32 32 14 22 11 41
1 42 14 11 23 32 32 14 22 14 41
1 44 14 14 22 33 32 44 22 14 11
1 42 44 14 33 33 33 44 23 11 11
1 42 11 11 23 33 33 14 22 11 11
1 42 14 44 33 22 32 14 33 44 11
1 44 14 14 22 32 33 14 22 11 44
1 44 44 44 23 32 33 14 22 14 41
1 42 11 14 33 32 33 11 23 14 41
1 42 11 14 22 33 33 14 22 11 44
1 42 11 14 23 33 33 11 22 11 41
1 42 44 11 23 22 33 11 22 11 41
1 42 44 11 22 32 33 11 22 11 41
1 44 14 11 23 32 33 14 22 11 11
1 42 44 14 22 33 33 11 22 11 44
1 44 14 11 23 32 33 11 22 11 44
1 42 44 11 22 32 32 14 22 14 41
1 44 14 11 23 22 33 44 22 14 11
1 44 14 14 23 32 33 44 22 14 11
1 44 14 14 23 33 32 44 22 14 44
1 44 14 14 22 33 33 14 23 14 11
1 44 14 14 23 32 33 14 22 11 41
1 44 44 14 23 22 33 44 22 44 41
1 42 14 14 22 32 32 14 22 14 41
1 44 11 11 22 32 32 11 22 11 44
1 44 14 14 23 33 32 11 23 14 41
1 42 14 14 22 32 33 11 22 14 44
1 44 14 44 23 22 33 44 22 44 11
1 42 14 14 23 32 32 11 22 11 44
1 44 14 14 22 33 33 14 22 14 41
1 44 14 11 23 22 33 14 22 11 44
1 44 11 11 23 32 32 14 22 11 41
1 44 11 14 22 32 33 14 22 14 44
1 44 11 11 23 32 33 14 22 11 44
1 42 14 14 22 22 32 11 22 11 41
1 44 11 11 33 32 33 14 22 11 44
1 44 11 11 22 33 33 11 22 11 41
1 42 44 44 33 22 32 44 22 14 41
1 42 14 14 23 22 33 14 23 14 41
1 44 14 14 23 32 33 11 22 11 44
1 44 44 44 23 22 33 44 22 11 11
1 44 14 11 23 32 33 14 22 14 41
1 44 11 11 22 33 33 14 22 11 44
1 42 11 11 23 32 33 14 22 11 44
1 44 14 11 23 33 32 11 22 14 11
1 42 14 11 23 33 33 14 22 11 41
1 42 14 14 23 33 33 11 22 14 11
1 44 44 14 22 32 33 44 23 11 44
1 44 14 11 22 32 33 14 22 14 41
1 44 44 11 22 33 32 14 22 11 44
1 44 14 14 23 32 33 14 22 14 41
1 42 44 14 23 32 33 14 22 14 41
1 42 11 14 22 32 33 14 22 11 44
1 42 14 11 33 32 33 11 23 14 11
1 44 11 11 23 33 33 14 22 11 41
1 44 44 14 23 22 33 14 22 14 44
1 42 44 11 23 32 33 44 22 44 41
1 42 14 14 23 32 32 44 22 14 41
1 42 14 11 23 32 33 14 22 14 44
1 44 14 14 23 32 32 14 22 11 44
1 44 11 14 23 32 33 14 22 14 41
1 44 44 11 23 32 33 11 22 11 44
1 42 44 14 33 32 32 44 23 11 41
1 44 14 11 23 32 32 14 22 14 44
1 44 44 14 23 22 33 44 22 11 41
1 44 14 14 23 33 33 14 22 11 41
1 22 14 14 23 22 33 44 23 11 41
1 44 14 14 22 22 33 11 22 11 11
1 42 11 14 33 32 32 14 23 14 11
1 44 44 14 23 32 33 14 22 14 11
1 44 11 11 22 22 33 11 22 11 44
1 42 44 14 23 32 32 14 22 11 11
1 44 14 14 22 33 33 14 22 14 11
1 44 14 11 22 32 33 11 22 11 44
1 44 11 11 22 33 33 14 22 11 44
1 44 14 14 23 33 33 14 22 11 44
1 22 14 44 22 22 32 44 23 44 41
1 42 44 11 33 32 33 14 33 44 11
1 44 14 14 23 22 33 14 22 14 44
1 44 14 14 23 32 32 14 23 14 11
1 44 44 14 23 32 32 14 22 14 41
1 44 14 14 23 32 32 14 22 14 41
1 44 14 14 23 32 33 11 22 11 44
1 42 11 11 23 33 22 11 22 44 41
1 44 14 14 22 32 32 14 22 14 41
1 42 14 14 23 22 33 14 23 11 44
1 44 44 11 23 33 32 14 22 11 41
1 42 44 44 33 22 32 44 22 11 41
1 22 11 44 22 22 32 14 23 14 11
1 44 14 11 22 33 33 44 22 11 44
1 42 14 11 22 32 33 11 22 11 11
1 44 14 11 22 32 33 44 23 11 44
1 42 14 14 22 22 32 44 23 14 41
1 44 14 11 22 22 22 14 33 14 44
1 42 11 11 22 22 32 44 22 14 41
1 44 14 14 22 22 33 11 22 11 11
1 44 14 44 23 33 32 14 23 14 41
1 44 14 14 23 33 33 14 33 11 11
1 44 14 11 22 33 32 14 22 11 41
1 44 14 14 22 32 33 11 22 14 41
1 44 14 11 22 33 33 14 22 11 44
1 44 14 14 22 32 32 11 23 14 41
1 44 44 14 23 32 33 11 33 14 41
1 44 11 44 23 32 32 14 22 14 11
1 44 14 14 33 22 32 14 22 11 41
1 42 44 14 23 32 33 14 22 14 41
1 42 44 44 33 22 32 44 23 44 41
1 44 44 11 22 32 32 14 22 44 41
1 42 14 44 23 22 33 14 23 11 41
1 44 11 14 33 33 22 11 22 14 41
1 44 14 11 33 22 33 14 23 11 11
1 42 14 11 23 32 33 14 22 14 41
1 42 14 11 23 32 33 14 22 11 44
1 44 14 14 23 33 33 14 22 11 44
1 44 11 11 22 32 33 14 22 11 41
1 42 44 11 23 32 33 14 22 14 11
1 42 44 11 23 32 32 44 23 44 41
1 44 14 11 22 32 33 14 22 11 41
1 42 14 14 23 32 33 14 23 11 11
1 44 11 11 22 33 33 11 22 11 41
1 42 44 14 23 32 32 44 23 14 41
1 22 44 14 33 22 32 44 33 14 11
1 22 14 44 23 32 22 44 23 14 11
1 44 11 14 23 33 33 14 22 11 41
1 42 14 44 23 22 22 44 23 44 11
1 44 11 11 22 33 33 14 22 11 41
1 44 14 14 22 32 33 14 22 11 44
1 44 11 14 22 33 32 44 33 11 11
1 44 11 11 22 33 33 14 22 11 41
1 42 14 14 23 33 33 14 22 11 44
1 42 14 11 22 33 33 11 23 11 41
1 44 11 11 33 33 33 11 22 11 41
1 22 44 14 23 32 22 44 23 14 11
1 42 14 11 23 32 32 11 22 11 41
1 44 14 14 22 32 33 14 23 11 41
1 44 11 14 23 33 32 14 22 11 44
1 42 14 14 33 22 32 14 23 11 41
1 44 11 11 23 33 33 11 22 14 41
1 42 44 14 22 33 33 11 22 11 11
1 42 14 11 23 32 32 14 22 11 41
1 44 14 14 22 32 32 14 23 11 41
1 44 11 11 22 32 32 14 22 11 44
1 44 44 14 33 32 32 14 23 11 41
1 44 44 14 33 22 22 44 23 14 11
1 22 14 44 33 32 33 14 23 14 11
1 44 14 11 22 32 33 14 22 14 41
1 44 44 14 33 22 33 14 22 11 41
1 42 14 14 23 33 33 14 22 14 44
1 22 44 14 33 32 32 44 23 14 41
1 44 44 11 23 32 33 14 23 11 41
1 42 14 14 22 22 32 14 22 14 11
1 42 14 11 23 33 33 11 23 11 44
1 44 11 11 22 33 33 44 22 11 41
1 44 14 11 23 22 33 14 22 11 11
1 42 44 11 23 22 33 44 23 14 41
1 44 14 14 23 33 33 11 23 11 41
1 42 14 14 22 32 33 14 23 14 11
1 42 44 14 33 22 33 44 22 11 41
1 22 14 11 22 33 33 14 22 11 11
1 42 14 14 23 32 32 44 23 14 41
1 44 11 14 23 33 33 11 22 11 44
1 44 14 14 23 22 33 14 22 14 41
1 42 14 11 22 32 33 14 22 14 44
1 44 14 44 23 33 32 14 23 14 41
1 42 44 44 22 22 33 44 22 11 41
1 42 44 44 23 22 33 44 22 14 11
1 42 14 14 23 22 32 14 23 14 41
1 42 11 11 22 32 32 14 22 14 44
1 42 44 44 22 22 32 44 23 11 11
1 22 44 14 23 22 32 44 22 44 11
1 44 14 11 22 32 32 11 22 11 44
1 42 44 11 22 22 33 14 22 14 41
1 42 44 14 22 33 32 44 23 44 41
1 42 44 14 23 32 32 14 22 11 44
1 44 44 14 22 33 33 14 22 14 11
1 44 14 14 22 32 33 11 22 11 11
1 42 44 44 22 32 32 11 22 11 41
1 42 44 11 23 32 33 14 22 11 41
1 44 44 14 23 32 22 14 22 14 11
1 44 11 44 22 32 33 11 22 14 41
1 42 11 14 23 33 32 14 22 44 41
1 44 11 11 22 33 33 14 22 14 44
1 44 44 11 23 32 33 14 23 14 41
1 42 14 44 23 32 32 14 33 11 41
1 44 14 11 22 33 33 11 22 11 41
1 44 14 44 23 33 33 44 22 14 11
1 44 11 11 22 33 32 11 22 14 41
1 44 14 11 23 32 32 11 22 11 41
1 44 14 11 22 32 33 14 22 11 44
1 42 44 11 22 32 32 14 22 11 41
1 44 14 14 22 33 33 11 22 11 41
1 42 14 11 33 33 33 11 22 14 11
1 44 11 11 23 22 33 14 22 11 11
1 42 11 11 23 32 32 44 22 11 41
1 44 11 11 22 33 33 11 22 11 44
1 44 11 14 22 33 33 14 22 11 44
