 rs35886763 rs35941602 rs34131388 rs35260034 rs34201264 rs12096438 rs6687605 rs6688931 rs4075184 rs3856239 rs3924486
0 23 22 22 44 11 22 33 11 44 44 22
0 22 22 22 42 11 22 33 11 44 44 22
0 23 23 23 44 14 33 32 14 41 41 24
0 22 23 23 42 14 23 32 14 44 41 22
0 22 23 23 42 11 23 32 14 44 41 22
0 23 23 22 44 11 33 32 11 41 41 22
0 23 33 33 42 44 23 22 14 44 11 24
0 23 22 22 42 11 33 32 14 41 41 24
0 22 23 22 42 11 23 33 11 41 44 22
0 23 23 23 22 11 33 22 44 41 41 22
0 23 23 22 44 11 23 33 14 44 11 22
0 22 22 22 44 11 23 32 11 44 44 22
0 22 22 22 44 11 22 33 11 44 41 22
0 33 23 23 44 11 33 33 14 44 44 22
0 33 23 23 22 14 33 33 14 41 41 22
0 22 22 22 44 11 22 32 11 44 44 22
0 23 23 22 42 14 33 33 14 44 44 22
0 33 23 22 42 44 33 22 14 41 41 24
0 23 22 22 44 14 23 32 11 44 41 22
0 22 22 23 44 14 23 32 11 44 41 22
0 23 22 22 22 14 23 32 14 44 44 22
0 23 22 22 42 11 23 33 11 41 44 24
0 23 23 22 42 11 22 22 14 41 41 24
0 23 22 22 22 14 22 32 11 44 41 22
0 23 23 33 44 11 33 22 14 44 11 22
0 22 22 23 42 11 23 32 14 41 44 24
0 23 23 23 44 14 23 32 11 41 44 24
0 23 22 23 22 11 23 32 14 11 44 22
0 23 23 23 44 14 33 32 11 41 44 22
0 22 22 22 42 11 23 32 11 44 41 22
0 22 22 23 44 14 23 32 11 44 41 24
0 23 22 23 42 14 33 32 14 44 44 22
0 22 22 22 44 11 22 33 11 44 44 22
0 22 22 22 44 14 23 33 11 44 44 22
0 23 23 23 44 14 22 32 11 44 44 22
0 22 22 22 42 11 23 32 11 44 44 22
0 23 23 23 44 11 22 32 14 44 44 22
0 22 22 22 42 11 33 32 11 44 11 22
0 23 22 23 42 11 22 32 11 44 41 24
0 22 23 22 44 14 22 22 11 11 41 22
0 22 33 33 42 14 23 22 44 41 41 24
0 22 22 22 44 11 22 32 11 44 44 22
0 23 22 22 44 11 23 32 14 44 44 22
0 23 23 23 42 14 23 32 11 44 41 24
0 22 22 22 44 11 23 33 11 44 44 22
0 22 23 23 44 11 22 22 11 41 44 22
0 33 33 23 22 44 33 22 44 11 41 24
0 23 22 22 42 14 33 32 11 41 11 24
0 33 23 23 42 44 33 22 14 41 11 22
0 23 23 23 42 14 23 32 14 41 41 24
0 23 22 22 22 14 33 22 14 44 44 22
0 23 22 23 44 11 22 33 11 44 44 22
0 22 22 22 44 11 23 33 11 44 44 22
0 23 23 23 42 14 33 33 14 41 41 24
0 22 23 22 44 14 23 33 11 44 44 22
0 23 22 22 44 11 23 32 14 41 44 24
0 23 23 23 44 11 23 32 11 44 41 22
0 22 22 22 44 14 23 33 11 44 44 22
0 23 22 23 44 11 22 32 14 44 44 22
0 22 23 23 22 14 33 22 14 41 44 24
0 23 22 33 44 11 23 22 11 41 44 22
0 33 23 23 44 14 23 32 14 41 41 24
0 23 33 23 42 11 33 22 14 41 11 22
0 22 22 22 44 11 22 32 14 41 41 22
0 22 22 22 44 11 23 32 11 41 44 22
0 23 23 33 42 14 23 32 14 11 41 24
0 23 23 33 42 11 22 32 11 41 41 22
0 23 23 23 44 14 23 33 11 44 41 24
0 23 23 23 42 14 23 32 14 41 41 24
0 23 23 22 42 14 23 32 14 44 41 24
0 22 23 33 42 11 23 22 44 41 44 24
0 22 23 22 22 11 33 32 11 41 41 22
0 23 23 22 44 11 23 33 11 44 44 22
0 22 22 22 44 14 23 33 11 44 44 22
0 22 23 33 42 14 23 22 44 41 41 24
0 22 22 23 44 11 22 33 11 44 44 22
0 23 22 22 22 44 22 33 14 41 41 24
0 22 22 23 42 14 23 33 11 11 44 22
0 23 23 23 42 14 23 22 14 41 41 24
0 23 23 23 44 11 22 32 11 44 44 22
0 33 22 22 22 11 22 33 11 44 41 22
0 23 33 22 42 11 23 32 44 41 11 24
0 22 23 23 42 11 23 32 11 44 41 24
0 33 33 33 44 44 23 32 14 41 11 24
0 23 23 23 44 14 23 32 14 41 41 22
0 22 22 23 42 14 23 32 11 41 44 24
0 22 22 33 42 11 22 33 11 44 41 22
0 22 23 22 44 14 22 32 11 41 41 24
0 23 22 23 42 14 33 32 14 44 44 24
0 22 23 22 22 14 23 32 11 41 41 22
0 23 23 22 44 14 33 33 11 44 41 22
0 22 22 22 44 11 33 32 11 11 44 22
0 22 22 22 42 14 22 33 11 44 44 22
0 23 23 33 44 11 33 22 44 11 41 24
0 23 22 23 44 14 33 32 14 41 44 22
0 33 33 23 42 14 33 32 14 41 11 44
0 22 22 22 42 44 23 22 14 44 44 24
0 22 22 22 44 11 22 33 11 44 44 22
0 23 22 22 44 11 22 33 14 44 44 22
0 22 23 22 42 11 23 22 11 44 44 22
0 23 33 23 44 14 33 22 11 11 41 24
0 23 22 22 44 11 22 32 11 44 44 22
0 22 22 23 42 14 23 32 14 44 41 22
0 22 23 23 42 14 33 32 14 44 44 22
0 22 22 22 44 14 23 32 11 41 41 22
0 23 23 22 42 11 22 32 11 44 41 22
0 22 22 22 44 11 22 33 11 44 44 22
0 33 23 23 42 14 23 22 11 11 41 24
0 23 22 23 42 14 22 32 11 44 41 22
0 23 23 22 42 11 23 22 11 44 41 22
0 23 23 23 22 11 23 32 14 44 44 22
0 22 23 22 44 11 23 32 11 41 44 22
0 22 22 22 44 11 22 33 11 44 44 22
0 23 22 22 44 14 22 32 14 44 41 22
0 23 22 33 44 11 22 32 11 44 41 24
0 23 23 23 42 14 33 32 14 41 11 22
0 22 23 22 44 11 23 32 14 44 44 22
0 23 22 23 44 14 23 33 11 44 44 24
0 22 22 22 44 11 23 32 11 44 44 24
0 22 23 23 44 14 23 33 11 41 41 22
0 33 23 22 42 14 33 22 14 41 11 22
0 23 33 23 42 11 23 22 14 11 41 24
0 22 33 22 44 11 22 32 11 44 44 22
0 22 23 22 44 11 22 32 14 44 41 24
0 22 22 23 44 11 23 33 11 41 41 24
0 23 23 33 44 11 22 22 11 44 44 22
0 22 22 22 44 11 22 33 14 44 44 22
0 23 23 23 22 44 33 33 14 41 11 44
0 22 23 22 44 11 23 33 11 44 44 22
0 22 23 33 44 14 23 32 14 41 44 24
0 23 23 23 42 14 23 22 14 41 41 24
0 22 22 22 44 11 23 33 14 41 44 22
0 22 23 23 44 11 23 33 14 44 41 22
0 22 22 23 44 14 22 32 14 44 44 24
0 23 23 23 42 11 23 32 14 41 41 24
0 23 22 22 44 11 23 33 11 44 44 22
0 23 22 22 42 11 23 32 14 41 44 44
0 22 22 22 44 11 23 33 11 44 41 22
0 23 23 22 42 11 23 33 44 41 41 22
0 22 23 22 42 11 22 32 11 41 41 22
0 33 33 23 42 11 23 22 14 41 11 22
0 23 22 22 44 11 22 32 14 41 41 24
0 23 22 23 44 14 23 32 14 41 41 24
0 23 23 22 44 11 33 32 11 11 41 24
0 33 23 22 42 14 23 32 14 41 41 24
0 23 22 23 42 14 22 33 11 44 11 22
0 23 23 33 22 14 33 22 11 41 11 22
0 22 22 22 44 14 22 33 11 44 44 22
0 23 23 23 22 14 23 32 11 44 41 24
0 22 22 23 44 11 33 32 14 44 44 24
0 22 33 22 42 11 22 32 14 41 41 22
0 23 22 33 42 14 23 22 14 41 11 22
0 22 22 22 44 11 22 33 11 44 44 22
0 33 23 22 44 11 33 22 14 41 41 22
0 22 33 23 44 11 23 32 14 44 41 22
0 33 23 23 42 44 23 32 14 41 44 44
0 22 22 22 42 11 23 22 14 44 44 22
0 22 22 22 44 11 22 33 11 44 44 22
0 23 33 23 42 14 33 32 14 41 11 22
0 23 22 22 44 11 23 32 14 44 44 22
0 33 23 22 42 11 33 22 14 11 11 44
0 22 22 23 42 11 22 33 11 44 44 22
0 33 33 23 22 11 23 22 14 41 44 22
0 22 22 22 44 11 22 33 11 44 44 22
0 23 23 23 42 14 23 22 14 11 41 24
0 33 23 23 42 11 23 22 11 41 11 24
0 23 33 22 42 14 33 32 14 41 41 24
0 33 22 23 22 11 23 22 14 41 11 24
0 22 22 23 42 11 22 32 11 41 41 22
0 23 23 33 42 14 23 32 14 41 41 24
0 22 23 23 22 44 23 22 14 11 44 24
0 33 23 23 22 44 22 22 44 41 11 24
0 33 23 33 22 14 33 22 11 11 11 44
0 23 23 23 42 14 23 32 14 11 41 24
0 22 23 23 22 14 33 32 44 44 41 24
0 33 23 33 22 14 33 22 44 11 41 24
0 22 22 22 42 11 22 33 14 11 44 22
0 33 23 23 42 14 23 22 14 41 41 24
0 22 23 23 42 11 23 22 14 41 44 24
0 23 23 23 42 14 23 32 14 41 41 24
0 23 22 22 44 11 23 32 14 44 44 22
0 22 23 22 44 11 22 33 11 44 41 22
0 22 22 23 44 11 22 32 11 44 44 22
0 22 22 22 44 11 22 33 11 44 44 22
0 23 22 22 44 11 23 33 11 44 41 22
0 23 23 33 22 14 33 22 44 11 41 22
0 22 33 23 44 14 33 32 14 44 44 22
0 23 22 23 42 11 23 32 14 44 11 22
0 22 22 22 42 11 23 32 11 41 44 22
0 22 23 23 22 11 22 22 11 41 44 24
0 23 22 22 44 14 33 33 11 44 44 22
0 23 33 22 22 14 23 32 14 41 11 22
0 22 22 23 44 11 22 33 14 44 44 22
0 23 33 23 42 44 23 32 11 41 11 24
0 22 22 22 44 11 23 33 11 44 44 22
0 22 23 23 42 11 23 32 14 41 44 22
0 22 22 22 44 11 22 33 11 44 44 22
0 23 23 23 44 11 33 32 14 44 41 22
0 22 22 22 44 11 23 22 14 41 44 22
0 23 22 23 42 14 22 32 11 41 44 24
0 22 22 23 44 11 23 33 11 44 44 22
0 22 23 22 42 14 23 22 14 41 41 24
0 23 22 22 44 14 22 33 11 44 41 22
0 22 23 22 42 11 22 32 11 41 44 22
0 22 23 22 44 14 33 33 11 41 44 22
0 22 22 22 42 14 33 32 11 44 41 22
0 33 23 23 42 44 33 22 11 44 41 22
0 22 22 22 44 11 22 32 14 41 44 22
0 22 22 23 42 11 33 33 14 41 41 22
0 23 23 23 44 11 23 33 11 41 41 24
0 22 22 23 44 14 33 33 14 41 11 22
0 22 22 22 44 11 23 32 11 44 44 22
0 22 22 22 44 11 23 32 11 44 44 22
0 22 22 22 44 11 22 33 11 44 44 22
0 33 23 23 44 14 23 32 14 44 41 22
0 23 22 22 44 14 22 32 11 41 41 22
0 23 22 23 44 44 23 32 14 41 44 22
0 23 22 22 42 14 23 32 14 44 41 22
0 22 33 23 42 14 33 32 11 44 41 24
0 22 22 22 44 11 23 32 14 44 44 24
0 23 22 22 44 11 22 32 11 44 44 22
0 23 23 22 42 11 33 22 14 41 41 22
0 22 22 22 44 14 33 32 11 41 44 22
0 22 22 23 44 11 22 33 11 41 44 22
0 23 22 23 42 11 22 32 14 44 41 22
0 22 22 22 44 11 23 33 11 44 41 22
0 23 22 23 42 11 23 32 14 41 41 24
0 22 23 22 42 11 22 33 11 44 44 22
0 23 23 23 44 11 22 32 11 41 11 24
0 33 23 22 22 14 23 32 14 41 44 22
0 22 22 22 44 11 22 33 11 41 44 22
0 23 22 23 42 11 33 22 14 41 44 24
0 23 23 23 42 11 22 32 14 44 41 24
0 23 23 22 42 14 23 33 14 41 41 22
0 22 22 22 42 14 23 22 14 41 41 22
0 23 33 22 42 44 33 22 14 41 11 24
0 22 22 22 44 11 22 32 11 44 44 22
0 22 22 23 42 14 33 32 14 11 41 22
0 22 22 22 44 14 22 22 11 41 41 22
0 22 22 22 44 11 22 33 11 44 41 24
0 22 23 23 44 14 23 32 14 41 41 24
0 22 22 22 42 11 22 32 11 41 41 22
0 22 23 23 42 11 23 32 14 41 44 24
0 23 23 22 44 11 23 33 11 41 11 22
0 22 22 22 44 14 23 33 11 11 44 44
0 22 22 23 44 11 22 33 14 44 11 22
0 22 22 23 44 11 22 33 11 44 41 22
0 22 23 23 44 14 22 32 14 44 41 22
0 23 23 33 44 11 23 33 14 41 41 22
0 22 22 22 42 11 23 32 14 41 44 24
0 23 22 23 44 11 22 33 11 44 44 22
0 33 22 23 44 11 22 32 14 41 41 22
0 22 22 22 44 11 22 32 11 44 44 22
0 23 33 33 42 44 33 22 44 11 11 44
0 23 22 22 42 11 23 32 11 44 41 22
0 23 22 22 42 14 23 22 14 41 41 22
0 22 22 23 42 14 23 32 14 44 41 22
0 22 22 22 42 11 23 22 11 44 44 22
0 22 22 22 42 11 23 32 11 41 44 22
0 33 23 23 42 14 23 32 14 11 41 24
0 33 33 23 22 14 33 22 44 11 41 24
0 22 23 33 42 14 22 22 14 44 44 22
0 33 33 23 22 14 22 22 11 44 44 24
0 23 23 22 42 14 33 22 14 11 41 22
0 23 22 22 42 14 23 22 44 41 41 22
0 22 22 22 42 44 23 32 11 11 11 22
0 23 23 23 22 11 23 32 44 11 41 22
0 23 23 22 42 11 22 33 11 44 44 22
0 22 22 22 42 11 22 33 11 44 41 22
0 22 23 23 42 14 33 22 14 44 41 24
0 33 23 23 42 14 33 32 14 11 11 24
0 23 23 23 22 44 33 32 14 41 41 24
0 22 22 22 44 11 22 33 11 44 41 22
0 22 22 23 44 11 22 33 11 44 44 22
0 22 22 23 44 11 23 32 11 44 41 22
0 23 22 23 42 14 22 33 11 44 44 22
0 22 22 22 44 11 33 32 11 44 41 22
0 22 33 33 42 14 33 22 44 11 44 44
0 22 23 23 42 11 22 32 14 44 41 24
0 33 22 23 42 11 23 32 14 41 41 22
0 23 23 22 44 11 23 33 11 44 41 22
0 23 23 23 44 14 23 32 14 41 41 24
0 22 22 22 44 11 22 32 14 44 44 22
0 22 22 22 42 14 23 22 11 41 41 22
0 23 22 23 44 11 22 32 11 44 41 22
0 22 22 22 44 11 23 33 11 44 44 22
0 33 23 33 42 14 23 22 14 41 41 24
0 23 23 33 42 11 23 22 44 41 41 24
0 23 33 23 22 14 33 22 11 44 11 24
0 23 22 23 42 14 33 32 14 41 41 24
0 23 33 23 44 11 23 32 11 41 41 22
0 23 23 22 42 14 33 32 44 44 41 24
0 23 22 22 42 11 23 33 11 44 44 22
0 22 22 22 44 11 23 32 11 44 41 24
0 22 23 22 44 11 22 33 11 44 44 22
0 23 22 23 42 14 22 32 44 11 11 22
0 23 23 22 42 11 22 33 14 44 44 22
0 22 22 23 42 11 22 33 11 44 11 22
0 23 22 22 44 11 23 33 11 44 44 22
0 22 22 22 44 11 23 32 11 44 44 22
0 23 22 22 44 11 23 32 11 41 41 22
0 22 23 23 42 11 23 32 11 41 41 22
0 22 22 22 44 14 22 22 14 41 44 24
0 23 22 23 44 11 22 32 11 44 41 22
0 23 23 23 42 11 23 32 11 44 44 24
0 23 22 33 42 11 23 32 14 41 41 22
0 33 33 23 22 44 33 32 14 41 44 24
0 22 23 22 44 11 23 32 14 41 44 22
0 22 22 22 42 11 22 32 11 44 44 22
0 22 23 22 42 14 33 32 44 41 41 24
0 22 22 22 44 11 22 32 11 44 44 22
0 22 23 23 44 11 23 33 11 44 44 22
0 33 22 23 22 11 23 32 14 44 11 22
0 23 23 23 44 11 23 32 11 41 44 22
0 22 23 23 22 11 23 22 11 41 41 24
0 22 22 22 44 11 22 22 11 44 41 22
0 23 23 23 44 11 23 33 14 44 41 22
0 22 22 22 42 14 33 33 11 41 41 24
0 22 23 22 44 11 23 22 11 44 44 24
0 23 23 33 22 11 33 22 14 41 41 22
0 23 23 23 42 14 23 32 11 41 41 24
0 22 23 23 42 14 22 32 14 41 44 22
0 22 22 22 44 11 23 33 11 44 44 22
0 23 33 33 42 11 22 22 11 11 44 24
0 33 23 23 42 44 33 32 14 11 11 24
0 22 22 22 42 11 23 32 11 41 44 22
0 22 22 23 22 11 23 32 14 11 41 22
0 23 23 33 42 14 23 32 14 41 44 24
0 22 22 22 44 11 23 32 11 44 44 22
0 22 33 23 44 11 33 22 14 41 41 22
0 22 23 23 42 11 22 32 11 44 44 22
0 23 22 23 44 11 23 22 11 44 44 24
0 22 23 23 42 14 23 32 11 41 41 22
0 23 23 33 42 14 23 32 14 41 41 24
0 22 22 22 44 11 23 32 11 44 44 24
0 23 22 23 22 44 23 22 11 11 44 22
0 22 22 22 44 11 22 33 11 41 41 22
0 22 22 22 44 11 22 33 14 44 44 22
0 22 22 23 42 14 22 32 14 44 44 22
0 22 33 23 42 44 33 22 14 11 41 22
0 22 23 22 44 44 23 33 14 41 44 24
0 22 22 22 44 14 22 33 11 44 41 22
0 23 23 33 42 11 23 32 14 41 41 24
0 23 23 23 44 14 23 33 14 44 41 22
0 22 22 22 44 11 22 33 11 44 44 22
0 22 22 22 44 11 22 33 11 44 44 22
0 23 23 23 44 11 22 22 11 44 41 22
0 22 23 23 44 14 23 32 11 41 41 24
0 23 22 33 22 14 23 22 44 41 11 24
0 22 22 22 42 11 22 33 11 44 44 22
0 22 22 22 42 11 22 33 11 44 41 22
0 22 23 22 42 11 33 32 11 41 44 22
0 33 23 22 42 11 22 32 11 41 11 22
0 22 22 33 44 11 33 32 44 44 44 22
0 23 22 22 44 14 22 32 11 44 44 24
0 23 22 23 42 11 22 32 11 41 41 22
0 23 22 23 42 14 23 32 14 41 44 22
0 23 23 22 44 11 22 33 11 44 44 24
0 22 23 23 44 14 22 32 11 44 44 24
0 23 23 23 44 14 33 32 14 44 41 22
0 22 23 23 22 11 33 33 14 41 41 22
0 23 23 23 42 11 33 32 14 41 41 24
0 22 22 22 44 11 23 32 11 41 44 22
0 23 23 23 42 14 22 32 11 41 41 22
0 22 22 22 42 11 22 32 14 44 44 22
0 23 22 23 42 14 23 32 14 41 41 22
0 22 22 33 44 14 33 22 14 41 44 22
0 23 23 23 42 11 23 32 11 44 41 24
0 22 22 23 44 11 33 22 11 44 11 22
0 22 22 22 44 11 22 33 14 44 44 22
0 22 22 22 44 11 22 32 11 44 44 24
0 22 22 22 42 11 23 32 11 44 44 22
0 22 22 22 44 11 23 33 14 44 44 22
0 23 22 23 44 11 33 32 11 41 41 22
0 33 23 33 44 44 23 22 44 11 41 24
0 23 23 23 42 14 23 22 11 11 44 22
0 22 22 22 44 11 22 33 11 44 44 22
0 22 23 23 22 14 33 32 11 41 11 22
0 22 23 33 42 14 33 33 11 11 44 22
0 22 22 22 44 14 23 32 14 41 41 22
0 22 22 22 44 11 22 32 11 41 41 22
0 23 23 23 42 14 22 32 11 41 44 22
0 22 22 22 42 11 23 33 11 44 41 22
0 23 22 23 44 11 23 32 14 41 41 24
0 33 23 22 42 11 23 32 14 44 41 24
0 23 22 22 42 11 23 32 14 44 44 24
0 22 22 33 22 44 23 22 11 44 44 22
0 22 22 22 44 11 23 22 14 44 41 22
0 22 23 22 22 11 23 22 44 11 11 24
0 22 22 23 44 11 22 33 14 44 44 22
0 22 23 23 44 11 22 22 11 44 41 22
0 23 22 22 22 11 22 32 14 11 44 24
0 23 22 23 42 11 23 32 11 44 44 24
0 22 22 23 42 14 23 33 14 41 41 22
0 23 23 23 42 11 23 33 14 41 44 44
0 22 22 22 42 11 22 32 11 41 44 22
0 33 23 33 22 14 33 22 44 41 41 22
0 22 22 22 42 14 23 32 11 41 41 22
0 22 23 22 42 44 22 22 14 44 44 22
0 22 33 23 44 14 22 32 11 44 41 22
0 23 33 23 42 14 33 22 44 44 11 24
0 23 22 22 42 14 33 32 11 44 41 22
0 33 23 33 42 11 23 32 11 44 44 44
0 23 23 22 22 11 23 33 11 41 11 22
0 23 22 22 44 14 23 32 11 41 44 22
0 22 23 22 42 14 33 33 14 41 41 24
0 23 23 23 42 14 33 22 14 41 44 22
0 23 23 23 42 14 22 32 11 44 41 24
0 23 22 33 42 14 22 32 14 41 41 24
0 23 23 23 22 11 23 22 14 41 41 22
0 22 23 23 44 11 23 32 14 41 44 22
0 22 22 22 44 11 23 33 11 41 44 22
0 22 23 23 42 14 23 22 14 41 41 24
0 33 23 33 44 14 22 22 14 41 11 44
0 33 33 23 42 14 23 22 44 41 41 22
0 23 22 23 42 11 22 22 11 41 11 24
0 22 22 22 44 11 22 33 11 44 44 22
0 33 33 23 22 44 33 22 14 41 41 24
0 22 22 22 44 11 22 33 11 41 44 22
0 23 23 23 44 11 33 22 14 44 41 22
0 23 23 22 42 14 23 22 14 11 11 22
0 22 23 22 42 14 22 32 11 41 41 22
0 23 33 33 22 14 33 22 11 44 41 22
0 22 22 22 44 11 22 32 11 44 44 22
0 23 23 22 44 11 33 33 44 44 41 24
0 22 23 33 42 44 33 22 44 11 41 24
0 33 22 23 42 14 23 32 11 44 44 22
0 22 23 23 42 14 23 32 14 41 44 24
0 23 23 22 42 11 22 22 14 11 41 24
0 22 33 22 42 44 23 32 14 41 11 24
0 23 23 23 22 11 23 22 44 11 41 22
0 23 23 23 42 14 23 32 11 44 44 24
0 33 22 22 42 11 22 33 14 44 41 22
0 23 33 33 44 14 23 22 14 41 44 22
0 23 22 23 42 14 33 32 14 41 41 22
0 23 23 23 42 14 22 22 44 41 11 22
0 23 22 22 42 14 33 33 14 44 41 22
0 22 23 23 44 11 23 32 11 44 44 22
0 22 22 22 42 11 22 33 14 44 41 24
0 22 23 22 44 11 23 32 11 44 44 22
0 22 23 23 44 11 22 32 11 44 41 22
0 22 23 23 44 14 23 32 14 44 44 22
0 22 22 22 44 14 22 33 14 44 44 22
0 23 22 22 44 14 23 32 11 44 44 22
0 23 22 23 42 11 33 22 11 41 41 22
0 23 22 33 22 11 23 22 11 11 44 22
0 33 22 23 44 11 23 33 11 44 44 22
0 23 22 23 42 44 22 32 44 11 41 22
0 23 23 33 22 44 33 22 14 11 11 44
0 22 23 23 44 14 23 22 14 11 41 22
0 22 23 23 44 11 22 32 11 44 11 22
0 22 22 23 44 14 22 32 11 44 41 24
0 23 22 22 42 11 22 33 11 44 44 22
0 33 33 23 44 11 23 32 14 41 41 22
0 23 33 22 44 14 23 32 14 41 11 24
0 23 22 22 44 11 22 32 11 44 44 24
0 33 23 23 42 14 33 22 11 11 11 22
0 33 22 23 42 11 22 32 11 44 44 24
0 23 22 23 42 14 22 32 14 41 41 22
0 23 22 22 44 11 23 32 14 44 44 22
0 33 22 23 44 11 23 32 14 41 11 24
0 22 22 22 44 11 22 32 11 44 44 22
0 23 22 22 42 11 23 32 11 41 41 22
0 23 23 23 42 11 23 32 14 44 41 24
0 23 23 23 42 14 33 22 14 44 11 24
0 33 22 33 42 11 23 22 14 41 44 22
0 22 23 23 42 14 33 32 11 44 11 22
0 23 22 22 44 11 23 32 14 41 11 22
0 33 23 23 22 44 23 22 14 11 11 44
0 23 23 23 42 14 33 32 14 44 41 24
0 23 22 23 42 11 23 33 14 44 41 22
0 23 22 23 44 11 33 22 14 41 11 22
0 22 22 22 44 11 22 33 11 44 44 22
0 22 22 22 44 11 22 33 11 41 41 22
0 33 22 22 42 14 23 32 14 41 41 22
0 22 22 22 44 11 23 32 11 44 41 22
0 22 22 22 42 11 23 32 11 44 44 22
0 23 22 22 44 11 23 33 11 44 41 22
0 23 23 23 42 11 33 32 14 44 41 22
0 23 22 22 44 11 33 33 11 44 44 22
0 23 33 23 22 14 33 33 14 41 41 22
0 23 22 22 42 11 23 32 11 44 44 22
0 22 23 33 42 11 33 32 11 44 44 22
0 23 22 23 44 44 23 32 11 44 44 24
0 22 22 22 44 11 22 33 11 44 44 22
0 33 22 22 44 11 23 32 11 44 44 22
0 22 23 22 42 11 23 33 11 41 11 22
0 22 22 22 42 11 23 32 11 44 41 24
0 23 23 22 44 11 23 22 14 41 44 22
0 23 22 22 42 11 22 33 11 41 44 22
0 22 22 22 44 11 22 33 11 44 44 22
0 33 23 23 42 14 23 32 14 11 44 24
0 23 22 22 44 11 22 32 11 44 44 24
0 22 22 22 42 14 23 32 11 41 44 22
0 33 23 22 42 14 23 32 14 44 41 24
0 22 23 23 42 14 33 22 14 41 41 24
0 33 23 23 42 14 33 22 14 41 44 24
0 23 22 23 44 11 23 22 11 44 44 22
0 22 33 22 44 11 23 33 11 41 41 24
0 22 22 22 44 44 23 22 11 44 11 22
1 33 23 22 44 11 23 32 14 41 41 22
1 22 22 22 42 14 23 32 11 44 44 22
1 22 23 23 44 14 22 33 11 44 44 24
1 23 22 22 42 11 23 22 14 44 41 24
1 33 23 23 42 14 33 22 11 41 44 24
1 23 23 23 44 14 33 22 44 11 11 44
1 23 23 23 42 14 23 22 11 41 41 22
1 22 22 22 44 11 33 33 14 11 44 22
1 23 22 22 44 11 22 32 11 44 44 22
1 23 22 22 42 11 22 32 11 41 44 22
1 22 22 22 44 11 22 33 11 44 44 22
1 23 22 23 44 14 33 22 14 44 44 22
1 22 22 22 44 11 22 33 11 41 41 22
1 23 23 33 42 14 23 22 11 41 41 22
1 22 22 23 44 11 22 33 11 44 44 22
1 23 22 22 42 11 23 32 11 44 44 22
1 23 23 22 44 11 22 33 11 44 41 24
1 22 22 22 44 14 33 33 11 41 44 24
1 22 23 22 44 11 23 22 11 44 41 24
1 22 22 22 44 11 22 22 11 44 41 22
1 23 23 22 42 11 23 32 14 41 44 22
1 22 23 23 42 14 23 32 44 41 41 24
1 22 22 22 44 11 23 33 11 44 44 22
1 22 23 22 44 11 23 33 14 11 44 22
1 22 23 22 44 14 33 32 11 41 41 22
1 23 23 33 42 14 23 22 14 41 41 24
1 22 22 23 44 11 22 32 14 44 44 22
1 22 22 22 44 14 23 32 11 44 44 24
1 23 22 22 44 11 22 33 11 44 44 22
1 23 23 23 42 44 23 32 44 41 41 22
1 22 33 22 44 14 33 22 11 41 44 24
1 23 23 23 42 14 33 32 14 44 44 22
1 23 22 23 44 11 23 32 14 41 41 22
1 22 22 23 42 44 33 22 11 44 41 24
1 23 23 23 42 14 33 32 11 44 44 24
1 22 22 22 44 14 23 32 11 44 41 22
1 22 22 22 44 11 23 33 11 44 44 22
1 22 22 22 42 11 22 33 14 41 44 22
1 33 23 22 42 11 33 32 44 41 44 24
1 22 22 22 42 11 23 33 11 44 41 22
1 33 23 22 44 11 33 32 14 44 44 22
1 23 23 33 22 11 23 32 11 44 44 22
1 23 22 23 44 14 23 32 11 41 44 22
1 22 22 22 44 11 23 33 11 44 44 22
1 22 23 22 42 14 23 22 11 44 11 24
1 22 23 23 44 11 23 32 11 44 41 44
1 23 23 23 22 14 23 22 14 41 41 22
1 23 22 23 42 14 23 22 14 11 41 24
1 22 23 23 42 11 22 32 14 44 44 22
1 22 23 22 44 14 23 32 11 11 44 22
1 22 22 22 44 11 22 32 11 44 44 22
1 23 22 22 42 11 23 32 11 44 44 22
1 22 22 23 42 11 22 32 11 44 44 22
1 22 23 23 42 14 23 22 11 44 41 22
1 22 22 23 44 14 23 32 11 44 44 22
1 22 22 22 42 11 22 22 14 44 41 24
1 22 23 22 44 11 22 33 11 41 44 22
1 23 23 23 42 14 23 22 14 41 41 24
1 22 22 22 44 11 22 22 11 44 44 22
1 23 23 22 44 14 23 33 11 41 41 22
1 22 22 22 44 14 22 32 11 41 44 22
1 23 22 22 42 11 22 33 11 44 44 22
1 22 22 22 44 11 22 22 11 44 44 22
1 22 22 22 44 11 22 32 11 44 44 22
1 22 22 22 44 11 23 32 11 44 44 22
1 23 23 22 42 11 22 32 11 44 44 22
1 23 23 23 42 11 33 22 11 41 44 24
1 23 33 23 44 11 23 33 14 41 44 22
1 23 22 23 42 14 23 32 44 41 41 24
1 23 33 33 22 14 33 32 14 41 11 24
1 22 23 22 44 11 23 32 11 44 41 22
1 22 23 23 42 11 23 22 11 44 44 22
1 23 22 22 42 14 23 32 14 41 44 22
1 22 22 23 44 11 23 32 11 44 41 22
1 22 22 22 42 11 22 32 11 44 44 22
1 23 23 23 42 14 33 32 44 41 41 24
1 23 33 23 22 14 23 22 14 41 41 24
1 22 22 33 42 11 23 33 44 11 41 22
1 22 23 33 42 11 22 32 14 44 11 22
1 23 33 23 42 11 23 32 11 44 44 22
1 23 22 22 44 11 23 32 14 41 41 22
1 22 22 22 44 11 23 22 11 11 44 22
1 22 22 22 44 11 22 33 14 44 41 22
1 33 22 22 44 11 23 22 14 41 44 22
1 22 22 22 44 11 22 33 11 41 44 22
1 22 23 33 44 14 23 32 14 41 11 22
1 23 22 22 44 11 22 32 14 44 41 22
1 23 23 23 44 11 22 33 11 44 44 24
1 22 22 23 42 11 22 33 14 41 41 22
1 23 22 33 42 44 33 32 14 41 41 24
1 33 23 33 42 14 23 32 11 11 41 22
1 22 23 23 42 14 23 32 14 41 41 24
1 23 23 23 44 11 33 22 11 44 11 24
1 23 23 23 22 14 33 22 14 41 41 22
1 23 23 23 42 14 23 22 14 44 11 22
1 23 22 23 44 11 22 32 44 44 44 22
1 23 33 22 22 44 33 22 11 44 41 22
1 22 22 22 44 11 22 33 14 44 41 22
1 23 22 23 44 14 23 32 11 44 44 22
1 22 23 22 44 11 23 32 14 41 41 24
1 22 22 23 42 14 23 32 44 44 11 22
1 23 22 22 44 11 22 22 14 44 44 22
1 22 23 22 42 11 23 33 11 44 44 24
1 23 22 23 42 11 23 32 14 41 44 22
1 23 22 22 42 11 22 33 11 44 44 22
1 23 22 23 42 14 23 32 14 41 41 24
1 33 23 23 42 44 33 32 14 11 11 44
1 33 23 33 42 11 33 33 14 41 11 22
1 33 22 22 44 11 23 32 14 41 11 22
1 22 22 22 44 11 33 33 14 44 44 24
1 23 33 23 22 11 23 33 14 44 41 22
1 23 22 23 44 14 33 22 14 41 41 24
1 22 22 22 44 11 22 33 11 44 44 22
1 23 22 23 42 14 22 32 14 44 44 22
1 22 22 23 44 11 22 32 11 44 44 22
1 23 22 22 44 11 23 32 11 44 44 22
1 22 22 22 44 11 22 32 14 44 44 24
1 22 22 23 42 11 23 32 14 44 11 22
1 23 22 23 22 14 23 32 14 44 41 24
1 22 22 22 42 11 22 32 11 44 41 22
1 23 22 22 42 11 23 33 11 41 41 24
1 23 22 23 42 11 33 33 14 44 41 24
1 23 23 33 42 11 33 22 14 41 11 22
1 23 33 22 42 11 22 33 14 44 44 22
1 22 22 22 44 14 22 33 11 44 44 22
1 22 23 23 42 11 23 32 14 41 44 22
1 23 22 22 44 11 23 32 44 44 41 22
1 23 23 23 42 11 23 22 11 41 11 22
1 22 22 22 42 14 33 32 11 44 44 24
1 22 22 22 42 14 23 32 14 44 44 22
1 23 22 22 42 11 23 33 11 41 11 22
1 23 22 23 44 11 22 33 11 41 44 24
1 23 22 22 44 11 23 33 11 44 44 22
1 22 22 22 44 11 23 32 11 44 41 22
1 22 33 23 44 14 33 32 11 41 44 22
1 22 22 22 44 11 22 32 11 44 44 22
1 23 23 23 44 14 33 32 11 44 44 24
1 22 23 22 42 11 23 33 11 44 44 22
1 22 22 22 44 11 22 33 11 44 44 22
1 22 23 22 42 11 22 33 14 44 41 22
1 23 23 23 44 11 33 22 14 41 44 22
1 22 22 23 42 14 22 32 14 41 44 22
1 22 22 22 42 11 22 33 11 44 41 44
1 23 23 33 42 11 33 32 14 44 41 24
1 23 22 22 44 11 22 33 11 44 44 22
1 22 22 22 42 11 23 33 11 41 44 22
1 22 22 22 44 11 23 33 11 44 41 22
1 22 22 22 44 11 22 33 11 44 44 22
1 22 33 23 42 44 23 32 14 11 41 24
1 22 22 22 44 11 23 33 11 44 44 22
1 23 23 22 42 11 33 33 14 44 44 22
1 22 23 23 42 44 22 22 14 44 11 22
1 33 33 22 22 44 23 22 14 44 11 44
1 33 33 33 42 14 23 22 14 41 41 44
1 23 33 22 42 11 33 32 44 41 41 24
1 23 23 23 44 14 22 33 11 44 44 22
1 23 33 22 22 14 33 33 14 41 44 22
1 22 22 22 44 11 23 33 11 44 41 22
1 23 23 23 42 11 23 32 14 44 44 22
1 23 22 23 44 44 33 32 11 41 41 24
1 23 33 33 42 44 33 32 44 41 41 24
1 22 23 23 42 11 23 32 14 44 41 22
1 23 22 23 44 11 23 32 11 44 41 24
1 22 22 22 42 44 23 32 11 44 41 22
1 23 22 23 44 11 33 33 11 44 44 22
1 22 22 22 42 14 23 32 14 41 41 22
1 23 23 22 22 11 33 22 11 41 41 44
1 23 22 22 42 11 22 22 11 41 44 22
1 23 22 22 42 11 22 32 11 44 44 22
1 22 33 23 44 11 33 32 14 41 41 22
1 22 22 23 42 14 33 32 14 41 41 22
1 23 23 33 44 14 33 22 11 41 41 22
1 22 23 23 22 11 23 32 11 41 41 22
1 22 23 22 42 44 33 22 11 41 44 22
1 22 23 22 44 11 22 33 11 41 44 22
1 23 23 33 42 11 23 33 11 44 44 22
1 22 22 23 42 11 23 33 11 41 44 24
1 22 23 23 42 14 23 32 14 41 44 24
1 23 22 23 44 11 33 22 11 44 41 22
1 22 23 22 44 11 23 32 14 44 41 22
1 23 23 23 42 14 22 32 14 41 41 22
1 23 22 22 44 11 23 32 11 11 41 22
1 23 23 23 42 14 23 32 14 41 41 22
1 23 23 23 44 14 23 32 14 41 41 24
1 23 22 23 22 11 23 32 11 11 41 24
1 22 22 22 44 11 22 33 14 44 44 22
1 23 22 23 44 11 23 32 11 44 41 22
1 22 23 23 42 11 23 32 11 44 41 22
1 22 22 22 44 11 22 32 11 44 44 22
1 23 23 23 22 14 23 22 11 41 44 24
1 22 22 23 44 11 23 33 14 44 41 22
1 22 22 23 42 11 23 32 11 44 44 22
1 22 22 22 44 11 22 33 11 44 44 22
1 22 23 23 44 11 23 22 14 41 41 22
1 23 22 23 22 14 33 22 14 11 11 24
1 23 33 23 22 14 33 22 11 44 41 24
1 23 23 22 44 11 22 32 11 44 44 22
1 23 22 22 22 11 33 32 14 11 44 24
1 23 22 22 44 14 23 32 11 11 44 22
1 23 22 23 44 11 23 33 14 41 44 22
1 23 22 22 44 11 23 32 11 44 41 22
1 33 22 22 44 11 33 33 11 44 44 22
1 23 22 23 44 11 33 32 11 44 41 22
1 22 22 22 44 44 22 22 14 41 41 22
1 23 23 23 44 14 23 32 11 44 41 22
1 22 23 22 44 11 33 22 11 11 41 22
1 23 23 23 42 14 22 22 14 41 41 24
1 23 23 23 42 11 23 32 11 44 44 22
1 23 22 23 42 14 23 22 11 41 41 22
1 23 22 22 44 14 23 32 11 44 41 22
1 22 22 22 44 11 22 33 11 44 44 22
1 22 23 23 44 11 23 33 11 44 44 22
1 33 33 33 42 14 33 22 14 41 11 24
1 23 23 22 44 14 23 33 11 41 41 22
1 23 23 23 42 11 22 33 14 44 41 24
1 23 33 23 44 44 33 22 14 41 11 24
1 23 22 22 42 14 23 33 14 44 44 22
1 23 23 23 42 14 33 32 11 44 11 22
1 22 22 22 42 11 22 33 11 41 44 22
1 23 22 23 42 14 23 32 14 41 11 24
1 22 22 23 44 14 23 32 11 44 44 22
1 22 22 22 44 11 22 32 11 44 44 22
1 33 23 23 22 14 33 32 14 11 41 24
1 23 23 22 44 11 33 32 14 41 41 22
1 23 22 23 44 44 33 32 11 11 44 22
1 23 23 23 42 14 23 22 14 41 44 24
1 22 23 22 44 11 22 32 11 44 44 24
1 23 22 22 42 11 23 33 11 41 41 22
1 22 23 22 44 14 22 33 14 44 44 22
1 23 23 22 44 11 33 33 11 44 44 22
1 23 22 23 44 11 23 32 14 44 41 22
1 33 22 33 42 14 23 32 11 44 44 22
1 23 23 22 42 14 23 32 14 41 11 22
1 23 22 33 42 14 33 32 11 44 11 24
1 23 22 23 42 14 22 33 14 41 44 22
1 23 23 22 42 11 22 33 11 41 44 22
1 23 22 23 22 11 22 22 14 11 44 24
1 23 23 23 44 14 23 33 14 44 44 24
1 23 22 23 42 11 33 32 14 41 44 22
1 22 23 23 44 11 23 32 14 41 44 22
1 22 23 23 44 11 23 32 11 41 41 24
1 23 22 22 44 14 23 33 11 44 44 22
1 22 22 23 44 11 23 32 11 41 41 22
1 22 23 22 44 14 23 32 11 41 44 22
1 22 23 23 22 14 33 32 44 44 41 22
1 23 22 23 44 11 23 32 11 44 41 24
1 22 23 23 42 14 23 32 14 44 41 22
1 22 22 22 44 11 22 33 11 44 44 22
1 22 22 22 44 11 22 33 11 44 41 22
1 22 23 22 42 11 22 32 11 41 41 22
1 23 23 22 44 14 23 32 14 44 44 22
1 23 22 33 42 44 22 22 11 41 11 22
1 22 23 22 44 14 22 33 11 41 41 22
1 23 23 23 22 11 33 22 14 11 41 22
1 33 23 23 44 44 33 32 11 44 41 22
1 23 33 22 44 11 23 32 14 41 44 22
1 22 22 22 44 11 23 33 14 44 41 22
1 22 22 22 42 11 22 33 11 44 44 22
1 33 23 22 44 14 23 33 44 41 41 22
1 22 33 23 44 11 22 32 14 41 44 22
1 22 22 33 42 14 23 22 11 41 44 22
1 22 22 22 44 11 22 32 11 44 44 22
1 23 23 23 42 11 22 33 11 44 41 22
1 23 23 23 42 44 23 33 11 44 41 24
1 22 22 22 44 11 23 33 11 44 41 22
1 22 23 22 42 11 33 32 14 41 44 24
1 22 22 23 42 14 22 32 11 41 41 22
1 23 23 23 42 11 23 32 11 41 41 22
1 33 22 22 42 14 23 32 14 41 41 22
1 22 22 22 44 11 22 33 11 44 44 22
1 22 22 23 44 11 22 33 11 41 44 22
1 22 22 22 44 14 23 33 11 44 44 22
1 23 23 23 22 14 23 33 11 41 41 24
1 23 23 22 44 11 22 33 11 44 41 22
1 23 22 23 42 11 23 32 11 44 41 22
1 22 22 23 44 11 23 33 14 44 44 24
1 22 22 23 42 11 23 32 11 41 41 24
1 22 23 22 42 14 23 32 14 44 44 24
1 23 23 22 44 11 23 33 11 44 44 22
1 22 23 22 42 11 22 32 11 44 44 22
1 22 23 23 44 11 22 32 11 41 44 22
1 23 23 23 22 14 33 32 14 41 41 24
1 23 23 22 44 14 23 22 14 41 11 22
1 22 22 22 42 14 22 22 44 41 44 22
1 23 22 22 42 11 22 32 11 44 41 22
1 22 22 22 44 11 22 33 11 44 44 22
1 23 23 22 42 14 23 32 11 41 41 24
1 22 22 33 42 14 22 32 11 44 11 22
1 33 23 22 44 14 23 32 11 41 11 24
1 23 23 23 44 11 23 32 44 41 41 22
1 22 22 33 44 11 23 32 11 44 41 22
1 22 22 22 44 11 22 33 11 44 44 22
1 22 23 22 42 11 22 33 11 44 41 22
1 22 22 22 42 44 23 32 11 44 44 22
1 22 22 23 42 14 33 22 44 44 41 22
1 22 22 22 44 11 22 33 11 44 44 22
1 33 23 23 42 14 23 22 14 41 44 22
1 23 23 23 42 11 33 32 11 44 44 22
1 33 33 22 22 11 33 22 44 41 11 24
1 23 22 22 42 14 33 32 44 44 44 22
1 23 23 23 42 11 22 33 14 41 41 22
1 23 23 23 42 44 33 32 44 41 41 22
1 23 22 22 44 14 23 32 11 44 44 22
1 23 33 33 42 44 23 22 14 44 41 24
1 23 23 23 42 14 22 33 14 41 44 22
1 22 22 23 44 11 22 33 11 44 44 22
1 23 23 22 22 14 23 32 11 44 44 22
1 22 23 23 44 11 33 22 14 11 44 22
1 22 22 22 42 14 22 22 14 41 41 22
1 23 23 23 22 11 22 32 11 41 44 22
1 22 22 22 44 11 22 33 11 41 44 22
1 22 22 22 44 11 23 32 11 44 44 22
1 23 23 23 44 11 23 32 11 41 44 22
1 22 23 22 44 11 23 33 11 11 11 22
1 33 23 22 42 14 23 33 11 41 44 24
1 33 33 23 42 44 23 22 11 11 41 22
1 23 23 33 44 14 33 22 14 41 41 24
1 22 22 22 44 11 22 33 14 44 44 22
1 23 22 22 44 11 22 33 11 44 44 24
1 23 23 22 22 11 33 32 14 44 11 24
1 23 23 23 42 14 23 32 14 41 41 24
1 22 23 23 42 14 23 32 11 41 41 22
1 22 23 22 42 11 22 32 14 44 41 22
1 23 23 33 22 14 33 22 44 41 11 24
1 22 23 22 42 14 23 32 11 41 41 24
1 23 23 23 42 14 23 32 14 11 41 24
1 23 22 22 44 11 22 32 14 44 44 44
1 23 22 22 42 11 23 32 14 41 44 22
1 23 23 22 42 11 23 32 11 44 41 22
1 23 23 22 44 11 22 33 11 44 44 22
1 22 23 23 44 11 23 32 11 41 44 24
1 23 22 22 44 14 23 33 14 41 41 22
1 23 22 23 22 11 23 33 11 44 44 22
1 22 23 22 44 11 23 32 11 41 44 22
1 22 23 23 42 11 22 32 14 41 44 22
1 22 22 22 44 11 23 22 11 41 41 24
1 23 23 23 42 14 23 32 14 41 41 22
1 22 22 22 44 14 23 32 11 11 41 22
1 23 23 23 42 14 23 32 14 41 41 24
1 22 23 22 44 11 22 33 11 44 44 22
1 23 22 23 44 14 22 32 11 41 44 22
1 22 23 22 44 11 23 32 11 41 44 22
1 22 22 22 44 11 22 33 11 44 44 22
1 33 33 33 22 44 23 22 44 41 11 24
1 23 23 22 44 14 23 32 11 44 41 22
1 22 22 22 44 11 22 33 11 44 44 24
1 23 23 23 44 14 23 32 11 44 44 22
1 23 23 22 44 11 23 32 11 44 41 22
1 23 23 33 42 14 23 22 14 41 41 24
1 22 22 22 44 11 23 22 11 44 44 22
1 22 23 22 44 14 33 22 14 44 41 22
1 22 23 23 44 11 33 32 11 44 41 22
1 22 23 23 44 11 33 32 11 44 44 22
1 23 22 33 42 11 23 33 11 41 41 22
1 23 22 33 22 44 23 32 11 11 41 22
1 23 22 33 44 14 23 22 11 44 44 22
1 22 23 23 22 11 23 32 14 41 44 24
1 23 22 22 42 44 33 32 44 41 44 22
1 33 22 33 22 14 23 32 11 41 44 22
1 22 22 22 42 11 33 33 11 41 44 22
1 22 22 22 42 11 23 33 14 41 41 24
1 22 23 33 44 11 23 22 14 44 44 24
1 22 22 23 44 14 23 32 11 41 44 22
1 33 22 23 42 14 23 32 14 41 44 22
1 23 22 33 42 14 23 22 14 41 41 24
1 22 23 23 44 11 23 32 11 44 41 22
1 23 23 22 44 14 23 32 14 41 41 22
1 23 22 22 44 11 22 33 11 44 44 22
1 23 22 23 42 14 22 22 14 41 44 22
1 22 22 23 44 11 22 33 11 44 44 22
1 22 22 22 42 11 33 32 14 44 44 22
1 33 23 22 42 11 33 33 14 44 11 24
1 22 22 23 44 14 33 22 11 41 41 24
1 22 33 23 42 44 33 32 14 44 41 24
1 23 23 22 42 14 22 22 11 44 41 24
1 23 22 23 42 11 33 32 11 41 44 22
1 22 22 22 44 11 22 33 11 44 44 22
1 33 23 33 42 44 23 32 14 41 11 24
1 23 23 23 42 14 23 22 44 41 41 22
1 23 23 22 42 11 23 32 14 41 44 22
1 23 23 22 44 11 23 32 14 44 44 24
1 23 22 22 44 11 22 33 11 11 41 22
1 23 22 22 44 11 22 32 11 44 11 24
1 23 22 22 44 14 22 33 14 44 44 22
1 22 23 23 42 14 33 33 11 41 44 22
1 22 22 22 44 11 33 32 11 44 44 22
1 22 22 23 44 11 23 33 11 44 44 22
1 22 22 22 42 14 23 32 11 44 44 22
1 22 23 22 42 11 23 32 11 41 44 22
1 22 23 23 44 11 23 32 11 41 44 24
1 22 22 22 44 11 22 33 11 44 44 22
1 23 23 23 42 11 23 32 14 41 41 24
1 22 22 23 42 14 33 32 11 11 41 22
1 22 22 22 42 11 23 33 11 41 44 22
1 22 22 22 42 14 23 32 11 44 41 22
1 22 22 33 42 14 23 32 11 41 41 22
1 23 33 22 44 11 22 32 44 41 44 22
1 22 22 23 42 11 22 22 11 41 41 24
1 23 23 23 42 14 23 32 14 41 44 22
1 23 22 33 44 14 22 22 14 41 44 22
1 22 22 23 42 11 33 33 14 44 41 24
1 22 23 23 42 11 33 32 14 41 41 24
1 23 23 22 44 14 23 32 11 41 41 22
1 23 23 23 22 14 23 22 14 11 11 24
1 22 22 22 44 11 22 33 11 44 41 22
1 22 22 22 44 11 22 33 11 44 44 22
1 23 33 23 22 14 33 22 44 11 11 22
1 23 22 22 42 11 22 33 14 41 41 22
1 22 22 23 42 14 23 32 11 41 41 24
1 23 22 22 42 14 23 33 11 44 44 22
1 23 33 22 42 44 23 22 14 44 41 24
1 22 23 22 44 11 23 32 11 44 44 22
1 22 22 33 44 11 22 32 11 44 44 24
1 23 33 22 22 44 33 33 11 11 41 24
1 23 23 22 44 44 22 22 14 44 41 22
1 23 23 22 42 14 22 33 14 44 44 24
1 22 23 22 44 11 22 33 11 44 41 22
1 22 23 23 42 14 23 22 44 41 11 22
1 22 22 22 44 11 23 33 11 44 44 22
1 23 23 22 44 14 33 22 14 41 41 24
1 23 22 23 22 44 33 32 11 41 11 44
1 22 23 23 44 14 23 32 11 11 41 22
1 23 22 22 42 11 23 32 11 44 44 22
1 23 23 23 42 11 23 32 11 41 41 22
1 22 23 33 42 11 23 32 11 41 41 24
1 23 23 33 22 14 23 22 44 11 41 24
1 23 23 23 44 14 23 32 11 41 41 22
1 33 22 22 22 11 33 22 11 41 44 22
1 33 23 23 44 14 23 32 14 44 41 24
1 22 22 22 44 11 33 32 11 44 41 22
1 22 23 22 22 11 22 32 14 41 41 22
1 22 22 22 44 11 23 33 14 44 44 22
1 22 23 23 42 14 23 22 11 41 41 24
1 23 22 23 42 11 23 33 11 41 41 22
1 23 22 22 44 11 22 22 11 44 41 22
1 22 22 23 42 11 22 32 14 44 41 24
1 23 22 23 22 11 22 33 11 44 41 22
1 23 23 23 44 14 23 22 11 44 44 22
1 23 22 33 22 14 23 22 14 41 41 22
1 22 23 23 44 14 33 33 11 41 41 22
1 23 23 22 42 14 33 33 14 44 11 24
1 23 22 22 42 11 23 32 14 44 41 22
1 22 22 22 44 11 22 33 11 44 44 22
1 33 22 22 44 11 33 32 11 41 44 22
1 22 22 22 44 11 23 33 11 44 41 22
1 33 23 23 22 11 23 22 14 41 11 24
1 22 23 23 44 11 23 32 11 41 41 24
1 23 22 23 42 14 33 32 14 44 41 22
1 23 22 22 42 11 23 32 11 44 11 22
1 33 22 22 44 11 22 32 14 44 11 22
1 22 22 22 44 44 33 33 11 41 41 22
1 33 23 23 44 11 23 22 14 11 44 24
1 23 22 23 42 14 23 32 11 41 11 24
1 22 22 23 42 11 22 32 11 44 44 22
1 22 22 23 44 11 23 33 11 41 41 22
1 22 22 22 44 11 22 32 11 44 41 22
1 23 22 23 42 14 23 32 14 44 41 22
1 23 23 22 44 11 23 32 11 44 41 22
1 22 23 22 42 11 22 32 11 44 41 22
1 23 22 22 44 14 23 33 14 44 44 22
1 23 22 23 44 11 22 32 14 44 41 24
1 22 22 22 42 14 33 33 11 44 41 24
1 23 23 22 42 11 23 33 14 41 11 22
1 23 23 22 44 14 22 32 11 11 41 24
1 23 22 22 42 11 23 22 11 44 41 22
1 23 23 23 44 11 23 22 11 44 41 22
1 22 23 23 44 14 23 33 11 44 11 22
1 23 23 23 42 14 33 32 14 44 11 22
1 22 22 23 44 11 23 32 11 41 41 22
1 22 22 23 42 14 22 33 11 41 44 22
1 22 22 23 42 14 33 33 11 44 44 24
1 23 22 22 44 11 22 32 14 44 44 22
1 33 23 33 22 44 23 22 44 41 41 22
1 22 22 22 44 11 22 33 11 44 44 22
1 23 23 22 42 14 33 22 11 44 44 22
1 22 22 23 42 11 22 33 11 44 44 22
1 23 22 23 44 14 22 32 11 44 41 22
1 23 23 23 42 11 33 22 44 44 11 24
1 22 22 23 44 14 22 32 11 44 44 22
1 23 23 23 44 14 33 32 14 44 44 22
1 22 22 22 44 11 22 32 11 44 44 22
1 23 22 23 44 11 33 32 14 44 11 22
1 23 22 23 42 14 23 22 11 41 41 22
1 22 23 22 42 14 23 32 14 44 41 22
1 23 23 22 22 11 23 22 14 41 41 24
1 23 23 22 44 11 23 22 14 44 41 22
1 22 33 23 42 11 22 22 14 44 41 22
1 22 22 22 44 11 22 32 14 44 44 22
1 23 22 23 42 14 33 32 11 41 44 44
1 23 23 22 44 11 23 33 11 44 44 22
1 23 23 23 42 14 22 22 11 41 41 22
1 33 23 23 44 44 33 32 11 41 41 22
1 23 22 22 44 11 22 33 11 44 44 22
1 23 22 22 42 14 22 32 11 41 41 22
1 23 33 23 42 11 22 32 11 41 44 22
1 23 23 23 42 14 23 32 14 11 41 24
1 22 23 23 44 14 33 32 11 44 41 22
1 22 23 22 44 11 23 32 11 44 44 22
1 23 23 22 42 11 33 32 14 11 41 22
1 22 22 23 44 11 23 32 11 41 41 22
