 rs12088027 rs17441375 rs811400 rs12058103 rs11582310 rs17441830 rs1972306 rs11120780 rs6688732 rs7546903 rs2063313 rs10492951 rs950493 rs3810982 rs1876848 rs17030041 rs17030044 rs6691442 rs6577393 rs11586867 rs4908427 rs4908428 rs1892261 rs12751613 rs12122806 rs867389 rs4908574 rs2412219 rs6577395 rs12043429
0 22 13 11 11 11 44 14 41 11 44 14 44 14 44 41 33 23 11 44 23 44 44 42 11 23 14 11 41 23 32
0 22 13 11 14 44 11 44 44 41 14 11 14 11 44 41 33 23 14 44 22 11 44 42 11 22 11 11 44 22 32
0 22 13 11 11 41 14 11 44 44 14 11 14 14 41 11 32 22 14 41 23 14 41 42 11 23 44 44 44 22 32
0 22 33 11 14 44 14 14 41 41 11 14 14 14 44 44 32 23 14 44 33 14 41 44 13 23 44 14 11 22 33
0 22 13 14 11 44 44 14 41 41 44 14 14 11 41 41 32 23 11 44 23 11 41 42 11 33 11 11 41 22 33
0 22 13 11 14 44 44 44 41 44 44 14 14 14 41 41 33 23 11 41 33 14 11 44 11 33 14 11 11 22 33
0 22 33 11 11 41 11 14 41 44 14 11 44 14 44 44 33 22 14 44 22 44 41 44 11 22 11 14 41 22 32
0 22 13 11 14 44 11 11 44 44 14 11 11 11 44 44 33 22 11 41 23 11 41 44 11 23 11 44 44 22 33
0 22 13 11 11 41 11 44 41 44 14 11 11 14 44 41 32 23 14 41 23 11 44 42 13 22 14 14 44 22 32
0 23 33 11 14 41 14 11 11 11 11 11 14 11 44 44 33 33 11 44 22 44 41 44 11 23 14 11 41 22 33
0 22 11 11 11 41 11 11 41 11 14 14 11 14 44 44 33 23 11 41 23 14 41 44 11 23 11 11 44 23 33
0 23 33 14 14 11 14 44 44 41 44 14 14 11 41 44 32 23 14 44 33 44 41 22 11 22 14 11 44 22 32
0 23 11 11 44 44 44 44 41 11 44 11 44 14 41 41 32 22 44 41 33 14 11 42 13 22 14 11 11 22 33
0 22 11 11 11 44 11 11 44 44 14 11 11 11 44 44 33 23 11 44 22 11 41 42 11 22 11 11 44 22 33
0 22 13 11 11 41 11 11 41 41 14 11 14 11 44 11 32 22 11 44 22 11 41 42 11 23 14 11 44 23 33
0 23 11 11 11 41 44 44 41 44 14 11 14 14 44 41 32 33 11 44 23 14 41 42 11 23 14 14 41 22 32
0 23 11 14 14 41 14 11 41 44 44 11 14 44 44 11 32 23 14 44 22 14 41 42 11 23 11 14 41 22 32
0 23 11 11 11 41 44 44 41 44 11 44 11 11 44 44 32 22 14 41 23 14 41 44 11 23 14 11 44 22 32
0 22 13 14 14 41 44 14 41 11 44 11 11 44 41 44 22 33 44 41 23 14 11 22 13 22 14 11 44 23 32
0 22 13 11 11 44 11 14 11 44 11 14 11 11 44 41 33 33 14 41 22 44 44 42 11 22 14 14 44 23 32
0 23 13 11 11 41 14 14 44 44 44 11 14 44 44 41 32 22 11 41 22 14 11 44 13 22 11 11 44 22 32
0 22 13 11 11 44 11 14 44 41 44 14 11 14 44 44 33 23 14 41 23 11 44 44 11 23 14 11 44 22 32
0 22 33 11 11 41 44 44 44 44 14 11 11 14 41 41 32 22 14 44 33 11 44 44 11 22 14 11 44 22 33
0 22 11 14 14 11 14 14 41 41 14 11 14 14 41 41 32 33 14 41 22 11 41 44 11 23 14 11 41 22 32
0 22 11 11 11 41 14 11 44 41 11 11 14 11 44 44 33 22 11 44 22 11 44 44 11 22 11 14 44 22 33
0 23 33 11 44 44 14 14 44 41 44 11 14 11 44 41 33 23 11 44 23 14 44 42 11 23 11 11 41 22 33
0 22 13 14 11 44 14 14 11 41 14 11 44 44 41 41 32 33 11 44 22 44 41 42 13 33 44 14 41 33 32
0 22 11 11 14 41 14 14 44 11 44 11 14 14 41 44 32 23 11 11 22 11 11 42 11 23 11 11 44 23 33
0 22 13 11 14 41 14 44 41 44 14 14 11 11 44 44 32 22 11 44 33 11 41 44 11 23 11 14 44 22 33
0 22 33 11 14 41 14 14 41 41 44 11 14 11 44 11 33 33 14 41 33 14 11 42 11 23 14 11 41 33 32
0 22 33 14 11 44 14 14 41 11 14 11 11 11 44 41 33 22 11 44 33 14 44 42 11 23 14 11 41 22 33
0 22 11 11 14 44 14 11 41 41 14 11 11 11 44 44 33 33 14 44 23 14 41 44 11 22 11 11 41 22 32
0 33 13 11 11 41 14 44 41 41 14 14 11 14 41 44 32 33 44 41 23 44 41 44 11 23 14 11 11 22 33
0 22 13 11 11 44 14 11 41 44 11 11 11 11 44 44 32 23 14 44 23 11 44 42 11 22 11 11 44 23 33
0 23 33 14 11 41 44 44 41 11 14 14 14 14 44 41 32 23 14 41 23 14 44 42 13 23 44 14 44 23 32
0 22 11 11 14 44 14 11 41 44 14 11 14 11 44 44 33 22 14 41 23 14 44 42 13 23 44 14 44 23 33
0 22 33 14 11 41 14 44 41 44 44 14 44 11 44 11 32 22 11 41 23 14 41 44 13 22 11 14 44 23 33
0 22 13 11 11 41 14 14 41 11 11 11 14 11 41 44 32 22 14 11 22 14 41 44 11 23 11 11 41 22 33
0 23 13 11 11 11 14 44 41 41 14 11 14 14 11 41 33 22 14 41 33 14 41 42 13 22 11 11 41 23 33
0 22 13 11 14 41 14 14 41 44 14 14 11 11 44 41 33 23 11 41 23 11 11 44 11 23 14 14 41 22 33
0 22 13 11 11 41 14 44 44 44 44 11 11 14 44 11 33 22 14 41 33 11 44 44 13 23 14 14 44 23 32
0 22 13 11 14 41 44 11 44 41 11 11 11 11 44 41 33 22 11 44 22 11 44 44 11 22 11 14 44 22 33
0 22 13 14 11 44 14 14 41 44 44 14 11 11 44 41 33 22 11 44 22 11 11 42 11 22 14 11 41 22 33
0 22 33 11 11 41 14 44 41 44 44 11 44 11 41 44 33 23 14 44 33 11 44 42 11 23 44 14 41 23 32
0 33 11 11 11 11 11 11 44 11 11 11 14 11 41 44 33 22 14 44 23 11 41 42 11 22 14 11 11 23 33
0 23 33 11 11 44 11 11 44 44 11 11 11 11 44 44 33 22 11 44 23 11 44 44 11 22 11 11 44 22 33
0 23 11 14 14 41 11 11 44 44 14 14 14 14 44 41 22 23 11 11 23 14 11 42 11 22 11 11 41 22 32
0 22 33 14 14 44 44 14 11 41 44 14 14 14 44 41 33 33 44 44 22 14 11 44 11 23 14 14 41 22 33
0 22 13 14 14 11 11 14 41 41 14 11 14 11 44 44 33 22 14 41 23 11 41 44 11 23 11 11 11 23 33
0 22 33 11 11 41 11 14 44 44 14 11 14 11 44 44 33 22 14 44 22 14 41 44 11 22 11 11 44 22 33
0 23 13 11 44 44 14 44 44 41 11 11 11 14 44 44 33 23 14 11 23 14 44 42 11 33 14 11 41 22 32
0 22 13 11 11 44 14 14 11 41 11 11 14 11 44 41 32 23 14 41 33 11 41 44 11 22 11 11 44 22 33
0 23 11 11 11 41 44 44 11 41 14 11 14 14 44 41 32 23 14 44 33 14 41 44 11 22 14 11 41 33 22
0 23 13 11 11 41 11 11 44 41 14 11 11 11 44 44 33 22 14 44 22 11 44 42 11 22 11 11 44 22 32
0 22 13 11 11 41 14 11 44 41 14 14 14 11 44 44 33 23 14 44 23 14 41 44 13 22 11 11 44 22 33
0 22 13 14 11 41 44 14 44 41 14 11 11 44 44 41 33 22 11 44 23 14 11 44 11 22 11 11 44 22 33
0 22 11 11 14 41 14 14 41 41 14 14 44 14 44 41 33 23 14 11 23 44 11 42 11 33 14 11 41 23 32
0 22 13 11 11 44 11 11 41 44 14 14 14 14 44 44 33 22 14 41 23 11 41 44 11 22 11 14 41 23 33
0 22 13 11 11 41 44 14 44 44 11 11 14 14 44 11 33 22 11 41 22 44 41 44 11 22 11 11 41 22 33
0 22 33 11 11 41 14 14 41 44 44 11 14 14 44 44 33 22 14 41 22 11 41 44 11 23 14 14 44 22 33
0 33 11 11 11 41 14 14 44 44 11 11 14 11 44 41 33 22 14 44 23 44 44 42 11 23 11 11 41 22 33
0 22 11 11 14 44 11 14 41 44 44 11 14 11 44 11 32 22 11 44 23 11 44 44 11 23 14 11 41 22 33
0 23 13 14 14 41 14 14 44 44 44 14 11 14 44 44 33 23 11 41 22 11 11 44 13 22 11 44 41 22 32
0 22 11 11 11 11 44 14 44 44 14 11 14 11 44 44 33 23 11 11 23 11 44 44 13 22 11 14 44 23 33
0 22 33 11 14 41 14 14 41 44 44 11 11 14 44 41 32 33 14 41 33 11 41 42 11 22 14 11 44 23 33
0 22 13 14 11 11 11 11 41 41 11 11 11 11 44 41 33 23 11 44 33 14 11 42 13 22 11 11 41 22 33
0 22 13 14 11 44 14 14 41 44 11 11 14 11 44 44 33 23 11 44 23 14 41 44 11 22 11 11 44 22 33
0 22 11 11 14 44 44 14 41 41 14 14 14 14 44 11 33 22 14 41 33 14 44 42 11 23 14 11 41 22 33
0 22 13 14 11 44 14 11 41 41 14 11 14 11 44 41 33 22 11 44 23 11 44 44 11 22 11 14 44 22 32
0 22 33 11 11 44 44 14 41 44 11 11 14 11 44 41 33 23 11 44 33 11 44 22 13 33 14 14 41 22 33
0 22 11 11 11 41 14 14 41 41 44 14 11 11 44 41 32 22 14 44 33 14 41 22 13 22 14 11 41 22 32
0 23 33 11 14 11 14 44 41 44 14 11 14 11 44 41 33 23 14 44 23 11 11 42 13 22 11 44 44 23 32
0 22 11 11 11 44 14 14 11 11 44 11 11 14 41 41 32 22 11 44 22 11 41 42 11 22 14 11 44 22 32
0 22 13 11 14 44 14 14 44 41 44 11 44 11 44 41 33 23 14 44 23 11 41 22 11 22 11 11 44 22 33
0 23 33 11 14 41 14 44 41 41 14 14 44 14 41 11 33 23 14 41 23 44 11 42 11 23 11 14 44 23 33
0 22 13 11 44 11 44 44 41 41 44 11 14 14 44 41 32 33 14 44 33 44 41 42 13 22 11 11 44 22 32
0 23 13 11 11 41 14 14 41 44 14 11 11 11 44 44 33 22 11 41 22 11 44 42 11 22 11 11 44 22 33
0 22 11 11 44 44 11 14 44 41 14 11 11 11 44 41 33 22 14 41 23 11 44 44 13 23 14 11 11 22 32
0 22 13 11 11 11 14 14 41 41 11 11 44 11 44 41 33 23 14 11 23 11 41 44 13 23 11 11 44 22 33
0 23 11 11 11 41 14 14 44 44 44 11 11 11 44 44 33 23 14 41 23 11 41 42 11 22 11 11 44 22 32
0 22 13 11 11 44 11 11 44 44 14 11 14 11 44 44 33 22 11 44 22 14 44 42 13 22 11 11 44 22 33
0 22 13 11 11 44 11 14 44 41 44 14 11 11 44 41 32 22 11 44 22 14 41 44 13 22 44 11 44 22 33
0 22 11 11 14 44 44 14 44 44 14 11 14 11 44 41 32 33 11 44 22 14 44 44 11 23 11 14 44 22 33
0 22 11 11 11 41 11 44 41 41 44 11 44 14 44 44 33 22 11 44 33 11 44 44 13 23 11 11 44 22 33
0 22 33 11 11 11 14 11 44 41 14 14 14 11 41 44 33 22 11 41 22 44 44 44 11 22 11 11 44 22 32
0 22 13 14 11 44 11 14 44 41 14 11 14 11 44 41 32 23 11 44 23 11 41 42 11 23 14 11 44 22 33
0 22 13 11 14 44 11 11 44 44 14 11 11 11 44 44 33 22 11 41 22 14 44 42 11 22 14 11 44 23 33
0 22 13 11 11 44 14 14 44 41 14 11 11 11 44 44 33 22 11 44 23 11 44 42 11 23 11 11 44 22 33
0 22 33 14 14 41 11 44 41 44 11 11 14 11 44 44 33 23 11 41 23 11 44 44 13 22 14 14 11 22 32
0 22 11 11 14 44 14 44 41 44 14 14 14 14 41 44 33 23 14 44 23 14 41 44 11 22 14 11 44 22 33
0 22 33 14 11 41 44 11 41 11 44 11 14 11 44 41 33 22 11 44 33 14 41 42 11 22 44 44 44 22 33
0 23 13 11 14 44 14 14 44 41 44 14 14 11 44 44 32 22 11 41 22 11 41 44 11 22 11 11 44 22 32
0 22 11 11 14 44 14 11 44 44 11 11 11 11 44 44 33 22 14 44 23 11 44 44 11 23 11 14 44 23 33
0 22 11 11 11 44 11 11 44 41 11 11 11 11 41 44 33 22 11 44 23 14 41 44 11 22 11 11 44 22 33
0 23 13 14 14 41 14 44 44 41 44 14 14 44 44 41 32 33 14 11 23 44 11 42 11 22 11 14 41 23 33
0 22 13 11 14 44 44 44 41 41 44 11 14 11 44 41 32 23 11 44 33 11 41 44 33 33 44 11 41 22 33
0 22 13 11 11 41 14 14 41 44 14 11 14 14 41 41 33 22 11 44 23 14 41 44 11 22 14 11 41 22 33
0 22 11 11 11 41 11 14 44 41 14 11 14 11 41 41 33 23 11 44 33 11 41 42 13 23 11 11 44 22 33
0 22 13 11 14 11 14 44 44 11 14 11 11 11 44 44 33 33 14 44 23 14 41 44 11 22 11 11 41 22 33
0 22 11 11 14 41 11 11 41 44 11 11 14 44 41 44 22 23 14 44 22 14 44 44 11 22 14 11 44 23 33
0 23 13 11 11 44 14 44 11 11 44 11 14 14 11 11 32 33 14 41 22 14 41 42 13 22 14 14 41 22 33
0 22 13 11 14 44 14 14 44 41 14 11 11 14 44 44 33 22 11 44 23 14 41 44 11 22 11 14 44 22 33
0 22 33 14 14 44 44 14 41 11 14 11 14 14 41 41 33 22 11 44 23 44 11 22 13 23 14 44 44 23 32
0 22 11 11 14 41 11 11 41 44 14 11 11 44 44 44 33 23 11 44 22 11 44 42 11 22 11 11 44 22 32
0 22 13 11 11 44 14 14 44 44 14 11 14 14 41 44 33 23 14 44 23 11 41 44 11 23 14 11 44 22 33
0 22 13 14 11 41 11 14 44 41 14 11 11 14 44 11 33 22 44 44 23 11 41 42 11 22 11 14 44 23 32
0 33 11 11 14 41 44 44 44 11 44 14 14 14 44 44 32 33 14 11 22 11 11 44 13 22 44 44 41 23 33
0 22 11 11 11 44 11 14 41 44 11 11 11 11 44 41 33 23 11 44 23 11 41 44 11 22 14 11 44 23 33
0 22 13 14 11 41 14 14 11 41 44 14 14 11 41 44 33 22 11 41 22 14 41 44 11 22 11 11 44 22 33
0 22 11 11 14 41 11 11 44 41 14 11 11 11 44 44 33 33 14 41 33 11 41 44 11 22 11 11 11 22 32
0 23 11 11 14 44 11 44 44 44 14 11 44 14 41 41 33 23 11 44 22 14 41 44 13 22 11 14 44 23 22
0 22 11 11 14 41 44 44 41 41 11 11 14 14 44 44 33 23 44 44 23 11 44 22 11 22 11 11 44 23 33
0 22 33 14 14 11 14 14 44 41 11 11 14 11 44 41 33 23 14 11 23 14 44 44 11 23 11 11 41 22 32
0 22 33 11 11 41 14 14 41 44 11 11 14 14 44 41 33 33 44 44 22 11 41 42 13 23 11 11 41 23 33
0 23 13 11 11 44 11 14 41 44 11 11 11 14 41 44 33 23 14 44 22 14 44 44 11 23 14 11 41 23 32
0 22 33 11 14 41 14 14 44 44 14 44 14 44 41 44 33 22 11 41 22 11 44 42 11 22 11 11 44 22 32
0 22 13 11 14 41 14 14 41 41 14 11 14 14 41 41 32 22 14 44 33 11 44 44 11 22 14 14 44 23 32
0 22 33 11 11 41 14 11 44 44 44 11 11 11 44 41 32 23 14 44 23 14 41 44 11 23 11 11 44 22 33
0 22 13 11 11 44 44 44 41 41 14 11 14 14 41 44 22 22 44 41 23 11 11 22 33 22 11 11 44 23 32
0 22 11 11 11 44 11 14 41 11 11 11 14 14 44 11 33 23 14 44 22 11 11 44 11 22 11 14 44 22 32
0 23 13 11 14 41 14 14 11 41 14 14 14 11 44 41 32 22 14 41 23 14 41 42 13 33 14 14 41 22 32
0 22 13 14 14 41 14 11 41 44 11 14 11 11 44 44 33 23 11 41 23 11 41 44 13 22 14 11 41 23 33
0 23 11 14 14 11 14 14 41 41 44 14 14 14 41 41 32 23 11 41 23 14 41 42 11 22 14 44 41 22 32
0 22 11 11 11 44 11 44 41 44 14 11 14 44 44 44 33 22 14 41 23 11 11 44 11 22 11 11 44 22 33
0 22 13 14 11 41 14 11 44 44 14 11 11 14 44 41 33 22 14 44 23 14 44 42 11 22 14 11 44 22 33
0 22 11 11 11 44 11 14 44 44 11 11 14 14 44 41 33 23 14 44 22 11 44 22 11 23 14 11 41 22 33
0 22 13 11 11 44 11 11 44 44 14 11 14 14 44 44 33 23 11 44 22 11 11 42 11 23 14 14 44 22 33
0 22 13 11 11 44 14 14 44 41 11 11 11 11 44 41 33 22 11 44 23 11 41 42 11 22 14 11 44 22 33
0 22 13 11 14 41 11 14 44 41 11 14 14 11 44 11 33 23 14 41 33 44 11 42 11 33 14 11 41 22 22
0 22 13 11 11 44 14 14 44 41 14 14 14 14 44 44 33 23 14 41 23 11 41 42 11 22 11 11 44 23 32
0 23 33 11 14 41 44 44 41 41 44 11 14 44 41 44 33 22 14 41 23 11 11 42 13 22 14 11 44 22 33
0 23 13 14 14 41 44 14 44 41 44 11 44 11 44 44 33 22 44 41 23 14 11 44 11 23 11 11 44 22 33
0 22 13 11 14 41 14 44 41 11 44 11 14 44 41 44 33 23 14 44 23 14 11 42 13 23 11 44 11 22 33
0 22 11 11 11 41 11 11 41 44 11 11 14 11 44 44 33 23 14 41 33 14 44 42 13 23 11 11 44 22 33
0 23 13 11 44 41 14 44 44 41 14 14 44 11 41 44 22 33 11 44 23 11 41 44 11 22 11 14 44 23 33
0 22 11 11 14 41 44 14 41 41 14 11 11 14 44 44 32 33 44 11 23 14 41 42 13 33 44 14 41 22 32
0 23 33 11 14 11 14 14 41 41 44 14 44 11 44 44 33 33 14 41 33 14 41 22 11 33 44 11 44 22 33
0 22 13 11 14 44 14 44 41 11 14 11 11 14 44 41 32 23 44 44 33 14 11 42 11 23 14 44 44 22 33
0 22 33 11 14 44 14 14 41 44 44 11 11 14 44 44 33 23 11 11 23 11 41 42 11 23 11 11 41 22 33
0 22 13 11 14 44 14 14 41 44 11 11 11 11 11 41 32 23 11 44 23 14 41 44 11 23 14 14 44 22 32
0 22 13 11 11 44 11 11 41 44 11 11 14 14 44 41 33 22 11 41 23 14 11 42 13 23 11 11 44 22 33
0 22 13 11 11 41 14 14 41 41 14 14 11 14 41 44 33 22 44 44 23 11 41 44 13 23 11 11 41 22 33
0 23 33 11 14 44 11 14 41 44 44 11 14 11 41 11 33 33 11 41 23 14 41 22 13 22 14 14 41 22 32
0 23 33 11 14 44 14 14 44 41 11 14 14 11 44 11 33 23 14 41 23 14 41 42 11 23 14 11 11 22 33
0 23 13 11 11 44 44 11 41 41 14 11 44 14 41 44 32 23 14 41 22 14 11 44 11 33 44 11 41 23 33
0 23 11 14 14 44 14 14 44 41 44 11 14 44 44 44 33 33 14 41 33 14 44 42 11 22 11 44 41 22 33
0 22 33 14 14 41 14 14 44 44 14 14 11 11 41 44 32 33 11 44 23 14 44 42 13 23 11 14 44 23 33
0 23 13 11 11 44 14 14 11 44 11 11 11 11 44 41 33 23 14 41 22 14 41 42 11 22 11 14 44 22 33
0 23 33 44 11 41 11 44 41 41 44 14 11 11 44 41 33 33 11 44 23 11 11 42 11 23 14 14 41 23 32
0 23 33 11 11 44 14 11 44 44 14 14 11 14 41 41 33 22 14 41 23 11 41 42 11 22 44 11 41 22 32
0 22 33 14 14 41 14 14 11 41 14 11 14 44 44 44 33 33 44 41 23 44 11 42 11 33 11 14 41 23 33
0 23 13 11 44 44 44 11 11 41 44 44 14 11 44 11 32 23 44 44 23 14 44 44 13 22 14 11 44 22 32
0 22 11 14 11 41 14 14 11 41 11 11 14 14 44 44 32 22 11 44 33 11 41 42 11 23 14 11 44 22 33
0 23 13 11 44 11 11 44 44 11 14 11 14 11 44 11 33 22 14 41 23 14 11 44 11 23 11 11 41 23 33
0 22 13 11 14 44 11 11 41 11 14 14 44 11 44 44 32 33 11 44 23 44 44 42 11 22 14 11 44 22 32
0 23 11 11 14 44 14 14 11 41 14 14 11 14 44 44 33 22 11 41 22 11 44 44 13 23 14 11 44 22 33
0 22 13 11 11 41 14 14 41 44 44 11 11 14 44 44 33 22 11 41 23 14 41 42 11 22 11 11 44 22 22
0 22 13 11 14 44 11 14 41 44 44 11 11 44 41 41 33 23 11 44 23 11 41 44 11 23 11 11 44 23 33
0 23 13 14 14 41 44 44 44 41 44 11 44 14 41 41 22 22 11 41 33 14 41 42 11 22 14 11 41 22 33
0 22 33 11 11 44 11 14 41 41 14 11 14 14 44 41 33 23 14 44 33 11 44 42 13 22 11 14 44 22 33
0 22 11 11 11 44 44 14 44 44 11 14 14 11 44 41 33 23 14 44 33 11 11 44 11 23 11 11 44 22 33
0 22 11 11 11 44 14 14 44 41 14 11 14 14 44 44 33 33 11 11 23 11 44 44 11 23 11 14 44 23 33
0 22 33 11 11 41 14 14 41 44 11 14 14 14 44 41 33 23 11 44 22 14 41 42 11 22 14 11 44 23 33
0 23 13 11 11 41 14 14 44 44 11 11 11 14 44 44 33 23 14 41 23 11 41 42 33 23 14 11 44 23 33
0 22 13 11 11 44 14 14 41 44 44 11 11 14 44 11 33 22 14 44 23 11 11 42 11 22 14 11 44 22 32
0 22 11 11 14 44 11 11 44 44 14 11 11 14 41 41 32 33 11 44 22 11 44 44 11 33 14 11 44 22 33
0 22 13 11 11 44 11 11 44 44 11 14 44 11 44 44 32 33 11 11 23 11 41 44 13 23 14 11 44 22 33
0 22 33 11 14 44 11 44 41 41 14 11 11 44 44 41 32 22 11 41 33 11 41 44 11 22 11 14 44 22 32
0 22 33 11 11 41 14 11 44 44 14 11 11 14 44 41 33 23 11 44 23 11 44 42 11 23 11 11 41 23 33
0 22 13 11 11 44 11 14 44 44 11 11 11 11 44 44 33 22 11 44 23 14 44 44 11 22 44 11 44 22 33
0 22 13 11 14 44 44 14 41 44 14 11 14 11 41 41 33 23 44 41 22 11 11 44 11 23 14 11 44 33 32
0 23 11 11 14 44 11 14 41 41 14 11 14 11 44 44 33 33 14 41 22 11 44 42 11 22 44 11 11 22 33
0 22 13 14 14 44 14 14 41 44 14 11 14 14 44 41 33 23 11 41 23 14 11 42 11 23 44 14 44 23 33
0 22 11 11 14 41 11 14 44 41 11 11 14 44 44 41 33 23 11 41 22 14 44 44 11 22 11 11 44 22 33
0 22 13 11 14 41 44 14 41 44 14 11 11 14 44 44 33 22 44 11 23 11 44 44 11 22 11 14 41 22 33
0 22 13 11 14 44 11 44 41 44 11 11 11 11 44 44 33 22 11 41 22 11 44 44 11 22 11 11 44 22 22
0 22 11 11 11 11 11 11 11 41 11 11 44 11 41 11 33 33 14 41 23 11 41 42 11 23 11 14 41 22 33
0 22 13 11 11 44 11 14 41 41 11 11 11 11 41 41 33 22 11 11 22 11 41 42 13 22 11 11 41 22 32
0 22 11 14 14 41 44 11 41 44 11 11 14 11 41 41 33 33 44 41 23 11 41 44 11 22 14 11 44 23 33
0 22 13 14 44 11 44 14 41 41 14 11 44 14 44 44 33 23 44 41 33 11 41 42 13 23 11 11 41 23 32
0 22 11 11 14 44 11 14 11 44 14 11 11 14 41 44 33 23 14 41 23 11 44 44 11 22 11 14 44 23 33
0 22 13 11 14 41 14 11 44 41 14 14 11 14 44 41 33 22 14 41 22 11 41 42 13 22 14 44 44 23 33
0 22 11 11 11 41 14 14 41 44 14 11 11 14 44 11 33 23 11 44 23 11 44 22 11 22 11 11 44 22 33
0 22 13 11 14 11 14 14 44 41 44 11 14 11 41 41 33 23 44 41 23 14 11 42 13 23 14 14 44 22 33
0 22 13 11 11 11 11 14 44 41 44 11 14 11 11 44 32 23 11 11 22 14 41 42 13 33 11 11 11 23 32
0 22 13 14 44 41 14 11 44 41 14 14 11 11 44 44 33 23 11 11 22 11 41 42 11 22 11 14 41 22 33
0 22 13 14 11 11 14 44 41 11 14 11 14 11 41 41 33 23 44 44 33 14 11 42 11 23 44 11 44 23 33
0 23 33 14 11 44 11 14 44 41 44 11 14 11 41 41 33 23 11 41 23 14 41 44 11 23 11 11 44 22 32
0 22 11 11 11 41 11 14 41 44 11 11 11 11 44 44 33 22 11 44 22 11 44 44 11 22 11 11 44 23 33
0 22 13 11 44 41 14 44 41 11 44 14 44 44 41 11 33 23 11 41 23 11 11 42 11 23 14 11 41 23 32
0 22 11 11 11 41 14 14 41 41 14 11 14 14 44 41 32 23 11 41 22 11 41 44 11 23 14 14 44 22 33
0 22 13 11 11 44 11 11 44 44 11 11 14 14 41 44 33 22 14 41 22 44 44 44 11 23 11 11 44 22 33
0 22 11 11 11 41 14 14 44 41 14 11 11 14 41 44 33 23 11 41 23 11 41 44 11 22 11 11 41 22 32
0 22 13 11 11 41 14 11 44 41 11 14 11 11 44 44 32 33 11 44 22 11 44 42 11 23 11 11 44 22 33
0 22 33 11 11 41 14 14 41 44 14 11 44 11 44 44 33 23 11 44 23 14 41 42 11 33 11 11 41 22 33
0 22 11 11 11 41 14 14 44 41 14 11 11 11 41 44 33 23 11 44 23 14 44 42 13 23 11 14 41 22 33
0 22 33 11 44 44 14 14 11 44 11 44 44 14 41 41 33 33 44 41 23 11 11 22 11 23 44 44 44 22 32
0 22 11 14 11 41 14 14 41 44 11 11 14 11 41 44 32 23 14 41 22 11 41 44 11 23 14 11 44 22 33
0 22 13 11 11 11 14 44 44 41 44 44 14 14 44 41 33 33 11 41 23 11 44 44 11 23 14 14 41 23 33
0 23 11 14 11 44 44 14 44 41 14 11 14 11 44 41 33 23 14 41 23 11 41 42 11 23 11 11 44 22 33
0 22 13 11 14 44 14 44 41 41 14 14 14 11 44 44 33 23 14 41 23 14 11 42 13 23 11 11 41 23 33
0 23 13 11 11 11 14 44 11 44 11 11 44 14 11 41 33 33 11 11 33 11 41 42 13 23 11 11 41 23 33
0 23 11 11 14 41 14 11 41 41 14 14 44 11 11 41 32 23 14 11 33 14 41 42 11 23 14 11 41 22 32
0 22 13 11 11 41 11 11 44 11 44 11 14 11 44 11 33 23 14 44 23 14 41 42 11 33 14 11 41 23 33
0 22 13 11 11 44 44 14 44 44 14 11 14 14 44 44 33 22 11 41 23 11 41 44 11 22 11 11 41 22 32
0 22 33 11 11 44 11 14 41 41 14 11 14 14 44 44 22 23 14 41 33 11 41 44 11 23 14 14 44 22 32
0 22 11 11 11 44 14 14 41 44 11 14 11 11 44 41 33 22 14 11 22 11 41 44 11 23 14 11 44 22 33
0 23 13 11 11 41 14 14 41 41 14 11 14 11 44 41 32 22 44 44 23 11 41 42 11 23 14 11 44 23 33
0 22 11 11 11 44 11 14 44 44 11 11 11 14 44 44 33 22 11 44 22 11 41 44 11 22 11 11 44 22 33
0 23 13 14 14 44 44 14 44 44 14 11 14 11 44 11 33 33 14 41 33 14 41 44 11 23 14 11 41 22 32
0 22 13 11 11 41 14 11 44 41 14 11 14 11 44 41 33 22 11 44 22 14 41 44 13 23 11 11 44 23 33
0 22 13 11 14 41 11 11 41 44 11 11 14 11 44 41 33 22 14 41 22 14 41 44 13 23 11 11 44 22 33
0 22 33 11 11 41 14 11 44 41 14 14 14 14 41 41 33 23 11 41 23 11 41 42 13 23 11 11 44 22 33
0 23 11 11 11 44 14 11 41 44 11 14 11 14 44 44 33 23 11 11 22 14 44 42 11 22 14 11 41 22 33
0 22 11 11 14 44 44 44 41 41 11 11 11 11 44 44 22 33 11 41 33 11 41 44 13 23 11 11 41 22 33
0 23 13 14 14 11 14 14 44 44 11 44 14 11 44 44 32 23 11 11 22 44 11 44 11 23 14 14 44 22 32
0 23 13 11 14 44 44 11 11 11 44 11 14 14 44 44 33 22 14 44 23 14 41 44 11 23 11 14 41 23 33
0 22 11 11 11 44 14 14 44 41 14 11 11 14 41 44 33 22 14 44 22 14 41 44 11 23 14 14 44 22 33
0 23 13 14 11 41 14 14 44 41 11 11 11 11 44 44 33 23 14 11 22 11 41 42 11 23 14 11 44 22 33
0 22 11 11 14 44 14 11 41 41 14 11 11 11 44 44 33 22 11 44 23 11 41 44 11 23 11 11 44 22 33
0 23 13 11 11 44 44 14 41 44 14 14 14 11 44 44 32 22 14 44 23 11 44 44 11 23 14 14 41 22 32
0 22 11 11 11 41 14 11 44 44 14 14 14 11 41 44 33 22 11 44 23 14 44 44 11 23 14 11 44 22 33
0 22 13 11 11 11 14 14 41 41 44 11 11 11 44 41 33 22 14 44 23 11 41 44 11 22 11 11 11 23 33
0 23 33 14 14 44 14 44 41 11 14 11 11 11 41 41 32 23 14 41 33 44 11 42 11 23 44 11 44 22 33
0 22 11 11 14 41 11 44 44 44 11 11 14 14 44 41 33 23 14 41 33 14 41 42 13 22 11 11 41 22 33
0 22 13 11 14 41 11 14 44 44 14 14 14 11 41 44 22 22 11 41 23 11 44 44 11 23 14 11 41 22 33
0 22 11 11 11 11 14 14 44 44 14 11 11 11 44 41 33 22 14 41 22 14 44 44 13 23 14 14 44 22 32
0 22 11 14 11 41 14 14 41 41 44 14 11 14 44 11 33 33 14 41 23 11 11 42 13 22 11 11 44 22 32
0 23 11 11 11 41 14 14 11 41 11 14 14 14 44 44 32 23 14 44 23 14 44 44 11 23 11 11 44 22 33
0 22 13 11 11 44 11 44 44 41 44 11 11 14 44 41 33 22 11 41 23 11 41 44 11 22 11 11 44 22 33
0 22 11 11 11 44 11 14 11 44 14 11 11 11 44 41 33 23 11 41 23 11 11 44 11 23 14 14 44 22 32
0 22 11 11 14 44 44 14 44 41 44 11 11 11 41 41 33 23 11 41 23 11 44 42 11 22 11 14 44 22 33
0 22 13 14 11 11 11 44 41 41 14 11 11 11 44 11 32 22 14 11 33 11 41 44 13 22 14 14 41 23 32
0 22 13 11 11 41 14 14 44 41 44 14 44 11 44 44 33 23 11 44 23 11 41 42 13 33 14 11 44 22 33
0 22 11 11 11 44 14 11 41 41 14 11 44 11 44 44 33 33 11 11 23 11 41 44 11 33 11 14 44 22 33
0 22 13 11 11 44 14 11 44 44 11 11 11 11 44 44 33 22 11 44 22 11 44 44 11 22 11 11 44 22 33
0 23 11 14 11 41 44 11 41 11 14 11 11 11 44 41 32 23 14 11 22 14 11 44 11 33 14 14 44 33 33
0 22 33 11 11 44 44 11 41 41 14 11 14 11 44 41 33 33 11 44 22 11 44 44 11 22 11 14 44 22 33
0 22 11 11 14 41 14 11 44 44 11 14 11 11 44 41 33 23 14 44 23 11 41 44 11 22 11 11 44 22 32
0 22 11 11 11 44 11 14 44 44 44 11 14 11 44 44 32 23 11 44 23 11 44 44 11 22 11 11 44 22 33
0 22 11 11 11 44 14 14 41 41 11 11 14 14 44 41 33 23 11 44 23 11 41 44 13 23 11 14 44 22 32
0 23 13 14 14 41 14 14 11 11 11 11 14 11 44 41 33 23 44 44 23 14 44 42 11 22 11 11 41 22 32
0 23 13 11 11 44 14 11 41 44 14 11 14 11 44 41 33 23 11 41 33 14 41 42 11 33 44 14 44 23 32
0 22 33 11 44 44 14 14 44 41 14 14 14 11 11 41 32 23 14 41 33 11 11 44 13 22 11 14 41 22 33
0 22 11 11 14 41 11 14 44 44 14 11 11 14 44 41 33 23 14 41 22 44 41 44 11 23 11 44 44 22 32
0 22 13 14 14 44 11 14 44 44 11 11 11 11 44 44 33 23 11 44 23 11 41 44 11 22 11 11 44 22 33
0 23 11 11 11 44 11 14 41 41 14 14 14 11 44 44 33 23 14 41 23 11 41 44 11 23 14 14 41 22 32
0 23 11 11 14 41 11 14 41 41 14 11 11 11 44 11 33 23 14 41 23 11 41 42 11 22 11 14 44 23 33
0 22 11 14 11 41 14 44 44 44 44 14 44 44 11 41 32 23 14 44 23 11 11 42 11 23 14 11 11 33 32
0 22 11 14 11 41 11 11 44 44 44 11 44 11 41 11 33 22 14 41 23 11 41 44 11 23 11 11 44 22 33
0 22 11 14 11 41 14 11 41 11 14 11 14 14 44 41 33 22 11 44 33 14 41 42 11 23 11 11 41 23 33
0 22 11 11 11 44 14 14 44 44 44 11 44 11 41 44 33 23 44 44 22 44 41 44 11 22 11 14 44 23 33
0 23 13 14 11 41 14 14 41 41 14 14 11 11 44 41 32 33 14 41 33 11 11 44 11 33 14 14 41 23 32
0 22 11 11 14 11 14 44 41 44 14 14 11 11 44 41 32 33 14 44 22 11 41 42 11 33 14 14 41 22 33
0 23 13 14 11 41 11 11 41 41 11 14 14 11 44 41 33 22 14 44 22 14 41 44 11 23 11 14 44 23 33
0 33 33 11 11 41 44 44 41 44 14 11 11 11 44 44 33 23 14 41 22 14 41 44 13 23 44 14 44 22 33
0 23 11 11 44 41 11 44 41 41 44 14 44 44 44 11 33 23 14 11 23 11 11 44 11 23 11 11 44 22 33
0 22 11 11 14 44 14 11 41 44 14 11 14 14 44 44 33 23 11 44 23 14 41 42 11 23 14 14 44 22 32
0 22 11 14 11 41 11 11 44 41 11 11 14 11 44 44 33 22 44 44 22 11 41 42 11 22 14 11 44 33 33
0 23 11 11 11 41 11 14 44 41 44 11 14 14 44 44 33 22 14 44 22 14 41 42 11 33 44 11 44 22 33
0 22 13 11 11 41 44 14 44 41 14 11 14 44 44 11 33 23 11 41 22 14 41 44 13 22 14 11 41 22 33
0 22 13 11 11 44 11 14 41 41 11 14 11 11 44 41 32 23 14 44 23 14 11 42 11 22 11 14 44 22 32
0 22 33 11 14 11 14 14 44 41 44 14 14 11 44 41 32 22 11 41 22 14 11 42 11 22 11 11 41 23 22
0 23 33 11 11 44 44 44 11 44 14 11 14 14 44 11 33 23 11 41 23 14 41 42 13 23 14 11 11 23 33
0 22 11 11 11 41 44 44 44 44 14 11 44 11 44 41 33 23 11 44 22 11 44 44 11 22 11 11 44 22 33
0 22 11 11 11 41 11 11 44 44 11 14 11 14 44 11 33 33 14 41 22 14 41 44 11 22 14 11 41 22 32
0 23 11 14 11 44 11 14 44 44 14 11 14 14 44 41 22 23 11 41 33 11 44 44 11 23 11 11 44 22 33
0 22 11 14 14 41 14 14 41 41 14 11 11 11 44 41 32 23 44 44 23 11 41 42 11 22 14 44 41 22 33
0 22 13 11 44 41 11 14 41 41 11 11 11 14 44 11 32 23 11 44 22 14 44 42 11 23 11 11 44 22 33
0 22 13 11 14 41 14 11 41 44 14 14 14 11 41 44 32 23 11 41 22 11 41 44 11 22 14 14 44 22 32
0 23 33 11 11 41 14 44 41 11 44 11 14 14 41 41 32 23 14 41 23 14 11 44 11 22 14 14 41 23 32
0 23 33 11 14 41 14 11 11 44 14 14 14 11 44 41 33 33 11 11 22 14 11 44 13 22 11 11 41 22 33
0 22 13 11 11 44 14 14 44 44 11 14 14 14 44 41 33 23 14 41 23 14 41 42 11 23 14 11 41 22 33
0 22 13 11 11 41 11 11 41 44 44 11 11 11 41 44 33 23 44 44 33 14 44 44 11 22 14 44 41 22 32
0 22 13 11 14 44 11 14 41 41 44 11 44 11 44 44 33 23 11 44 23 11 41 42 11 22 11 14 44 23 22
0 22 13 11 11 41 11 11 44 41 44 11 14 11 44 44 33 33 11 41 22 14 44 44 11 23 14 14 44 22 33
0 22 13 11 14 41 44 44 41 41 44 11 11 14 44 41 32 23 14 44 22 11 44 42 11 23 44 44 44 22 33
0 22 11 11 11 44 14 14 41 44 11 11 14 11 44 44 33 33 14 44 22 11 44 42 11 22 11 11 41 22 32
0 22 11 11 11 41 14 14 41 11 44 14 14 14 44 44 33 22 14 41 23 14 11 44 11 22 11 11 44 23 33
0 22 13 11 14 41 14 14 11 41 11 44 44 14 41 11 33 23 14 41 23 14 41 42 11 33 14 11 44 23 32
0 22 13 11 11 41 14 14 41 44 44 11 11 11 44 44 33 22 11 41 23 14 41 44 11 22 11 11 44 23 32
0 22 13 11 11 41 11 44 41 41 14 11 11 11 44 41 33 23 14 41 22 14 41 44 11 23 14 11 44 22 33
0 22 11 11 11 41 14 11 44 11 14 11 11 14 44 41 33 23 11 41 23 11 44 44 11 23 11 11 44 23 33
0 22 33 11 11 41 11 11 44 41 11 11 14 14 44 44 33 23 11 41 23 11 41 44 11 23 11 11 44 23 22
0 22 13 11 14 41 14 11 44 44 44 11 11 11 44 41 33 22 11 41 22 14 41 42 11 22 14 11 44 22 32
0 22 11 11 11 41 11 11 11 41 14 11 11 11 44 44 33 22 14 44 22 11 41 42 11 23 11 14 44 22 33
0 23 11 11 14 41 11 14 44 41 11 11 14 14 44 11 33 22 11 44 23 14 41 44 11 22 14 11 44 23 32
0 22 13 11 44 44 44 11 41 44 44 11 14 11 44 41 33 23 44 41 23 44 41 22 11 22 11 14 44 22 33
0 22 13 11 11 44 14 44 44 44 14 11 11 14 11 44 33 33 14 44 23 14 41 22 11 23 14 14 11 22 33
0 22 11 11 14 41 14 14 44 41 14 11 11 11 41 44 33 23 14 44 22 14 41 44 11 22 11 11 44 23 32
0 23 13 11 11 41 14 11 44 44 14 11 14 14 44 44 33 22 14 44 33 11 44 22 11 22 14 11 44 22 33
0 22 11 11 11 41 14 11 44 41 11 11 11 11 44 41 32 22 11 41 23 11 41 44 11 23 11 11 41 22 33
0 22 13 11 11 44 11 14 41 41 14 11 11 14 44 41 33 23 14 41 22 14 41 44 11 23 11 14 44 22 33
0 23 13 11 11 44 14 11 44 44 14 11 44 11 44 41 33 22 14 41 23 44 41 44 11 23 14 11 44 22 33
0 22 11 11 11 41 44 11 44 44 11 11 14 11 44 44 32 22 11 44 22 14 44 44 11 22 11 11 41 22 32
0 23 13 11 11 41 11 14 44 41 44 11 14 14 44 41 33 23 11 41 23 14 41 44 13 23 11 11 41 22 33
0 23 11 11 14 41 14 14 44 44 14 14 11 11 41 44 32 23 11 44 23 14 41 44 13 33 14 11 44 22 33
0 23 11 14 44 41 14 44 41 44 44 44 44 14 44 41 33 33 44 11 23 11 11 42 11 23 14 14 11 23 22
0 22 13 11 11 41 14 44 11 41 44 11 44 14 44 41 33 33 44 41 23 11 44 44 13 22 14 11 44 22 32
0 23 13 11 14 41 14 14 11 11 44 14 14 14 41 41 32 23 14 41 23 14 44 42 13 23 14 14 11 22 32
0 23 13 11 11 44 11 11 41 44 11 11 11 44 44 41 33 33 14 44 22 11 41 42 11 22 11 11 44 23 33
0 22 13 14 14 41 14 14 11 41 44 14 11 11 41 41 33 33 11 41 33 14 11 44 11 22 14 11 44 23 33
0 22 11 11 14 44 11 11 41 44 14 11 14 11 41 44 33 22 14 41 22 14 11 44 11 22 11 11 44 23 32
0 22 11 14 11 44 11 14 44 44 11 11 11 11 44 44 33 22 11 41 23 11 44 44 11 22 11 11 44 23 33
0 22 13 14 11 44 11 14 44 44 14 11 11 11 44 41 32 23 11 44 22 14 41 44 11 22 11 11 44 22 33
0 22 13 11 14 11 14 14 41 44 44 11 14 14 44 44 32 23 14 41 22 14 41 42 11 22 11 11 41 23 32
0 22 13 11 11 41 14 11 44 44 14 11 11 44 44 44 32 23 11 44 23 11 44 44 11 22 11 11 44 22 33
0 22 13 11 11 41 14 14 44 41 14 11 14 11 41 44 33 23 14 41 22 11 11 42 11 33 14 11 44 22 33
0 23 33 14 11 41 14 14 41 11 11 44 14 14 44 41 33 23 11 44 22 14 11 44 11 33 14 14 41 22 32
0 22 11 11 11 44 14 14 41 41 11 11 11 11 44 41 33 22 14 41 22 11 41 44 11 22 11 11 44 22 32
0 22 13 11 14 41 11 14 41 44 11 11 11 11 44 41 33 33 11 41 22 11 44 42 11 22 14 11 41 22 33
0 23 11 14 14 41 44 44 44 44 14 14 14 11 41 41 33 23 14 41 33 11 11 42 13 23 14 11 44 22 33
0 22 11 11 11 41 11 11 44 41 14 11 14 14 44 44 33 22 44 44 23 11 41 44 11 23 11 11 41 23 33
0 22 11 11 11 44 11 44 41 41 14 11 11 11 41 41 32 23 14 41 22 14 44 42 11 23 11 14 41 33 33
0 22 11 14 11 41 11 14 41 44 11 11 11 11 44 44 33 33 14 41 23 11 44 42 11 22 14 11 44 22 33
0 23 11 11 14 44 14 14 44 11 11 11 44 11 44 44 22 22 11 44 22 11 44 44 11 22 14 14 44 22 33
0 23 33 14 14 41 11 11 44 41 14 11 11 44 44 44 33 33 44 41 33 44 41 42 13 33 44 11 11 22 33
0 22 13 14 11 44 14 14 11 41 14 14 14 14 44 44 33 23 44 41 23 11 41 44 11 23 11 14 44 22 33
0 22 13 11 44 44 11 14 44 44 14 11 11 11 44 44 33 22 14 41 22 11 41 42 11 23 14 11 41 23 33
0 22 13 11 11 44 11 14 44 44 11 11 14 11 44 44 33 22 14 41 22 11 44 44 11 22 11 14 41 22 33
0 23 11 14 11 41 14 11 11 41 14 14 14 11 41 41 33 23 44 44 23 11 44 22 13 22 14 14 44 23 32
0 22 13 14 14 41 14 11 44 41 11 14 14 14 44 41 33 23 14 41 23 14 41 42 11 22 11 11 44 22 33
0 22 13 11 11 11 14 14 44 41 14 14 11 44 44 41 32 22 14 44 22 11 11 44 11 23 14 14 44 22 22
0 22 11 11 11 44 11 14 41 44 14 11 11 14 44 44 33 23 14 41 33 14 41 44 11 22 11 11 41 22 33
0 22 13 11 14 41 44 14 11 44 14 11 44 14 41 11 22 23 44 41 23 14 41 44 11 23 44 11 44 23 32
0 22 11 11 11 44 11 11 41 44 14 11 44 11 41 44 33 22 14 44 22 14 41 44 11 22 11 14 44 22 33
0 23 11 11 11 44 14 14 44 44 14 11 14 11 44 44 33 23 14 41 33 11 41 44 11 22 11 11 44 22 33
0 22 11 11 11 44 14 14 41 11 11 11 14 14 44 11 33 33 11 41 23 14 41 42 11 22 14 14 41 22 33
0 22 13 11 11 44 11 14 11 44 11 11 14 11 41 11 33 22 14 41 23 14 41 42 11 22 14 11 44 22 33
0 22 13 14 14 41 11 11 11 41 44 14 14 14 44 41 32 23 11 41 22 14 41 42 11 22 11 14 41 23 33
0 23 11 44 11 41 11 44 44 41 14 11 44 11 41 41 32 22 11 44 22 11 41 44 11 22 14 11 41 22 33
0 22 13 11 14 44 11 11 44 41 14 11 11 11 44 11 33 22 11 44 23 14 44 44 11 22 11 14 44 23 33
0 22 13 11 11 44 11 11 44 44 11 11 14 11 41 11 33 22 14 44 22 11 41 42 11 23 11 11 44 22 33
0 22 11 11 14 41 11 11 41 41 14 14 11 11 44 44 32 23 14 44 22 11 41 42 11 22 11 11 41 22 33
0 23 13 14 11 41 11 11 44 44 14 11 14 11 44 41 32 22 11 41 23 11 41 42 11 22 44 14 44 23 33
0 23 33 11 11 41 44 14 44 41 11 44 44 11 41 41 32 23 14 41 22 11 41 22 11 23 11 11 41 22 33
0 22 13 11 11 11 11 11 44 44 11 11 14 14 41 44 33 22 11 41 23 11 41 42 11 22 14 11 44 23 33
0 22 11 14 11 41 14 14 11 11 14 14 14 11 44 41 33 33 11 44 23 11 44 42 11 23 14 11 44 22 33
0 22 11 14 14 41 11 11 11 44 14 11 14 44 44 11 32 22 11 41 23 14 44 42 13 23 11 11 44 22 33
0 22 11 11 14 11 14 14 11 44 11 11 14 14 11 41 32 22 11 41 23 44 11 42 13 22 11 14 44 22 32
0 23 13 14 14 44 14 44 41 44 14 11 44 11 44 41 33 33 11 44 23 14 11 22 11 22 11 14 44 23 33
0 22 33 14 11 44 44 14 41 41 44 11 11 11 11 11 32 33 11 41 23 14 11 44 11 22 44 14 44 33 33
0 22 11 11 14 44 11 14 41 41 11 14 11 11 44 44 32 23 11 44 22 11 41 42 11 22 11 14 44 22 32
0 22 33 11 11 41 14 14 44 11 14 11 11 44 41 41 32 33 11 41 33 44 41 42 11 23 14 14 11 22 33
0 23 13 14 11 41 11 44 44 41 44 11 44 11 44 44 33 23 11 44 23 14 41 44 13 22 11 11 44 22 33
0 22 11 14 14 41 14 14 11 41 14 14 14 11 41 41 33 33 14 41 33 44 44 44 11 33 14 11 44 22 32
0 22 11 11 11 44 14 44 11 41 14 11 14 11 44 44 32 22 14 41 33 14 11 44 13 22 14 14 41 22 32
0 23 33 11 14 44 44 14 44 44 44 14 14 14 44 44 33 23 14 44 33 44 44 42 11 33 14 14 41 22 32
0 22 33 11 11 44 11 14 44 44 11 11 14 14 44 44 33 23 11 44 23 11 41 42 11 22 11 11 41 22 33
0 22 13 11 14 11 14 14 44 44 11 14 14 14 44 41 33 23 14 11 23 11 41 42 13 22 11 11 11 23 32
0 22 13 14 44 11 14 14 11 11 14 11 44 11 44 44 32 23 44 44 23 14 11 42 11 22 44 14 41 33 32
0 22 13 11 11 41 14 11 11 41 11 11 14 11 44 11 33 33 14 41 33 14 41 44 11 23 11 11 44 22 33
0 22 11 11 11 41 11 14 44 41 11 11 11 11 44 41 33 22 11 41 22 11 41 44 11 22 11 11 44 22 33
0 22 13 14 14 11 44 14 41 41 44 11 14 11 41 41 33 33 44 41 33 11 11 44 11 23 14 14 41 23 32
0 22 11 11 11 44 44 14 44 44 11 11 11 11 44 44 33 22 11 44 23 14 11 44 11 22 11 11 44 22 33
0 22 13 11 11 44 14 44 44 11 11 11 14 14 44 44 32 23 11 41 23 14 41 44 11 22 14 11 44 22 32
0 22 11 11 14 41 14 14 41 41 11 11 11 11 44 41 32 22 14 41 23 14 41 44 11 22 14 11 44 22 33
0 23 13 11 11 11 11 44 41 44 14 11 11 14 44 41 33 23 11 44 23 14 41 42 11 22 11 11 44 23 32
0 22 11 14 11 41 14 11 41 44 44 11 11 11 44 44 32 22 11 44 22 11 41 42 11 22 44 14 44 22 33
0 22 11 11 11 41 11 11 44 41 11 11 11 11 44 44 33 22 14 44 23 44 44 22 11 22 11 11 41 22 32
0 23 11 11 14 41 14 44 44 41 11 11 14 11 44 44 33 23 14 44 33 14 11 44 11 22 11 11 44 23 33
0 22 13 14 11 44 14 14 44 41 14 14 44 11 44 11 33 22 14 44 23 14 11 44 11 22 11 14 41 22 33
0 22 33 11 14 41 14 14 41 44 44 14 11 11 41 11 32 23 11 44 23 44 41 42 13 23 44 14 44 22 33
0 23 33 14 14 41 44 14 41 41 44 14 14 14 41 41 33 23 14 44 23 44 11 22 13 23 44 11 44 33 32
0 23 13 11 11 44 11 44 41 44 14 11 14 11 41 44 33 22 11 41 23 14 44 44 11 22 11 11 41 22 33
0 22 33 14 11 44 44 44 41 44 11 14 11 14 44 11 32 33 14 41 23 11 11 42 11 22 14 11 44 22 33
0 22 11 11 44 11 14 44 41 41 14 14 11 11 44 11 33 23 11 41 33 11 44 44 11 23 14 11 44 23 33
0 23 11 11 11 44 11 14 44 44 11 11 11 11 41 44 33 23 11 41 23 11 44 42 11 23 11 11 44 22 33
0 22 13 11 14 41 14 14 44 44 11 11 14 14 41 41 32 23 14 41 22 14 11 44 13 23 14 14 44 23 33
0 22 11 11 44 41 11 11 41 41 44 11 14 11 44 41 32 22 11 41 23 14 41 44 13 22 11 14 41 23 33
0 22 11 11 14 11 14 11 41 41 11 11 14 14 44 44 32 23 14 41 22 14 11 42 13 23 44 11 44 23 32
0 22 33 11 11 44 14 14 11 41 14 11 14 11 44 41 32 22 14 41 23 14 41 44 11 22 14 11 41 22 32
0 22 11 14 11 11 14 14 41 41 11 11 14 11 44 44 33 22 11 44 23 11 41 44 11 23 14 11 11 22 33
0 22 13 14 14 44 11 11 11 11 14 11 14 11 41 41 32 22 11 41 22 11 41 44 11 22 44 14 44 22 33
0 22 33 14 11 11 11 14 41 44 11 44 14 11 41 11 32 33 44 41 33 14 41 42 13 23 14 44 41 22 22
0 22 11 11 14 44 44 44 41 41 44 14 14 11 44 11 33 23 14 41 23 11 44 44 13 23 11 14 44 22 33
0 23 13 11 14 41 14 14 44 44 14 11 14 11 41 41 33 23 11 11 22 44 41 42 11 22 11 44 41 23 33
0 23 13 11 14 11 11 14 41 41 14 14 14 14 11 44 32 23 14 44 33 11 41 42 11 22 11 44 41 22 33
0 22 33 11 14 44 14 44 44 44 14 11 11 11 41 44 33 33 14 44 22 11 41 44 11 23 14 14 41 22 33
0 22 33 14 14 41 14 14 41 41 14 11 44 14 41 41 33 22 14 41 23 14 11 44 13 23 11 11 44 22 32
0 22 13 11 14 11 14 14 41 41 14 14 44 11 44 44 32 23 44 41 22 14 41 44 11 22 14 11 44 22 33
0 23 13 14 11 44 14 44 41 44 11 11 11 11 44 44 32 23 11 44 22 14 44 44 11 22 11 14 44 22 32
0 22 13 11 11 41 11 44 41 44 11 11 14 11 44 41 33 23 14 44 23 11 41 42 11 22 11 14 44 22 33
0 22 11 11 14 44 14 14 44 11 11 11 14 11 44 44 33 23 11 44 23 11 44 42 11 23 11 44 44 22 33
0 23 13 11 44 11 14 44 44 44 14 14 14 14 44 44 33 23 44 11 22 11 41 42 11 23 14 14 44 22 32
0 22 11 11 14 11 14 44 41 41 11 11 14 14 44 11 32 22 14 44 23 14 44 44 13 23 14 14 41 22 32
0 23 33 11 44 41 14 44 41 44 44 11 44 11 44 41 33 23 14 44 23 11 11 42 13 22 11 11 41 23 32
0 22 11 11 14 41 11 11 41 41 44 11 11 14 44 44 33 22 14 41 23 14 41 42 11 22 11 11 41 22 33
0 22 33 11 44 41 11 44 44 11 14 14 44 11 41 41 32 23 44 44 33 11 41 22 11 22 14 44 44 23 33
0 23 11 14 11 41 14 14 41 41 14 11 14 11 41 44 33 22 14 44 22 11 41 42 11 22 14 11 44 22 33
0 22 13 11 14 44 14 11 44 44 11 11 11 11 44 44 33 22 14 44 22 11 44 42 11 22 11 11 44 22 32
0 22 13 11 44 41 14 14 11 41 11 11 11 11 41 11 33 23 44 41 23 14 41 44 13 33 14 14 44 22 32
0 22 11 11 14 44 14 14 44 44 44 11 44 14 44 44 33 22 14 44 33 11 41 44 11 22 11 11 44 23 32
0 22 11 11 14 44 14 11 41 41 44 11 14 14 44 41 33 23 14 41 23 14 44 44 11 23 11 11 44 22 33
0 22 13 11 11 44 44 44 11 41 14 11 11 14 41 41 32 23 14 11 22 14 41 44 11 22 11 11 44 22 33
0 22 11 14 14 44 11 14 41 44 14 11 14 11 44 41 32 23 14 11 23 11 41 44 13 22 14 11 41 23 33
0 22 11 11 14 41 11 44 44 41 14 11 11 44 44 41 33 23 11 44 23 44 44 44 13 23 14 14 44 22 33
0 22 33 11 11 11 14 11 41 11 11 11 14 11 44 44 33 23 44 44 22 11 11 44 11 22 11 11 44 23 33
0 23 13 14 11 44 14 14 41 11 11 11 14 11 44 44 33 22 11 44 22 14 44 44 11 22 11 14 44 22 33
0 22 13 44 14 44 14 14 44 41 11 14 44 11 41 41 33 22 14 41 23 14 41 44 11 22 11 14 44 22 33
0 22 13 11 11 41 11 11 44 41 14 14 11 11 44 44 33 22 11 44 22 14 11 42 11 23 14 11 44 22 33
0 22 13 11 14 44 44 11 41 41 11 11 11 11 44 44 33 22 14 44 22 14 11 42 11 22 11 14 44 22 33
0 23 11 11 11 11 14 14 44 44 11 14 14 11 44 44 32 23 11 41 23 14 41 42 11 22 14 11 44 33 32
0 23 33 44 11 11 14 14 11 11 14 14 44 11 44 44 33 33 14 41 22 14 44 22 11 22 14 14 41 23 32
0 23 11 11 11 44 11 11 44 41 14 14 14 14 44 44 33 23 11 41 23 14 44 44 13 23 11 11 11 22 33
0 22 11 11 11 41 14 14 44 11 44 11 44 11 44 44 33 33 11 41 33 14 11 22 11 23 11 11 41 22 33
0 23 11 11 11 44 11 11 44 44 14 11 14 11 44 41 33 22 14 44 23 11 41 44 11 22 14 11 44 22 33
0 22 13 11 11 41 14 11 41 41 11 11 14 11 44 44 33 22 11 44 22 44 44 42 11 22 11 11 44 22 33
0 22 13 11 44 11 11 14 11 41 44 14 14 14 11 41 32 23 14 41 23 14 11 44 13 22 44 11 41 22 33
0 23 33 11 14 44 11 11 41 44 44 14 11 11 44 44 33 33 44 44 23 14 41 42 11 23 14 11 44 22 22
0 22 11 11 11 44 14 14 11 44 11 11 14 11 44 44 33 22 11 41 23 11 41 44 13 22 14 11 44 22 33
0 22 13 11 11 41 11 44 41 41 44 11 14 14 44 44 32 23 14 44 33 14 41 44 11 22 14 11 44 22 33
0 22 13 11 11 41 11 11 41 41 44 11 11 11 44 41 33 33 14 44 23 11 11 44 11 22 14 14 44 22 33
0 22 13 11 11 44 14 14 41 44 14 11 44 14 44 41 33 22 11 44 22 11 44 44 11 22 14 11 44 23 33
0 22 13 11 11 41 44 14 11 41 11 11 44 11 44 41 33 33 11 44 22 11 41 44 11 23 11 11 44 22 33
0 22 13 11 11 44 11 11 44 41 44 11 14 11 44 41 33 22 14 41 23 11 41 42 11 23 11 14 44 23 33
0 23 11 11 11 41 11 14 44 41 44 14 14 14 44 44 33 23 11 41 22 14 41 42 13 22 14 14 11 23 32
0 22 13 14 11 41 14 11 41 11 14 11 11 11 44 44 33 23 11 44 33 14 41 42 11 22 11 14 44 22 33
0 22 13 11 14 41 11 14 41 44 11 11 11 14 44 44 33 22 11 41 23 11 41 44 11 22 11 11 44 22 33
0 23 11 14 14 41 14 14 44 44 14 11 11 14 44 44 33 23 11 44 33 11 41 22 11 23 14 11 44 22 33
0 22 11 14 11 41 44 44 41 41 14 11 14 14 11 44 33 23 11 44 23 11 11 42 11 22 14 14 11 22 33
0 23 11 11 11 44 14 11 44 44 44 11 11 11 44 44 33 23 14 41 23 14 41 44 11 23 11 11 44 22 33
0 22 13 11 11 41 11 44 41 44 14 14 14 11 41 41 32 22 14 44 23 14 41 42 11 23 14 11 44 23 33
0 22 33 11 11 11 11 14 41 41 11 11 14 14 44 44 33 22 14 41 22 14 44 42 11 22 11 11 44 22 32
0 22 11 11 14 44 14 14 41 41 14 11 11 11 44 44 33 22 11 44 23 11 44 44 11 22 14 14 44 22 33
0 22 13 11 14 44 11 44 44 44 14 11 14 11 41 44 33 33 14 41 33 11 44 44 11 22 44 14 44 22 33
0 23 13 14 14 41 14 14 44 41 44 14 14 14 41 41 32 23 44 41 23 14 11 42 13 22 14 14 41 23 33
0 22 33 11 11 41 11 14 44 44 44 14 11 14 44 44 32 23 14 44 23 14 44 42 11 23 11 11 44 23 33
0 23 13 11 14 41 14 14 41 44 11 11 44 14 41 41 32 23 44 41 22 44 44 42 11 22 14 11 44 23 33
0 22 11 11 11 44 14 14 41 41 44 11 14 11 41 44 33 22 11 41 22 11 44 22 11 22 14 11 44 22 33
0 22 13 11 11 41 14 44 44 41 14 11 11 11 44 44 33 22 11 11 22 11 44 44 11 22 11 11 44 22 33
0 22 11 11 14 41 44 11 41 41 14 11 44 11 41 41 33 23 44 44 23 14 11 42 11 22 14 14 41 22 22
0 23 33 14 11 41 14 14 41 44 11 11 11 14 41 41 22 22 14 41 22 11 41 44 11 22 11 14 44 22 33
0 22 13 11 11 41 11 14 41 44 44 11 14 11 44 44 33 23 14 41 23 11 11 44 11 22 11 11 44 22 33
0 22 33 11 11 41 14 11 44 44 11 11 11 14 44 44 33 23 11 41 22 11 41 44 11 22 14 11 44 22 33
0 23 13 11 14 41 11 14 44 41 14 11 11 14 44 41 33 23 14 41 23 14 11 42 11 22 14 14 44 23 32
0 23 13 14 11 41 14 14 44 44 14 11 14 14 44 41 33 23 14 44 22 14 44 42 13 23 14 14 41 22 33
0 22 13 14 11 44 11 14 41 41 11 11 14 11 44 41 33 33 11 11 22 14 44 44 11 23 11 11 44 22 33
0 22 13 11 14 11 44 11 44 44 11 11 14 11 44 41 32 23 14 44 23 14 41 42 11 23 11 11 44 22 33
0 22 13 11 11 41 11 14 11 41 14 14 14 11 41 44 33 23 11 41 23 11 41 42 11 22 14 14 41 22 33
0 22 13 11 44 41 14 44 11 41 44 11 14 14 11 41 32 23 14 41 23 44 41 44 13 23 14 14 41 33 32
0 22 11 11 11 44 11 14 44 41 44 11 11 14 41 11 33 22 44 44 33 14 41 44 11 22 11 44 41 22 33
0 22 11 11 11 41 44 44 44 44 14 11 14 14 41 44 33 22 14 41 22 11 41 44 11 22 14 11 41 22 32
0 23 13 44 44 41 11 44 11 44 14 11 14 11 11 11 33 23 11 41 23 14 41 44 11 23 44 14 11 23 32
0 22 13 11 11 41 44 44 44 11 14 11 11 11 44 11 33 33 14 44 23 11 41 42 11 23 44 11 41 23 32
0 22 13 11 11 44 14 11 44 44 14 11 14 44 44 44 32 22 11 44 22 11 41 42 11 22 11 11 44 22 33
0 23 13 11 44 11 14 14 11 44 44 11 14 11 44 11 32 23 44 41 23 11 41 42 11 23 14 14 44 22 33
0 22 13 11 11 41 11 44 41 41 14 14 44 14 41 11 32 22 14 44 23 14 11 42 13 23 14 11 44 33 32
0 22 13 11 11 41 11 14 41 44 14 11 14 11 44 41 33 23 11 44 23 14 41 44 11 22 11 11 44 22 33
0 33 33 14 14 44 14 44 44 44 14 11 44 11 44 11 32 33 11 41 23 14 41 44 11 22 11 14 41 23 33
0 23 11 11 14 41 14 44 44 44 44 11 14 14 44 41 33 23 11 41 33 11 44 44 11 23 14 11 44 23 32
0 22 33 11 14 44 11 11 41 41 14 14 11 11 41 44 33 22 14 41 23 11 41 42 11 22 11 14 44 22 33
0 22 13 14 11 41 14 14 41 41 11 11 14 11 41 41 33 22 14 41 23 11 44 44 11 23 11 11 44 22 33
0 23 13 11 14 41 14 44 44 41 11 11 11 14 41 41 33 23 14 41 23 14 11 44 11 22 11 11 41 22 33
0 22 11 11 11 44 44 14 44 41 11 11 14 11 41 44 32 22 11 44 22 11 41 42 11 22 11 11 44 22 33
0 22 13 14 11 41 11 11 44 44 44 14 14 14 44 44 33 23 14 41 23 14 44 42 11 22 14 11 41 23 33
0 23 33 11 11 41 44 14 44 11 44 14 11 14 11 41 22 33 14 44 33 44 41 44 11 33 44 14 11 22 32
0 22 33 11 11 41 11 14 44 44 44 11 11 11 44 44 32 23 14 41 23 14 41 42 13 22 14 11 41 23 33
0 23 33 11 14 44 11 44 44 44 14 11 11 44 41 41 32 33 11 41 22 44 41 42 13 23 11 14 41 22 32
0 23 13 11 44 41 11 14 41 44 14 14 14 11 44 41 33 22 44 41 23 11 41 44 11 23 14 11 44 22 33
0 23 13 11 11 11 14 14 44 41 14 11 11 14 44 41 32 22 11 44 22 14 41 22 33 23 11 14 41 22 33
0 22 13 14 14 44 14 14 11 44 11 11 14 11 44 11 33 22 11 41 23 14 41 42 11 22 11 11 44 22 32
0 23 13 11 14 11 14 14 41 41 14 11 44 14 44 41 32 33 14 44 33 14 41 42 13 22 14 14 44 33 33
0 22 13 11 14 41 14 44 44 41 44 14 44 14 44 44 32 23 44 11 33 44 41 42 11 22 14 11 41 23 33
0 22 11 11 14 41 14 14 44 44 11 11 11 11 44 41 33 23 14 41 22 14 41 42 11 22 11 11 44 22 33
0 22 11 11 11 44 14 44 11 41 14 11 14 11 41 44 33 22 44 44 33 11 41 44 11 22 14 11 44 22 32
0 22 13 11 14 41 11 11 44 44 14 11 14 11 44 41 33 23 14 41 22 11 44 44 11 23 11 11 44 22 33
0 23 13 11 14 44 11 11 44 44 44 11 11 11 41 41 33 23 11 41 22 14 41 22 11 22 11 11 44 22 33
0 22 11 11 14 44 44 11 44 41 14 44 14 11 44 44 33 23 14 44 23 11 41 44 11 22 14 14 44 22 33
0 22 33 44 14 41 14 11 44 41 14 11 14 11 44 44 32 33 11 41 23 14 11 44 11 23 14 11 44 22 33
0 23 13 14 11 44 11 11 41 41 14 11 44 14 44 11 33 22 11 41 23 44 44 44 11 22 11 11 44 22 33
0 22 11 11 11 41 14 11 44 41 14 11 11 11 44 41 32 23 14 44 23 14 41 42 11 22 14 11 11 23 33
0 23 13 11 14 44 14 14 41 44 14 11 11 11 41 44 33 23 14 11 33 14 11 44 11 22 14 11 44 22 33
0 23 13 14 44 41 11 14 41 41 14 11 14 11 44 41 32 23 11 41 22 14 44 42 11 22 11 14 44 22 32
0 22 13 11 11 11 14 44 44 11 11 11 14 11 41 41 33 23 14 44 23 14 11 42 11 22 14 11 44 22 33
0 23 13 14 44 41 14 14 11 41 44 11 44 11 41 44 32 33 14 41 23 14 41 42 11 23 11 11 41 22 32
0 22 13 11 11 44 44 14 44 41 11 11 44 14 44 44 33 22 11 41 23 11 44 42 11 22 14 11 41 22 33
0 23 11 11 11 44 11 44 44 41 11 11 11 11 44 41 33 22 14 44 22 14 44 44 11 22 11 11 44 22 32
0 22 11 11 11 44 14 44 44 41 44 11 14 11 44 44 33 23 11 41 22 11 44 44 11 22 11 11 44 22 33
0 23 11 11 11 44 11 11 44 41 14 14 44 14 44 44 33 23 14 41 33 11 41 44 13 22 14 14 44 23 33
0 22 13 11 14 44 14 14 44 44 14 11 11 14 41 44 32 23 11 44 22 11 41 44 11 22 14 11 44 22 22
0 22 13 11 14 41 14 14 41 41 14 11 14 11 44 41 32 22 44 44 23 11 41 42 11 23 14 14 44 22 33
0 22 13 11 11 44 44 14 41 41 14 11 14 11 44 41 33 22 11 44 23 11 11 44 11 22 14 11 44 22 33
0 22 11 11 11 44 14 14 11 41 14 11 44 14 41 44 33 23 44 44 22 14 41 44 11 23 11 11 44 22 32
0 22 11 11 11 41 44 11 44 11 14 11 11 14 44 44 33 23 11 41 22 11 41 44 13 22 14 14 44 22 33
0 33 13 11 44 41 44 14 41 11 14 11 11 44 41 11 22 33 14 41 33 44 11 42 11 33 44 14 41 33 32
0 22 13 11 11 44 44 44 41 41 44 11 11 11 41 11 33 33 11 41 33 44 41 44 13 23 11 14 44 22 33
0 22 13 11 11 41 14 44 41 44 44 11 14 11 44 44 33 23 11 41 23 14 41 42 11 22 14 14 44 22 33
0 22 13 11 14 44 14 44 41 44 14 14 14 44 41 41 32 23 14 41 23 44 41 44 11 23 14 11 44 23 33
0 22 13 14 11 44 44 14 44 44 14 44 11 11 41 41 32 23 44 44 23 14 11 42 11 23 11 11 44 22 32
0 23 13 11 14 41 14 44 44 44 14 11 11 14 41 44 33 22 11 11 22 11 41 44 11 22 11 14 44 22 33
0 23 11 11 14 44 11 11 41 41 11 11 14 11 44 41 33 23 44 44 23 14 44 42 11 22 14 14 44 22 33
0 23 13 11 11 44 14 11 41 44 11 11 11 14 44 41 32 23 14 44 22 14 44 44 11 23 11 14 44 22 33
0 23 13 11 11 41 44 44 41 11 14 11 44 14 44 44 32 33 14 41 23 14 11 22 11 33 11 11 41 22 33
0 22 11 11 11 44 14 11 41 44 14 11 14 11 44 11 32 23 11 44 22 11 44 44 11 22 14 11 44 22 33
0 23 13 11 14 44 11 14 44 41 11 11 14 14 44 41 22 22 14 41 22 14 41 44 13 22 11 11 41 22 33
0 22 13 11 14 44 11 11 41 44 14 11 11 11 41 44 33 22 11 44 23 11 44 44 11 23 11 11 41 23 33
0 22 13 11 14 11 11 14 44 44 14 11 14 14 41 41 33 23 11 11 22 14 44 42 11 23 14 14 41 22 33
0 22 11 11 11 44 11 14 44 44 11 11 11 11 44 44 33 22 11 44 23 14 44 44 11 23 11 11 44 22 33
0 23 11 11 11 11 11 11 44 44 14 11 44 14 41 44 32 22 11 41 22 14 41 44 11 22 11 14 11 22 33
1 22 13 11 14 41 14 14 41 11 44 44 44 11 41 41 33 23 44 41 33 14 11 22 11 23 14 14 41 23 33
1 23 11 14 14 44 14 14 44 11 14 11 14 11 44 41 32 33 11 11 23 11 41 42 11 23 14 14 44 23 22
1 23 33 14 14 41 14 44 44 41 44 14 44 11 41 44 33 23 44 41 23 11 11 42 13 23 14 14 41 23 33
1 23 13 14 14 44 44 14 11 41 14 11 14 44 41 11 32 23 44 41 22 11 41 22 13 23 11 11 41 22 33
1 22 13 11 14 41 11 14 11 41 44 11 11 14 44 44 32 23 14 41 33 44 44 44 11 22 11 11 44 33 33
1 22 11 14 14 44 11 14 41 41 11 11 14 11 44 41 33 22 14 44 33 14 41 44 13 22 11 11 44 23 33
1 22 11 11 11 44 14 11 41 44 11 14 11 11 44 41 33 23 11 44 22 14 44 42 11 33 14 44 44 23 32
1 23 11 11 14 41 14 11 41 44 11 11 11 11 44 44 33 22 11 11 22 11 44 44 11 23 11 11 44 22 33
1 22 13 14 14 41 44 14 41 44 14 44 14 14 41 41 33 23 11 11 23 44 41 42 13 23 44 14 44 23 32
1 23 13 11 14 44 11 11 41 11 14 11 11 14 44 44 33 22 11 41 33 14 44 44 11 22 11 11 11 23 33
1 22 11 11 14 41 14 14 11 44 11 11 14 11 41 44 33 23 14 44 22 14 41 44 13 33 14 11 44 22 33
1 23 13 11 14 44 14 14 41 44 14 11 14 11 44 44 32 22 14 44 23 14 44 42 11 22 14 11 41 22 33
1 23 13 11 11 41 14 14 41 41 14 44 44 14 44 41 33 23 14 41 22 14 11 42 13 33 14 11 41 22 32
1 22 11 11 14 41 11 14 41 44 11 11 11 11 44 41 32 22 11 41 22 11 41 44 11 22 11 11 44 22 33
1 33 13 11 44 44 11 14 44 44 44 11 44 11 44 44 32 22 11 41 23 11 44 44 11 22 11 11 41 22 33
1 22 13 14 11 44 14 14 41 41 44 11 14 11 41 41 32 23 44 41 23 11 41 42 11 22 44 14 41 23 33
1 23 13 14 14 41 11 14 41 41 14 11 11 14 44 44 33 23 14 44 23 14 44 44 11 33 14 14 44 22 33
1 22 33 11 14 44 11 14 41 44 14 11 14 11 44 44 32 22 11 44 22 14 11 42 11 22 14 44 41 22 33
1 22 33 11 44 11 14 14 41 44 14 14 11 14 44 44 33 23 11 44 22 11 11 42 11 22 11 11 44 22 33
1 22 13 11 14 41 14 14 41 44 11 11 11 11 44 11 33 22 44 41 33 11 11 22 11 23 11 44 44 22 32
1 22 33 11 11 44 11 14 44 44 11 11 14 14 44 11 33 22 11 44 22 14 41 42 13 22 14 11 44 22 33
1 23 11 11 14 44 14 44 44 44 44 11 14 11 41 41 33 23 14 44 33 44 44 22 11 22 11 11 44 23 33
1 22 11 11 11 41 14 11 41 41 11 14 11 11 44 44 32 22 14 44 22 11 41 44 11 23 11 11 44 22 33
1 22 13 11 11 44 11 14 11 41 44 11 14 11 44 11 33 22 14 41 22 44 41 42 11 23 11 11 41 23 33
1 22 13 11 14 11 11 44 11 11 14 11 44 11 41 41 33 23 11 41 22 44 41 44 11 22 11 11 41 22 32
1 22 11 11 11 41 11 11 44 44 14 11 14 11 44 41 33 23 11 44 22 11 41 44 11 22 14 11 44 22 33
1 23 33 14 14 41 44 44 41 11 44 14 44 14 44 11 32 22 44 11 23 14 11 42 13 23 14 11 41 22 32
1 22 33 11 14 41 11 11 41 41 44 11 14 14 41 41 33 23 14 44 22 11 11 44 11 22 11 11 44 22 32
1 22 13 11 14 44 11 14 11 41 14 11 14 11 41 44 33 23 11 44 23 11 44 42 11 22 11 11 44 22 33
1 23 11 11 14 41 44 14 44 41 11 11 14 14 44 41 33 33 14 44 23 44 11 42 13 22 11 11 44 22 33
1 23 13 11 11 44 14 11 41 44 44 14 11 11 44 44 33 22 14 44 23 11 44 44 11 22 11 14 44 22 33
1 22 13 11 11 41 14 44 41 41 14 11 14 11 44 41 32 33 14 44 23 14 11 44 11 33 14 11 44 22 33
1 22 13 11 14 41 14 14 41 41 11 11 14 11 44 44 33 23 14 11 23 14 44 44 11 22 14 11 41 22 33
1 22 11 11 11 41 11 14 44 41 14 11 14 11 41 41 33 22 14 41 23 11 44 44 11 22 14 11 44 23 33
1 22 11 14 11 44 11 14 41 44 14 11 14 11 44 41 33 22 11 44 22 14 44 44 11 23 11 11 44 22 33
1 22 13 14 14 44 14 44 44 44 11 14 11 44 41 44 33 23 14 41 23 14 44 42 13 23 14 14 41 22 32
1 22 11 11 11 44 14 11 44 44 11 11 44 11 44 44 33 23 11 41 22 11 41 44 13 22 11 11 44 22 33
1 22 11 11 11 44 11 14 44 41 14 11 11 11 44 44 33 22 11 44 23 11 41 42 11 23 11 11 44 22 33
1 22 13 14 44 44 14 11 11 44 14 11 14 11 41 41 32 22 11 41 23 14 11 22 11 23 14 11 44 22 32
1 23 11 11 14 41 44 14 41 11 44 11 11 44 44 11 32 23 14 44 22 11 41 44 11 23 11 11 41 22 32
1 22 33 11 11 41 44 14 44 44 14 11 14 11 44 41 33 22 11 44 23 11 41 44 11 22 11 11 44 22 33
1 22 13 11 14 44 11 11 41 41 14 14 14 14 44 41 33 22 11 44 33 11 41 42 11 22 11 11 41 22 33
1 33 33 11 14 11 11 44 41 41 44 11 14 14 44 44 32 23 44 41 33 14 11 42 11 22 14 14 41 33 33
1 22 33 11 14 41 44 44 41 11 14 11 14 14 44 41 33 23 14 11 22 14 11 42 11 22 44 11 44 23 22
1 22 13 14 11 41 14 44 41 11 14 11 11 14 44 44 32 22 14 44 22 14 11 22 11 22 14 14 41 23 33
1 22 11 11 11 44 11 14 41 41 11 14 11 11 44 44 33 23 14 41 23 11 41 44 13 23 14 11 41 22 33
1 22 13 14 11 44 11 44 11 41 44 11 44 44 44 11 33 23 11 44 23 14 41 44 13 22 11 14 41 22 33
1 23 11 11 11 44 14 14 41 44 14 11 14 11 44 44 33 23 11 44 22 14 41 44 11 22 14 11 44 23 32
1 22 11 11 11 44 14 14 44 41 11 11 11 11 44 44 32 22 14 44 23 11 41 44 13 23 11 11 44 23 33
1 22 33 11 11 44 14 44 44 41 14 11 14 11 41 41 33 23 14 44 33 11 44 42 11 22 11 44 41 23 33
1 22 11 11 44 11 44 11 41 11 44 14 11 11 44 41 33 22 44 11 23 44 11 22 11 23 14 14 41 22 33
1 22 33 11 11 41 14 11 41 44 14 11 14 14 41 11 33 23 14 41 23 14 11 42 11 23 44 14 41 22 33
1 23 11 11 11 44 11 14 11 41 14 11 14 14 44 11 33 22 11 41 22 14 44 44 11 22 11 11 41 23 33
1 23 13 11 11 41 11 14 41 11 44 11 14 14 44 11 33 33 14 41 23 14 41 22 13 22 14 11 44 23 33
1 22 13 11 44 11 14 44 41 11 44 14 44 11 41 11 22 23 11 11 23 44 41 42 13 23 44 44 41 22 32
1 22 13 11 11 44 14 44 44 41 11 11 14 11 44 11 32 22 14 41 22 14 44 44 11 22 11 14 41 22 33
1 22 13 11 11 41 11 11 41 44 11 11 44 11 44 41 33 23 11 41 23 11 11 42 11 23 11 11 44 22 33
1 22 13 44 14 44 44 14 44 41 44 11 11 14 41 41 33 33 11 11 22 11 11 42 11 23 14 11 44 22 33
1 22 11 11 11 11 11 11 41 11 14 11 11 44 44 41 33 23 14 41 23 11 44 42 13 22 14 11 41 22 33
1 22 13 11 11 44 14 11 44 44 11 11 14 11 44 44 22 23 11 44 23 14 41 42 11 23 14 11 44 22 33
1 22 11 11 11 44 11 11 44 41 11 11 14 11 44 44 33 22 11 44 22 11 44 44 11 23 11 14 41 22 33
1 22 13 11 14 41 14 14 11 11 44 11 14 11 41 41 33 22 14 41 33 14 11 44 33 22 14 14 41 33 33
1 23 13 11 11 41 11 14 11 44 11 11 11 44 41 44 33 22 14 44 22 14 44 44 11 33 14 11 44 22 32
1 22 13 11 14 41 14 14 44 44 14 14 14 11 44 41 32 23 11 44 23 11 41 44 11 23 11 11 44 23 33
1 22 11 14 11 44 14 14 41 44 44 14 11 11 41 44 33 23 44 44 23 44 41 42 11 22 11 11 41 23 32
1 23 11 11 44 44 44 11 41 44 44 11 11 14 41 41 33 23 14 41 23 44 44 44 11 23 14 14 44 22 32
1 22 13 14 14 41 11 14 44 41 14 11 14 14 44 44 33 23 11 41 33 14 41 42 11 22 11 11 44 23 33
1 22 11 11 11 41 14 11 44 11 14 11 11 14 44 44 32 22 11 44 22 11 41 42 11 22 11 11 41 22 33
1 22 33 11 11 41 14 14 11 11 44 14 44 14 11 11 33 23 14 11 33 14 11 42 11 33 14 44 41 23 32
1 33 33 11 14 41 14 44 41 11 11 11 14 14 41 41 32 33 44 41 23 14 11 42 13 23 14 14 44 22 22
1 22 11 14 11 11 44 44 41 41 44 11 44 11 41 44 33 22 44 41 23 44 11 42 13 23 44 14 44 22 32
1 22 13 11 11 41 44 14 44 41 14 11 11 11 44 41 33 22 14 44 33 11 44 44 11 23 11 11 44 33 32
1 22 33 11 11 11 14 11 44 44 44 11 14 14 44 44 32 33 11 41 23 44 11 44 11 22 14 11 41 22 33
1 22 13 11 11 41 44 11 41 44 44 14 14 11 44 41 33 23 14 11 22 14 11 44 13 23 11 14 44 22 32
1 22 11 11 14 41 14 14 44 44 11 11 14 11 44 44 33 22 11 41 23 11 11 44 13 23 11 14 41 23 33
1 23 13 14 14 11 14 14 44 44 44 11 14 44 41 41 32 33 14 44 22 14 41 44 13 22 14 11 44 22 32
1 22 13 11 14 41 44 11 41 41 14 11 11 44 44 41 32 22 14 44 33 11 41 42 11 23 44 11 41 22 32
1 22 11 11 11 44 14 11 41 44 14 11 11 11 44 44 33 22 14 44 23 11 44 44 11 22 11 11 44 22 33
1 22 33 11 11 41 14 44 44 41 14 11 14 11 44 41 33 23 11 41 23 11 11 44 11 22 11 11 44 33 33
1 22 11 11 14 41 44 14 41 11 44 11 44 14 44 41 33 33 11 11 33 14 41 42 11 22 44 44 41 23 32
1 22 13 14 11 11 11 11 41 44 11 14 11 11 44 41 33 33 14 41 23 14 41 42 13 22 11 14 44 22 32
1 22 11 11 11 44 14 14 44 44 11 11 11 14 44 44 33 22 14 44 22 11 44 42 11 22 11 14 41 22 33
1 22 13 11 11 41 44 44 41 41 44 11 14 14 44 41 33 23 14 44 22 11 11 44 13 22 14 44 44 22 33
1 23 13 11 14 41 14 11 41 44 44 11 14 11 41 44 33 22 11 44 23 14 41 44 11 23 11 11 44 22 32
1 22 33 11 11 41 11 14 11 11 14 11 14 11 41 44 32 22 14 44 33 14 11 42 11 23 14 11 11 23 33
1 23 13 11 44 11 44 44 41 41 14 14 44 11 41 41 33 22 44 11 23 14 11 44 13 33 11 11 41 22 33
1 22 13 11 11 41 14 14 44 44 11 11 11 11 44 41 32 22 11 44 23 11 44 44 13 22 11 11 41 22 22
1 22 33 11 14 41 11 14 41 44 14 11 11 11 41 11 33 23 14 41 23 14 44 44 11 33 11 14 44 23 32
1 22 33 11 11 44 14 11 41 41 14 14 11 44 44 41 33 22 44 44 22 11 41 42 13 22 11 14 44 22 33
1 23 13 11 11 41 14 14 41 41 14 11 11 14 44 41 32 22 14 41 33 14 41 42 11 23 14 14 41 22 33
1 22 13 11 11 11 11 11 41 41 14 14 11 11 44 41 33 22 14 44 33 14 41 44 13 22 11 11 44 23 33
1 22 13 11 14 41 44 14 44 41 14 11 14 11 44 44 33 22 11 41 33 11 11 42 11 22 11 11 41 23 33
1 23 13 11 11 41 14 14 44 44 14 11 14 14 44 44 33 23 11 41 23 11 11 42 11 22 11 14 41 23 33
1 22 11 11 11 44 14 44 11 44 14 11 44 11 44 11 33 23 14 41 23 11 11 44 11 22 11 14 44 23 33
1 22 13 14 11 41 11 14 41 41 11 11 14 11 44 41 33 22 14 41 33 14 11 44 11 22 11 11 41 23 33
1 22 11 14 11 11 14 14 41 44 44 14 14 14 41 44 33 23 14 44 33 11 41 44 33 22 44 11 44 33 32
1 22 13 11 14 44 44 44 41 44 44 14 11 11 44 41 33 23 14 44 33 44 41 22 11 33 11 11 41 22 32
1 22 11 11 11 41 14 14 44 44 11 11 14 11 44 44 33 23 11 41 22 11 11 44 11 22 14 11 41 22 33
1 23 13 11 44 41 14 14 41 44 11 11 14 44 41 44 32 22 14 41 23 44 41 44 11 33 44 14 44 23 32
1 22 13 11 14 41 11 14 44 44 14 11 14 14 44 41 33 33 11 41 23 11 41 44 11 23 44 11 44 23 32
1 22 33 11 11 44 14 11 44 41 11 14 14 14 41 44 32 23 11 41 23 11 11 42 11 22 11 11 41 22 33
1 23 33 11 11 41 44 14 41 41 14 14 14 14 41 44 33 22 14 41 33 11 41 42 13 23 11 11 41 22 32
1 22 13 11 11 41 14 11 41 11 14 11 11 14 44 44 32 22 11 41 23 11 41 22 11 22 11 11 44 23 33
1 22 13 11 14 44 14 14 44 41 44 11 11 14 44 41 33 23 11 44 33 14 44 44 11 22 11 11 41 22 33
1 23 11 11 11 44 11 11 41 44 44 11 11 14 44 41 33 22 11 41 22 11 41 42 11 22 11 11 44 22 33
1 23 13 14 14 41 44 14 41 44 14 14 11 11 41 41 33 22 14 41 33 14 41 42 13 23 14 11 44 23 33
1 22 13 14 14 41 14 11 44 41 14 11 11 11 44 44 32 22 14 44 23 11 41 42 11 22 14 11 11 23 33
1 23 11 11 11 41 14 14 44 41 14 11 11 14 44 41 33 23 14 44 22 11 41 44 11 23 14 44 41 23 33
1 23 13 14 11 44 11 14 44 11 44 11 14 11 41 41 22 33 14 41 22 14 44 42 11 23 14 11 41 23 33
1 23 11 11 11 41 14 11 44 44 14 11 14 11 44 41 33 23 14 41 22 11 41 44 11 22 14 14 44 22 33
1 22 13 11 11 41 44 14 41 44 14 11 14 44 44 41 33 23 44 44 23 11 41 44 11 22 11 14 44 23 33
1 22 13 11 11 41 14 14 41 41 14 11 14 11 44 41 33 22 11 41 23 11 11 42 11 22 14 14 44 23 33
1 23 13 14 14 41 11 14 41 41 11 11 14 11 41 44 33 23 14 41 23 14 41 44 11 23 44 11 41 22 32
1 23 11 14 11 11 14 44 11 41 44 11 14 11 41 41 33 23 14 44 23 14 11 44 11 23 11 14 41 23 33
1 22 11 11 11 41 14 11 44 41 14 11 14 11 41 44 33 23 11 41 33 11 11 42 11 22 14 11 11 22 33
1 22 33 14 14 44 11 14 41 44 44 44 44 44 41 44 33 23 11 44 23 11 11 42 11 23 14 14 44 22 33
1 22 11 11 14 44 14 14 41 44 11 11 14 14 44 44 33 23 11 44 33 11 11 44 13 33 11 11 44 22 33
1 22 13 11 14 41 11 11 41 44 44 11 11 11 44 41 32 23 14 41 23 11 44 42 13 23 14 14 44 22 33
1 22 11 11 11 44 14 14 44 41 11 11 11 11 44 44 32 23 44 41 33 11 11 42 11 22 14 11 11 22 32
1 23 13 14 14 44 14 14 11 11 11 14 14 11 44 41 33 23 14 44 23 14 11 42 11 23 14 14 44 23 32
1 22 33 44 11 41 44 14 11 41 14 44 14 44 41 41 33 23 14 44 23 14 41 22 11 22 44 11 11 33 32
1 22 11 11 11 41 11 14 41 44 11 11 11 11 44 44 32 22 14 41 23 14 11 44 11 22 14 14 44 22 33
1 22 13 11 11 44 14 14 44 44 14 11 11 14 44 44 33 22 11 41 22 11 11 42 11 23 11 11 44 22 33
1 22 13 14 14 44 11 14 41 41 14 11 14 14 44 44 33 33 14 41 23 14 11 22 11 23 14 11 41 22 33
1 23 13 11 11 41 11 14 44 44 11 11 14 14 44 44 33 33 14 41 22 14 11 42 13 23 11 11 41 23 33
1 22 33 11 14 44 11 14 44 11 44 14 44 14 44 41 33 23 11 44 22 14 11 42 11 23 11 14 41 23 33
1 22 33 11 11 41 11 11 41 44 14 14 14 11 41 44 33 23 14 41 23 11 41 42 13 22 11 14 41 22 33
1 22 13 11 14 44 11 14 41 41 14 11 11 11 41 41 32 22 14 41 23 14 41 44 11 22 14 11 44 23 33
1 22 11 14 11 41 14 44 41 41 11 11 11 11 44 44 32 23 11 44 23 14 44 44 11 23 14 11 44 22 33
1 23 13 11 44 44 11 14 44 41 14 14 14 11 44 41 32 23 11 11 33 14 41 42 11 22 14 14 41 23 32
1 22 13 11 14 41 11 44 44 41 14 11 14 14 41 11 33 23 14 41 23 11 41 44 13 33 11 14 44 23 33
1 22 13 11 44 41 11 14 41 44 14 11 14 14 41 41 33 33 11 41 33 14 41 44 11 23 44 11 44 22 33
1 22 11 11 14 11 14 14 44 44 14 11 11 14 44 44 33 23 11 44 23 14 41 42 11 23 11 14 41 22 33
1 22 13 11 11 41 11 11 41 44 11 11 11 11 44 41 33 23 11 11 22 14 44 44 13 22 11 11 44 22 32
1 22 33 11 44 41 44 14 41 11 14 14 14 14 44 44 33 33 14 41 23 11 41 22 13 23 14 14 41 23 32
1 22 13 11 44 11 44 44 41 41 14 11 14 11 41 41 32 22 14 41 23 14 41 44 11 23 14 14 41 23 33
1 22 13 44 11 11 44 11 11 41 44 11 14 11 44 44 32 33 14 41 22 14 41 42 11 23 11 14 44 23 33
1 22 33 11 11 44 11 11 44 44 44 11 14 11 41 41 32 33 11 44 22 44 44 44 11 22 11 11 44 23 33
1 22 11 11 14 44 11 14 41 44 14 11 11 11 44 44 33 33 11 11 23 11 41 44 11 22 11 11 44 22 33
1 22 13 14 14 41 14 14 11 11 14 11 11 11 44 44 33 23 14 41 22 14 44 42 11 22 14 11 41 22 32
1 23 13 11 11 41 44 44 41 41 44 11 11 11 41 41 33 23 44 11 23 11 44 22 13 23 11 11 44 23 33
1 23 33 14 14 41 14 14 44 11 44 14 11 11 41 44 33 23 11 41 23 14 44 42 11 23 44 14 44 22 33
1 22 11 44 14 11 14 14 41 44 44 11 14 14 44 44 33 22 14 41 23 11 11 22 11 22 11 14 44 22 33
1 22 33 11 14 41 14 44 44 44 14 11 44 14 41 11 33 23 14 44 23 14 41 42 11 22 14 14 41 22 33
1 22 13 11 11 41 14 14 41 11 44 11 14 11 41 41 33 33 14 11 23 14 41 42 11 23 11 14 41 33 33
1 22 11 44 14 11 11 44 41 41 44 11 14 14 41 11 32 22 14 41 23 14 11 42 11 23 11 14 41 22 33
1 23 13 11 11 44 44 14 11 44 44 11 14 11 44 41 33 22 14 41 23 14 11 44 11 23 11 11 44 23 22
1 22 11 11 11 44 11 11 44 41 14 11 11 14 41 41 33 22 11 44 22 14 44 44 13 22 11 11 44 22 33
1 22 11 11 11 44 14 14 41 11 14 11 11 11 44 41 22 22 11 44 22 14 44 44 11 22 44 11 44 22 32
1 22 13 11 11 44 14 11 44 41 14 11 44 14 44 44 33 23 44 41 22 14 41 42 11 33 14 11 11 22 33
1 22 11 14 14 44 14 44 41 41 44 11 11 14 44 44 33 22 11 11 23 14 41 44 11 22 11 11 44 22 32
1 22 13 11 11 41 11 14 41 41 14 11 14 11 44 11 33 22 11 41 23 14 11 42 11 22 14 11 41 23 33
1 22 11 11 11 44 11 14 11 44 11 11 11 11 44 44 33 23 11 41 22 14 44 22 11 22 11 11 44 22 33
1 22 11 11 14 44 14 14 44 41 44 14 14 11 44 44 32 33 14 11 23 14 41 42 11 23 44 11 44 22 33
1 23 13 11 11 41 11 14 44 41 14 11 11 11 44 41 33 22 14 41 23 11 41 44 11 23 11 14 44 22 33
1 22 33 14 11 41 14 14 11 44 14 14 11 11 44 44 33 23 14 41 22 11 11 22 13 23 11 11 41 22 33
1 22 13 11 11 44 11 14 41 44 14 11 14 14 44 44 33 23 14 44 23 11 11 44 11 22 11 11 44 23 33
1 22 11 14 14 41 11 14 44 44 11 11 11 14 44 44 33 22 11 44 22 11 41 42 11 22 11 11 41 22 33
1 23 13 14 14 44 14 14 41 11 14 14 44 14 44 11 33 23 14 41 23 11 11 22 13 23 14 11 44 22 33
1 22 13 11 14 41 14 44 11 41 14 11 44 11 44 41 32 23 44 11 22 14 41 44 13 23 11 14 41 22 33
1 22 13 11 14 44 11 14 44 44 14 11 14 11 44 41 33 22 44 41 23 11 44 44 11 22 14 11 44 22 33
1 23 11 11 14 41 11 14 11 44 44 14 11 14 41 44 33 22 14 41 23 11 41 42 11 23 11 11 44 22 33
1 22 13 11 11 41 14 14 41 41 11 11 14 11 44 44 32 22 14 44 23 11 41 42 13 22 44 11 44 22 32
1 22 13 11 11 44 11 11 41 41 11 11 14 11 44 41 33 23 11 44 22 14 41 44 11 22 11 11 44 22 33
1 22 13 11 14 44 14 11 41 44 11 11 44 11 44 41 32 23 11 11 22 11 44 44 11 33 11 11 44 22 33
1 22 11 11 44 44 11 14 44 41 14 11 11 14 44 41 33 23 11 41 22 14 44 44 11 22 11 11 44 23 33
1 22 13 11 11 41 14 14 11 44 44 14 44 11 44 41 32 33 11 11 33 44 11 42 11 22 11 14 41 22 32
1 22 11 11 11 41 14 44 44 11 11 11 14 11 41 44 33 23 14 41 23 14 44 42 11 23 44 11 44 22 33
1 23 11 11 14 41 11 11 44 11 11 14 14 14 44 44 33 22 11 41 22 11 41 44 11 22 11 14 44 22 33
1 22 13 14 11 41 11 14 44 11 14 11 11 14 41 11 33 33 14 44 23 14 41 42 11 23 14 14 41 22 33
1 22 33 11 44 11 44 14 44 41 14 14 14 44 41 44 32 33 14 41 23 14 41 42 11 33 11 14 44 22 33
1 22 13 11 11 41 44 11 44 41 11 11 11 11 44 44 33 23 14 41 23 11 44 44 11 22 11 11 41 23 33
1 22 11 11 14 44 11 11 44 44 11 11 14 11 44 44 33 23 11 44 33 14 11 42 11 22 11 11 44 23 33
1 23 11 14 14 41 14 11 44 44 11 11 11 11 44 41 33 22 14 44 23 14 41 44 11 22 11 14 44 23 33
1 22 13 11 11 41 11 14 44 44 44 11 11 14 44 41 33 22 14 41 23 14 41 44 11 22 14 11 44 22 33
1 23 33 11 14 41 14 11 44 44 14 11 11 11 44 44 33 22 14 44 23 11 44 42 11 23 14 14 44 22 33
1 22 13 11 14 41 14 14 44 44 14 11 14 14 44 41 33 23 11 44 23 11 44 44 11 22 11 14 44 23 33
1 22 13 11 14 44 14 14 41 44 11 11 14 11 44 41 33 22 14 44 23 11 41 44 11 23 11 11 11 22 32
1 23 33 14 14 41 14 44 44 11 14 11 11 14 44 41 32 23 11 41 22 14 44 44 13 23 11 14 11 22 33
1 22 11 11 11 44 11 11 44 44 11 11 14 14 41 44 33 22 14 41 23 14 41 42 11 23 14 11 41 22 33
1 22 13 11 11 44 14 11 44 41 14 14 11 14 44 44 33 23 14 41 22 44 41 42 11 33 14 14 44 22 22
1 22 13 11 11 41 14 11 41 44 14 11 11 14 44 44 33 33 14 44 23 14 41 42 11 22 11 11 41 22 33
1 22 11 11 14 44 14 11 41 44 11 14 14 11 44 44 33 22 14 44 33 14 41 44 11 23 11 14 44 23 33
1 22 13 11 14 44 14 11 44 11 11 11 11 14 44 44 33 22 14 44 23 11 41 44 13 22 14 11 44 22 33
1 22 11 14 14 41 11 14 41 41 44 11 44 11 41 41 32 22 14 11 23 14 41 42 11 22 14 11 11 23 32
1 23 11 14 14 44 44 44 44 41 14 14 14 14 44 41 33 33 11 44 23 14 41 22 13 23 14 11 44 23 32
1 22 11 11 11 44 44 11 44 44 44 14 44 14 44 11 33 22 44 41 33 14 44 42 11 23 11 14 44 22 32
1 23 13 11 14 41 14 14 11 41 44 44 11 11 44 41 33 33 11 44 33 14 11 42 11 22 11 11 41 22 33
1 23 13 11 11 41 14 14 44 11 44 11 44 14 44 41 32 23 44 41 23 14 41 44 11 23 11 11 44 22 33
1 22 11 11 11 41 11 14 44 44 11 11 11 11 44 41 33 22 11 41 23 11 44 44 13 22 11 14 44 22 33
1 23 13 11 44 41 14 14 44 11 14 11 14 44 44 41 33 22 44 41 22 11 41 42 11 22 11 11 44 22 33
1 23 13 44 11 11 44 11 41 41 44 11 11 14 41 44 33 22 14 41 22 14 41 42 13 33 14 14 41 22 33
1 23 33 11 14 41 44 44 41 41 44 14 14 14 44 41 32 23 14 11 23 14 44 42 11 23 14 14 44 22 33
1 22 11 11 14 41 44 11 11 44 11 11 11 11 41 44 33 22 14 44 23 14 41 44 11 23 11 14 41 22 33
1 22 11 11 14 44 11 14 41 41 14 11 11 14 44 41 32 23 11 44 22 14 41 44 11 22 11 14 41 22 33
1 22 13 11 11 41 11 44 44 41 14 11 14 11 41 11 33 23 14 41 23 14 44 42 11 22 14 14 44 22 32
1 22 11 11 14 41 11 14 44 44 11 11 14 14 44 41 33 22 11 41 22 11 44 44 11 22 11 11 44 23 33
1 22 11 11 14 11 44 11 44 44 14 11 11 14 44 44 33 22 11 41 23 11 41 44 11 23 11 11 41 33 33
1 22 33 11 14 41 14 14 44 11 14 14 11 14 41 41 22 33 14 11 23 14 11 22 11 23 14 11 44 23 22
1 22 13 11 14 44 14 14 41 41 11 11 11 11 44 44 32 22 11 11 33 14 41 44 11 22 14 11 44 22 32
1 22 11 11 11 41 14 11 11 44 11 11 14 11 41 44 33 22 11 44 23 11 44 44 11 23 11 44 44 22 33
1 22 11 11 14 41 11 14 44 44 14 14 14 14 44 44 33 22 11 41 22 11 11 44 11 22 11 14 44 23 33
1 22 11 11 11 44 14 14 44 44 11 11 14 11 44 41 33 22 11 44 22 11 11 44 11 22 14 14 41 22 33
1 22 11 11 11 44 14 44 11 41 44 11 44 11 44 41 33 22 14 41 23 14 44 42 13 22 14 11 41 22 33
1 22 13 11 11 44 11 14 44 11 14 14 14 11 11 41 22 23 14 41 23 14 41 44 13 23 11 11 41 22 33
1 22 33 11 14 44 14 44 41 41 14 11 14 14 44 44 33 23 11 11 22 14 41 42 13 22 14 11 41 22 33
1 22 11 11 11 44 11 44 41 44 44 11 14 11 44 41 32 23 11 11 23 44 44 44 13 23 11 14 44 33 32
1 22 13 14 11 11 14 14 41 41 14 11 14 11 44 44 32 33 14 41 23 14 41 42 11 22 44 44 41 23 32
1 22 13 11 11 41 14 11 44 44 14 14 14 11 41 41 33 23 11 41 22 14 44 44 11 23 44 14 41 22 33
1 23 13 11 11 44 44 44 41 44 44 11 14 11 41 44 33 23 14 11 23 14 44 42 11 22 11 14 11 22 32
1 22 13 14 14 11 14 44 41 41 14 11 44 11 44 11 32 23 14 44 23 14 41 44 11 22 14 14 41 23 33
1 22 33 11 11 41 14 11 44 11 44 11 11 14 44 44 33 33 14 11 33 14 41 44 13 23 14 11 44 22 33
1 22 11 14 14 44 14 14 44 41 11 11 14 44 44 41 33 22 11 41 23 44 41 44 11 22 11 11 44 23 33
1 22 11 14 14 44 14 14 44 11 44 11 14 14 41 41 33 23 14 44 23 14 41 42 11 22 14 14 41 33 32
1 23 13 11 11 41 14 14 44 44 11 11 11 14 44 41 33 33 11 41 23 14 41 44 13 23 14 14 41 33 33
1 22 11 11 14 44 14 14 11 44 14 11 14 11 41 44 33 23 14 41 22 14 41 42 11 23 14 14 44 23 33
1 22 13 14 11 41 14 14 41 41 11 14 14 11 44 41 32 22 11 44 23 11 44 44 11 23 14 14 44 22 33
1 22 13 14 14 41 14 11 44 41 11 11 14 11 44 44 33 22 14 11 23 14 41 42 13 22 14 11 44 22 32
1 22 33 14 44 41 14 14 44 11 11 11 14 11 44 41 33 22 14 44 23 11 41 44 11 22 14 11 41 23 32
1 22 11 11 44 41 11 14 11 44 11 11 11 14 44 41 33 23 11 41 23 11 41 44 11 23 11 11 44 22 32
1 23 13 11 11 41 14 11 41 11 14 14 11 11 44 44 33 23 44 41 22 14 41 44 11 22 11 11 44 22 32
1 22 11 11 11 44 14 14 41 44 11 11 11 11 44 44 32 23 11 41 33 14 44 44 11 22 11 11 44 22 33
1 22 11 11 14 44 11 14 41 44 14 11 11 11 44 44 33 23 14 41 23 14 41 44 11 23 14 14 44 22 33
1 22 11 11 14 41 14 14 11 41 14 14 44 11 41 41 32 23 14 41 23 14 41 42 13 23 11 11 41 23 32
1 23 11 11 14 44 11 44 44 44 11 11 14 11 44 41 33 22 14 41 22 14 44 42 11 22 11 14 41 23 33
1 22 13 11 14 41 44 14 41 44 44 11 44 14 44 41 33 23 11 41 22 14 41 42 11 22 11 14 41 23 33
1 22 11 11 11 41 11 14 41 44 11 11 11 11 44 44 33 23 14 44 22 14 44 42 11 23 11 14 41 23 33
1 22 13 11 11 44 44 14 44 11 44 11 11 11 41 41 32 22 14 11 22 14 44 22 11 23 14 11 41 22 33
1 22 13 11 11 44 44 14 11 41 44 11 11 11 44 41 33 22 14 41 23 14 44 44 11 23 11 11 44 22 33
1 22 33 14 14 11 11 14 41 44 14 11 11 14 44 11 33 23 11 41 22 11 41 22 11 33 14 14 44 33 33
1 22 11 11 11 44 11 44 44 11 11 11 11 11 44 44 33 22 11 44 23 14 44 44 11 22 14 11 44 22 33
1 22 33 11 11 41 14 44 44 44 14 14 14 11 41 44 33 22 14 11 23 11 41 44 11 22 11 11 44 22 33
1 23 13 11 44 41 11 44 44 44 11 11 14 14 41 41 33 33 14 41 33 14 41 42 11 23 11 11 11 22 22
1 22 33 14 14 41 44 14 41 41 44 14 44 44 41 41 33 22 14 41 33 11 41 22 11 22 11 11 44 22 33
1 22 11 11 11 41 14 11 44 44 11 11 11 14 44 41 32 22 11 41 22 44 41 22 11 22 11 11 41 23 33
1 22 11 11 14 44 11 14 44 44 11 11 11 11 44 44 33 23 44 41 23 44 44 44 11 23 11 11 41 23 33
1 22 13 11 11 41 14 14 11 44 44 11 14 44 44 11 33 22 14 41 22 14 41 42 11 33 44 11 44 23 33
1 22 13 14 11 44 44 11 41 44 14 11 11 11 44 44 32 22 11 41 22 11 11 44 11 23 11 14 44 22 32
1 22 33 11 11 41 14 14 11 44 14 11 14 14 41 11 33 23 11 44 33 14 11 22 13 23 11 11 41 23 33
1 23 13 11 14 41 14 14 41 44 14 14 14 11 44 41 33 23 14 44 22 14 41 42 11 22 14 44 44 22 22
1 22 11 11 11 41 14 11 41 44 14 11 14 11 44 41 33 22 11 44 23 11 11 44 11 22 44 11 44 23 33
1 22 13 11 14 41 44 14 11 44 44 11 44 11 44 44 33 23 44 44 23 11 41 42 33 22 14 14 44 23 32
1 22 11 11 14 11 14 14 41 44 14 11 11 14 44 41 33 23 11 44 22 11 41 44 11 22 11 14 44 22 33
1 23 11 11 11 44 14 44 41 41 14 14 11 14 41 44 33 33 11 41 33 44 11 44 11 23 11 11 44 22 32
1 22 13 11 14 11 14 14 41 41 44 14 14 14 44 44 33 22 44 41 22 14 41 44 11 22 14 44 41 22 33
1 33 11 11 44 11 14 44 41 41 11 14 14 14 44 41 33 22 44 44 23 11 41 42 11 23 44 11 11 22 33
1 22 11 11 14 41 14 14 44 11 11 11 44 11 41 44 33 23 14 41 22 44 11 42 11 23 11 11 44 23 32
1 22 13 14 11 44 14 14 41 44 14 11 14 11 44 41 33 23 14 41 23 14 11 44 11 23 11 11 44 22 33
1 22 13 11 11 44 14 11 41 41 14 11 14 14 44 44 32 23 14 41 22 44 41 42 11 22 14 14 41 22 33
1 22 13 11 14 44 14 14 41 44 14 14 11 14 44 41 33 22 14 41 23 14 41 44 11 22 44 11 44 22 32
1 22 33 11 11 11 14 14 41 41 14 11 11 11 44 44 33 23 11 44 22 11 44 42 11 22 14 11 44 22 32
1 22 13 11 11 11 11 44 41 44 14 11 14 11 44 44 33 22 14 41 33 11 41 22 11 23 14 11 41 22 32
1 23 11 14 11 41 11 14 44 41 11 11 11 11 44 44 33 22 11 44 22 11 44 42 13 22 11 14 44 22 33
1 23 13 14 44 41 11 14 44 41 14 11 14 14 44 41 22 23 44 44 23 14 41 22 11 23 11 11 41 22 33
1 22 13 11 11 44 14 14 41 41 14 11 14 14 44 41 33 22 11 41 23 11 41 44 11 23 11 11 44 22 33
1 22 11 11 14 44 11 11 41 41 11 11 14 14 41 44 33 33 11 41 22 11 44 42 11 22 11 11 44 22 33
1 22 13 11 14 41 11 14 44 41 11 11 11 11 44 41 33 22 14 44 22 11 41 44 13 23 11 11 44 22 33
1 22 13 11 11 41 14 14 41 44 14 11 14 14 44 44 33 22 11 11 22 11 44 44 11 22 14 11 44 23 33
1 22 11 11 11 41 14 11 41 41 11 11 14 14 44 11 33 23 44 41 22 11 11 42 13 33 11 11 41 22 32
1 22 13 11 14 44 14 44 41 41 14 11 14 11 44 44 33 23 44 41 22 14 41 22 11 23 14 14 44 22 33
1 22 11 11 14 41 14 44 41 11 44 14 14 11 41 44 33 22 14 41 23 14 11 42 11 23 14 11 41 23 33
1 22 13 11 14 41 14 11 44 44 14 11 11 14 44 11 32 33 44 44 23 11 11 22 11 23 11 14 41 23 22
1 22 13 11 14 44 14 44 41 44 44 11 14 14 44 41 33 22 14 41 23 14 44 42 13 22 11 11 44 22 32
1 22 13 11 11 41 14 11 41 41 14 14 14 11 44 41 32 33 11 44 23 11 41 44 11 22 14 11 41 22 32
1 23 13 11 14 11 14 14 41 41 44 14 44 11 41 41 32 22 14 41 22 11 41 44 11 22 14 14 44 23 33
1 23 11 11 11 41 44 11 44 44 14 11 11 14 41 44 33 23 11 41 22 14 41 44 11 22 11 14 44 22 33
1 23 13 11 14 44 11 44 44 44 14 11 14 14 41 41 32 22 11 44 22 14 41 44 11 22 14 11 44 23 33
1 22 11 11 11 44 14 14 44 41 14 14 14 11 41 11 32 23 44 41 33 14 11 42 11 23 14 11 11 22 33
1 22 11 11 11 41 11 14 44 41 11 11 11 11 41 41 33 23 14 41 22 11 44 44 11 23 11 14 44 22 33
1 22 13 11 11 41 11 11 44 41 14 11 14 11 44 44 32 23 44 44 33 14 44 42 11 23 11 14 44 23 33
1 23 13 11 11 41 14 44 11 44 11 11 44 14 11 41 33 33 44 41 23 44 41 42 13 33 44 14 44 33 32
1 23 13 11 14 41 14 11 41 44 14 11 11 14 44 41 33 23 44 41 23 14 11 44 11 33 14 14 44 23 33
1 23 13 11 14 44 11 11 44 44 14 11 11 11 44 44 33 22 11 41 22 11 44 44 11 22 11 11 44 23 32
1 22 13 11 11 41 11 14 44 41 44 11 44 11 44 11 33 33 11 44 23 14 41 22 11 22 14 11 44 23 33
1 22 13 11 14 11 44 14 41 44 44 11 14 11 44 44 33 23 11 44 23 11 41 42 13 23 14 11 41 23 33
1 22 13 14 11 41 14 11 41 41 11 11 14 11 44 44 33 23 14 41 22 14 11 42 11 33 14 11 44 22 32
1 22 13 11 14 41 44 44 44 41 44 11 44 44 11 41 33 23 11 41 33 14 41 42 13 23 14 11 44 22 33
1 22 11 11 14 44 11 14 41 41 14 11 14 14 44 44 32 22 14 44 22 11 41 44 11 22 11 11 44 22 33
1 22 13 11 14 44 11 14 41 44 14 14 11 14 41 44 33 23 11 41 22 11 41 44 11 22 11 11 44 22 33
1 22 11 11 11 44 11 11 44 44 44 11 11 14 41 44 33 23 11 41 22 14 44 44 11 22 11 11 44 22 33
1 23 13 11 14 44 14 14 41 44 14 11 14 11 44 11 33 22 11 41 33 14 41 44 13 23 11 14 44 22 33
1 22 13 11 14 11 11 14 41 41 44 44 14 44 41 44 33 23 14 41 33 14 11 44 13 23 11 14 41 23 33
1 23 13 14 14 44 11 11 41 44 14 11 14 11 44 41 33 23 14 41 23 14 41 44 11 22 14 14 41 23 33
1 22 33 14 14 41 44 44 41 11 14 11 44 14 44 41 22 23 14 41 23 14 11 42 11 22 14 14 44 22 32
1 22 11 11 11 44 44 14 41 41 14 11 11 11 44 44 33 23 14 44 23 11 41 42 11 22 11 11 41 22 33
1 22 11 11 11 11 44 44 11 11 11 11 44 11 44 41 32 23 14 41 22 14 11 42 11 22 14 14 11 22 33
1 22 33 11 11 44 14 44 41 41 14 44 11 14 41 11 33 23 14 41 23 14 41 22 11 23 14 11 11 22 33
1 23 11 11 14 11 11 14 41 44 14 11 14 11 44 44 33 23 14 41 23 11 11 42 11 23 11 14 44 23 32
1 23 11 11 14 11 11 14 44 44 14 11 11 11 44 11 32 22 14 44 23 11 41 44 11 23 11 14 41 22 32
1 23 11 11 11 41 11 14 44 41 44 11 11 11 41 41 32 33 11 41 23 11 44 42 11 22 11 14 44 22 33
1 22 11 11 11 41 14 14 44 41 14 11 11 11 44 41 33 22 11 11 22 14 41 44 11 23 11 11 41 22 32
1 22 11 11 11 41 11 14 44 44 14 11 11 11 41 44 33 33 11 41 22 11 44 42 11 23 11 44 44 22 33
1 22 11 11 11 41 44 11 44 41 14 11 11 11 44 41 33 22 44 44 22 11 41 44 11 22 11 11 41 22 33
1 22 11 11 11 11 11 11 44 44 11 11 14 11 44 41 33 23 11 44 22 11 41 44 11 22 14 11 41 23 33
1 22 13 11 44 44 14 11 44 44 11 11 44 14 44 44 33 23 11 44 22 11 44 44 11 22 11 11 44 22 32
1 22 11 11 11 44 11 44 44 44 14 11 14 11 44 41 33 22 11 41 23 11 44 44 11 22 11 11 44 22 33
1 23 13 11 11 44 14 14 44 41 14 11 14 14 41 11 32 23 14 44 33 14 41 42 11 23 14 11 44 23 32
1 22 11 14 14 41 11 11 44 44 11 11 11 14 44 44 33 22 11 44 22 11 44 44 11 22 14 11 44 23 33
1 22 33 11 14 44 44 44 11 41 44 11 14 44 41 41 33 23 44 44 33 11 41 42 11 22 44 14 41 22 32
1 22 13 11 11 41 11 11 44 44 11 11 11 14 41 41 32 22 14 11 23 14 41 42 11 22 11 14 44 23 32
1 22 11 11 11 41 14 14 44 44 14 11 11 11 44 41 32 23 11 44 22 14 44 44 11 22 11 11 44 22 32
1 22 13 11 11 41 11 14 41 44 14 11 14 14 44 44 33 23 14 41 23 11 44 44 11 22 11 11 41 22 32
1 22 11 11 11 44 11 14 44 41 14 11 14 14 41 44 33 22 14 41 23 44 11 44 11 22 11 14 44 22 33
1 22 13 14 14 11 14 14 44 44 14 14 14 44 44 44 33 33 14 41 23 44 11 44 11 22 14 14 44 22 33
1 22 33 11 11 41 14 11 41 44 14 14 11 11 44 41 33 22 14 44 33 44 11 42 11 22 14 14 41 22 33
1 23 11 14 11 11 14 44 11 11 44 11 14 11 41 41 33 23 11 41 33 14 41 42 13 23 14 14 44 23 33
1 22 11 11 11 41 14 44 44 44 14 14 11 14 44 41 33 23 14 41 22 14 41 44 11 22 14 11 44 23 33
1 22 13 11 11 11 44 14 41 44 11 14 11 14 44 44 33 33 11 44 23 14 41 42 11 23 14 11 44 22 33
1 23 11 14 14 41 14 44 44 44 14 11 11 14 44 44 33 23 11 41 33 14 41 44 13 23 11 14 44 23 33
1 22 11 11 14 44 11 44 44 11 14 11 14 11 44 11 33 22 11 44 22 14 11 42 11 22 14 11 41 23 33
1 22 13 14 11 41 44 14 41 11 14 11 11 11 44 41 33 33 14 11 22 14 41 42 11 23 11 14 44 22 33
1 22 33 11 11 41 14 44 11 44 14 14 14 11 44 41 33 22 11 41 23 11 11 44 11 22 11 11 41 23 33
1 22 33 11 11 41 11 14 44 44 11 11 11 11 44 41 32 23 11 41 22 11 44 42 11 22 11 11 44 23 33
1 22 13 11 14 44 11 11 44 41 14 11 11 11 44 41 33 33 14 41 22 11 41 44 11 33 14 14 44 22 33
1 23 13 11 11 44 11 11 44 41 14 11 14 14 44 44 33 23 11 44 23 14 41 44 11 22 11 11 44 22 32
1 23 13 11 44 41 14 44 41 44 14 11 14 14 41 41 22 23 14 41 23 14 41 42 11 23 14 14 41 22 32
1 23 11 14 14 41 44 11 41 41 11 11 11 11 44 44 32 22 14 41 23 11 41 44 11 22 11 11 44 22 32
1 23 13 11 14 44 14 44 41 44 44 11 14 11 44 44 32 23 11 44 23 11 41 44 11 23 11 14 44 22 33
1 22 11 11 11 44 11 14 41 41 14 11 11 11 44 41 32 22 11 44 22 11 44 42 11 23 11 11 44 22 33
1 23 13 11 11 44 14 14 41 11 44 14 14 14 41 41 33 23 44 44 23 44 41 44 13 33 14 44 44 23 33
1 23 11 44 14 44 14 14 41 41 11 11 14 11 41 41 33 23 11 41 23 14 41 42 13 33 14 11 44 22 32
1 22 13 11 14 44 11 14 41 41 14 11 14 14 44 44 33 23 14 11 23 11 11 42 11 23 44 14 44 22 32
1 22 11 11 11 44 11 11 41 44 11 14 11 11 44 44 33 23 11 41 22 11 44 22 13 22 11 14 44 22 33
1 22 13 11 14 44 11 11 41 11 14 11 11 14 44 44 33 23 11 41 33 14 11 42 13 22 11 14 44 23 33
1 22 11 11 11 44 44 11 44 41 11 14 14 11 41 41 33 33 44 41 23 11 41 44 11 22 11 11 41 22 32
1 22 33 11 11 44 11 11 11 44 14 11 14 11 44 41 33 23 11 41 22 14 41 42 11 23 11 11 44 23 33
1 22 13 11 11 11 14 14 41 44 44 11 11 11 44 44 33 23 14 41 23 14 11 42 11 23 11 11 44 22 32
1 23 13 14 14 41 11 44 44 11 11 11 11 11 44 44 32 23 14 41 33 14 41 22 11 22 44 14 44 23 32
1 22 11 11 11 41 11 14 41 44 14 14 11 11 44 44 32 23 11 41 23 11 41 44 11 22 11 14 41 22 33
1 22 11 11 14 41 11 14 41 41 11 14 11 14 44 44 32 22 11 44 22 11 44 44 11 23 14 11 44 22 33
1 23 11 14 11 41 14 44 41 44 11 11 14 11 44 44 33 23 14 11 33 14 11 42 11 23 44 14 44 22 33
1 22 13 14 11 44 14 44 41 44 14 11 14 11 44 44 32 22 14 41 33 44 41 44 11 22 11 11 44 23 33
1 22 11 11 11 41 11 14 44 44 14 11 11 14 44 41 33 23 11 41 33 14 41 44 11 23 11 11 44 22 33
1 22 11 11 11 44 11 11 44 44 11 11 14 11 44 44 33 22 11 44 22 11 44 44 11 22 11 14 44 22 33
1 22 11 14 11 44 44 14 11 41 44 11 11 14 44 44 33 33 14 44 23 14 41 44 11 23 14 14 41 22 33
1 23 13 11 14 44 14 44 41 44 44 14 14 14 41 41 33 23 14 41 23 14 11 42 11 33 11 14 41 23 33
1 23 13 11 11 41 11 44 41 41 14 11 14 14 44 41 33 33 14 44 33 11 41 44 11 22 44 14 41 23 32
1 22 33 11 11 41 11 44 44 44 44 14 11 11 41 41 33 23 14 11 33 11 41 42 11 22 11 11 11 23 32
1 22 33 14 14 11 11 14 41 41 14 11 11 11 44 44 33 23 44 41 23 14 41 42 13 22 11 14 41 23 33
1 33 11 14 11 44 11 14 44 11 14 14 14 14 41 44 33 22 11 44 23 14 41 44 11 23 11 14 41 22 33
1 23 33 11 14 44 14 44 44 44 14 11 11 11 44 44 33 22 14 41 33 11 11 42 13 23 14 11 44 22 32
1 22 33 11 44 44 14 14 41 41 44 11 14 11 41 41 32 23 14 44 22 11 11 44 13 23 44 14 41 23 33
1 33 13 11 14 11 44 14 44 11 44 11 44 14 41 11 32 23 11 41 23 44 41 44 13 23 44 11 44 22 32
1 23 13 11 11 41 14 11 44 11 11 11 11 11 44 44 32 23 14 44 22 11 11 44 11 22 11 11 44 22 33
1 22 13 14 14 41 14 11 44 11 14 11 11 11 41 41 32 23 11 41 23 11 41 44 13 22 14 11 44 23 32
1 22 33 14 14 41 14 11 44 44 11 11 11 11 44 44 33 22 14 41 23 11 44 44 13 23 44 11 41 22 33
1 22 11 14 14 44 44 14 41 41 14 11 14 11 44 44 32 23 14 41 23 14 11 42 13 22 14 11 44 23 32
1 22 11 14 14 41 14 14 41 44 11 11 44 11 41 44 33 22 14 11 23 14 11 42 11 22 11 11 44 22 33
1 22 11 14 14 41 14 44 44 44 44 11 14 11 44 41 33 22 14 44 23 11 44 42 11 22 14 11 44 22 33
1 22 33 11 11 41 14 11 41 41 14 11 44 14 44 44 33 22 44 41 23 11 41 44 11 23 44 11 44 22 32
1 22 11 11 14 41 11 11 11 41 14 11 14 14 44 44 33 22 11 44 23 14 11 44 11 23 11 11 11 22 33
1 22 11 11 11 11 14 14 41 41 11 11 14 44 44 41 33 33 14 41 23 44 44 42 11 23 14 14 41 22 33
1 23 13 11 11 41 11 14 41 41 14 11 44 14 44 41 33 23 14 41 33 11 11 42 11 22 14 11 41 22 32
1 22 11 11 14 41 14 44 41 41 14 11 11 11 44 44 32 23 11 41 33 11 41 42 11 23 14 11 44 23 33
1 22 13 11 14 41 14 14 41 41 11 11 11 11 41 44 33 22 14 44 23 11 41 22 11 23 11 14 41 22 33
1 22 13 14 11 41 44 11 41 44 11 11 14 11 44 41 33 23 11 44 23 11 44 42 11 22 11 11 41 22 33
1 22 13 11 11 41 14 44 41 44 11 14 11 14 44 41 32 22 14 44 23 14 11 44 11 23 14 11 44 23 32
1 22 13 11 14 41 14 44 41 44 14 11 11 11 41 41 33 23 14 41 22 14 41 22 13 22 14 11 44 22 32
1 22 13 11 11 41 14 11 41 41 14 11 11 11 44 41 33 22 14 44 23 11 41 44 13 22 14 11 44 22 33
1 23 13 11 11 44 14 44 41 41 44 11 11 11 41 11 32 22 44 11 23 14 41 44 11 22 14 14 44 22 32
1 22 13 14 14 41 11 14 44 44 14 11 14 11 41 11 33 33 14 44 22 11 41 42 11 22 14 14 44 23 33
1 22 13 11 11 44 11 14 44 44 11 14 11 11 44 44 33 22 14 44 23 14 11 42 11 22 11 11 44 22 33
1 22 33 14 44 41 11 14 41 41 14 11 14 44 44 41 33 23 14 44 23 14 41 44 11 22 11 11 44 22 33
1 23 11 11 11 41 11 14 44 41 14 11 11 11 44 41 32 23 14 41 23 14 41 44 11 33 11 11 44 22 33
1 23 13 14 11 44 14 14 41 44 11 11 11 11 44 44 32 23 11 44 22 14 41 42 11 22 14 14 44 22 33
1 23 13 11 44 41 44 44 41 41 14 14 44 14 44 41 33 23 44 11 33 14 11 44 13 23 14 14 41 23 33
1 22 11 11 14 44 14 11 44 44 11 11 11 11 44 44 33 22 14 41 22 14 11 44 11 23 14 11 44 23 33
1 22 11 11 14 44 14 14 11 44 14 11 11 11 44 44 33 23 11 44 23 11 41 44 11 22 11 11 41 22 33
1 22 13 11 14 44 14 14 41 44 14 14 11 14 44 44 33 23 14 41 23 11 11 44 11 22 14 11 44 22 33
1 22 11 11 11 41 14 14 44 44 14 11 11 14 44 44 33 22 11 44 22 11 11 44 11 22 11 11 44 22 33
1 22 33 11 11 44 14 11 44 44 11 14 44 14 44 11 22 22 11 44 23 14 41 42 11 22 14 11 41 22 33
1 22 11 14 11 11 44 14 41 41 14 14 14 14 44 41 33 23 11 41 23 44 41 22 11 22 11 11 41 23 33
1 22 11 11 11 44 14 11 11 11 14 11 14 14 41 41 33 33 14 11 22 14 41 44 11 23 14 14 44 23 33
1 22 11 11 11 41 11 44 41 41 44 11 11 14 41 41 33 22 44 11 33 11 41 42 11 23 11 11 44 23 33
1 22 13 11 11 41 14 11 44 41 14 11 14 11 44 44 33 22 11 41 22 14 44 44 11 22 14 11 44 22 33
1 22 13 11 11 44 11 44 41 41 11 11 11 11 44 44 33 23 11 41 22 11 41 42 13 22 11 11 44 22 32
1 33 13 11 11 41 11 14 41 44 11 11 11 14 44 41 33 22 14 44 33 14 41 44 11 22 11 11 44 33 33
1 22 33 11 14 41 11 14 11 41 14 11 11 14 44 44 33 23 11 44 22 11 44 44 11 22 11 11 41 22 32
1 22 13 11 11 41 11 11 44 44 14 11 14 11 44 41 33 22 11 41 22 11 41 44 11 22 11 14 44 22 32
1 22 11 11 11 44 14 11 11 44 44 11 11 44 44 41 33 22 11 44 23 14 11 44 11 23 11 11 44 23 33
1 22 11 11 11 44 44 14 41 41 11 14 14 11 44 44 33 22 11 44 23 11 44 42 11 22 14 11 44 23 33
1 23 13 11 14 41 14 14 41 44 11 11 14 11 41 41 33 23 14 41 23 14 41 44 11 22 11 14 44 23 33
1 22 33 11 11 41 14 14 41 41 14 11 14 11 41 11 32 23 14 44 22 14 11 44 11 22 14 14 44 23 32
1 23 13 11 11 41 11 11 11 44 44 11 11 14 44 41 33 23 11 41 23 11 44 44 11 22 44 11 44 22 33
1 22 33 11 44 41 44 14 41 41 14 14 11 14 44 11 32 23 44 11 23 14 11 42 13 23 14 14 41 23 33
1 23 33 14 44 41 44 14 41 41 14 11 11 14 11 11 32 23 11 44 33 14 11 42 11 22 14 14 44 22 33
1 22 13 11 11 44 11 14 44 44 11 14 14 11 44 41 33 22 14 41 23 44 41 44 11 22 11 14 44 22 32
1 22 11 14 14 44 11 11 44 44 11 11 11 11 44 41 33 23 11 41 22 14 11 44 11 22 11 11 44 22 33
1 23 11 11 14 44 11 14 41 41 14 11 11 11 44 44 33 22 11 44 22 11 41 44 11 22 14 11 41 22 33
1 23 13 11 11 41 14 11 41 41 44 11 14 14 41 44 33 23 11 41 22 11 44 44 11 23 14 11 41 22 32
1 22 13 14 11 41 14 44 41 41 14 11 44 11 41 11 32 22 11 41 23 11 44 44 13 22 11 14 44 23 32
1 22 11 11 14 41 14 14 41 44 11 11 14 11 41 44 33 22 11 41 23 11 11 44 11 22 11 11 41 22 33
1 22 33 11 11 44 14 44 41 44 14 14 14 11 44 41 32 23 11 41 22 11 41 44 11 23 11 11 44 22 32
1 22 13 11 14 41 14 44 41 11 44 11 14 11 11 44 32 23 14 44 23 44 41 44 11 23 14 14 44 33 22
1 23 33 11 14 41 11 14 44 41 44 11 44 14 44 41 33 23 44 11 33 11 41 42 11 23 14 14 44 23 32
1 22 11 14 11 44 14 14 44 41 14 11 11 14 44 41 33 23 11 44 23 14 41 44 11 22 11 11 44 23 33
1 22 13 14 14 41 14 11 41 44 14 14 14 11 44 41 33 23 14 11 23 11 11 44 11 23 14 14 11 33 33
1 22 33 11 14 41 11 44 44 44 44 11 14 44 44 11 32 22 44 44 23 11 41 44 13 33 11 14 44 22 32
1 22 13 11 11 11 14 14 44 44 11 14 11 14 44 41 33 22 11 41 23 11 44 44 13 22 11 11 44 22 32
1 22 13 11 11 41 14 44 41 41 11 11 14 11 44 41 33 23 14 41 33 11 41 42 11 22 14 11 41 22 32
1 22 11 14 14 11 11 44 44 11 14 11 11 11 44 41 33 23 44 41 33 14 41 42 13 23 14 11 44 22 32
1 22 11 14 14 44 11 11 41 41 14 11 14 11 44 44 33 23 11 41 22 11 41 42 11 22 11 11 44 22 33
1 23 13 11 14 41 14 11 41 41 14 11 14 14 44 44 33 23 14 44 23 11 41 42 13 23 11 14 41 23 32
1 22 11 14 14 44 11 14 44 44 11 11 44 11 44 44 32 23 11 41 23 11 41 44 11 22 11 11 44 22 33
1 22 11 11 44 41 14 14 44 44 11 11 11 14 44 41 33 22 14 41 33 11 41 44 11 22 11 11 44 22 33
1 22 13 11 14 44 11 11 44 41 11 11 11 14 44 41 33 22 11 41 23 11 41 44 11 22 11 11 44 22 33
1 23 11 11 14 44 11 11 44 44 11 44 11 11 44 44 33 23 14 44 33 11 11 42 11 22 44 11 41 22 33
1 22 11 11 14 44 44 14 44 41 11 11 14 11 41 41 33 33 11 44 23 11 41 44 11 22 11 11 41 23 33
1 22 33 11 14 44 44 14 44 41 14 11 14 11 44 11 33 23 44 44 33 44 11 42 33 23 14 14 44 22 32
1 22 13 11 14 41 11 11 44 41 11 11 14 11 44 41 33 22 11 41 33 11 44 44 11 22 11 14 41 22 33
1 23 33 11 11 44 14 14 41 41 14 11 44 11 44 41 33 22 14 41 23 44 11 44 11 22 11 11 44 22 32
1 22 33 14 14 44 11 14 41 44 14 14 14 14 44 44 33 22 11 41 22 11 41 44 11 23 14 11 44 22 33
1 22 11 11 14 11 11 11 11 44 11 11 44 14 44 44 32 22 14 41 23 11 41 44 13 22 11 14 44 23 33
1 22 33 11 11 44 11 14 41 41 44 11 14 44 44 44 32 23 14 41 22 11 41 42 33 33 44 11 41 22 33
1 22 11 11 11 44 14 14 44 41 44 14 14 11 44 41 33 23 11 44 23 44 44 44 11 22 14 11 44 23 33
1 22 11 11 11 41 14 11 44 41 11 11 11 11 44 44 33 23 14 44 23 14 44 44 11 22 11 11 44 22 33
1 22 11 11 11 44 14 11 44 41 11 11 11 14 41 44 33 22 44 41 22 14 44 44 11 23 14 11 44 22 33
1 23 11 11 11 44 14 11 11 11 11 14 11 11 41 41 33 22 11 44 22 11 41 44 11 22 14 11 44 23 33
1 22 11 11 11 44 11 14 41 41 11 11 11 11 44 44 33 23 11 44 22 11 44 44 11 22 14 14 44 22 33
1 23 33 14 14 41 11 44 41 41 14 14 44 11 41 41 32 33 44 44 23 11 41 22 13 23 14 14 41 23 22
1 22 11 11 11 44 11 14 11 44 14 11 11 11 41 41 32 22 14 41 23 14 41 44 11 33 14 14 44 22 32
1 22 13 14 11 41 11 44 41 11 44 11 14 11 44 41 32 23 11 44 22 14 44 44 11 23 14 14 41 22 33
1 22 33 11 11 41 14 14 44 44 11 11 11 11 44 44 33 22 11 41 22 14 44 42 13 23 14 11 44 22 33
1 22 11 11 11 41 14 14 44 44 11 11 14 11 44 44 32 23 14 44 23 14 41 42 13 22 11 11 44 22 33
1 22 33 11 14 41 14 44 44 41 44 14 44 14 44 41 32 33 14 11 22 11 44 44 11 23 11 11 44 22 33
1 23 11 11 11 41 14 14 41 41 14 11 11 11 44 44 33 33 14 44 33 14 44 42 11 22 14 11 41 23 33
1 22 11 14 14 44 14 44 44 44 14 11 11 14 44 44 33 22 11 44 22 14 41 44 11 22 11 11 41 22 33
1 22 11 11 11 41 14 44 41 41 14 11 44 11 44 41 33 33 44 44 23 14 44 44 13 23 14 11 41 22 33
1 22 13 11 11 44 14 11 44 44 11 11 11 11 44 41 33 23 14 41 22 11 41 22 13 23 11 11 44 22 33
1 23 33 11 11 41 11 14 41 11 14 11 44 14 44 44 32 23 14 44 33 11 44 44 11 33 14 11 44 23 32
1 22 11 11 11 44 11 11 41 44 11 11 14 11 44 44 33 22 14 41 22 11 41 42 11 33 11 11 44 22 33
1 22 13 11 11 44 11 14 44 44 11 11 11 11 44 44 33 22 14 41 22 11 41 44 11 23 11 11 44 22 33
1 23 13 14 11 41 14 14 41 11 11 11 14 11 41 11 32 22 14 44 33 11 41 42 13 22 11 11 11 23 32
1 23 13 11 11 41 14 14 41 44 11 14 14 11 44 41 32 22 11 41 23 11 11 44 11 22 14 11 44 22 32
1 22 33 11 11 44 44 14 44 41 11 11 14 14 44 44 32 22 11 44 33 11 41 44 11 23 11 11 41 22 33
1 22 13 11 14 11 14 11 41 41 44 11 14 11 41 11 33 22 14 11 33 44 11 42 11 22 11 11 41 22 33
1 22 11 11 11 44 11 11 41 44 14 11 14 11 44 44 33 22 11 44 22 11 44 44 11 22 11 11 44 22 33
1 22 33 11 11 41 11 44 41 44 44 11 11 11 41 41 32 23 44 44 33 11 41 44 11 23 14 14 41 22 22
1 22 11 11 14 41 11 14 44 44 14 11 11 14 44 41 33 22 11 41 33 11 41 44 13 22 14 11 44 23 32
1 22 11 11 11 41 14 11 44 41 14 11 44 11 44 44 33 22 11 44 23 14 41 44 11 22 14 11 44 22 33
1 22 11 11 11 44 14 11 44 44 14 11 11 14 41 41 33 23 14 41 22 14 41 44 11 22 11 11 44 22 33
1 22 11 11 11 41 44 11 11 41 14 11 44 44 44 44 32 33 14 41 22 14 11 42 11 23 11 11 44 23 32
1 22 11 11 11 41 11 14 41 44 14 11 14 11 44 11 33 22 14 44 22 14 44 42 11 22 11 14 41 22 33
1 23 13 11 11 44 44 14 44 41 44 11 14 14 44 11 33 23 14 41 33 14 11 42 11 23 14 14 41 22 32
1 22 13 11 11 41 14 11 44 41 14 11 14 11 44 41 33 23 14 44 23 14 44 42 11 33 14 14 44 23 33
1 22 13 11 14 44 11 11 44 41 14 11 11 14 44 44 33 33 11 41 22 14 44 42 13 22 14 14 44 23 33
1 22 13 11 11 41 44 44 41 44 14 11 14 14 44 41 33 23 14 41 23 14 41 42 11 22 14 14 41 22 32
1 22 13 11 14 11 14 14 41 41 14 14 14 14 44 41 32 23 44 41 23 14 41 44 13 22 14 11 44 22 33
1 22 11 11 11 41 14 14 41 44 11 11 11 11 44 41 33 23 14 41 23 11 41 44 11 23 14 11 44 22 32
1 22 11 11 11 44 44 14 41 41 14 11 14 14 44 41 33 33 11 44 23 11 44 42 11 23 14 11 44 23 32
1 22 11 11 11 44 11 14 44 41 11 11 14 11 44 44 33 22 14 44 22 11 41 42 13 23 14 14 44 22 33
1 22 13 11 11 41 44 11 41 11 14 11 11 11 41 41 32 22 11 44 23 14 11 42 11 22 14 11 41 22 32
1 22 11 14 14 41 11 11 41 44 14 11 11 14 44 44 33 33 11 44 22 14 44 44 11 22 14 11 41 22 33
1 23 13 11 11 44 14 14 44 44 11 11 14 11 44 44 33 22 11 44 33 11 44 44 11 22 14 11 44 23 32
1 22 11 11 44 11 14 44 44 44 44 14 14 44 41 41 33 33 44 11 33 14 41 42 11 33 11 11 41 22 33
1 23 33 11 14 41 14 14 11 41 14 14 11 44 44 41 32 22 14 41 22 14 11 42 11 22 14 11 41 22 32
1 22 13 11 14 44 11 11 41 41 44 11 11 14 44 41 33 23 14 41 23 14 11 44 11 22 14 11 44 22 32
1 22 13 11 11 11 11 14 41 41 11 11 11 11 41 41 32 22 11 41 22 11 41 44 11 22 11 11 44 22 33
1 22 13 11 11 41 11 44 44 41 11 11 11 14 44 41 33 33 11 44 23 14 41 42 13 22 11 11 44 22 33
1 23 11 11 11 41 14 11 44 41 44 11 11 11 44 41 33 23 11 44 33 11 41 44 11 22 14 11 44 22 33
1 23 13 11 14 44 14 14 41 41 11 11 14 14 44 44 33 22 11 44 22 11 41 44 11 33 14 14 44 22 32
1 22 13 11 14 41 44 11 41 41 11 11 14 11 44 11 33 23 44 44 33 44 41 44 11 33 11 11 41 23 32
1 22 11 11 11 44 11 14 41 11 11 11 11 11 44 41 33 22 14 41 23 14 11 42 11 22 11 11 44 22 33
1 33 11 11 44 11 14 11 41 11 44 14 14 44 44 11 33 23 14 44 23 14 11 22 13 33 14 11 41 23 32
1 23 13 11 11 44 11 14 41 44 44 11 14 11 41 44 33 23 14 41 33 11 11 22 11 22 14 44 44 22 33
1 22 33 11 14 11 14 44 41 44 11 11 14 11 44 41 32 22 14 41 23 11 11 42 13 23 14 14 44 22 32
1 23 13 11 11 11 11 14 41 11 14 14 11 11 44 11 33 22 11 11 22 14 44 44 11 23 11 14 11 22 32
1 22 11 11 11 44 44 14 44 41 14 11 11 11 44 44 33 22 14 44 23 14 44 44 13 22 14 11 44 22 33
1 22 11 11 11 41 14 14 44 44 11 14 11 11 44 44 33 23 11 41 22 14 44 44 11 23 11 11 44 22 33
1 23 33 11 11 41 14 14 11 41 14 11 11 11 41 41 32 22 44 41 22 14 41 42 11 23 14 14 44 22 33
1 23 13 11 11 41 14 11 41 11 44 11 11 14 44 44 32 23 11 44 23 11 41 44 13 22 11 11 41 23 33
1 22 13 11 14 44 14 14 11 41 14 14 11 44 44 44 33 22 14 44 33 14 41 44 13 22 11 11 44 22 32
1 22 13 14 11 44 11 14 44 41 11 11 14 44 44 44 33 23 11 11 22 11 41 44 11 22 11 11 41 22 33
1 23 11 11 14 11 14 14 41 41 44 44 14 14 44 41 32 22 11 44 22 14 41 42 11 23 14 11 41 22 32
1 23 11 11 14 44 14 14 44 41 11 11 11 14 44 41 33 22 14 41 23 14 41 42 11 22 11 11 41 22 33
1 22 13 11 14 41 11 11 44 44 11 11 11 11 44 44 33 33 14 44 23 11 44 44 11 22 11 11 44 22 33
1 23 33 11 14 44 14 14 41 41 44 14 14 11 41 44 32 23 44 41 33 14 41 44 11 22 44 11 41 22 33
1 22 13 11 11 44 14 14 44 44 14 11 11 11 44 41 33 23 14 44 22 14 11 44 13 23 14 11 41 22 32
1 23 13 11 11 41 14 11 44 44 44 11 14 11 44 41 33 23 14 44 33 11 11 42 13 22 14 11 44 23 32
1 22 11 14 14 44 14 14 44 41 14 14 11 14 41 44 32 23 14 41 23 44 41 44 13 23 14 14 41 22 33
1 22 13 11 14 41 14 14 11 41 14 11 14 11 44 44 33 22 11 44 23 11 41 42 11 23 14 11 11 22 33
1 22 13 11 14 41 11 11 11 41 44 14 11 14 41 44 33 22 11 44 33 14 41 42 33 22 14 14 41 22 32
1 33 11 11 14 41 14 14 44 44 11 14 11 14 44 44 33 23 14 41 23 14 11 44 11 23 14 14 44 22 32
1 22 11 11 11 44 11 11 44 44 11 11 11 14 44 41 32 22 44 44 22 11 44 44 11 23 14 11 44 22 33
1 23 13 14 11 44 14 14 44 41 44 11 14 11 41 41 33 22 14 44 23 14 44 44 13 23 11 11 41 22 33
1 22 11 11 14 41 11 11 41 41 11 11 11 11 44 44 33 22 11 44 22 14 41 44 11 22 11 11 44 22 33
1 22 11 14 14 44 11 11 11 41 44 11 14 14 41 41 22 23 14 44 23 14 41 44 11 22 11 11 44 23 33
1 23 11 11 11 44 11 14 11 41 14 11 14 11 41 11 33 22 14 41 22 14 41 44 11 22 11 11 44 22 33
1 22 13 11 14 41 14 14 41 41 44 11 14 11 41 41 33 22 14 44 23 14 11 42 13 23 14 14 44 22 32
1 22 11 11 11 44 11 44 11 44 11 11 14 11 44 44 33 22 14 44 23 14 44 42 11 23 11 11 44 22 33
1 23 13 11 14 41 14 14 44 44 11 11 14 11 44 44 32 23 14 44 33 14 41 44 11 22 14 14 44 23 33
1 22 13 11 14 44 11 14 41 41 44 11 14 14 44 41 33 23 14 41 22 11 41 44 11 22 14 11 44 22 33
1 22 13 14 14 41 14 14 44 41 44 11 11 14 41 44 32 22 14 41 23 14 11 44 11 22 11 14 44 22 33
1 23 13 14 11 41 44 44 41 11 14 11 11 11 44 41 33 33 44 44 33 11 11 44 13 22 44 11 44 23 22
1 22 13 14 14 41 11 14 44 44 44 11 14 11 44 41 32 22 11 44 23 11 11 42 13 22 11 11 41 22 32
1 22 13 11 11 44 14 11 41 44 11 11 14 11 44 44 33 22 11 44 23 14 41 44 13 22 11 14 44 22 33
1 23 33 14 14 41 14 44 44 44 44 11 44 14 44 41 33 23 11 41 23 44 11 42 11 23 11 11 44 23 32
1 22 33 11 11 41 11 44 44 44 14 11 44 11 44 41 33 23 14 44 22 14 41 44 11 23 14 14 44 22 33
1 22 13 11 11 44 14 14 44 44 14 11 11 11 44 41 32 23 11 41 23 11 41 44 11 33 11 11 44 22 33
1 22 13 11 11 41 14 11 41 44 14 11 11 14 41 44 32 33 11 41 22 11 41 44 11 22 11 11 44 23 33
