 rs2071987 rs697673 rs697675 rs697677 rs228729 rs11121023 rs707462 rs697686 rs875994
0 44 41 24 13 44 41 23 41 23
0 44 11 22 13 44 44 22 44 23
0 44 44 22 13 44 44 22 44 22
0 44 41 22 11 44 41 22 44 33
0 44 41 22 13 44 41 22 44 22
0 44 41 24 13 41 41 22 44 23
0 41 11 44 33 41 11 23 41 33
0 44 44 22 11 44 44 22 44 22
0 44 44 22 11 44 44 22 44 22
0 44 41 22 11 44 44 22 44 22
0 41 41 22 13 44 41 22 44 23
0 44 41 22 33 44 44 22 44 23
0 41 11 24 13 44 41 23 44 33
0 44 41 22 11 44 44 22 44 22
0 44 41 24 11 44 41 23 44 23
0 44 44 22 13 44 41 22 44 23
0 44 44 22 11 44 44 22 44 22
0 44 44 22 11 44 44 22 44 22
0 41 41 24 13 44 41 22 44 23
0 44 44 22 11 44 44 22 44 22
0 44 11 24 13 44 41 22 44 33
0 44 44 22 13 41 44 22 44 33
0 11 41 44 33 41 11 23 41 33
0 44 41 22 13 44 11 22 44 22
0 44 44 22 11 44 44 22 44 23
0 44 11 22 13 44 41 22 44 23
0 41 41 24 13 41 41 22 44 23
0 44 11 24 13 41 44 22 41 23
0 44 41 24 13 41 11 23 44 23
0 44 41 24 11 44 41 23 44 23
0 44 11 24 33 44 44 22 44 33
0 41 41 24 13 41 41 23 41 23
0 44 44 22 11 44 44 22 44 22
0 44 41 22 13 41 11 22 44 23
0 44 41 22 13 44 41 22 44 23
0 44 44 22 13 44 41 23 44 22
0 44 44 24 11 44 44 22 44 22
0 44 41 22 11 44 41 22 44 23
0 44 11 44 33 41 11 22 44 33
0 44 41 24 13 44 41 22 44 23
0 41 41 44 13 41 41 23 41 23
0 44 41 24 13 41 41 23 41 23
0 44 41 24 13 41 41 23 44 23
0 41 11 22 13 41 41 22 44 22
0 44 44 22 11 44 41 22 44 22
0 44 44 22 13 44 44 22 44 22
0 44 44 24 13 44 11 22 44 23
0 44 44 22 11 44 44 22 44 22
0 44 44 22 11 44 44 22 44 22
0 44 44 22 11 44 44 22 44 22
0 41 41 24 13 41 41 23 41 23
0 44 41 22 11 44 44 22 44 23
0 44 41 22 13 41 41 23 41 23
0 44 41 24 13 41 41 23 44 23
0 44 41 24 33 44 44 22 44 23
0 44 41 24 13 44 44 23 41 23
0 44 44 22 13 41 44 22 44 23
0 44 11 24 33 44 11 22 44 33
0 41 41 24 13 41 41 23 41 23
0 44 44 22 11 44 44 22 44 22
0 44 41 22 11 44 44 22 44 22
0 44 41 44 33 41 41 22 41 33
0 44 41 24 13 41 41 23 41 23
0 41 11 44 33 44 41 23 41 33
0 41 11 44 33 41 11 22 41 33
0 44 41 22 11 44 44 22 44 22
0 44 41 24 33 44 41 22 44 22
0 41 41 24 13 41 41 23 41 23
0 41 11 24 33 41 11 22 41 33
0 41 41 44 13 44 41 23 41 33
0 44 41 24 13 41 41 22 44 23
0 44 44 22 11 44 44 22 44 22
0 44 41 24 13 44 41 22 44 23
0 44 44 22 33 44 41 22 44 23
0 44 11 24 13 44 44 22 44 23
0 44 44 22 13 44 44 23 44 33
0 11 11 44 33 11 11 23 41 33
0 44 41 24 13 44 41 23 41 23
0 44 41 24 13 44 11 22 44 23
0 44 41 24 13 41 44 22 44 23
0 44 11 22 33 44 41 22 44 23
0 41 41 44 13 44 44 22 41 22
0 44 44 22 11 44 44 22 44 22
0 44 41 24 13 41 11 23 41 23
0 44 41 24 13 44 41 22 44 23
0 44 41 24 11 44 44 22 44 22
0 41 41 24 13 41 11 23 41 33
0 44 11 24 33 44 44 22 44 33
0 41 41 24 13 41 41 23 41 23
0 44 44 22 11 44 44 22 44 22
0 44 44 22 11 44 44 22 44 22
0 44 41 24 11 44 41 22 41 23
0 44 41 22 13 44 44 22 44 22
0 44 11 44 33 44 11 22 41 33
0 44 44 22 11 44 44 22 44 22
0 44 41 24 13 41 41 23 44 23
0 41 11 44 33 41 11 33 44 33
0 41 41 24 13 41 41 22 44 23
0 44 44 22 11 44 44 22 44 22
0 44 41 22 11 44 44 22 44 23
0 44 41 22 11 44 41 22 44 22
0 41 11 44 33 44 41 23 41 33
0 44 11 22 13 44 41 22 44 23
0 44 44 24 13 44 44 22 44 23
0 44 41 22 13 44 44 23 44 23
0 41 41 24 33 41 41 22 41 33
0 44 44 22 11 44 44 22 44 22
0 44 41 22 13 44 41 22 44 23
0 44 11 24 13 44 11 22 44 23
0 44 44 44 13 44 41 22 44 22
0 44 41 22 11 44 44 22 44 23
0 44 11 24 13 41 41 23 44 33
0 41 11 24 33 44 41 23 44 33
0 44 11 24 11 44 41 23 44 23
0 44 44 22 11 44 44 22 44 22
0 44 41 22 33 44 44 22 44 22
0 41 41 24 33 41 41 23 41 23
0 41 41 24 13 41 41 23 41 23
0 44 44 22 13 44 44 22 44 23
0 41 41 24 13 44 41 22 44 23
0 44 44 22 11 44 44 22 44 22
0 44 41 24 33 44 11 22 44 23
0 44 41 22 13 44 41 22 44 23
0 41 41 24 13 41 41 23 41 23
0 41 41 24 13 44 11 23 44 23
0 41 11 44 13 44 41 22 41 33
0 41 11 44 33 41 11 23 44 33
0 44 41 22 11 44 44 22 44 22
0 44 41 24 13 44 41 23 44 23
0 44 41 24 11 44 41 22 44 23
0 41 11 24 13 41 11 23 41 33
0 44 41 22 13 44 41 22 44 22
0 44 41 22 13 44 41 22 44 23
0 44 41 24 13 44 41 22 44 33
0 44 44 22 11 44 44 22 44 22
0 41 41 24 13 44 41 22 11 33
0 44 41 22 13 44 41 22 44 33
0 44 41 22 13 41 44 22 44 23
0 44 41 24 13 44 41 22 44 23
0 41 11 44 33 41 11 33 11 33
0 44 44 22 11 44 44 22 44 23
0 11 11 44 33 11 11 33 11 33
0 44 41 22 13 44 41 22 44 23
0 44 44 22 11 44 44 22 44 23
0 41 11 24 33 41 41 23 41 23
0 44 41 24 13 44 44 22 44 23
0 41 41 24 13 41 41 23 41 23
0 44 41 24 13 44 41 23 41 23
0 44 44 24 11 44 44 22 44 23
0 41 41 24 13 41 41 23 44 23
0 44 44 22 11 44 44 22 44 22
0 44 41 24 11 44 41 22 44 23
0 44 41 24 13 44 41 23 44 23
0 41 41 24 13 41 41 23 41 23
0 44 44 22 13 44 44 22 44 22
0 44 44 22 11 44 44 22 44 22
0 44 44 22 11 44 44 22 44 22
0 44 11 44 33 41 11 33 41 33
0 44 44 22 11 44 44 22 44 22
0 41 11 44 13 11 11 23 41 33
0 44 44 22 11 44 41 22 44 22
0 41 41 24 13 41 41 23 41 23
0 44 11 44 33 41 11 33 41 23
0 41 41 24 13 44 41 22 44 23
0 44 41 22 11 44 44 22 44 22
0 44 41 24 13 41 44 22 44 23
0 41 11 24 13 41 41 33 44 23
0 44 11 24 11 44 44 22 44 33
0 41 11 44 33 41 11 22 44 33
0 44 44 24 13 44 41 22 44 23
0 44 41 22 11 44 44 22 44 22
0 41 41 24 13 44 41 23 44 23
0 41 41 24 33 41 41 23 41 33
0 41 41 24 13 41 41 23 41 23
0 44 11 22 11 44 44 22 44 22
0 41 41 24 13 41 41 22 44 23
0 44 41 24 11 44 44 22 44 23
0 44 44 22 11 44 44 22 44 22
0 41 11 44 33 11 11 23 44 33
0 44 41 22 13 44 41 22 44 23
0 44 41 24 13 41 41 23 44 23
0 44 41 22 13 44 44 22 44 23
0 44 11 22 33 44 41 22 44 33
0 44 41 22 11 44 44 22 44 23
0 44 41 22 11 44 44 22 44 23
0 41 41 44 13 41 11 22 44 33
0 44 44 22 11 44 44 22 44 22
0 44 44 22 11 44 44 22 44 22
0 41 41 24 33 44 41 22 41 33
0 44 41 24 13 44 41 22 44 23
0 44 44 22 11 44 44 22 44 22
0 44 41 24 13 41 41 22 44 23
0 44 41 22 11 44 44 22 44 22
0 44 11 24 33 44 11 22 41 33
0 44 41 24 13 44 41 23 44 23
0 44 44 22 11 44 44 22 44 22
0 41 41 44 33 41 41 23 41 33
0 44 44 24 11 44 11 22 44 22
0 44 41 24 11 44 44 22 44 22
0 41 11 44 33 41 11 23 41 33
0 44 41 22 11 44 44 22 44 22
0 44 44 22 11 44 44 22 44 22
0 44 41 22 11 44 41 22 44 23
0 44 41 22 13 44 41 22 44 23
0 44 41 24 13 44 44 22 44 23
0 44 41 22 11 44 44 22 44 22
0 44 41 24 11 41 41 22 44 23
0 41 41 44 13 44 41 22 44 23
0 44 41 24 13 41 41 22 41 23
0 44 44 24 13 41 44 22 44 23
0 44 41 24 11 44 44 22 44 22
0 44 44 22 11 44 44 22 44 22
0 44 41 22 33 41 41 22 44 23
0 44 41 24 13 44 44 22 44 22
0 44 44 22 11 44 44 22 44 22
0 44 41 24 13 44 41 22 44 23
0 44 11 22 13 44 44 22 41 23
0 44 41 22 11 44 41 22 44 22
0 44 41 44 11 44 41 22 44 33
0 41 11 22 33 44 41 22 44 33
0 44 41 22 11 44 44 22 44 22
0 44 41 22 13 44 44 23 44 23
0 44 44 22 11 44 44 22 44 22
0 44 41 24 11 44 44 22 44 22
0 41 11 44 13 41 11 22 41 33
0 44 41 22 11 44 44 22 44 23
0 44 41 24 11 44 44 22 44 23
0 41 11 24 13 41 41 23 41 23
0 44 44 22 11 44 44 22 44 22
0 41 41 24 13 44 41 22 44 23
0 44 44 24 11 44 41 22 44 22
0 44 41 24 13 44 44 22 44 22
0 44 41 24 13 44 41 23 44 23
0 41 11 24 13 41 41 23 41 33
0 44 41 22 13 44 44 22 44 23
0 44 41 22 13 44 44 22 44 22
0 44 44 24 13 44 44 22 44 23
0 44 41 22 11 44 44 22 44 23
0 41 41 44 33 41 11 23 41 23
0 44 41 22 13 44 44 22 44 23
0 41 41 24 13 41 41 23 41 23
0 44 41 24 11 44 41 22 44 22
0 44 41 22 11 44 44 22 44 22
0 44 44 22 11 44 44 22 44 22
0 41 41 24 13 44 41 22 41 23
0 44 44 22 11 44 44 22 44 22
0 44 41 24 13 44 41 22 44 23
0 44 44 22 11 44 44 22 44 22
0 44 41 24 13 44 41 22 44 33
0 41 41 24 13 41 41 23 41 23
0 44 41 22 13 44 44 22 44 23
0 41 44 22 13 41 41 22 44 23
0 44 41 22 13 44 44 22 44 23
0 44 11 44 13 44 11 22 44 23
0 41 41 24 33 41 41 23 41 23
0 44 11 44 33 41 11 22 44 23
0 44 41 22 13 44 44 22 44 22
0 44 44 24 11 44 41 22 44 23
0 41 11 44 33 44 11 22 11 33
0 44 44 22 13 44 44 22 44 33
0 44 11 24 33 41 11 22 41 23
0 44 41 24 13 44 41 22 44 23
0 44 41 24 11 44 11 22 44 23
0 44 11 44 33 41 11 23 11 23
0 44 41 22 11 44 41 22 44 22
0 41 11 24 13 41 41 22 44 23
0 44 41 22 13 44 41 22 44 23
0 44 44 22 13 44 44 22 44 23
0 44 44 22 11 44 44 22 44 22
0 44 44 22 11 44 44 22 44 22
0 44 41 24 13 41 41 23 41 23
0 44 44 22 33 44 44 22 44 33
0 44 44 22 11 44 44 22 44 22
0 44 41 22 13 44 41 22 44 23
0 41 11 24 33 44 11 23 41 23
0 44 41 24 33 44 41 22 41 23
0 44 41 22 13 44 41 23 41 23
0 44 41 24 13 44 44 22 44 22
0 41 41 44 33 44 11 23 44 33
0 44 44 22 13 44 41 22 44 23
0 41 41 24 13 41 41 22 41 23
0 44 44 22 11 44 44 22 44 22
0 44 41 22 13 44 44 22 44 22
0 41 11 44 33 41 41 23 11 33
0 44 41 24 13 44 41 22 44 23
0 41 41 24 13 41 41 23 41 23
0 44 41 24 13 44 41 22 44 23
0 44 41 24 33 44 41 22 44 33
0 41 11 44 33 44 11 23 41 33
0 44 11 24 33 41 41 22 44 23
0 41 11 24 13 41 41 23 41 33
0 44 11 24 33 44 11 22 44 33
0 44 41 24 11 44 44 22 44 23
0 44 41 22 11 44 41 22 44 22
0 44 11 44 13 44 41 23 44 23
0 44 41 24 13 44 41 22 41 23
0 44 41 22 13 44 44 22 44 23
0 44 44 22 11 44 44 22 44 23
0 44 44 22 11 44 44 22 44 22
0 44 41 24 13 41 41 23 41 23
0 44 44 24 13 44 44 22 44 23
0 44 41 22 13 44 44 22 44 23
0 44 11 24 33 44 11 23 44 33
0 41 44 24 33 44 41 22 44 23
0 44 41 22 11 44 41 22 44 22
0 44 11 24 11 44 41 23 44 23
0 44 44 24 13 41 44 23 44 23
0 44 44 22 11 44 44 22 44 22
0 44 11 24 13 44 41 22 44 23
0 44 44 24 13 44 44 22 44 23
0 44 41 22 13 44 41 22 44 22
0 41 41 24 13 41 41 23 41 23
0 44 44 24 11 44 44 22 44 22
0 44 11 22 11 41 41 23 44 22
0 44 41 22 11 44 41 22 44 23
0 44 44 24 13 44 41 22 44 22
0 41 11 24 33 44 11 23 44 33
0 44 44 22 11 44 44 22 44 22
0 44 44 22 11 41 41 22 44 23
0 41 41 24 13 44 41 23 44 23
0 41 41 24 33 11 11 22 41 23
0 41 11 44 33 44 11 23 41 33
0 44 44 22 13 44 41 22 44 23
0 44 41 24 13 41 41 23 44 23
0 44 44 22 11 44 44 22 44 22
0 44 41 24 11 44 41 23 44 23
0 44 41 22 13 44 44 22 44 23
0 44 11 24 13 41 11 22 41 33
0 41 41 44 33 41 11 23 41 23
0 44 41 24 11 44 41 23 44 23
0 44 44 22 13 44 44 22 44 23
0 44 44 22 11 44 44 22 44 22
0 44 41 22 13 44 41 22 44 23
0 44 11 22 33 44 11 23 44 23
0 44 44 22 13 44 44 22 44 22
0 44 44 22 11 44 44 23 44 22
0 44 41 24 13 44 41 22 41 23
0 41 41 24 13 41 11 23 41 23
0 44 41 24 11 44 44 22 44 22
0 44 44 22 13 44 41 22 44 23
0 44 11 22 13 44 11 22 44 33
0 44 44 22 11 44 44 22 44 23
0 11 11 24 33 44 41 22 41 33
0 44 41 22 13 44 41 22 44 23
0 44 41 24 13 44 41 22 44 22
0 44 41 24 13 44 41 22 44 33
0 41 11 44 13 41 41 22 41 23
0 44 44 24 11 44 44 22 44 23
0 44 41 24 33 44 41 22 44 23
0 44 41 24 13 44 44 22 44 22
0 44 41 22 13 44 44 22 44 23
0 44 41 24 13 44 44 22 44 23
0 44 41 22 11 44 44 22 44 22
0 44 41 22 11 44 44 22 44 22
0 44 11 22 33 44 44 22 44 33
0 44 41 24 11 44 44 22 44 23
0 44 11 22 13 44 11 22 41 23
0 44 11 44 13 44 41 22 44 23
0 44 11 44 13 41 11 23 44 33
0 44 41 24 33 44 41 22 44 23
0 44 44 22 13 44 44 22 44 22
0 41 41 22 33 44 41 22 44 22
0 44 41 24 33 44 44 22 41 22
0 44 11 22 11 44 41 22 44 22
0 44 44 22 11 44 44 22 44 22
0 44 44 22 11 44 44 22 44 22
0 44 41 24 11 44 41 22 44 33
0 41 41 24 13 41 41 22 41 23
0 41 41 24 33 44 11 23 41 33
0 44 41 24 33 41 41 22 41 33
0 44 41 24 33 41 11 22 44 23
0 44 44 22 11 44 44 22 44 22
0 44 41 24 33 44 11 22 44 23
0 44 41 22 13 44 41 22 44 22
0 44 44 22 11 44 44 22 44 22
0 44 41 22 11 44 44 22 44 23
0 41 41 24 13 41 41 22 44 23
0 41 41 24 13 41 41 23 41 23
0 44 41 24 13 44 41 22 41 23
0 41 11 22 13 44 41 23 44 33
0 44 44 22 11 44 44 22 44 22
0 41 41 24 13 41 41 23 41 23
0 44 41 24 13 44 41 23 41 23
0 44 41 24 11 44 11 22 44 33
0 44 41 24 13 44 41 22 44 33
0 41 11 44 13 41 41 22 44 23
0 44 41 24 13 44 41 23 44 33
0 41 11 24 13 41 41 23 41 23
0 44 41 22 33 44 44 22 44 22
0 44 41 24 13 41 41 22 44 23
0 41 41 24 13 41 41 23 41 23
0 44 11 24 13 44 11 22 44 33
0 44 44 22 11 44 41 22 44 22
0 41 11 24 33 41 41 22 41 33
0 44 11 24 33 41 41 23 41 23
0 44 41 24 13 44 41 22 44 23
0 44 41 22 11 44 44 22 44 23
0 44 44 22 11 44 44 22 44 22
0 44 11 22 13 44 41 22 44 23
0 44 11 24 13 44 11 22 44 33
0 44 41 24 13 41 41 23 44 23
0 44 44 22 11 44 41 22 44 22
0 44 44 22 11 44 44 22 44 22
0 41 11 24 33 41 41 23 41 33
0 41 11 44 33 11 11 23 44 33
0 44 44 22 13 44 44 22 44 22
0 44 41 24 13 41 41 22 44 22
0 44 44 22 13 44 44 22 44 22
0 44 44 24 11 44 44 22 44 22
0 44 44 22 11 44 44 22 44 22
0 41 41 24 13 41 41 23 41 23
0 44 11 44 13 41 11 22 41 33
0 41 11 24 33 41 11 23 41 33
0 44 41 44 33 41 41 23 41 23
0 44 44 22 11 44 44 22 44 23
0 41 41 44 33 41 11 23 11 33
0 41 41 22 13 44 41 22 44 33
0 44 41 24 13 44 44 22 44 23
0 44 11 22 13 44 41 23 41 23
0 44 41 22 11 44 11 22 44 22
0 44 11 22 13 44 41 22 44 23
0 44 41 22 13 44 41 22 44 22
0 44 41 22 13 44 41 22 44 22
0 44 41 22 13 44 44 22 44 23
0 41 41 24 13 41 41 23 44 33
0 44 11 24 33 41 11 22 44 33
0 44 41 22 11 44 41 22 44 23
0 41 41 24 13 44 41 22 41 23
0 44 41 24 13 44 41 23 44 23
0 41 11 44 33 41 11 33 41 23
0 44 44 22 11 44 44 22 44 22
0 44 41 24 13 41 41 22 41 23
0 11 11 44 33 11 11 33 11 33
0 41 11 24 13 11 11 23 41 33
0 44 44 24 13 44 44 22 44 23
0 41 41 24 33 41 41 23 41 23
0 41 41 24 13 41 41 23 44 23
0 44 41 24 13 41 41 22 44 33
0 41 41 24 13 41 41 23 44 33
0 44 44 24 11 44 44 22 44 23
0 44 44 22 11 44 44 22 44 22
0 44 41 22 13 44 41 22 44 33
0 44 44 22 13 44 41 22 44 22
0 41 41 24 13 41 41 23 44 23
0 44 41 44 13 41 41 22 44 22
0 44 41 24 13 44 41 22 44 23
0 41 11 24 33 41 41 23 41 23
0 44 41 22 13 41 11 23 44 33
0 41 11 44 33 41 11 33 44 33
0 44 41 24 13 44 41 23 44 23
0 44 11 22 13 44 41 22 44 33
0 44 44 22 11 44 44 22 44 22
0 41 11 24 13 41 11 23 41 23
0 44 44 22 11 44 44 22 44 22
0 41 11 24 13 44 41 22 44 33
0 44 44 22 11 44 41 22 44 22
0 41 11 44 33 41 11 33 44 33
0 44 11 24 13 41 11 22 41 33
0 41 41 24 33 11 41 33 44 33
0 44 44 22 11 44 44 22 44 22
0 41 41 24 13 41 41 23 41 33
0 44 44 24 11 44 44 22 44 22
0 44 41 24 11 44 44 22 44 23
0 44 41 22 13 44 44 22 44 23
0 44 44 22 11 44 44 22 44 22
0 44 44 22 11 44 44 22 44 23
0 44 44 22 11 44 44 22 44 22
0 44 44 22 11 44 44 22 44 22
0 44 44 22 11 44 44 22 44 22
0 44 44 22 11 44 44 22 44 22
0 44 41 22 11 44 41 22 44 23
0 44 41 22 11 44 41 22 44 22
0 41 41 22 13 44 41 22 44 23
0 44 41 24 13 44 41 22 44 22
0 44 44 22 11 44 44 22 44 22
0 41 11 24 13 41 11 23 41 33
0 41 41 24 13 41 41 22 41 23
0 41 11 44 33 41 11 22 44 23
0 44 41 22 13 44 44 22 44 23
0 44 44 22 11 44 44 22 44 23
0 44 41 44 13 44 11 23 44 33
0 41 11 22 33 41 11 23 41 33
0 44 41 22 13 44 41 22 44 23
0 41 11 44 33 41 11 33 11 33
0 11 11 44 33 41 11 23 41 33
0 11 11 24 33 41 11 23 41 33
0 44 41 24 11 44 41 22 44 23
0 11 11 44 13 11 11 33 41 33
0 44 44 24 11 44 44 22 44 22
0 44 41 22 13 44 44 22 44 23
0 44 41 24 13 44 11 22 44 23
0 44 41 22 11 44 44 22 44 22
0 11 11 44 33 44 41 23 41 23
0 44 41 22 13 44 41 22 44 23
0 44 44 22 11 44 44 22 44 22
0 44 41 24 33 44 41 22 44 23
0 44 44 22 11 44 44 22 44 22
0 44 44 22 13 44 44 22 44 22
0 41 11 24 33 41 11 23 44 33
0 44 41 22 13 44 41 22 44 23
1 44 41 24 33 41 11 23 44 23
1 44 11 44 33 44 11 33 41 33
1 44 41 24 33 41 11 23 41 23
1 41 44 22 13 44 41 22 44 23
1 44 41 22 13 44 44 22 44 22
1 44 41 24 13 44 44 22 44 33
1 41 41 22 13 44 41 22 44 22
1 41 11 44 33 41 11 23 44 33
1 44 44 22 11 44 44 22 44 22
1 41 11 24 13 44 44 22 44 22
1 44 41 24 13 41 41 22 44 22
1 44 44 22 11 44 44 22 44 23
1 44 44 22 11 44 44 22 44 22
1 44 41 22 13 44 41 22 44 23
1 44 44 24 11 44 44 22 44 22
1 44 41 22 11 44 44 22 44 22
1 44 44 22 13 44 44 22 44 23
1 44 41 22 33 44 44 23 44 23
1 44 41 22 11 44 41 22 44 23
1 44 44 22 11 44 44 22 44 23
1 41 11 44 33 44 11 23 44 33
1 44 41 24 33 44 41 23 44 23
1 41 11 22 13 44 11 23 44 23
1 41 11 24 33 41 11 23 41 33
1 44 11 24 33 44 11 22 41 23
1 44 41 24 13 41 41 23 44 23
1 44 44 22 11 44 44 22 44 22
1 41 41 24 13 44 41 22 41 23
1 44 44 22 11 44 44 22 44 22
1 44 41 24 13 44 41 23 44 23
1 41 41 24 13 41 41 22 44 23
1 44 41 24 13 44 41 23 44 23
1 44 11 22 11 44 41 22 44 23
1 44 44 24 13 44 41 22 44 22
1 41 41 24 13 41 41 23 44 23
1 41 41 24 13 41 41 23 44 23
1 44 41 22 13 44 41 22 41 22
1 44 44 22 13 44 44 22 44 22
1 44 41 22 11 44 44 22 44 22
1 11 11 44 33 41 11 33 11 33
1 44 11 24 13 44 41 22 41 23
1 44 11 24 33 44 41 22 44 23
1 44 41 24 11 44 41 22 44 22
1 44 41 44 33 41 44 22 44 23
1 44 41 22 33 44 41 22 44 22
1 41 11 44 13 41 41 23 44 23
1 41 11 24 13 44 41 22 44 23
1 11 11 44 33 11 11 33 41 33
1 44 41 24 13 44 41 23 44 23
1 41 11 44 33 11 41 33 11 33
1 44 41 22 11 44 41 22 44 23
1 44 41 24 13 41 41 23 41 23
1 44 11 24 13 44 41 22 44 23
1 41 11 44 33 41 11 23 11 33
1 44 41 24 13 44 41 22 44 23
1 41 11 44 33 44 11 23 41 33
1 41 11 44 33 41 11 23 44 33
1 44 44 24 11 44 44 22 44 22
1 41 41 24 13 41 41 23 41 23
1 44 44 22 11 44 44 22 44 22
1 44 41 24 13 41 41 23 44 33
1 44 44 22 11 44 44 22 44 23
1 44 44 22 13 44 44 22 44 22
1 41 41 24 13 41 41 23 41 23
1 44 41 22 11 44 41 22 44 22
1 44 41 22 11 44 44 22 44 23
1 44 44 22 11 44 44 22 44 22
1 44 41 22 33 44 41 22 41 23
1 44 11 22 13 44 44 23 44 23
1 44 41 24 13 44 41 23 41 23
1 44 41 22 33 44 41 22 44 22
1 44 44 22 11 44 44 22 44 22
1 44 41 22 13 44 41 22 44 33
1 41 41 24 13 41 41 23 44 33
1 44 11 24 33 41 41 22 44 23
1 44 41 44 33 44 41 22 44 33
1 44 44 22 33 44 41 22 44 23
1 41 11 24 13 41 41 22 41 23
1 44 41 22 13 44 41 22 44 23
1 44 11 24 33 44 41 22 44 33
1 44 11 22 33 44 41 23 44 23
1 41 11 44 33 41 11 33 44 33
1 44 41 44 13 44 11 23 41 33
1 44 44 24 11 44 44 22 44 22
1 41 41 44 33 41 11 23 41 33
1 44 11 24 33 41 11 22 44 33
1 41 41 22 13 41 41 22 44 23
1 44 41 44 33 41 11 23 41 33
1 44 44 24 13 41 41 22 44 22
1 41 44 22 13 41 41 22 41 23
1 41 41 24 13 41 41 33 41 23
1 44 41 22 11 44 41 22 44 22
1 41 41 24 13 44 44 22 44 23
1 41 41 24 13 44 41 22 41 23
1 41 41 24 13 44 41 23 44 23
1 41 11 44 13 41 41 23 41 33
1 44 41 24 13 41 41 23 41 23
1 44 41 22 33 44 41 22 44 23
1 44 44 22 13 44 44 22 44 22
1 44 11 24 13 44 41 22 44 23
1 44 41 22 11 41 44 22 44 23
1 44 44 22 11 44 44 22 44 22
1 44 44 22 11 44 44 22 44 23
1 44 44 22 11 44 44 22 44 22
1 44 41 22 13 44 44 22 44 22
1 44 41 22 13 44 44 22 44 23
1 44 44 22 11 44 44 22 44 22
1 44 44 22 11 44 44 22 44 22
1 41 41 44 33 41 41 23 44 23
1 44 11 24 33 41 11 22 44 33
1 41 11 24 33 41 41 23 41 33
1 41 11 44 33 44 11 23 44 33
1 41 11 24 13 41 41 23 41 23
1 41 11 24 33 44 11 22 44 33
1 44 11 44 33 41 11 23 41 23
1 44 41 22 13 44 41 22 44 22
1 44 41 22 11 44 44 22 44 22
1 44 41 24 13 44 41 22 44 33
1 44 41 44 33 44 41 22 44 23
1 44 41 22 11 44 44 22 44 22
1 44 41 24 11 44 41 23 44 23
1 44 41 22 13 44 44 22 44 23
1 41 41 22 13 44 44 22 44 23
1 41 11 44 33 41 11 33 41 33
1 44 41 24 13 41 41 22 44 23
1 44 44 22 11 44 44 22 44 22
1 41 41 24 33 41 41 23 41 23
1 44 44 22 13 44 44 22 44 22
1 44 11 24 13 44 11 23 41 33
1 44 44 22 11 44 44 22 44 22
1 44 44 22 11 44 44 22 44 22
1 44 41 24 13 41 41 23 44 23
1 44 41 22 11 44 41 22 44 22
1 44 41 22 11 44 44 22 44 23
1 44 44 22 11 44 44 22 44 22
1 44 11 24 13 44 11 22 44 33
1 44 44 24 11 44 41 22 44 22
1 44 44 22 11 44 44 22 44 22
1 44 41 22 33 44 44 22 44 23
1 44 44 22 11 44 44 22 44 22
1 44 41 22 13 44 41 22 44 23
1 44 11 24 13 44 41 22 41 23
1 41 11 44 33 41 41 22 44 33
1 44 11 24 13 44 11 22 44 33
1 44 41 24 33 44 44 23 44 22
1 44 44 22 13 44 44 22 44 23
1 44 44 22 13 44 44 22 44 22
1 44 44 22 11 44 44 22 44 22
1 44 41 24 11 44 44 22 44 23
1 44 41 24 11 44 44 22 44 22
1 44 44 22 11 44 44 22 44 22
1 44 11 24 33 44 41 22 44 23
1 41 41 24 13 41 41 23 44 23
1 41 11 24 33 41 41 23 41 33
1 44 41 24 13 44 41 22 44 23
1 44 44 24 13 41 44 22 44 23
1 44 41 22 13 44 44 22 44 23
1 41 41 24 13 41 41 22 44 23
1 44 41 22 11 44 44 22 44 23
1 44 41 22 11 44 44 22 44 22
1 44 41 24 13 44 41 22 44 23
1 44 41 24 13 44 41 22 44 23
1 44 41 22 11 44 44 22 44 23
1 44 44 22 11 44 44 22 44 22
1 44 41 22 11 44 41 22 44 22
1 44 44 22 11 44 44 22 44 22
1 41 41 24 13 44 11 22 41 23
1 44 41 22 13 44 11 22 44 33
1 44 41 24 13 44 41 22 41 23
1 41 41 22 11 44 41 22 44 22
1 11 11 44 33 44 11 22 11 23
1 41 11 24 13 44 44 23 44 23
1 41 11 22 11 44 41 23 44 33
1 44 44 22 11 44 44 22 44 22
1 44 41 22 11 44 44 22 44 22
1 44 41 22 13 44 44 22 44 23
1 44 41 24 13 41 41 23 41 33
1 44 41 24 11 44 44 22 44 22
1 41 41 24 13 44 41 22 44 23
1 44 44 24 11 44 44 22 44 22
1 44 11 44 33 11 11 33 41 33
1 44 41 24 13 44 44 22 44 23
1 44 41 22 33 44 41 22 44 23
1 44 41 22 13 44 41 22 44 23
1 44 11 24 33 44 11 23 41 33
1 41 41 44 33 41 11 23 41 33
1 44 44 22 13 44 41 22 44 22
1 44 41 22 11 44 44 22 44 23
1 44 44 22 13 44 41 22 44 22
1 44 44 22 11 44 44 22 44 22
1 44 44 22 11 44 11 22 41 23
1 44 44 24 33 44 41 22 41 22
1 44 41 22 11 44 44 22 44 22
1 44 11 44 13 44 41 22 44 23
1 44 41 22 13 44 41 22 41 23
1 44 41 22 13 44 41 23 41 23
1 41 41 24 13 44 41 23 41 23
1 44 41 44 33 11 41 23 44 33
1 44 44 22 11 44 44 22 44 22
1 41 41 24 13 41 41 23 41 33
1 44 11 24 13 44 11 22 44 23
1 44 41 22 13 44 41 22 44 23
1 41 41 24 13 41 41 23 44 23
1 44 41 44 33 44 41 22 44 23
1 11 11 44 33 41 11 33 11 33
1 44 41 24 13 41 41 23 41 33
1 44 11 44 33 44 11 22 41 33
1 44 11 44 33 44 11 22 44 33
1 44 41 22 13 44 41 22 44 22
1 41 41 24 13 41 41 23 41 23
1 41 11 24 33 44 11 23 44 33
1 44 11 44 33 44 41 22 44 23
1 44 44 44 33 41 44 22 44 22
1 41 41 24 13 41 41 23 44 23
1 44 44 22 11 44 44 22 44 22
1 44 11 24 33 41 11 23 41 33
1 44 11 24 33 44 44 22 41 33
1 44 44 22 11 44 44 22 44 22
1 41 11 24 13 44 11 22 41 23
1 41 41 24 13 44 41 22 44 33
1 44 41 44 33 41 11 23 44 33
1 44 41 24 13 41 11 23 44 22
1 44 44 22 33 44 44 22 44 33
1 44 41 22 13 44 44 22 44 22
1 44 44 24 11 44 44 22 44 23
1 41 41 24 13 44 41 23 44 23
1 41 11 24 33 41 41 33 11 33
1 44 41 24 13 44 41 23 44 22
1 44 41 22 13 44 41 22 44 23
1 44 44 22 11 44 44 22 44 22
1 44 41 44 33 41 11 23 41 33
1 44 44 22 11 44 41 22 44 23
1 41 41 24 13 44 41 22 44 23
1 44 41 24 13 44 44 22 44 23
1 41 41 24 13 41 41 23 44 23
1 44 11 22 33 44 11 22 44 33
1 44 44 24 11 44 44 22 41 23
1 44 44 22 13 44 44 22 44 22
1 44 41 22 13 44 41 22 44 23
1 44 44 22 11 44 44 22 44 22
1 44 41 24 13 44 41 22 44 33
1 44 44 22 13 44 41 22 44 22
1 41 11 24 13 44 11 22 44 33
1 44 41 22 13 44 41 22 41 23
1 44 41 22 11 44 41 22 44 23
1 44 41 24 13 41 41 22 44 23
1 44 44 22 11 44 44 22 44 22
1 41 11 44 33 11 11 33 11 33
1 41 41 24 13 44 41 22 41 33
1 44 41 22 13 44 41 22 44 33
1 44 41 22 11 44 44 22 44 22
1 44 41 22 13 44 41 22 41 23
1 41 41 24 13 44 41 23 41 23
1 44 44 22 11 44 44 22 44 23
1 44 41 24 11 44 44 22 44 22
1 44 41 24 13 41 41 23 44 23
1 41 11 44 33 41 11 23 11 33
1 44 41 24 13 44 41 22 44 33
1 44 41 24 13 41 41 23 41 23
1 44 41 44 33 41 41 23 44 33
1 44 41 24 33 44 41 23 44 33
1 44 41 24 13 44 44 22 44 23
1 44 41 24 13 41 11 22 41 23
1 44 44 22 13 44 44 22 44 22
1 41 11 24 33 44 11 23 41 23
1 44 41 22 11 44 44 22 44 22
1 41 11 24 33 44 11 23 41 33
1 44 41 24 13 44 41 22 44 23
1 44 44 22 13 44 44 22 44 22
1 44 41 22 11 44 41 22 44 23
1 44 41 24 33 44 11 22 44 33
1 44 44 22 11 44 44 22 44 22
1 41 41 24 13 41 41 23 41 23
1 41 41 24 13 41 41 23 41 23
1 44 11 24 33 44 41 22 44 23
1 44 41 24 13 44 44 22 44 22
1 44 44 22 13 41 44 22 44 22
1 41 11 44 33 41 41 23 44 33
1 44 41 22 11 44 44 22 44 22
1 44 44 22 13 44 41 22 44 23
1 44 44 22 11 44 44 22 44 22
1 44 44 22 11 44 41 22 44 22
1 44 41 22 13 44 41 22 44 23
1 41 41 24 13 44 41 23 44 23
1 44 11 22 13 44 41 22 44 23
1 44 41 24 13 44 44 22 44 23
1 44 41 24 13 44 44 22 44 23
1 44 44 22 13 44 44 22 44 22
1 44 41 22 13 44 44 22 44 23
1 44 41 24 13 44 11 22 44 22
1 44 41 24 11 44 11 22 44 33
1 44 44 22 13 41 41 22 44 23
1 44 44 22 11 44 44 22 44 23
1 41 41 24 13 44 41 22 41 23
1 44 41 22 11 44 41 22 44 22
1 44 41 44 33 41 11 23 44 33
1 44 44 22 11 44 44 22 44 22
1 44 44 22 13 44 44 22 44 22
1 41 11 44 33 41 11 22 44 23
1 44 41 24 13 44 44 22 44 23
1 44 41 24 13 44 41 22 44 23
1 44 41 24 13 41 41 22 44 23
1 44 41 24 33 44 11 22 44 22
1 44 41 22 11 44 44 22 44 22
1 44 41 24 13 44 44 22 44 23
1 41 11 24 13 44 41 23 44 23
1 44 41 22 11 41 41 22 44 33
1 44 41 24 13 44 41 22 44 23
1 44 41 24 13 41 41 22 44 23
1 44 44 22 11 44 44 22 44 22
1 41 41 24 13 44 41 23 41 23
1 41 11 22 33 44 41 22 44 33
1 41 41 24 13 44 41 22 41 23
1 44 44 22 11 44 44 22 44 22
1 44 11 44 33 41 41 22 44 33
1 44 41 24 13 41 41 23 44 23
1 44 41 24 13 44 41 23 44 23
1 41 41 24 33 44 41 22 41 33
1 44 41 22 13 44 44 22 44 23
1 44 11 44 13 41 11 22 41 33
1 44 11 24 13 41 11 22 44 33
1 44 44 22 11 44 44 22 44 22
1 41 41 44 13 41 41 23 41 23
1 41 41 22 13 44 41 22 44 23
1 44 44 22 11 44 44 22 44 22
1 44 44 22 11 44 44 22 44 22
1 41 41 24 13 44 41 22 44 23
1 41 41 24 13 41 41 23 44 23
1 44 41 24 13 44 41 22 44 33
1 41 41 44 33 41 41 23 41 33
1 44 41 24 13 44 41 22 44 23
1 41 11 24 33 44 44 22 41 23
1 41 11 44 33 41 41 23 41 33
1 44 41 22 11 44 41 22 44 22
1 44 11 22 13 44 44 22 44 22
1 44 41 24 13 44 41 22 44 23
1 44 44 22 13 44 41 22 44 22
1 44 41 24 13 44 41 23 41 23
1 41 11 24 13 41 11 23 41 23
1 41 11 24 33 11 11 33 44 33
1 44 41 22 11 44 11 22 44 33
1 44 44 22 13 44 44 22 44 23
1 41 41 24 13 41 44 22 44 23
1 44 44 22 11 44 44 22 44 22
1 44 44 22 11 44 44 22 44 22
1 44 11 44 13 41 11 23 41 33
1 44 41 24 13 44 44 22 44 23
1 44 41 22 13 44 44 22 44 23
1 41 11 44 13 41 11 23 41 23
1 44 11 44 33 11 41 23 11 23
1 41 41 24 11 41 41 22 41 23
1 44 44 22 11 44 44 22 44 22
1 44 11 24 33 44 41 22 41 33
1 41 41 24 13 44 41 22 41 23
1 41 41 24 33 41 41 23 44 23
1 44 44 22 11 44 44 22 44 22
1 44 41 22 13 44 41 22 44 23
1 44 41 22 11 44 44 22 44 22
1 44 11 22 13 44 44 22 44 23
1 44 41 24 13 44 44 22 44 23
1 44 41 24 13 41 41 23 44 23
1 44 41 24 13 44 41 22 44 23
1 41 41 24 13 41 41 23 41 23
1 41 11 24 33 44 11 23 44 33
1 44 44 22 11 44 44 22 44 22
1 44 41 22 11 44 41 22 44 22
1 44 44 24 11 44 41 22 44 23
1 44 11 22 13 44 41 22 44 23
1 44 41 22 13 44 44 22 41 33
1 41 41 24 13 41 41 23 41 23
1 44 41 22 11 44 41 22 44 22
1 44 41 24 13 44 41 22 44 23
1 44 41 22 11 44 44 22 44 22
1 11 11 24 33 41 11 22 44 33
1 44 11 24 13 41 44 22 44 33
1 44 44 22 11 44 44 22 44 22
1 44 41 22 11 44 44 22 44 22
1 44 41 44 33 44 41 22 44 33
1 44 41 22 13 44 41 22 44 33
1 41 41 24 13 41 44 22 44 23
1 44 44 24 11 44 44 22 44 22
1 44 41 22 11 44 44 22 44 22
1 41 41 24 33 41 41 23 41 23
1 41 11 24 13 44 11 22 41 23
1 44 44 22 13 44 44 22 44 23
1 41 11 24 13 41 41 22 41 33
1 44 44 22 11 44 44 22 44 22
1 44 44 22 11 44 44 22 44 22
1 44 44 22 13 44 44 22 44 23
1 44 44 22 11 44 44 22 44 22
1 44 41 22 11 44 44 22 44 23
1 44 41 22 13 44 44 22 44 23
1 44 11 24 13 44 44 22 44 23
1 44 41 24 13 44 44 22 44 33
1 11 11 44 33 11 11 23 41 33
1 44 44 22 11 44 41 22 44 23
1 44 41 24 13 41 44 22 44 23
1 44 44 22 13 44 44 22 44 22
1 44 41 22 11 44 41 22 44 23
1 41 11 24 13 44 41 22 41 23
1 44 44 22 11 44 44 22 44 22
1 44 44 22 11 44 44 22 44 22
1 44 44 22 11 44 44 22 44 22
1 44 41 24 11 44 44 22 44 23
1 44 44 22 11 44 44 22 44 22
1 41 11 24 33 41 11 23 44 33
1 41 11 44 13 41 41 23 41 23
1 41 41 24 13 44 41 22 41 23
1 44 41 24 13 44 41 22 44 22
1 44 44 22 13 44 44 22 44 23
1 44 41 24 13 44 44 22 44 33
1 44 11 24 33 44 11 22 41 23
1 44 11 24 13 44 11 22 44 33
1 41 41 24 13 44 41 22 41 23
1 44 11 44 33 44 11 22 44 33
1 44 41 24 13 44 41 22 41 23
1 41 41 22 13 41 11 23 44 33
1 44 41 44 33 44 41 22 44 33
1 44 44 22 11 44 44 22 44 22
1 44 41 44 13 41 41 22 44 33
1 44 44 22 13 44 41 22 44 22
1 41 41 24 13 44 41 23 44 22
1 44 41 24 13 44 44 22 41 22
1 41 41 24 13 44 41 22 44 23
1 44 44 24 13 44 44 22 44 23
1 44 44 22 13 44 44 22 44 23
1 41 41 24 11 44 41 23 41 23
1 11 11 44 33 41 11 23 41 33
1 44 11 44 33 44 11 23 44 33
1 44 11 24 11 44 41 22 44 22
1 44 44 22 13 44 44 22 44 23
1 44 44 22 11 44 41 22 44 22
1 44 44 22 11 44 44 22 44 22
1 44 41 22 13 44 44 22 44 22
1 44 44 24 13 44 41 23 41 22
1 11 11 44 33 11 11 33 11 33
1 44 41 22 11 44 41 22 44 33
1 44 41 22 11 44 44 22 44 22
1 41 41 24 13 41 41 23 41 23
1 44 41 24 11 44 44 22 44 22
1 41 41 24 13 41 41 23 41 23
1 44 44 22 11 44 44 22 44 22
1 44 41 22 13 41 41 22 44 22
1 41 41 24 13 41 41 23 41 23
1 44 41 22 11 44 44 22 41 33
1 44 11 22 11 44 44 22 44 33
1 44 44 22 11 44 44 22 44 22
1 44 44 22 11 44 44 22 44 22
1 41 11 24 13 41 11 23 41 23
1 44 11 24 33 44 11 22 41 33
1 44 44 22 13 44 44 22 44 23
1 44 44 24 33 44 44 22 44 23
1 44 41 22 11 44 41 22 41 23
1 44 44 44 13 44 41 22 44 22
1 41 41 24 33 44 41 22 41 23
1 44 11 22 33 44 41 22 44 23
1 44 44 22 11 44 44 22 44 22
1 44 44 22 13 44 41 22 44 22
1 44 41 24 11 44 44 22 44 23
1 44 44 22 11 44 44 22 44 23
1 44 44 22 11 44 44 22 44 22
1 41 41 24 13 41 41 23 41 33
1 41 41 24 13 41 41 23 41 23
1 41 41 24 13 41 41 22 41 23
1 44 41 22 13 44 41 22 41 23
1 44 44 24 13 41 41 22 44 23
1 44 44 24 13 41 44 22 44 33
1 44 44 24 13 44 11 22 44 23
1 44 44 24 13 44 41 22 44 23
1 41 11 44 33 11 11 33 11 33
1 44 41 22 13 44 41 22 44 23
1 44 44 22 11 44 44 22 44 23
1 41 11 24 33 44 41 23 41 23
1 44 41 24 13 44 41 22 44 23
1 44 44 22 13 44 44 22 44 22
1 44 41 22 11 44 44 22 44 23
1 11 11 44 33 11 11 23 41 33
1 44 44 22 13 44 44 22 44 23
1 44 44 22 11 44 44 22 44 22
1 44 11 24 33 44 11 22 41 33
1 44 11 44 13 41 11 22 44 33
1 41 11 44 33 44 11 23 11 33
1 44 41 22 13 44 41 22 44 23
1 44 41 24 13 41 44 23 44 23
1 44 44 22 11 44 44 22 44 22
1 44 44 22 11 44 44 22 44 22
1 41 11 24 33 41 11 23 41 33
1 44 41 24 33 41 41 22 44 23
1 44 41 24 13 41 44 22 44 33
1 44 44 22 11 44 44 22 44 22
1 44 41 24 13 44 11 22 44 23
1 44 41 24 11 44 44 22 44 23
1 44 41 22 13 44 41 22 44 23
1 44 44 22 11 44 41 23 44 23
1 44 41 24 13 44 41 23 41 23
1 41 11 44 33 11 11 22 11 33
1 41 41 24 13 41 41 23 41 23
1 41 41 24 33 44 44 22 44 33
1 44 11 24 11 44 44 22 44 23
1 44 44 22 11 44 44 22 44 23
