 rs7520756 rs9426396 rs514037 rs648759 rs7548279 rs1338062 rs1338064 rs1042114 rs2236861 rs2236860 rs533123 rs204047 rs678849 rs797397
0 23 42 11 32 44 33 33 22 32 44 22 44 23 22
0 22 44 11 33 24 33 23 22 33 44 22 44 22 22
0 22 44 11 33 22 33 22 22 33 41 22 44 22 22
0 23 44 14 32 44 33 23 22 32 41 22 42 23 22
0 23 22 14 32 44 33 33 22 33 11 22 42 23 22
0 22 44 11 33 22 33 23 22 33 44 22 44 23 22
0 22 44 11 33 22 33 22 22 33 44 22 44 22 22
0 23 44 11 33 24 33 23 22 33 44 22 44 23 22
0 22 42 11 33 22 33 22 22 33 44 22 44 23 22
0 22 44 11 33 22 33 22 22 33 44 22 44 22 22
0 23 42 11 32 24 33 22 24 33 41 22 44 22 22
0 23 22 14 22 44 33 23 44 22 11 22 42 33 22
0 33 22 11 22 24 33 23 24 33 44 23 42 23 23
0 23 42 11 32 24 33 23 22 33 41 22 42 33 22
0 22 44 11 32 22 33 22 22 33 44 22 44 22 22
0 23 44 11 33 24 33 22 22 33 44 22 44 23 22
0 23 44 14 32 22 33 22 22 33 41 22 44 23 22
0 22 44 11 33 22 33 23 22 33 41 22 44 22 22
0 22 44 11 33 22 32 22 22 33 44 22 44 33 22
0 23 42 14 32 24 32 33 22 32 41 23 42 33 23
0 23 44 11 33 22 33 22 22 33 41 22 44 23 22
0 23 44 11 33 22 33 22 22 33 44 22 44 33 22
0 22 44 11 33 22 33 22 22 33 44 22 44 23 22
0 33 42 14 33 24 33 23 22 33 44 22 44 23 22
0 33 22 44 22 44 33 33 44 32 41 23 42 33 33
0 22 42 11 33 22 33 22 22 33 41 22 44 23 22
0 23 42 11 32 22 33 22 22 33 41 22 42 23 22
0 23 42 14 32 24 33 23 24 32 44 23 42 23 23
0 22 44 11 33 22 33 23 22 33 44 22 44 22 22
0 22 44 11 32 22 33 23 22 33 41 22 44 23 22
0 22 42 11 33 24 33 22 22 33 44 22 44 22 22
0 23 44 11 22 24 33 23 24 33 11 22 42 33 22
0 22 44 11 33 22 33 23 22 33 44 22 44 22 22
0 23 44 11 32 24 32 22 22 33 41 23 44 23 22
0 23 42 11 33 22 33 33 24 33 41 22 44 23 22
0 22 44 11 33 22 33 22 22 33 44 22 44 22 22
0 22 42 11 32 22 33 22 22 33 44 22 42 23 22
0 22 44 11 33 22 33 22 22 33 44 22 44 22 22
0 23 44 11 32 24 33 23 24 33 41 22 42 33 23
0 22 44 11 33 24 33 23 22 33 44 22 44 22 22
0 23 42 11 32 24 33 23 24 33 41 22 42 23 22
0 33 42 11 33 44 32 23 22 33 44 22 44 22 22
0 22 44 11 32 22 33 23 22 33 44 22 44 22 22
0 23 22 14 22 24 22 33 44 22 11 22 22 33 23
0 23 22 14 22 24 33 23 22 33 44 22 44 23 22
0 22 44 11 33 24 33 22 22 33 44 22 44 22 22
0 23 42 11 32 22 33 23 22 33 44 22 44 23 22
0 22 44 11 33 22 33 23 24 33 44 22 44 22 22
0 22 44 11 33 22 33 22 22 33 44 22 44 22 22
0 23 22 14 22 24 33 22 24 33 11 23 42 33 22
0 23 42 11 32 24 32 23 24 32 44 22 42 23 23
0 23 44 11 32 44 33 33 44 32 41 22 44 33 23
0 33 44 44 22 24 33 22 24 32 11 23 44 33 22
0 33 44 11 32 24 33 22 24 33 11 22 44 33 22
0 22 44 11 33 22 33 22 22 33 44 22 44 22 22
0 22 44 11 33 22 33 22 22 33 44 22 44 22 22
0 22 44 11 33 22 33 22 22 33 44 22 44 22 22
0 22 44 11 33 22 33 22 22 33 44 22 44 22 22
0 23 44 14 33 22 33 33 22 33 11 22 44 23 22
0 33 42 11 22 44 33 33 44 32 44 22 44 23 23
0 22 42 11 33 24 33 23 22 33 44 22 44 22 23
0 23 42 11 32 22 33 23 22 33 41 22 44 33 22
0 23 44 11 32 24 33 23 22 33 41 22 44 23 22
0 22 44 11 33 22 33 23 22 33 44 22 44 22 22
0 22 44 11 33 22 33 22 22 33 44 22 44 22 22
0 33 44 11 33 44 32 23 22 33 41 22 44 33 22
0 23 42 11 33 24 33 23 22 33 41 22 42 23 22
0 33 42 14 32 24 33 23 44 33 41 22 42 33 22
0 23 42 44 22 44 32 23 24 33 41 23 44 23 23
0 23 44 11 33 22 33 22 22 33 44 22 44 23 22
0 22 44 11 32 22 33 23 24 33 44 23 44 33 22
0 23 42 11 32 22 33 23 22 33 41 22 44 33 22
0 22 44 11 32 24 32 23 22 32 41 22 42 23 23
0 23 42 14 32 24 33 23 22 33 41 23 44 23 22
0 23 42 14 32 24 33 23 24 33 44 22 42 23 23
0 22 44 11 32 22 33 22 22 33 44 22 44 23 22
0 23 42 14 32 44 33 23 24 33 11 23 44 33 23
0 22 44 11 33 22 33 23 22 33 44 22 44 23 22
0 22 44 11 33 22 33 22 22 33 44 22 44 22 22
0 22 44 14 32 24 33 23 22 33 44 23 44 23 22
0 22 44 11 33 22 33 23 24 33 44 22 44 23 22
0 22 44 11 32 24 33 23 22 33 44 22 42 33 22
0 23 44 11 33 22 33 23 22 33 44 22 44 23 22
0 23 42 14 32 24 33 23 22 32 41 23 42 23 23
0 23 44 11 33 22 33 22 22 33 44 22 44 22 22
0 22 42 11 33 24 33 22 22 33 44 22 44 22 22
0 22 44 11 33 22 33 22 22 33 44 22 44 22 22
0 22 44 11 32 24 33 33 22 33 44 22 44 22 22
0 22 44 11 32 24 33 22 24 33 41 23 44 23 22
0 22 42 11 32 22 33 22 22 33 44 22 44 22 22
0 23 44 11 32 24 32 22 22 33 41 23 42 23 23
0 23 44 11 32 22 33 23 22 33 41 22 44 22 22
0 23 44 11 33 24 33 22 22 33 44 23 44 22 22
0 23 42 11 32 22 33 22 22 33 41 22 44 23 22
0 22 42 11 32 24 33 23 22 33 41 22 44 22 23
0 23 42 14 22 44 33 33 44 32 11 23 42 33 23
0 22 42 14 32 24 33 23 22 33 44 22 44 23 22
0 23 42 14 32 44 32 23 24 33 41 23 42 33 22
0 22 44 14 32 24 33 22 22 33 44 22 44 23 22
0 23 42 14 32 24 32 23 24 32 41 23 42 23 23
0 23 44 11 32 24 33 23 24 33 44 22 44 23 22
0 23 42 14 32 24 32 23 22 33 41 23 42 23 23
0 22 42 11 22 22 33 22 24 33 41 22 44 33 22
0 23 42 11 22 24 32 23 24 32 41 22 42 33 23
0 33 22 14 32 44 32 33 24 33 11 22 22 33 23
0 23 42 14 22 44 32 23 24 32 11 23 44 33 23
0 22 44 11 33 22 33 22 22 33 44 22 44 23 22
0 23 42 14 33 22 33 23 22 33 41 22 44 23 22
0 23 44 11 33 22 33 23 24 33 44 22 42 33 22
0 22 44 11 32 22 32 23 22 33 44 22 44 22 22
0 22 44 11 32 44 33 23 24 33 44 22 44 33 22
0 22 42 14 32 44 33 23 24 33 41 23 22 33 33
0 33 22 44 22 44 32 33 44 32 11 33 44 33 33
0 22 44 11 33 24 33 23 22 33 41 22 44 23 22
0 22 42 11 33 24 32 23 22 33 41 22 44 23 22
0 23 44 14 32 24 33 22 24 32 44 22 44 23 23
0 23 42 11 22 44 32 33 22 32 41 22 42 33 23
0 22 22 44 32 24 33 33 24 32 41 22 44 33 22
0 22 44 14 33 44 33 22 22 33 41 22 44 22 22
0 22 44 11 33 22 33 22 22 33 44 22 44 22 22
0 23 42 14 22 24 33 23 24 32 44 22 44 33 23
0 22 44 11 33 22 33 22 24 33 44 22 44 23 22
0 23 22 14 22 24 22 23 44 22 11 22 22 33 33
0 22 44 11 33 22 33 22 22 33 44 22 44 23 22
0 23 44 14 22 44 32 33 44 32 41 23 42 33 23
0 33 44 14 32 24 33 23 24 33 44 22 44 23 22
0 22 44 14 33 22 33 23 22 33 44 22 44 23 22
0 23 22 14 32 24 33 23 24 33 41 22 44 33 22
0 23 42 11 32 24 33 23 24 32 41 22 44 23 23
0 23 44 11 33 24 33 23 22 33 44 22 44 23 22
0 23 42 14 33 24 33 23 44 32 44 22 42 23 22
0 33 42 14 32 44 32 33 24 33 11 23 44 33 22
0 23 42 14 22 24 33 23 24 32 11 23 42 33 22
0 23 22 11 32 44 33 33 24 33 41 22 44 33 22
0 22 44 11 33 22 33 22 22 33 44 22 44 23 22
0 22 42 11 32 22 33 23 24 32 41 22 42 23 22
0 22 44 11 33 22 33 22 22 33 44 22 44 22 22
0 23 42 11 22 24 32 23 24 33 41 22 44 33 22
0 22 44 11 32 22 33 22 22 33 44 22 44 22 22
0 22 42 11 22 22 33 22 22 33 41 22 44 33 22
0 22 42 14 32 24 33 23 24 33 44 23 42 23 22
0 23 42 11 32 44 33 23 22 33 41 23 44 23 23
0 22 44 11 33 22 33 22 22 33 44 22 44 22 22
0 22 42 11 32 22 33 23 24 32 44 23 42 22 22
0 23 22 14 32 24 33 23 24 33 41 23 42 23 23
0 23 22 11 22 22 33 33 22 33 44 22 42 33 22
0 33 22 11 22 44 32 23 22 22 41 22 42 33 23
0 23 44 11 32 24 33 22 22 33 44 22 44 33 22
0 22 44 11 32 22 33 23 22 33 44 22 44 22 22
0 23 42 14 32 24 33 23 24 33 44 22 42 22 22
0 23 42 14 33 24 33 22 22 32 44 22 44 23 22
0 23 42 14 33 24 33 22 22 32 41 22 44 23 22
0 23 42 14 32 24 32 23 24 32 41 22 42 23 23
0 33 42 14 22 24 33 22 24 32 41 22 44 33 22
0 22 44 11 33 22 33 22 22 33 44 22 44 23 22
0 33 22 14 22 44 33 33 44 22 41 33 22 33 33
0 22 44 11 32 22 33 23 22 33 44 22 42 22 22
0 22 44 11 33 22 33 22 22 33 44 22 44 33 22
0 22 42 11 32 24 33 23 22 32 41 22 44 23 23
0 22 42 11 33 22 33 22 22 33 41 22 44 22 22
0 23 42 11 33 22 33 23 44 32 44 22 42 33 22
0 23 42 14 32 22 33 22 22 33 44 22 44 33 22
0 23 42 14 22 44 32 33 24 32 11 22 42 23 23
0 22 44 11 33 22 33 22 22 33 44 22 44 23 22
0 23 42 11 32 24 33 23 24 33 44 22 44 23 22
0 22 44 11 32 22 32 22 22 33 41 22 44 23 23
0 23 42 14 33 24 33 22 22 33 41 22 42 33 22
0 22 44 11 33 22 33 22 22 33 44 22 44 22 22
0 22 42 14 32 24 33 23 24 33 44 22 44 23 22
0 23 22 11 22 44 22 22 22 33 41 23 42 23 23
0 23 42 11 32 24 33 23 22 33 41 23 44 23 22
0 23 22 14 22 24 33 23 24 33 11 23 42 23 23
0 22 44 11 33 22 33 22 22 33 44 22 44 22 22
0 33 22 14 22 44 32 33 44 22 11 22 42 33 23
0 22 44 11 32 24 33 22 22 32 44 22 44 23 22
0 22 42 14 33 24 33 23 22 33 41 22 44 23 23
0 22 44 11 33 24 33 22 22 33 44 22 44 33 22
0 33 22 14 22 44 33 33 44 32 11 33 42 23 23
0 22 44 11 32 22 33 22 22 33 44 22 44 22 22
0 23 42 14 32 24 33 23 22 33 41 22 44 33 22
0 33 42 14 22 44 32 33 24 32 11 23 22 33 23
0 23 22 11 32 44 33 23 24 32 44 22 44 23 22
0 23 42 14 32 24 33 23 24 33 44 22 44 23 22
0 23 42 14 32 24 32 23 24 32 41 23 42 23 22
0 23 42 14 32 24 32 23 24 33 41 23 44 23 23
0 23 42 11 32 24 33 23 24 32 44 23 44 23 22
0 33 42 14 32 24 33 33 22 33 44 22 42 23 22
0 23 42 14 32 24 32 23 24 32 41 23 42 23 22
0 22 44 11 32 24 33 22 22 33 44 22 44 22 22
0 23 44 11 32 24 32 23 24 33 44 22 44 23 22
0 22 44 11 33 22 33 22 22 33 44 22 44 22 22
0 22 44 11 33 22 33 23 22 33 44 22 44 22 22
0 22 44 11 32 24 33 22 22 33 44 22 44 23 22
0 23 44 11 33 24 33 22 22 33 44 22 44 22 22
0 23 42 11 32 24 33 22 22 32 41 22 44 23 22
0 22 42 11 32 22 33 22 22 33 44 22 42 23 22
0 22 42 11 33 24 33 23 22 33 44 22 42 23 22
0 23 42 11 32 24 32 23 22 33 41 22 44 23 22
0 23 44 11 33 24 33 23 24 32 44 22 42 23 22
0 22 44 11 32 22 33 22 24 33 44 22 44 23 22
0 23 44 11 33 22 33 23 22 33 44 23 44 23 22
0 33 22 14 22 44 33 33 44 33 11 23 44 33 33
0 23 42 11 33 24 33 22 22 33 44 22 42 23 22
0 33 42 14 22 44 32 33 22 32 41 22 42 33 23
0 22 44 11 33 22 33 22 22 33 44 22 44 22 22
0 23 42 14 22 22 33 22 24 33 44 22 44 23 22
0 23 44 11 22 24 33 23 24 32 41 22 42 23 22
0 23 44 11 32 24 32 23 24 32 41 23 42 23 23
0 23 42 11 32 24 32 23 24 32 41 22 42 23 23
0 22 44 11 33 22 33 22 22 33 44 22 44 22 22
0 22 42 11 33 22 33 22 22 33 44 22 44 22 22
0 23 44 11 32 24 33 22 22 33 44 22 44 23 22
0 23 42 11 32 22 33 23 22 33 44 22 44 23 22
0 22 44 11 33 22 33 22 22 33 44 22 44 23 22
0 23 42 11 22 44 33 23 22 33 41 22 44 23 22
0 22 42 11 32 22 33 23 22 32 44 22 42 23 23
0 22 44 11 33 24 32 23 22 33 44 22 44 23 22
0 33 42 14 32 44 33 23 24 33 11 22 42 33 22
0 22 44 11 33 22 33 22 22 33 44 22 44 22 22
0 22 42 11 32 24 33 23 22 33 44 22 44 33 22
0 22 44 11 32 24 33 23 22 33 44 22 44 23 22
0 23 42 11 32 24 32 23 24 32 44 22 42 33 22
0 22 44 11 32 24 33 22 24 33 41 23 44 33 22
0 22 44 11 33 22 33 22 22 33 44 22 44 22 22
0 22 44 14 33 22 33 22 24 33 44 22 44 22 22
0 22 44 11 33 22 33 22 22 33 41 22 44 22 22
0 23 44 11 32 24 33 23 22 33 41 22 44 33 22
0 33 42 14 22 24 33 23 24 33 41 22 44 23 22
0 22 42 11 33 22 33 22 22 33 44 22 44 23 22
0 22 44 11 32 22 33 23 22 33 44 22 44 22 22
0 33 22 14 22 44 33 33 24 32 11 23 42 33 22
0 22 44 14 32 22 32 23 24 32 44 22 44 22 22
0 22 44 11 32 22 33 22 22 32 44 22 44 22 22
0 23 42 11 22 24 33 23 24 33 41 22 44 23 23
0 22 42 11 32 22 33 22 22 33 44 22 44 23 22
0 23 42 11 32 22 33 22 22 33 44 22 44 22 22
0 22 44 11 32 24 33 23 22 33 41 22 44 23 22
0 23 42 14 32 24 33 22 24 33 44 22 44 23 22
0 23 42 11 32 24 33 22 22 33 44 22 44 33 22
0 33 42 14 22 24 33 33 24 33 41 23 42 23 23
0 22 42 11 32 22 33 22 24 33 44 22 44 23 22
0 22 44 11 33 22 33 22 22 33 44 22 44 22 22
0 22 44 11 32 24 33 22 22 33 44 22 44 22 22
0 22 42 14 32 24 33 23 24 33 41 22 44 23 23
0 22 42 11 22 24 33 23 24 32 41 22 42 33 22
0 22 42 11 32 22 33 22 22 33 41 22 44 33 22
0 23 44 11 32 22 32 23 22 32 41 22 42 23 22
0 23 44 11 33 22 33 23 22 33 44 22 44 33 22
0 22 44 11 32 44 33 23 22 33 41 22 42 33 22
0 22 44 11 32 22 33 22 22 33 44 22 44 22 22
0 23 42 14 32 24 32 23 24 32 41 23 42 23 23
0 22 44 11 33 22 33 22 22 33 44 22 44 22 22
0 23 42 11 32 24 33 23 22 32 41 22 44 23 22
0 23 42 14 33 24 32 23 24 32 41 22 44 23 22
0 22 42 11 32 44 33 22 22 33 41 22 44 23 22
0 22 44 11 33 22 33 22 22 33 44 22 44 22 22
0 23 42 14 32 44 33 23 22 33 44 22 44 33 23
0 23 42 11 33 22 33 23 22 33 44 22 44 22 22
0 23 44 11 22 22 33 23 22 33 44 22 44 23 22
0 23 42 11 33 24 33 23 24 33 41 22 44 33 23
0 23 44 11 33 24 33 22 24 33 44 22 44 22 22
0 22 42 11 32 24 33 22 22 33 41 22 44 23 22
0 23 42 11 33 22 33 23 24 32 44 22 42 23 22
0 23 42 11 32 24 33 23 22 33 44 22 44 23 23
0 23 42 11 32 22 33 22 22 33 44 22 44 23 22
0 23 22 14 22 44 33 33 44 32 11 33 42 33 33
0 22 44 11 33 22 33 22 22 33 44 22 44 23 22
0 33 22 14 22 44 32 33 24 32 11 23 42 33 22
0 23 44 14 32 24 33 23 24 33 41 33 44 33 22
0 22 42 11 32 24 33 22 22 33 44 22 44 22 22
0 22 44 11 33 22 33 22 22 33 44 22 44 22 22
0 22 44 11 33 22 33 22 22 33 44 22 44 23 22
0 22 44 11 33 22 33 22 22 33 44 22 44 22 22
0 23 22 14 22 44 33 23 22 32 41 22 42 33 23
0 33 42 11 22 44 32 33 24 32 41 22 42 33 22
0 22 44 11 32 24 33 23 22 33 41 22 42 23 22
0 22 44 11 33 22 33 22 22 33 44 22 44 22 22
0 22 42 11 33 24 33 22 22 33 41 22 44 23 23
0 23 42 14 32 24 33 23 22 33 41 22 42 23 22
0 23 42 14 32 24 33 23 24 32 41 23 44 23 22
0 33 22 14 22 44 32 33 44 33 44 33 42 33 23
0 22 42 11 33 22 33 22 24 33 44 22 44 22 22
0 22 44 11 33 22 33 22 22 33 44 22 44 22 22
0 22 44 11 33 24 33 22 22 33 44 22 44 23 22
0 23 42 11 32 24 32 23 22 32 44 23 44 33 23
0 22 44 11 33 22 33 22 22 33 44 22 44 22 22
0 33 42 44 22 44 33 33 24 32 41 23 22 33 23
0 33 42 14 32 44 32 33 24 32 44 22 44 33 22
0 22 42 14 33 24 33 23 22 33 44 22 44 23 22
0 22 44 11 33 22 33 23 24 33 44 22 44 33 22
0 23 44 11 33 24 33 23 22 33 44 22 44 23 22
0 22 44 11 33 22 33 22 22 33 44 22 44 22 22
0 22 44 11 33 22 33 22 22 33 41 22 44 33 22
0 23 44 14 32 22 33 23 22 33 44 22 44 33 22
0 23 44 11 33 22 33 22 22 33 44 22 44 23 22
0 23 42 14 32 24 33 23 22 33 41 22 44 23 22
0 23 22 44 32 24 32 33 22 33 11 22 42 33 22
0 22 42 14 33 24 33 23 22 33 44 22 44 23 23
0 23 44 11 32 24 33 33 22 33 41 22 44 23 22
0 22 42 11 22 24 32 23 24 33 11 23 44 33 22
0 23 42 11 22 22 33 23 24 32 41 23 44 33 22
0 22 44 11 33 22 33 22 22 33 44 22 44 22 22
0 23 42 11 32 24 32 23 24 32 41 23 44 23 23
0 33 42 14 32 24 32 23 24 33 41 22 42 23 23
0 22 44 11 33 22 33 22 22 33 44 22 44 22 22
0 22 42 14 33 22 33 22 22 33 44 22 44 22 22
0 23 44 11 33 24 33 22 22 33 44 22 44 23 22
0 22 44 11 33 22 33 22 22 33 44 22 44 22 22
0 22 44 11 33 22 33 23 22 33 44 22 44 22 22
0 23 42 14 32 24 33 23 22 33 41 22 44 33 22
0 22 42 11 33 22 33 23 22 33 44 22 44 22 22
0 22 42 14 32 22 33 22 24 33 41 22 44 23 22
0 22 42 14 33 24 33 23 22 33 44 22 44 23 23
0 23 42 14 22 24 32 23 24 32 41 23 42 33 23
0 23 42 11 32 22 33 22 22 33 44 22 42 23 22
0 23 42 14 22 44 33 33 22 33 44 22 42 33 22
0 22 42 11 33 22 33 23 22 33 44 22 44 22 22
0 23 22 11 32 24 33 23 22 33 41 23 44 23 22
0 22 44 11 33 22 33 22 22 33 44 22 44 22 22
0 23 44 11 32 24 33 33 22 33 44 22 44 22 22
0 22 42 14 32 24 33 23 22 33 41 22 42 23 22
0 23 44 11 32 24 33 22 22 33 44 22 44 22 22
0 23 44 11 32 44 33 23 24 33 41 22 44 23 22
0 33 42 14 32 24 33 33 22 33 11 22 44 33 22
0 22 42 11 32 24 33 23 22 33 44 22 44 23 22
0 23 42 14 32 24 33 23 24 32 41 23 44 33 23
0 22 44 11 33 24 33 22 22 33 41 22 44 23 22
0 23 42 14 32 44 33 23 22 32 41 22 44 33 22
0 23 42 14 22 44 32 23 24 32 41 23 42 23 23
0 22 42 11 32 22 33 23 22 33 44 22 44 23 22
0 22 44 11 33 24 33 23 22 33 41 22 44 23 22
0 22 44 11 33 22 33 22 22 33 44 22 44 23 22
0 23 42 14 22 24 32 23 24 33 41 22 42 33 23
0 22 44 11 32 44 33 22 22 33 44 22 44 23 22
0 23 22 14 32 24 22 33 24 33 11 22 42 33 22
0 23 44 11 33 24 33 22 22 33 44 22 44 33 22
0 22 42 11 33 22 33 22 22 32 44 22 44 22 22
0 22 44 11 33 24 33 22 22 33 41 22 44 23 22
0 23 42 11 32 24 33 22 22 33 44 23 44 23 22
0 23 42 11 32 22 33 23 22 33 41 22 44 23 22
0 22 42 14 32 24 32 23 22 33 41 22 44 23 22
0 33 42 11 32 24 33 33 22 33 41 22 44 33 22
0 23 44 14 32 24 33 22 24 33 41 22 44 23 22
0 22 44 11 32 22 33 23 24 33 41 22 44 23 22
0 23 22 44 22 44 32 33 44 22 41 22 44 33 23
0 22 44 11 33 24 33 22 22 33 44 22 44 23 22
0 23 44 11 32 24 33 23 22 33 44 22 44 33 22
0 22 44 14 33 22 33 22 22 33 44 22 44 23 22
0 23 44 11 33 22 33 22 22 33 44 22 44 22 22
0 23 44 14 32 24 32 23 24 33 41 22 44 23 22
0 22 44 14 33 44 33 22 22 33 41 22 44 23 22
0 33 44 14 33 24 33 33 22 32 41 22 44 33 22
0 33 42 14 32 24 32 23 24 33 41 22 44 23 22
0 33 42 14 22 24 33 23 24 32 44 22 44 33 23
0 23 42 14 32 24 32 23 22 32 41 22 42 23 23
0 23 42 11 32 24 33 33 24 33 41 22 42 23 22
0 23 42 14 22 44 32 23 24 32 41 22 42 33 23
0 33 44 14 22 24 33 23 24 33 11 22 44 23 22
0 23 44 11 32 24 33 23 24 33 44 22 44 23 22
0 22 44 11 33 22 33 22 22 33 44 22 44 22 22
0 22 44 11 33 22 33 22 22 33 44 22 44 22 22
0 23 22 14 22 44 32 23 44 22 41 23 42 33 23
0 23 42 14 32 24 32 23 24 33 41 23 42 23 23
0 22 44 11 32 22 33 22 22 33 44 22 44 23 22
0 23 44 11 22 24 33 22 22 33 41 22 44 23 22
0 23 42 14 32 24 32 23 22 32 41 23 42 23 23
0 22 44 11 33 22 33 22 22 33 44 22 44 22 22
0 22 44 11 32 24 33 22 22 33 44 22 44 22 22
0 22 44 11 32 24 33 33 22 33 41 22 44 23 22
0 23 42 14 32 24 32 23 24 32 41 22 42 23 22
0 23 42 14 32 24 32 23 24 32 41 22 42 23 22
0 22 44 14 32 24 33 23 22 33 44 22 44 23 22
0 22 44 11 33 24 33 22 22 33 44 22 44 22 22
0 23 44 11 33 24 33 22 22 33 44 22 44 33 22
0 23 44 11 33 22 33 22 24 33 44 22 44 23 22
0 22 44 11 32 22 33 22 22 33 44 22 44 23 22
0 23 42 14 22 44 32 33 24 32 41 22 44 33 23
0 23 42 11 32 24 33 23 24 33 41 22 44 23 22
0 23 22 14 32 44 32 23 24 33 11 23 42 33 33
0 23 44 11 32 24 33 22 22 32 44 22 44 33 22
0 22 44 11 33 22 33 22 22 33 44 22 44 22 22
0 22 44 11 33 24 33 22 22 33 44 22 44 33 22
0 22 44 11 33 24 33 22 22 33 41 22 44 23 22
0 22 44 11 32 22 33 22 22 33 44 22 44 23 22
0 23 42 14 32 24 33 23 24 33 44 22 42 23 23
0 22 44 11 33 22 33 23 22 33 44 22 44 33 22
0 22 44 11 33 22 33 22 22 33 44 22 44 23 22
0 22 42 11 33 22 33 22 22 33 41 22 44 23 22
0 22 42 11 32 24 33 23 22 33 41 22 44 23 22
0 22 44 11 33 22 33 22 22 33 44 22 44 22 22
0 23 42 11 33 22 33 23 22 33 41 22 44 23 22
0 23 42 11 22 44 33 23 22 33 44 22 44 33 22
0 23 42 14 32 24 32 33 24 32 41 23 42 33 23
0 23 44 14 32 22 33 22 24 33 44 22 44 22 22
0 23 22 14 22 44 33 23 24 22 41 23 44 33 33
0 33 42 11 32 24 33 23 24 33 44 22 44 23 22
0 22 42 14 22 44 33 23 24 33 44 22 42 33 23
0 33 22 11 22 44 33 23 24 33 41 23 44 33 22
0 33 22 11 22 44 33 23 24 33 44 22 44 33 22
0 23 42 14 32 24 32 23 24 33 44 22 44 23 23
0 23 44 11 32 24 33 22 22 33 44 22 44 23 22
0 23 22 44 22 44 32 33 24 33 11 22 42 33 22
0 33 22 44 22 44 32 23 24 32 11 23 42 33 23
0 22 44 11 33 22 33 22 22 33 44 22 44 22 22
0 22 44 11 32 22 33 23 22 33 44 22 44 22 22
0 22 44 11 33 22 33 22 22 33 44 22 44 22 22
0 33 42 44 32 44 33 23 24 33 41 22 42 23 22
0 23 44 11 33 44 33 23 22 33 44 22 44 22 22
0 23 42 11 32 24 33 23 22 33 41 22 44 23 22
0 22 42 11 33 24 33 22 22 33 44 22 44 22 22
0 22 44 11 33 22 33 22 22 33 44 22 44 22 22
0 23 44 11 32 24 33 23 22 32 44 22 42 23 22
0 33 44 11 22 22 33 22 22 33 44 22 44 33 22
0 23 44 11 32 22 33 22 22 33 41 22 44 23 22
0 23 42 11 32 22 33 22 22 33 41 22 44 22 22
0 22 42 11 33 22 33 22 22 33 44 22 44 23 22
0 23 42 14 32 24 32 23 22 33 41 22 42 23 22
0 23 42 11 32 24 33 23 22 32 41 22 44 23 23
0 22 42 11 32 22 33 33 22 32 44 22 44 23 22
0 22 42 11 32 24 33 23 22 32 41 22 44 23 22
0 23 42 14 32 24 32 23 24 32 41 23 44 23 23
0 33 42 11 22 44 33 22 44 33 44 22 44 33 22
0 23 42 11 33 24 33 23 24 33 44 22 44 22 22
0 33 42 11 32 24 32 23 24 32 41 22 44 23 23
0 33 42 14 32 44 33 23 24 33 11 23 44 33 22
0 22 42 11 32 22 33 23 22 33 44 22 44 22 22
0 23 44 11 33 24 33 22 22 33 44 22 44 23 22
0 33 42 44 32 44 22 33 44 32 11 23 22 33 23
0 22 44 11 33 24 33 23 22 33 44 22 44 22 22
0 22 42 11 33 24 33 23 22 33 44 22 44 22 22
0 22 44 14 33 22 33 23 44 33 44 22 42 23 22
0 22 42 14 32 24 33 22 22 33 44 22 42 23 23
0 22 42 11 33 24 32 23 22 33 44 22 44 22 22
0 23 42 14 32 24 32 23 24 32 41 23 42 23 23
0 23 22 11 32 44 33 33 44 33 41 22 44 33 23
0 22 42 14 32 44 32 23 24 32 41 22 44 33 23
0 22 44 11 32 22 33 22 22 33 44 22 44 23 22
0 22 42 11 32 24 33 23 24 33 41 22 44 23 22
0 23 42 14 32 24 32 23 24 33 41 23 42 23 22
0 22 44 11 33 22 33 22 22 33 44 22 44 23 22
0 22 42 14 32 22 33 23 22 33 44 22 44 23 23
0 23 42 14 32 22 33 23 24 33 41 22 44 23 22
0 23 44 11 32 24 33 23 22 32 41 22 44 23 22
0 22 44 11 33 24 33 22 22 33 44 22 44 22 22
0 22 44 11 33 22 33 22 22 33 44 22 44 22 22
0 22 44 11 33 22 33 22 22 33 41 22 44 23 22
0 23 42 11 32 44 32 23 24 32 41 23 42 33 22
0 22 22 11 22 24 33 23 22 33 41 22 44 33 22
0 23 44 11 32 22 33 23 22 33 44 22 44 22 23
0 22 44 11 33 22 33 22 22 33 44 22 44 22 22
0 23 42 14 22 44 33 33 22 32 44 33 42 33 23
0 22 44 14 32 24 33 23 22 33 41 22 44 33 22
0 22 44 11 32 22 33 22 22 33 44 22 44 23 22
0 23 44 11 33 22 33 22 22 33 44 22 44 22 22
0 23 42 11 33 44 32 23 22 33 44 23 44 23 22
0 23 42 14 32 24 32 23 24 32 41 23 42 33 23
0 22 44 14 33 24 33 23 22 33 41 22 42 33 22
0 23 42 14 32 24 33 23 22 33 41 23 42 23 23
0 22 44 11 33 22 33 22 22 33 44 22 44 22 22
0 23 42 11 32 24 33 23 22 33 11 22 44 23 22
0 22 44 11 33 24 33 23 22 33 44 22 44 22 22
0 22 44 11 22 24 33 23 24 32 44 22 44 33 22
0 23 44 11 32 22 33 22 44 33 44 22 42 33 22
0 22 44 11 32 44 33 23 24 33 44 22 44 23 22
0 23 22 14 22 24 33 23 22 33 41 23 42 33 22
0 23 44 14 32 24 33 22 24 33 44 23 44 23 22
0 23 44 11 33 24 33 22 22 33 41 22 44 23 22
0 22 44 11 33 24 33 22 22 33 41 22 44 23 22
0 22 44 11 33 22 33 22 22 33 44 22 44 22 22
0 23 44 11 33 22 33 22 24 33 44 22 44 23 22
0 22 42 11 33 24 33 23 22 33 44 22 44 22 22
0 23 44 14 32 22 33 23 22 33 11 23 44 23 22
0 23 44 11 33 22 33 22 22 33 41 22 44 22 22
0 22 44 14 32 24 33 23 22 33 44 22 44 22 22
0 23 42 14 32 24 32 23 24 32 41 23 42 23 23
0 23 44 11 32 22 33 22 24 33 41 22 44 23 22
0 23 42 11 32 24 32 23 22 33 44 22 44 23 22
0 33 22 44 22 44 32 33 24 22 41 33 22 33 22
0 22 44 11 33 22 33 22 22 33 44 22 44 23 22
0 23 42 14 33 24 33 23 24 33 41 22 44 23 22
0 22 44 11 33 22 33 22 22 33 44 22 44 22 22
0 23 44 11 33 22 33 22 22 33 44 22 44 23 22
0 22 44 11 32 24 33 22 22 33 44 22 44 23 22
0 23 42 11 33 22 33 23 22 33 44 22 44 23 23
0 23 42 14 32 24 32 23 24 32 41 23 42 23 23
0 22 44 11 33 24 33 22 22 33 44 22 44 23 22
0 33 42 11 22 22 33 22 22 33 44 22 44 23 22
0 23 42 14 22 24 32 22 24 33 41 23 42 23 22
0 22 44 11 33 24 33 22 22 33 44 22 44 22 22
0 22 44 14 33 22 33 22 22 33 44 22 44 23 22
0 33 42 11 32 24 33 22 22 33 44 22 44 33 22
0 22 44 11 33 22 33 22 22 33 44 22 44 23 22
0 23 44 14 32 24 32 33 22 33 11 22 44 33 23
0 22 42 11 33 22 33 33 22 33 44 22 44 23 22
0 22 44 11 33 22 33 22 22 33 44 22 44 23 22
0 23 44 11 33 22 33 22 22 33 44 22 44 22 22
0 23 44 11 32 24 33 22 44 32 41 22 44 33 22
0 23 22 14 22 44 32 33 44 32 11 22 22 33 23
0 23 42 14 32 44 33 23 24 32 41 22 42 23 23
0 22 44 11 33 22 33 22 22 33 44 22 44 23 22
1 22 44 11 33 24 33 33 22 33 44 22 44 23 22
1 22 44 11 22 24 33 22 24 33 44 23 44 23 22
1 33 42 11 32 44 33 23 24 32 41 23 42 23 23
1 23 42 11 22 24 33 23 24 32 11 23 42 33 33
1 23 44 14 32 22 33 22 24 33 44 22 44 23 23
1 22 44 11 33 22 33 22 22 33 44 22 44 23 22
1 22 42 11 32 22 33 22 22 33 44 22 44 23 22
1 23 42 14 32 24 32 23 24 32 41 23 42 23 23
1 22 44 11 33 22 33 22 22 33 44 22 44 22 22
1 22 44 11 33 22 33 22 22 33 44 22 42 23 22
1 22 44 11 32 22 33 22 22 33 44 22 44 22 22
1 22 42 11 33 24 33 33 22 33 44 23 42 33 22
1 23 42 11 22 24 33 23 22 33 44 22 44 33 22
1 23 44 11 33 22 33 22 22 33 44 22 44 22 22
1 23 42 14 32 24 33 23 24 32 41 23 42 33 23
1 22 42 14 32 24 33 23 24 33 41 23 42 23 22
1 23 42 14 32 24 33 23 24 32 41 22 42 23 23
1 23 42 11 33 24 33 23 22 33 44 22 44 22 22
1 23 44 11 33 22 33 22 22 33 41 22 44 22 22
1 23 44 11 22 24 32 23 22 33 41 22 42 33 22
1 22 44 11 33 22 33 22 22 33 41 22 44 23 22
1 23 44 11 32 24 33 23 24 33 44 22 44 23 22
1 33 44 11 33 22 33 23 24 33 41 22 44 33 22
1 22 44 11 32 22 33 22 22 33 41 22 44 23 22
1 22 42 11 32 24 33 23 24 33 44 22 44 22 22
1 23 42 14 32 44 33 23 24 33 41 22 42 23 23
1 23 44 11 33 22 33 22 22 33 44 22 44 22 22
1 22 44 14 33 24 33 23 22 33 44 22 44 23 22
1 22 42 14 32 24 33 33 24 33 44 22 42 33 22
1 23 42 11 22 44 33 33 22 32 44 22 44 22 22
1 23 42 11 32 24 33 23 24 32 44 22 44 33 22
1 22 44 11 32 22 33 22 22 33 44 22 44 23 22
1 23 42 11 32 24 33 23 24 33 41 23 42 33 22
1 22 44 11 33 24 33 22 22 33 44 22 44 23 22
1 23 42 14 32 24 33 23 24 32 41 23 42 23 23
1 22 44 11 33 22 33 22 22 33 44 22 44 22 22
1 23 42 11 32 24 33 22 24 33 41 22 44 23 22
1 22 44 11 33 24 33 22 22 33 44 22 44 23 22
1 33 22 44 22 44 33 33 24 32 11 23 44 33 23
1 23 42 14 32 24 33 33 24 32 41 22 44 33 22
1 22 44 11 33 22 33 22 22 33 44 22 44 22 22
1 23 44 11 22 24 33 22 22 33 41 22 44 23 22
1 22 44 11 33 22 33 23 22 33 44 22 44 22 22
1 22 22 11 32 24 33 22 22 33 41 22 44 33 22
1 22 44 11 33 22 33 22 22 33 44 22 44 22 22
1 22 44 11 33 24 33 22 22 33 44 22 44 23 22
1 22 44 11 33 22 33 22 22 33 44 22 44 22 22
1 23 42 11 33 22 33 22 22 33 44 22 44 22 22
1 23 42 11 33 24 33 23 22 33 44 22 42 23 23
1 23 42 11 32 22 33 23 22 33 44 22 44 23 22
1 23 44 14 33 24 32 23 22 33 44 22 44 23 22
1 23 42 11 32 24 33 23 22 33 41 23 44 23 22
1 23 42 14 22 24 33 23 22 33 41 22 44 23 22
1 33 42 11 32 44 32 23 22 32 41 23 44 33 23
1 22 44 11 32 22 33 23 22 33 44 22 42 23 22
1 22 22 11 22 44 33 33 24 33 44 22 44 23 22
1 33 22 14 22 24 32 33 24 32 11 23 42 33 22
1 23 42 14 22 44 32 23 24 22 11 22 42 33 23
1 22 44 11 33 22 33 22 22 33 44 22 44 22 22
1 23 42 44 32 24 33 23 24 33 41 22 44 33 23
1 22 44 11 33 22 33 22 22 33 44 22 44 22 22
1 23 44 11 33 24 32 22 24 33 41 22 44 23 22
1 22 42 11 33 22 33 22 22 33 44 22 44 23 22
1 23 42 11 33 22 33 23 22 33 41 22 44 23 22
1 23 44 14 32 24 33 23 22 33 41 22 42 23 23
1 23 42 14 32 24 32 23 22 33 44 22 44 23 22
1 22 44 11 32 22 33 22 22 33 44 22 44 23 22
1 23 42 11 32 24 33 23 24 33 44 22 44 22 22
1 33 42 11 32 22 33 22 24 33 41 22 42 33 22
1 23 42 14 32 24 33 23 24 32 41 22 42 23 22
1 23 22 11 32 24 33 33 24 33 44 22 42 23 22
1 23 42 11 32 24 33 23 24 33 41 23 44 23 22
1 22 44 11 33 24 33 22 22 33 44 22 44 22 22
1 22 42 14 32 24 32 23 24 33 44 22 44 23 22
1 23 42 11 32 24 33 23 22 33 44 22 44 33 23
1 22 44 11 32 22 33 23 22 33 44 22 44 23 22
1 23 42 11 32 22 33 23 24 33 44 22 44 23 23
1 23 42 14 32 24 33 23 22 33 44 22 44 23 22
1 23 42 11 32 24 33 23 22 33 44 22 42 22 22
1 23 42 14 22 24 33 22 22 32 41 22 44 23 22
1 23 42 14 32 44 33 33 24 33 41 23 42 23 23
1 22 44 14 33 22 33 22 22 33 41 22 44 23 22
1 23 42 11 22 44 32 33 22 33 41 22 42 22 22
1 22 44 11 32 24 33 22 22 33 44 22 44 22 22
1 23 42 14 22 44 32 23 24 32 11 22 44 33 23
1 23 44 14 32 24 33 22 22 33 41 23 44 23 22
1 22 44 11 32 22 33 23 22 33 44 22 44 23 22
1 22 44 11 33 24 33 22 22 33 44 22 44 22 22
1 22 44 11 32 24 33 23 22 33 41 22 44 23 22
1 22 44 11 33 22 33 22 24 33 44 22 44 23 22
1 22 44 11 22 22 33 22 22 33 44 22 44 23 22
1 22 42 11 32 24 32 23 22 32 41 22 42 23 23
1 22 44 11 33 22 33 22 22 33 44 22 44 22 22
1 22 44 11 33 22 33 22 22 33 44 22 44 23 22
1 23 44 11 32 24 33 23 22 33 44 22 44 23 22
1 23 42 11 32 22 33 22 22 33 44 22 44 23 22
1 33 42 14 22 24 33 33 24 33 41 23 44 23 22
1 22 44 11 33 22 33 22 22 33 44 22 44 22 22
1 33 42 11 32 44 33 23 44 33 11 23 42 23 23
1 22 44 11 33 24 33 23 22 33 44 22 44 23 22
1 23 44 11 33 24 33 22 22 33 44 22 44 23 22
1 22 42 11 33 22 33 23 22 33 44 22 44 22 22
1 22 44 11 33 22 33 22 22 33 41 22 44 22 22
1 22 44 11 33 22 33 22 22 33 44 22 44 22 22
1 23 44 11 32 22 33 23 22 33 44 22 44 22 22
1 22 44 11 32 24 33 22 22 33 44 22 44 22 22
1 23 44 11 32 22 33 22 22 33 41 22 44 22 22
1 33 42 11 22 22 33 22 24 33 11 22 44 33 22
1 22 44 11 32 22 33 22 22 33 44 22 44 22 22
1 22 44 11 32 22 33 22 22 33 44 22 44 23 22
1 22 44 11 33 22 33 22 22 33 44 22 44 22 22
1 22 42 11 32 24 33 23 22 33 44 22 22 23 23
1 22 44 11 32 24 33 23 22 33 44 22 44 23 22
1 22 44 11 33 24 33 22 22 33 44 22 44 23 22
1 23 22 11 32 24 33 22 24 33 44 22 44 23 22
1 23 42 11 22 24 33 22 22 33 44 22 44 33 22
1 22 44 11 33 22 33 22 22 33 44 22 44 23 22
1 22 44 11 33 22 33 22 22 33 44 23 44 23 22
1 23 42 44 32 44 33 23 24 33 41 22 42 33 22
1 23 22 11 32 44 33 23 24 33 41 23 44 33 22
1 23 42 14 33 24 33 23 22 32 41 23 44 23 23
1 23 42 11 33 22 32 23 22 33 44 22 44 23 22
1 23 42 11 33 22 32 23 22 33 41 22 44 23 22
1 23 42 14 32 24 33 23 22 33 41 23 44 23 22
1 23 44 11 33 22 33 23 22 33 41 22 42 22 22
1 22 44 11 32 22 33 22 22 33 44 22 44 22 22
1 33 42 14 22 44 33 22 24 32 41 22 42 33 22
1 22 42 11 32 24 33 23 22 33 44 22 44 23 22
1 23 42 14 32 24 32 23 24 33 41 23 44 22 23
1 22 44 11 33 24 33 23 22 33 44 22 42 23 22
1 22 42 11 33 22 33 22 22 33 44 22 44 23 22
1 22 42 11 32 24 33 23 22 33 41 22 44 23 22
1 22 44 14 33 22 33 22 22 33 44 22 44 22 22
1 22 44 11 33 22 32 23 22 33 41 22 44 22 22
1 22 44 11 33 22 33 22 22 33 44 22 44 22 22
1 23 42 14 32 24 32 33 24 32 41 23 42 23 23
1 22 44 11 33 22 33 22 24 33 44 22 44 22 22
1 22 44 11 32 22 33 22 22 33 44 22 44 22 22
1 23 42 14 22 44 33 33 44 32 11 23 22 33 22
1 33 22 44 32 44 33 33 24 33 11 23 44 33 22
1 23 42 14 32 24 32 23 24 32 41 22 42 23 22
1 23 42 11 33 22 33 23 24 33 44 22 44 23 22
1 23 44 14 33 22 33 22 24 33 41 22 44 22 22
1 22 42 11 33 22 33 22 22 33 44 22 44 22 22
1 22 44 11 33 24 33 23 22 33 41 22 44 23 22
1 23 44 11 32 22 33 22 22 33 44 22 44 22 22
1 33 42 11 33 24 33 22 22 33 44 22 44 22 22
1 23 44 14 32 22 33 23 24 33 41 22 44 23 22
1 22 42 11 33 22 33 22 22 33 44 22 44 23 22
1 22 44 11 32 22 33 22 22 33 44 22 44 22 22
1 23 42 14 32 24 33 23 24 33 41 23 42 23 23
1 22 42 14 33 22 33 23 22 33 44 22 44 23 22
1 22 44 11 33 22 33 22 22 33 41 22 44 23 22
1 23 42 14 32 24 22 33 24 32 41 23 42 33 33
1 23 42 11 32 22 33 22 22 32 44 22 44 23 22
1 22 44 11 33 24 33 23 22 33 44 22 44 23 22
1 22 44 11 32 24 33 22 22 33 44 22 44 23 22
1 23 22 14 32 22 33 23 22 33 41 22 44 33 22
1 22 44 11 33 24 33 22 22 33 41 22 44 23 22
1 22 44 11 32 22 33 22 22 33 44 22 44 23 22
1 22 42 11 32 24 33 23 22 33 44 22 44 22 22
1 22 44 11 33 22 33 22 22 33 44 22 44 22 22
1 23 44 14 32 22 32 23 22 33 44 22 44 23 22
1 23 44 11 32 44 33 22 22 33 44 22 44 23 22
1 22 44 14 32 24 32 22 22 33 44 23 44 23 22
1 23 44 11 32 24 33 23 22 33 44 22 44 22 22
1 23 44 11 32 24 32 23 24 33 44 23 44 23 22
1 22 44 11 32 22 33 23 22 33 44 22 44 23 22
1 23 42 11 33 44 33 23 22 33 44 22 44 23 22
1 22 44 11 33 22 33 22 22 33 44 22 44 22 22
1 22 44 11 33 22 33 22 22 33 44 22 44 22 22
1 23 42 14 32 24 33 23 22 33 41 23 42 23 23
1 22 44 11 32 22 33 23 24 33 44 22 44 23 22
1 22 44 11 33 22 33 22 22 33 44 22 44 22 22
1 23 42 14 32 44 33 33 24 32 41 23 42 23 23
1 23 42 14 32 44 32 23 44 32 41 22 44 23 23
1 22 44 11 33 24 33 22 22 33 41 22 42 22 22
1 23 42 11 32 24 32 23 24 32 41 22 42 23 22
1 22 42 11 33 24 33 23 24 33 44 22 42 23 22
1 23 42 11 33 44 33 23 44 33 44 22 42 33 22
1 23 42 11 32 24 33 23 22 33 44 22 44 23 22
1 23 44 11 33 22 33 22 22 33 41 22 44 22 22
1 22 44 11 22 44 33 22 24 33 44 22 44 23 22
1 23 22 11 33 24 33 23 22 33 41 22 42 23 22
1 22 42 11 22 22 33 22 22 33 44 22 44 22 22
1 22 44 11 33 22 33 22 22 33 44 22 44 22 22
1 22 42 14 33 44 33 23 22 32 41 22 44 33 22
1 23 42 11 32 24 32 23 24 32 44 22 42 23 23
1 23 44 11 32 22 33 22 22 33 41 23 44 23 22
1 23 42 11 32 24 32 23 24 32 41 23 42 23 23
1 22 44 11 32 44 33 23 22 33 41 22 44 23 22
1 23 42 11 33 24 33 23 22 33 41 22 44 22 22
1 23 42 14 32 24 33 23 22 33 41 22 44 23 22
1 22 22 11 22 44 33 23 24 33 44 22 44 23 22
1 23 44 11 22 24 33 23 22 32 41 22 44 23 22
1 23 42 11 22 24 33 23 24 33 41 23 44 23 22
1 23 42 11 32 22 33 23 22 33 44 22 44 33 22
1 23 44 11 32 44 33 33 24 33 11 22 42 33 22
1 33 22 44 22 44 32 33 44 32 11 23 42 33 23
1 23 44 11 32 22 33 22 22 33 44 22 42 33 22
1 23 42 11 22 24 33 23 22 33 41 23 42 23 22
1 23 44 14 32 24 33 23 24 33 41 23 44 23 22
1 22 42 11 32 22 33 23 22 33 44 22 44 23 22
1 23 42 14 32 24 32 23 24 32 41 23 42 23 23
1 23 44 11 33 24 33 22 22 33 44 22 44 22 22
1 22 44 11 33 22 33 22 24 33 44 22 44 23 22
1 22 44 11 33 22 33 22 22 33 44 22 44 22 22
1 23 42 11 33 22 33 22 22 33 41 22 44 23 22
1 22 44 11 33 22 33 22 22 33 44 22 44 22 22
1 23 44 11 33 24 33 22 22 33 44 22 44 23 22
1 23 42 14 32 24 33 23 24 32 41 23 42 23 23
1 23 42 14 32 24 33 23 24 32 41 23 44 23 22
1 23 44 11 32 24 33 22 22 33 41 22 42 23 22
1 22 44 11 32 24 33 22 22 33 44 22 44 23 22
1 33 42 11 22 44 33 23 24 32 41 22 42 33 22
1 22 44 11 33 22 33 22 22 33 44 22 44 23 22
1 23 42 14 32 24 32 23 24 32 41 23 42 23 23
1 22 44 11 33 22 33 22 22 33 44 22 44 23 22
1 22 42 11 33 44 33 22 24 32 44 22 44 23 22
1 33 22 14 22 44 32 33 24 33 11 22 42 33 33
1 22 44 11 32 22 33 22 22 33 44 22 44 22 22
1 23 42 11 33 24 33 23 22 33 44 22 44 23 22
1 22 44 11 33 24 33 22 22 33 44 22 44 22 22
1 23 44 11 33 22 33 22 22 33 44 22 42 22 22
1 33 42 11 22 44 33 33 24 33 44 22 44 33 23
1 22 44 11 33 22 33 22 22 33 44 22 44 22 22
1 22 44 11 33 22 33 22 22 33 44 22 44 22 22
1 23 44 44 22 22 33 23 24 33 41 22 44 22 22
1 23 42 11 32 44 33 23 24 33 44 22 44 23 22
1 22 42 11 33 24 33 22 22 33 44 22 44 22 22
1 23 42 11 32 24 33 22 22 33 44 22 42 23 22
1 33 42 14 22 44 32 33 44 32 41 23 42 33 23
1 23 42 11 33 22 33 33 22 33 44 22 44 33 22
1 33 22 11 32 24 33 33 24 32 41 23 42 33 23
1 33 42 44 22 44 33 22 22 22 41 23 42 33 23
1 33 42 14 32 24 32 23 24 32 41 22 44 23 23
1 33 42 11 32 44 32 23 22 33 11 22 44 33 22
1 33 22 44 32 24 32 23 22 32 41 23 42 33 23
1 23 44 11 32 22 33 22 22 33 44 22 44 22 22
1 22 42 11 33 22 33 23 24 33 44 22 44 22 22
1 22 44 11 33 22 33 22 22 33 44 22 44 22 22
1 22 44 14 32 24 33 22 22 33 44 22 44 22 22
1 22 44 14 32 22 33 23 22 33 44 22 44 23 22
1 23 22 44 32 44 32 33 24 33 11 22 42 33 23
1 22 44 11 33 22 33 22 22 33 44 22 44 22 22
1 23 42 11 32 24 33 22 22 33 41 22 42 33 22
1 22 42 14 32 24 33 23 22 33 11 23 44 23 22
1 23 42 14 32 24 33 23 22 33 41 22 44 23 23
1 22 44 11 33 22 33 22 22 33 44 22 44 22 22
1 22 44 11 33 24 33 22 22 33 44 22 44 22 22
1 23 42 11 32 22 32 22 24 32 44 22 44 23 23
1 23 44 14 32 24 33 23 22 33 44 22 44 23 22
1 22 44 11 33 24 33 22 22 33 41 22 44 22 22
1 22 44 11 33 22 33 23 22 33 44 22 44 23 22
1 22 42 11 32 22 32 33 22 32 41 22 42 23 22
1 22 44 11 33 22 33 22 22 33 44 22 44 22 22
1 33 22 11 22 44 33 23 44 32 11 23 42 33 22
1 22 44 11 33 22 32 22 22 33 44 22 44 23 23
1 23 44 11 22 24 33 23 22 33 41 22 44 33 22
1 23 22 11 32 24 32 23 22 33 41 22 42 33 22
1 33 44 14 22 44 33 23 24 33 41 22 44 33 22
1 33 22 44 22 44 22 33 44 22 11 23 42 33 33
1 22 44 11 33 24 33 22 22 33 44 22 44 22 22
1 22 44 11 33 22 33 22 22 33 44 23 44 22 22
1 22 44 11 33 22 33 22 24 33 44 22 44 23 22
1 22 44 11 33 22 33 22 22 33 44 22 44 22 22
1 23 44 11 32 24 32 23 22 33 44 22 44 23 22
1 23 42 14 32 22 32 23 22 33 44 22 42 23 22
1 33 42 11 32 22 33 23 24 33 41 22 44 33 23
1 22 42 11 32 24 33 23 24 33 44 23 42 33 23
1 23 42 14 22 44 33 23 44 32 41 22 42 23 22
1 22 44 11 33 22 33 22 22 33 44 22 44 22 22
1 22 44 11 33 22 33 22 22 33 44 22 44 22 22
1 22 44 14 32 24 33 22 24 33 44 22 44 23 23
1 23 44 14 22 24 33 23 24 33 41 22 44 33 23
1 22 44 11 33 24 33 22 22 33 44 22 44 23 22
1 22 44 11 32 22 33 23 22 33 44 22 44 22 22
1 22 22 11 32 22 33 23 22 33 44 22 44 33 22
1 23 44 11 33 22 33 22 24 33 44 22 44 23 22
1 23 44 11 32 24 33 23 24 33 41 22 44 23 22
1 22 42 11 33 22 33 22 22 33 44 22 44 23 22
1 22 44 11 32 22 33 22 22 33 44 22 44 22 22
1 33 22 14 22 44 32 33 44 22 11 23 22 33 33
1 23 42 14 32 44 32 33 44 32 41 23 22 33 22
1 23 42 11 32 24 33 23 22 33 44 22 44 33 22
1 22 44 11 33 22 33 22 22 33 44 22 44 22 22
1 23 42 14 32 24 32 23 22 33 44 23 42 33 22
1 22 44 11 33 22 33 22 22 33 44 22 44 22 22
1 22 44 11 33 22 33 22 22 33 44 22 44 22 22
1 33 42 11 33 44 33 33 22 33 44 23 42 33 22
1 23 42 14 32 24 32 23 24 32 41 23 42 33 22
1 22 42 11 32 22 33 23 22 33 44 22 44 22 22
1 23 42 11 32 22 33 22 24 32 44 22 44 23 22
1 22 44 11 32 24 33 22 22 33 44 22 44 22 22
1 22 44 11 33 22 33 22 22 33 44 22 44 22 22
1 22 42 11 32 22 33 22 22 33 44 22 44 22 22
1 23 42 11 32 24 32 23 22 33 44 22 44 23 22
1 23 42 14 32 44 32 23 24 32 41 22 42 23 22
1 33 42 11 32 44 33 22 24 33 44 22 44 23 22
1 22 44 11 22 44 33 22 22 33 44 22 44 23 22
1 23 44 11 32 24 33 23 24 33 41 22 44 23 22
1 22 42 11 33 22 33 22 24 33 44 22 44 23 22
1 22 44 14 32 24 33 23 24 33 41 22 44 23 23
1 23 44 11 32 24 33 23 22 33 41 22 44 23 22
1 22 42 14 32 24 33 23 22 33 41 22 44 23 22
1 23 42 14 32 24 32 22 24 33 41 22 44 23 23
1 23 42 11 32 24 33 23 22 32 41 22 44 23 22
1 23 42 14 32 22 33 23 22 32 41 23 44 22 23
1 23 42 11 32 24 33 22 22 33 44 22 44 23 22
1 23 42 11 32 44 33 22 24 33 44 22 44 23 23
1 23 42 14 22 44 32 33 24 32 41 23 22 23 23
1 23 42 11 32 24 33 23 22 33 44 22 44 23 22
1 22 44 11 33 24 33 22 22 33 44 22 44 22 22
1 22 44 11 33 22 33 22 22 33 44 22 44 22 22
1 23 42 11 32 24 32 23 22 33 41 22 44 33 23
1 22 44 11 33 24 33 23 22 33 44 22 44 22 22
1 22 42 11 32 24 33 22 24 33 44 22 42 23 22
1 22 44 11 33 22 33 23 22 33 41 22 44 22 22
1 22 42 11 32 22 32 22 24 33 44 22 44 23 22
1 23 42 14 22 24 33 33 44 33 41 22 44 33 22
1 22 44 11 32 22 33 23 24 33 44 22 44 22 22
1 23 42 14 22 24 33 23 24 33 41 22 44 23 22
1 23 42 14 32 24 32 23 24 33 41 23 42 23 23
1 23 42 14 32 24 32 23 22 32 41 23 42 23 23
1 23 42 14 32 24 33 23 22 32 41 22 42 23 22
1 23 42 11 32 44 32 33 22 33 41 22 44 33 22
1 23 42 14 32 24 32 23 24 32 41 22 42 23 23
1 22 44 11 33 24 33 23 22 33 41 23 42 23 23
1 23 42 14 32 22 33 23 24 33 41 22 44 23 22
1 22 44 11 33 22 33 22 22 33 44 22 44 23 22
1 22 42 11 33 24 33 22 22 33 44 22 44 22 22
1 22 44 14 22 44 33 23 22 33 44 22 44 33 22
1 22 44 11 32 22 33 23 22 33 44 22 44 22 22
1 23 44 11 32 44 33 33 24 33 41 22 44 23 22
1 33 22 14 32 44 32 33 24 32 41 23 22 33 23
1 22 44 11 32 24 33 23 22 33 41 22 44 23 22
1 23 22 14 22 24 32 23 24 32 41 22 42 33 22
1 23 42 11 32 24 33 23 22 33 41 22 44 23 22
1 33 22 14 22 44 32 33 44 32 44 23 42 33 23
1 22 44 11 33 22 33 22 22 33 44 22 44 23 22
1 23 44 11 33 22 33 22 22 33 44 22 44 22 22
1 22 44 11 33 22 33 22 22 33 44 22 44 22 22
1 23 44 11 32 22 33 23 22 33 44 22 44 23 22
1 23 44 11 32 24 33 23 22 33 41 22 44 23 22
1 22 42 11 33 24 33 23 24 33 44 22 44 23 22
1 23 42 11 32 22 33 22 22 33 44 22 44 23 22
1 23 42 11 32 24 33 23 24 33 41 22 44 23 22
1 22 42 11 33 24 33 22 24 33 44 22 44 22 22
1 23 44 11 33 22 33 22 22 33 44 22 44 22 22
1 22 22 14 32 22 33 22 24 33 11 22 44 23 22
1 22 42 11 22 44 33 33 24 33 41 22 44 33 23
1 33 22 11 22 22 33 22 22 33 44 22 44 23 22
1 22 42 11 32 22 32 23 22 33 41 22 44 33 22
1 23 42 11 33 22 33 22 22 33 44 22 44 23 23
1 23 22 14 32 44 32 33 44 32 41 23 42 33 23
1 22 42 14 32 24 33 23 24 33 41 22 42 33 22
1 33 42 11 32 44 33 22 24 32 41 33 42 33 23
1 23 44 14 32 24 33 23 22 33 41 22 44 23 22
1 23 42 11 32 24 33 22 22 33 44 23 44 23 22
1 22 44 11 33 24 33 22 22 33 44 22 44 23 22
1 22 44 11 33 22 33 22 22 33 44 22 44 23 22
1 22 44 11 33 24 33 22 22 33 44 22 44 22 22
1 22 44 11 33 24 33 22 22 33 44 22 44 33 22
1 23 44 11 33 22 33 22 24 33 41 22 44 22 22
1 23 42 14 33 24 33 22 24 33 41 22 42 23 22
1 22 44 11 22 24 33 22 24 33 44 22 44 23 22
1 23 42 14 32 24 33 23 22 33 41 22 44 23 22
1 23 22 11 32 22 33 23 22 33 41 22 42 33 22
1 23 42 14 32 44 33 23 22 32 41 22 44 33 22
1 23 22 44 22 44 22 33 44 32 41 33 22 33 23
1 33 42 44 32 24 33 33 24 33 41 22 42 33 23
1 23 42 14 22 24 33 23 24 32 11 22 44 33 23
1 33 44 14 32 44 33 23 24 33 41 22 42 33 23
1 22 44 11 32 22 33 22 22 33 44 22 44 22 22
1 22 44 11 33 24 33 22 22 33 44 22 44 23 22
1 22 44 11 32 22 33 23 22 33 44 22 44 23 22
1 22 44 11 33 22 33 22 22 33 44 22 44 23 22
1 22 44 11 33 22 33 22 22 33 44 22 44 22 22
1 23 44 14 22 24 33 23 24 33 44 23 42 33 22
1 22 44 11 32 22 33 22 22 33 44 22 44 23 22
1 23 42 11 32 24 32 22 24 33 41 23 44 23 22
1 23 42 14 32 24 33 22 24 33 41 22 42 23 22
1 22 44 11 22 22 33 22 22 33 44 22 44 22 22
1 22 42 11 32 24 33 22 22 32 41 22 42 33 22
1 22 42 11 32 22 33 23 22 33 44 22 44 23 22
1 22 44 11 33 22 33 23 22 33 44 22 44 22 22
1 22 44 11 33 22 33 22 22 33 44 22 44 22 22
1 23 42 14 32 24 33 23 24 32 41 22 44 23 23
1 33 44 11 22 22 33 23 22 32 44 22 44 33 22
1 33 22 11 22 44 33 33 24 22 11 22 42 33 33
1 22 42 14 32 44 33 23 24 33 11 22 44 33 22
1 22 42 11 22 24 32 23 24 32 41 22 44 33 22
1 22 44 11 32 24 33 23 24 33 44 22 44 23 23
1 23 42 14 32 24 32 22 24 32 41 22 42 23 22
1 22 44 14 33 24 33 22 22 33 44 22 44 23 22
1 23 42 14 33 24 33 23 22 33 44 22 44 23 22
1 22 42 11 32 24 33 23 22 33 41 22 42 23 22
1 23 44 14 32 22 33 23 24 32 41 23 44 33 23
1 22 44 11 33 22 33 23 22 33 44 22 44 23 22
1 22 44 14 32 22 33 23 22 33 44 22 44 23 22
1 23 42 14 22 44 33 23 24 33 41 22 42 23 22
1 33 42 11 32 44 33 23 22 33 41 23 44 33 22
1 33 22 44 32 24 33 33 44 32 41 23 44 33 23
1 22 44 11 33 22 33 22 22 33 44 22 44 22 22
1 22 44 14 33 22 33 22 22 33 44 22 44 22 22
1 33 42 14 32 22 33 33 22 32 44 23 22 33 23
1 23 42 14 32 22 33 23 24 33 41 23 44 23 22
1 22 22 11 32 24 33 22 22 33 44 22 44 33 22
1 22 42 11 33 22 33 22 22 33 44 22 44 22 22
1 22 44 11 32 22 33 23 22 33 44 22 44 23 22
1 23 42 14 32 24 33 23 24 33 41 23 42 23 23
1 23 42 11 22 44 33 23 22 32 41 23 44 23 22
1 22 44 11 33 22 33 22 22 33 44 22 44 22 22
1 23 44 11 33 22 33 22 22 33 41 23 44 23 22
1 23 42 14 22 24 32 23 22 33 41 23 42 23 23
1 22 42 14 32 44 33 23 24 32 41 23 44 22 22
1 33 42 44 32 44 33 33 44 33 41 23 42 33 22
1 22 44 11 32 22 33 23 22 33 44 22 44 23 22
1 22 42 11 32 24 33 23 22 33 44 22 44 23 22
1 23 42 11 32 24 33 23 22 33 41 22 42 23 22
1 33 42 11 22 44 32 33 22 32 41 22 44 33 23
1 22 44 11 33 22 33 22 22 33 44 22 44 22 22
1 23 44 14 33 24 33 23 22 33 44 22 42 23 22
1 23 42 11 32 22 33 23 22 33 44 22 44 33 22
1 33 44 11 22 24 33 22 24 33 44 22 44 23 22
1 23 42 11 33 24 33 23 22 32 44 23 42 23 22
1 23 44 11 32 24 33 23 24 33 41 22 44 23 22
1 23 42 11 32 22 33 22 24 33 41 22 44 22 22
1 23 42 11 32 22 33 23 22 33 44 22 44 23 22
1 33 42 14 22 24 32 33 24 32 41 22 42 33 23
1 22 42 11 32 24 33 23 22 33 44 22 44 23 22
1 23 42 14 22 24 33 23 24 22 41 23 44 33 22
1 33 42 14 22 44 32 33 24 33 41 23 42 33 23
1 22 42 11 33 24 33 22 22 33 44 22 44 23 22
1 33 22 44 22 44 22 33 44 33 11 22 42 33 23
1 22 42 14 32 22 33 23 22 33 44 22 44 23 23
1 22 44 11 32 44 33 22 22 32 44 22 44 23 22
1 22 44 11 33 22 33 22 22 33 41 22 44 22 22
1 22 42 11 22 22 33 23 22 33 44 22 44 23 22
1 33 42 14 22 44 32 33 44 32 41 23 42 33 23
1 22 42 14 32 24 33 33 24 33 41 22 42 33 23
1 33 42 14 32 44 32 23 24 32 41 22 42 33 23
1 22 44 11 33 22 33 22 22 33 44 22 44 22 22
1 23 42 14 32 22 33 23 22 33 41 22 44 33 23
1 23 42 11 22 44 33 33 22 33 44 22 44 23 23
1 23 44 11 33 44 33 33 22 33 44 23 42 33 22
1 23 42 11 32 24 33 23 24 33 44 22 44 23 22
1 22 44 11 32 22 33 22 22 32 41 22 44 22 22
1 23 44 11 33 22 33 22 22 33 44 22 44 23 22
1 33 22 14 32 24 33 23 24 32 41 22 42 23 23
1 23 44 11 33 22 33 22 22 33 44 22 44 33 22
1 23 42 11 32 22 33 23 22 33 44 22 44 23 22
1 23 42 11 33 22 33 23 22 33 41 22 44 23 22
1 23 42 14 32 22 32 23 22 32 41 22 44 23 23
1 22 42 14 32 22 32 23 22 33 41 22 44 23 23
1 23 42 11 32 24 33 23 24 32 41 23 44 23 22
1 23 44 11 32 24 33 22 24 33 44 22 44 23 22
1 22 42 11 33 22 33 22 22 33 41 23 44 22 22
1 23 44 14 32 24 33 23 24 32 41 23 42 33 23
1 22 42 11 32 22 33 23 22 33 44 22 44 22 22
1 22 44 11 32 22 33 22 22 33 44 22 44 22 22
1 23 44 11 32 22 33 22 22 33 44 22 44 22 22
1 23 44 11 33 22 33 22 22 33 44 22 44 22 22
1 22 44 11 33 24 33 22 22 33 41 22 44 23 22
1 23 44 11 33 22 33 22 22 33 44 22 44 22 22
1 33 42 11 32 24 33 23 22 33 41 22 42 23 23
1 22 42 11 32 24 33 23 22 33 41 22 42 23 22
1 23 42 11 22 44 33 33 24 33 11 22 42 33 22
1 23 42 14 32 24 33 23 24 33 44 22 42 23 22
1 23 44 11 33 24 33 22 22 33 44 22 44 22 22
1 23 42 11 32 24 33 22 24 33 41 22 44 23 22
1 23 42 14 22 44 33 23 24 32 41 23 42 23 23
1 22 44 11 32 22 33 22 22 33 44 22 44 23 22
1 33 22 44 22 44 32 33 44 33 11 23 22 33 33
1 22 44 11 33 22 33 22 22 33 44 22 44 22 22
1 23 42 14 32 44 32 33 22 32 41 22 44 23 23
1 23 44 11 32 22 33 23 22 33 44 22 44 22 22
1 23 44 11 32 24 32 23 22 33 41 22 44 23 22
1 23 44 11 33 22 33 22 22 33 44 22 44 22 22
1 33 22 11 32 44 33 33 22 33 11 22 44 33 22
1 23 44 11 33 22 33 23 22 33 44 22 44 23 22
1 22 44 11 33 22 33 22 22 33 44 22 44 22 22
1 22 44 11 33 22 33 22 22 33 44 22 44 22 22
1 23 22 44 32 44 33 22 24 33 41 22 44 23 23
1 22 42 11 22 44 32 23 24 33 41 23 42 33 22
1 22 44 14 32 24 33 23 24 33 44 23 44 23 23
1 22 44 11 33 22 33 23 22 33 44 22 44 22 22
1 22 44 11 33 22 33 23 22 33 44 22 44 22 22
1 33 42 44 32 44 32 33 24 32 41 23 22 33 23
1 23 44 11 22 44 33 23 22 32 44 22 44 33 22
1 23 42 11 22 24 33 23 22 32 11 23 42 33 22
1 22 44 11 33 22 33 22 24 33 44 22 44 22 22
1 23 42 11 32 22 33 23 24 33 44 22 44 23 22
1 22 42 11 32 24 32 33 22 33 44 22 42 33 22
1 23 42 14 22 24 32 23 44 33 41 23 42 33 22
1 33 42 14 33 24 33 23 24 33 11 22 44 23 22
1 23 42 11 32 24 33 23 22 32 44 23 44 33 22
1 22 44 11 32 22 33 22 22 33 44 22 44 22 22
1 23 42 11 32 44 33 33 24 32 11 22 44 33 22
1 22 42 11 32 22 33 23 22 33 41 22 44 22 22
