 rs11574 rs1555025 rs1555026 rs877518 rs2742952 rs2811946 rs10917395 rs2864889 rs12080522 rs2811987 rs7534452 rs6677615 rs2811982 rs2811981 rs12746273 rs2813875 rs12760004 rs10917403 rs10917404 rs1317329 rs1317345 rs2864098 rs7540486 rs7515510 rs2902663 rs6703825 rs7527366
0 44 42 23 44 11 33 44 33 44 11 33 44 11 22 33 44 33 11 33 33 22 22 23 14 44 22 11
0 41 44 23 44 14 31 44 32 44 11 32 41 14 22 33 41 33 13 32 33 23 22 22 11 42 22 14
0 44 44 23 44 11 31 11 33 44 14 33 41 14 22 33 11 33 33 33 33 23 22 33 14 42 24 14
0 44 42 23 41 14 33 41 32 44 14 33 41 14 23 33 41 32 11 33 32 23 23 23 14 42 24 14
0 44 44 33 44 11 31 44 32 44 11 33 44 14 22 33 44 32 11 33 33 22 22 23 11 44 22 14
0 41 42 33 44 44 33 41 32 42 14 32 11 14 23 32 41 32 13 32 32 23 23 33 14 22 24 11
0 44 44 23 44 11 33 44 33 42 11 33 44 44 22 33 44 33 11 33 32 22 23 22 14 44 22 14
0 41 42 23 41 14 31 41 32 42 14 32 41 14 23 32 41 32 13 32 32 23 23 23 14 42 24 14
0 44 42 23 44 14 31 11 32 42 44 32 41 14 23 32 41 32 13 32 33 23 22 23 11 42 24 14
0 44 42 22 44 11 31 41 32 44 11 33 11 14 22 33 41 33 11 32 33 22 22 23 11 42 24 14
0 41 22 33 41 44 31 11 22 22 44 32 41 44 23 22 11 32 33 22 32 33 22 33 44 22 44 44
0 44 42 33 41 11 31 41 33 44 14 33 41 44 22 33 41 33 33 33 32 23 23 23 14 42 24 14
0 44 42 23 44 14 31 41 22 42 14 32 41 44 22 33 41 33 11 32 33 23 22 33 14 42 24 11
0 11 22 33 11 44 11 11 22 42 44 32 11 44 33 32 11 32 33 32 32 33 23 33 44 22 44 44
0 44 44 33 44 11 31 44 33 44 44 33 41 11 22 33 11 33 13 32 33 23 22 33 14 42 24 14
0 44 42 23 44 11 33 44 32 44 14 33 41 11 22 33 41 33 11 33 33 22 22 23 11 44 24 11
0 11 42 33 44 14 11 11 22 42 44 32 11 44 23 32 41 33 33 22 33 23 22 33 44 22 44 14
0 41 42 23 41 11 33 41 32 42 14 33 41 14 22 33 41 33 13 33 33 22 22 23 11 42 24 14
0 44 22 33 41 44 31 44 33 42 14 33 41 14 22 33 41 32 13 33 32 23 23 23 11 42 24 14
0 41 42 33 41 14 31 41 32 44 14 33 41 14 22 32 44 33 13 32 32 23 22 23 11 42 24 11
0 44 22 23 44 11 31 41 33 44 11 33 44 14 22 33 41 32 13 33 33 22 22 22 14 42 22 14
0 41 22 33 41 14 11 41 32 44 14 22 11 14 23 32 41 33 13 32 22 33 22 33 14 42 44 44
0 44 42 22 44 11 33 41 33 44 14 33 44 11 22 33 41 33 11 33 33 22 23 23 14 42 22 11
0 44 42 23 44 11 31 44 33 44 11 33 44 11 23 33 41 33 11 32 33 23 23 22 11 44 24 11
0 44 22 33 41 44 31 41 22 42 44 22 41 44 33 33 11 32 33 22 22 33 33 33 11 22 44 44
0 44 44 23 44 11 33 41 32 44 11 33 44 14 22 33 44 33 13 33 33 23 22 22 11 42 22 14
0 11 22 23 44 44 11 41 32 42 44 33 11 44 22 32 41 33 13 32 32 23 22 33 11 44 24 14
0 41 22 23 41 14 11 41 32 42 14 32 41 14 23 33 41 33 33 32 32 23 22 33 14 42 24 14
0 41 22 23 44 44 31 41 33 44 14 33 44 14 22 33 44 33 13 33 33 22 23 23 11 42 22 11
0 44 42 22 44 14 33 44 32 44 14 33 44 11 22 33 41 33 11 33 33 22 22 22 11 42 22 11
0 44 44 22 44 11 33 44 33 44 11 33 44 11 22 33 44 33 11 33 33 22 23 23 11 44 22 11
0 44 44 22 44 11 33 44 33 44 11 33 44 11 22 33 44 33 11 33 33 22 22 22 11 44 22 11
0 41 44 33 44 11 33 41 32 44 11 33 41 14 23 33 41 32 13 32 32 22 22 23 14 44 24 14
0 41 42 23 41 14 31 11 32 42 14 32 11 14 23 33 11 33 13 33 32 22 23 23 14 42 24 14
0 44 44 22 44 11 33 41 33 44 11 33 41 14 22 33 44 33 11 33 33 22 22 22 11 44 22 11
0 11 22 33 44 11 33 11 22 44 44 22 44 44 22 22 41 33 13 32 32 23 23 23 14 42 22 44
0 44 44 22 44 11 33 41 32 44 14 33 44 11 22 33 44 33 13 33 33 23 22 23 14 44 24 14
0 44 22 23 44 14 31 41 22 44 11 33 41 44 23 33 11 33 13 32 32 23 22 33 44 42 24 11
0 44 44 23 44 14 33 44 33 44 11 33 41 11 22 33 44 33 13 33 33 22 22 22 11 44 22 11
0 41 44 23 44 11 31 41 32 44 14 33 44 14 22 33 41 33 13 32 33 23 23 23 14 44 24 14
0 44 44 22 44 11 31 41 33 44 11 32 41 11 23 33 44 33 11 33 33 22 22 22 11 44 24 11
0 44 44 22 44 11 33 44 33 44 11 33 44 11 22 33 44 33 11 33 33 22 22 23 11 44 22 11
0 41 42 23 41 11 33 41 32 42 14 33 41 14 22 33 41 32 13 32 33 23 22 23 14 42 24 14
0 44 42 22 44 11 31 44 33 44 14 33 44 11 22 33 41 33 11 33 33 22 23 23 11 44 24 14
0 44 22 33 41 14 33 41 32 44 14 33 41 14 22 33 11 33 33 32 32 33 22 33 14 42 24 44
0 44 22 23 44 14 33 41 33 44 11 33 41 14 22 33 41 33 13 33 33 33 22 22 11 44 22 14
0 41 22 23 41 14 11 11 22 42 14 32 11 14 23 32 11 32 13 32 32 33 23 23 14 22 24 44
0 44 42 22 44 14 33 41 32 44 44 33 44 14 22 33 41 33 11 33 33 22 22 23 11 42 22 11
0 44 44 22 44 11 33 44 33 44 11 33 44 11 22 33 44 33 11 33 33 23 22 22 11 44 22 11
0 44 22 22 44 11 33 44 32 44 11 33 44 14 22 33 41 33 13 33 33 23 22 22 14 44 22 11
0 44 42 23 44 11 31 41 33 44 11 33 41 14 22 33 41 32 13 33 33 22 23 33 11 22 24 14
0 41 42 23 41 14 31 41 32 42 14 32 41 14 23 32 41 32 13 32 32 23 23 23 14 42 24 14
0 44 42 23 44 14 31 44 33 44 14 32 41 14 22 32 44 33 13 32 32 23 23 23 14 42 24 14
0 44 44 33 44 11 31 41 33 44 11 32 11 44 22 33 44 33 11 33 33 22 23 33 14 22 22 44
0 44 42 22 44 11 33 44 32 42 14 33 41 11 22 33 41 33 11 33 33 22 22 22 11 44 22 11
0 44 44 22 44 11 33 44 33 44 11 33 44 11 22 33 44 33 11 33 33 22 22 23 11 44 22 11
0 44 42 23 44 14 33 41 32 42 14 33 41 14 22 33 41 33 13 32 32 22 23 23 11 42 24 14
0 44 42 33 44 14 31 41 32 42 14 32 41 14 22 33 11 33 11 32 33 22 22 33 14 22 22 44
0 41 22 33 44 14 33 11 32 42 44 33 11 14 23 32 41 33 13 33 33 23 22 22 44 22 24 14
0 44 44 23 44 14 31 44 32 42 14 32 11 44 23 33 44 32 13 33 33 23 22 23 14 42 24 11
0 44 42 23 44 14 33 44 33 42 14 33 41 14 22 33 44 33 13 33 33 23 22 33 14 42 22 11
0 44 22 23 41 14 31 41 22 44 44 32 11 44 23 32 11 33 33 33 32 23 22 33 14 22 44 14
0 44 44 23 44 11 33 41 33 44 11 33 41 44 22 33 11 33 13 33 33 22 22 23 11 44 24 11
0 44 44 22 44 11 33 44 33 44 11 33 44 11 22 33 44 33 11 33 33 22 22 22 11 44 22 11
0 44 22 23 44 11 33 44 33 44 11 33 44 11 22 33 41 33 13 33 33 23 22 33 44 44 24 11
0 41 42 23 44 14 31 41 32 44 11 32 41 14 23 32 41 33 13 32 32 23 22 33 11 42 24 14
0 44 44 23 44 14 31 44 33 44 11 33 44 11 22 33 41 33 13 33 33 22 22 33 11 42 24 44
0 44 44 23 44 11 33 41 22 42 14 33 44 14 22 33 41 33 11 33 33 23 22 23 11 22 24 14
0 44 44 22 44 11 33 44 33 44 11 33 44 11 22 33 44 33 11 33 33 22 22 22 11 44 22 11
0 44 42 23 44 11 31 44 33 42 14 33 41 44 22 33 41 33 13 32 33 23 22 33 11 42 44 14
0 44 42 33 41 14 33 44 33 44 14 33 44 14 22 33 41 33 13 33 33 23 22 23 11 42 22 14
0 44 42 23 44 14 33 44 33 42 11 33 44 11 22 33 41 33 11 33 33 23 22 22 11 44 22 11
0 44 22 33 41 11 11 11 32 42 44 33 41 14 22 33 41 32 13 33 32 23 22 23 14 42 24 14
0 44 42 23 44 14 33 44 33 44 14 33 44 44 22 33 41 33 11 33 33 22 22 33 11 42 22 14
0 44 22 23 41 44 31 11 22 44 44 33 11 14 22 32 44 32 13 33 32 23 22 33 14 42 44 14
0 44 42 23 44 44 33 41 33 44 44 33 44 44 22 33 41 33 13 33 33 22 22 23 11 44 24 14
0 44 44 23 44 11 33 44 33 44 11 33 44 11 22 33 44 33 11 33 33 22 22 22 11 44 22 11
0 41 44 23 44 14 33 44 33 44 14 33 44 14 22 33 44 33 11 32 33 23 22 23 11 42 24 14
0 41 42 23 41 14 31 41 32 44 14 33 41 14 22 32 41 32 13 32 32 23 23 23 14 42 24 14
0 41 42 22 41 14 33 41 32 42 14 32 41 14 23 32 41 32 13 32 32 23 22 23 14 42 22 14
0 44 42 23 44 11 31 41 32 44 11 33 41 14 22 33 41 33 11 32 32 23 22 22 14 42 24 14
0 41 42 33 44 14 33 11 22 44 44 22 41 14 33 32 11 32 33 32 22 23 23 33 44 42 44 14
0 41 42 23 44 11 33 41 32 44 14 33 44 14 22 33 44 33 11 33 32 23 22 23 11 44 24 14
0 44 22 23 41 14 11 41 22 42 44 33 11 44 22 33 41 33 13 32 32 33 22 33 14 44 22 14
0 44 44 22 44 11 33 44 33 44 14 33 41 14 22 33 41 33 33 33 33 23 22 23 11 44 22 14
0 11 22 23 41 44 11 41 32 42 44 33 11 44 23 33 11 33 33 22 33 23 22 23 44 22 44 14
0 41 22 23 44 14 31 11 22 42 14 32 11 14 22 33 11 33 13 22 33 33 22 33 14 22 24 14
0 44 42 23 44 11 31 44 32 44 14 33 41 14 22 32 44 33 13 33 33 22 22 23 11 42 24 11
0 44 42 23 44 11 31 41 33 42 11 33 44 11 22 33 41 33 13 33 33 22 22 23 11 44 22 14
0 11 22 33 41 14 31 41 32 42 44 32 11 44 23 32 41 32 13 32 32 23 22 33 44 22 22 44
0 44 44 22 44 11 33 44 33 44 11 33 44 11 22 33 44 33 11 33 33 22 22 22 11 44 22 11
0 44 44 22 44 11 33 44 33 44 11 33 44 11 22 33 44 33 11 33 33 22 22 22 11 44 22 11
0 44 44 23 44 11 33 41 32 44 11 33 44 11 22 33 44 33 11 33 33 22 22 23 11 44 22 14
0 44 22 33 44 44 31 44 32 44 14 33 41 14 22 33 41 33 33 32 33 23 22 33 11 44 22 11
0 44 22 33 41 14 11 11 32 42 44 32 41 14 22 33 11 32 33 32 33 33 22 23 14 22 44 14
0 44 42 33 44 14 33 44 32 44 14 33 41 14 22 33 41 33 11 33 32 23 23 23 14 22 22 11
0 11 42 33 44 11 31 41 22 44 14 33 44 44 22 33 11 33 13 22 33 23 22 33 44 42 22 44
0 44 44 22 44 11 33 41 33 44 14 33 41 14 22 33 44 32 11 33 33 22 22 23 11 44 22 44
0 44 42 23 41 14 33 41 32 44 14 32 41 44 23 33 41 33 13 33 32 22 22 22 14 44 24 11
0 44 44 23 44 11 31 44 33 44 14 33 44 11 22 33 44 33 11 33 33 22 22 22 11 44 22 11
0 44 42 23 44 11 31 44 33 42 11 33 41 14 22 32 41 32 13 32 32 22 23 23 11 42 24 11
0 44 42 23 44 11 31 44 32 44 11 33 41 11 22 33 44 33 11 32 33 23 22 23 14 42 24 11
0 41 22 33 41 14 31 41 33 42 44 33 41 44 23 33 44 32 33 33 32 33 22 33 14 22 22 11
0 44 42 23 44 14 31 41 33 44 11 33 44 11 23 33 41 33 13 33 33 22 22 23 14 44 24 14
0 44 44 22 44 11 33 44 33 44 11 33 44 11 22 33 41 33 11 33 33 22 22 22 11 44 22 11
0 41 22 33 41 11 31 44 32 44 44 33 41 11 22 33 11 33 11 32 33 33 22 23 11 42 24 11
0 44 42 22 44 14 33 41 32 44 14 33 44 14 22 33 44 32 13 33 33 22 22 22 14 44 24 14
0 44 44 23 44 14 33 44 33 44 11 33 44 14 22 33 44 32 11 33 33 22 22 23 11 44 24 11
0 44 42 23 44 14 31 41 32 42 14 33 44 14 22 33 41 32 33 33 32 23 23 23 11 42 24 11
0 44 44 23 44 14 33 44 33 44 11 33 44 14 22 33 44 33 11 33 33 22 22 22 11 44 22 14
0 44 22 23 44 11 33 44 33 42 11 33 44 11 22 33 44 33 13 33 33 23 22 22 11 44 24 11
0 44 42 23 44 11 33 44 33 44 14 33 41 11 22 33 44 33 11 33 33 23 22 23 14 42 22 14
0 41 42 23 44 11 33 41 33 44 14 33 41 14 22 33 44 33 11 33 33 22 22 22 11 44 22 11
0 41 22 23 44 44 31 11 32 44 11 33 41 44 22 33 44 32 11 33 33 33 22 33 11 44 44 11
0 44 42 22 44 11 33 44 33 44 11 33 44 11 22 33 44 33 13 33 33 22 22 22 11 44 22 11
0 41 22 23 41 14 31 41 22 44 44 33 11 44 22 32 44 22 33 22 22 33 22 33 11 42 24 44
0 44 42 23 41 14 31 41 32 42 14 32 41 14 23 33 41 32 13 32 32 23 22 23 11 42 24 14
0 41 22 33 41 44 31 11 22 42 44 22 11 44 33 22 11 22 33 22 32 33 23 33 44 22 44 44
0 44 22 33 44 14 31 41 32 44 14 33 41 14 23 33 41 33 13 22 33 23 22 33 11 22 44 14
0 41 22 23 41 14 33 41 22 44 14 33 41 14 22 33 44 33 11 33 33 23 22 23 11 42 24 14
0 44 42 23 44 11 33 44 32 44 14 33 41 14 22 33 44 33 13 33 33 23 22 22 11 42 24 11
0 41 22 23 44 11 33 44 32 44 11 33 44 14 22 33 41 33 11 33 33 22 22 23 14 42 22 14
0 44 42 23 44 11 33 44 33 44 11 33 44 11 22 33 44 33 11 33 33 22 22 23 11 42 24 11
0 41 42 23 41 14 31 41 32 44 14 33 41 14 22 32 41 32 13 32 32 23 23 23 14 42 24 14
0 44 42 23 44 14 31 41 32 44 14 32 41 14 22 33 41 33 11 33 33 22 22 23 11 42 24 14
0 44 22 23 44 14 31 44 22 44 11 32 41 14 22 33 44 33 13 32 33 22 22 33 11 44 44 14
0 41 42 23 44 14 31 41 22 44 44 33 41 14 22 33 41 33 13 33 32 23 23 33 44 42 22 14
0 44 42 23 44 44 31 41 32 42 14 33 11 44 22 32 44 33 13 33 33 22 22 33 44 42 22 44
0 41 42 33 41 14 33 41 22 44 44 33 41 44 23 32 11 33 33 33 33 23 22 33 14 44 24 44
0 44 42 33 41 44 31 41 32 42 14 33 41 14 23 32 41 32 13 32 32 23 23 23 14 42 24 44
0 41 42 23 41 14 31 41 32 44 14 32 44 14 22 33 41 32 13 33 33 23 22 23 14 42 22 14
0 44 42 23 44 14 31 41 32 44 11 33 44 14 22 33 41 33 13 32 33 22 23 23 11 44 22 14
0 44 22 33 44 44 33 41 22 44 44 22 11 11 33 33 11 33 13 33 33 33 22 33 14 42 44 14
0 44 42 33 41 44 31 11 22 44 14 32 41 44 22 22 11 32 13 32 32 33 23 33 44 22 44 14
0 44 44 23 44 11 31 44 33 44 11 33 41 11 22 33 44 33 11 33 33 23 22 22 11 44 22 11
0 44 42 23 44 14 33 41 33 42 14 33 11 14 22 33 44 33 13 33 33 23 22 22 11 44 24 14
0 44 22 33 44 14 31 41 32 44 14 33 11 44 23 22 11 22 33 33 32 33 23 23 44 22 44 44
0 41 42 23 41 14 31 41 32 42 44 32 41 14 23 32 41 32 13 32 32 23 23 23 14 22 24 44
0 11 42 33 44 11 31 41 32 44 44 33 11 14 22 32 41 32 33 32 33 23 23 33 14 42 24 11
0 11 22 33 41 14 31 11 22 42 44 32 11 14 23 33 11 32 33 22 32 23 23 33 44 22 44 44
0 41 22 33 44 44 31 11 33 22 44 33 41 44 23 33 11 33 13 22 32 33 22 23 11 22 44 44
0 44 44 22 44 11 33 44 33 44 11 33 44 14 22 33 44 33 11 33 33 22 22 23 14 44 22 11
0 41 22 33 41 14 31 41 32 44 14 32 41 14 22 32 41 32 13 32 33 23 22 23 14 42 44 14
0 41 22 23 41 14 31 41 32 42 14 32 41 14 23 33 41 32 13 32 32 23 23 23 14 42 24 14
0 44 44 22 44 11 33 44 33 44 11 33 44 44 22 33 41 33 11 33 33 22 22 23 11 44 22 11
0 44 42 33 44 14 31 44 33 44 14 32 44 14 22 33 41 32 33 33 33 22 22 33 14 42 24 14
0 11 44 22 44 11 33 44 33 44 11 33 44 11 22 33 44 33 11 33 33 22 22 22 11 44 22 14
0 44 42 23 44 11 33 41 33 44 14 33 41 14 22 33 41 33 13 33 33 22 22 22 14 44 22 14
0 44 42 33 41 14 33 11 22 42 14 32 41 14 22 33 41 33 33 22 32 23 23 33 14 22 24 11
0 44 44 22 44 11 33 44 33 44 11 33 44 11 22 33 44 33 11 33 33 22 22 22 11 44 22 11
0 44 42 22 44 11 33 44 32 44 11 33 44 11 22 33 41 33 11 33 32 22 22 23 14 42 22 14
0 41 42 23 44 14 33 41 32 42 14 33 44 14 23 33 41 32 13 32 33 23 22 23 14 42 24 14
0 41 42 33 41 14 31 41 22 42 44 32 11 44 23 33 11 32 33 32 32 33 33 23 14 22 44 14
0 44 44 23 44 11 33 44 33 44 11 33 44 11 22 33 44 33 13 33 33 22 22 23 11 44 24 14
0 44 44 22 44 11 33 44 32 44 11 33 44 11 22 33 44 33 11 33 33 22 22 22 11 44 22 11
0 44 22 22 44 14 33 44 32 44 14 33 44 14 23 33 41 33 13 33 33 23 22 23 11 42 44 14
0 44 44 22 44 11 33 44 33 44 11 33 44 14 22 33 41 33 11 33 33 22 22 22 11 44 22 11
0 44 44 23 44 11 33 44 33 44 11 33 44 11 22 33 41 33 13 33 33 23 22 22 11 42 24 11
0 44 44 33 44 11 31 44 33 44 11 33 41 11 22 33 44 33 11 33 33 22 22 22 14 44 24 14
0 44 44 22 44 14 33 41 32 42 14 33 41 14 22 33 41 32 11 33 32 22 22 23 14 42 24 11
0 41 22 33 44 44 11 41 22 42 44 33 11 44 22 33 11 32 13 32 22 23 23 33 44 22 44 14
0 44 42 23 41 14 31 41 32 44 14 33 41 11 23 33 41 32 11 33 33 23 22 22 14 42 22 14
0 44 44 22 44 11 33 44 33 44 14 33 44 11 22 33 44 33 11 33 33 22 22 22 11 44 22 14
0 44 42 22 44 11 33 44 33 44 11 32 44 14 22 33 44 33 11 33 33 22 22 23 11 42 22 14
0 44 44 23 44 11 33 44 33 42 11 33 44 14 22 33 44 33 11 33 33 22 22 23 11 44 22 11
0 44 44 22 41 11 33 44 33 44 11 33 44 11 22 33 44 33 11 33 33 22 22 22 11 44 22 11
0 44 42 22 44 11 33 44 33 44 11 33 44 11 22 33 44 33 33 33 33 22 22 23 11 44 22 14
0 44 42 23 44 11 33 44 33 44 44 33 41 11 22 33 41 33 13 33 33 23 22 33 14 44 24 11
0 44 44 23 44 11 33 41 33 44 11 33 44 11 22 33 44 33 11 32 33 22 22 23 14 44 22 11
0 41 22 33 41 14 11 44 32 44 14 33 41 14 22 33 11 32 13 33 32 23 22 33 44 22 44 44
0 44 42 23 44 14 33 44 32 44 14 32 44 44 22 33 44 32 11 33 32 23 22 22 14 44 44 11
0 44 42 23 44 11 31 44 33 44 14 33 41 14 22 33 41 33 13 32 33 23 22 23 14 22 24 14
0 41 42 33 44 11 31 44 32 44 11 33 44 14 22 32 44 32 11 33 33 22 22 23 11 42 22 11
0 44 44 33 41 14 11 41 33 44 14 33 11 11 22 33 41 33 13 32 33 23 22 23 44 42 22 14
0 44 44 22 44 11 33 41 32 44 11 33 44 11 22 33 41 33 11 33 33 22 22 23 11 42 22 11
0 44 44 23 41 14 11 44 32 44 14 33 44 14 22 33 41 33 11 33 32 23 22 22 14 44 22 44
0 44 42 33 44 14 11 41 32 44 14 33 41 14 22 32 41 33 13 32 33 23 23 22 11 42 22 14
0 44 44 23 41 11 31 44 33 44 11 33 41 11 22 33 44 33 11 33 33 22 22 22 11 44 22 14
0 11 22 23 44 44 11 41 22 42 14 33 11 44 23 22 11 32 33 32 33 23 22 33 44 42 44 11
0 44 22 23 44 14 31 41 33 42 44 33 41 44 23 33 44 33 13 22 33 23 23 33 14 42 44 44
0 41 42 33 44 44 11 41 32 42 14 33 41 44 23 32 41 22 11 33 32 23 23 33 14 42 44 14
0 44 44 23 44 11 33 44 33 44 11 33 44 11 22 33 44 33 11 33 33 22 22 22 11 44 24 11
0 44 22 23 44 11 31 44 33 44 14 33 41 44 23 33 41 33 13 33 33 22 22 23 11 44 22 14
0 41 22 33 44 14 11 11 22 42 44 32 11 14 22 32 41 33 33 33 33 33 23 23 14 42 44 11
0 44 42 23 44 14 33 11 32 44 44 33 41 44 23 33 44 33 11 33 33 22 22 33 11 22 22 11
0 44 42 33 44 14 31 41 32 42 14 33 11 44 22 33 41 33 11 33 32 23 22 33 11 22 22 14
0 41 42 33 41 44 11 41 32 44 11 33 41 14 22 32 41 33 13 22 33 23 22 23 14 42 44 14
0 44 42 22 44 14 33 44 32 44 14 33 44 11 22 33 41 33 11 33 33 22 22 22 14 44 22 11
0 44 42 23 44 11 33 41 32 44 14 33 41 11 22 33 11 33 11 33 33 22 22 22 11 44 22 11
0 44 44 23 44 11 33 41 33 42 14 33 44 11 22 33 41 33 13 33 33 22 22 23 14 42 24 14
0 44 44 23 41 11 33 41 33 42 11 32 44 14 23 33 44 33 13 33 33 23 22 23 14 42 24 14
0 41 22 33 44 14 31 11 32 42 14 32 11 14 22 32 11 33 13 32 32 23 22 33 14 42 24 44
0 44 44 23 44 11 33 44 32 44 11 33 44 14 22 33 44 33 13 33 33 33 22 22 11 44 22 11
0 41 22 23 44 11 31 41 32 44 14 22 41 14 22 33 41 33 11 33 33 23 23 23 11 22 22 11
0 44 44 22 44 14 31 44 32 44 11 33 41 14 22 33 44 33 13 33 33 23 22 23 11 44 22 14
0 44 22 23 44 11 33 44 33 44 11 33 41 11 22 33 44 33 11 33 33 23 22 33 11 44 22 11
0 44 42 33 44 14 31 41 32 44 14 32 41 11 22 33 41 33 13 32 33 22 22 33 44 42 24 14
0 44 44 22 44 11 33 44 33 44 11 33 44 11 22 33 44 33 11 33 33 22 22 23 11 44 22 11
0 44 42 23 44 11 31 41 33 44 44 33 41 14 22 33 44 33 11 33 33 23 22 23 14 42 24 11
0 44 44 22 44 11 33 44 33 44 14 33 44 11 22 33 44 33 11 33 33 22 22 22 11 44 22 11
0 44 42 23 44 14 31 41 32 44 44 33 41 44 22 32 44 32 13 32 33 22 22 33 11 42 22 14
0 41 42 23 44 14 31 41 32 42 14 32 41 14 23 32 41 32 13 32 32 23 22 23 14 42 44 14
0 41 22 23 44 14 31 44 33 44 14 33 41 14 23 33 41 32 11 33 32 33 22 33 14 42 44 14
0 41 22 33 41 44 11 11 22 44 44 33 11 44 23 32 11 33 33 32 22 33 22 33 44 22 24 14
0 41 44 23 41 14 31 44 32 42 14 33 44 14 22 33 41 33 13 33 33 22 22 23 14 42 24 44
0 44 42 22 44 11 33 44 33 44 11 33 41 11 22 33 44 33 11 33 33 22 22 22 11 42 22 11
0 44 42 23 41 14 31 41 32 42 14 32 41 14 23 33 41 32 13 32 33 23 22 23 14 22 24 11
0 41 42 23 44 14 31 41 32 44 11 33 41 14 22 33 41 33 11 33 33 22 22 22 14 44 24 14
0 44 42 33 44 14 33 41 32 42 14 33 41 14 22 33 41 32 11 33 33 33 22 33 14 42 22 11
0 44 42 23 44 14 33 41 32 44 14 33 44 14 22 32 44 32 11 33 33 23 22 23 14 44 22 14
0 44 44 23 44 14 31 44 33 44 14 33 41 11 22 33 44 33 11 33 33 22 22 22 11 44 24 44
0 44 22 22 41 11 31 41 32 44 44 33 11 44 23 33 41 33 13 33 33 23 23 23 14 42 24 14
0 41 22 33 41 14 31 41 22 42 44 32 41 44 23 32 11 32 33 32 32 23 23 23 14 42 24 14
0 44 44 23 44 14 33 41 32 44 14 33 41 11 22 33 44 33 11 32 33 22 22 23 14 42 22 11
0 44 44 22 44 11 33 44 33 44 11 33 41 11 22 33 44 33 11 33 33 22 22 22 11 44 22 11
0 41 22 23 41 14 31 41 32 42 14 33 41 44 23 33 41 32 13 22 32 23 23 23 14 22 24 14
0 44 42 23 44 14 31 41 32 44 14 33 41 44 22 33 41 32 13 33 33 22 23 23 11 42 22 11
0 41 22 33 44 11 33 41 33 44 14 33 11 44 22 33 41 33 13 32 33 23 22 33 11 42 44 14
0 44 44 22 44 14 33 44 33 44 11 33 44 11 22 33 44 33 13 32 33 22 22 23 11 44 22 11
0 44 44 22 44 11 33 44 33 44 11 33 44 11 22 33 44 33 11 33 33 22 22 22 11 44 22 11
0 44 44 23 44 11 33 44 33 44 11 33 44 11 22 33 44 33 11 33 33 22 22 23 11 44 22 11
0 44 42 22 44 11 33 41 33 44 11 33 44 44 22 33 41 33 11 33 33 22 22 23 44 44 24 14
0 44 44 23 44 11 33 44 33 44 11 33 44 14 22 33 41 33 11 33 32 22 22 33 14 44 24 11
0 41 42 33 41 14 31 41 32 44 14 33 41 44 22 33 41 33 13 33 33 33 23 33 14 22 44 11
0 44 42 33 44 11 33 44 33 44 11 33 44 11 22 33 41 33 13 33 33 22 22 33 11 42 24 11
0 44 42 23 44 11 33 41 22 44 14 33 44 14 22 33 44 32 11 33 33 23 22 23 11 42 24 14
0 41 42 22 44 14 33 41 32 42 14 32 41 14 23 33 41 32 13 32 33 23 22 23 14 42 24 14
0 41 42 23 44 14 31 41 32 44 11 33 11 14 23 33 41 33 11 33 33 33 22 23 11 22 24 11
0 41 22 33 44 14 33 41 22 42 44 32 11 44 22 33 41 22 33 32 33 23 22 33 14 42 44 14
0 44 44 33 41 14 11 41 32 44 14 33 44 44 22 33 11 33 11 33 33 22 22 22 11 42 44 14
0 44 44 22 44 14 33 44 33 44 11 33 44 11 22 33 44 33 11 33 33 23 22 23 11 44 22 11
0 44 42 22 44 11 33 44 33 44 11 32 41 14 22 33 44 33 13 33 33 23 22 22 11 44 22 11
0 44 44 22 44 11 33 44 33 44 11 33 44 11 22 33 44 33 11 33 33 22 22 22 11 44 22 11
0 41 44 33 44 14 31 41 32 44 14 33 44 14 22 32 41 32 13 33 33 33 22 33 14 42 22 44
0 11 22 33 11 44 11 11 22 22 44 32 11 44 33 22 11 32 33 22 32 33 33 33 44 22 44 44
0 44 42 23 44 11 31 41 33 44 14 33 41 14 22 33 41 33 33 33 32 22 22 23 14 42 24 14
0 44 44 22 44 11 33 44 33 44 11 33 44 14 22 33 44 33 11 33 33 22 22 22 14 44 22 11
0 41 22 33 41 11 31 44 33 44 14 32 41 14 22 33 41 33 11 33 32 23 22 33 11 22 24 11
0 44 44 22 44 11 33 44 33 44 11 33 44 14 22 33 44 33 11 33 33 22 22 22 11 44 22 11
0 44 42 22 44 11 33 44 33 44 11 33 44 11 22 33 44 33 11 33 33 22 22 23 11 44 22 11
0 44 42 23 44 11 33 44 33 44 11 33 41 14 22 33 44 33 13 33 33 23 22 22 11 44 22 11
0 44 42 23 44 11 33 44 33 44 11 33 44 11 22 33 41 33 13 33 33 22 22 22 11 44 24 11
0 44 42 33 41 14 31 41 22 42 14 32 41 14 22 33 41 33 11 33 33 23 23 23 14 44 22 14
0 44 42 23 44 44 31 11 22 44 14 33 44 14 22 33 41 32 11 33 33 22 23 23 11 44 24 11
0 44 42 23 44 14 31 44 32 44 14 33 44 14 22 33 44 32 13 33 33 23 22 23 11 44 22 14
0 44 22 23 41 14 33 44 32 44 11 33 41 14 22 33 44 33 13 33 33 23 22 23 14 44 44 11
0 44 44 22 44 11 33 44 33 44 11 33 44 11 22 33 44 33 11 33 33 22 22 22 11 44 22 11
0 41 42 23 41 14 31 41 32 44 14 33 41 14 23 32 41 32 13 32 32 23 23 33 14 42 24 14
0 41 42 23 44 14 31 41 32 44 11 33 41 14 23 33 41 32 13 33 33 23 22 23 14 42 24 14
0 44 42 22 44 14 31 44 32 44 11 33 44 11 22 33 44 33 11 33 33 22 22 33 11 42 22 11
0 44 44 22 44 11 33 44 33 44 11 33 44 11 22 33 44 33 13 33 33 22 22 23 11 44 22 11
0 44 42 23 44 14 31 41 22 44 11 33 44 11 22 33 44 33 13 33 33 23 22 23 11 42 22 11
0 44 44 23 41 11 31 44 33 44 14 32 41 14 22 33 41 33 11 33 33 23 22 22 11 44 22 11
0 41 22 23 44 14 33 11 32 44 14 33 44 11 22 33 41 33 13 33 33 23 22 23 14 42 24 14
0 44 22 33 44 14 33 41 32 44 44 33 41 14 22 33 11 33 33 32 33 23 22 22 11 42 24 11
0 44 44 22 44 11 33 44 33 44 11 33 41 14 22 33 44 33 11 33 33 22 22 22 11 44 24 14
0 44 42 23 44 14 31 44 22 44 44 33 11 14 23 32 44 33 11 33 33 23 22 22 11 42 24 14
0 44 42 23 44 14 31 44 32 44 11 33 41 11 22 33 41 32 11 33 33 23 22 23 11 42 24 11
0 44 44 23 44 11 33 44 33 44 11 33 44 14 22 33 44 33 11 33 33 23 22 23 14 44 24 14
0 44 42 23 44 11 33 41 32 44 11 33 44 14 22 33 41 33 11 33 33 22 22 23 11 44 22 11
0 44 44 22 44 11 33 44 33 44 11 33 41 14 22 33 41 33 11 33 33 22 22 22 11 44 22 11
0 44 42 22 44 11 33 44 33 44 11 33 44 11 22 33 44 33 11 33 33 22 22 22 11 44 22 11
0 44 42 23 44 14 11 41 32 42 14 33 41 14 22 32 41 33 13 33 33 23 22 33 14 22 24 14
0 44 44 22 44 11 33 44 33 44 14 33 44 11 22 33 41 33 11 33 33 22 22 22 11 44 24 14
0 44 42 23 44 14 31 41 33 42 14 33 41 14 22 33 41 32 13 33 33 23 22 23 14 42 24 14
0 44 42 23 41 14 31 41 33 42 11 33 41 14 22 32 44 33 13 32 33 23 22 23 14 42 22 11
0 44 42 23 44 14 31 41 32 42 14 32 11 44 23 32 41 32 33 32 32 33 22 33 14 42 24 44
0 44 42 23 44 11 33 44 32 44 11 33 44 11 22 33 44 33 11 32 33 23 22 22 14 44 22 11
0 41 22 33 44 14 31 41 32 42 14 33 41 44 23 32 41 32 13 22 33 23 22 33 14 42 24 14
0 44 44 22 44 11 33 44 33 44 11 33 44 11 22 33 44 33 11 33 32 22 22 22 11 44 22 14
0 44 44 22 44 11 33 41 33 44 11 33 41 14 22 33 41 33 13 32 33 22 22 23 11 42 22 11
0 44 42 23 44 14 33 44 33 44 14 33 41 11 22 33 41 33 11 33 33 23 22 23 11 42 22 44
0 44 44 22 44 11 31 44 33 44 14 33 44 14 22 33 41 33 11 33 32 23 22 23 11 44 22 14
0 44 44 22 44 11 33 44 33 44 11 33 44 11 22 33 44 33 11 33 33 23 22 22 11 44 22 11
0 44 42 23 44 14 31 41 32 44 14 32 41 14 23 32 41 33 13 32 33 23 23 23 14 42 22 14
0 44 22 33 44 11 33 41 33 44 11 33 41 44 22 33 44 33 11 33 33 22 22 23 11 42 22 11
0 44 42 23 44 14 33 41 33 44 14 33 44 14 22 33 41 32 13 33 32 22 23 23 11 42 24 11
0 44 42 23 44 11 31 41 32 44 14 33 44 14 22 32 41 33 11 33 33 23 22 23 11 44 22 14
0 41 42 33 44 14 33 44 32 44 14 32 11 44 22 33 41 33 13 32 32 23 22 33 14 44 44 14
0 41 42 23 41 44 11 41 32 44 14 32 41 44 23 32 41 32 13 32 33 33 22 33 14 42 44 14
0 44 42 23 44 14 31 41 33 44 11 33 44 14 22 33 41 33 11 33 33 23 22 33 11 42 22 14
0 11 22 23 44 14 11 44 32 44 44 22 11 44 22 33 11 33 33 33 33 33 22 33 14 22 24 14
0 44 42 23 44 11 33 41 32 44 14 33 44 44 22 33 41 33 11 33 33 22 22 33 14 44 22 11
0 44 42 23 44 14 33 44 32 44 14 33 41 11 23 33 41 33 11 33 33 22 22 33 11 42 24 11
0 41 42 23 44 14 31 41 32 42 14 32 41 14 23 32 41 32 13 32 32 23 22 23 14 42 24 14
0 44 42 23 44 11 31 41 32 44 11 33 41 11 22 33 41 33 11 33 33 23 22 22 11 42 22 11
0 44 44 23 44 11 33 44 33 44 11 33 44 14 22 33 11 33 13 33 33 22 22 23 11 44 24 11
0 41 42 23 44 14 11 41 32 42 44 33 44 11 22 33 44 33 13 32 32 23 22 33 14 22 24 14
0 44 22 23 44 14 11 44 32 44 14 32 44 14 23 33 11 33 33 33 33 22 22 22 11 42 24 11
0 44 44 22 44 11 33 41 33 44 14 33 41 11 22 33 44 33 11 33 33 22 22 23 11 44 22 11
0 44 42 22 44 14 33 41 32 42 14 33 41 11 22 32 41 33 13 33 33 23 22 23 11 42 24 14
0 44 42 22 44 14 33 44 32 42 11 33 44 11 22 33 44 33 13 33 33 22 22 22 11 44 22 14
0 44 22 23 44 11 31 44 33 44 11 33 44 11 23 33 44 33 11 33 33 22 22 23 11 44 24 14
0 44 42 22 44 11 33 44 33 44 14 33 41 11 22 33 44 33 11 33 33 23 22 33 11 42 22 11
0 44 44 22 44 11 33 44 33 44 11 33 44 11 22 33 44 33 11 33 33 22 22 23 11 44 22 11
0 41 42 23 44 14 31 41 32 42 14 32 41 14 23 32 41 33 11 32 33 22 22 33 14 42 24 14
0 44 42 22 41 14 33 41 33 44 14 33 44 14 22 33 41 32 11 32 33 23 22 23 11 42 22 11
0 44 44 22 44 11 31 44 33 44 11 33 44 14 22 33 44 33 11 33 33 22 22 22 11 44 22 11
0 44 42 23 44 14 33 44 33 44 11 33 44 11 22 33 44 33 13 33 33 22 22 23 11 44 22 11
0 44 42 23 44 11 33 41 33 44 14 33 44 14 22 33 41 33 11 32 33 22 22 23 14 42 24 11
0 44 42 23 44 11 31 44 33 44 14 33 41 11 22 33 41 33 11 33 33 22 22 22 11 44 22 11
0 41 42 33 41 44 31 41 32 42 44 32 11 14 23 33 11 32 33 22 33 33 22 33 44 22 44 44
0 44 44 22 44 11 33 44 33 44 11 33 41 14 22 33 44 33 11 33 33 22 22 23 11 42 22 11
0 44 44 23 41 11 33 41 32 44 11 33 44 14 22 33 44 33 11 33 32 22 22 22 14 42 24 14
0 44 42 33 44 14 33 41 32 44 44 33 44 44 22 33 41 33 11 32 33 22 22 23 44 42 22 14
0 44 42 23 44 11 33 41 33 44 44 33 44 11 23 33 41 33 11 33 33 23 22 33 11 44 24 14
0 44 44 23 44 11 33 44 33 44 11 33 44 11 22 33 44 33 11 33 33 22 22 23 11 44 22 11
0 44 44 23 44 11 33 44 33 44 14 33 41 11 22 33 44 33 11 33 33 22 22 22 14 44 22 14
0 44 42 23 44 14 33 41 33 44 14 33 41 14 22 33 41 33 11 33 33 22 22 22 11 42 22 11
0 41 42 33 44 44 31 41 32 44 14 33 41 14 23 33 41 32 33 33 32 23 23 23 11 22 22 44
0 44 22 23 44 11 33 41 22 42 44 33 41 14 22 33 11 33 33 33 22 23 22 33 14 42 22 14
0 44 44 22 44 11 33 44 33 44 11 33 44 11 22 33 44 33 11 33 33 22 22 23 11 44 22 11
0 44 44 22 44 11 33 44 33 44 11 33 44 11 22 33 44 33 11 33 33 22 22 22 11 44 22 11
0 44 42 22 44 11 33 41 32 44 11 33 41 11 22 32 41 33 33 33 33 23 22 33 14 42 22 14
0 44 42 23 44 11 11 41 32 44 11 33 41 11 22 33 44 33 11 33 33 22 22 23 11 44 22 11
0 44 42 22 41 11 33 41 33 44 14 33 44 11 22 33 41 33 11 33 33 22 22 23 14 44 24 11
0 44 44 22 41 14 31 41 32 44 44 33 41 44 22 33 41 33 33 33 32 33 22 33 14 22 24 14
0 44 44 23 44 14 11 41 33 44 14 33 11 44 23 33 41 33 33 33 33 23 22 33 11 44 24 44
0 41 42 23 44 11 33 44 33 44 11 33 41 14 22 33 44 33 11 33 33 23 22 23 11 44 22 11
0 41 22 33 41 14 11 41 32 42 14 33 41 14 23 32 41 32 33 33 32 23 33 33 14 42 24 14
0 44 44 22 44 11 33 44 32 44 14 33 44 11 22 33 44 33 11 33 33 22 22 22 11 44 22 11
0 44 42 33 44 11 31 44 32 44 11 33 44 14 22 33 44 33 11 33 33 23 22 22 14 42 24 14
0 44 42 23 44 11 31 41 32 44 44 32 11 14 22 33 41 33 13 33 32 23 23 23 14 42 22 14
0 44 42 23 44 14 33 44 32 44 14 33 11 11 22 33 44 33 13 33 33 23 22 33 11 42 24 14
0 44 42 23 44 14 31 41 32 44 44 33 41 11 22 33 41 33 13 32 33 22 22 23 14 42 24 11
0 41 22 23 44 11 31 44 33 44 11 33 44 14 22 33 41 33 11 33 33 22 22 22 11 42 22 11
0 44 42 33 44 11 31 41 32 44 14 33 44 44 23 33 41 33 13 33 33 23 22 33 14 22 22 14
0 44 44 23 44 11 33 44 33 44 14 33 44 11 22 33 44 33 11 33 33 22 22 22 11 44 22 11
0 44 42 23 41 14 33 11 32 44 11 33 44 14 22 33 44 33 13 33 32 22 22 33 11 42 24 11
0 44 42 23 44 11 33 44 33 44 11 33 44 11 22 33 44 33 11 33 33 22 22 22 11 44 24 14
0 44 44 22 44 14 33 41 22 44 11 33 44 11 22 33 44 33 13 33 33 22 22 23 11 44 22 11
0 44 44 22 44 11 31 44 33 44 11 33 44 11 22 33 44 33 11 33 33 22 22 22 11 44 22 11
0 41 44 23 44 14 31 41 32 42 14 33 41 14 22 33 44 32 13 33 33 23 22 23 14 42 24 14
0 44 44 22 44 11 33 44 33 44 14 33 44 14 22 33 44 33 11 33 33 22 22 22 11 44 22 11
0 11 22 23 44 44 11 11 22 42 44 22 11 44 33 33 41 32 13 32 32 33 23 33 44 22 24 44
0 44 22 33 44 44 31 11 32 42 14 33 11 14 23 33 41 33 13 32 32 22 22 23 11 22 24 44
0 44 44 33 44 14 33 41 32 44 11 33 41 11 23 33 44 33 11 33 32 23 22 23 11 42 24 14
0 44 42 23 44 11 33 44 33 44 11 33 44 11 22 33 44 33 11 33 33 23 22 22 11 44 22 11
0 44 42 23 44 14 33 44 32 44 14 33 44 14 22 33 41 33 13 32 33 23 22 23 14 44 24 14
0 44 22 33 41 14 11 11 22 42 44 33 11 44 22 32 41 33 33 33 32 33 22 33 14 42 44 44
0 44 42 23 44 11 33 44 33 44 14 33 41 11 23 33 44 33 11 32 33 23 22 23 11 42 24 11
0 44 44 23 44 11 31 44 33 44 14 33 44 44 22 33 41 33 13 33 33 22 22 22 11 44 22 11
0 44 44 22 44 11 33 44 33 44 14 33 44 11 22 33 41 33 11 33 33 22 22 22 11 44 22 11
0 44 44 23 44 11 33 44 32 42 14 33 41 11 22 33 44 33 13 33 33 22 22 23 14 42 22 11
0 44 42 23 44 11 33 41 33 44 11 33 44 11 22 33 44 33 11 33 33 22 22 22 14 44 22 11
0 44 44 23 44 11 33 44 32 44 14 33 44 11 22 33 44 33 11 33 33 22 22 23 11 44 22 14
0 41 42 23 44 14 31 41 32 42 14 32 41 14 23 32 11 32 13 33 33 23 22 23 11 42 24 14
0 41 22 33 41 14 11 41 22 42 14 32 11 44 22 33 41 32 33 32 32 23 22 33 11 42 44 14
0 44 44 22 44 11 33 41 33 44 11 33 44 11 22 32 44 33 11 33 33 22 22 22 11 44 22 11
0 44 42 33 44 14 31 41 22 42 14 33 41 44 22 33 41 22 33 33 33 22 22 33 11 22 24 14
0 44 42 23 44 11 33 44 33 44 11 33 44 11 22 33 44 33 11 33 33 22 22 23 14 44 22 11
0 44 42 22 44 11 33 44 33 44 14 33 44 11 22 33 44 33 13 33 33 22 22 22 11 44 22 11
0 44 44 33 44 11 33 41 32 44 14 33 11 11 22 33 41 33 13 33 33 22 22 33 44 44 24 11
0 44 42 33 44 11 31 44 32 44 11 33 44 14 22 33 44 33 11 33 33 22 22 23 11 44 22 14
0 41 42 23 44 14 31 41 33 44 14 33 44 14 22 33 41 33 13 32 32 23 23 23 14 44 22 14
0 41 44 23 41 14 33 11 32 42 14 33 41 44 22 33 41 32 13 33 33 33 23 23 11 42 44 44
0 44 42 22 41 11 33 41 32 44 11 33 44 11 22 32 44 33 13 33 33 23 22 23 14 44 24 11
0 44 42 22 44 44 31 41 33 44 11 33 44 14 22 33 41 33 13 33 33 22 23 23 14 44 24 14
0 41 22 23 41 14 31 41 22 42 14 32 11 44 22 32 41 32 13 32 32 23 23 33 14 42 44 44
0 41 22 33 41 11 11 41 32 44 44 22 11 14 23 32 11 33 13 33 33 33 22 33 14 42 44 14
0 11 22 23 41 11 31 44 32 22 14 33 11 14 22 33 41 32 13 32 32 23 22 23 14 42 24 14
0 44 42 23 44 11 33 44 32 44 11 33 44 11 22 33 44 33 11 33 33 22 22 23 11 42 24 11
0 44 42 23 44 14 33 41 22 44 11 33 41 14 22 33 41 33 13 33 33 22 22 23 14 42 22 14
0 44 42 23 44 11 33 44 33 44 11 33 44 11 22 33 44 33 11 33 33 22 22 22 11 44 22 11
0 41 42 23 41 14 31 41 32 42 14 33 41 14 22 32 41 32 13 32 32 23 22 23 14 42 24 14
0 44 42 23 44 14 33 44 33 44 11 33 44 11 22 33 11 33 33 33 32 22 22 23 14 42 24 14
0 44 42 23 44 14 31 41 32 42 14 32 41 14 22 32 41 32 13 32 32 23 22 23 14 44 24 14
0 44 44 22 44 11 33 44 33 44 11 33 41 11 22 33 44 33 11 33 33 23 22 23 11 42 22 14
0 44 44 22 44 11 33 44 33 44 11 33 44 11 22 33 44 33 11 33 33 22 22 22 11 44 22 11
0 41 44 33 44 11 31 44 32 44 14 32 41 44 22 33 44 32 13 33 33 23 22 23 11 42 24 14
0 44 44 23 44 11 33 44 33 44 11 33 41 11 22 33 44 33 13 33 33 23 22 23 11 42 24 11
0 44 42 33 41 14 31 41 32 44 44 33 11 14 22 33 41 33 11 33 33 23 22 23 44 42 24 11
0 44 44 22 44 11 33 44 33 44 11 33 41 11 22 33 44 33 11 33 33 22 22 23 11 44 22 11
0 41 42 33 44 11 33 41 32 44 11 33 11 11 22 33 41 33 11 33 32 23 22 23 11 44 22 11
0 41 22 33 44 14 11 11 22 42 44 33 11 44 23 32 11 33 33 22 22 33 33 33 44 22 24 44
0 11 22 33 44 44 31 11 32 42 14 33 11 14 23 32 11 33 33 32 32 33 22 33 14 22 44 14
0 44 22 23 41 11 31 41 33 44 14 33 11 11 22 33 41 33 13 32 32 22 22 23 14 22 24 14
0 44 42 22 41 11 33 44 33 44 11 33 44 11 22 33 44 33 11 33 33 22 22 22 11 44 22 11
0 44 42 22 44 11 33 41 33 44 11 33 44 14 22 33 44 33 11 33 33 23 22 22 11 44 22 11
0 44 42 23 44 14 31 41 32 44 14 33 41 11 22 33 11 32 13 33 33 33 23 23 14 22 22 11
0 44 44 23 44 14 33 44 33 44 11 33 44 14 22 33 44 33 11 33 33 22 22 23 14 44 22 14
0 44 44 23 41 14 31 41 32 44 14 33 41 11 22 33 44 32 11 32 32 23 22 23 11 44 24 11
0 44 42 22 44 11 33 44 33 42 14 33 44 11 22 33 44 33 13 33 33 33 22 22 11 44 22 14
0 44 22 33 41 44 31 41 22 42 14 33 41 14 23 33 44 33 33 33 33 23 23 33 44 42 24 14
0 44 44 23 44 14 31 44 32 44 14 32 44 14 22 33 41 33 13 33 33 23 22 23 14 42 24 14
0 44 44 22 44 11 33 44 33 44 11 33 44 14 22 33 44 33 11 33 33 22 22 22 11 44 22 14
0 41 42 22 44 14 31 41 32 42 11 33 44 14 23 33 41 32 13 32 32 23 23 23 14 42 24 14
0 41 44 23 44 14 11 44 33 44 11 33 44 44 22 33 41 33 13 33 32 22 22 22 11 44 22 11
0 41 42 22 41 14 31 44 32 42 14 33 44 11 22 33 41 33 13 32 32 23 22 23 14 42 24 14
0 44 42 23 44 14 11 44 22 42 14 33 41 14 22 32 11 32 13 32 33 23 22 33 14 22 44 11
0 44 22 23 44 14 31 44 33 44 11 33 44 14 22 33 44 33 11 33 33 22 22 23 11 42 22 11
0 44 42 33 44 14 11 41 32 44 14 33 41 44 22 33 44 33 33 32 32 33 22 33 44 22 44 11
0 11 22 33 11 44 11 41 22 22 44 22 11 44 23 22 11 32 13 22 32 33 33 33 44 22 44 44
0 44 42 23 41 11 33 41 33 44 44 33 41 11 22 33 44 33 11 33 33 23 22 33 14 42 24 14
0 44 42 33 41 11 31 41 32 44 14 32 41 14 23 33 41 33 11 32 33 23 22 23 11 42 24 11
0 44 42 23 44 11 31 44 22 42 11 33 41 14 22 33 41 32 33 32 32 23 22 22 44 42 22 44
0 41 42 23 44 14 33 41 32 44 14 32 44 14 22 33 41 32 13 32 32 23 22 23 14 42 24 14
0 44 42 23 44 11 33 44 33 44 14 33 11 11 22 33 44 32 11 33 33 22 22 22 11 22 24 11
0 44 42 23 44 14 31 41 32 44 14 33 41 14 22 33 41 32 13 32 33 33 22 23 14 42 24 14
0 44 42 22 44 11 31 41 32 44 11 33 41 11 22 33 44 33 13 33 33 22 23 23 14 22 24 11
0 44 44 23 44 14 31 41 32 44 11 32 44 14 22 33 41 33 11 33 33 22 22 23 11 44 22 11
0 41 44 23 44 11 31 41 32 44 14 32 41 44 23 33 41 33 13 33 32 23 22 23 14 42 24 44
0 41 22 33 44 14 11 11 32 42 44 33 11 44 22 33 44 32 33 33 32 33 22 33 14 22 44 44
0 44 42 23 44 14 33 44 33 44 14 33 41 14 22 33 44 33 11 33 33 23 22 22 14 44 24 14
0 41 42 33 41 11 31 41 33 44 14 33 41 14 22 33 44 33 11 33 33 33 22 22 11 42 24 14
0 44 42 22 44 11 33 41 33 44 11 33 41 11 22 33 44 33 11 33 33 22 22 23 11 44 22 11
0 41 42 33 44 11 31 44 32 44 14 33 11 11 22 33 41 33 13 33 33 23 22 23 14 42 24 14
0 41 22 23 41 14 31 41 32 44 14 32 44 14 23 33 11 33 13 32 33 23 22 23 14 42 22 14
0 44 44 23 44 11 31 44 32 44 11 33 11 14 22 33 44 33 13 33 33 23 22 23 11 42 22 14
0 44 42 33 41 14 31 41 32 42 14 33 41 14 22 33 41 33 33 33 32 23 22 23 11 42 44 11
0 41 22 23 41 14 11 41 33 44 11 32 44 44 23 32 41 33 11 32 32 22 22 33 14 44 44 44
0 44 42 23 44 11 31 41 32 44 11 32 41 14 23 32 41 32 13 33 33 23 23 23 11 42 22 14
0 44 44 23 44 11 33 44 33 44 14 33 44 11 22 33 41 33 11 33 33 22 22 23 11 42 22 11
0 44 44 22 44 11 33 44 33 44 11 33 44 11 22 33 44 33 11 33 33 22 22 22 14 44 22 11
0 11 42 23 44 14 31 41 33 42 14 33 11 14 22 33 41 33 13 33 33 23 22 23 11 42 24 11
0 44 44 23 44 14 31 41 33 44 14 32 44 11 22 32 44 32 13 33 33 22 22 23 14 42 22 14
0 44 44 22 44 11 33 44 33 44 11 33 44 11 22 33 44 33 11 33 33 22 22 22 11 44 22 11
0 11 42 33 11 44 31 41 22 22 44 33 11 44 33 32 11 32 33 33 22 33 22 33 14 42 44 44
0 44 42 22 44 11 33 44 33 44 11 33 44 11 22 33 44 33 11 33 33 22 22 22 11 44 22 11
0 44 42 23 44 14 31 41 33 44 11 33 44 11 22 33 41 33 13 33 33 22 22 22 11 42 22 14
0 44 44 23 44 44 33 41 33 44 14 33 41 44 22 33 44 33 13 33 33 33 23 22 11 42 24 11
0 44 22 33 41 14 31 41 32 22 14 33 11 44 23 33 44 32 13 33 33 23 22 33 44 42 24 44
0 44 44 22 44 11 33 44 33 44 14 33 44 14 22 33 44 33 11 33 33 22 22 22 11 44 22 11
0 44 44 33 44 14 31 41 33 44 11 33 11 11 22 33 44 33 13 33 33 33 22 23 14 44 22 11
0 44 42 22 44 11 31 44 33 44 11 33 44 11 22 33 44 33 11 33 33 22 22 23 11 42 22 11
0 44 44 22 44 11 33 44 33 44 11 33 44 11 22 33 44 33 11 33 33 22 22 22 11 44 22 11
0 44 42 23 44 44 31 41 32 44 44 32 41 14 23 32 44 33 33 33 33 23 23 23 44 42 24 14
0 44 42 23 44 14 11 41 32 44 14 33 41 14 23 33 41 32 13 33 32 23 23 23 14 22 44 44
0 11 42 33 41 14 31 44 32 44 11 33 11 11 22 33 44 33 13 32 32 23 22 33 14 42 24 14
0 44 44 23 44 14 31 11 33 42 14 32 41 11 22 33 41 32 11 33 33 23 22 22 14 44 22 14
0 11 22 22 44 14 33 44 32 44 11 32 41 14 22 33 41 33 11 32 33 22 22 23 44 42 22 14
0 44 42 22 44 11 33 41 32 44 14 33 41 14 22 33 41 33 13 33 33 22 22 23 11 42 22 14
0 41 42 23 41 14 33 44 22 42 44 22 11 14 23 33 11 32 13 33 33 23 22 23 14 22 24 11
0 41 42 23 44 14 31 41 33 44 14 33 41 14 23 33 44 33 13 33 32 23 23 23 11 42 22 14
0 44 44 22 44 11 33 44 33 44 11 33 44 11 22 33 44 33 11 33 33 22 22 22 11 44 22 11
0 41 44 33 44 14 31 11 32 44 14 33 11 14 22 33 41 32 13 22 33 33 23 33 14 42 24 14
0 44 44 22 44 11 33 44 33 44 11 33 44 11 22 33 44 33 11 33 33 22 22 22 11 44 22 11
0 44 42 22 44 11 33 44 33 44 11 33 44 11 22 33 44 33 11 33 33 22 22 22 11 44 22 11
0 44 42 22 44 11 33 44 33 44 11 33 41 11 22 33 44 32 11 33 33 22 22 23 14 42 24 14
0 44 44 23 44 11 33 44 33 44 11 33 44 11 22 33 44 33 33 33 32 22 22 22 11 42 22 14
0 41 42 33 44 14 31 41 33 44 14 32 41 44 22 32 41 33 13 33 32 23 22 23 14 42 22 14
0 44 42 23 44 11 11 41 33 44 14 32 44 44 22 33 41 33 13 33 33 22 22 23 11 22 24 14
0 44 42 22 44 14 31 44 33 44 11 33 44 11 22 33 41 33 13 33 33 22 22 22 11 44 22 14
0 41 42 23 44 14 31 44 32 42 14 33 44 14 22 33 41 33 13 32 32 23 22 23 11 42 24 14
0 44 22 23 11 44 11 11 22 42 14 32 11 44 33 32 41 32 13 32 22 33 22 33 44 42 44 44
0 44 44 23 44 11 33 44 32 44 11 33 44 11 22 33 44 33 11 33 33 22 22 23 14 44 22 11
0 41 22 22 41 11 33 41 32 44 14 33 44 14 22 33 41 33 13 32 33 23 22 33 14 42 24 14
0 44 42 23 44 11 33 11 32 44 11 33 41 14 22 33 44 32 13 33 32 23 22 23 11 42 24 11
0 44 44 22 44 11 33 44 33 44 11 33 44 11 22 33 44 33 11 33 33 22 22 22 11 44 22 11
0 44 44 22 44 11 31 44 33 44 11 33 44 11 22 33 44 33 11 32 33 22 22 22 14 44 44 11
0 11 42 33 41 44 31 11 32 44 14 33 41 14 23 32 41 32 33 32 32 33 22 33 44 42 24 14
0 44 42 23 44 11 31 41 32 44 11 32 44 14 22 33 41 33 13 33 33 23 22 23 11 42 24 11
0 44 44 23 41 14 33 41 32 42 11 33 41 14 22 32 41 32 13 33 33 22 22 23 11 42 24 11
0 44 42 23 44 14 31 41 33 44 14 33 44 14 22 33 44 33 13 33 33 22 22 22 14 42 24 14
0 44 42 33 44 14 33 11 33 44 11 33 44 11 22 33 11 33 11 33 33 23 22 22 11 42 24 11
0 44 42 23 44 14 31 41 33 44 14 33 11 11 22 33 44 33 13 33 33 22 22 22 11 42 22 11
0 44 44 23 44 11 33 44 32 44 11 33 41 11 22 33 44 33 11 33 33 22 22 22 11 44 22 11
0 44 44 23 44 11 33 44 32 44 11 32 41 14 22 33 41 33 13 33 33 23 22 23 14 44 22 11
0 41 44 23 44 11 33 44 33 44 11 33 44 11 22 33 44 33 13 33 33 22 22 23 11 44 22 11
0 41 42 23 41 14 31 41 32 44 14 33 41 14 22 33 41 32 13 32 32 23 23 23 14 42 24 14
0 44 42 22 44 11 33 44 33 44 11 33 44 11 22 33 44 33 11 33 33 22 22 22 11 42 22 11
0 44 42 23 44 14 31 44 33 44 14 33 41 14 22 33 41 33 11 33 33 22 22 22 11 44 22 11
0 44 22 22 44 11 33 44 33 44 11 33 44 14 22 33 44 33 11 33 33 22 22 22 11 44 22 11
0 44 22 33 44 14 11 44 32 22 44 32 11 44 22 33 11 32 33 32 33 33 23 23 14 22 24 44
0 44 42 22 44 11 33 41 32 44 11 33 41 14 22 33 44 33 13 33 33 23 22 23 14 42 22 14
0 44 44 22 44 11 31 44 33 44 11 33 44 11 22 33 44 33 11 33 33 22 22 22 11 42 24 11
0 41 22 23 41 14 31 41 32 44 14 32 11 14 22 32 11 33 33 32 32 23 22 23 11 22 24 44
0 44 44 23 44 11 31 44 33 44 11 33 44 11 22 33 44 33 13 33 33 23 22 23 11 42 22 11
0 41 42 23 44 14 31 41 32 44 14 33 41 14 22 33 44 32 13 32 33 23 22 23 14 42 22 11
0 44 44 22 44 11 33 44 33 44 11 33 44 11 22 33 41 33 11 33 33 22 22 22 11 44 22 11
0 44 44 33 44 11 33 44 32 44 11 33 44 11 22 33 44 33 13 33 33 22 22 23 11 42 24 11
0 44 42 23 44 11 33 41 32 44 14 33 41 14 22 33 11 32 11 33 33 22 22 23 11 44 22 11
0 44 44 23 44 11 33 44 32 44 14 33 44 11 22 33 44 33 11 33 33 22 22 22 11 42 24 11
0 41 42 23 41 11 31 41 33 42 14 33 41 11 23 33 41 32 13 32 33 22 22 22 14 44 24 14
0 41 42 23 44 14 31 41 32 44 14 32 41 14 23 33 41 33 13 32 32 23 22 23 14 42 24 14
0 41 42 23 44 44 31 41 32 44 14 33 41 14 22 33 41 33 33 33 32 23 23 33 11 42 22 14
0 44 22 23 41 14 33 44 33 44 14 33 44 14 22 33 41 32 11 33 33 22 22 33 14 44 22 44
0 41 42 23 44 11 31 41 33 42 14 33 41 14 22 33 41 33 13 33 32 23 22 23 14 42 24 14
0 44 44 22 44 11 33 44 33 44 11 33 44 14 22 33 44 33 11 33 33 22 22 22 14 44 22 11
0 44 42 23 44 11 31 41 22 42 14 32 11 44 22 33 41 32 13 33 33 33 22 23 14 42 22 44
0 41 42 23 41 14 31 11 22 42 14 33 41 14 22 32 41 32 33 32 32 33 22 23 14 42 24 14
0 41 22 33 41 14 31 41 22 42 14 32 41 44 23 32 41 32 33 32 32 23 23 23 14 22 24 44
0 44 22 23 44 14 31 41 32 44 14 33 41 14 22 33 11 32 13 33 33 22 22 33 11 22 44 11
0 44 44 23 44 14 33 41 32 44 14 33 11 14 22 33 44 33 11 32 33 33 22 23 14 42 24 11
0 44 42 33 44 11 31 44 33 44 14 33 44 11 22 33 11 33 11 33 33 23 22 22 11 42 22 11
0 44 42 23 41 14 31 41 32 44 44 32 41 14 22 32 41 32 13 32 33 33 23 23 14 42 24 14
0 44 42 22 44 11 33 44 33 44 14 33 44 11 22 32 44 33 11 33 33 23 22 22 11 44 22 14
0 44 42 23 44 14 31 44 32 44 14 33 41 14 23 33 41 33 11 32 32 23 23 22 14 44 24 11
0 44 42 33 44 11 33 41 33 44 11 33 41 14 22 33 41 33 13 32 33 23 22 33 11 22 24 14
0 44 42 23 44 14 31 41 33 44 44 33 41 44 23 33 41 33 11 32 33 22 22 23 14 22 22 44
0 44 44 22 44 11 33 44 33 44 11 33 41 11 22 33 41 33 11 33 33 23 22 23 14 44 22 11
0 44 42 33 41 11 31 44 33 44 11 33 41 11 22 33 41 33 13 32 33 22 22 23 14 42 22 11
0 44 44 33 44 14 33 41 32 44 14 33 41 44 22 32 41 33 13 33 32 23 22 23 14 42 24 14
0 41 22 23 41 11 31 41 32 22 14 33 41 14 22 32 41 33 33 32 33 33 23 33 44 22 44 14
0 44 42 23 41 11 33 41 33 44 14 33 41 14 22 33 11 32 13 33 33 33 23 33 11 44 24 44
0 44 42 22 44 11 11 44 33 42 14 33 44 44 22 33 44 33 11 32 33 22 22 23 14 44 24 11
0 44 42 33 44 14 33 41 32 42 14 32 41 14 22 33 41 32 13 33 33 23 22 23 14 44 22 14
0 11 42 33 44 14 11 11 32 44 44 32 11 44 22 32 41 22 33 33 22 23 23 33 44 22 44 44
0 44 44 22 44 11 33 44 33 44 11 33 44 11 22 33 44 33 11 33 33 22 22 22 11 44 22 11
0 44 22 33 44 14 33 44 32 44 44 33 44 14 22 33 41 32 13 33 33 23 22 23 14 42 22 14
1 44 22 33 44 14 31 41 22 42 44 33 11 14 22 32 11 22 13 33 33 23 23 33 44 22 22 44
1 44 42 23 44 14 33 41 32 44 14 32 44 14 22 33 41 33 13 33 33 22 22 23 14 42 22 14
1 44 22 22 44 11 31 44 33 44 11 33 41 14 22 33 44 33 13 33 33 23 22 23 11 44 22 11
1 11 22 33 11 44 11 11 22 22 14 32 11 44 33 22 41 22 33 32 22 33 33 33 44 42 44 44
1 44 44 22 44 11 33 44 33 44 11 33 44 11 22 33 44 33 11 33 33 22 22 22 11 44 22 11
1 41 22 23 41 14 31 44 32 42 14 32 41 44 22 33 41 32 13 33 33 23 22 33 14 44 24 14
1 41 42 23 41 14 11 41 22 42 14 32 41 14 23 33 11 32 13 32 22 23 23 23 14 22 24 14
1 44 22 22 44 14 31 41 32 44 11 33 41 11 23 33 41 33 33 33 33 22 22 23 11 42 22 14
1 41 22 23 44 11 33 41 33 44 44 33 41 11 22 33 44 33 11 33 33 23 22 22 11 42 22 11
1 41 44 23 44 14 31 44 33 44 14 33 41 14 22 33 41 33 13 33 33 23 22 23 14 42 44 14
1 44 44 23 44 14 33 44 33 44 11 33 44 14 22 33 41 33 11 33 33 23 22 22 11 42 24 11
1 44 44 22 44 11 33 44 33 44 11 33 41 11 22 33 44 33 11 33 33 22 22 22 11 44 22 14
1 44 42 22 44 14 33 44 33 44 14 33 44 11 22 33 41 33 11 33 33 23 22 22 11 42 22 11
1 44 44 22 44 11 33 44 33 44 11 33 44 11 22 33 44 33 11 33 33 22 22 23 11 44 22 11
1 44 42 23 44 11 31 44 32 44 11 33 41 11 23 33 44 33 11 33 32 23 23 23 11 42 24 14
1 44 42 22 44 11 33 44 33 44 14 33 44 11 22 33 44 33 11 33 33 22 22 22 11 42 22 11
1 44 42 33 41 14 31 44 33 44 14 33 41 14 22 33 44 33 13 33 33 23 22 23 11 42 24 11
1 44 42 22 44 14 31 44 33 44 11 33 44 14 22 33 41 33 13 33 32 22 22 23 11 22 22 14
1 44 42 33 41 14 31 41 32 44 14 33 41 44 22 33 41 32 11 33 33 23 23 23 11 42 22 14
1 44 44 33 44 11 33 44 33 44 14 33 41 11 22 33 41 33 13 33 33 22 22 22 11 44 24 11
1 44 22 33 44 11 31 41 32 44 11 33 44 14 22 33 41 33 11 33 33 22 22 23 11 42 24 14
1 41 44 23 41 14 31 41 32 42 14 33 41 14 22 32 41 33 13 32 33 23 23 23 14 42 24 14
1 44 44 23 44 11 33 44 32 44 14 33 44 14 22 33 44 32 13 33 33 33 22 23 14 42 24 14
1 44 44 23 41 14 33 41 33 44 11 33 41 11 22 33 44 32 13 33 33 22 22 23 11 44 24 11
1 44 42 23 44 14 33 41 33 44 14 32 41 14 22 33 44 33 13 33 33 23 22 22 11 42 24 11
1 41 42 33 41 14 11 41 32 44 44 33 41 14 22 33 44 33 13 32 32 22 22 23 14 42 24 14
1 44 44 23 44 11 33 44 33 44 11 33 44 11 22 33 44 33 13 33 33 22 22 22 11 44 22 11
1 44 42 33 44 14 31 11 32 44 11 33 41 14 22 33 44 33 13 22 33 22 22 23 11 44 24 14
1 44 44 22 44 11 31 44 33 44 11 32 41 11 22 33 44 33 13 32 33 23 22 23 14 42 22 14
1 41 44 23 44 14 33 41 33 44 14 33 41 14 22 33 44 33 11 33 33 22 22 33 14 42 22 14
1 44 22 23 44 14 31 41 32 44 14 32 41 14 22 32 41 33 13 32 33 23 22 23 14 42 24 14
1 44 42 22 44 11 33 44 32 44 11 33 44 11 22 33 41 33 11 33 33 22 22 23 11 44 22 11
1 44 42 23 44 14 33 44 32 44 11 33 41 11 22 33 41 33 33 33 33 22 22 33 14 44 22 14
1 44 44 22 44 11 33 44 33 44 11 33 44 14 22 33 44 33 11 33 33 22 23 33 14 44 22 14
1 44 44 22 44 11 33 44 33 44 11 33 44 14 22 33 41 33 13 33 33 33 22 23 44 44 22 11
1 41 22 23 41 14 31 41 33 42 14 33 11 44 22 32 11 33 33 33 32 23 23 23 14 42 24 44
1 41 42 23 44 14 31 41 33 44 14 33 11 14 22 33 44 33 13 32 33 22 22 23 14 44 24 11
1 44 42 22 44 11 33 44 32 44 11 33 11 11 22 33 41 33 11 33 33 22 22 22 11 44 22 14
1 44 44 22 44 11 33 44 33 44 11 33 44 11 22 33 44 33 11 33 33 22 22 22 11 44 22 11
1 41 22 33 41 14 33 41 22 44 14 33 11 44 23 33 41 32 13 33 33 33 22 33 14 22 24 14
1 44 22 22 44 14 33 44 33 44 11 33 44 14 22 33 41 33 11 33 33 22 22 22 11 42 22 11
1 44 44 23 44 11 33 44 33 44 14 33 44 11 22 33 41 33 11 33 33 22 22 23 11 44 22 11
1 44 42 23 44 14 33 44 32 42 14 33 41 44 22 33 11 33 11 33 33 23 22 22 14 42 24 14
1 44 42 23 41 44 31 41 32 44 14 32 41 14 23 32 41 33 13 32 32 23 23 23 14 42 24 14
1 44 42 22 44 11 33 44 32 42 14 33 44 11 22 33 44 33 11 33 33 22 22 22 11 44 22 11
1 44 22 33 44 11 33 41 22 44 14 32 41 14 22 33 41 33 13 33 33 33 22 23 11 22 24 11
1 44 44 23 44 11 33 44 33 44 11 33 44 11 22 33 41 33 13 33 33 23 22 33 11 44 22 11
1 44 44 23 41 11 33 41 33 44 11 32 44 14 22 32 44 33 13 33 33 23 22 23 11 44 22 14
1 44 42 23 41 14 33 41 32 44 14 33 41 11 22 33 41 33 13 33 33 23 22 23 11 44 24 14
1 11 22 33 11 44 31 11 32 22 44 22 11 44 22 32 41 32 13 32 22 33 23 33 44 22 44 44
1 41 42 23 44 11 31 41 33 44 14 33 11 11 22 33 44 33 13 33 33 22 22 33 44 42 22 14
1 44 44 33 44 11 31 41 32 44 11 33 44 14 22 33 44 33 11 33 33 23 22 33 11 42 44 11
1 44 42 23 44 11 31 41 32 44 14 33 44 14 22 33 41 33 13 33 33 23 22 23 14 42 24 11
1 44 42 23 44 11 33 44 33 44 14 33 44 11 22 33 44 33 13 33 33 23 22 23 11 44 22 14
1 41 22 33 41 14 31 11 32 22 44 33 11 14 23 33 11 32 33 22 32 33 23 33 14 22 44 14
1 44 42 23 44 11 33 41 33 44 11 33 41 44 22 33 41 33 11 33 33 23 22 22 11 44 24 14
1 44 44 22 44 14 31 44 33 44 11 33 44 11 22 33 44 33 11 33 33 22 22 23 11 44 22 14
1 44 44 22 44 11 33 44 33 44 11 33 44 11 22 33 44 33 13 33 33 22 22 22 11 44 22 11
1 11 22 23 44 14 11 44 33 44 44 33 44 44 23 33 11 33 33 33 33 23 22 33 14 22 24 44
1 11 22 23 44 44 11 11 22 42 14 22 11 14 22 32 11 22 33 22 22 23 23 23 14 22 44 44
1 44 44 22 44 11 33 44 33 44 11 33 44 11 22 33 44 33 11 33 33 22 22 22 11 44 22 11
1 44 42 23 44 11 33 44 33 44 11 33 44 14 22 33 44 33 13 33 33 22 22 23 14 44 22 11
1 44 44 23 44 11 33 44 32 44 11 33 44 14 22 33 44 33 11 32 33 23 22 22 11 44 24 11
1 44 42 22 44 14 11 41 32 44 44 33 41 14 22 33 41 33 33 33 33 22 22 23 11 44 24 44
1 44 42 23 44 14 33 44 22 44 11 33 44 11 22 33 44 32 11 33 33 23 22 23 14 44 22 14
1 41 42 23 41 14 31 41 33 42 14 32 11 44 23 32 11 32 13 32 32 23 22 23 14 42 24 44
1 44 42 23 41 11 31 11 33 44 11 33 44 14 22 33 11 33 33 32 33 23 22 22 11 44 24 14
1 44 22 22 44 44 33 41 33 44 14 33 44 14 22 33 44 33 11 33 33 22 22 23 11 42 44 44
1 44 42 22 44 14 31 44 32 44 14 32 44 14 22 32 41 32 13 32 32 23 23 23 14 42 24 11
1 44 42 22 44 11 33 44 32 44 14 33 44 14 22 33 44 33 33 33 33 23 22 23 14 42 22 11
1 11 42 23 41 14 31 41 32 44 44 33 44 11 22 33 41 32 13 32 33 22 23 33 14 42 24 44
1 44 44 22 44 11 33 44 33 44 14 33 44 14 22 33 44 33 11 33 33 22 22 22 11 44 24 11
1 41 42 23 41 14 31 11 32 44 14 32 41 14 23 32 41 32 13 32 32 23 23 23 14 42 24 14
1 44 44 33 41 14 33 41 32 42 11 33 44 14 22 33 41 33 13 32 33 22 22 23 11 42 22 14
1 44 42 23 44 14 31 41 32 44 11 33 44 14 22 33 41 33 13 32 33 22 22 23 14 44 24 14
1 41 42 22 44 14 31 44 33 44 44 33 44 11 22 33 44 33 13 33 33 22 22 23 11 44 22 11
1 41 42 33 41 14 31 41 32 22 14 33 44 44 22 32 41 33 13 32 33 23 22 23 14 42 44 14
1 44 42 33 44 14 33 41 33 44 14 33 41 14 23 33 11 33 13 32 33 23 23 23 14 42 44 14
1 11 22 33 44 14 33 11 32 42 14 32 11 14 23 33 11 22 33 32 32 33 22 33 44 22 44 44
1 41 22 33 41 44 31 41 22 42 14 32 41 14 23 32 41 33 33 32 32 23 23 23 14 22 24 44
1 44 42 23 44 14 31 41 32 42 14 32 41 14 23 33 41 33 13 32 33 23 22 23 11 42 24 14
1 44 42 22 44 11 33 44 33 44 11 33 44 11 22 33 44 33 11 33 33 22 22 22 11 44 22 11
1 44 22 23 44 11 33 41 33 44 11 33 44 44 22 33 41 33 11 33 33 22 22 23 11 44 24 11
1 44 42 23 44 11 31 44 32 44 11 33 44 14 22 33 44 32 13 33 33 22 22 23 11 44 22 14
1 44 44 22 44 11 31 44 33 44 11 33 44 11 22 33 44 33 13 33 33 22 22 33 11 42 22 11
1 44 22 22 44 11 33 44 33 44 11 33 44 11 22 33 44 33 11 33 33 23 22 22 11 22 22 11
1 44 42 23 44 11 31 44 33 44 44 33 44 14 22 33 11 33 11 33 33 23 22 23 11 44 22 11
1 44 42 23 44 11 31 41 22 44 14 32 41 14 22 33 41 33 11 33 33 23 22 33 11 42 44 14
1 44 42 22 44 11 33 44 33 44 11 33 44 11 22 33 44 33 11 33 33 22 22 23 11 44 22 11
1 41 22 33 41 14 11 41 22 44 44 33 41 44 22 33 11 33 33 33 32 33 22 23 44 22 24 44
1 44 42 22 44 11 33 44 33 44 14 33 41 11 22 33 44 33 11 33 33 22 22 22 11 44 22 14
1 44 22 22 44 14 33 44 32 44 11 33 44 14 22 33 44 33 13 33 33 22 22 22 11 44 22 14
1 41 42 23 44 14 31 41 33 42 11 33 41 14 22 33 41 33 13 33 32 23 22 33 14 42 24 14
1 44 44 23 44 11 33 44 33 44 11 33 44 11 22 32 44 33 11 33 33 22 22 23 11 42 22 11
1 44 42 23 44 11 33 44 22 44 14 33 11 11 22 33 41 32 11 33 32 23 22 23 11 42 22 14
1 41 22 33 44 11 33 41 22 42 14 32 44 14 22 33 41 32 33 33 32 33 33 33 14 22 44 14
1 44 22 23 44 14 33 44 32 44 14 33 11 14 22 33 44 33 13 33 32 33 22 22 14 42 22 14
1 41 42 22 44 14 33 41 33 44 11 33 41 11 22 33 44 32 13 33 33 23 22 23 11 42 24 11
1 44 44 22 44 11 33 44 32 44 11 33 44 44 22 33 44 33 11 33 33 22 22 23 11 42 22 11
1 44 22 23 44 14 33 41 32 42 14 33 41 14 22 32 41 33 13 32 33 23 22 33 14 42 22 14
1 44 42 23 44 14 33 44 32 44 14 33 41 14 23 33 41 32 13 33 32 23 23 23 14 42 24 14
1 44 44 22 44 11 33 44 33 44 11 33 44 11 22 33 44 33 11 33 33 22 22 23 11 44 22 11
1 44 22 22 44 11 33 44 33 44 11 33 44 14 22 33 44 33 11 33 32 22 22 22 11 44 22 44
1 44 44 22 44 14 33 44 32 44 11 33 44 11 22 33 44 33 13 33 33 22 22 22 11 44 24 11
1 41 42 23 44 14 31 41 32 44 14 33 41 14 23 33 41 32 13 32 22 23 23 23 14 42 24 14
1 41 42 22 41 11 33 41 33 44 14 33 44 14 22 32 41 32 13 32 33 23 22 23 14 42 24 14
1 44 42 22 44 11 31 44 33 44 14 33 41 11 23 33 41 33 11 33 33 22 22 23 14 42 24 11
1 41 22 33 44 44 31 41 22 42 44 33 41 44 22 33 11 33 13 32 32 33 23 33 14 22 44 44
1 44 44 22 44 11 31 44 33 44 11 33 44 11 22 33 44 33 11 33 33 22 22 22 11 42 22 11
1 44 22 23 44 14 33 44 33 44 11 33 44 11 22 33 44 33 13 33 33 23 22 33 11 42 24 11
1 44 42 23 44 11 33 41 32 42 14 33 41 11 22 33 41 32 11 32 33 23 22 23 14 42 22 11
1 44 44 23 44 11 33 44 32 44 14 33 44 14 22 33 41 33 11 33 33 22 22 23 44 42 22 11
1 44 44 23 44 11 33 44 32 44 11 33 44 14 22 33 41 33 13 32 32 23 22 23 11 44 24 11
1 44 22 33 44 44 11 41 32 44 14 32 41 44 23 33 11 32 33 33 33 33 22 23 44 42 44 14
1 44 44 22 44 14 33 44 33 44 44 33 44 14 22 33 44 33 11 33 33 23 22 22 11 42 24 14
1 41 42 33 44 44 33 41 32 44 44 33 11 14 22 33 41 33 33 33 32 22 23 23 14 42 24 14
1 44 22 33 44 11 33 41 33 44 14 33 44 44 22 33 11 33 11 33 33 23 22 33 14 42 24 14
1 44 44 22 44 11 33 44 33 44 11 33 44 11 22 33 44 33 11 33 33 22 22 22 11 44 22 11
1 44 42 22 44 14 31 44 33 44 14 32 41 14 22 33 44 33 11 33 32 23 22 23 11 42 22 11
1 44 42 23 44 11 33 41 32 42 14 33 41 44 22 33 41 33 13 32 33 22 22 23 11 22 24 14
1 44 42 22 44 11 33 44 32 44 11 33 44 11 22 33 44 33 11 33 33 22 22 22 11 44 22 11
1 44 44 22 44 11 33 44 33 44 11 33 44 11 22 33 44 33 11 33 33 22 22 22 11 44 22 11
1 44 44 22 44 11 33 44 33 44 14 33 41 11 22 33 41 33 11 33 33 22 22 22 11 44 22 11
1 44 42 22 44 14 31 44 33 44 14 33 11 14 22 33 41 33 11 33 33 22 22 22 14 44 24 14
1 44 44 22 44 11 33 44 33 44 11 33 44 11 22 33 44 33 11 33 33 22 22 22 11 44 22 11
1 41 42 33 44 14 31 41 22 42 14 32 41 44 22 33 41 32 33 33 33 33 23 23 14 42 24 14
1 41 44 33 41 11 33 41 32 44 11 33 44 14 23 33 41 33 11 33 33 22 22 23 11 44 22 14
1 41 42 33 41 14 11 41 32 42 14 33 11 14 23 32 11 32 33 33 32 23 23 33 14 22 24 14
1 44 44 23 44 11 33 44 33 44 14 33 41 11 22 33 44 33 11 33 33 22 22 22 14 42 24 11
1 41 42 23 44 14 31 44 32 44 14 32 41 14 22 32 41 33 11 33 33 23 23 23 14 42 22 11
1 44 42 23 44 11 31 44 22 44 14 33 41 11 22 33 41 33 13 33 33 22 22 33 14 42 24 11
1 44 42 23 44 11 33 44 32 42 14 32 41 14 22 32 41 32 11 32 33 23 22 23 14 42 44 14
1 41 42 23 44 11 33 44 33 44 11 33 44 11 22 33 41 33 11 33 33 22 22 22 11 44 24 11
1 44 42 33 44 14 33 41 32 44 14 33 41 14 23 33 41 33 33 33 33 22 22 23 11 22 24 14
1 44 44 23 44 14 11 41 32 44 14 33 44 44 22 33 11 33 13 32 33 23 22 33 14 42 24 14
1 44 44 22 44 11 33 44 33 44 11 33 44 11 22 33 44 33 11 33 33 22 22 22 11 44 22 11
1 44 42 23 44 11 33 44 32 44 14 33 44 14 22 33 44 33 11 32 33 23 22 23 11 44 24 11
1 44 42 22 44 14 33 44 33 44 44 32 41 14 22 33 41 33 13 33 33 22 23 23 14 22 24 44
1 44 42 33 44 14 31 41 32 44 14 33 11 44 22 33 41 32 33 22 33 23 22 23 14 42 44 11
1 41 44 23 44 11 33 44 32 44 11 33 41 11 22 33 44 33 33 33 33 22 22 23 14 44 24 11
1 44 44 22 44 11 33 44 33 44 11 33 44 14 22 33 44 33 11 33 33 23 22 22 14 44 22 11
1 44 42 33 44 14 31 41 32 44 44 33 44 14 23 33 41 33 33 33 32 22 22 23 14 44 22 14
1 44 44 23 44 14 31 41 33 42 14 33 44 14 22 33 41 33 11 33 33 22 22 22 11 42 22 11
1 41 42 23 41 14 31 41 32 42 14 33 41 14 23 33 41 33 13 32 32 22 22 23 14 42 24 14
1 44 22 23 41 14 31 44 32 42 14 32 41 14 22 33 41 33 13 33 32 23 23 33 11 42 24 44
1 44 44 22 44 14 31 44 33 44 11 33 44 11 22 33 41 33 11 33 33 22 22 22 11 44 24 14
1 44 44 33 44 11 31 44 32 42 14 33 41 11 22 33 41 33 13 33 33 23 22 22 11 44 22 14
1 44 42 23 44 11 31 41 33 44 14 33 44 44 23 33 41 33 13 33 33 23 22 23 44 42 24 14
1 41 42 22 44 14 31 44 32 44 14 33 41 11 22 33 41 33 11 33 33 23 22 23 11 44 22 11
1 44 44 22 44 14 31 41 33 44 14 33 41 11 22 33 11 33 13 33 33 23 22 23 11 42 22 14
1 41 42 23 41 11 33 41 33 42 14 32 41 14 23 32 41 33 13 32 32 23 22 23 14 44 24 14
1 44 22 33 41 44 11 44 32 42 14 32 41 44 22 33 41 32 33 32 32 33 22 33 14 22 24 14
1 44 42 23 44 11 31 44 33 44 11 32 44 11 22 33 44 33 11 33 33 22 22 22 11 42 22 11
1 44 44 33 44 44 33 11 32 44 14 33 11 44 22 33 44 32 13 32 33 33 22 22 11 44 24 11
1 44 42 33 41 14 31 41 32 42 11 32 41 14 22 33 41 32 13 32 32 23 22 23 14 42 24 14
1 44 44 22 44 14 33 44 33 44 14 33 44 11 22 33 44 33 11 33 33 22 22 22 11 44 22 11
1 44 42 33 44 11 31 44 32 44 44 33 41 14 22 33 44 33 13 33 33 23 22 23 14 44 22 14
1 41 22 33 44 44 33 41 32 42 14 33 41 14 22 32 44 33 33 32 32 22 22 23 14 42 44 14
1 44 42 22 44 14 31 41 32 44 14 33 44 11 23 33 41 33 13 33 33 22 22 22 11 44 22 11
1 44 44 22 44 11 33 44 33 44 11 33 44 11 22 33 41 33 11 33 33 22 22 23 14 44 22 11
1 44 22 23 44 11 31 41 32 44 14 33 41 14 22 33 41 32 13 33 33 23 22 23 14 44 24 14
1 44 42 23 44 11 33 41 32 44 14 33 41 44 23 32 41 33 13 32 33 23 22 23 14 42 44 14
1 41 42 33 41 14 31 41 32 42 14 32 41 14 23 32 41 32 33 32 32 23 22 23 14 42 24 14
1 44 42 23 44 11 31 41 32 44 11 33 41 11 22 33 41 33 11 33 32 23 22 23 11 44 22 11
1 44 44 23 44 14 31 44 32 44 14 33 44 11 22 33 44 33 11 32 33 22 22 23 11 44 24 11
1 44 44 22 44 14 31 41 33 44 14 33 44 14 23 33 41 33 11 33 33 22 22 23 11 44 22 11
1 44 44 22 44 11 33 44 33 44 14 32 41 14 22 33 41 33 13 33 33 22 22 23 11 42 22 11
1 41 42 23 44 11 33 44 32 44 14 32 44 14 22 33 44 33 13 33 33 33 22 23 11 22 22 44
1 41 44 22 44 14 31 44 33 44 11 33 41 44 22 33 44 33 11 32 33 33 22 23 11 42 24 11
1 41 42 23 44 14 31 44 33 44 14 33 41 14 22 33 44 33 11 32 33 22 22 23 11 44 22 11
1 44 44 23 44 11 31 44 33 44 11 33 41 11 23 33 44 33 13 32 33 23 22 22 14 42 22 14
1 44 22 33 44 14 31 41 32 42 44 32 41 44 22 33 11 33 13 32 32 23 22 33 14 22 24 14
1 44 22 23 44 14 31 44 32 44 14 33 41 44 22 33 44 32 13 32 33 33 22 33 44 22 44 14
1 41 42 23 41 14 31 41 32 44 14 33 41 14 22 32 41 33 11 32 32 23 22 23 14 42 22 14
1 11 22 22 11 44 11 11 32 44 44 33 11 44 23 33 41 33 13 32 32 22 22 23 14 42 24 44
1 41 22 23 44 44 31 41 32 42 14 32 44 14 22 33 11 33 33 32 33 23 22 33 14 42 24 14
1 44 44 22 44 11 33 44 33 44 11 33 44 14 22 33 44 33 11 33 33 22 22 23 11 44 22 11
1 44 44 23 44 11 33 44 33 44 11 32 44 14 22 33 44 33 11 33 33 22 22 23 44 44 24 11
1 44 42 23 44 11 33 11 33 44 14 32 11 44 22 33 41 33 11 33 33 23 22 33 11 42 24 11
1 44 42 23 44 14 33 41 32 42 14 32 41 14 22 33 41 33 13 33 32 23 22 23 14 42 24 14
1 41 22 33 11 44 11 41 32 42 14 33 11 14 23 32 11 22 33 32 32 33 22 33 14 22 44 44
1 44 42 23 41 11 31 41 32 42 14 33 41 11 22 33 41 33 13 33 32 23 22 23 14 42 24 14
1 44 42 33 44 14 11 44 33 44 11 33 44 11 22 33 41 33 33 33 33 33 22 23 14 42 22 11
1 44 42 23 44 11 33 44 33 44 11 33 44 11 22 33 44 33 11 33 33 22 22 23 11 42 24 11
1 41 22 23 44 14 33 11 22 42 44 32 41 44 23 32 41 32 13 32 33 23 22 23 44 22 24 14
1 41 22 33 44 14 31 41 33 44 14 33 11 14 22 33 41 33 11 33 33 23 23 23 14 22 24 14
1 41 42 23 44 14 31 41 32 44 14 33 41 44 23 32 41 32 13 32 33 23 23 23 11 42 24 14
1 44 22 33 41 44 11 44 32 44 44 22 11 44 23 32 11 32 13 33 32 33 23 33 14 22 44 44
1 41 42 23 44 14 31 41 32 44 14 33 41 11 23 32 11 33 33 33 32 23 22 23 14 22 24 14
1 41 22 33 44 44 33 44 22 44 44 33 11 14 23 32 41 33 33 33 33 22 22 33 14 22 44 11
1 44 42 23 44 14 33 44 33 44 14 33 44 11 22 33 41 33 11 33 33 23 22 23 44 42 24 11
1 44 42 23 44 11 31 44 33 44 11 32 41 14 22 33 44 32 13 32 33 22 22 23 14 44 22 11
1 44 42 23 44 11 33 41 32 44 11 33 44 11 22 33 44 33 11 33 33 23 22 22 14 22 22 11
1 44 42 22 44 11 33 44 33 44 11 33 44 14 22 33 44 33 11 33 33 22 22 22 11 42 22 11
1 44 42 23 44 11 33 44 33 44 14 33 44 11 22 33 44 33 11 33 33 22 22 22 14 22 22 11
1 41 44 33 41 14 11 41 22 44 14 33 11 14 23 32 11 32 33 32 32 23 23 23 14 22 24 14
1 41 42 23 41 14 31 44 32 44 14 32 41 44 22 32 41 32 13 32 32 23 22 23 14 42 24 14
1 41 22 23 41 11 11 41 22 42 14 33 41 44 23 33 41 32 33 32 33 23 22 23 11 42 24 14
1 44 44 22 44 14 33 44 33 44 11 33 44 11 22 33 44 33 11 33 33 22 22 22 11 42 22 11
1 44 44 22 44 11 33 44 33 44 11 33 44 11 22 33 44 33 11 33 33 22 22 22 11 44 22 11
1 44 44 22 44 11 33 44 33 44 11 33 44 11 22 33 44 33 11 33 33 22 22 22 11 44 24 11
1 44 42 23 44 14 31 41 22 44 11 33 41 14 22 33 41 32 13 32 32 23 22 33 11 42 24 14
1 44 44 22 44 11 33 44 33 44 11 33 44 14 22 33 44 33 11 33 33 22 22 22 11 44 22 11
1 44 44 22 44 11 33 41 33 44 14 33 44 11 22 33 44 33 13 33 33 22 22 22 11 44 22 11
1 44 42 23 44 11 33 44 33 44 11 33 44 14 22 33 44 33 11 33 33 22 22 23 11 42 22 11
1 44 42 23 44 14 31 44 33 44 14 33 41 11 22 33 44 33 13 33 33 22 22 33 14 42 24 14
1 44 42 23 44 11 33 44 32 44 14 33 44 44 22 33 44 33 11 33 33 23 22 22 14 44 24 14
1 41 42 23 44 14 31 41 32 42 14 33 41 14 23 32 41 32 13 33 32 23 23 23 11 42 24 14
1 44 42 23 44 14 31 41 32 42 14 32 41 14 22 32 41 32 13 32 33 23 22 23 14 42 24 14
1 44 42 23 44 14 31 44 32 42 11 33 44 14 22 33 44 33 11 32 33 22 22 22 11 44 24 14
1 11 42 33 44 14 33 11 32 44 14 33 44 14 22 33 41 33 11 33 33 33 22 33 14 42 44 44
1 44 44 22 44 11 33 44 32 44 14 33 41 11 23 33 44 32 11 32 33 23 22 23 11 42 22 14
1 44 44 22 44 14 33 41 33 44 14 33 44 14 22 33 44 33 11 33 33 23 22 22 14 44 24 44
1 44 42 23 44 14 33 41 32 44 11 33 41 14 22 33 44 33 11 33 32 23 22 23 14 44 22 11
1 44 44 23 44 11 33 44 33 44 11 33 44 11 22 33 41 33 11 33 33 22 22 22 11 42 22 14
1 44 22 33 41 11 11 44 32 42 44 33 44 44 22 33 41 33 13 32 33 23 22 33 11 42 24 11
1 41 42 33 41 44 33 11 32 44 44 32 11 11 22 33 41 33 11 22 33 23 22 33 14 42 44 14
1 44 42 33 44 11 31 11 33 44 14 33 41 14 22 33 41 33 11 33 33 23 22 23 44 42 24 11
1 41 42 23 44 14 31 41 32 44 14 33 41 14 23 33 44 32 11 33 33 23 22 23 14 42 24 14
1 44 42 23 44 11 33 44 33 44 14 33 44 11 22 33 44 33 11 33 33 23 22 23 14 44 22 11
1 41 42 23 41 14 31 41 32 42 14 32 41 14 23 32 41 32 13 32 32 23 23 23 14 42 24 14
1 44 42 23 41 11 33 41 32 44 14 33 41 14 22 33 44 33 13 32 33 23 22 23 14 44 24 14
1 44 42 22 44 11 33 44 32 44 11 33 41 11 22 33 44 33 11 33 33 23 22 23 11 44 22 11
1 44 42 22 44 11 31 41 32 44 11 33 41 14 22 33 41 33 11 33 33 23 22 33 11 42 22 11
1 41 22 23 41 14 31 41 33 42 11 33 44 11 22 33 44 33 11 32 33 22 22 33 11 42 24 44
1 44 44 23 44 11 33 44 33 44 11 33 44 11 22 33 44 33 11 33 33 22 22 22 11 44 22 11
1 44 44 33 41 14 33 44 33 44 11 33 44 11 22 33 44 33 11 33 33 22 22 23 11 44 22 14
1 44 42 23 44 14 33 41 33 44 14 33 44 11 23 33 44 32 13 32 32 23 22 23 14 42 24 14
1 44 44 22 44 11 33 44 33 44 11 33 44 11 22 33 44 33 11 33 33 22 22 22 11 44 22 11
1 44 44 22 44 11 33 44 33 44 11 33 44 11 22 33 44 33 11 33 33 22 22 22 11 44 22 11
1 44 44 33 44 11 31 44 33 44 11 33 44 14 23 33 41 32 13 33 33 22 23 23 14 42 22 14
1 44 42 23 44 11 33 41 32 42 14 33 44 14 23 33 41 33 13 32 32 22 22 22 14 42 24 14
1 44 42 23 44 11 31 41 33 44 14 33 41 11 22 33 41 33 11 33 33 23 22 33 11 42 22 14
1 44 44 23 44 11 33 44 33 44 11 33 44 11 22 33 44 33 13 33 33 22 22 22 14 44 22 14
1 44 42 22 44 11 33 41 33 44 11 33 44 14 22 33 44 33 11 33 33 22 22 22 44 42 22 11
1 44 42 33 44 11 31 41 33 44 14 33 44 11 22 33 41 33 11 32 22 22 22 23 14 44 22 14
1 44 44 22 44 11 33 44 33 44 11 33 44 11 22 33 44 33 11 33 33 22 22 22 11 44 22 11
1 44 44 33 44 11 33 44 32 44 11 33 44 14 22 33 44 33 11 33 33 23 22 23 11 44 24 14
1 44 22 22 44 14 33 44 32 44 14 33 41 11 23 33 44 33 13 33 33 22 23 23 11 22 22 14
1 44 44 22 44 11 33 44 33 44 14 33 41 11 22 33 44 33 11 33 33 22 22 22 14 42 22 11
1 44 42 23 44 11 33 41 33 44 14 32 44 14 22 32 41 33 13 33 33 23 22 23 14 42 24 14
1 41 42 22 41 11 31 44 32 44 11 33 41 14 22 33 41 32 13 33 33 23 22 33 14 44 24 14
1 44 42 22 44 11 31 44 33 44 14 33 41 11 22 33 44 33 13 33 33 22 22 23 11 44 24 14
1 44 42 23 44 14 33 44 32 44 11 33 44 44 22 33 41 33 13 33 33 22 22 23 11 42 22 11
1 41 42 23 44 14 31 41 33 44 14 33 41 14 22 32 41 32 13 33 32 22 22 23 14 42 24 14
1 41 42 23 41 14 31 41 32 42 14 32 41 14 23 32 41 33 13 32 32 23 23 23 14 42 24 14
1 44 44 22 44 11 33 44 33 44 11 33 44 11 22 33 11 33 11 33 33 22 22 23 11 44 22 11
1 41 42 23 44 11 33 41 32 44 14 32 44 14 22 33 44 33 11 32 33 22 22 23 11 42 24 11
1 11 22 33 44 44 11 11 22 42 44 32 41 44 23 32 11 32 13 32 33 23 22 33 44 22 24 44
1 44 44 22 44 14 33 44 32 44 14 33 41 14 22 33 44 33 13 33 33 22 22 23 11 44 24 14
1 44 44 23 44 11 33 44 33 44 11 33 44 11 22 33 44 33 11 33 33 22 22 22 11 44 22 11
1 44 22 33 44 14 11 41 32 44 14 33 44 14 23 33 11 32 11 22 32 23 23 23 14 22 24 11
1 44 42 22 44 11 33 44 33 44 11 33 44 11 22 33 44 33 11 33 33 22 22 22 11 44 22 11
1 41 44 33 44 11 31 41 33 44 14 32 44 11 22 33 41 32 13 32 33 23 22 23 14 42 24 14
1 44 42 23 44 11 33 41 32 44 11 33 41 14 22 33 41 33 11 32 33 23 22 23 11 42 24 14
1 44 42 23 44 11 33 44 32 44 14 33 44 11 22 33 41 33 11 33 33 23 22 23 11 42 22 11
1 44 42 33 44 14 33 41 33 44 14 33 44 11 22 33 41 33 13 33 33 22 22 22 11 44 24 11
1 44 42 23 44 14 31 41 32 44 11 33 44 14 22 33 44 33 13 33 32 22 22 23 11 42 22 14
1 44 42 22 44 14 33 44 33 44 11 33 44 14 22 33 41 33 13 33 33 23 22 23 14 42 24 11
1 44 42 22 44 11 31 44 32 44 11 33 11 14 22 33 41 33 13 33 33 22 22 22 11 42 22 11
1 41 22 33 41 44 11 11 33 44 44 33 41 14 22 33 41 32 13 32 33 23 22 23 14 22 22 14
1 44 42 23 41 14 33 41 32 42 14 32 41 44 23 33 41 32 13 33 32 23 23 33 14 42 24 14
1 44 44 23 44 11 33 44 22 44 11 33 44 11 22 33 44 33 11 33 33 22 22 23 11 42 24 11
1 41 22 23 41 14 31 41 32 42 14 33 41 14 23 33 41 32 13 33 33 23 23 23 14 42 24 44
1 41 42 33 41 14 33 41 32 42 14 32 41 14 23 32 41 32 13 32 32 23 23 23 14 42 24 14
1 44 22 23 41 11 31 11 32 42 44 32 11 44 22 33 41 32 13 32 33 33 22 33 14 42 44 44
1 44 42 33 44 14 33 11 33 44 14 33 44 14 22 33 41 33 33 33 33 23 22 23 14 42 44 14
1 44 44 22 44 11 33 44 33 44 11 33 41 11 22 33 44 33 11 33 33 22 22 22 11 44 22 11
1 44 44 22 44 11 33 41 33 44 11 33 44 11 22 33 41 33 11 32 33 22 22 23 11 42 22 14
1 44 42 22 44 11 33 44 33 44 11 33 44 11 22 33 44 33 11 33 33 22 22 22 11 44 24 11
1 44 42 33 44 14 33 11 33 42 44 32 11 14 22 32 11 22 33 32 33 33 22 33 14 22 24 44
1 44 44 22 44 11 33 44 33 44 14 33 44 11 22 33 44 33 11 33 33 23 22 22 11 42 22 11
1 44 42 23 44 14 33 44 33 44 14 33 44 11 22 33 44 33 33 33 33 23 22 23 14 42 22 14
1 41 22 23 44 14 31 41 33 44 14 33 41 14 22 33 41 32 11 33 33 23 22 23 14 44 24 11
1 41 42 23 41 14 33 41 32 42 11 33 41 14 23 33 41 32 13 32 32 23 23 23 14 42 24 14
1 44 44 22 44 14 33 44 33 44 11 33 44 11 22 33 44 33 11 33 33 22 22 22 11 44 24 11
1 44 44 23 44 14 33 41 33 44 11 33 44 14 22 33 44 33 11 33 33 22 22 23 11 44 24 11
1 41 22 23 44 14 31 44 32 44 14 33 41 14 23 32 41 32 13 33 32 22 22 33 14 22 24 14
1 44 42 22 44 11 31 44 33 44 11 33 44 14 22 33 44 33 13 32 32 23 22 23 14 42 22 14
1 44 42 33 41 44 11 41 32 42 14 33 41 44 23 33 44 22 11 33 32 33 22 33 44 22 44 11
1 44 22 23 41 14 31 41 32 44 14 32 11 44 23 32 41 33 13 32 33 23 22 33 44 42 22 14
1 41 42 23 44 14 31 44 32 42 14 32 41 14 23 33 41 32 13 32 32 23 23 23 14 42 24 14
1 41 42 23 44 14 31 44 33 44 14 33 41 14 22 33 44 33 11 33 32 23 22 22 11 44 22 11
1 41 44 22 44 11 33 44 33 44 11 33 44 11 22 33 44 33 11 33 33 23 22 22 11 44 22 11
1 44 22 23 44 11 31 41 32 44 14 33 41 44 22 33 41 33 11 33 33 22 23 23 11 42 24 14
1 41 22 33 44 11 31 41 22 44 14 33 41 44 23 33 11 32 11 33 32 23 22 33 14 44 24 11
1 44 42 23 44 14 31 41 32 44 14 33 41 14 23 33 44 33 13 33 33 23 22 23 14 42 24 14
1 44 42 22 44 11 31 44 33 44 11 33 44 14 22 33 44 33 11 33 33 22 22 23 14 42 22 11
1 41 42 23 44 11 31 41 32 44 11 33 44 11 22 33 44 33 13 33 32 22 22 23 14 44 24 11
1 44 44 22 44 11 33 44 33 44 11 33 44 11 22 33 44 33 11 33 33 22 22 23 11 42 22 11
1 41 22 33 44 14 33 11 32 42 14 33 41 44 22 32 11 33 33 33 22 23 22 23 14 42 24 44
1 44 42 23 44 11 31 41 32 44 11 33 44 14 22 33 41 33 13 32 32 23 22 23 14 42 24 14
1 41 22 33 44 11 11 41 32 44 11 33 44 14 22 33 44 32 13 32 33 22 23 23 14 42 22 11
1 44 44 23 44 11 33 44 33 44 14 33 41 11 22 33 41 33 11 33 33 23 22 22 11 44 22 14
1 44 42 23 44 14 31 41 32 44 14 32 41 14 23 32 44 33 13 32 33 22 22 23 14 42 24 14
1 44 42 23 41 14 31 41 33 44 11 33 44 14 22 33 41 33 13 32 33 22 22 23 14 42 24 14
1 41 42 33 44 14 11 11 32 42 14 32 41 14 33 33 41 32 13 32 33 33 22 33 14 42 24 44
1 44 42 22 44 14 31 41 33 44 14 33 41 14 23 33 41 33 11 33 33 23 22 33 11 42 24 44
1 41 42 33 44 14 11 44 32 44 14 33 11 44 22 33 41 33 33 33 33 33 23 23 14 42 44 44
1 41 42 33 41 14 31 41 32 42 14 33 41 44 23 33 41 32 33 32 32 23 23 33 14 42 24 14
1 44 42 22 44 11 33 41 32 44 14 33 44 11 22 33 44 33 11 33 33 22 22 22 11 44 22 14
1 41 42 23 41 14 31 41 32 44 14 32 41 14 23 32 41 33 13 33 33 23 22 23 14 42 24 11
1 41 22 33 41 14 31 41 22 22 44 32 41 44 23 32 11 22 13 32 33 22 23 23 14 22 24 14
1 44 42 23 44 14 11 41 32 42 14 33 44 14 22 33 44 32 13 33 33 23 22 33 11 44 24 14
1 44 22 23 44 14 33 44 33 44 14 33 41 14 23 33 44 33 11 33 33 23 22 23 11 42 24 14
1 41 42 23 44 44 31 11 32 44 44 33 11 44 22 32 41 33 13 33 32 23 23 33 14 42 24 14
1 44 44 33 44 14 31 41 32 44 11 33 41 14 22 33 41 33 13 33 33 23 22 33 11 44 24 14
1 44 44 22 44 11 33 44 33 44 11 33 44 11 22 33 44 33 11 33 33 22 22 33 11 44 22 11
1 44 42 23 44 14 33 44 33 44 14 33 41 14 23 33 44 33 13 32 33 22 22 23 11 42 24 14
1 44 42 23 44 11 33 44 32 44 11 33 41 11 22 33 41 33 33 33 33 22 22 23 11 42 22 11
1 41 22 33 41 44 11 11 32 42 44 32 44 14 23 33 41 33 33 33 22 23 23 33 14 42 24 14
1 41 42 23 44 44 31 41 32 44 44 32 41 14 23 32 41 32 33 32 32 23 23 33 14 42 44 14
1 44 42 23 44 14 31 41 32 42 14 32 44 11 22 33 41 33 13 33 33 23 22 23 14 42 24 11
1 44 42 23 44 11 31 44 33 42 11 33 41 14 22 33 44 33 11 33 33 22 22 23 11 44 22 11
1 41 22 33 41 11 31 41 22 42 14 32 41 14 23 32 41 32 13 32 33 23 22 33 14 42 44 14
1 44 44 22 44 11 33 44 33 44 11 33 41 11 22 33 41 33 11 33 33 23 22 22 11 42 22 11
1 44 42 23 44 14 33 44 33 44 11 33 41 11 22 33 41 33 13 33 33 22 22 23 11 44 22 14
1 44 42 23 44 44 33 41 32 44 44 33 41 44 22 33 44 33 33 32 32 22 23 33 14 42 22 14
1 41 44 22 44 11 33 44 33 42 11 33 44 14 22 33 41 33 11 32 33 22 22 22 11 44 22 11
1 44 42 23 44 11 33 41 33 44 11 33 44 11 22 33 44 33 11 32 33 22 22 22 11 44 22 11
1 44 44 23 44 11 33 44 33 44 11 33 44 11 22 33 44 33 11 33 33 22 22 22 11 44 24 11
1 44 42 23 44 14 33 41 33 42 14 33 41 14 22 33 44 33 13 33 32 23 22 23 11 42 22 11
1 44 44 22 44 14 33 41 32 44 14 33 44 14 22 33 41 33 13 33 33 23 22 23 11 44 22 14
1 44 44 23 44 11 33 41 33 44 14 32 41 11 22 33 44 33 11 33 33 22 22 22 11 44 22 11
1 41 22 33 11 44 11 41 22 44 44 32 11 44 33 22 11 22 33 32 22 33 33 33 44 22 44 44
1 41 22 33 41 14 31 41 32 42 14 32 41 44 22 33 41 32 13 33 32 23 22 23 14 42 24 44
1 44 22 23 44 14 31 41 32 44 44 33 44 14 22 33 41 32 33 33 33 23 22 23 11 22 24 11
1 44 44 22 44 11 33 44 33 44 11 33 44 11 22 33 44 33 11 33 33 22 22 22 11 44 22 11
1 44 44 23 44 11 31 44 33 44 11 33 44 11 22 33 44 33 13 33 33 23 22 23 11 44 24 11
1 44 22 22 44 11 31 41 33 42 11 33 41 14 22 33 41 33 11 33 33 23 22 23 14 22 22 11
1 44 44 22 44 11 31 44 33 44 14 33 41 14 23 33 41 33 11 33 33 22 22 22 11 42 22 11
1 41 42 23 41 14 31 11 32 42 14 32 41 14 22 33 11 33 13 33 33 23 22 33 14 42 24 14
1 44 42 23 44 14 31 44 32 44 11 33 11 11 23 33 41 33 11 33 33 23 22 23 11 44 24 11
1 44 42 23 44 14 31 41 32 44 11 32 41 14 22 33 41 33 13 33 33 23 22 22 11 44 22 11
1 44 22 23 44 11 31 44 32 42 14 33 41 11 22 33 44 33 11 33 33 22 22 22 11 44 24 14
1 44 42 23 41 11 31 41 32 42 14 33 41 44 22 33 44 32 13 33 33 23 23 23 14 42 24 14
1 44 42 23 44 14 11 44 32 42 14 33 41 14 23 33 11 32 13 32 33 33 22 33 44 22 44 44
1 44 22 33 44 14 11 41 33 44 44 33 41 14 22 33 41 32 13 32 33 22 22 23 14 42 24 14
1 44 42 23 41 11 33 41 32 42 14 33 41 14 22 33 11 32 33 32 22 23 22 33 14 44 24 14
1 44 44 22 44 11 33 44 33 44 11 33 44 11 22 33 44 33 11 33 33 22 22 22 11 44 22 11
1 44 22 33 41 14 31 41 32 44 14 33 11 44 23 33 44 33 13 33 33 23 22 33 44 42 22 11
1 44 42 22 44 11 33 44 33 44 11 33 44 14 22 33 44 33 11 33 33 22 22 22 14 44 22 11
1 44 42 23 44 11 31 44 33 44 14 33 44 14 22 33 44 32 13 33 33 23 22 23 11 44 22 14
1 41 42 22 44 11 33 44 33 44 44 33 41 14 22 33 41 33 11 33 33 23 22 23 14 42 22 14
1 44 44 22 44 11 33 44 33 44 14 33 44 11 22 33 44 33 11 33 33 23 22 23 11 44 22 11
1 44 42 23 41 11 31 41 32 42 14 33 41 14 23 32 41 32 13 32 32 23 23 23 14 42 24 14
1 44 44 22 44 11 31 44 33 44 14 33 44 11 22 33 44 33 11 33 33 22 22 22 11 44 22 11
1 44 44 23 44 14 33 41 33 44 14 33 44 14 22 33 41 33 13 33 32 22 22 22 11 44 22 11
1 44 22 33 11 44 33 41 33 44 14 33 41 44 22 33 44 33 33 32 32 23 23 33 44 44 22 44
1 44 42 22 44 11 33 44 33 44 11 33 44 11 22 33 44 33 11 33 33 22 22 23 11 44 22 11
1 44 42 33 44 11 33 41 33 42 14 33 44 11 23 33 44 33 11 32 33 22 22 23 14 44 22 14
1 44 44 22 44 11 33 44 32 44 11 33 44 44 22 33 44 33 11 33 33 22 22 23 11 44 22 11
1 44 42 23 44 11 31 41 32 44 11 33 44 11 22 33 44 33 11 33 32 23 22 23 14 42 24 14
1 41 22 23 44 44 31 44 32 44 14 33 41 14 22 33 11 32 13 33 33 23 22 23 14 42 22 44
1 44 22 33 41 11 11 11 32 44 14 33 41 44 22 32 41 33 11 33 33 33 22 23 14 44 24 44
1 44 44 22 44 14 31 44 33 44 11 33 44 14 22 33 44 33 11 33 33 33 22 23 11 44 22 11
1 44 42 22 44 11 33 44 33 44 14 33 44 11 22 33 44 33 11 33 33 22 22 22 11 42 22 11
1 44 42 33 44 11 31 44 33 44 14 33 44 14 22 33 41 33 13 33 33 22 22 23 11 44 24 11
1 44 42 23 44 11 31 41 33 44 14 33 11 11 22 33 11 33 13 33 33 23 22 23 11 22 22 44
1 44 22 33 44 44 31 41 32 44 44 33 41 11 22 32 11 32 13 32 22 23 23 33 14 44 22 14
1 44 42 23 41 14 31 41 32 44 14 32 11 14 22 33 41 32 13 32 33 23 22 23 44 42 24 14
1 44 44 23 44 11 33 41 33 44 11 33 44 14 22 33 44 32 11 33 33 22 22 23 14 44 22 11
1 44 42 22 44 11 33 44 33 44 14 33 44 11 22 33 41 33 13 33 33 23 22 23 11 44 22 11
1 44 44 22 44 14 31 44 33 44 11 33 44 11 22 33 44 33 11 33 33 23 22 22 11 44 24 14
1 44 42 33 44 11 31 41 32 42 14 33 41 14 22 33 41 22 33 33 33 22 22 23 11 42 24 14
1 44 44 22 44 11 33 44 33 44 11 33 44 11 22 33 44 33 11 33 33 22 22 22 11 44 22 11
1 44 42 23 44 14 33 44 32 44 14 32 44 11 22 33 44 33 11 33 33 22 22 22 14 22 22 14
1 44 42 23 41 14 31 41 32 42 14 33 41 14 22 33 44 32 13 33 32 23 22 23 11 42 24 14
1 44 44 23 44 11 33 44 33 44 11 33 44 11 22 32 41 32 11 33 33 22 22 22 11 42 22 11
1 44 44 23 44 14 33 41 32 42 14 33 44 14 22 33 41 32 13 33 33 23 22 23 11 44 22 14
1 44 44 23 44 11 33 44 33 44 11 33 44 11 22 33 44 33 11 33 33 22 22 22 11 44 22 11
1 44 42 33 44 14 33 41 33 44 44 33 11 44 22 33 41 32 13 33 33 33 22 33 14 44 22 11
1 44 44 23 44 11 33 44 32 44 14 33 41 11 22 33 41 33 13 33 33 22 22 22 14 42 44 14
1 44 22 22 44 11 33 44 32 44 11 33 41 11 22 33 44 33 11 33 33 22 22 22 11 44 22 11
1 41 44 23 44 11 33 44 33 44 11 33 44 11 22 33 44 33 11 33 33 22 22 22 14 44 22 14
1 44 44 23 44 11 33 44 33 44 14 33 44 11 22 33 44 33 13 33 33 22 22 22 11 42 24 14
1 44 22 33 11 14 31 11 33 42 14 33 41 44 23 32 41 33 13 32 33 23 23 23 14 22 24 14
1 41 42 23 44 14 33 44 32 44 14 33 44 11 22 33 41 33 13 32 33 23 23 33 11 44 22 11
1 44 42 33 44 14 31 11 22 42 14 32 44 14 22 32 11 32 13 33 32 22 22 23 14 42 24 14
1 44 44 23 44 11 33 44 33 44 11 33 44 14 22 33 44 33 13 33 33 22 22 23 14 44 22 11
1 41 42 23 41 11 31 11 32 44 44 32 41 44 22 32 41 32 13 32 32 23 22 33 14 42 22 14
1 44 42 23 44 11 31 41 33 44 14 33 44 14 22 33 41 33 13 33 33 22 22 23 11 44 24 11
1 44 42 22 44 14 33 11 33 44 14 33 44 14 22 33 44 33 11 33 33 22 22 23 11 44 24 14
1 41 42 23 44 14 31 41 32 42 14 32 41 14 23 32 41 32 13 22 32 23 22 23 14 42 24 14
1 44 44 23 44 14 33 44 32 44 14 33 41 14 23 32 44 33 11 33 33 23 22 22 11 44 22 11
1 44 44 22 44 11 33 44 33 44 11 33 44 11 22 33 44 33 11 33 33 22 22 22 11 44 22 11
1 44 42 33 41 14 11 41 22 44 14 32 11 44 22 33 41 33 33 33 33 23 22 33 14 42 22 14
1 44 42 23 44 14 33 41 32 44 14 33 41 14 22 33 41 33 33 33 32 23 22 33 11 22 24 11
1 44 44 22 44 11 33 44 33 44 14 33 41 14 22 33 44 33 11 33 33 22 22 23 14 44 22 11
1 41 44 23 44 11 33 44 33 44 11 33 44 11 22 33 44 33 13 33 33 23 22 22 11 44 22 11
1 44 42 22 44 11 33 44 33 44 11 33 44 11 22 33 44 33 11 33 33 22 22 22 11 44 22 11
1 44 22 33 41 11 31 44 32 42 14 32 41 14 23 33 11 32 13 32 32 23 22 23 14 42 24 44
1 44 42 33 44 14 33 44 32 44 11 33 41 14 22 33 44 33 11 33 33 23 23 22 11 44 24 14
1 44 42 33 44 14 11 11 22 44 11 33 41 14 23 33 41 33 13 33 32 23 22 33 14 22 24 11
1 44 42 23 44 14 31 41 32 44 14 33 41 14 23 32 41 33 13 32 33 23 22 23 11 42 24 14
1 44 42 23 44 11 33 41 32 44 11 33 44 44 22 33 44 33 13 33 33 22 22 33 11 44 22 14
1 44 42 23 44 11 31 44 32 44 14 33 41 14 22 33 41 33 11 32 32 23 22 23 14 42 22 14
1 44 22 33 44 14 11 41 32 44 14 32 41 14 22 32 41 33 11 32 22 33 23 33 44 22 44 44
1 44 44 22 44 11 33 44 33 44 14 33 44 14 22 33 41 33 11 33 33 22 22 22 11 44 22 11
1 44 42 23 44 14 31 44 22 44 11 32 41 14 22 32 44 32 11 33 33 22 22 33 14 42 24 14
1 44 42 22 44 11 31 44 33 44 11 33 41 11 22 33 44 33 11 32 33 22 22 23 11 42 22 11
1 41 44 23 44 11 33 44 33 44 11 33 44 11 22 33 44 32 11 33 33 23 22 23 11 44 22 11
1 44 44 23 44 11 31 44 33 44 11 32 41 14 22 33 41 33 11 33 33 23 22 22 11 44 24 11
1 41 42 33 11 14 31 11 22 42 14 32 11 44 23 33 11 33 13 33 32 23 33 23 14 22 24 44
1 11 22 33 41 44 11 11 22 22 11 33 41 14 23 33 41 32 33 33 32 23 22 33 14 42 44 44
1 41 42 23 41 14 31 41 32 42 14 32 41 14 23 32 41 32 13 32 32 23 22 23 14 42 24 14
1 41 22 23 41 14 31 11 32 42 44 32 41 44 22 33 41 32 13 33 33 23 23 33 14 22 44 14
1 41 44 22 44 14 31 41 33 44 11 33 44 11 22 33 41 33 13 33 33 23 22 23 11 42 24 14
1 41 42 33 44 14 31 11 32 42 14 32 41 14 23 32 41 32 33 32 32 23 22 23 14 42 24 14
1 44 42 22 44 14 11 41 32 44 11 33 44 11 22 33 44 33 13 33 33 22 22 23 14 44 22 11
1 44 22 33 44 11 11 41 32 42 44 32 41 44 23 33 44 32 11 33 33 33 22 33 44 22 44 11
1 41 22 33 41 44 11 11 22 42 14 33 11 44 23 32 11 32 33 32 33 33 23 33 14 42 24 44
1 41 42 23 44 14 33 44 32 44 11 33 41 14 22 33 41 33 13 33 32 23 22 23 14 42 22 11
1 41 42 23 44 11 33 44 32 44 14 33 41 11 22 33 44 33 13 33 32 22 23 23 14 42 24 14
1 44 44 23 44 14 31 44 33 44 11 33 41 14 22 33 41 32 13 32 32 22 22 23 14 44 22 14
1 44 22 23 44 11 33 41 32 42 11 33 41 44 23 33 41 33 13 33 33 23 22 23 14 42 24 11
1 44 44 22 44 11 31 44 32 44 11 33 44 11 22 33 44 33 11 33 33 22 22 22 14 42 22 11
1 44 42 22 44 14 31 44 32 44 14 33 41 14 23 33 11 32 13 32 33 23 22 23 14 44 24 14
1 44 42 23 44 14 31 41 33 44 14 33 41 14 23 33 41 32 13 33 33 23 22 23 14 42 24 14
1 44 44 23 44 11 33 11 33 42 14 33 44 14 23 33 41 33 11 33 33 22 22 23 11 44 24 14
1 44 42 22 44 14 33 41 32 44 14 33 41 14 22 33 44 32 13 33 33 22 22 23 14 44 24 11
1 41 42 23 44 14 31 41 32 44 14 33 41 14 23 32 44 33 13 32 32 23 23 23 11 42 24 14
1 41 44 23 44 14 31 41 32 44 14 32 44 14 22 33 41 32 13 33 32 23 22 22 44 42 24 14
1 41 22 33 44 44 11 41 22 44 14 32 41 44 23 33 44 33 13 32 32 33 22 23 14 22 22 11
1 44 42 23 44 14 33 44 32 42 11 33 41 14 22 33 44 33 11 33 33 22 22 23 11 44 24 14
1 44 42 33 41 14 33 11 32 44 44 32 11 14 23 33 44 32 33 33 32 23 22 33 44 42 24 14
1 44 42 33 41 14 31 41 32 42 11 33 41 14 23 32 44 33 13 33 33 23 23 23 14 44 24 14
1 44 44 23 44 11 31 44 33 42 11 33 44 14 22 33 41 33 11 33 33 23 22 22 11 44 24 14
1 44 42 23 44 11 31 44 33 44 14 33 44 14 22 33 41 33 13 33 33 23 22 23 11 44 22 11
1 44 42 22 44 11 33 44 33 44 11 33 44 11 22 33 44 33 13 33 33 23 22 23 14 42 22 14
1 44 42 23 44 14 33 44 32 44 11 33 44 14 22 33 41 33 11 33 33 33 22 23 11 44 22 11
1 41 42 23 44 14 31 44 32 44 14 33 41 14 22 32 44 33 13 32 32 22 22 33 14 42 22 14
1 44 42 22 44 11 33 44 32 44 11 33 44 11 22 33 44 33 11 33 33 23 22 23 11 44 22 11
1 41 44 33 44 44 33 41 33 42 44 33 11 44 23 33 41 33 11 33 33 23 23 23 11 44 24 44
1 44 44 23 44 11 33 44 33 44 11 33 44 11 22 33 41 33 11 33 33 22 22 23 11 44 22 11
1 41 42 23 44 14 31 41 32 42 14 32 41 14 23 32 41 33 13 33 33 23 23 33 14 22 44 14
1 41 22 33 41 44 11 11 32 44 14 33 11 44 33 32 41 32 33 32 32 33 22 33 44 22 22 14
1 44 22 33 41 14 31 11 32 44 14 33 41 14 22 33 41 33 33 33 33 22 22 33 14 22 44 11
1 44 44 23 44 11 33 44 33 44 11 33 44 11 22 33 44 33 11 33 33 22 22 22 11 44 22 11
1 44 22 33 41 14 33 41 32 44 11 32 41 14 22 33 11 22 33 33 33 23 22 33 14 42 24 14
1 41 42 23 41 14 31 41 32 44 14 32 41 14 23 32 41 33 13 32 32 23 23 23 14 42 24 14
1 41 22 33 44 44 11 11 22 42 44 33 11 44 22 33 11 22 33 32 32 23 23 33 14 22 44 44
1 44 44 22 44 11 33 41 33 44 11 33 41 11 22 33 44 33 11 33 33 23 22 23 14 44 22 11
1 41 22 33 41 44 31 11 32 42 14 33 41 14 23 33 11 33 33 32 32 23 23 23 14 22 44 14
1 41 44 23 44 14 31 41 32 44 11 33 41 14 22 33 41 33 11 33 33 22 22 23 11 44 24 11
1 44 42 33 44 14 11 41 32 42 14 33 41 44 22 33 41 33 11 32 33 23 23 33 14 22 24 44
1 44 44 22 44 11 33 44 33 44 11 33 41 14 23 33 41 33 13 33 33 22 22 23 14 44 22 11
1 44 42 23 44 11 31 44 33 44 11 33 44 11 23 33 44 33 13 32 33 22 22 22 11 44 22 14
1 44 44 22 41 11 33 41 32 44 11 33 41 11 23 33 41 33 11 33 33 23 22 22 11 44 22 14
1 44 42 22 44 11 33 44 33 44 11 33 41 11 22 33 41 33 13 32 33 23 22 22 14 22 24 11
1 44 44 33 44 11 11 41 33 42 11 33 41 44 22 33 41 33 33 32 33 23 22 22 14 22 24 11
1 44 42 23 44 11 33 44 33 44 11 33 44 14 22 33 44 33 11 33 33 22 22 23 11 44 22 11
1 41 42 23 44 14 31 41 32 44 14 33 41 14 22 33 41 32 13 32 32 23 23 23 14 42 24 14
1 44 44 23 41 14 31 44 32 44 14 33 41 14 22 33 41 33 13 33 22 33 22 33 14 22 22 14
1 44 42 23 44 14 33 44 32 44 14 32 41 14 23 32 41 32 13 32 33 33 22 23 14 42 24 11
1 44 42 22 44 11 33 44 32 44 11 33 44 11 22 33 44 33 11 33 33 22 22 22 11 44 24 11
1 44 44 22 44 11 33 44 32 44 11 33 44 11 22 33 44 33 11 33 33 22 22 22 11 44 22 11
1 44 44 23 44 14 33 44 32 44 14 33 44 11 22 33 44 33 11 33 33 23 22 22 14 44 22 11
1 44 22 22 44 11 31 44 32 44 14 32 41 14 23 33 41 33 11 33 33 22 22 33 14 42 22 14
1 44 42 23 41 14 31 41 32 42 14 33 11 14 23 32 41 32 13 32 32 23 23 23 14 42 24 14
1 44 44 22 44 11 33 44 33 44 11 33 44 14 22 33 44 33 13 32 33 22 22 22 11 44 22 11
1 41 22 23 44 14 11 41 32 44 14 33 44 14 22 33 44 33 13 32 33 23 23 33 14 42 24 14
1 44 42 22 44 11 31 41 33 44 14 33 44 14 22 33 44 33 11 33 33 23 22 22 11 42 22 11
1 44 42 22 44 11 33 44 32 44 11 33 44 14 22 33 44 33 13 33 33 22 22 23 14 44 24 11
1 44 42 23 44 11 31 41 33 44 11 33 41 44 22 33 41 32 13 33 33 22 22 22 14 44 24 11
1 41 42 33 41 14 33 44 22 22 14 32 41 14 23 33 41 32 13 32 32 23 23 23 14 42 24 44
1 44 42 23 44 14 33 41 22 44 11 33 44 14 22 33 41 33 13 33 33 23 22 23 14 44 24 14
1 41 42 23 41 11 31 11 33 42 44 33 41 44 22 33 41 33 11 33 33 33 23 23 11 22 24 14
1 41 22 33 41 11 11 41 33 44 44 33 44 14 22 33 11 33 33 32 33 23 22 33 14 42 24 14
1 11 22 33 11 44 11 11 22 22 14 32 11 44 23 32 11 32 33 22 22 33 23 33 44 22 44 44
1 44 22 23 44 14 31 44 33 44 11 33 41 14 22 33 41 33 13 32 33 33 22 33 14 42 22 14
1 11 42 23 41 14 31 41 32 42 14 32 41 14 23 33 41 33 13 32 32 23 23 23 14 42 24 14
1 11 42 33 41 44 11 41 33 22 44 22 41 44 22 33 11 32 33 32 22 33 22 33 14 22 44 44
1 44 44 22 44 11 31 44 33 44 11 33 44 11 22 33 44 33 11 33 33 22 22 22 11 44 22 11
1 41 22 23 41 14 11 11 32 42 14 33 41 44 23 33 41 33 13 32 33 23 23 33 14 42 24 14
1 44 44 22 44 11 33 44 33 44 11 33 44 11 22 33 44 33 11 33 33 22 22 22 11 44 22 11
1 44 22 23 44 14 31 44 32 44 44 33 41 14 22 33 41 33 13 33 33 22 22 23 11 44 44 14
1 41 42 33 41 14 31 41 32 44 14 32 41 14 23 33 41 32 13 32 32 23 23 23 14 42 24 14
1 44 44 22 44 14 33 44 33 44 11 33 44 11 22 33 44 33 11 33 33 22 22 22 11 44 22 11
1 44 44 22 44 11 33 41 33 44 11 33 44 11 22 33 41 33 11 33 33 23 22 23 11 44 24 11
1 44 44 22 44 11 33 44 33 44 11 33 44 11 22 33 44 33 11 33 33 22 22 23 11 44 22 11
1 41 22 23 41 14 31 41 32 44 44 33 11 44 22 32 11 32 11 33 32 33 23 33 14 44 44 14
1 44 44 22 44 11 33 44 33 44 11 33 44 11 22 33 44 33 11 33 33 22 22 22 11 44 22 11
1 41 22 23 41 14 31 41 32 44 44 32 41 44 23 32 41 32 33 32 32 23 22 23 14 22 44 14
1 44 22 23 44 14 33 44 32 44 14 33 41 11 22 33 41 33 13 33 33 23 22 23 11 44 22 11
1 44 44 33 44 11 31 41 32 44 44 33 44 14 22 33 41 33 11 33 33 22 22 22 11 42 22 11
1 44 22 33 44 11 31 41 32 44 14 33 41 14 22 33 41 33 13 32 22 23 22 33 14 22 44 14
1 44 22 33 44 44 31 41 33 42 44 33 41 44 22 33 41 33 13 33 33 23 22 33 11 22 24 14
1 41 42 33 44 14 31 41 33 44 11 33 41 44 23 33 11 33 13 33 33 23 22 22 11 44 22 14
1 44 44 22 44 11 31 44 33 44 44 33 41 11 22 33 44 33 33 33 33 22 22 23 14 44 22 14
1 44 42 22 44 11 33 44 33 44 11 33 44 14 22 33 44 33 11 33 33 22 22 22 11 44 22 11
1 44 42 23 44 14 31 41 32 44 11 33 41 14 23 33 41 33 11 33 32 22 22 23 11 44 24 14
1 44 42 22 41 11 31 41 32 44 14 33 44 14 22 33 44 32 13 33 33 23 22 33 11 42 24 11
1 44 22 33 44 14 31 44 32 42 14 33 41 44 22 33 44 33 33 33 33 22 22 33 14 42 24 14
1 41 42 23 44 14 31 41 33 42 14 32 41 14 22 32 41 33 33 33 33 33 23 23 44 22 44 44
1 44 44 22 44 11 31 41 33 44 44 33 41 11 22 33 44 33 11 33 33 22 22 22 11 44 22 44
1 44 42 22 44 11 33 44 33 44 11 33 41 14 22 33 44 33 11 33 33 22 22 22 11 44 22 11
1 44 44 23 44 11 33 44 33 44 11 33 44 11 22 33 44 33 11 33 33 23 22 22 11 22 22 11
1 41 44 23 44 11 33 44 33 44 11 33 44 14 22 33 44 33 11 32 32 23 22 23 11 42 22 11
1 44 44 22 44 14 31 44 33 44 11 33 41 14 22 33 44 33 13 33 33 22 22 23 11 44 22 14
