 rs484711 rs488595 rs4661330 rs542008 rs876295 rs17368978 rs2496342 rs736185 rs1010294 rs3002000 rs2294490 rs2253372 rs742361 rs742362 rs2473344 rs2473345 rs733887 rs2092324 rs2496325 rs742363 rs2496321
0 44 44 11 33 22 11 11 44 23 44 41 41 41 11 33 32 11 11 33 33 24
0 11 41 14 22 22 11 11 44 23 44 44 41 44 11 33 33 11 11 22 33 22
0 14 41 14 22 33 14 13 41 23 43 44 44 41 14 32 33 14 44 23 31 44
0 11 41 11 22 23 11 13 41 23 33 11 11 41 14 33 33 14 11 23 31 22
0 44 11 44 23 23 11 11 44 23 43 44 11 41 11 32 33 14 11 22 11 22
0 11 41 11 22 22 14 13 44 23 43 44 41 44 14 33 33 14 11 22 31 22
0 14 44 11 22 22 11 11 44 33 44 44 44 41 11 33 32 14 11 33 31 22
0 11 44 11 22 22 11 33 44 33 44 44 44 44 11 33 33 11 11 22 33 22
0 14 41 14 22 22 14 11 41 23 44 11 44 44 11 33 33 14 11 22 33 22
0 11 11 14 23 22 14 11 41 23 44 41 41 41 11 33 33 14 14 23 11 24
0 14 41 11 22 22 14 13 44 23 43 41 41 44 11 33 32 14 14 22 33 24
0 14 41 14 23 22 14 11 44 23 43 44 41 44 11 33 33 14 11 23 33 24
0 14 44 11 23 22 14 13 41 23 43 44 44 41 11 33 33 14 14 22 31 24
0 11 41 14 22 23 14 11 11 22 44 44 44 44 14 33 33 44 11 23 31 24
0 14 11 14 22 23 44 13 44 33 43 11 44 44 11 33 33 14 11 22 31 24
0 44 44 11 23 33 11 11 41 33 43 44 41 11 44 33 32 11 14 23 31 24
0 11 41 11 22 22 11 13 41 23 43 44 44 44 14 33 33 11 14 23 31 24
0 11 11 11 23 23 44 13 44 23 43 41 41 44 14 33 32 11 14 23 31 24
0 11 44 14 22 22 14 11 44 23 44 11 41 44 14 33 33 11 11 23 31 24
0 11 44 11 23 22 44 11 41 22 44 44 44 41 11 33 32 11 11 22 33 22
0 11 41 11 22 22 14 13 44 23 43 44 41 41 11 33 33 44 14 22 31 22
0 11 41 14 22 22 11 11 44 23 44 41 44 44 11 33 33 11 14 22 11 44
0 11 44 14 23 22 14 13 41 23 43 41 11 44 14 33 33 14 11 22 33 24
0 44 41 14 22 23 14 13 41 33 43 44 41 41 11 33 33 14 14 23 31 44
0 11 44 14 23 22 11 11 44 22 43 41 41 41 14 32 32 11 11 22 33 24
0 14 41 11 23 22 14 11 44 33 33 44 41 44 11 33 33 14 11 22 33 22
0 14 41 14 22 23 11 11 41 22 44 44 44 44 44 33 33 14 11 22 33 22
0 11 41 14 22 23 14 11 41 23 43 44 44 44 11 33 33 14 14 23 31 22
0 11 41 44 23 23 14 13 41 33 33 41 44 44 11 33 32 44 14 22 31 44
0 11 41 14 22 22 14 11 44 23 44 44 44 44 11 33 33 11 11 22 31 22
0 11 44 14 23 23 44 11 41 33 33 44 41 44 11 32 33 14 44 23 31 22
0 11 44 11 22 23 14 11 44 23 44 44 44 44 11 33 33 14 11 22 33 44
0 14 41 11 22 22 14 13 44 23 44 41 44 41 11 33 33 11 14 22 31 24
0 11 11 14 22 23 11 33 41 33 43 11 44 41 14 32 22 44 11 23 33 24
0 11 41 11 23 23 14 11 41 22 43 41 44 44 11 33 32 14 14 22 31 22
0 14 44 11 22 22 14 11 44 22 44 41 44 44 11 33 33 44 11 23 31 22
0 14 41 14 22 22 44 13 41 33 44 44 41 44 11 32 22 44 11 22 31 44
0 11 41 11 22 22 11 13 41 23 43 11 44 41 11 33 33 44 14 22 33 22
0 14 44 11 22 22 11 11 44 22 44 41 41 41 11 33 33 11 11 22 33 22
0 14 41 11 23 22 14 11 41 33 33 41 41 11 14 32 33 14 11 23 11 24
0 11 11 14 23 22 14 11 44 23 43 44 44 41 11 22 33 14 44 23 31 22
0 11 44 11 22 22 14 11 44 22 44 44 41 41 11 33 33 11 14 22 31 24
0 11 41 14 23 22 14 13 44 22 44 41 41 11 14 33 33 11 11 23 11 24
0 11 11 14 22 22 44 11 44 22 44 44 11 44 11 33 32 14 14 22 31 44
0 11 44 14 22 22 14 11 44 33 43 41 11 41 14 33 32 14 11 23 11 44
0 14 41 14 22 22 14 13 44 23 44 44 44 44 14 33 32 14 44 33 33 22
0 14 44 11 22 22 11 13 41 33 43 41 41 41 14 33 33 44 44 23 11 44
0 14 11 14 22 22 14 13 41 22 43 44 41 44 11 32 33 14 11 22 31 44
0 11 44 11 22 23 11 11 44 22 44 41 44 41 11 33 33 14 14 22 33 22
0 14 41 11 22 22 11 13 44 33 44 41 44 41 11 33 33 11 11 23 31 22
0 11 44 11 23 22 44 11 44 22 43 44 44 41 11 33 33 44 14 22 33 24
0 44 41 14 33 22 14 13 11 23 43 41 44 44 11 33 33 14 14 22 31 24
0 14 11 14 33 22 14 11 44 23 43 11 41 41 11 33 32 44 14 22 31 24
0 14 41 44 23 23 44 11 11 23 43 41 41 41 14 33 32 11 44 33 11 22
0 11 41 11 23 22 14 11 11 23 43 41 11 44 14 33 33 14 11 33 31 24
0 14 41 44 22 23 14 13 44 23 43 44 44 41 44 33 33 11 44 23 33 22
0 11 11 11 22 23 11 11 41 23 43 11 41 41 14 33 32 11 14 22 33 24
0 11 41 14 23 22 11 11 41 23 43 44 41 44 11 32 33 14 11 23 11 44
0 14 41 44 22 22 11 13 44 23 43 44 44 44 14 33 32 11 11 23 31 22
0 14 41 44 22 22 11 13 41 33 43 11 44 41 14 32 33 14 11 23 33 44
0 11 44 14 23 22 11 11 41 22 44 41 44 11 11 33 32 11 11 22 33 24
0 14 44 14 22 22 14 11 44 33 43 44 41 44 11 33 33 11 11 23 33 24
0 11 44 11 22 22 11 11 41 23 44 41 41 44 14 33 33 11 11 23 33 22
0 11 44 14 22 33 14 13 41 33 44 11 41 41 11 32 33 44 14 33 11 24
0 14 41 44 22 23 14 33 41 23 43 41 11 44 11 32 33 44 14 33 11 44
0 11 41 14 22 22 14 11 11 23 43 44 44 41 11 32 33 14 11 23 31 44
0 11 11 14 22 22 11 13 44 23 43 44 44 44 14 33 33 14 11 33 31 24
0 44 41 11 22 22 44 11 11 23 43 41 41 44 11 33 22 11 11 23 31 22
0 11 11 11 22 23 14 11 44 23 43 41 44 44 11 33 33 14 14 23 33 22
0 11 44 14 33 22 11 13 44 23 43 44 41 41 11 32 22 11 14 23 33 44
0 44 41 11 22 22 14 13 44 23 43 41 41 44 11 33 33 11 14 22 11 44
0 11 44 14 23 23 14 11 11 23 43 41 41 41 14 32 32 14 14 23 33 24
0 14 11 11 22 22 14 11 44 22 43 41 44 44 11 33 33 11 14 22 31 24
0 11 41 14 22 23 44 33 41 23 43 41 44 41 11 33 33 11 11 23 31 24
0 14 11 14 22 22 14 11 41 22 33 44 41 44 14 33 32 11 14 22 31 22
0 11 44 14 22 23 11 13 44 23 43 44 41 44 11 33 32 11 14 22 31 24
0 14 41 14 33 22 11 11 41 22 43 41 41 41 11 32 33 11 14 33 33 22
0 14 11 14 23 22 14 13 44 22 43 41 44 41 11 33 32 11 11 23 33 24
0 11 41 11 22 23 44 11 44 23 44 11 41 41 14 33 33 44 11 23 33 44
0 11 44 11 22 23 14 11 11 23 33 44 44 44 14 33 33 11 11 22 33 24
0 14 41 11 22 22 14 13 11 23 33 41 41 44 11 33 22 44 11 22 31 24
0 14 44 11 22 23 14 11 41 23 44 44 44 41 11 33 32 11 14 23 11 24
0 14 44 14 22 22 14 13 44 23 43 41 44 44 11 32 33 14 11 22 31 24
0 14 41 44 22 23 14 11 41 33 44 41 41 41 11 33 33 11 11 23 33 24
0 11 44 14 22 23 11 13 44 22 33 44 44 41 14 33 33 11 11 23 33 22
0 14 41 14 23 23 44 11 41 33 43 44 44 44 11 33 32 14 11 22 31 24
0 11 44 14 23 22 44 11 11 23 43 44 41 44 11 32 22 11 14 22 11 24
0 14 11 11 22 22 11 13 41 23 44 44 44 41 11 32 33 11 11 22 11 24
0 14 11 14 33 22 14 11 41 23 43 41 44 41 11 32 33 14 44 33 31 24
0 11 41 14 22 23 14 13 44 22 43 44 41 44 14 32 33 11 11 22 31 24
0 14 41 14 22 22 14 11 41 23 33 44 41 44 11 32 33 11 14 23 11 24
0 11 44 14 22 22 14 11 41 23 43 41 11 41 11 33 33 14 11 23 31 22
0 14 41 11 22 22 11 13 41 23 33 11 41 44 11 33 32 44 14 23 11 22
0 11 41 14 23 23 14 11 44 23 44 41 41 44 11 33 32 11 11 22 31 22
0 11 41 14 22 23 11 11 11 23 43 11 44 44 11 32 32 11 11 23 31 44
0 11 41 11 23 23 14 13 11 23 44 41 41 41 11 33 32 11 14 23 31 22
0 44 41 11 22 22 14 13 44 23 44 41 44 41 11 33 32 11 44 33 31 24
0 14 44 14 22 22 14 11 41 33 43 41 44 44 11 32 32 14 11 22 31 24
0 14 44 11 22 22 11 11 44 22 43 41 44 44 11 33 32 44 11 22 31 22
0 14 44 14 23 22 11 11 41 23 43 41 44 41 11 32 33 14 11 23 31 24
0 11 44 11 22 22 14 11 44 23 44 41 41 44 11 33 32 11 11 22 31 22
0 11 44 11 22 22 11 11 44 23 43 44 44 44 11 33 33 14 11 22 31 22
0 14 41 14 23 22 44 11 11 23 44 41 44 11 14 33 22 11 11 23 31 24
0 11 44 14 22 23 14 11 44 33 44 44 41 44 11 32 32 14 11 22 33 24
0 14 44 14 23 23 11 13 41 23 43 44 44 44 14 33 33 14 11 33 11 24
0 14 11 14 23 22 11 11 44 22 43 41 44 44 11 33 33 14 14 23 31 24
0 11 41 11 22 22 11 11 41 33 44 41 41 44 11 33 32 14 44 23 11 22
0 11 41 11 23 22 11 11 41 23 43 44 41 44 11 33 33 14 11 23 31 24
0 11 41 11 22 22 11 11 44 23 43 44 44 44 14 33 33 11 14 23 33 24
0 14 44 44 22 23 14 11 41 22 43 41 11 41 14 33 33 14 14 23 31 24
0 14 41 11 22 22 11 11 41 22 44 41 44 44 11 33 32 11 11 22 33 22
0 11 41 11 23 23 14 11 44 23 43 41 44 44 11 33 33 44 14 22 31 22
0 11 41 14 22 23 14 11 44 23 43 41 41 44 14 33 33 14 11 23 31 22
0 11 44 14 23 22 11 11 44 23 44 41 44 44 11 33 33 14 11 22 31 44
0 14 41 11 22 22 14 11 44 33 33 44 44 41 11 33 33 14 11 22 31 24
0 14 44 11 22 22 11 11 44 23 44 44 44 41 11 33 33 11 11 22 33 22
0 11 41 44 23 23 11 11 44 23 44 44 44 44 11 33 33 14 11 22 31 44
0 11 41 14 23 33 14 11 44 22 43 11 41 44 11 33 33 11 11 22 31 24
0 11 11 14 23 33 14 11 41 22 44 41 44 41 14 33 32 11 11 23 31 24
0 44 41 11 23 23 14 11 44 23 44 44 44 11 11 33 32 14 11 23 11 24
0 11 44 11 22 22 14 11 44 23 44 41 44 41 11 33 33 11 14 22 11 24
0 14 44 11 23 22 14 13 44 33 44 41 44 44 14 33 33 11 14 23 31 24
0 11 44 11 22 22 11 11 44 22 43 44 44 44 11 33 33 14 11 22 33 22
0 11 44 11 22 22 11 11 44 22 44 44 41 44 11 33 33 11 11 22 33 22
0 11 41 14 22 22 14 13 41 33 43 41 41 44 11 33 33 11 14 23 33 24
0 11 41 44 23 23 11 13 41 23 33 41 41 41 14 32 22 11 44 33 31 24
0 11 11 14 22 22 11 13 41 23 44 11 41 41 14 33 33 14 14 33 31 24
0 14 44 14 22 23 44 11 41 23 44 44 44 44 14 33 33 14 14 33 33 24
0 11 44 14 22 22 11 11 41 22 43 41 44 44 11 33 33 11 14 22 11 24
0 11 44 11 22 22 11 11 44 22 44 44 44 44 11 33 32 11 11 22 31 22
0 11 44 11 22 23 11 11 44 22 44 41 41 44 11 33 33 11 11 22 33 22
0 11 41 11 23 22 11 11 44 23 44 41 44 44 11 33 33 14 14 22 31 24
0 14 41 14 22 22 11 11 41 23 43 41 44 41 11 33 33 14 14 23 31 22
0 11 44 14 22 22 14 11 41 23 33 44 44 44 11 33 32 11 11 22 31 22
0 11 41 11 22 22 11 13 44 22 44 44 44 44 11 32 33 11 11 22 33 24
0 11 41 11 22 23 44 11 41 23 43 11 44 44 14 33 33 14 11 23 31 44
0 11 41 11 22 22 11 13 44 22 43 44 44 41 11 33 33 14 11 23 11 22
0 11 41 11 22 22 11 11 44 23 43 41 41 44 11 33 33 11 14 22 33 22
0 14 41 11 23 23 11 11 44 22 33 44 41 44 11 33 33 14 14 22 33 24
0 14 41 14 23 22 44 13 44 33 44 41 41 44 14 33 22 44 11 33 33 22
0 14 41 11 22 22 44 11 44 23 44 44 41 41 11 33 33 11 11 23 33 24
0 11 41 14 23 23 11 13 44 22 43 41 41 41 44 33 33 11 11 23 31 24
0 11 44 14 22 22 14 11 41 22 43 44 11 44 11 32 33 11 11 23 31 24
0 44 44 14 22 22 14 13 41 33 33 41 11 44 11 32 33 11 44 23 33 24
0 14 11 14 22 22 14 13 41 33 33 44 41 41 14 32 32 14 14 23 31 24
0 14 41 14 23 22 11 11 44 23 43 44 41 41 11 33 32 14 11 22 31 22
0 11 44 11 22 22 14 11 44 23 44 41 44 44 11 33 33 11 11 22 33 22
0 14 41 11 22 33 14 13 41 33 43 41 44 41 44 33 32 14 14 23 31 24
0 14 11 11 22 33 11 13 41 23 44 11 44 41 11 32 33 44 11 33 33 24
0 44 41 14 33 23 14 13 41 23 44 44 41 41 14 33 32 14 44 33 11 24
0 11 11 14 22 22 44 13 11 23 44 41 41 41 11 32 32 11 14 23 33 22
0 14 44 11 22 22 11 11 44 22 33 44 44 44 11 33 33 11 11 22 33 22
0 11 11 14 23 23 44 11 41 22 33 11 41 44 11 33 33 44 14 33 31 22
0 11 41 11 22 22 11 11 44 22 44 44 44 44 11 32 33 11 14 22 31 24
0 11 41 11 22 22 11 11 44 22 44 44 41 41 11 33 33 14 11 22 33 24
0 11 41 14 22 23 14 11 44 22 44 44 44 44 11 33 33 14 11 22 33 22
0 14 41 14 22 22 14 13 44 22 43 44 41 44 14 33 32 14 11 23 31 24
0 11 44 14 23 22 44 11 41 23 44 44 44 44 11 33 33 11 11 23 33 22
0 11 44 11 22 22 11 13 44 22 44 41 44 44 11 33 33 11 11 22 33 22
0 14 11 14 22 22 14 13 44 33 43 11 41 44 11 33 32 11 11 22 33 24
0 11 41 11 22 22 14 11 44 23 44 41 11 44 11 33 32 11 14 22 31 22
0 14 44 44 22 23 14 13 41 22 33 41 44 44 11 32 32 14 11 23 11 22
0 14 41 14 22 22 11 13 44 23 44 11 44 44 11 32 33 11 14 22 33 22
0 14 44 11 22 22 11 11 44 33 43 44 41 44 11 33 33 14 11 23 31 22
0 14 41 11 22 22 44 13 44 22 43 44 44 44 14 33 32 11 14 23 33 24
0 14 41 14 22 22 14 11 41 22 44 41 44 41 11 33 33 11 14 22 33 22
0 11 41 44 22 22 14 11 44 23 44 41 44 44 11 33 32 14 11 23 33 24
0 14 44 11 23 22 44 13 11 23 43 44 41 41 11 32 32 14 11 23 11 24
0 11 11 11 23 23 44 13 41 23 43 44 41 11 11 32 33 14 44 23 31 24
0 11 44 14 22 23 11 11 41 22 44 41 44 41 11 33 33 11 11 22 31 22
0 11 44 14 22 22 14 13 41 33 43 44 11 11 14 33 22 14 11 23 31 24
0 14 44 11 22 22 11 11 44 33 44 41 41 44 11 33 32 14 11 22 33 22
0 11 41 14 22 23 11 11 41 22 44 44 44 41 11 33 32 11 11 23 31 24
0 11 11 11 22 22 11 11 44 22 44 44 44 44 11 33 33 14 11 23 33 24
0 11 44 11 23 23 11 13 41 22 43 44 41 44 11 33 32 14 14 22 31 22
0 14 41 44 22 23 14 11 44 23 44 11 41 41 11 33 33 11 14 23 11 24
0 11 41 14 22 23 14 11 41 23 43 44 44 44 11 32 33 11 11 22 33 24
0 11 41 14 23 22 14 11 44 33 43 11 41 41 11 33 33 14 11 22 33 24
0 11 11 14 23 23 14 13 41 22 43 41 41 41 14 32 32 11 14 22 33 22
0 14 41 11 23 23 44 11 44 33 43 41 41 41 11 33 32 11 11 23 33 22
0 11 41 11 23 33 44 13 41 33 44 11 11 44 14 32 33 44 14 23 31 24
0 11 44 11 22 22 14 11 44 22 44 44 41 44 11 33 33 11 11 22 31 22
0 11 41 14 23 22 44 13 41 33 43 41 44 11 14 32 33 14 14 22 31 22
0 11 11 11 33 23 44 11 41 23 44 41 41 41 11 33 32 11 11 23 11 22
0 44 41 44 23 23 14 11 11 23 43 44 11 44 11 33 33 11 14 23 33 24
0 11 41 11 23 22 14 13 44 23 43 41 41 44 11 33 33 14 44 23 33 24
0 14 41 44 23 33 14 13 41 23 43 44 44 44 11 32 33 14 14 22 31 24
0 14 44 14 23 23 14 11 44 23 43 41 41 44 11 33 33 11 14 23 31 24
0 44 44 14 33 23 11 13 41 33 43 41 41 44 11 32 32 14 14 22 31 24
0 11 44 14 22 23 11 11 44 23 43 41 44 41 14 33 32 11 11 23 33 24
0 11 41 14 22 22 14 11 44 22 33 41 44 44 11 33 33 11 11 22 33 22
0 11 44 14 23 22 11 11 41 23 43 41 41 44 11 33 32 14 14 23 33 22
0 11 41 11 22 22 14 11 41 23 33 41 44 44 11 33 33 14 14 23 11 22
0 11 41 11 23 23 44 11 41 23 44 41 44 44 11 32 33 14 11 23 31 22
0 11 41 14 22 22 11 11 44 23 44 44 44 44 11 33 33 11 11 23 33 24
0 44 41 14 22 33 11 11 41 22 43 44 11 44 11 22 33 44 11 22 11 22
0 11 41 11 33 22 11 11 41 22 44 41 44 44 11 32 33 11 14 22 33 22
0 11 41 11 22 22 14 11 44 33 44 41 44 41 11 33 33 14 44 33 31 22
0 14 41 44 22 22 11 13 44 23 43 41 44 41 11 33 33 14 14 33 31 22
0 11 11 14 22 22 14 11 44 33 43 11 41 41 44 33 32 14 11 22 31 24
0 11 41 14 23 22 11 33 41 23 43 41 44 41 14 33 33 11 14 22 31 24
0 11 44 14 33 23 14 13 44 23 43 41 41 41 11 32 32 44 14 23 31 24
0 11 41 14 22 33 14 13 44 33 33 41 11 41 11 33 33 44 44 23 31 44
0 11 44 11 22 22 11 11 44 22 43 44 44 44 11 32 33 11 14 22 31 22
0 44 44 14 23 22 14 11 44 22 44 44 41 41 11 32 33 11 11 22 31 24
0 11 11 14 22 22 11 33 44 23 33 44 41 44 14 33 33 14 11 23 33 22
0 14 11 14 23 23 14 13 41 33 33 41 41 41 11 33 22 44 14 23 31 22
0 44 11 14 22 23 11 13 44 22 43 41 11 11 14 33 33 44 14 23 33 24
0 14 44 11 22 22 11 13 41 33 43 44 44 44 11 32 33 11 14 22 33 24
0 14 11 14 22 22 14 11 44 23 33 11 11 41 11 32 33 11 14 23 33 24
0 14 11 14 33 22 44 13 44 23 43 11 41 41 11 32 32 44 14 22 11 24
0 11 44 11 22 22 14 11 44 33 43 44 11 44 11 33 33 14 14 22 33 24
0 14 41 14 22 23 14 11 41 23 44 11 41 44 11 33 32 44 44 22 31 44
0 11 44 14 22 23 11 11 41 23 43 41 44 41 44 33 33 14 11 23 31 22
0 11 44 11 22 22 11 11 44 22 43 44 44 44 14 33 33 11 11 23 33 44
0 11 44 14 22 22 11 11 44 33 44 41 44 41 11 33 33 11 14 23 31 22
0 11 44 14 22 22 11 13 41 22 44 41 44 44 11 33 33 14 11 22 11 22
0 14 11 14 22 23 11 33 41 22 44 44 41 44 14 32 32 14 11 33 11 44
0 11 41 44 22 33 11 13 44 23 43 44 41 41 11 32 33 14 11 22 11 24
0 14 44 14 23 23 14 13 41 23 43 44 41 44 11 33 32 11 11 23 31 24
0 44 44 14 33 23 14 13 41 23 43 41 44 11 11 33 32 14 14 23 31 24
0 14 44 11 23 22 11 11 44 23 44 44 44 44 11 33 33 11 11 22 31 22
0 14 41 14 22 23 11 11 41 23 43 41 41 41 14 33 33 14 11 23 31 24
0 14 41 14 22 22 14 13 41 22 33 44 44 44 14 33 33 14 44 22 33 22
0 14 41 44 22 33 14 11 41 23 33 11 44 41 14 33 32 11 14 23 11 24
0 14 41 14 23 33 11 33 44 33 43 44 44 41 11 33 33 14 11 22 31 24
0 11 44 11 22 22 11 11 44 23 44 44 44 44 14 33 33 11 11 22 33 22
0 11 11 14 22 23 14 13 41 22 44 41 41 41 11 33 33 14 14 23 33 22
0 14 41 14 23 23 14 33 11 33 44 41 44 44 11 33 32 14 14 23 33 24
0 14 41 14 23 22 14 13 41 23 33 44 41 44 11 32 32 14 14 23 31 24
0 44 41 14 23 23 14 13 41 33 43 41 44 44 11 32 32 14 44 33 11 22
0 11 41 44 22 23 14 11 44 22 33 44 44 44 11 33 33 14 11 22 33 22
0 14 41 11 22 22 11 11 44 22 44 44 44 44 11 33 33 11 11 22 11 22
0 14 41 14 22 22 44 13 44 22 44 11 41 11 14 33 33 44 14 23 11 24
0 14 41 14 22 33 14 11 41 23 44 44 41 11 11 33 32 11 11 23 31 22
0 14 41 14 22 23 44 13 44 22 44 44 41 44 11 33 33 11 14 22 33 24
0 11 44 14 23 23 14 11 41 23 44 41 41 44 44 33 33 14 44 23 11 24
0 14 11 14 22 22 14 13 44 23 43 41 11 44 11 32 32 11 14 23 11 44
0 11 41 11 22 23 14 13 44 22 44 44 41 11 11 33 33 44 11 23 11 24
0 11 11 44 22 33 11 13 41 23 44 41 44 41 14 32 32 11 14 22 33 22
0 14 44 44 23 22 14 13 41 33 43 41 44 41 11 33 32 11 11 22 11 24
0 14 41 11 33 23 44 11 41 33 43 11 11 41 11 33 32 14 14 33 11 44
0 14 41 14 23 22 14 13 41 22 43 41 11 41 11 33 22 11 14 33 31 24
0 14 11 14 22 22 14 13 41 23 43 41 44 41 14 33 32 11 14 33 11 22
0 14 44 14 23 22 11 11 41 22 44 41 44 41 11 33 32 14 11 23 33 22
0 14 41 44 23 23 14 13 41 23 43 44 11 44 11 33 33 11 11 22 31 24
0 14 44 14 22 22 14 11 44 23 44 41 41 44 11 33 33 11 14 22 33 24
0 14 11 44 33 23 44 33 11 33 33 41 11 41 14 32 33 14 44 22 11 24
0 11 41 14 23 22 14 11 44 23 43 44 41 41 14 33 33 11 11 22 33 24
0 11 44 11 22 22 11 13 41 33 44 44 44 44 11 33 33 11 14 22 31 24
0 11 44 11 22 23 11 13 44 22 44 41 44 44 11 32 33 14 44 22 33 44
0 44 41 11 22 22 14 11 44 22 43 41 41 41 14 32 33 14 11 23 31 24
0 11 41 14 23 22 14 13 44 23 43 41 44 44 11 32 33 14 44 23 31 24
0 44 41 14 22 23 11 13 44 22 43 44 44 41 14 32 33 14 44 22 31 24
0 11 41 14 23 23 14 11 41 22 44 44 44 44 11 33 33 11 14 33 33 24
0 11 41 11 22 22 11 11 44 22 44 44 44 41 11 33 33 44 11 22 33 24
0 11 11 11 22 22 11 13 41 33 43 44 44 11 11 32 32 14 11 23 11 24
0 14 44 14 33 22 14 11 44 23 44 41 44 41 11 33 32 11 11 33 33 22
0 11 41 14 22 22 14 11 11 23 43 11 41 41 14 33 33 14 14 22 31 22
0 14 41 11 22 22 14 11 44 22 44 44 44 44 11 33 33 11 11 22 33 22
0 11 44 11 22 22 14 13 44 23 43 44 44 44 11 33 33 14 11 23 33 22
0 14 11 14 23 22 11 11 44 22 43 44 41 44 11 32 33 14 14 33 31 22
0 11 44 11 23 22 11 11 44 23 44 41 41 44 11 33 33 44 11 22 33 24
0 14 41 11 22 22 14 11 41 23 44 41 44 41 11 33 33 14 11 22 33 22
0 11 41 11 23 23 11 11 44 22 44 44 44 44 11 33 33 11 11 22 33 22
0 14 11 14 23 22 14 11 41 33 44 41 44 41 14 32 33 14 44 23 31 24
0 14 44 14 23 23 44 11 44 22 44 41 44 44 11 22 32 44 14 33 11 24
0 14 44 11 22 22 44 11 41 22 43 41 41 44 14 32 33 14 14 23 31 22
0 14 11 11 22 23 14 11 44 23 43 44 44 41 11 33 33 14 11 22 11 22
0 14 11 11 22 22 14 11 41 22 44 41 41 44 44 33 32 11 11 23 31 22
0 14 11 14 23 22 44 11 44 33 43 41 41 11 14 22 33 11 14 22 11 24
0 11 41 14 23 23 14 13 41 22 44 11 44 11 14 32 33 14 14 23 11 44
0 14 11 14 22 22 14 11 44 23 44 41 41 44 14 33 32 11 14 23 33 24
0 14 11 14 33 23 44 11 44 33 33 41 41 44 14 33 33 44 44 23 31 22
0 11 41 11 22 22 44 33 41 23 44 11 41 44 11 33 33 14 11 22 31 24
0 11 41 11 23 23 14 11 44 23 43 44 44 11 14 33 32 14 14 22 33 22
0 14 41 14 23 22 14 11 41 22 43 41 44 44 11 33 33 11 11 33 11 22
0 11 44 11 22 22 11 11 44 22 44 44 44 44 11 33 33 14 11 22 31 22
0 11 41 11 22 23 11 11 44 23 33 41 44 44 11 33 33 14 11 33 31 22
0 44 11 14 23 23 44 13 41 23 33 41 41 41 11 33 33 14 44 33 11 24
0 11 41 14 22 22 14 11 44 23 44 44 41 44 11 33 33 11 14 22 33 24
0 14 41 14 23 22 11 13 44 23 43 41 44 44 11 33 32 11 14 23 11 22
0 11 44 11 22 23 14 11 44 22 44 44 11 41 11 33 32 14 11 22 31 24
0 14 11 44 22 23 14 33 41 23 43 41 41 44 44 33 32 14 14 22 31 24
0 14 44 44 22 22 14 13 44 22 44 44 44 44 14 33 32 11 11 23 31 24
0 11 44 11 23 22 14 13 41 33 44 44 41 44 11 33 33 14 14 22 11 22
0 11 11 44 22 22 11 13 11 23 44 41 41 44 14 33 33 11 11 22 31 22
0 14 11 44 23 22 11 11 44 23 43 41 44 44 11 32 33 14 14 22 31 24
0 11 41 14 22 23 11 11 44 23 44 44 44 44 11 33 33 11 14 22 33 22
0 14 44 14 22 22 14 11 44 33 43 41 41 44 11 33 32 11 11 22 31 24
0 11 41 14 23 23 14 11 44 23 44 44 41 44 11 33 33 11 11 23 33 22
0 44 41 11 23 22 14 11 44 33 43 41 44 44 14 33 33 44 14 23 11 24
0 11 41 14 23 22 44 13 44 23 43 44 44 41 14 33 32 14 44 22 31 24
0 14 11 14 22 23 14 11 44 23 44 44 44 44 11 33 33 11 14 22 31 22
0 14 44 14 22 23 14 11 44 22 44 41 44 44 11 33 32 11 14 23 31 22
0 14 11 44 23 22 14 11 11 23 43 41 11 41 11 33 33 44 14 33 33 22
0 14 41 14 23 23 14 33 44 33 44 41 41 44 14 32 32 44 14 23 33 24
0 14 41 14 22 22 11 11 41 22 44 41 44 11 11 33 32 11 11 23 31 24
0 11 11 44 22 23 14 13 41 23 44 44 44 44 11 33 33 14 11 22 31 24
0 44 44 14 22 22 14 13 41 23 44 41 44 41 11 33 32 14 14 33 11 24
0 14 41 14 33 22 11 11 41 22 44 41 41 11 14 33 33 14 11 23 11 22
0 44 44 44 22 22 11 11 44 33 43 44 11 41 11 32 33 11 14 22 33 22
0 14 44 14 22 23 11 13 44 22 43 44 11 44 14 33 33 14 11 23 31 24
0 11 44 14 23 22 14 13 44 22 43 44 44 44 11 33 33 11 14 22 31 24
0 11 11 11 22 22 11 13 41 23 43 44 44 41 11 33 33 11 11 22 33 22
0 44 41 11 22 22 44 11 44 23 43 41 44 44 11 33 33 11 11 22 33 22
0 14 41 44 23 22 14 11 44 22 44 11 44 41 14 33 33 11 14 22 31 24
0 11 11 44 22 22 11 11 44 23 44 41 44 41 44 33 33 11 14 22 31 22
0 11 41 44 22 22 44 11 41 23 44 41 44 44 11 32 33 14 14 22 33 24
0 14 44 14 22 22 14 13 44 22 43 41 44 41 11 33 33 11 14 22 31 24
0 44 44 11 33 23 11 11 41 23 43 44 44 44 11 33 33 11 44 22 33 44
0 11 41 11 22 22 11 11 44 23 44 41 44 44 11 33 33 11 11 22 11 24
0 11 11 14 23 33 14 11 44 23 44 41 41 44 11 32 33 14 14 23 33 24
0 44 41 14 22 22 44 13 41 33 43 11 41 41 11 33 33 14 14 23 11 24
0 11 44 11 22 22 44 11 44 22 43 44 44 44 11 33 33 11 11 22 33 22
0 11 11 11 22 23 44 11 44 23 44 44 44 44 11 33 33 11 11 22 33 22
0 44 11 14 23 22 44 11 11 23 44 41 41 44 11 32 32 14 11 22 11 44
0 14 11 11 33 23 14 13 44 33 33 41 41 41 11 33 33 14 11 23 33 44
0 14 44 11 23 23 14 11 41 22 33 41 41 44 14 33 33 14 11 22 31 24
0 11 11 14 22 23 44 11 41 22 43 44 41 41 11 32 32 11 14 23 33 24
0 11 41 44 22 22 44 13 41 23 43 41 41 41 14 33 32 14 11 22 31 24
0 11 11 14 22 22 44 13 44 23 44 44 44 41 11 32 33 14 14 23 33 22
0 14 41 44 23 22 44 13 41 33 43 41 44 41 11 32 33 14 11 22 31 24
0 11 41 11 23 22 14 33 44 23 43 41 41 44 11 33 33 11 14 22 33 22
0 14 41 11 22 22 14 11 41 23 44 44 41 44 11 33 33 11 44 22 31 24
0 44 44 11 23 22 14 11 41 22 43 44 44 41 11 32 32 11 11 22 31 24
0 11 44 11 22 22 11 11 41 23 44 44 44 44 11 33 33 11 11 22 31 24
0 14 41 44 23 23 44 11 11 22 33 41 41 44 14 32 22 44 14 23 31 24
0 11 44 14 22 22 14 33 41 23 44 11 44 41 11 33 33 11 11 23 31 24
0 14 41 11 22 22 14 13 44 23 43 44 44 41 11 33 33 11 11 22 11 24
0 44 41 14 23 22 11 11 41 33 33 44 11 44 11 33 32 14 14 22 31 22
0 11 41 44 22 22 11 11 41 23 44 44 44 44 14 33 33 14 11 22 11 24
0 11 41 14 22 22 11 11 44 22 43 44 41 41 11 33 33 11 11 23 31 22
0 44 41 11 22 22 14 13 44 23 44 44 11 41 11 33 33 11 14 22 11 22
0 11 41 14 23 22 14 11 44 23 43 41 41 44 11 32 33 11 14 23 33 24
0 11 44 11 22 22 11 11 44 23 44 44 44 41 14 33 33 11 14 22 31 22
0 14 11 14 23 23 14 13 41 23 44 41 41 44 14 32 33 14 14 22 31 24
0 14 44 14 22 22 14 11 41 23 43 44 44 41 11 33 32 14 44 23 31 22
0 14 11 14 22 22 14 13 41 33 43 44 41 41 14 33 22 44 14 22 31 24
0 11 41 11 22 23 14 11 44 23 44 44 44 44 11 32 33 11 11 22 31 44
0 14 11 14 23 23 44 13 44 33 43 41 41 41 11 33 22 44 14 33 11 44
0 11 44 11 23 22 14 11 44 23 33 44 44 41 14 33 33 14 14 22 31 44
0 44 41 14 23 23 44 13 41 23 43 41 44 41 11 33 32 11 14 23 11 44
0 44 11 11 23 33 14 11 41 23 33 41 41 11 11 32 32 14 14 23 11 24
0 11 41 11 23 22 11 11 44 22 43 44 44 41 11 33 32 44 11 22 33 22
0 14 44 14 23 22 11 11 44 23 43 11 41 44 11 32 33 11 14 23 11 22
0 14 44 14 23 22 11 11 44 23 44 41 41 44 14 33 33 11 11 23 33 24
0 11 41 14 23 22 14 13 44 23 43 41 41 11 11 33 33 14 14 23 31 24
0 14 44 11 22 22 14 11 41 22 44 41 41 44 14 33 33 11 44 23 31 24
0 11 44 14 22 23 11 11 11 23 43 44 44 44 11 32 33 11 14 23 33 22
0 11 41 11 22 22 11 11 41 33 43 41 44 44 14 33 33 14 44 22 11 22
0 11 44 44 33 33 14 33 41 33 44 11 11 44 14 32 32 14 11 23 31 44
0 11 41 11 22 22 44 13 41 23 43 44 44 41 11 33 33 11 11 22 11 24
0 14 41 44 22 22 14 11 44 23 43 44 41 41 11 33 33 11 44 22 31 22
0 44 41 14 22 23 11 11 44 23 43 11 41 44 11 32 32 11 14 23 31 24
0 11 44 11 22 22 11 11 41 23 43 41 44 41 14 33 33 14 11 22 31 44
0 11 44 44 23 22 11 13 44 23 44 44 44 44 11 33 33 14 14 23 33 22
0 11 11 11 33 22 44 13 44 33 33 11 41 11 11 32 33 14 14 23 11 44
0 14 41 11 22 22 11 11 41 22 43 41 41 44 11 33 33 11 11 23 33 22
0 11 44 44 22 23 11 11 41 22 44 44 44 44 11 33 32 11 14 23 31 24
0 44 11 14 22 23 44 11 44 23 43 41 41 41 11 22 33 14 14 23 31 22
0 11 41 14 22 23 44 11 44 33 33 41 41 41 44 32 22 14 14 23 31 24
0 11 44 11 23 23 14 11 44 22 43 44 41 41 11 33 33 11 11 23 31 22
0 14 44 14 22 22 44 13 44 22 43 44 41 44 11 33 33 11 11 23 31 24
0 44 41 44 23 22 14 11 41 33 43 11 44 11 14 33 32 14 14 33 11 22
0 11 41 11 22 22 14 11 44 22 44 41 41 44 11 33 33 11 14 23 33 22
0 11 41 11 22 23 11 11 44 22 44 11 44 44 11 33 33 11 11 22 33 24
0 14 44 14 23 23 14 11 44 33 43 11 44 44 14 33 33 11 11 22 33 24
0 14 11 11 23 23 11 11 44 23 44 44 44 41 11 33 33 11 14 23 33 24
0 14 41 14 22 22 14 13 41 33 43 41 44 44 14 33 32 14 11 23 31 24
0 14 11 44 33 33 14 11 11 22 43 11 44 44 44 33 32 44 14 33 11 24
0 14 41 14 23 23 14 11 41 23 43 44 41 44 11 33 33 14 11 22 33 24
0 11 41 14 23 22 14 11 44 23 33 41 41 44 14 33 33 14 44 23 11 44
0 14 41 11 22 23 14 11 44 22 44 44 41 41 14 33 22 11 11 22 31 22
0 14 11 14 22 22 14 11 44 23 33 44 41 44 14 33 32 44 14 22 31 24
0 14 41 44 23 22 11 11 41 33 44 41 44 44 11 33 33 11 14 22 31 24
0 14 41 11 22 22 11 11 41 22 44 41 41 41 11 33 32 11 11 22 31 24
0 11 44 11 23 22 11 13 41 22 43 44 44 44 11 33 33 44 11 22 33 44
0 11 41 14 22 23 11 11 11 23 43 41 41 44 14 32 22 11 11 23 33 44
0 14 41 44 22 23 14 11 44 33 43 41 44 44 11 32 33 14 14 23 33 22
0 11 44 11 22 22 14 11 44 22 44 44 44 44 11 33 33 11 11 22 33 22
0 44 11 44 23 23 14 33 41 23 44 41 11 41 14 33 33 44 14 22 11 22
0 14 11 14 22 23 44 13 41 33 44 41 41 44 14 33 33 14 11 23 31 24
0 44 41 11 22 23 11 11 41 22 43 41 44 41 11 33 33 14 11 23 11 44
0 11 41 14 22 22 11 13 44 23 44 41 44 41 11 33 33 11 44 23 11 24
0 11 44 11 22 22 14 11 44 23 43 44 44 41 14 32 33 14 14 22 31 24
0 11 44 11 22 22 11 11 44 23 44 44 41 44 11 33 33 11 11 22 33 22
0 14 41 44 33 33 44 13 11 22 43 11 41 11 11 33 32 11 14 33 31 44
0 11 41 44 22 22 14 11 44 23 43 41 41 41 14 33 32 14 11 22 33 24
0 11 41 14 22 22 14 13 41 23 43 41 44 41 11 32 32 14 14 23 31 24
0 14 41 44 23 23 44 33 41 33 44 41 44 44 11 32 33 11 11 22 31 22
0 14 41 11 22 23 14 13 44 22 44 41 44 44 11 33 32 11 14 23 31 44
0 11 41 44 22 23 11 11 41 22 43 41 41 41 11 33 33 14 11 23 31 24
0 14 41 14 33 22 11 11 44 23 33 41 41 41 11 33 33 11 11 22 31 44
0 44 11 14 22 23 14 11 41 23 33 41 41 41 11 32 33 11 11 23 11 22
0 11 41 11 23 22 14 11 41 23 44 44 44 44 11 32 32 14 44 22 11 22
0 14 44 11 23 22 44 11 44 23 43 41 11 41 14 33 33 14 44 22 11 44
0 11 41 11 22 22 14 11 41 22 43 11 44 44 11 33 33 14 14 22 33 22
0 11 41 11 23 22 11 13 11 22 43 11 41 11 14 32 32 11 44 23 33 44
0 14 11 14 22 23 44 33 41 22 44 41 41 44 11 33 33 11 14 23 31 24
0 44 11 44 22 22 14 11 41 33 44 41 11 41 44 32 32 14 14 23 33 24
0 14 41 14 22 22 11 11 44 22 44 44 41 41 11 32 33 11 11 22 11 22
0 11 41 14 22 22 44 13 44 22 44 41 41 41 11 33 33 11 14 22 31 44
0 11 41 44 23 22 11 13 44 23 44 44 44 41 11 32 33 11 14 23 33 22
0 14 11 14 23 23 11 11 44 23 44 44 44 44 11 32 32 14 11 22 33 22
0 11 41 11 22 22 11 11 44 22 44 44 44 44 11 33 33 14 14 23 33 22
0 11 11 11 23 23 14 11 41 23 44 41 41 41 11 33 32 11 44 22 31 24
0 14 41 44 23 22 14 11 41 23 33 44 41 41 11 33 33 14 11 23 31 22
0 44 41 44 23 23 11 11 44 22 44 44 44 41 11 33 33 11 14 22 31 44
0 11 11 44 22 23 11 11 41 23 43 44 41 44 14 32 33 14 44 23 31 24
0 11 44 11 23 22 11 11 44 23 44 44 41 44 11 33 33 11 11 22 33 22
0 14 11 11 22 33 11 13 44 22 43 41 44 41 14 32 33 14 14 22 31 24
0 14 11 14 22 22 44 13 11 33 43 44 41 44 11 33 33 11 14 22 11 22
0 14 44 44 22 22 11 11 44 22 33 41 41 44 11 32 32 11 44 22 33 24
0 11 41 14 33 22 44 11 44 23 44 41 41 41 14 33 33 14 14 22 11 24
0 14 41 14 23 23 44 11 41 22 33 41 44 41 11 33 32 14 11 23 33 24
0 11 41 14 22 23 14 11 41 23 43 44 41 11 11 33 32 11 11 22 31 24
0 14 41 14 22 22 44 33 11 22 43 41 41 44 11 33 33 14 14 22 31 44
0 14 11 44 22 23 14 13 41 22 43 41 41 41 14 33 32 11 44 22 33 24
0 11 41 14 23 23 11 11 44 22 44 44 41 44 11 33 32 11 11 33 33 22
0 14 11 14 23 22 14 13 41 33 44 44 41 11 11 32 33 11 14 22 31 24
0 11 44 14 22 22 11 11 41 22 44 41 44 44 11 33 33 11 11 22 33 24
0 11 11 11 23 23 14 11 41 33 44 44 41 41 11 33 33 44 11 22 31 24
0 14 44 44 22 23 14 13 41 23 44 41 44 44 14 33 33 11 11 22 33 22
0 14 41 14 23 22 11 11 44 23 44 44 41 44 11 33 32 11 11 22 31 22
0 11 44 11 22 23 14 11 44 23 43 41 44 41 11 32 33 11 14 22 33 24
0 11 41 11 22 23 11 11 44 22 44 44 44 41 14 33 32 11 14 23 31 44
0 11 44 14 22 22 14 11 44 23 44 44 44 44 11 33 33 14 11 22 33 22
0 14 41 14 22 22 44 13 44 33 43 44 44 44 14 32 32 11 14 23 31 24
0 11 41 11 23 22 14 11 41 23 43 41 44 11 11 33 33 11 11 22 33 22
0 14 44 11 33 22 11 13 41 23 44 44 41 41 11 32 32 14 14 22 33 22
0 11 41 14 22 23 14 13 11 22 44 44 41 41 11 33 32 14 11 22 33 24
0 11 41 11 23 22 11 33 44 23 43 44 41 41 14 33 32 14 14 22 33 24
0 14 44 14 22 22 11 13 41 22 43 41 44 41 14 33 33 11 14 22 31 22
0 11 41 11 23 22 14 13 44 33 44 41 44 44 11 33 33 14 11 23 11 24
0 14 11 11 22 22 11 13 44 23 43 44 44 41 14 33 33 14 11 22 33 22
0 11 44 11 23 22 11 11 44 23 44 44 44 44 11 33 32 14 11 22 33 22
0 14 41 11 22 22 11 13 41 23 44 44 11 44 11 32 32 14 11 23 11 44
0 11 11 14 23 22 14 13 11 22 43 44 44 41 11 33 33 14 14 22 31 24
0 14 44 14 22 23 11 11 44 22 43 41 44 44 11 32 33 11 14 22 31 22
0 14 41 11 23 23 14 33 41 23 44 41 41 44 11 32 32 11 14 23 11 22
0 11 41 14 22 22 14 13 44 23 44 44 44 44 11 33 33 11 11 22 33 22
0 14 44 14 22 22 14 11 44 22 43 41 41 41 11 33 33 14 11 22 11 22
0 11 41 11 22 22 11 11 41 23 44 41 44 44 11 33 32 44 14 23 11 24
0 11 41 11 23 23 14 13 44 23 44 41 41 41 11 33 33 14 11 23 31 44
0 11 44 14 23 22 11 11 41 22 44 44 11 44 11 33 33 11 11 23 33 24
0 11 41 44 22 33 11 13 44 23 44 41 41 41 44 33 33 14 11 23 33 22
0 11 41 11 22 23 14 13 41 23 33 41 44 44 14 33 33 14 11 23 33 44
0 14 44 44 22 22 44 13 44 22 44 44 44 41 11 32 33 14 11 23 31 24
0 44 11 14 33 22 14 11 41 23 33 41 44 11 11 33 22 11 14 23 11 44
0 14 44 44 22 22 14 11 41 33 43 41 41 11 14 33 33 14 14 23 31 24
0 11 41 11 22 22 11 11 41 23 43 44 44 44 14 33 33 11 14 23 33 22
0 11 44 14 22 22 14 13 44 23 44 41 41 44 11 32 33 11 11 23 33 44
0 11 11 44 22 23 14 11 44 23 43 41 41 44 14 32 33 14 14 23 31 24
0 14 11 14 22 22 44 11 44 23 44 41 44 41 11 33 33 14 14 22 31 44
0 14 11 14 23 22 44 13 44 23 44 41 44 41 11 32 33 14 11 23 11 22
0 14 41 14 22 23 14 11 11 23 43 44 44 41 11 33 33 44 14 22 31 22
0 11 41 44 22 22 14 13 44 23 43 41 44 44 14 33 32 14 11 23 31 22
0 14 44 14 22 22 11 11 44 23 44 41 41 41 11 33 33 14 11 23 31 22
0 44 41 44 23 23 14 13 44 22 43 44 41 44 44 33 33 14 11 23 31 44
0 11 44 11 23 22 14 11 44 22 44 44 44 44 11 33 33 11 11 22 33 22
0 11 41 14 33 23 14 11 41 23 43 41 44 44 14 33 33 11 44 23 31 24
0 11 11 14 22 22 11 13 41 23 43 41 41 41 11 32 32 14 11 23 31 22
0 11 44 44 22 23 11 11 41 33 44 44 41 44 11 33 33 11 14 23 31 24
0 11 41 11 33 22 11 13 11 23 44 44 41 11 11 33 33 14 14 23 33 24
0 44 11 11 23 23 14 13 11 23 44 11 41 11 14 32 32 44 11 23 31 22
0 11 44 14 22 22 11 33 44 33 44 41 44 41 11 32 33 14 14 22 31 22
0 14 11 14 22 33 14 11 41 23 44 41 44 41 44 32 32 14 11 23 11 24
0 11 41 11 22 22 14 13 44 22 43 44 44 41 11 32 33 11 11 23 31 22
0 14 11 14 33 23 44 13 41 23 43 11 41 41 14 22 33 44 44 23 11 22
0 14 41 14 22 22 14 11 44 22 43 41 44 41 11 33 33 11 11 23 31 22
0 11 41 14 33 23 14 11 41 33 44 41 41 41 11 33 33 14 11 33 11 44
0 11 41 14 22 23 11 13 44 23 44 44 41 41 14 33 22 11 44 23 33 24
0 11 44 14 23 22 14 13 41 23 44 41 41 41 11 33 33 14 11 22 31 24
0 11 11 14 22 23 14 11 41 23 44 11 11 41 14 33 33 44 14 23 31 24
0 14 41 11 22 23 44 11 44 23 44 41 41 44 11 33 33 11 11 23 11 22
0 11 41 44 22 23 14 11 41 22 44 11 44 44 11 33 33 11 11 22 11 22
0 11 41 44 22 22 11 13 44 22 44 44 44 44 11 33 33 11 14 22 33 22
0 11 44 11 22 22 14 11 44 22 44 41 44 41 11 33 33 11 11 22 31 22
0 14 44 11 22 22 11 11 44 22 44 41 44 44 11 33 33 14 14 22 33 22
0 11 41 14 22 22 14 11 44 22 43 41 44 44 11 32 32 14 14 22 31 24
0 11 41 14 23 22 11 11 44 22 44 44 44 44 11 33 33 11 11 22 33 24
0 11 44 11 22 22 14 11 44 33 44 44 41 44 11 32 33 11 11 22 33 22
0 44 44 44 23 22 11 33 11 23 44 11 11 11 44 32 32 14 44 23 33 44
0 11 41 11 23 22 14 11 44 22 44 41 41 44 14 33 32 14 14 22 11 22
0 11 41 44 22 23 11 33 11 33 43 41 41 41 11 33 33 44 11 23 33 24
0 11 41 11 33 23 14 13 44 23 43 41 44 41 11 33 33 14 44 22 11 24
0 14 41 11 22 22 44 11 41 22 43 41 44 41 14 33 33 11 14 22 33 44
0 44 11 14 22 22 11 13 44 22 44 11 41 44 14 33 33 14 11 23 33 44
0 14 41 14 23 22 14 11 41 23 43 41 41 44 11 33 32 14 11 22 31 22
0 14 41 44 22 23 14 11 11 23 33 11 44 44 11 33 32 11 44 22 33 22
0 11 41 14 22 23 14 11 41 33 43 44 44 44 11 33 32 11 11 33 31 22
0 14 44 11 22 22 44 33 44 22 44 11 44 44 11 33 33 11 11 22 33 24
0 11 11 14 22 22 44 13 44 23 43 41 41 41 11 33 32 14 11 22 33 22
0 11 11 14 23 23 11 13 41 33 43 44 41 41 11 33 33 11 14 33 11 22
0 44 41 14 22 22 11 13 44 23 43 41 44 41 11 32 33 11 14 22 31 22
0 11 41 14 23 22 14 13 44 33 43 44 44 44 11 32 32 14 11 23 33 22
0 14 44 11 22 22 14 13 41 23 44 44 44 41 11 33 32 14 14 23 31 44
0 11 44 14 22 22 11 11 41 22 44 44 44 44 11 33 33 11 11 22 33 22
0 14 11 14 22 22 44 11 41 23 44 41 44 44 14 33 32 14 44 33 31 24
1 14 44 14 22 22 14 11 44 22 43 44 44 44 11 32 33 11 14 22 11 22
1 11 11 11 22 22 11 11 44 22 43 44 44 44 11 33 33 11 14 22 33 22
1 14 41 44 22 22 14 13 44 23 43 41 41 41 11 33 33 44 11 22 33 22
1 11 44 14 22 22 14 11 44 23 33 44 41 44 11 33 32 11 14 23 11 24
1 11 41 11 23 22 14 11 44 33 43 11 44 44 11 33 33 11 11 23 31 22
1 14 11 11 22 22 44 11 44 23 44 44 44 44 14 33 32 11 11 22 31 24
1 14 41 11 22 22 11 11 44 23 43 41 41 44 11 33 32 14 11 23 11 24
1 44 41 14 22 33 14 13 44 33 44 44 44 41 11 32 32 11 14 23 33 22
1 11 11 14 23 23 11 13 44 22 43 44 44 44 11 33 33 11 44 23 31 22
1 11 41 14 22 22 11 11 44 23 44 44 41 44 11 33 33 11 44 22 11 22
1 11 11 11 23 23 44 11 44 23 44 44 44 41 11 33 32 14 14 23 31 44
1 14 44 14 22 22 11 11 44 23 43 44 44 44 11 33 33 11 11 22 31 24
1 14 41 11 33 22 44 13 41 33 43 41 44 44 11 33 33 44 11 23 33 24
1 11 41 44 22 22 14 13 44 23 43 44 44 44 14 33 33 11 11 22 31 22
1 11 11 44 22 22 11 11 44 23 44 41 41 11 11 33 33 14 44 23 31 44
1 14 41 14 23 23 14 11 41 23 44 44 41 44 11 33 32 14 14 22 31 22
1 14 41 11 22 22 11 11 41 22 44 44 44 44 11 33 32 44 14 23 31 22
1 11 41 14 22 22 14 13 41 22 44 44 44 44 11 32 33 14 44 22 33 24
1 11 11 14 23 22 14 11 44 23 43 44 44 44 14 33 33 14 11 22 31 24
1 44 11 14 22 22 14 13 41 33 44 41 41 41 11 32 32 14 11 23 31 24
1 14 41 11 23 22 11 11 44 23 43 41 41 11 11 33 33 14 14 23 33 44
1 14 41 14 22 22 11 11 44 23 43 41 44 44 11 33 33 11 11 22 31 22
1 11 41 14 23 23 14 13 41 23 43 44 44 41 11 33 32 44 14 23 31 24
1 11 44 14 23 22 11 11 44 22 44 44 44 44 11 33 33 11 11 22 33 22
1 44 41 14 22 23 11 11 41 33 33 41 41 44 11 33 32 44 11 23 31 44
1 14 11 14 22 22 14 33 41 33 44 41 41 41 11 32 33 14 14 22 33 22
1 44 41 11 22 22 14 13 44 23 33 41 41 41 14 32 33 14 44 23 31 24
1 11 44 11 22 22 11 11 44 22 44 44 44 44 14 33 33 11 11 23 31 22
1 14 11 14 22 23 14 11 41 23 44 44 41 44 14 33 33 11 11 23 31 22
1 14 11 14 22 22 14 11 44 22 44 44 44 44 11 32 33 11 14 23 33 24
1 44 41 14 22 22 44 11 44 23 44 44 44 41 11 33 33 44 14 22 31 22
1 11 44 11 23 22 11 11 44 22 44 41 41 44 11 33 33 14 11 22 33 22
1 11 41 14 23 22 14 11 41 23 44 44 44 11 14 33 22 14 44 22 33 24
1 11 41 44 22 22 14 11 44 23 44 41 41 44 14 33 33 44 11 33 31 22
1 11 41 11 22 23 11 11 41 23 44 11 44 44 11 33 33 11 14 23 31 24
1 14 11 11 33 22 14 13 44 22 43 11 41 41 11 33 33 14 44 22 31 24
1 11 44 44 22 23 11 13 44 23 44 44 11 44 11 33 33 11 14 22 31 24
1 11 11 14 22 22 11 11 41 23 43 41 44 41 11 32 32 14 11 22 31 24
1 11 41 11 22 22 14 11 44 22 43 41 44 44 11 33 32 11 11 22 31 22
1 11 11 11 23 22 11 11 44 33 44 41 11 41 11 33 33 11 44 23 11 24
1 11 44 11 33 22 44 11 44 22 44 41 41 44 11 33 32 11 14 23 11 24
1 11 11 14 22 22 14 11 41 23 33 44 41 44 14 33 32 11 14 22 11 24
1 11 44 44 23 22 14 11 41 23 43 11 41 41 11 32 33 11 44 33 33 24
1 14 41 11 23 22 11 13 44 33 43 44 44 44 11 33 32 11 11 23 31 24
1 14 41 14 22 23 11 11 41 23 44 11 11 41 11 32 32 44 14 23 31 22
1 11 41 14 23 23 14 13 11 33 44 41 44 44 11 32 32 44 11 33 31 44
1 11 11 14 23 23 14 13 41 23 43 44 41 41 14 33 22 14 11 23 31 22
1 11 44 44 22 22 14 11 44 23 43 11 44 41 14 33 32 11 14 23 31 24
1 11 41 44 22 23 14 13 44 23 43 44 44 41 11 33 33 14 14 22 33 24
1 14 44 11 23 22 14 11 41 23 43 41 44 44 14 32 32 11 11 23 31 24
1 11 44 11 22 22 14 11 41 22 43 44 41 44 11 32 33 11 14 23 11 22
1 44 41 11 22 23 14 13 44 22 33 41 41 44 11 33 22 11 44 23 31 22
1 14 41 14 23 23 14 33 41 23 43 41 44 41 11 32 32 11 11 22 33 24
1 11 44 14 22 22 11 11 44 22 44 41 44 41 11 33 33 11 11 22 33 22
1 11 41 11 23 23 14 11 44 33 33 44 41 44 11 33 32 11 14 22 33 24
1 14 44 11 22 22 44 11 44 33 44 44 44 44 11 33 32 11 11 22 33 22
1 14 41 14 23 22 14 11 11 23 43 41 11 44 11 33 33 14 11 23 33 24
1 11 41 11 23 23 11 11 44 22 43 41 41 44 11 33 33 11 11 23 31 22
1 11 44 14 22 23 14 11 41 33 43 41 41 41 14 33 33 14 11 23 33 24
1 44 11 44 23 23 11 13 41 23 43 41 41 41 11 33 32 14 14 23 11 44
1 11 44 14 22 22 44 13 44 23 33 44 41 44 11 33 32 11 44 33 31 22
1 14 41 11 23 22 11 11 44 22 43 11 41 44 11 32 33 14 11 22 33 24
1 14 11 11 33 33 44 11 11 33 43 44 11 11 11 33 22 44 14 33 33 44
1 44 41 14 23 23 14 13 41 22 43 44 44 44 14 33 22 11 14 22 11 24
1 14 11 14 23 23 44 11 44 22 44 11 41 41 11 33 32 11 14 22 11 24
1 44 11 14 22 23 14 11 41 33 43 41 44 44 11 33 33 44 14 23 33 24
1 11 41 14 23 22 44 13 44 33 43 41 41 44 11 32 33 11 14 23 31 24
1 11 44 14 22 22 14 13 41 22 33 44 41 41 11 32 33 44 44 33 33 22
1 11 11 44 22 23 14 11 41 33 43 41 41 44 14 33 33 14 11 23 11 44
1 44 11 14 22 22 11 11 44 33 43 41 41 44 11 33 33 11 11 23 31 24
1 44 44 11 22 22 14 11 41 23 44 44 41 44 11 33 33 14 11 22 31 24
1 11 44 14 23 22 44 11 44 23 43 41 41 41 14 33 33 11 14 22 31 22
1 44 41 14 23 22 14 13 41 22 44 41 41 41 14 33 32 11 11 23 33 24
1 14 41 44 22 23 44 13 44 33 33 11 11 11 11 33 32 14 14 23 11 44
1 11 41 11 23 22 44 13 41 23 43 11 41 41 44 32 32 14 14 22 33 24
1 14 44 11 23 22 14 11 44 23 43 44 44 44 11 32 33 44 14 22 33 22
1 14 44 14 22 22 14 11 44 23 44 44 44 44 11 33 33 14 14 33 31 24
1 14 11 11 23 22 14 13 41 23 33 41 41 44 11 33 33 14 14 22 11 24
1 44 11 14 23 23 14 11 11 22 43 41 41 41 11 33 22 44 44 22 31 24
1 11 41 11 22 22 11 11 44 22 43 41 44 41 11 33 32 11 11 22 33 24
1 11 11 11 22 22 14 11 44 22 44 41 44 44 11 33 32 11 11 22 11 24
1 11 41 14 22 22 14 11 44 23 44 41 44 41 11 32 33 14 14 23 11 24
1 14 41 14 22 22 14 11 41 22 43 41 44 44 11 32 33 14 11 22 33 24
1 44 11 14 23 22 14 11 44 23 43 44 11 44 11 22 32 44 11 22 31 24
1 11 41 11 22 22 14 11 44 23 43 44 41 41 11 33 32 44 14 22 33 22
1 11 11 11 23 22 14 11 44 33 43 41 44 44 14 33 32 11 11 22 31 22
1 14 11 11 22 22 14 11 44 22 44 44 41 41 11 33 32 44 14 22 11 44
1 14 11 14 22 22 44 33 41 23 44 41 44 41 14 33 33 14 44 33 33 44
1 14 41 14 23 23 11 11 44 23 44 41 41 41 14 32 32 14 14 23 31 24
1 11 11 14 22 23 11 11 44 23 43 44 44 44 11 33 33 14 14 22 33 22
1 14 11 14 22 23 11 13 41 23 43 41 41 44 11 32 33 44 11 23 11 24
1 14 11 11 22 22 11 13 41 23 43 41 41 44 14 33 32 11 11 23 31 22
1 14 11 44 22 23 14 13 44 23 43 41 41 11 11 33 32 11 11 33 33 24
1 11 11 44 23 22 14 33 44 23 33 41 41 41 11 32 33 14 14 22 31 22
1 11 41 11 22 22 11 13 44 33 43 44 44 41 11 32 32 14 11 23 33 24
1 11 41 44 23 22 11 11 41 33 43 11 41 44 11 33 32 14 11 23 31 24
1 11 41 11 22 22 11 13 44 23 44 41 41 41 14 33 33 11 11 23 31 24
1 11 44 14 23 22 11 11 44 22 43 44 44 44 11 33 33 11 11 22 33 22
1 11 41 14 22 22 14 13 41 23 44 44 44 41 11 32 32 14 11 23 33 22
1 14 41 14 23 22 11 11 44 23 44 44 41 44 11 33 33 11 14 22 33 24
1 14 44 11 23 22 14 11 44 23 44 44 44 44 14 33 32 44 14 23 31 24
1 11 44 14 23 22 11 11 41 23 44 41 41 41 11 33 32 14 14 33 11 24
1 14 11 44 23 23 14 33 44 33 33 44 44 41 14 22 32 14 14 23 33 24
1 14 11 14 23 22 44 13 41 33 43 41 41 41 14 33 32 14 14 33 31 24
1 14 41 11 22 22 11 11 41 22 43 41 44 41 14 33 33 11 14 22 33 24
1 11 41 14 22 22 11 11 44 22 44 41 41 44 11 33 33 11 14 22 31 22
1 11 11 11 33 22 11 11 44 23 44 41 41 44 11 32 33 11 14 33 33 44
1 14 44 44 22 23 14 11 41 33 43 44 41 41 11 33 22 14 14 23 11 24
1 14 41 44 22 23 14 33 11 22 43 41 44 41 11 33 22 11 14 22 31 24
1 11 44 14 23 23 14 11 41 23 33 11 41 41 11 33 32 44 11 33 31 22
1 11 11 14 23 22 14 13 41 33 33 41 41 44 11 32 32 14 11 23 31 22
1 14 44 14 23 33 11 11 41 22 44 41 11 41 11 33 32 14 14 23 31 44
1 14 41 44 22 33 14 13 11 33 33 41 41 41 11 33 33 44 14 23 11 44
1 11 41 11 22 22 44 11 41 23 43 41 44 44 11 33 32 11 14 23 11 24
1 14 44 44 22 22 14 13 44 23 33 41 41 44 11 32 22 14 14 33 33 44
1 11 44 11 23 22 11 11 44 22 43 41 44 41 11 32 32 14 11 22 31 22
1 14 41 11 22 22 14 11 11 23 33 41 11 41 11 33 33 14 14 23 31 24
1 14 41 14 23 22 11 13 41 33 44 11 41 11 14 32 33 11 11 22 11 22
1 14 41 44 23 23 44 13 41 23 44 41 41 44 14 32 33 14 44 23 31 24
1 11 44 14 22 23 44 13 44 23 43 44 41 41 11 32 32 44 14 23 33 22
1 11 41 11 22 23 14 11 44 33 43 44 44 44 11 33 33 11 14 22 11 22
1 11 44 14 23 22 14 11 11 23 44 41 41 41 11 33 22 11 44 23 31 44
1 11 41 11 22 22 14 11 44 22 44 44 44 44 11 33 33 11 11 23 33 24
1 11 11 14 23 22 14 11 44 33 44 41 44 44 11 32 33 14 11 22 11 22
1 11 44 11 22 22 14 13 44 22 44 11 44 44 11 33 33 11 44 33 11 22
1 11 44 11 22 23 11 11 41 33 44 44 41 11 11 33 33 14 14 22 31 22
1 11 11 11 22 22 14 13 44 23 43 11 44 41 14 33 33 11 11 22 31 24
1 14 11 14 23 22 11 13 41 22 33 41 44 44 11 33 32 14 11 33 11 22
1 44 41 14 23 22 44 13 44 33 43 41 44 41 11 22 32 14 11 33 33 44
1 44 41 14 22 23 11 11 11 22 43 41 44 41 11 22 33 11 11 23 31 24
1 11 44 11 22 23 14 33 44 23 43 41 44 44 11 33 33 14 14 23 31 24
1 14 41 14 22 22 14 13 44 23 33 11 41 11 14 32 33 11 14 22 11 22
1 14 41 11 22 22 14 13 44 23 43 11 44 44 11 33 32 11 11 33 33 44
1 11 41 14 22 23 14 11 44 22 44 41 44 44 11 32 32 14 44 23 33 24
1 14 41 44 22 22 11 13 41 23 33 11 41 41 11 33 32 44 14 22 33 24
1 14 11 44 23 22 11 33 44 22 44 44 41 44 11 33 33 11 14 22 11 24
1 11 11 14 22 22 14 11 41 22 44 41 41 44 11 32 33 14 14 22 11 22
1 11 41 11 23 23 44 11 44 23 43 11 41 11 14 33 33 14 14 23 31 22
1 11 41 11 22 22 14 11 44 33 44 44 44 41 11 33 33 14 14 22 33 22
1 11 44 11 23 22 14 13 44 23 44 41 44 44 11 33 33 11 11 23 33 22
1 11 41 14 22 23 11 11 41 23 43 41 41 41 14 33 32 11 14 22 31 44
1 14 44 14 22 22 44 13 41 23 44 44 41 11 11 33 22 11 14 23 31 22
1 14 11 14 22 22 14 11 44 23 43 41 44 44 11 33 33 11 14 22 31 22
1 14 41 14 22 22 11 11 41 23 43 44 44 44 11 33 33 11 14 23 33 22
1 14 41 44 22 33 14 11 41 23 44 41 11 41 11 33 32 11 11 22 31 22
1 14 41 44 23 22 11 11 41 23 33 44 41 41 14 32 33 11 14 23 31 22
1 44 44 11 22 22 44 11 44 33 44 41 44 44 11 33 32 14 14 23 33 22
1 11 44 14 22 22 11 11 41 23 43 44 41 41 11 32 33 11 14 22 31 24
1 11 41 44 23 22 14 11 44 22 44 41 44 44 11 33 33 11 11 22 31 22
1 14 41 44 23 23 14 11 41 33 43 41 41 41 11 33 32 44 14 23 31 24
1 14 11 44 23 23 44 13 11 23 43 11 41 11 14 22 32 44 14 23 31 24
1 11 44 44 22 22 14 33 44 22 44 44 44 41 11 33 32 44 11 22 31 44
1 14 44 14 22 22 11 11 44 23 44 41 44 41 11 32 33 11 44 22 31 22
1 11 41 14 22 22 11 13 44 23 43 41 41 41 14 33 32 11 44 23 11 24
1 11 44 11 22 23 11 11 44 22 43 44 11 44 11 32 32 11 14 23 31 24
1 14 41 11 22 22 14 11 44 23 44 44 41 44 11 33 33 11 11 23 31 24
1 11 11 44 22 22 14 11 41 23 44 44 44 44 14 33 33 11 14 23 31 22
1 11 11 14 22 22 11 13 44 22 43 11 41 44 11 33 32 11 11 23 33 22
1 14 44 11 22 22 14 11 11 23 33 41 41 44 14 32 32 11 11 22 11 24
1 11 44 14 22 22 11 13 44 22 44 41 44 41 11 33 33 11 11 22 31 24
1 11 44 14 23 22 14 11 44 23 43 41 11 44 11 33 33 14 44 22 33 24
1 44 41 44 22 22 14 13 41 23 43 44 41 41 11 33 32 44 14 23 31 24
1 11 41 14 22 22 11 13 41 23 33 44 41 44 11 33 33 14 11 23 11 24
1 11 44 11 22 23 11 33 41 23 33 44 44 41 11 33 33 14 11 23 31 44
1 44 44 11 33 33 11 13 41 23 33 44 41 41 11 33 33 14 14 23 31 24
1 14 41 11 22 22 44 33 44 23 44 41 41 44 11 33 33 11 14 22 31 44
1 11 44 14 22 23 14 11 41 33 44 44 44 44 11 33 33 11 11 22 33 24
1 44 41 14 22 23 14 13 44 33 43 44 44 41 11 33 32 14 11 22 33 24
1 14 44 11 22 22 14 11 44 23 33 44 44 41 14 32 32 11 44 22 31 22
1 14 41 14 33 23 14 11 44 23 44 11 44 41 14 33 32 14 11 22 31 24
1 14 41 11 23 22 11 11 41 22 43 44 41 41 11 32 33 14 14 23 33 22
1 14 11 11 22 22 11 13 41 22 44 44 44 44 11 33 33 14 11 22 33 24
1 11 44 11 33 22 14 11 41 23 43 41 41 44 14 33 33 14 11 23 31 22
1 14 44 14 22 22 11 13 44 23 44 41 41 41 14 32 33 11 11 22 33 24
1 14 44 14 23 22 44 33 41 22 43 41 44 41 14 33 33 14 44 23 33 22
1 11 11 14 23 22 44 11 44 22 44 44 44 41 11 33 33 14 11 22 33 24
1 14 41 44 22 33 11 13 41 23 43 44 44 11 14 32 32 44 44 23 11 22
1 11 11 11 22 23 14 11 41 33 43 44 11 44 11 32 33 14 11 23 11 22
1 11 44 11 23 22 14 11 44 22 43 44 41 44 14 33 33 11 14 23 33 22
1 11 44 44 22 22 14 11 44 23 43 44 41 44 11 33 33 11 11 22 31 22
1 14 41 11 33 22 14 13 44 33 43 11 44 44 14 32 33 14 11 33 33 24
1 11 41 14 22 23 14 11 41 22 43 44 41 41 11 32 32 11 14 23 31 24
1 14 44 14 23 23 11 11 44 22 44 41 44 41 11 33 33 11 14 23 31 24
1 11 41 14 22 22 14 13 41 33 43 44 41 11 11 33 32 14 14 23 31 22
1 14 44 11 22 23 14 11 44 22 33 41 41 41 14 33 33 14 11 22 33 22
1 14 44 44 23 23 14 33 11 23 43 11 44 41 14 22 32 44 14 23 31 44
1 14 41 14 33 22 11 11 44 22 43 41 41 41 11 33 33 11 11 22 31 24
1 11 41 11 23 22 14 11 11 23 43 41 41 44 11 33 33 14 11 22 33 22
1 11 44 11 22 22 14 11 41 22 44 44 44 41 11 33 33 11 14 22 11 24
1 11 44 11 22 22 11 11 44 22 44 44 41 44 11 33 33 14 14 22 33 22
1 11 41 14 22 23 14 11 41 23 43 44 44 44 11 33 32 14 14 33 31 24
1 11 41 14 22 22 11 11 41 23 33 41 11 41 11 32 33 11 11 23 33 24
1 14 41 14 22 22 14 13 41 22 43 44 44 44 11 33 32 14 14 23 31 24
1 14 44 14 23 22 14 11 44 23 44 41 44 44 14 33 33 14 11 22 31 44
1 11 11 44 23 22 44 11 44 22 43 41 44 44 11 33 33 14 14 22 33 22
1 44 11 14 23 33 44 13 41 23 43 11 11 41 11 32 32 14 11 33 31 44
1 44 44 44 22 22 11 11 41 23 43 41 44 11 11 33 32 44 11 22 31 44
1 14 44 14 22 23 14 11 44 22 43 41 41 41 11 33 32 44 14 33 33 24
1 44 11 11 23 22 14 33 41 23 44 41 44 41 44 33 33 44 14 33 31 44
1 14 41 11 23 22 14 11 11 23 44 41 41 41 44 33 33 11 11 22 31 22
1 11 11 11 23 23 14 11 41 33 43 41 41 44 11 33 32 44 14 33 31 22
1 11 41 44 22 23 14 13 11 23 44 44 41 41 11 32 33 14 11 23 31 44
1 14 11 14 22 22 44 33 41 23 43 11 41 41 11 22 32 14 44 23 11 22
1 14 41 14 23 23 11 11 44 33 33 11 44 41 11 33 33 11 11 22 33 24
1 44 41 11 23 22 14 33 41 23 44 41 41 41 14 33 33 11 11 22 31 44
1 14 41 11 23 22 14 11 41 22 44 11 44 44 14 33 33 14 14 23 33 24
1 14 41 11 23 22 14 13 41 33 43 41 41 44 11 33 32 14 11 22 33 24
1 14 11 14 22 23 44 13 44 23 33 41 11 44 11 33 32 14 14 22 31 22
1 11 44 11 22 22 11 11 44 22 44 41 44 41 11 33 33 11 11 22 33 22
1 11 41 14 22 23 14 11 44 22 43 44 44 11 11 33 33 14 14 23 33 22
1 11 11 14 22 23 14 11 41 23 43 44 41 41 11 33 33 14 14 23 31 22
1 14 41 11 23 22 14 11 44 22 44 44 11 44 11 22 33 14 14 22 31 24
1 14 11 14 23 33 11 33 41 23 43 44 44 41 11 33 33 14 44 23 31 24
1 11 11 14 23 23 14 13 44 33 43 41 11 44 14 33 33 14 14 23 33 24
1 44 11 14 23 22 14 11 41 33 44 44 11 11 44 32 22 11 14 23 11 44
1 11 41 14 23 22 11 11 44 22 43 44 44 11 11 33 33 11 14 33 31 24
1 44 11 44 22 33 11 11 41 23 33 41 41 41 14 33 33 14 14 23 31 24
1 14 11 44 22 22 14 11 11 22 44 44 41 41 11 33 33 11 11 23 31 24
1 14 41 14 23 22 44 13 44 23 43 41 11 11 14 33 22 11 14 23 33 22
1 14 41 14 23 22 14 13 41 23 44 41 41 11 14 32 32 11 14 23 31 24
1 11 11 44 22 23 14 13 41 33 43 41 41 41 11 22 32 11 44 22 31 44
1 11 11 44 33 22 14 33 41 22 33 41 44 11 11 32 32 44 44 23 11 24
1 11 41 11 22 33 14 13 41 33 43 41 44 44 14 33 33 14 44 33 31 24
1 11 11 44 22 23 44 11 41 23 43 41 44 44 11 33 33 14 11 23 31 24
1 11 11 14 22 22 14 13 44 23 43 41 44 44 11 32 32 11 44 23 31 22
1 14 44 11 22 22 14 11 41 23 43 44 44 44 11 33 33 11 44 23 31 24
1 11 41 14 22 23 14 11 11 22 43 44 41 44 11 32 32 14 11 22 31 44
1 11 44 14 22 33 14 13 44 23 44 44 44 41 11 32 33 11 11 22 33 22
1 44 11 14 22 23 14 13 11 23 43 41 44 44 11 32 32 11 14 22 11 22
1 44 41 11 33 22 44 11 41 23 33 44 44 41 11 33 32 14 14 23 31 22
1 44 41 14 22 23 14 11 11 33 43 41 11 41 44 33 32 44 44 23 33 24
1 14 41 11 22 22 11 13 41 23 43 44 44 44 11 33 33 11 14 22 33 24
1 11 44 14 22 22 14 11 44 23 43 44 41 44 14 33 33 14 14 23 11 22
1 11 41 14 23 23 11 11 41 33 43 41 44 41 14 32 32 11 44 33 31 44
1 14 41 44 22 22 11 11 44 23 43 44 41 44 14 33 33 44 11 23 31 22
1 44 44 14 22 22 11 11 44 22 33 44 41 44 11 33 32 11 14 22 33 22
1 14 41 11 33 23 11 13 41 23 43 11 41 11 11 33 33 44 11 23 33 24
1 14 41 14 23 23 14 11 44 33 43 41 44 44 11 32 32 11 11 22 11 24
1 14 44 14 22 23 14 11 44 33 44 44 44 41 11 33 32 14 14 22 31 44
1 14 41 44 23 23 14 13 44 33 44 44 41 41 11 32 33 14 14 22 31 24
1 11 41 11 22 22 11 11 44 22 44 44 44 41 11 33 33 11 11 33 33 22
1 14 11 14 22 23 14 33 41 23 43 41 44 11 11 33 32 11 14 23 31 22
1 11 44 14 22 23 11 11 44 23 43 11 41 44 11 33 33 14 11 23 31 24
1 14 41 44 22 22 14 13 44 33 43 44 41 44 11 33 33 14 14 22 33 22
1 11 44 14 22 22 14 13 44 23 44 44 41 44 11 33 33 14 11 22 31 24
1 14 44 14 22 22 11 11 44 23 44 41 44 44 14 33 33 11 14 22 33 22
1 11 11 14 23 22 11 11 41 33 33 41 44 41 14 32 32 11 14 22 31 24
1 11 44 14 22 22 44 11 41 23 43 41 44 41 11 32 33 11 11 23 31 24
1 11 41 14 22 22 44 13 44 23 33 41 44 41 11 33 32 11 11 22 33 22
1 11 41 11 22 22 44 11 41 22 43 41 41 44 11 33 22 11 14 22 33 24
1 11 41 44 22 33 44 13 41 23 43 11 11 11 14 32 22 14 11 33 11 24
1 14 44 11 33 23 11 13 44 22 33 11 41 44 14 22 32 14 14 22 31 24
1 11 44 11 23 22 14 11 44 22 43 44 44 44 11 33 33 11 14 22 11 24
1 14 11 14 23 23 14 11 41 23 43 41 41 44 11 33 32 11 11 23 31 44
1 11 41 11 22 22 14 11 44 23 43 41 44 41 11 33 32 11 14 22 31 22
1 14 11 11 23 22 44 13 44 23 43 41 44 41 14 33 33 11 11 22 31 22
1 11 44 11 23 22 11 11 44 23 43 44 44 41 11 33 33 11 11 22 33 22
1 44 11 14 22 23 14 13 11 33 33 41 11 41 11 33 32 44 14 23 11 44
1 11 41 11 22 22 14 13 44 22 44 44 41 41 14 32 32 11 11 22 33 44
1 11 44 14 22 23 11 11 41 22 43 11 44 41 11 32 33 14 14 23 11 22
1 44 44 14 22 22 14 11 44 23 43 41 41 41 11 32 33 11 11 22 33 24
1 44 41 14 22 22 14 13 44 23 43 41 11 41 14 33 32 11 14 23 11 24
1 11 44 14 22 22 14 11 44 23 33 44 44 41 14 33 33 14 11 22 33 22
1 11 41 11 23 33 14 11 44 23 44 41 44 44 11 33 33 11 14 22 11 22
1 11 41 14 22 22 14 13 41 22 44 41 41 44 11 32 22 14 11 33 31 24
1 11 41 44 22 22 11 11 44 22 44 44 41 44 11 33 33 11 11 23 33 24
1 11 41 14 23 22 11 11 44 23 43 44 41 11 11 32 33 11 14 23 31 22
1 44 41 44 23 22 11 11 44 23 44 41 41 44 11 33 33 14 14 22 31 22
1 14 41 14 23 22 44 11 41 23 44 11 44 41 11 32 32 11 11 23 31 24
1 11 44 11 22 22 11 13 11 23 44 41 44 44 14 33 33 44 11 22 11 24
1 14 41 11 22 22 11 13 44 22 43 44 11 44 11 33 33 14 14 22 11 22
1 11 11 14 22 33 14 33 44 33 44 11 41 11 11 33 32 44 44 22 31 44
1 11 41 14 23 22 11 13 41 22 43 11 41 44 14 32 33 14 14 22 11 24
1 14 11 14 22 22 11 11 44 33 33 41 11 44 14 33 33 11 14 22 31 24
1 11 11 11 22 23 11 33 44 23 43 44 44 44 11 33 33 14 14 22 33 22
1 14 41 14 22 22 11 11 41 22 43 44 11 41 11 32 33 14 14 23 31 24
1 11 11 14 23 22 14 13 41 23 43 11 44 44 11 33 32 14 14 23 33 22
1 14 11 44 22 23 11 13 44 33 43 41 41 41 11 32 32 14 11 22 33 24
1 14 41 14 22 22 11 11 44 22 43 44 41 41 11 33 33 11 14 22 31 24
1 11 11 14 23 22 11 11 44 33 43 44 41 41 11 32 33 14 14 23 31 24
1 14 11 11 22 22 14 11 41 22 44 41 41 44 14 33 33 11 11 23 33 22
1 14 44 14 22 22 11 11 44 23 43 44 44 44 11 33 33 11 14 22 33 24
1 11 44 11 22 22 14 11 44 23 44 44 44 44 11 33 33 11 11 22 31 22
1 11 41 14 22 23 14 13 44 22 43 44 44 41 11 33 32 11 14 22 31 22
1 44 11 14 22 33 44 13 11 23 33 11 41 44 11 32 33 44 14 23 31 44
1 11 44 11 22 23 11 11 41 22 43 44 44 44 11 32 33 14 11 22 33 22
1 11 44 11 23 23 11 11 44 23 44 41 44 44 11 33 32 14 11 23 31 22
1 44 41 14 23 23 11 13 41 22 43 11 44 44 11 33 32 11 14 33 33 22
1 11 41 14 22 22 11 13 44 23 44 41 44 11 14 22 33 11 14 23 33 22
1 11 41 14 23 22 14 13 44 22 44 41 41 41 11 33 33 44 44 23 31 22
1 11 41 14 22 22 11 11 11 22 44 41 44 44 14 33 33 11 14 22 11 22
1 11 44 11 23 23 11 13 44 22 43 41 44 41 11 33 32 11 11 22 33 22
1 14 44 44 22 22 14 11 41 23 44 11 41 44 11 33 32 14 14 23 31 24
1 14 11 14 22 22 14 11 44 23 44 41 41 44 14 33 33 11 11 22 31 22
1 14 44 14 22 22 11 13 44 22 44 44 41 44 11 33 32 44 14 22 33 24
1 11 41 11 22 23 44 11 44 22 44 41 44 44 11 32 33 14 11 22 11 24
1 44 41 11 23 23 44 11 41 33 43 41 41 41 11 33 32 14 14 23 31 22
1 14 41 14 22 23 14 11 41 23 43 44 41 41 11 33 33 11 44 22 11 22
1 14 44 14 22 22 11 11 44 33 43 41 41 44 11 33 33 11 14 22 33 22
1 11 41 14 22 22 11 11 41 23 33 44 44 44 11 33 33 11 11 23 31 22
1 14 11 11 22 22 44 11 41 23 44 44 41 44 14 22 33 11 14 22 33 24
1 14 41 14 23 23 11 33 44 22 43 44 41 11 14 33 32 14 14 22 31 24
1 11 11 11 22 23 14 11 44 22 44 44 41 41 11 33 33 11 11 23 31 22
1 11 44 14 23 33 11 11 44 23 44 41 41 41 11 33 33 14 14 22 31 24
1 11 44 14 22 22 11 13 44 33 43 44 41 41 11 33 32 11 11 23 11 24
1 11 41 14 33 22 14 11 41 23 44 44 44 41 11 33 32 11 14 23 31 22
1 44 41 14 23 23 44 11 41 33 43 41 41 41 11 33 22 14 14 22 11 22
1 14 11 14 33 23 14 13 41 33 44 11 11 41 11 22 22 44 14 23 11 44
1 11 11 11 22 22 14 11 44 33 43 41 44 41 11 33 33 11 11 22 33 24
1 14 11 44 23 33 14 33 41 22 43 41 41 44 11 32 33 14 44 22 31 24
1 14 41 11 22 22 11 11 41 23 43 41 41 44 11 33 33 14 14 22 33 22
1 14 11 14 22 23 14 13 41 33 43 11 11 41 11 33 32 14 11 23 33 44
1 14 44 14 23 22 14 11 41 23 44 44 44 44 44 32 33 11 14 23 11 22
1 11 44 11 22 22 11 11 44 22 44 44 41 41 11 33 33 14 11 23 33 22
1 44 44 11 22 23 14 11 41 23 44 11 44 44 14 33 33 14 11 23 33 22
1 14 11 11 22 22 14 11 44 23 33 41 44 44 11 32 32 11 44 23 31 24
1 14 11 14 23 23 14 11 41 33 44 41 11 41 11 33 33 14 14 22 11 22
1 44 41 11 23 22 11 11 44 22 33 44 44 41 14 33 33 11 14 23 33 22
1 14 41 11 22 22 11 11 44 23 44 41 41 44 11 32 33 14 11 22 33 24
1 44 11 14 22 23 44 13 41 23 33 44 11 41 11 33 32 14 14 22 31 44
1 14 41 14 23 23 44 11 41 33 33 11 41 11 14 33 32 14 44 22 11 44
1 14 41 44 22 23 44 33 44 23 43 41 41 44 11 32 33 44 14 23 33 24
1 11 41 14 22 22 11 11 44 23 43 44 44 44 11 33 33 11 14 22 31 24
1 14 44 14 22 22 14 11 44 23 43 41 44 41 11 33 32 14 11 22 31 24
1 11 41 14 22 22 11 11 11 23 44 41 44 44 11 33 33 14 11 23 31 22
1 11 44 11 22 22 14 11 44 22 44 44 44 44 11 33 33 14 11 22 33 22
1 11 44 11 23 23 11 11 41 23 43 41 11 41 11 33 33 14 11 23 31 24
1 14 11 11 22 22 14 11 41 22 43 44 41 11 11 32 33 14 11 33 33 24
1 14 41 44 22 23 44 13 44 23 44 41 44 44 14 33 33 44 11 23 11 22
1 14 11 44 23 22 44 13 44 33 33 11 11 41 14 22 22 44 44 23 11 44
1 14 41 14 22 22 11 11 44 33 44 44 44 44 11 33 33 11 44 22 11 22
1 11 41 14 22 23 14 11 44 22 44 41 41 41 11 33 33 44 14 23 31 24
1 14 11 14 22 22 11 11 41 22 44 44 41 44 11 33 33 11 11 22 33 24
1 11 11 14 23 23 11 11 44 23 43 41 44 44 11 33 33 14 11 22 31 44
1 11 11 14 22 22 11 11 44 23 33 41 41 44 14 33 33 14 11 23 33 24
1 44 11 44 23 23 14 33 44 23 44 11 11 41 11 32 32 11 14 23 31 24
1 44 41 11 22 22 14 13 41 22 33 11 44 11 11 32 33 14 14 22 31 24
1 44 11 14 23 23 14 33 44 23 33 11 11 44 14 32 32 14 14 23 31 44
1 14 41 14 23 22 14 11 44 23 43 44 44 44 11 33 33 14 11 33 31 22
1 14 44 11 23 23 14 11 41 22 43 41 44 44 11 33 32 11 14 22 31 24
1 14 44 14 23 33 11 13 44 33 43 11 44 44 14 32 33 14 14 23 31 22
1 11 11 11 22 22 14 11 44 22 43 11 44 44 14 33 33 14 14 22 31 22
1 11 44 44 22 23 14 13 11 33 44 44 44 44 11 33 33 44 11 23 31 24
1 11 11 14 22 33 14 13 44 23 43 11 11 41 11 32 32 11 11 33 31 22
1 14 41 44 23 22 14 13 41 22 44 11 41 44 11 33 22 14 44 22 33 24
1 11 41 44 23 33 14 11 41 23 43 41 44 41 11 22 32 14 14 22 11 44
1 11 41 14 22 23 11 11 44 23 43 44 41 41 11 32 32 11 14 23 33 22
1 11 41 14 23 22 14 11 44 23 43 44 44 44 11 33 32 14 14 22 33 24
1 11 44 44 22 23 14 33 41 22 43 41 41 41 14 33 33 11 14 23 11 44
1 14 41 14 22 22 14 11 41 23 43 41 44 44 14 33 33 14 14 23 31 24
1 14 44 44 22 22 44 11 44 22 43 41 41 44 11 33 32 14 11 22 11 24
1 11 11 14 22 23 14 11 41 33 43 44 44 44 14 33 32 44 11 22 31 22
1 14 11 44 22 22 11 11 41 33 43 41 41 41 11 32 33 11 14 33 31 44
1 14 44 14 23 23 14 11 44 33 33 41 11 44 14 33 33 44 14 33 31 44
1 11 44 44 22 23 44 11 41 22 44 44 44 44 11 33 33 14 14 22 33 24
1 11 41 11 22 22 11 11 44 33 43 44 41 44 11 33 32 14 11 22 11 22
1 14 11 11 22 22 11 13 41 23 43 44 44 11 14 33 33 14 14 23 11 22
1 11 11 14 22 22 44 13 41 23 43 41 11 41 11 33 33 11 11 23 31 24
1 11 41 44 22 22 14 11 41 23 43 41 41 41 11 33 32 11 14 23 31 24
1 14 41 14 23 22 44 13 11 23 33 11 41 41 11 33 33 14 14 22 31 22
1 14 11 44 23 23 44 33 41 22 43 44 41 44 11 22 32 11 14 23 31 24
1 11 11 14 22 22 11 13 44 23 44 44 41 44 11 33 33 14 11 22 31 24
1 14 44 11 22 22 11 11 44 22 43 44 41 44 11 33 32 11 11 23 31 22
1 11 41 14 22 23 11 11 41 23 44 44 44 41 14 33 33 11 11 23 11 24
1 14 44 11 23 22 11 13 44 23 44 41 44 44 11 33 32 14 11 22 31 22
1 14 41 14 23 22 14 11 41 22 43 41 41 44 11 33 32 11 14 23 31 24
1 44 41 44 33 22 14 13 41 22 33 41 11 41 44 32 22 14 14 23 31 24
1 44 41 14 33 23 14 13 11 23 43 11 44 11 14 33 33 14 44 23 31 24
1 14 41 11 22 23 11 13 41 22 44 41 44 44 11 32 32 14 14 22 33 22
1 14 41 14 23 23 14 13 44 22 43 44 11 41 11 33 33 14 14 22 31 22
1 11 11 14 33 23 14 13 11 33 44 44 41 44 11 22 32 14 14 23 31 22
1 14 11 14 23 23 11 13 44 23 33 44 11 41 11 33 22 14 14 23 11 22
1 14 41 14 22 22 14 11 44 22 43 41 44 44 11 33 33 14 14 23 31 22
1 11 44 11 22 22 14 13 41 22 44 44 44 41 11 33 33 11 14 23 11 22
1 11 11 11 23 22 14 13 41 33 43 44 44 44 14 33 33 44 11 22 31 22
1 14 11 14 23 22 44 11 44 33 43 41 41 41 44 32 22 11 44 33 11 24
1 14 41 14 22 22 11 11 44 23 44 44 44 41 11 33 33 14 11 22 33 22
1 14 44 11 23 23 11 11 44 23 43 11 41 44 11 33 32 11 14 22 31 24
1 11 41 11 22 23 11 13 44 22 44 44 11 44 11 33 32 11 14 22 33 22
1 44 11 44 23 33 44 13 44 33 43 41 11 41 14 33 33 14 14 23 31 22
1 14 11 14 23 23 14 13 41 22 33 41 41 41 14 32 32 14 14 23 11 44
1 44 11 14 23 23 14 13 41 33 44 41 41 41 14 32 32 44 11 22 11 24
1 11 41 44 22 22 14 11 41 22 43 44 41 44 14 33 33 14 11 22 33 22
1 14 41 11 33 22 14 13 44 22 43 11 41 44 11 32 33 44 14 23 33 22
1 14 41 11 22 22 11 11 44 23 33 44 44 44 11 32 33 14 14 22 31 24
1 11 44 11 22 22 11 13 11 33 43 44 44 44 11 33 32 11 14 33 31 24
1 14 41 11 22 23 14 11 44 22 33 41 44 41 11 32 32 14 14 22 33 22
1 44 41 14 23 23 14 11 41 23 43 41 41 41 14 33 32 11 44 22 31 24
1 44 41 11 22 23 44 11 41 33 33 41 11 41 14 33 33 14 14 22 31 24
1 14 41 11 22 23 11 11 44 22 44 41 11 41 11 33 33 14 11 23 33 24
1 14 11 44 33 22 14 13 41 22 33 41 41 44 14 33 33 44 14 23 11 24
1 44 44 14 22 23 14 13 41 33 43 11 41 41 11 33 32 14 44 23 31 24
1 14 44 14 22 22 14 13 44 23 44 41 41 44 11 32 33 14 11 23 31 24
1 14 11 14 23 23 14 13 44 23 43 44 44 41 14 33 33 44 14 23 31 22
1 11 11 14 23 22 11 13 41 23 44 44 44 41 11 32 33 11 14 22 33 22
1 14 41 14 22 23 44 13 41 23 33 11 11 44 14 32 32 11 14 22 31 44
1 11 44 44 22 23 11 11 44 22 43 44 41 44 11 33 32 11 11 22 31 24
1 44 41 11 23 22 14 11 44 23 44 11 41 44 11 33 33 11 11 23 31 24
1 14 41 14 23 22 14 11 44 23 44 41 44 44 11 22 32 14 14 33 11 24
1 14 41 11 22 23 14 13 41 23 44 11 44 44 11 33 32 14 14 22 33 22
1 14 11 14 22 23 44 33 41 33 44 41 44 44 11 33 32 14 11 23 33 24
1 11 41 11 22 22 14 11 44 22 44 44 41 44 11 33 33 11 11 22 31 24
1 11 44 11 22 22 14 13 44 23 44 41 44 44 11 33 33 14 11 22 31 22
1 11 41 11 23 22 11 11 41 33 44 41 44 41 14 32 22 44 11 22 11 24
1 11 44 14 22 23 44 13 44 23 33 41 41 41 11 32 32 14 14 23 31 44
1 11 41 14 22 22 14 11 44 23 44 11 44 41 11 33 33 14 11 22 33 22
1 11 41 14 22 33 14 13 41 22 43 41 41 41 11 33 32 14 14 23 33 22
1 14 44 14 22 22 11 13 44 23 44 44 41 41 14 33 32 11 11 23 31 24
1 11 44 14 22 22 14 11 44 23 43 11 44 11 11 33 33 11 11 22 31 44
1 44 44 14 22 22 11 11 44 22 43 41 44 44 11 33 32 11 11 23 33 22
1 14 41 14 23 22 44 13 41 23 44 11 44 44 14 33 33 14 11 23 33 24
1 44 41 14 23 22 44 33 44 33 43 41 11 11 44 32 33 44 14 23 11 44
1 14 41 11 22 22 14 13 44 22 43 41 41 41 11 33 33 11 14 22 31 24
1 14 41 14 23 33 14 11 41 33 33 41 44 44 11 33 32 11 44 23 11 22
1 11 41 14 22 23 14 13 41 23 43 44 44 41 11 22 32 11 14 22 31 24
1 44 44 14 22 23 44 11 41 33 43 44 41 41 11 32 33 44 14 22 33 44
1 14 41 44 33 22 44 13 41 23 33 41 44 41 11 33 33 14 14 23 31 22
1 14 41 44 23 22 14 13 44 33 44 41 11 41 14 33 32 44 14 23 31 22
1 11 41 11 22 22 11 11 44 23 33 41 41 44 11 33 32 14 11 22 33 24
1 14 44 44 22 23 44 11 41 23 43 11 11 11 11 32 32 44 11 22 11 44
1 11 41 11 23 23 11 13 44 33 44 41 44 41 11 33 32 11 11 22 33 44
1 11 41 11 22 23 14 11 41 23 43 41 41 41 11 33 32 11 11 23 31 22
1 11 44 14 23 22 14 11 44 22 44 41 44 44 11 33 32 11 11 23 31 22
1 11 41 11 22 22 11 11 44 23 44 44 44 41 11 33 33 11 11 23 33 22
1 44 11 14 23 23 44 13 41 33 43 44 44 41 11 32 33 14 11 22 31 24
1 14 41 14 22 22 11 11 41 23 43 44 41 44 11 33 33 11 11 22 33 24
1 14 41 14 22 22 11 11 44 23 44 44 44 44 11 32 33 11 11 22 31 22
1 11 44 14 22 22 11 13 44 22 44 11 11 44 11 33 33 11 11 22 31 24
1 14 41 14 23 22 14 13 44 23 43 41 41 11 11 33 33 14 14 23 31 24
1 11 44 14 22 22 11 11 41 23 43 41 41 41 11 33 33 11 11 22 33 22
1 14 11 14 23 22 11 11 44 23 43 44 41 41 11 33 32 11 11 22 31 22
1 11 44 14 22 23 14 13 41 33 44 44 44 44 14 32 33 11 44 22 31 22
1 11 41 14 22 23 11 11 44 33 43 44 44 44 11 22 33 14 11 23 31 24
1 44 41 14 22 23 14 11 41 33 44 41 41 41 11 33 33 14 14 23 11 24
1 14 41 11 22 22 44 11 41 22 43 44 41 44 11 32 33 14 14 22 33 22
1 14 41 44 22 23 11 11 41 23 44 44 41 41 14 33 32 14 44 22 33 24
1 14 11 14 22 22 11 13 41 23 44 44 44 44 11 33 33 11 14 23 33 44
1 14 44 11 23 22 14 11 44 33 43 41 41 11 11 33 33 11 11 22 11 24
1 11 11 14 23 22 14 33 11 23 43 41 44 41 14 33 33 11 14 23 33 24
1 44 11 11 23 22 14 13 44 23 33 41 11 44 14 32 32 11 14 22 31 24
1 11 11 14 22 33 11 13 11 23 43 41 41 11 11 32 33 11 14 22 31 24
1 11 44 11 23 22 14 11 44 23 43 44 41 41 11 32 33 14 11 23 31 22
1 11 44 14 22 22 14 13 41 23 44 41 41 44 11 32 32 11 14 33 31 22
1 44 41 44 22 22 14 13 41 22 43 44 41 44 14 33 33 14 11 22 31 22
1 11 11 14 33 23 11 33 41 22 43 11 41 41 14 33 33 14 11 23 33 22
1 14 41 14 22 22 14 13 41 23 43 41 41 44 11 33 33 14 14 23 33 24
1 14 44 11 23 22 11 11 44 22 44 41 44 44 11 33 32 11 11 23 11 22
1 11 11 11 23 23 44 11 44 33 44 44 41 44 11 33 33 14 14 33 31 44
1 14 41 44 22 22 14 11 41 33 43 41 41 41 14 33 32 11 11 23 33 22
1 14 41 44 33 23 44 11 44 23 43 11 41 41 11 33 33 14 14 22 31 24
1 11 44 11 22 22 11 11 44 22 43 44 44 41 11 33 33 11 11 23 31 24
1 11 11 14 22 23 44 11 44 23 44 44 11 41 14 33 33 14 14 23 31 22
1 14 41 14 33 23 44 11 44 33 33 44 44 41 14 33 32 14 14 22 11 44
1 14 11 11 22 22 14 13 41 22 44 41 44 44 14 33 33 14 14 23 33 22
1 44 11 14 23 23 14 11 41 33 43 44 44 41 11 33 33 11 14 22 31 24
1 11 11 14 22 22 14 13 44 22 44 44 41 44 11 33 32 11 11 22 31 44
1 14 11 14 22 22 44 13 41 22 43 41 41 44 11 22 32 11 14 33 31 22
1 44 41 14 23 22 44 13 41 23 43 11 44 44 14 33 33 11 14 23 31 22
1 14 41 14 22 22 11 11 41 23 33 41 44 41 11 32 22 14 14 23 33 44
1 14 11 11 23 23 44 13 11 33 43 11 41 41 14 33 32 11 14 23 31 22
1 14 41 11 22 22 14 11 44 22 44 41 44 44 11 33 32 14 44 23 33 22
1 11 41 11 22 22 44 11 44 22 44 41 44 44 11 33 33 11 14 22 11 24
1 14 41 11 23 23 11 11 11 22 43 44 11 41 11 33 32 14 44 33 31 22
1 44 44 44 22 23 14 11 11 23 43 44 44 41 11 33 22 44 14 22 11 24
1 11 44 11 22 22 14 11 44 33 44 41 44 44 11 33 33 11 14 22 33 22
1 11 41 11 23 22 11 11 44 23 44 41 44 41 11 33 32 14 44 22 11 24
1 14 41 14 23 23 14 13 44 22 43 41 44 44 11 33 32 14 14 23 31 24
1 44 41 14 23 33 14 13 44 23 43 41 41 44 11 32 32 11 11 23 11 24
1 14 44 14 22 22 14 11 44 22 43 41 11 41 14 32 32 11 14 22 33 24
1 14 41 14 22 22 14 13 41 22 33 41 44 44 11 33 33 14 14 23 31 24
1 14 41 14 23 22 11 13 41 23 44 44 41 44 11 33 33 11 11 22 31 24
1 11 41 11 22 22 11 11 41 22 44 44 41 44 11 33 33 11 11 23 33 22
1 14 41 14 23 23 11 11 41 23 43 41 41 41 11 33 33 14 14 23 31 24
1 44 41 44 22 22 14 13 44 22 43 44 41 44 11 33 32 11 14 33 31 24
1 14 41 11 22 22 11 11 44 22 44 44 41 41 11 33 33 14 11 22 33 22
1 44 44 11 22 22 14 11 44 23 43 41 41 41 11 32 33 14 11 33 31 24
1 11 41 11 22 23 14 33 44 22 44 41 41 44 11 33 33 14 11 23 31 24
1 14 41 14 22 22 11 11 44 23 44 41 44 41 11 33 33 14 14 22 31 24
1 11 44 14 22 22 11 11 44 22 43 44 41 44 11 33 32 11 11 23 31 22
1 11 44 14 22 22 14 11 44 23 44 41 44 44 11 33 33 11 11 22 31 22
1 14 11 11 23 22 14 13 41 23 43 44 41 44 11 32 33 11 11 23 31 24
1 11 41 14 22 22 11 11 41 22 43 41 44 11 11 33 33 11 14 22 31 44
1 11 41 11 22 23 11 11 44 22 44 44 44 44 11 33 32 14 14 22 31 22
1 14 41 11 22 22 14 11 44 22 44 41 44 44 14 33 33 14 11 22 31 22
1 11 44 44 33 22 11 13 44 22 43 41 44 41 11 33 33 14 11 23 31 44
1 11 44 11 22 22 11 11 44 22 44 41 44 44 11 33 33 11 11 22 33 22
1 11 41 11 22 22 11 11 44 22 44 41 44 44 11 33 33 11 11 22 33 22
1 11 11 14 33 23 14 13 41 23 43 41 11 41 14 33 32 14 11 33 31 22
1 11 41 44 23 23 44 11 41 33 43 41 44 44 14 33 22 14 14 23 31 22
1 11 44 11 22 22 11 11 44 23 44 44 44 44 14 32 33 11 14 22 33 22
1 14 11 44 22 23 11 11 11 33 43 41 41 11 14 33 32 11 14 22 31 22
1 14 41 14 22 22 44 11 41 22 44 44 44 44 11 33 33 11 11 22 31 44
1 11 41 11 22 22 14 11 44 22 43 44 41 44 11 32 33 14 11 22 31 24
1 11 44 14 22 22 14 11 44 23 43 41 44 44 14 33 32 11 11 22 33 22
1 11 41 14 23 23 11 11 41 23 44 11 41 41 11 33 33 11 14 23 33 44
1 11 41 11 33 22 14 11 44 22 44 41 44 44 11 32 33 11 11 23 11 24
1 11 11 11 23 22 11 33 41 23 43 41 44 44 11 33 33 14 11 23 33 22
1 14 44 14 22 33 14 13 44 23 44 44 44 41 11 33 33 14 14 23 31 24
1 44 41 11 23 22 44 13 44 23 44 41 41 44 11 33 33 11 11 22 31 22
1 11 44 14 23 22 11 13 44 22 44 41 44 41 11 33 33 11 11 22 31 22
