 rs7547898 rs10799834 rs10737480 rs6701316 rs4912019 rs6704156 rs11589338 rs3934190 rs7539563 rs3929667 rs4486471 rs4326647 rs10917527 rs6696124 rs3850533 rs1782469 rs6426825 rs1883571 rs17378010 rs1473689 rs1983602 rs1473688 rs2294634 rs1266439 rs1266438 rs1266437 rs10917536 rs1266434 rs6426826
0 32 44 24 33 22 14 22 44 44 23 22 13 22 41 23 14 22 23 23 44 32 22 33 33 13 33 33 33 14
0 22 44 24 32 22 14 22 44 44 22 22 11 22 11 22 44 33 23 22 41 22 23 13 33 13 33 33 33 11
0 33 41 24 33 23 11 23 44 42 22 23 11 22 41 22 14 22 33 22 11 33 23 11 32 11 33 31 33 14
0 22 41 24 33 23 14 22 41 42 23 23 11 23 44 33 44 22 23 23 41 33 22 13 33 11 31 33 33 14
0 32 44 24 33 22 11 23 44 44 23 22 11 22 44 22 14 22 22 22 44 22 22 11 32 13 33 31 33 14
0 22 41 44 32 22 14 23 41 44 22 23 11 23 41 23 44 23 22 22 11 32 23 13 33 11 11 31 31 11
0 33 41 22 32 22 11 22 44 44 22 22 11 22 41 33 14 22 23 22 44 22 22 11 32 33 33 31 33 11
0 33 44 44 22 22 14 22 44 44 22 22 11 22 44 33 14 23 22 22 44 32 22 13 32 13 31 33 33 44
0 32 44 24 33 23 14 23 11 44 23 23 33 22 41 23 14 23 22 23 41 22 23 13 32 11 33 31 33 14
0 33 44 24 32 23 14 22 11 44 23 22 11 22 11 23 11 22 22 22 44 33 23 13 32 11 11 33 33 14
0 32 44 24 33 22 14 22 44 44 23 22 11 22 41 23 11 22 22 22 44 32 23 11 33 13 31 31 33 14
0 33 44 24 32 23 11 23 41 44 22 22 11 22 41 23 11 23 22 22 44 22 22 13 33 11 11 11 33 44
0 33 41 44 33 33 11 23 41 44 23 23 11 22 44 23 44 23 23 22 41 22 23 33 22 11 11 31 33 14
0 32 11 24 33 22 11 22 41 42 22 22 13 22 44 22 44 33 22 22 41 32 33 11 32 11 31 11 33 11
0 33 41 44 33 22 11 23 44 44 23 22 11 22 41 22 44 22 22 23 11 32 22 33 32 11 31 33 33 11
0 33 41 44 22 22 14 23 44 42 23 22 11 22 41 33 11 22 22 22 44 32 22 11 32 11 31 31 33 11
0 32 44 22 32 22 11 22 44 44 22 22 11 22 44 23 11 22 23 22 41 32 23 11 33 11 11 31 33 14
0 32 44 24 32 22 11 22 44 42 23 22 13 22 41 22 44 22 22 22 41 32 22 11 32 33 33 31 33 11
0 32 44 24 33 22 11 23 44 42 22 22 11 22 44 22 44 23 23 23 41 32 22 13 33 13 31 31 33 11
0 32 44 24 33 23 14 33 44 44 23 23 11 22 41 33 14 22 22 22 44 32 22 11 33 11 11 31 33 14
0 32 41 22 33 22 11 22 44 44 22 22 11 22 44 22 11 22 22 22 41 32 23 11 33 11 31 33 33 14
0 32 41 44 32 22 14 22 41 44 22 23 11 22 11 23 14 22 23 23 41 32 23 13 33 13 33 33 33 11
0 33 41 22 33 23 14 33 44 44 22 22 11 22 44 33 14 22 22 22 44 22 23 13 32 33 31 33 33 14
0 33 41 24 32 22 14 22 44 42 23 22 13 22 44 23 14 22 22 22 41 32 33 13 32 33 11 31 31 14
0 33 41 24 33 22 44 22 44 44 23 22 13 23 44 22 11 22 23 23 41 32 23 11 32 11 33 11 33 11
0 33 44 22 33 22 44 23 44 44 22 22 11 22 41 23 11 22 22 22 44 32 22 13 32 11 33 31 33 11
0 33 41 24 33 22 11 33 44 22 33 22 11 22 44 23 14 22 22 22 11 33 23 13 33 13 11 31 33 14
0 33 11 24 22 22 14 23 44 44 22 22 11 23 41 23 14 22 33 23 44 32 22 33 33 13 31 11 31 14
0 32 44 44 33 22 14 22 44 42 22 23 11 22 41 23 11 22 22 23 44 22 23 13 33 13 31 31 33 11
0 33 41 44 33 22 11 23 44 44 22 22 11 22 44 23 14 22 23 22 11 22 22 11 32 13 33 31 31 14
0 22 41 44 22 23 14 23 41 42 23 23 13 22 44 22 14 33 23 22 44 32 23 13 33 11 11 11 33 11
0 32 41 24 22 22 44 33 44 44 22 22 11 22 44 23 44 23 22 22 11 33 22 11 32 33 31 33 31 44
0 32 44 24 22 33 14 23 44 44 23 22 11 22 11 33 14 22 22 22 44 32 22 13 22 11 31 31 33 11
0 32 11 24 32 23 11 22 44 44 23 22 11 23 41 33 14 23 33 23 44 33 33 13 22 13 31 33 33 11
0 33 11 44 33 23 14 23 41 44 23 23 11 22 11 22 11 22 22 22 44 33 23 13 33 33 11 31 31 11
0 33 44 22 22 22 11 22 44 44 22 22 11 22 44 23 11 22 22 23 44 33 22 11 33 13 31 31 33 14
0 32 44 44 33 22 11 22 44 44 22 22 11 22 41 23 11 23 22 33 41 33 23 11 33 13 31 33 33 14
0 32 41 22 32 23 14 22 44 44 23 22 11 22 44 22 11 22 22 23 44 32 22 11 32 11 33 33 33 11
0 22 44 24 32 22 14 33 41 44 22 22 33 22 44 22 14 22 22 22 41 32 23 11 32 13 31 11 33 11
0 33 11 22 22 23 44 23 41 44 22 23 13 22 44 23 14 22 23 22 11 33 33 11 32 13 11 31 33 11
0 33 41 44 32 22 14 33 44 44 22 22 11 22 41 23 11 22 22 23 41 33 22 11 33 33 31 33 33 11
0 33 44 22 32 22 11 23 44 44 22 22 11 22 41 22 14 23 22 22 44 33 22 11 33 13 31 33 33 14
0 32 11 44 22 23 11 33 44 44 23 23 11 22 41 23 14 23 22 23 44 33 22 11 32 13 31 31 33 11
0 32 41 24 32 22 11 23 44 44 22 22 11 22 11 23 44 22 23 23 44 32 23 13 33 13 31 31 33 14
0 33 41 24 32 22 14 23 44 42 23 22 13 23 44 33 11 22 23 22 41 33 23 11 32 13 33 33 31 14
0 33 41 24 32 22 44 22 11 44 22 33 13 23 44 22 14 23 22 23 44 33 22 11 32 11 31 33 33 11
0 22 44 44 32 23 14 22 44 44 22 23 11 22 41 23 11 22 33 23 44 32 23 11 32 33 31 31 33 11
0 22 41 24 33 22 11 22 44 42 23 22 11 22 41 22 11 22 22 22 44 32 33 13 32 11 11 11 33 44
0 32 44 44 33 22 11 22 44 42 22 22 11 22 44 22 14 22 22 23 44 32 22 13 32 11 31 33 33 11
0 33 44 22 33 22 44 22 44 44 22 22 11 22 44 23 11 22 22 22 44 33 22 11 33 11 33 31 33 11
0 32 11 24 33 23 11 23 41 42 33 22 13 23 41 23 44 23 22 22 41 33 33 13 32 13 33 31 31 11
0 33 41 24 33 23 14 22 44 44 22 22 13 22 44 33 44 22 22 23 41 33 22 13 33 13 33 33 33 11
0 22 41 24 32 23 14 23 41 42 23 23 11 22 11 33 44 23 23 33 11 22 23 13 33 33 31 11 31 14
0 22 41 44 33 22 14 23 44 42 22 22 11 23 44 23 11 22 22 23 41 32 23 11 32 13 11 33 33 11
0 33 44 24 33 23 11 22 44 44 22 22 11 22 44 22 14 22 22 23 44 33 22 11 33 33 33 11 33 11
0 32 41 22 22 22 14 23 44 42 23 22 13 22 41 23 44 22 22 22 41 22 22 13 33 13 31 31 31 11
0 33 41 44 22 22 14 22 41 22 33 22 11 22 41 23 11 22 22 33 41 32 22 11 33 11 31 31 33 44
0 32 41 44 32 23 11 23 41 42 23 23 13 22 11 33 11 22 22 23 44 32 23 11 33 11 11 31 31 44
0 32 44 22 32 22 11 22 44 44 23 23 11 22 44 23 14 22 22 22 44 32 22 11 33 13 33 33 33 14
0 32 41 24 22 22 11 23 44 44 23 22 13 22 44 23 44 22 22 33 41 32 22 11 32 33 31 33 33 11
0 32 44 24 22 22 11 23 41 44 22 22 11 23 44 23 14 33 23 23 41 32 23 11 32 11 31 31 33 11
0 22 11 22 32 22 11 22 41 42 23 22 13 22 11 33 14 22 22 22 11 22 22 33 32 33 31 31 31 14
0 32 44 44 33 22 11 33 44 42 23 22 11 22 44 23 14 22 22 22 41 33 22 13 33 13 31 31 33 14
0 22 41 44 32 33 14 23 11 22 22 23 11 22 11 33 44 23 23 22 41 32 22 13 22 13 33 11 33 14
0 32 11 24 33 33 11 23 44 44 22 22 11 22 44 23 14 23 22 22 41 33 22 11 32 13 33 33 33 11
0 33 41 24 32 22 14 23 41 44 22 23 11 22 11 33 11 23 22 23 41 33 33 33 33 13 33 11 31 14
0 33 44 22 32 22 11 22 44 44 22 22 11 22 41 23 14 22 22 23 41 32 22 33 32 11 31 33 33 11
0 33 44 24 32 22 14 23 44 42 23 22 11 22 44 33 14 22 22 23 44 33 22 13 33 13 31 11 33 11
0 32 41 22 32 22 14 22 44 44 22 22 11 33 44 23 44 23 23 22 44 32 22 11 32 13 31 31 33 11
0 32 44 24 22 22 44 22 44 42 22 22 11 22 11 22 11 23 23 22 41 33 23 33 33 11 33 31 31 11
0 32 44 44 33 23 44 22 41 22 23 22 11 22 11 23 14 22 33 22 44 22 22 13 33 13 31 33 33 11
0 22 44 44 32 22 14 23 44 44 22 23 11 22 11 33 14 22 23 23 41 32 23 13 32 33 11 11 33 14
0 32 44 22 32 22 14 33 41 42 22 22 13 22 44 23 14 22 22 23 41 32 22 11 32 11 33 31 33 11
0 32 41 22 32 22 14 23 41 42 23 22 13 22 41 23 14 23 23 33 44 22 23 13 32 13 33 33 33 14
0 32 41 24 33 22 14 22 44 42 22 22 13 22 41 22 14 23 22 22 41 33 33 13 32 33 31 31 33 44
0 33 41 24 22 22 14 23 41 42 23 23 13 22 11 22 11 23 22 22 41 32 23 13 33 11 31 31 33 11
0 32 44 24 32 22 14 23 41 44 22 22 11 22 41 22 44 22 22 23 44 32 23 11 33 13 11 33 33 14
0 32 44 44 32 22 14 22 44 42 22 22 11 22 44 22 11 22 22 23 44 32 22 11 32 13 33 33 33 11
0 32 11 24 33 22 14 23 41 44 23 22 13 23 44 23 14 22 22 33 44 32 33 13 32 11 11 31 33 14
0 32 41 24 32 22 11 23 44 44 23 22 11 22 44 23 14 22 22 23 44 33 23 33 33 13 33 31 33 11
0 22 44 24 32 22 11 23 44 44 22 22 11 23 11 23 11 33 22 22 41 32 22 11 33 13 31 33 33 14
0 32 41 24 32 22 44 22 44 42 23 22 11 22 44 22 44 22 22 22 44 32 22 13 32 33 31 11 33 14
0 32 11 24 33 23 14 33 41 44 22 23 11 22 41 23 14 22 23 22 44 33 22 11 32 11 11 33 33 11
0 33 44 24 33 22 11 22 44 44 22 22 11 23 44 22 11 22 22 23 44 33 22 11 33 13 33 33 33 11
0 32 11 44 32 23 14 33 44 22 22 22 11 22 11 23 14 23 23 23 44 32 22 13 33 33 33 11 31 44
0 33 11 44 32 23 11 22 44 42 22 22 11 22 41 23 14 23 22 22 41 32 22 11 33 13 33 33 33 14
0 32 11 24 32 23 14 22 41 44 23 22 13 22 44 33 14 22 23 23 11 32 22 33 22 13 33 33 33 14
0 33 41 24 22 22 44 22 41 44 23 23 13 23 11 23 44 22 22 22 41 33 23 33 33 11 11 11 31 44
0 32 41 24 32 23 44 23 41 42 22 23 11 22 11 33 11 23 22 33 41 32 22 11 33 13 33 11 33 44
0 33 11 24 33 22 44 22 41 42 23 23 11 22 11 33 11 22 23 23 44 33 22 11 33 13 31 31 31 14
0 22 44 24 22 22 14 23 41 44 22 23 11 23 44 23 44 22 22 22 41 32 23 13 33 33 31 31 33 11
0 32 41 22 22 22 44 22 44 42 23 22 11 22 44 23 14 23 23 22 41 32 22 13 22 13 31 31 33 11
0 33 41 44 32 22 14 33 11 22 22 22 11 23 41 23 44 23 23 23 44 22 23 13 33 33 33 11 33 14
0 33 41 24 32 22 11 23 44 44 22 23 11 22 44 22 14 22 22 22 44 33 22 11 33 11 33 33 33 11
0 32 41 22 22 22 14 23 41 44 22 22 11 22 44 22 11 23 22 23 44 32 23 13 32 13 31 31 33 11
0 33 44 24 33 22 11 33 44 44 23 23 11 23 44 23 14 22 22 22 41 33 22 11 32 13 31 11 33 14
0 33 44 44 32 23 14 22 44 22 23 23 11 23 44 23 14 22 22 22 44 32 22 13 22 11 11 11 11 11
0 33 44 44 32 22 11 23 41 44 23 22 13 22 41 22 14 22 22 22 11 33 22 13 33 13 31 31 33 11
0 32 41 22 32 22 44 23 41 42 22 23 13 22 44 33 14 23 23 22 11 33 22 13 32 11 33 33 31 14
0 33 44 24 32 22 14 23 44 44 23 22 11 22 44 23 14 22 22 23 44 33 22 11 32 11 33 33 33 11
0 32 44 24 22 23 14 22 41 42 23 22 11 23 41 22 44 23 22 22 41 32 22 11 32 11 31 31 33 14
0 32 41 24 33 22 14 22 44 44 22 23 11 22 44 33 14 22 22 23 41 33 22 11 33 11 31 33 33 14
0 32 41 24 33 22 14 22 44 44 23 22 13 22 44 23 14 22 22 22 44 33 22 11 32 33 31 33 33 14
0 32 44 22 33 22 11 23 44 44 22 23 11 22 41 23 11 23 22 22 41 32 23 11 33 13 31 33 33 11
0 33 44 22 33 22 14 22 44 44 22 23 11 22 11 23 14 23 22 22 44 32 22 13 32 13 31 11 33 11
0 22 41 44 33 22 14 22 41 44 33 23 13 23 44 22 44 23 22 23 41 32 23 11 33 33 31 11 33 44
0 32 11 24 32 22 11 33 44 42 22 23 11 22 11 33 14 33 23 23 41 32 33 33 33 13 31 11 31 11
0 33 44 24 32 22 11 33 44 22 22 22 11 23 44 23 11 22 22 22 44 32 22 13 32 11 33 33 33 11
0 33 11 22 22 23 11 22 44 42 22 22 11 22 44 23 14 22 23 23 41 33 23 11 22 13 31 31 31 14
0 33 41 24 33 22 11 23 44 44 22 22 11 22 44 22 11 22 22 22 11 32 23 13 32 13 33 31 33 14
0 32 11 22 33 22 44 22 44 44 22 23 11 22 41 22 44 22 23 22 41 32 23 11 32 13 31 33 33 11
0 33 41 24 33 23 14 22 44 44 22 23 11 22 11 23 14 22 22 22 44 33 22 11 32 13 33 31 33 11
0 32 41 44 32 23 14 23 44 44 23 22 11 22 41 22 14 23 23 33 41 33 22 11 22 13 11 33 33 14
0 32 41 44 32 22 14 22 44 44 22 23 11 22 41 23 14 23 23 22 44 33 22 13 32 11 33 31 33 11
0 33 11 24 33 22 11 33 41 44 22 23 11 22 44 23 14 23 23 23 41 22 23 13 32 11 11 31 31 14
0 32 41 44 32 23 11 23 41 44 22 22 13 23 11 23 11 23 23 33 41 32 22 13 32 13 31 33 33 14
0 33 44 22 33 22 11 33 41 44 22 22 11 23 44 23 11 22 22 22 44 32 23 11 32 13 33 33 33 11
0 32 41 22 33 33 14 23 41 44 22 22 11 23 41 23 11 23 23 22 41 32 22 13 22 13 33 31 33 11
0 32 44 22 32 23 11 22 44 44 23 22 13 22 41 23 14 22 22 22 44 33 22 11 32 11 33 31 33 44
0 33 41 24 32 22 14 22 44 42 22 22 11 22 11 23 11 23 22 22 44 33 22 13 32 13 31 11 33 11
0 32 41 22 32 22 14 23 44 44 22 23 11 22 44 23 14 22 22 22 44 33 22 13 33 11 31 31 33 14
0 32 41 24 22 23 11 23 44 42 22 23 13 33 44 23 44 33 22 33 11 33 22 13 32 13 11 11 31 44
0 22 41 22 32 22 11 22 44 44 22 23 11 22 44 33 14 22 23 22 44 33 23 11 32 11 11 31 33 11
0 32 41 24 32 33 14 22 44 44 23 22 11 23 44 23 14 23 22 22 41 22 22 13 32 13 31 31 33 14
0 32 44 24 32 23 14 23 41 44 33 23 13 22 11 33 11 22 22 23 11 22 33 33 32 13 31 11 33 44
0 32 41 44 32 33 14 33 44 44 23 22 11 22 41 23 14 23 23 23 41 33 22 11 32 33 31 31 33 14
0 33 11 22 33 22 11 22 44 42 23 33 11 22 44 23 14 22 22 22 41 32 23 11 33 11 33 33 33 14
0 32 44 22 33 22 11 23 41 44 23 23 13 23 44 22 44 23 23 22 11 32 22 33 33 13 31 31 33 14
0 32 44 24 22 22 14 22 44 42 22 23 11 22 44 23 44 22 22 22 44 32 22 13 32 11 11 33 33 14
0 33 44 24 32 23 11 23 44 44 22 22 11 22 41 23 14 22 33 23 41 32 23 11 33 13 31 11 33 14
0 33 41 22 33 23 11 22 44 42 22 22 11 22 44 23 11 23 22 22 44 33 23 11 33 33 31 33 33 11
0 33 41 22 32 22 14 22 41 42 23 22 13 23 44 33 14 22 22 23 11 32 23 11 32 33 11 33 33 11
0 33 41 24 32 22 14 22 41 44 23 23 11 23 11 22 14 22 22 22 44 33 22 13 33 13 33 33 33 11
0 32 41 24 33 23 44 22 41 42 22 22 11 22 44 23 14 23 22 22 41 32 22 13 33 13 31 31 33 11
0 33 41 22 32 22 11 23 44 44 22 22 11 22 44 23 11 22 23 22 41 33 22 11 32 11 33 33 33 11
0 32 44 22 33 22 11 23 41 44 22 23 13 22 41 23 14 23 23 22 44 32 22 11 32 11 31 33 31 11
0 33 41 22 32 22 14 22 44 44 23 23 11 22 41 23 44 33 22 22 44 32 22 13 22 11 33 31 33 11
0 32 41 44 32 22 11 22 44 44 23 22 13 22 11 22 11 23 22 22 11 32 22 13 33 11 11 11 33 14
0 32 41 24 32 22 44 33 44 44 22 22 11 22 41 33 14 23 22 23 41 33 22 13 32 33 11 11 31 14
0 22 44 24 22 22 11 22 44 42 22 22 13 22 44 23 11 22 22 22 44 33 22 13 32 11 31 33 31 11
0 32 41 24 32 22 11 22 41 44 22 23 11 22 11 23 11 22 33 23 11 32 22 11 32 11 31 31 31 14
0 32 44 24 33 22 11 23 44 42 22 22 11 22 41 23 14 22 22 23 11 32 22 11 32 33 33 31 33 14
0 32 41 44 32 22 11 23 41 42 22 22 11 22 44 23 11 22 22 23 11 33 22 11 33 13 11 31 33 11
0 33 44 24 33 22 11 22 44 44 22 22 13 22 44 33 14 22 22 23 41 33 22 13 33 13 31 33 33 11
0 32 41 24 33 22 11 33 44 42 23 23 11 22 41 23 11 22 22 22 44 33 33 13 32 11 31 31 31 11
0 33 41 44 32 22 11 23 41 42 22 22 11 22 44 23 11 22 22 33 44 33 23 11 32 13 33 11 33 11
0 33 41 22 32 22 11 22 44 44 22 22 11 22 44 33 44 22 23 23 44 22 23 13 32 11 11 31 11 11
0 33 44 44 32 22 14 22 44 44 23 22 11 23 41 23 44 22 22 23 41 33 22 13 32 13 11 33 33 11
0 32 11 44 22 22 14 33 41 44 22 22 11 22 11 23 11 22 23 23 41 33 22 13 32 13 31 31 33 11
0 33 41 24 33 22 11 22 44 42 23 22 11 22 41 33 14 23 22 23 44 22 22 13 33 13 33 31 33 14
0 32 44 24 32 22 11 22 44 42 22 22 11 22 44 23 11 22 22 22 41 33 22 11 33 11 31 33 33 14
0 32 41 24 33 22 14 23 41 44 22 22 33 22 44 23 44 23 22 22 11 33 23 11 22 13 31 33 33 14
0 33 41 24 32 22 11 23 41 42 33 22 11 22 41 23 14 23 22 33 41 33 23 11 32 33 31 33 33 44
0 22 44 22 33 22 11 23 44 44 23 22 11 33 44 23 11 22 22 22 44 22 33 13 33 11 33 33 31 11
0 33 44 24 33 22 11 23 44 44 22 22 11 22 41 23 44 23 22 22 41 32 23 13 32 13 11 31 33 11
0 33 41 22 33 22 14 22 44 44 22 22 11 22 44 23 11 22 33 22 44 33 22 11 22 11 33 33 33 11
0 22 41 24 22 22 14 23 41 44 22 23 11 23 41 23 14 23 22 22 41 32 22 33 33 11 33 31 33 11
0 32 44 24 32 23 44 23 44 44 23 22 13 22 44 33 44 22 22 23 41 32 23 13 32 13 31 31 33 14
0 32 41 22 32 22 44 23 41 42 23 23 11 22 44 33 11 22 22 22 44 32 23 13 32 11 11 31 31 11
0 32 44 22 33 22 44 23 41 42 23 22 11 22 41 22 44 22 22 22 44 32 23 11 33 11 31 33 33 11
0 22 41 44 22 22 14 33 41 42 22 22 11 22 11 22 14 23 23 22 41 22 22 11 22 13 11 31 33 14
0 32 41 24 32 22 14 23 44 44 23 23 11 23 41 22 11 22 23 22 44 32 22 13 32 13 33 31 33 14
0 33 44 22 33 22 14 22 11 44 22 22 11 22 44 23 14 22 23 22 41 22 22 11 33 11 31 11 33 11
0 32 44 24 22 22 11 22 41 42 22 23 11 23 41 33 14 22 22 23 44 32 33 13 22 33 11 11 31 11
0 32 11 22 32 22 11 23 44 42 23 23 11 22 44 22 14 22 22 22 44 32 22 33 32 13 11 33 33 11
0 22 41 22 32 23 14 33 44 44 22 23 33 22 41 23 44 22 22 23 41 33 22 11 33 33 11 31 33 14
0 33 44 22 22 22 14 23 41 42 23 22 11 22 41 33 14 23 22 33 44 32 22 13 32 11 31 31 33 14
0 32 44 22 32 22 44 22 41 44 22 22 11 22 41 23 11 22 22 22 44 33 22 11 32 13 11 11 33 11
0 32 11 24 32 23 11 23 44 42 33 23 11 22 11 23 44 22 22 33 41 32 23 13 32 13 33 11 33 14
0 33 44 44 32 22 11 22 44 42 22 22 11 22 44 23 14 23 22 22 44 32 22 13 32 13 31 31 33 14
0 33 41 44 32 22 11 22 44 42 23 22 11 22 44 23 14 23 22 22 44 33 23 11 33 11 31 33 33 14
0 33 44 44 32 22 14 23 44 44 33 23 13 22 41 22 14 22 22 22 41 33 22 11 33 13 31 31 33 11
0 33 41 24 32 22 14 33 44 44 22 22 11 22 44 33 14 22 22 33 41 32 23 13 33 11 31 31 33 14
0 32 41 44 32 22 44 22 44 44 23 33 11 22 44 23 14 22 22 23 44 32 23 13 32 33 31 31 33 11
0 32 44 44 22 33 44 23 44 44 23 23 33 33 41 23 14 22 22 23 44 33 23 13 32 13 11 11 33 14
0 33 44 22 33 22 14 33 44 44 22 33 11 22 41 23 44 23 22 23 11 32 23 11 33 13 31 31 11 11
0 32 41 44 33 22 14 23 44 44 22 22 13 22 41 33 14 23 22 22 44 33 23 11 33 11 11 33 33 11
0 33 44 44 22 22 14 23 41 44 23 23 11 23 44 23 11 23 22 22 41 32 22 13 32 11 31 31 33 44
0 33 11 24 32 23 14 23 44 42 22 22 13 22 41 23 44 22 23 23 41 32 33 11 32 11 11 31 33 14
0 33 41 24 33 23 14 33 44 44 23 22 11 23 41 23 11 23 22 22 44 33 23 11 33 13 31 31 33 14
0 33 41 24 22 23 14 22 41 44 23 22 11 23 11 23 14 22 23 22 11 32 22 13 33 11 33 11 33 11
0 33 41 44 32 22 14 23 41 44 23 22 11 22 44 33 14 23 22 23 44 33 23 13 33 11 11 31 33 11
0 33 41 22 33 22 14 22 44 42 22 22 11 22 44 33 14 22 22 22 44 33 22 11 33 11 33 33 33 44
0 33 41 24 32 22 11 22 44 44 22 22 11 23 41 22 14 23 22 23 41 33 22 13 33 11 31 31 31 14
0 33 11 24 32 22 14 23 41 44 23 22 11 22 44 23 14 22 22 22 41 33 22 11 33 11 31 33 33 14
0 33 41 22 32 23 14 22 44 44 22 22 11 22 41 23 14 22 22 23 44 32 23 11 33 11 33 11 33 14
0 33 44 24 32 22 14 22 44 44 22 22 11 22 44 22 11 22 22 33 41 33 22 33 33 11 31 33 33 11
0 22 41 44 33 23 44 22 11 42 23 23 11 23 44 23 14 22 22 33 44 22 22 11 32 33 11 31 33 44
0 33 41 24 33 22 11 22 44 44 22 22 11 22 11 22 44 23 22 23 11 32 23 11 33 13 33 33 33 11
0 32 44 24 22 22 44 22 44 42 23 23 11 22 11 22 11 22 23 23 41 33 23 13 33 13 31 33 33 11
0 32 11 24 32 22 14 23 44 44 33 22 13 22 41 22 14 23 22 33 41 22 22 13 32 13 31 31 33 11
0 33 44 44 32 22 14 23 44 44 33 22 11 23 41 23 14 22 23 23 41 32 22 13 33 13 11 31 33 11
0 33 44 44 32 22 11 23 44 44 22 22 11 22 44 23 14 22 22 23 41 33 22 11 32 13 31 33 33 44
0 33 41 24 32 22 11 22 44 44 22 23 11 22 44 23 11 22 22 22 44 32 22 13 32 11 31 33 33 11
0 32 41 24 32 22 44 22 41 42 23 23 11 22 41 33 44 33 23 23 41 32 23 11 32 11 33 33 31 14
0 33 11 24 33 22 14 22 44 44 23 22 11 22 41 23 14 22 22 22 44 33 22 11 33 13 33 31 33 11
0 33 44 22 22 22 11 23 44 44 22 22 11 22 44 22 14 22 22 22 44 33 22 11 33 11 11 31 33 11
0 32 44 24 32 33 11 23 44 44 23 22 11 22 44 23 11 22 22 22 44 33 22 13 32 11 33 33 33 14
0 32 41 24 32 22 14 22 44 44 22 23 11 23 44 23 14 22 23 22 41 32 22 11 33 11 11 31 33 11
0 22 41 22 22 22 14 22 44 44 23 33 11 22 11 33 11 23 22 23 41 32 23 33 33 13 31 31 33 14
0 32 44 24 32 22 11 22 44 44 22 22 11 23 44 23 14 22 22 23 44 32 33 11 33 13 31 31 33 11
0 32 44 22 33 22 11 23 44 44 22 22 11 22 44 23 14 22 22 22 44 33 22 11 33 33 31 11 33 44
0 32 44 24 32 22 14 33 44 44 22 23 11 22 44 33 11 23 22 23 41 32 22 11 32 13 33 31 33 14
0 32 41 24 32 23 44 22 41 22 23 23 11 22 41 33 44 23 23 23 44 32 22 13 32 11 31 11 33 14
0 32 41 24 32 22 11 23 41 42 23 23 11 22 41 22 11 23 22 23 44 32 33 11 33 11 11 33 31 11
0 33 41 24 32 22 11 22 41 44 22 22 11 22 11 23 11 22 23 22 44 33 22 11 33 13 11 33 31 11
0 33 41 22 32 22 14 22 44 42 22 22 11 22 41 22 44 22 22 22 44 33 22 33 33 33 33 31 33 14
0 32 41 22 33 22 44 22 44 44 22 22 11 22 41 23 11 22 22 23 44 33 22 13 33 13 11 11 33 11
0 32 41 44 32 22 44 22 11 42 23 33 13 22 11 23 11 23 23 23 11 32 23 13 33 11 31 31 33 14
0 32 41 24 32 22 44 23 44 22 23 23 11 23 44 33 14 22 23 33 11 32 33 11 33 11 31 31 31 14
0 32 44 22 33 22 11 22 44 44 22 22 11 22 44 22 14 22 22 22 44 22 22 11 33 11 31 11 33 14
0 32 44 22 32 22 11 23 44 42 22 22 11 22 41 23 11 33 22 22 41 32 23 11 32 13 33 11 33 14
0 32 11 24 22 22 44 22 44 42 22 22 11 23 11 23 11 22 22 33 44 33 23 11 22 13 11 31 33 14
0 33 41 22 32 22 11 22 44 44 23 22 11 22 41 22 14 23 22 22 44 33 22 13 33 11 31 33 33 11
0 32 41 44 22 22 14 23 11 44 22 23 13 22 41 23 11 23 23 23 41 33 23 11 33 33 11 31 33 44
0 33 44 24 32 22 14 22 44 44 22 22 11 22 44 23 14 22 22 22 11 33 22 11 32 11 31 31 33 11
0 33 11 24 22 22 14 23 41 44 33 23 13 23 11 33 14 22 23 23 41 22 22 13 33 13 33 11 33 14
0 32 41 44 33 23 14 33 44 44 22 22 11 22 44 23 11 22 22 22 44 33 22 11 33 13 31 31 33 11
0 32 41 44 33 33 44 23 41 44 22 22 11 22 44 22 14 23 22 22 44 32 22 11 33 11 31 31 33 44
0 32 41 44 32 23 44 23 41 42 23 22 13 23 11 23 44 22 22 33 41 32 22 11 33 13 31 11 33 11
0 33 44 24 32 22 11 23 44 44 23 22 11 22 41 23 11 22 22 22 44 33 22 13 32 11 33 31 33 14
0 22 11 44 22 22 14 23 44 44 22 23 11 23 11 23 44 23 22 23 44 32 22 13 33 11 11 31 33 44
0 33 44 24 32 22 14 23 44 42 22 22 33 23 44 33 14 22 22 33 44 33 23 11 33 13 31 31 31 11
0 33 41 24 22 22 11 22 41 44 23 23 11 22 44 33 14 23 23 22 11 32 22 13 33 13 31 11 11 11
0 33 44 22 33 23 11 22 41 42 22 23 11 22 41 23 14 22 23 22 44 32 22 11 22 13 31 11 33 11
0 32 44 22 33 23 11 22 44 44 22 23 11 22 41 23 44 22 22 23 44 33 23 11 33 13 33 33 33 11
0 32 41 24 32 23 14 22 41 42 23 22 11 22 41 23 14 22 22 22 44 32 23 11 22 13 33 33 33 14
0 32 41 24 22 22 44 22 44 42 22 22 11 22 44 23 14 23 22 22 41 32 23 11 33 13 31 31 31 14
0 32 44 44 22 33 14 22 41 44 22 23 13 22 11 23 14 22 23 23 44 32 22 13 33 13 11 11 33 14
0 32 44 24 32 22 11 33 44 42 23 22 11 23 41 23 44 23 22 22 41 33 22 13 22 13 31 31 33 14
0 32 41 24 32 23 14 22 44 44 22 23 11 22 41 22 44 22 22 23 44 33 22 13 33 11 31 11 31 11
0 33 41 24 22 22 44 22 44 44 23 22 11 22 41 23 14 22 22 23 41 32 22 33 22 13 31 31 31 11
0 32 41 22 32 23 14 22 44 42 22 22 13 22 41 22 11 22 22 23 11 32 23 13 33 13 11 11 33 11
0 32 11 22 32 23 11 22 44 42 22 22 11 22 44 22 14 22 22 22 41 33 23 11 33 13 33 31 33 11
0 22 41 24 32 22 14 23 44 22 33 22 11 23 41 23 11 22 23 23 41 33 23 13 32 13 11 31 31 44
0 32 41 22 32 22 14 23 44 44 22 22 11 22 41 22 44 22 22 22 41 32 23 11 32 13 31 11 33 14
0 32 41 24 33 22 14 23 44 44 22 23 11 22 41 33 11 22 23 23 41 32 23 33 32 13 31 31 31 14
0 32 11 24 33 22 14 22 44 44 22 23 11 22 41 22 14 22 23 23 11 32 22 11 33 33 31 33 31 14
0 32 41 22 32 22 11 33 41 44 22 22 11 22 44 23 14 22 33 22 44 32 22 11 32 11 31 33 33 14
0 32 41 44 33 23 11 23 11 44 22 23 11 22 41 33 11 23 22 22 41 22 23 11 33 11 33 11 33 14
0 32 44 44 32 22 11 22 44 44 23 23 11 22 41 23 11 22 22 23 41 32 22 13 32 11 33 11 33 14
0 33 11 44 33 33 14 23 41 42 23 23 13 22 44 23 14 22 22 23 44 22 22 33 33 13 31 11 33 14
0 22 44 24 32 23 14 23 41 44 22 22 11 22 44 23 14 22 22 33 41 32 33 11 33 11 11 31 31 14
0 33 44 24 32 33 11 22 41 42 22 22 11 23 41 23 11 23 22 22 41 22 23 33 32 13 33 33 33 11
0 33 41 22 32 22 14 23 44 44 22 22 11 22 11 33 14 23 23 23 41 32 22 11 33 11 33 33 33 11
0 33 41 24 33 22 44 23 44 44 22 23 13 23 41 33 14 23 33 33 41 33 23 11 32 13 31 11 33 44
0 22 41 22 32 22 11 23 11 44 22 22 13 23 44 23 44 22 22 22 44 33 22 13 32 13 31 31 31 11
0 33 41 24 32 22 11 33 44 42 33 22 11 22 44 23 11 22 22 23 44 33 23 11 32 13 33 33 33 14
0 22 44 22 32 23 14 22 41 42 22 22 11 22 41 23 14 23 22 22 41 33 23 11 22 33 11 31 33 11
0 33 44 44 22 22 14 23 44 42 22 22 11 22 44 23 44 22 22 22 41 32 23 13 32 13 31 31 33 14
0 32 11 24 22 22 11 22 41 42 23 23 13 23 41 22 14 23 22 22 11 32 23 11 32 33 31 31 33 14
0 32 41 24 32 22 14 23 41 44 23 22 11 22 41 22 14 22 22 22 41 32 22 11 33 13 31 31 33 14
0 32 41 24 32 23 11 23 44 44 22 23 11 22 44 23 11 22 22 22 44 33 23 13 32 11 33 31 33 14
0 33 44 22 22 23 14 22 44 44 23 22 11 22 41 22 11 23 22 23 44 33 23 11 33 33 31 31 33 14
0 32 44 24 33 22 44 23 41 44 22 22 11 22 44 33 11 23 22 22 41 32 22 13 33 11 33 31 33 11
0 32 11 24 22 22 14 33 41 44 23 23 11 22 41 23 44 22 23 22 41 33 23 33 33 11 33 31 31 11
0 33 44 24 32 22 11 22 44 44 22 22 11 22 44 22 14 22 22 22 44 33 22 11 32 11 31 33 33 14
0 32 44 24 32 22 11 22 44 44 22 33 11 22 41 23 44 22 22 22 41 32 23 13 32 11 33 33 33 11
0 33 44 24 32 22 14 23 41 44 22 22 11 22 41 23 14 23 23 23 41 33 23 11 32 13 31 31 33 14
0 32 11 24 32 23 11 33 41 44 22 23 13 23 44 23 14 23 33 23 41 32 23 11 32 13 31 33 31 11
0 32 41 24 32 23 14 22 41 42 22 22 13 23 41 23 44 23 23 23 44 32 23 13 22 33 31 31 33 44
0 32 44 22 33 22 11 23 11 44 22 22 11 22 44 23 14 23 23 22 44 33 33 13 32 13 33 11 33 11
0 33 41 24 22 22 14 22 44 42 22 22 11 22 44 23 11 22 22 22 44 32 22 11 33 11 33 33 33 14
0 32 11 24 32 23 14 23 41 44 23 22 11 23 44 22 11 22 22 22 41 32 22 33 32 13 31 33 33 11
0 32 41 24 22 23 14 23 44 44 22 22 13 22 41 22 11 22 22 22 41 32 23 13 32 13 11 31 31 11
0 32 44 44 33 22 11 22 41 44 22 22 11 22 44 23 44 22 22 23 44 32 22 13 32 13 31 33 31 14
0 22 41 22 22 23 11 23 44 44 33 22 11 23 41 33 44 22 22 22 44 33 22 11 33 11 33 31 31 11
0 32 41 24 32 22 11 23 44 44 23 22 11 22 41 22 11 22 23 23 44 33 23 11 33 11 11 31 33 11
0 33 41 24 32 22 11 33 44 22 33 22 11 23 41 33 14 23 22 22 44 22 23 11 33 13 31 31 33 14
0 32 41 24 32 22 11 23 41 44 22 22 11 23 41 23 14 22 22 22 44 33 22 33 32 13 33 31 33 11
0 32 41 44 22 22 11 23 44 44 22 23 13 22 44 33 14 22 22 23 41 22 22 13 33 13 31 31 33 14
0 32 44 24 32 22 14 23 41 42 22 22 11 22 44 33 11 22 22 22 44 32 22 33 32 11 33 31 33 11
0 33 41 22 32 22 14 23 44 44 23 22 11 23 11 23 11 23 22 23 44 32 33 13 33 13 11 31 33 11
0 33 44 24 33 23 11 23 11 44 22 22 11 22 44 23 14 22 23 22 41 32 22 13 32 13 33 33 33 14
0 33 44 44 32 22 14 22 44 42 22 22 11 23 44 23 14 23 23 22 44 22 23 13 32 13 31 31 31 44
0 32 41 44 32 23 14 33 41 42 22 22 13 23 44 22 44 22 23 23 41 32 23 13 32 11 31 33 31 14
0 22 11 44 33 22 11 33 44 42 22 23 11 22 44 23 14 22 23 23 41 32 22 13 32 13 11 11 31 11
0 33 41 44 33 22 11 22 41 44 22 22 11 22 41 23 14 33 22 23 41 32 23 11 33 11 31 31 33 14
0 22 44 24 32 22 14 22 41 44 23 23 11 33 44 22 44 22 22 23 44 32 23 13 32 13 31 11 33 14
0 32 41 22 32 22 11 22 44 44 22 22 11 22 44 22 14 22 23 23 41 33 22 13 33 11 31 31 33 14
0 32 11 44 32 22 14 22 44 22 22 22 11 23 41 33 11 22 23 22 11 32 23 11 32 13 31 31 33 11
0 32 11 44 32 22 44 22 44 44 22 22 11 22 41 23 14 22 23 23 41 32 33 33 32 33 31 31 33 11
0 32 41 24 33 23 11 22 44 44 23 22 11 23 41 33 44 22 23 23 11 32 22 11 32 11 11 31 33 14
0 33 44 22 33 22 11 23 44 44 22 23 11 22 44 23 11 22 23 22 44 33 22 13 33 11 31 11 33 11
0 32 41 22 32 22 44 23 44 42 23 33 13 22 11 33 14 22 22 33 44 33 22 11 32 33 31 11 33 14
0 32 44 44 32 22 44 23 41 44 23 23 11 23 11 23 44 33 23 23 41 33 33 11 22 13 11 31 33 14
0 32 41 22 33 23 11 22 44 44 23 22 11 22 41 33 14 22 23 23 41 32 23 13 32 33 33 33 33 11
0 33 41 24 33 22 11 23 44 42 22 23 11 22 41 23 11 22 22 22 41 33 22 11 33 11 31 11 33 44
0 32 11 22 33 33 11 33 41 42 22 22 13 22 41 23 14 23 23 23 11 32 23 11 32 13 11 31 31 14
0 32 44 44 22 22 11 23 41 44 22 22 11 22 41 22 11 22 22 22 41 33 23 13 32 13 31 11 33 11
0 33 41 44 32 22 11 22 44 44 23 23 11 22 41 23 44 22 23 22 44 32 22 11 32 11 31 33 33 14
0 22 41 24 32 23 11 23 44 44 22 22 11 22 44 23 44 22 22 22 41 33 33 13 32 13 11 33 33 11
0 22 44 44 32 22 11 23 44 44 33 33 13 23 41 33 14 23 22 33 41 33 22 13 32 33 11 31 31 14
0 33 44 24 32 22 14 23 41 44 22 22 11 22 44 22 11 22 22 23 41 32 23 33 33 13 31 33 33 14
0 33 41 24 22 23 14 23 41 44 22 22 13 22 44 23 14 23 23 23 11 33 33 13 33 33 33 31 33 11
0 32 44 22 33 22 11 22 44 44 22 23 13 23 44 23 44 22 22 22 41 22 22 11 33 13 31 31 33 44
0 33 44 44 33 22 11 23 44 42 22 22 11 22 44 33 11 22 22 23 41 32 23 11 32 11 33 11 33 14
0 33 44 22 32 22 14 23 44 44 22 23 11 22 44 22 14 22 22 22 44 33 22 11 33 11 33 33 33 11
0 33 41 24 33 23 11 23 41 44 23 22 11 22 41 23 11 22 23 22 41 32 22 13 32 11 31 33 31 14
0 32 11 24 33 23 44 23 41 44 23 33 11 23 41 23 44 22 22 22 41 22 22 13 33 33 11 31 33 11
0 33 41 24 22 22 14 22 41 44 22 22 13 22 41 33 14 22 22 23 11 33 22 13 32 33 31 33 31 44
0 32 41 22 32 22 11 23 44 44 22 22 11 22 11 23 14 22 22 23 41 33 22 11 32 11 33 33 33 11
0 32 44 24 33 22 14 23 41 44 23 23 11 23 44 33 11 23 22 22 41 22 23 33 32 13 11 31 31 14
0 33 41 44 22 33 11 23 41 42 23 23 11 22 41 33 14 22 23 22 41 32 23 13 33 13 11 31 33 14
0 33 41 24 32 22 11 22 44 44 22 22 11 22 41 33 11 22 22 22 41 33 22 11 33 11 33 33 33 44
0 22 11 44 22 22 44 23 44 42 22 22 11 22 44 22 44 23 22 22 44 32 22 11 33 11 33 31 33 14
0 33 41 22 33 22 11 22 44 44 22 22 11 22 44 22 14 23 22 22 44 33 23 11 33 11 33 33 33 14
0 32 44 24 32 33 14 33 41 44 23 23 11 23 41 22 14 22 23 22 44 33 22 13 33 11 33 31 33 14
0 33 41 24 32 22 11 23 44 44 23 22 13 22 44 33 14 22 22 23 41 32 23 13 32 11 31 31 33 44
0 22 11 44 32 22 11 33 44 42 23 23 13 22 41 22 14 23 22 22 44 32 33 13 32 33 33 31 33 11
0 32 44 24 32 22 14 33 44 42 22 23 13 22 44 22 44 22 22 22 44 33 23 11 33 11 33 31 31 14
0 33 41 22 32 22 14 22 44 42 23 23 11 22 44 22 14 22 23 23 41 32 23 11 32 11 33 33 33 14
0 22 41 22 32 22 44 22 41 44 23 22 11 23 41 33 14 22 23 22 41 33 22 11 32 11 31 11 33 11
0 32 44 22 33 22 44 22 41 44 22 23 11 23 44 22 11 22 22 23 41 32 23 13 22 11 33 31 33 44
0 32 44 22 32 23 14 22 44 42 22 22 33 22 44 33 44 22 22 33 41 33 22 13 33 13 33 33 33 14
0 32 44 24 32 22 11 22 41 42 22 22 11 22 44 22 14 22 23 22 41 33 22 11 32 11 33 33 33 14
0 22 11 22 32 22 44 23 44 44 22 22 11 22 44 33 11 23 23 23 44 33 22 33 33 13 33 33 33 14
0 32 41 22 32 22 44 23 11 42 22 33 13 22 11 22 11 22 23 22 41 33 22 11 32 13 11 31 33 11
0 32 44 22 33 22 11 22 41 44 23 22 11 23 41 23 11 22 22 22 11 32 22 11 22 13 31 33 33 11
0 33 44 24 32 22 11 22 44 44 22 23 13 22 11 22 14 22 22 22 11 32 23 33 32 13 31 33 33 11
0 32 41 22 32 22 14 23 41 22 22 22 11 22 41 23 14 22 33 23 41 32 22 13 32 11 31 33 31 14
0 33 41 24 33 22 14 23 44 42 22 22 11 22 44 23 11 22 23 23 41 32 22 13 32 11 31 33 33 11
0 33 44 44 33 22 11 23 44 42 22 33 11 22 44 22 11 22 22 33 41 33 22 13 32 13 33 31 33 11
0 32 11 44 32 23 44 22 44 42 22 23 11 22 44 23 14 22 22 23 44 32 23 13 33 11 31 31 33 14
0 32 41 44 33 23 14 23 41 42 22 23 11 23 44 33 14 22 23 23 41 32 22 13 33 11 31 31 33 14
0 32 41 24 32 22 44 23 41 42 23 23 13 22 41 23 14 23 22 23 41 32 23 13 22 13 31 11 31 11
0 33 41 22 32 22 14 22 44 44 33 22 11 22 44 33 44 23 22 22 41 32 22 13 33 13 33 31 33 14
0 33 44 22 33 22 14 22 44 44 23 22 13 22 41 22 11 22 22 23 41 33 22 11 33 11 31 31 33 11
0 32 44 44 33 22 11 22 41 42 22 23 11 22 41 33 14 22 22 22 41 32 22 13 32 11 31 11 31 14
0 22 44 22 32 23 11 22 44 44 23 23 11 22 41 33 14 23 22 22 41 33 22 33 33 11 33 31 33 11
0 33 44 44 33 22 11 33 41 44 33 22 11 23 44 22 44 23 22 23 41 32 22 13 32 13 31 11 33 14
0 32 11 44 32 22 14 33 44 44 22 22 13 22 11 23 14 22 22 22 44 33 22 13 22 13 33 11 31 14
0 22 11 24 32 23 14 23 44 44 33 22 13 23 41 33 44 23 22 23 11 22 23 13 32 33 33 11 31 14
0 32 41 24 32 22 11 22 44 44 22 23 11 22 11 33 11 22 22 23 41 32 22 13 22 11 31 11 33 11
0 22 41 24 22 23 44 23 44 44 33 22 11 23 44 23 44 23 23 33 41 32 23 13 32 33 31 11 33 14
0 33 11 24 33 23 14 22 44 44 23 22 11 22 41 22 11 22 23 22 41 33 22 13 32 13 31 31 31 14
0 32 44 24 33 22 14 23 41 42 23 23 11 22 11 23 44 33 23 22 44 33 33 13 33 11 31 31 33 14
0 22 11 44 32 22 44 22 44 22 33 23 13 22 44 22 11 33 23 22 41 33 33 33 32 13 33 11 31 14
0 33 11 44 33 22 11 23 44 44 22 23 11 22 44 33 14 22 22 22 41 32 23 13 33 13 11 31 33 11
0 33 41 22 33 22 11 23 44 44 22 23 11 22 41 23 14 23 22 23 44 33 22 11 32 33 31 33 33 11
0 33 44 24 33 22 11 22 44 44 22 22 11 22 44 23 11 22 22 23 44 32 22 11 32 13 33 11 33 14
0 32 41 24 32 22 11 22 11 44 23 23 13 23 44 22 14 22 22 22 44 33 23 13 33 33 31 33 33 44
0 32 41 22 32 23 11 33 44 44 22 22 11 22 44 23 14 22 22 22 41 22 22 13 22 11 33 31 31 11
0 32 44 22 32 33 11 23 41 44 23 22 11 22 44 33 14 23 22 22 44 32 22 13 33 11 31 31 33 11
0 32 41 24 32 22 11 33 44 42 22 22 13 23 11 33 44 23 22 23 41 32 22 13 32 13 33 31 33 14
0 32 41 24 32 22 44 23 44 44 23 22 11 22 44 22 11 22 22 23 44 33 22 11 33 13 33 31 33 11
0 32 41 24 32 23 11 23 41 42 23 22 11 22 11 23 14 22 23 22 41 33 22 11 32 11 31 31 33 14
0 33 44 24 32 22 11 22 44 42 22 23 13 22 44 23 14 22 22 22 44 33 23 13 33 11 11 33 33 14
0 32 41 22 33 23 14 33 44 44 22 22 11 22 41 22 44 23 22 23 41 33 22 33 32 13 31 31 33 11
0 32 44 44 32 22 11 22 44 42 23 22 11 22 41 22 14 22 22 22 41 32 23 11 33 11 33 33 31 11
0 32 41 24 33 22 44 22 44 44 22 22 11 22 41 23 14 22 23 22 44 33 23 33 33 13 31 11 33 11
0 32 41 44 32 22 14 23 44 44 23 22 11 23 11 23 11 22 22 33 41 33 23 11 33 13 31 31 31 11
0 32 11 44 32 33 14 23 44 44 23 33 13 22 11 23 44 23 33 22 44 22 23 13 32 13 11 33 33 44
0 32 44 24 32 23 11 23 44 42 23 22 11 22 44 23 14 22 23 23 11 22 33 11 32 13 33 11 33 11
0 33 44 44 22 23 14 23 44 42 23 23 11 22 11 22 11 22 23 22 41 33 23 11 22 13 33 31 33 11
0 33 44 44 33 22 11 33 41 42 23 23 11 22 11 33 14 23 22 22 44 22 33 11 22 13 11 11 33 11
0 32 11 22 33 22 44 22 44 44 22 22 13 22 44 22 11 22 22 22 44 32 22 13 33 13 31 33 33 14
0 22 41 24 32 22 14 22 44 42 22 22 11 22 44 23 14 23 23 22 44 32 22 33 22 11 11 31 33 14
0 33 44 22 33 22 11 22 44 44 22 22 11 22 44 22 11 23 23 22 44 33 22 13 32 11 33 33 33 11
0 32 41 44 22 22 14 22 41 44 23 23 11 22 41 22 14 22 22 22 44 33 22 11 33 11 11 31 33 11
0 32 41 24 32 22 14 23 44 44 22 23 11 22 44 23 44 23 23 33 41 33 23 11 32 13 33 11 33 11
0 32 44 22 32 22 14 23 44 44 22 22 13 22 44 23 11 22 23 23 41 22 22 11 33 13 33 33 33 14
0 32 11 22 32 23 11 22 44 42 22 23 11 22 41 23 14 22 22 22 11 32 23 13 32 33 31 31 31 44
0 33 41 22 33 22 11 22 44 44 22 22 11 22 41 22 44 22 22 22 44 32 22 11 33 11 33 33 33 11
0 32 44 24 33 23 44 23 44 42 22 23 11 22 44 23 14 22 23 23 11 33 22 11 32 13 31 11 33 44
0 22 41 22 32 22 14 22 41 44 23 23 13 22 44 23 11 23 23 22 44 32 33 13 33 13 33 31 33 44
0 32 41 24 22 22 14 33 44 42 23 22 11 22 44 22 11 23 22 23 41 32 33 13 32 11 33 33 33 14
0 22 41 24 33 22 14 22 44 44 22 23 11 23 44 23 11 22 22 22 44 22 23 11 33 11 31 31 33 11
0 33 44 22 32 23 11 23 41 44 23 23 11 23 44 22 14 33 22 23 44 32 22 11 33 11 31 33 33 44
0 32 41 44 33 22 14 23 44 44 23 22 13 22 44 23 14 22 23 23 44 32 23 11 32 13 31 33 33 44
0 32 44 24 33 22 14 33 44 44 22 23 11 23 41 33 11 22 23 23 44 32 22 13 32 11 31 33 33 11
0 32 11 44 32 23 44 23 11 22 23 23 11 23 11 23 14 23 23 22 11 22 23 11 33 13 31 11 33 14
0 32 44 22 32 22 11 22 44 44 22 22 11 22 44 23 44 22 22 23 44 32 22 13 33 33 31 33 33 11
0 32 11 24 32 23 44 23 41 42 23 22 13 22 41 23 14 22 22 22 41 22 22 11 22 33 31 31 31 14
0 33 44 24 33 22 11 33 44 22 22 22 11 22 41 23 14 22 22 23 44 32 22 13 33 11 11 33 33 14
0 32 44 44 22 22 14 23 41 44 33 22 13 22 41 33 14 23 33 23 44 22 22 11 33 13 31 11 31 11
0 33 44 24 32 33 44 23 44 44 22 23 13 22 41 23 14 23 22 22 11 32 23 33 32 33 31 33 31 14
0 32 41 44 22 22 44 23 44 44 22 22 13 22 41 22 14 23 23 22 11 32 23 11 22 33 11 11 31 14
0 32 44 44 33 22 44 22 44 44 22 22 11 22 41 22 11 22 22 33 11 33 22 11 32 11 33 33 33 11
0 33 41 22 32 23 14 22 41 44 22 22 11 22 44 23 14 22 22 22 44 32 22 11 32 13 31 31 33 44
0 32 11 44 33 23 11 22 44 44 22 22 11 22 41 23 14 33 22 22 44 32 23 13 32 13 31 31 33 11
0 33 11 24 33 23 11 22 44 44 22 22 11 22 44 23 14 22 23 22 41 32 22 11 22 13 33 31 31 14
0 32 11 24 32 22 14 23 44 44 22 23 11 22 41 22 44 22 22 22 44 32 33 13 33 13 33 31 33 14
0 32 11 24 32 22 44 23 44 44 22 22 13 22 41 23 14 22 22 23 41 33 22 11 32 13 31 11 33 11
0 22 44 44 32 23 14 22 41 42 22 22 11 22 41 23 11 22 23 23 41 32 22 13 32 33 31 31 33 14
0 33 41 24 33 22 11 22 44 44 23 22 11 22 44 23 11 23 22 22 41 33 22 11 33 13 33 11 33 11
0 32 44 24 33 23 14 33 44 44 22 23 11 22 44 22 14 23 23 22 44 33 22 11 33 11 33 31 31 14
0 33 44 24 32 22 11 22 44 44 22 23 11 22 44 23 14 22 22 22 44 32 23 33 33 11 31 33 33 44
0 32 41 44 32 22 44 23 44 42 22 23 11 33 44 23 11 23 23 22 41 32 23 11 32 13 11 33 31 11
0 32 44 44 22 23 14 33 44 44 22 22 11 23 41 33 11 22 23 33 41 32 33 13 32 13 33 11 33 11
0 32 41 44 33 22 14 33 44 44 22 23 11 22 41 22 11 23 22 22 41 32 22 13 32 13 31 31 33 11
0 22 44 24 33 22 11 23 44 44 22 22 11 22 44 23 14 22 23 23 41 33 23 11 32 11 33 31 33 11
0 33 44 22 32 23 11 33 41 42 22 33 11 23 41 33 11 22 22 22 41 33 23 11 33 13 33 33 33 44
0 33 44 44 32 23 11 33 44 42 22 23 11 22 41 22 14 23 22 22 44 33 22 13 33 13 31 11 33 11
0 32 41 24 33 22 11 23 44 44 22 23 11 22 44 22 44 23 22 23 44 33 22 13 33 11 33 31 33 11
0 22 41 22 32 23 14 23 41 42 22 23 11 22 44 23 11 23 22 23 41 32 22 11 32 11 33 11 31 11
0 33 41 24 33 22 44 22 44 44 22 22 11 22 44 22 11 23 23 22 44 33 22 11 33 13 31 31 33 14
0 32 11 44 32 33 14 23 44 42 22 22 11 22 41 23 11 22 23 23 41 22 22 13 32 11 31 11 33 14
0 32 41 24 33 22 14 22 44 42 23 23 11 22 44 23 14 22 22 23 44 32 22 13 33 13 33 31 33 14
0 33 44 24 33 22 11 22 41 44 22 23 13 22 41 22 11 22 23 23 44 33 22 11 33 11 31 33 33 14
0 32 41 24 32 23 11 22 41 42 23 23 11 22 44 33 11 22 23 23 44 33 23 11 32 13 31 31 33 14
0 32 11 24 32 23 14 23 41 42 22 22 11 22 44 22 14 23 23 33 41 33 22 11 32 13 31 31 33 14
0 32 44 24 33 23 11 33 44 44 33 22 11 22 44 22 14 23 22 23 41 22 33 11 32 11 11 31 33 44
0 32 44 44 32 22 14 23 41 42 22 23 11 23 44 23 14 22 23 23 11 32 23 11 32 11 31 31 33 14
0 32 41 44 32 33 11 33 41 44 23 33 11 22 41 23 14 22 23 22 11 33 23 11 32 33 31 33 33 11
0 22 44 24 22 22 44 33 41 42 22 23 11 22 11 23 14 22 33 23 41 32 22 33 33 13 31 31 31 14
0 32 41 24 33 22 11 22 41 44 22 23 11 23 41 23 14 22 23 22 44 32 22 11 32 11 11 31 33 14
0 32 44 22 33 23 11 22 44 44 23 22 11 23 44 33 14 22 22 23 44 32 23 11 32 13 11 31 33 14
0 32 41 22 32 22 11 22 44 42 22 22 11 22 11 22 11 22 22 22 41 32 22 11 32 11 31 33 31 14
0 32 11 24 32 22 11 22 41 42 23 22 13 22 41 33 14 23 23 23 41 32 22 13 22 33 31 31 31 14
0 33 41 22 32 23 14 22 41 44 22 23 11 22 44 23 14 23 23 22 41 32 23 11 32 11 31 33 33 11
0 33 44 24 33 23 14 22 41 44 22 22 13 22 44 33 11 22 23 23 41 32 22 13 22 13 31 33 31 14
0 33 41 24 32 22 14 23 44 44 22 23 11 23 11 22 11 22 22 23 11 33 22 11 33 13 11 31 33 14
0 32 44 44 33 22 14 22 44 44 22 22 11 23 11 23 11 23 23 23 11 32 22 11 32 11 31 33 31 44
0 33 41 44 32 23 44 22 11 44 22 22 13 22 44 33 14 22 33 23 41 32 33 13 32 13 31 33 33 44
0 22 41 24 32 23 14 23 44 44 22 22 11 23 44 23 14 22 33 22 41 33 33 11 32 13 31 33 33 44
0 33 44 24 32 22 14 23 44 44 23 23 11 22 41 22 11 22 22 22 44 32 23 11 33 13 33 31 31 14
0 32 44 22 32 23 14 22 44 42 22 22 11 23 41 23 11 22 22 23 41 33 33 13 33 33 11 31 33 11
0 32 41 24 33 22 44 23 44 42 23 23 11 22 44 22 11 22 33 22 11 32 33 13 33 33 11 31 33 14
0 32 44 22 22 33 14 23 41 42 22 23 11 22 41 33 14 22 23 22 44 33 22 13 32 11 31 33 33 14
0 32 11 44 22 22 44 23 41 44 22 22 11 22 44 23 11 22 23 33 11 32 33 11 33 33 31 11 31 44
0 32 41 24 22 22 11 22 44 44 22 23 13 22 41 23 14 22 22 23 44 33 23 13 33 13 31 11 33 44
0 32 44 44 32 22 44 23 41 44 22 22 11 23 44 33 14 23 23 23 41 32 22 13 32 33 31 33 33 14
0 32 41 22 32 22 14 22 41 44 23 23 11 22 41 22 14 23 22 22 44 32 22 13 32 13 31 33 33 44
0 33 41 24 32 22 14 22 44 44 23 23 11 23 41 33 14 23 22 23 41 32 22 13 22 13 33 33 11 44
0 32 44 44 33 23 14 23 44 42 22 33 11 23 11 33 14 23 22 23 44 33 22 11 32 11 31 31 33 11
0 32 41 24 32 22 44 23 44 44 22 22 11 22 44 23 14 23 23 22 11 32 22 11 33 11 31 31 33 11
0 33 44 22 33 22 44 23 44 44 22 22 11 22 41 22 14 22 22 22 41 32 22 11 33 13 33 31 33 14
0 33 44 24 33 22 14 22 41 44 22 22 11 22 44 22 11 22 22 23 41 33 22 11 33 11 31 31 33 11
0 33 41 22 33 22 14 22 44 44 22 22 11 22 41 23 11 22 22 23 44 33 23 11 33 13 33 33 33 11
0 32 44 44 32 23 11 23 41 44 22 22 13 22 11 23 11 22 23 23 44 32 23 13 32 11 31 31 33 44
0 22 41 24 22 22 14 33 41 44 22 22 11 23 41 33 14 23 23 23 44 33 23 13 33 33 31 31 33 44
0 32 41 24 32 22 11 23 41 42 23 23 11 22 41 22 14 22 23 22 41 32 22 13 33 11 33 31 33 44
0 33 41 44 32 22 44 23 44 44 23 23 11 22 11 23 14 22 22 23 44 32 22 13 32 13 31 31 33 11
0 33 41 22 33 22 11 23 41 44 22 22 11 23 44 33 11 22 23 33 41 32 23 11 22 13 31 31 31 14
0 32 11 24 32 22 14 22 44 44 22 22 11 22 44 23 11 23 22 22 41 33 22 13 33 11 33 11 31 11
0 33 41 24 32 22 11 22 44 44 23 22 11 33 44 23 14 22 22 22 44 33 22 13 32 13 31 33 33 11
0 32 44 24 22 22 44 22 44 42 23 23 11 22 41 23 14 23 22 22 44 32 22 13 32 13 31 33 33 11
0 22 11 24 32 23 14 23 41 44 23 22 11 23 41 23 14 22 23 22 41 22 22 11 33 11 33 31 33 44
0 32 41 24 32 22 14 23 44 42 23 22 11 23 44 33 14 22 23 23 41 22 22 13 32 11 31 31 33 44
0 32 11 24 22 23 14 22 44 42 23 22 11 22 44 23 14 22 22 23 44 32 22 13 32 11 33 31 33 14
0 32 44 24 33 22 11 23 41 42 22 23 13 22 44 22 14 22 22 22 41 32 22 11 33 13 31 31 33 44
0 33 41 22 32 22 44 23 41 44 23 22 11 22 11 33 14 23 33 23 11 32 23 11 32 33 31 31 33 11
0 33 44 24 33 23 44 23 41 42 22 33 13 22 41 23 44 23 23 23 41 32 23 13 32 13 33 33 33 14
0 32 44 22 32 23 11 22 44 44 23 23 11 22 44 33 14 23 22 23 44 32 33 11 33 11 31 31 31 44
0 32 41 24 33 33 44 22 11 44 22 23 11 22 44 22 44 22 23 23 41 33 22 33 33 13 31 11 31 14
0 33 41 22 32 22 11 23 44 44 22 22 11 22 41 22 11 22 22 22 44 33 22 13 32 13 31 33 33 11
0 32 41 24 32 23 14 23 41 44 33 22 13 22 41 23 11 23 23 22 11 33 23 33 32 11 31 33 31 14
0 33 41 44 32 22 14 22 44 44 22 23 11 22 44 33 14 22 22 22 44 32 22 13 22 11 11 33 33 11
0 33 44 22 33 22 14 22 44 44 23 22 13 23 11 22 14 23 23 22 11 32 22 11 32 11 31 11 33 14
0 33 44 22 32 23 44 22 41 42 22 22 11 22 41 23 11 23 22 22 44 32 23 11 33 11 33 11 33 14
0 22 41 24 32 22 14 33 44 44 23 22 13 22 41 23 14 33 22 22 41 33 22 13 32 13 31 11 33 14
0 32 11 22 22 22 11 22 44 44 22 22 11 22 41 23 14 23 23 33 44 33 23 13 33 13 33 31 31 11
0 32 41 24 22 23 14 23 44 44 23 22 33 22 44 22 44 22 22 23 44 32 22 33 33 33 31 31 33 14
0 32 41 22 33 22 14 22 44 44 22 22 11 33 44 23 11 23 22 22 11 32 22 11 32 11 33 33 31 14
0 32 44 44 33 22 14 22 44 44 23 23 11 22 44 33 11 22 22 22 44 32 22 11 32 11 31 31 33 11
0 33 11 24 22 22 14 22 44 44 23 23 11 22 44 23 44 22 22 22 44 33 22 11 22 13 33 31 33 44
0 32 44 24 32 22 14 23 11 44 22 22 11 22 44 22 11 22 22 22 44 33 22 13 33 11 31 33 33 14
0 22 41 44 32 22 14 23 41 44 23 23 11 23 41 33 14 23 22 23 11 22 22 11 22 13 11 11 31 44
0 32 41 22 22 22 14 23 41 42 22 23 11 22 41 23 14 22 23 22 41 33 22 13 32 13 31 33 31 11
0 32 11 24 22 23 11 22 44 44 23 22 11 23 41 33 44 23 23 23 44 32 23 11 33 13 31 11 33 11
0 33 44 24 33 22 44 22 41 42 22 22 13 22 44 22 44 22 22 23 44 33 22 11 33 13 31 31 31 11
0 33 41 24 32 22 11 22 41 42 22 22 13 22 41 23 14 22 23 23 44 32 22 11 33 11 31 31 33 14
0 32 41 24 33 22 44 22 41 44 22 23 11 22 44 22 14 23 23 22 44 33 33 13 32 13 31 33 33 14
0 32 44 24 22 23 14 23 41 42 33 23 11 22 41 23 14 23 33 23 41 32 22 13 33 13 11 31 31 14
0 33 44 24 33 22 11 23 44 44 23 23 11 22 44 23 11 22 22 22 44 33 22 11 22 13 31 33 33 11
0 33 41 24 22 22 14 33 41 44 23 22 11 22 41 33 14 22 22 22 44 33 22 11 33 13 31 11 31 11
0 32 41 24 33 22 11 23 44 44 22 23 11 23 44 22 44 22 23 23 41 33 22 33 22 11 31 31 31 11
0 33 41 24 32 22 11 22 41 44 23 23 11 22 11 22 11 22 23 33 44 32 22 33 33 13 31 31 33 14
0 22 44 24 22 22 14 23 41 44 22 22 11 22 41 33 11 22 22 22 44 22 23 13 33 11 31 33 31 11
0 33 11 24 33 33 14 22 44 44 22 23 13 23 44 33 44 22 22 33 44 33 22 33 32 11 11 11 33 14
0 32 44 24 33 23 14 33 44 44 22 23 13 22 11 23 44 23 22 22 41 33 23 11 33 13 31 31 31 44
0 33 44 22 32 22 11 22 44 44 23 22 11 22 44 23 14 22 22 22 44 33 22 11 33 13 31 33 33 11
0 33 41 22 22 23 44 33 44 42 22 23 11 22 41 23 14 23 22 22 44 22 23 11 32 33 33 11 33 14
0 32 41 44 22 22 44 23 41 44 23 23 11 23 41 23 14 22 22 23 11 22 23 13 33 33 11 11 33 14
0 32 11 24 32 23 14 22 44 42 22 22 11 22 44 23 14 23 22 22 44 33 23 11 33 11 33 31 33 14
0 32 44 24 22 22 11 22 44 44 33 22 11 22 41 22 14 23 22 22 44 33 22 13 32 33 33 33 31 14
0 22 41 24 32 33 14 23 41 44 23 22 11 22 44 33 11 22 22 23 41 32 33 13 22 13 31 31 33 14
0 33 41 22 32 23 14 22 11 44 22 23 11 22 41 23 14 22 22 22 44 32 23 11 33 11 31 31 33 11
0 33 44 24 32 22 14 23 44 44 22 22 13 22 44 23 11 23 23 23 41 22 33 11 33 11 31 33 31 44
0 33 44 22 32 22 14 22 44 44 22 23 11 22 44 22 11 23 22 22 11 32 23 11 33 11 11 31 31 44
0 32 44 24 32 23 11 22 44 44 22 23 11 23 41 33 44 22 22 23 41 33 22 11 22 33 31 11 31 14
0 32 44 24 32 22 11 23 44 44 22 22 11 22 41 23 44 22 23 23 41 33 23 13 33 13 31 31 33 11
0 33 41 22 32 23 14 23 44 44 23 23 11 23 41 23 14 23 33 33 44 32 23 13 32 33 31 31 31 44
0 32 41 22 33 23 11 23 41 44 22 22 13 22 41 33 14 23 22 23 41 32 22 11 33 13 31 31 31 11
0 32 44 44 32 23 14 33 44 44 22 22 13 22 11 22 14 23 23 22 11 32 23 11 33 11 33 11 31 14
0 32 41 44 32 23 11 23 41 22 23 23 11 22 41 33 14 23 22 22 41 22 22 13 32 13 11 31 33 14
0 33 44 24 33 22 11 22 41 22 22 23 11 22 41 22 14 23 22 22 44 22 22 11 33 13 31 33 33 11
0 32 41 24 33 22 11 22 44 44 22 22 11 22 41 22 11 22 22 23 44 22 22 13 33 11 31 31 33 14
0 32 44 24 32 22 11 23 41 44 23 22 13 23 44 23 11 23 22 23 44 22 22 13 32 11 33 31 33 14
0 22 41 24 22 22 44 23 41 42 22 22 11 22 44 23 14 23 23 22 11 32 23 11 32 13 11 33 33 11
0 32 44 24 33 22 14 22 41 44 23 22 11 22 44 23 44 22 22 22 44 33 33 11 33 11 31 31 33 11
0 33 44 24 32 23 14 22 44 42 22 22 11 22 41 23 11 22 23 23 41 32 23 11 32 13 11 11 31 11
0 33 41 24 22 22 14 33 44 22 22 22 11 22 41 22 14 22 22 22 44 33 23 13 33 11 31 33 33 11
0 32 41 44 33 23 11 22 44 44 22 23 11 23 44 33 11 22 22 22 44 32 22 13 22 11 31 31 33 14
0 22 41 24 32 22 44 22 44 42 23 22 13 22 41 22 44 22 22 33 41 32 22 33 32 13 31 31 33 11
0 33 41 44 32 22 11 22 44 44 22 23 11 22 44 23 14 22 22 22 11 33 23 11 22 11 33 31 33 11
0 33 41 44 32 23 11 22 41 44 22 22 11 22 41 33 14 22 22 23 44 33 23 13 33 13 31 31 33 14
0 22 41 24 33 22 11 22 44 44 22 22 11 23 44 23 11 23 22 23 41 22 22 11 32 13 33 31 33 11
0 32 41 24 33 22 14 23 41 44 22 23 11 22 44 22 14 22 23 22 44 32 23 13 32 11 33 33 31 11
1 32 44 22 33 22 11 23 41 44 22 22 11 22 41 22 14 23 22 22 41 33 23 11 32 33 31 33 33 11
1 33 11 22 33 22 14 22 44 44 22 22 11 22 11 23 11 22 22 22 11 22 33 13 22 11 31 33 11 14
1 32 41 44 32 23 11 23 44 44 33 22 11 23 44 23 44 23 22 33 41 33 22 11 32 11 11 33 33 44
1 32 41 22 32 22 14 33 44 42 23 22 13 22 44 33 14 23 22 23 44 32 22 13 22 33 33 33 33 14
1 32 44 24 33 22 44 23 41 22 23 33 13 22 44 22 44 22 22 23 41 33 23 13 32 33 33 11 33 44
1 33 41 24 32 23 14 22 41 42 23 22 11 22 41 23 44 22 22 22 44 32 22 33 32 33 11 31 33 11
1 32 11 24 32 22 14 33 44 44 22 23 11 22 41 33 14 22 22 23 11 32 22 13 32 11 11 31 31 11
1 22 44 24 33 23 14 22 41 44 23 22 11 22 44 23 14 22 33 23 44 32 22 11 33 11 11 33 33 11
1 33 41 44 33 22 14 33 44 44 22 23 11 22 44 22 44 22 22 23 41 32 22 13 32 11 31 33 33 14
1 33 11 22 33 22 14 22 41 42 33 22 11 22 41 23 14 22 23 22 44 32 22 13 33 13 11 33 33 11
1 32 11 24 22 22 11 33 41 42 23 23 11 22 41 22 44 22 23 23 41 22 22 33 32 33 31 11 33 44
1 33 41 24 32 22 11 33 44 44 23 23 13 33 44 23 14 22 22 23 41 22 23 13 33 11 31 31 33 14
1 32 41 22 32 22 11 22 41 44 22 23 11 22 44 23 14 23 22 22 41 33 22 11 33 11 33 33 33 11
1 32 11 22 33 22 14 22 44 44 23 22 11 23 41 22 14 22 23 22 44 22 22 11 33 13 31 31 33 11
1 33 41 24 33 22 14 33 44 44 23 22 11 22 41 23 14 22 23 22 41 22 22 13 32 13 33 11 33 11
1 32 11 44 32 23 11 22 44 44 22 22 11 22 44 23 14 23 22 22 41 22 22 13 33 13 33 31 33 11
1 32 41 24 22 23 14 23 44 42 22 23 11 23 41 23 44 23 22 23 41 32 23 33 33 11 11 31 31 44
1 22 11 44 32 22 44 33 44 44 23 23 13 23 44 23 11 23 22 22 41 32 23 13 32 13 11 31 33 11
1 33 44 24 33 22 14 23 44 42 23 33 13 23 44 23 14 23 22 23 41 33 23 13 32 33 11 31 33 14
1 32 44 24 32 22 14 33 44 44 22 22 11 22 11 33 14 23 23 23 11 22 22 33 33 11 31 31 33 11
1 32 44 24 32 22 11 22 44 44 23 22 11 23 44 22 44 22 22 23 41 33 22 11 22 13 33 31 33 14
1 22 41 44 22 23 14 33 44 42 22 23 11 22 41 23 14 23 22 22 41 33 23 13 22 33 33 31 33 14
1 33 44 24 33 22 11 22 44 44 22 22 11 22 11 22 44 23 22 23 44 33 22 13 22 11 31 11 33 11
1 32 11 24 32 22 14 23 44 42 23 22 11 22 44 23 14 22 23 33 41 32 23 11 32 11 33 33 33 14
1 32 44 24 32 22 44 22 44 44 23 23 11 22 41 22 44 22 23 23 41 33 33 11 33 13 33 31 33 11
1 32 41 44 32 22 11 22 44 44 23 23 11 23 41 23 44 22 22 33 44 33 22 13 33 11 33 11 33 11
1 32 44 24 32 22 14 23 41 44 23 22 11 22 44 23 11 22 22 22 44 32 22 13 33 13 31 33 33 14
1 22 41 44 32 23 14 22 44 44 23 23 13 22 44 23 11 23 23 23 11 22 33 33 32 33 31 31 33 11
1 32 44 24 32 22 44 22 44 44 22 23 11 23 41 23 11 22 22 22 11 33 23 33 32 11 11 31 31 44
1 33 11 22 32 22 11 23 44 44 22 22 11 22 44 33 11 22 22 22 44 32 23 13 33 11 31 33 33 11
1 33 44 24 33 23 44 23 44 44 22 22 11 22 44 33 11 22 22 22 44 33 22 13 33 11 33 31 33 14
1 32 44 24 33 22 14 23 44 44 22 22 11 22 44 22 11 22 22 22 44 33 22 13 32 11 31 31 31 11
1 32 41 24 32 22 14 33 44 44 23 22 11 22 41 22 11 22 22 22 44 22 22 11 32 11 33 31 33 14
1 33 41 24 22 22 11 22 41 42 22 22 11 22 41 23 11 22 22 22 41 32 23 13 33 11 11 31 33 14
1 33 41 22 22 23 14 22 44 44 22 22 11 22 41 22 14 23 23 22 44 33 23 11 32 11 33 11 31 11
1 32 11 22 33 22 14 23 41 44 23 23 11 22 41 23 11 22 23 33 44 22 22 13 32 33 33 31 33 44
1 32 41 24 22 23 14 22 41 42 22 22 11 22 41 23 14 22 23 22 41 33 23 11 33 13 31 31 33 14
1 32 41 44 32 23 14 23 44 44 23 22 11 23 11 22 14 22 23 23 41 22 23 11 33 13 31 11 31 14
1 32 41 24 33 23 11 22 44 44 33 22 11 22 41 23 14 23 23 23 41 33 22 13 32 13 31 31 33 14
1 32 44 24 32 22 11 22 44 44 22 22 11 22 44 22 11 22 22 23 41 33 23 11 32 13 31 31 33 14
1 32 41 24 33 23 11 22 44 44 22 23 11 22 41 22 14 23 22 22 44 33 23 11 33 11 33 31 33 14
1 32 41 24 32 22 14 22 44 44 23 22 11 22 44 22 11 23 23 22 41 32 22 13 33 33 33 33 33 44
1 32 11 24 32 23 44 23 44 44 23 22 11 22 11 23 44 22 22 33 11 33 33 13 32 11 31 33 33 44
1 32 44 22 33 22 11 23 44 44 23 22 11 22 41 23 14 22 22 23 44 32 33 11 33 33 31 31 33 11
1 32 41 22 32 22 11 23 44 42 23 22 11 22 41 22 44 23 23 23 41 33 33 11 32 11 33 31 33 14
1 32 44 24 32 22 11 22 44 42 22 22 11 23 44 23 14 23 22 23 41 32 23 33 33 11 31 31 31 44
1 32 44 22 22 23 11 23 44 44 22 22 11 23 41 23 14 23 22 22 41 32 22 11 32 11 31 31 33 11
1 22 41 24 32 22 11 23 44 44 33 22 11 22 44 33 14 23 22 23 44 33 23 13 33 13 11 31 31 14
1 32 44 22 33 22 11 22 41 44 22 22 11 22 41 22 14 22 22 22 41 33 22 11 32 11 33 33 33 11
1 33 41 24 32 22 14 23 41 44 22 22 13 22 44 23 11 23 22 23 41 32 22 13 32 13 31 33 33 14
1 33 44 24 33 22 14 22 44 44 23 23 13 22 11 23 14 22 23 22 44 33 23 13 32 13 31 31 33 14
1 22 41 24 33 23 11 23 41 44 22 22 11 22 41 23 44 23 22 33 44 33 22 13 33 13 33 31 31 14
1 33 44 24 22 22 14 33 44 44 23 22 11 22 44 23 44 23 22 23 41 33 23 13 33 13 31 11 33 11
1 32 41 44 32 22 11 33 44 42 23 22 11 22 41 23 44 22 22 23 11 33 33 11 32 13 31 11 33 11
1 22 11 24 32 22 14 23 44 44 22 22 11 22 44 22 14 22 22 22 41 32 22 33 32 13 31 33 33 14
1 33 44 44 33 22 14 22 44 44 22 22 11 23 44 22 11 22 22 22 44 32 23 11 22 11 31 31 33 11
1 33 44 24 32 22 11 23 44 42 22 23 11 22 41 23 14 22 33 22 41 32 23 11 32 11 33 31 33 14
1 33 41 24 22 23 44 23 41 42 23 22 11 22 41 23 14 23 33 23 41 32 23 13 32 13 33 31 33 14
1 32 41 22 32 22 11 23 44 44 22 22 11 22 41 22 44 23 22 23 41 33 23 11 32 11 33 11 33 14
1 33 41 24 33 22 11 23 44 44 22 23 13 22 44 22 44 22 23 23 11 33 23 13 33 13 11 33 33 11
1 33 41 22 32 22 44 22 41 44 23 22 11 22 11 23 14 22 23 23 41 33 23 11 32 13 33 31 33 14
1 32 44 24 33 23 11 22 44 44 22 22 13 22 44 23 44 22 22 23 11 33 23 33 33 13 33 31 31 14
1 32 44 22 32 22 44 23 41 44 33 33 11 23 11 33 44 23 23 33 41 22 22 11 22 13 11 31 31 11
1 32 44 44 32 23 44 23 41 44 22 22 13 22 44 23 44 22 22 23 44 32 22 13 32 11 33 33 31 14
1 32 44 24 32 22 44 33 41 44 22 23 11 22 41 33 44 23 22 23 41 33 22 11 33 13 33 11 33 44
1 33 41 22 32 22 11 22 44 44 23 22 11 22 41 22 11 22 23 22 44 33 23 13 33 11 33 33 33 14
1 33 44 22 33 22 11 23 44 44 22 22 11 22 44 23 14 23 22 23 41 32 33 13 32 11 33 33 33 11
1 32 41 44 33 23 14 33 44 44 33 22 11 22 41 23 14 23 22 22 44 32 23 11 32 33 33 11 33 14
1 32 44 44 33 23 14 22 44 42 22 22 11 22 41 22 11 22 23 23 41 32 22 11 33 13 33 33 33 11
1 33 11 22 33 22 14 23 41 42 22 23 13 22 44 23 14 23 23 22 11 33 23 33 32 11 31 31 31 44
1 33 44 22 32 22 11 23 44 44 22 23 13 23 11 23 14 23 22 23 41 22 22 11 33 13 31 33 31 11
1 22 11 44 32 22 14 22 44 42 22 23 11 22 44 23 14 23 23 23 11 22 22 11 32 11 31 33 33 14
1 33 11 44 22 22 14 23 41 42 22 22 11 22 41 33 11 22 23 23 41 22 23 11 32 13 33 31 33 11
1 33 41 24 32 23 14 22 44 44 22 22 11 22 44 23 14 22 23 22 41 32 23 13 32 33 33 33 31 14
1 32 11 24 32 22 11 22 44 42 22 22 11 23 41 33 14 22 22 23 11 33 22 13 22 33 11 31 33 14
1 32 11 44 33 22 11 22 44 44 22 22 11 22 41 22 14 22 22 22 44 32 22 11 32 33 31 11 33 14
1 33 11 44 32 23 14 33 41 44 23 23 11 22 41 23 44 23 23 22 44 22 22 33 32 11 11 31 31 44
1 33 41 44 32 22 11 33 44 42 23 22 11 23 41 23 11 22 23 23 41 32 22 13 32 13 31 31 33 14
1 32 41 24 33 22 14 22 44 44 22 22 11 23 44 23 14 22 22 22 41 33 22 11 32 13 11 33 33 11
1 32 44 44 33 22 44 23 44 42 23 23 11 22 41 23 44 22 23 23 41 32 23 13 32 33 31 31 33 44
1 33 44 24 32 22 11 23 41 42 22 22 11 22 44 22 11 22 22 22 44 32 22 13 33 13 33 33 33 11
1 33 44 24 22 22 14 22 41 44 22 22 11 22 44 23 11 22 22 22 44 33 23 33 33 11 31 31 33 11
1 32 41 22 32 23 14 23 44 44 23 22 11 23 41 22 14 33 22 23 41 33 22 13 32 11 31 31 31 44
1 33 44 24 22 22 11 23 41 44 22 22 11 23 44 23 14 22 23 22 41 33 23 11 33 11 33 33 33 44
1 32 41 22 33 23 14 22 44 44 23 23 11 22 44 33 14 23 22 22 44 33 22 33 32 13 31 33 33 44
1 33 41 44 32 22 14 33 11 44 33 23 11 22 11 23 44 23 23 22 11 32 23 13 32 33 31 31 33 11
1 32 41 24 33 22 14 23 44 44 23 22 11 22 41 22 14 23 22 23 44 33 23 11 33 13 31 33 33 11
1 32 41 24 22 22 14 23 41 42 22 22 13 22 41 23 44 23 22 22 44 22 23 13 22 33 33 31 33 11
1 32 41 24 33 22 14 23 44 42 22 23 11 23 41 33 14 22 22 23 44 33 23 11 33 11 31 31 33 44
1 32 44 24 22 22 14 22 44 42 22 23 11 23 41 33 14 22 22 22 44 33 23 11 32 11 31 33 33 14
1 33 41 24 32 22 11 22 44 44 22 23 11 22 41 22 14 22 23 23 44 32 22 13 32 11 33 33 33 14
1 22 44 22 33 23 14 22 44 42 23 22 11 22 41 23 44 23 22 22 11 33 22 13 33 11 11 31 33 11
1 22 41 24 32 22 44 23 44 44 23 23 11 22 11 33 14 22 23 33 11 22 22 11 32 13 31 11 31 11
1 33 41 22 32 22 14 23 44 44 23 22 11 22 41 22 11 23 22 22 41 33 23 13 32 11 33 31 33 14
1 32 41 22 32 22 44 23 44 44 23 23 11 22 41 23 14 23 22 23 11 32 23 11 32 11 33 33 33 44
1 33 44 44 22 22 11 22 44 42 22 22 13 22 44 33 14 22 22 22 41 32 22 13 33 11 31 31 33 44
1 32 41 24 32 23 14 33 44 44 23 33 11 22 41 23 11 33 33 23 11 33 22 13 32 33 31 11 31 44
1 33 41 24 32 22 14 22 44 42 22 22 11 22 44 22 11 22 22 22 41 32 22 13 32 13 31 31 33 11
1 32 41 24 32 22 14 22 41 44 22 22 11 23 41 23 44 23 23 23 44 33 22 11 33 11 11 11 31 44
1 33 11 44 22 22 11 22 41 44 22 22 11 22 41 33 11 23 23 22 44 32 23 11 33 13 33 33 33 14
1 33 44 44 32 22 44 22 41 44 23 23 11 22 44 23 14 22 22 23 44 32 23 11 32 11 33 33 33 11
1 33 44 24 33 23 14 23 41 44 22 22 13 22 44 23 14 23 22 22 41 32 22 11 32 33 31 11 33 11
1 33 11 22 32 22 11 23 44 44 22 22 11 22 44 23 14 23 22 22 44 32 22 11 32 13 31 31 33 11
1 32 44 22 33 22 11 22 44 42 22 22 13 22 44 23 14 22 22 22 44 33 23 33 33 11 31 33 33 11
1 22 44 24 32 22 11 22 44 44 23 23 11 22 41 23 11 23 22 23 41 32 23 13 32 11 11 33 31 14
1 32 41 22 33 22 44 23 44 44 22 22 11 23 44 22 14 22 22 33 44 33 23 11 22 11 31 31 33 14
1 33 41 22 32 22 11 22 44 42 23 22 13 22 44 23 14 23 22 22 41 32 23 13 33 13 11 31 31 11
1 32 11 22 33 22 11 22 44 42 22 22 11 22 44 22 14 22 22 23 41 32 22 11 32 11 33 31 33 14
1 32 44 24 33 22 14 23 41 44 22 23 11 22 11 23 14 33 22 23 41 32 22 13 33 11 33 33 33 14
1 33 11 22 32 22 11 23 44 44 22 22 11 22 44 33 44 23 22 22 41 33 23 11 22 13 33 33 33 11
1 32 41 24 22 22 14 33 44 42 33 23 13 22 11 23 11 22 22 22 11 33 23 11 32 11 33 31 33 11
1 32 41 44 32 22 14 22 41 42 22 23 11 22 41 33 11 22 22 22 41 32 22 13 33 11 31 31 33 11
1 33 44 24 33 22 14 23 44 42 23 23 11 23 11 23 14 22 23 23 41 33 22 33 33 11 31 31 31 14
1 32 44 24 33 22 14 22 44 42 22 23 11 22 44 33 11 22 23 22 41 33 22 11 32 11 31 11 31 11
1 32 41 44 32 22 14 33 41 42 22 23 33 22 11 23 14 23 33 33 41 32 23 11 32 13 33 11 31 11
1 32 44 24 32 22 14 22 44 44 22 22 11 23 44 22 14 22 22 22 44 32 23 13 32 13 31 33 33 14
1 32 44 44 33 22 14 22 44 44 22 23 11 23 11 22 14 23 23 22 41 22 22 13 32 13 33 31 33 14
1 33 44 24 22 23 44 23 44 44 22 22 11 22 44 23 11 22 22 22 41 33 23 33 22 13 11 11 31 11
1 33 41 44 22 23 14 22 44 42 22 22 11 22 44 23 14 23 22 23 41 33 22 11 33 11 33 31 33 11
1 32 44 24 33 23 11 22 44 44 22 22 13 22 44 22 11 23 23 23 44 33 23 11 32 13 33 31 33 14
1 33 11 24 32 23 14 23 44 44 22 22 13 23 11 23 14 23 22 23 44 33 23 13 32 13 31 11 31 11
1 33 11 24 32 22 14 23 44 44 22 23 11 23 44 23 11 22 23 23 41 32 23 11 33 11 31 31 33 14
1 22 11 22 33 22 14 22 44 44 23 22 13 22 41 22 14 22 22 22 44 33 22 13 33 11 31 33 33 11
1 32 11 22 32 22 11 22 41 44 33 22 13 22 41 22 44 22 23 23 44 32 22 11 32 11 31 31 33 14
1 22 41 24 22 22 44 23 44 42 23 22 11 22 44 22 44 23 22 23 11 32 22 11 33 11 31 31 33 14
1 33 44 24 33 22 44 22 44 44 22 33 11 22 41 23 11 22 22 22 41 33 23 33 22 11 31 31 33 11
1 33 41 24 22 22 11 23 41 44 22 22 11 22 41 23 11 22 23 23 44 32 22 11 32 13 31 31 33 14
1 32 44 24 33 22 11 23 41 44 22 22 11 22 41 22 11 22 22 22 11 33 23 13 32 11 33 31 33 14
1 32 44 24 32 23 14 23 41 44 23 23 11 22 44 23 11 22 23 23 44 33 23 11 32 13 11 31 33 11
1 33 41 44 32 23 14 33 44 44 23 22 11 22 44 23 14 23 23 22 44 33 22 11 32 13 31 11 33 14
1 33 11 44 22 33 11 23 41 44 22 22 11 23 41 33 11 22 23 23 11 32 33 13 32 13 31 11 31 44
1 33 41 24 33 22 14 23 44 44 22 22 11 23 41 22 11 22 22 23 41 32 22 13 32 11 33 31 33 14
1 32 41 44 32 22 14 23 41 44 22 22 11 22 44 33 14 22 23 23 44 32 22 33 33 13 31 33 33 11
1 33 44 44 33 22 11 23 41 22 22 22 11 22 41 23 14 22 22 22 11 33 22 33 22 11 11 11 33 44
1 22 44 22 33 22 14 23 41 44 22 22 11 22 41 23 14 22 22 22 44 32 22 13 33 13 11 11 33 11
1 22 11 24 32 22 44 23 44 42 22 22 11 22 44 33 11 23 22 23 41 33 23 33 33 13 33 31 33 14
1 33 41 22 32 23 44 33 41 44 33 22 33 22 41 33 14 22 22 23 41 32 23 11 32 13 31 33 31 11
1 32 44 24 32 22 14 22 44 44 22 23 11 23 41 23 14 22 22 22 41 32 22 13 32 11 33 31 33 14
1 32 11 24 32 22 14 23 41 44 23 23 11 22 44 23 14 22 22 22 11 33 23 13 33 13 33 11 33 11
1 32 44 44 32 22 14 23 44 44 22 22 13 23 44 23 14 22 22 22 41 33 23 33 32 11 31 31 33 11
1 33 44 24 32 22 14 23 44 44 23 22 11 22 41 22 11 22 23 22 44 33 22 13 33 11 31 11 33 11
1 33 41 44 22 23 11 23 11 22 22 23 11 22 44 23 11 23 23 23 41 33 23 13 22 13 31 33 11 44
1 33 41 22 32 22 14 22 41 44 22 22 11 22 41 23 11 22 23 23 41 33 22 13 33 13 33 31 31 14
1 33 41 24 33 22 11 23 44 42 22 22 11 22 44 23 11 22 22 22 41 33 22 11 33 11 31 33 33 11
1 33 44 22 22 23 14 22 41 44 22 22 11 22 44 23 11 22 23 22 44 33 23 13 33 13 31 31 33 11
1 33 41 24 22 23 11 23 44 22 22 23 13 23 11 33 11 23 23 23 41 32 23 33 33 13 31 31 33 14
1 32 11 24 32 22 14 33 41 42 22 23 11 23 11 23 14 22 23 23 41 32 23 33 33 13 31 31 31 14
1 33 41 24 32 22 14 23 41 44 23 23 11 22 44 23 44 23 23 33 41 32 33 13 32 33 11 11 33 14
1 33 41 22 32 23 44 22 41 42 22 22 11 23 11 33 11 22 22 22 41 33 22 33 33 13 11 11 33 11
1 22 41 24 32 22 44 22 44 44 22 23 13 22 44 23 14 33 23 23 41 33 22 11 32 13 31 31 33 44
1 32 41 24 32 22 14 22 41 44 22 22 11 22 41 23 14 22 23 23 41 33 22 11 32 11 31 33 33 44
1 33 44 22 32 23 11 23 44 44 22 22 11 22 41 23 14 22 22 22 44 33 22 13 32 11 33 31 31 11
1 33 11 24 32 22 14 23 41 42 22 23 11 22 41 23 44 23 22 23 41 33 23 33 32 13 11 31 31 14
1 32 41 44 33 22 14 23 11 44 22 23 11 22 41 22 44 23 23 22 11 22 33 11 33 11 31 31 33 11
1 22 44 44 32 22 11 33 44 42 22 23 11 23 44 23 14 22 22 22 41 32 22 13 33 11 31 33 33 11
1 33 11 44 22 22 44 33 41 42 23 22 11 22 44 22 14 22 22 23 41 22 23 33 33 13 31 11 31 44
1 32 41 24 32 23 44 23 44 44 33 22 13 22 41 23 11 22 23 22 41 32 23 13 32 13 31 11 33 44
1 33 44 24 32 22 44 22 41 44 33 22 13 22 41 23 14 23 23 22 44 33 22 33 33 13 31 33 33 14
1 32 44 24 32 23 44 33 44 44 22 23 11 22 44 23 14 23 23 22 44 33 23 33 32 13 33 11 11 44
1 32 41 44 33 23 14 23 44 44 22 23 11 22 44 23 14 22 22 22 44 22 22 13 32 13 11 11 33 11
1 32 44 24 33 22 14 22 44 44 22 22 11 22 41 23 14 22 23 23 41 33 22 13 32 13 11 31 33 14
1 33 11 24 32 22 14 33 41 42 23 22 11 22 44 23 14 22 22 33 44 32 33 13 32 13 31 11 31 44
1 33 44 44 33 23 14 23 41 44 22 23 11 22 11 22 11 22 22 22 44 32 22 11 33 13 11 31 33 14
1 32 11 44 22 23 44 22 41 42 22 23 33 22 41 22 14 33 23 33 11 22 22 13 33 13 33 31 33 14
1 33 41 24 32 22 11 22 44 44 22 22 11 22 44 23 44 22 22 23 44 33 33 13 33 11 31 33 33 14
1 33 11 22 32 22 44 23 41 44 22 22 11 22 44 22 14 22 23 22 44 32 22 11 33 13 33 31 31 11
1 32 44 24 32 23 14 22 11 44 22 22 11 22 44 22 11 23 22 23 44 33 23 11 32 11 31 31 33 11
1 32 44 22 32 22 14 33 44 44 23 22 11 33 44 23 44 23 33 23 41 32 23 33 32 11 11 11 33 14
1 32 44 44 32 23 44 23 44 44 22 23 13 23 41 33 44 23 22 22 44 22 22 13 33 11 31 31 33 14
1 22 41 24 32 22 14 33 41 42 22 22 11 22 41 33 44 23 22 23 11 32 23 13 32 11 11 31 31 11
1 33 41 24 22 22 14 23 44 44 22 22 11 22 41 33 14 23 22 22 44 32 23 13 32 33 33 31 33 14
1 33 41 22 32 22 11 23 44 44 22 22 11 22 44 23 14 22 23 22 44 32 22 11 22 11 11 31 31 14
1 22 41 24 32 22 14 33 11 44 22 23 11 23 41 33 14 23 23 23 44 32 33 11 32 13 11 31 33 14
1 33 41 44 32 23 11 22 11 44 22 23 11 23 44 33 14 23 23 22 44 33 23 13 32 13 11 31 33 14
1 32 41 22 33 33 11 23 44 44 22 22 11 22 44 23 11 23 22 23 44 33 22 11 33 11 31 31 33 14
1 33 41 44 32 22 11 22 44 44 22 23 13 23 44 23 14 22 22 22 44 33 23 11 32 11 11 11 33 14
1 32 11 22 32 22 11 22 41 44 22 23 13 22 44 23 11 23 23 22 11 33 22 13 32 13 33 31 33 14
1 32 41 22 33 22 14 33 11 42 23 22 11 23 41 33 11 23 22 22 44 32 22 13 32 11 33 11 31 14
1 32 44 24 32 22 14 23 44 44 33 23 11 23 41 23 14 33 33 23 41 32 22 13 32 33 11 31 33 11
1 33 11 24 33 23 11 22 41 44 22 22 11 22 41 23 14 22 22 22 44 32 23 11 22 13 11 31 33 14
1 32 41 44 22 23 11 22 11 22 23 23 13 22 11 23 14 22 23 23 41 32 22 11 32 11 31 11 33 11
1 33 41 22 22 23 14 23 41 44 22 22 11 22 11 23 14 23 22 23 41 33 22 13 32 11 11 31 33 14
1 32 41 24 32 23 14 33 44 44 22 22 11 23 11 33 44 22 23 23 11 32 33 13 32 13 33 31 33 14
1 33 41 22 33 23 11 23 41 44 22 23 11 22 41 22 11 23 33 23 44 33 23 33 33 11 11 33 33 11
1 33 44 22 32 22 14 23 44 44 23 23 11 22 41 23 14 23 22 23 11 32 22 13 33 13 11 33 31 11
1 32 41 44 32 22 44 23 41 44 22 22 13 22 41 33 14 22 22 33 44 32 33 11 32 11 11 33 33 14
1 32 11 24 32 22 11 23 44 44 22 23 13 22 44 22 44 23 22 23 11 22 22 13 22 33 31 31 33 44
1 33 11 24 33 22 14 33 41 22 23 22 11 22 11 23 44 22 33 33 11 22 22 13 32 11 33 33 33 14
1 33 41 24 32 22 14 22 11 42 23 22 11 22 44 23 14 22 22 22 44 32 23 11 32 11 31 33 33 11
1 33 41 24 32 22 11 23 41 44 22 22 11 22 44 23 11 23 23 22 44 33 22 11 32 13 31 11 33 11
1 32 44 24 32 22 11 22 44 44 22 23 11 22 44 23 14 22 22 23 41 33 22 13 32 13 33 33 31 11
1 22 41 44 32 22 14 22 41 42 22 22 11 22 44 33 11 22 22 23 41 32 23 11 33 11 11 31 33 14
1 32 11 24 22 22 44 23 44 44 23 23 13 22 11 23 14 22 22 23 41 33 22 13 32 13 31 31 33 11
1 33 44 24 33 22 14 33 44 44 22 23 11 22 44 23 14 22 22 22 44 32 22 11 32 11 33 11 33 44
1 33 41 24 33 22 14 22 44 42 22 23 11 22 44 22 11 22 22 23 44 32 22 13 32 11 33 33 33 11
1 32 41 24 32 22 14 22 41 44 22 22 11 22 44 22 11 23 22 22 41 22 23 13 32 13 33 33 33 14
1 32 41 24 33 22 14 23 41 44 23 23 11 22 44 23 14 22 23 22 44 32 33 13 32 13 31 33 33 11
1 32 41 44 32 22 14 23 44 44 23 23 11 22 41 22 14 22 22 22 41 32 22 11 33 13 11 31 33 11
1 32 11 44 32 22 11 33 41 44 33 22 13 22 41 23 44 23 22 22 41 33 23 11 32 11 11 11 33 11
1 32 44 22 32 22 11 23 41 42 22 23 11 22 44 23 14 23 22 23 11 32 22 11 32 11 33 11 33 14
1 22 11 24 32 22 11 23 44 44 23 23 11 23 11 33 14 22 22 22 44 32 22 11 33 13 11 31 33 11
1 22 44 24 33 23 14 33 44 42 22 22 11 22 41 23 14 23 23 22 44 33 22 13 33 13 11 33 31 11
1 32 44 44 32 22 14 22 44 42 22 22 11 22 41 23 14 23 33 22 41 33 22 13 32 13 31 31 33 44
1 22 44 24 32 22 14 22 44 42 22 23 11 23 44 23 14 22 22 22 44 33 22 11 33 33 31 31 33 14
1 32 44 44 33 22 14 33 41 44 33 22 11 22 11 23 14 23 33 22 41 33 22 11 32 33 31 31 31 11
1 33 41 22 32 22 11 22 44 44 22 23 11 22 41 23 14 23 22 23 41 33 22 11 33 13 33 31 33 14
1 32 44 24 32 23 14 23 11 44 33 22 11 22 41 33 14 22 22 22 41 32 23 33 32 11 31 11 33 14
1 32 41 24 33 22 14 23 44 42 23 22 11 23 11 23 14 33 22 22 44 33 22 13 33 11 11 31 33 14
1 32 41 24 32 22 11 22 11 42 23 22 11 22 44 23 44 22 23 22 11 32 22 33 33 11 31 31 33 14
1 32 41 44 33 22 11 23 41 42 23 23 11 22 44 23 14 23 23 22 44 33 22 11 33 13 31 31 33 14
1 32 44 24 32 23 11 33 44 44 22 22 11 22 44 22 11 22 23 23 44 33 22 11 32 11 33 33 31 14
1 32 41 44 32 23 14 22 41 42 22 22 11 22 41 23 14 22 23 23 44 33 22 13 33 13 33 33 33 14
1 33 44 24 32 22 14 22 44 44 22 22 11 22 41 23 44 22 23 23 44 32 23 13 32 13 33 11 33 14
1 33 44 24 33 22 11 23 11 44 23 23 11 22 44 22 14 22 23 22 44 33 23 11 33 11 33 31 31 11
1 32 44 24 33 22 11 22 44 44 22 22 13 22 41 23 14 22 22 22 44 32 23 11 33 11 11 33 33 14
1 33 11 24 32 22 11 23 41 42 23 22 13 22 11 23 14 22 23 33 44 32 22 13 32 33 31 11 31 11
1 33 41 22 33 22 11 22 44 44 23 22 11 22 41 23 11 22 22 22 41 32 23 13 33 11 31 33 33 11
1 32 44 24 33 23 14 33 44 44 22 23 11 22 44 33 14 22 22 23 44 33 33 13 33 33 31 31 33 14
1 22 11 24 32 22 11 23 44 44 23 23 13 23 44 23 44 22 23 23 11 22 23 11 22 13 31 11 31 11
1 32 41 24 33 22 11 23 44 42 22 23 11 22 44 23 11 23 22 23 41 32 22 13 32 13 33 31 33 44
1 33 41 24 32 22 14 22 41 44 22 23 11 22 44 23 11 23 22 22 41 32 22 11 32 13 33 33 33 11
1 33 41 24 32 22 14 23 11 44 22 22 11 22 44 23 11 22 22 22 41 33 22 13 33 11 11 33 33 44
1 32 44 44 32 22 44 33 44 44 33 23 13 22 41 23 14 22 22 22 41 32 22 13 32 11 11 33 31 11
1 33 41 44 33 23 11 22 44 42 22 22 11 22 41 23 14 22 23 22 44 22 22 13 32 11 31 33 33 11
1 32 11 24 22 22 14 23 41 44 22 23 13 22 41 33 44 22 23 23 44 22 33 13 32 13 33 11 33 14
1 33 41 22 33 22 44 22 41 42 22 22 11 22 41 23 11 22 22 22 11 22 23 13 33 13 31 31 33 11
1 33 44 44 22 22 11 23 44 44 22 23 11 22 41 23 44 23 22 23 44 32 22 33 33 11 33 31 33 11
1 32 41 22 32 22 11 22 44 44 22 22 11 23 41 23 11 22 23 33 41 33 22 11 33 13 11 31 33 44
1 22 41 24 22 23 11 22 44 42 22 23 11 22 44 23 11 23 22 22 41 32 23 13 32 33 11 31 33 14
1 32 41 24 22 22 11 23 44 44 22 22 13 22 41 23 14 23 22 23 44 32 23 13 32 33 31 33 31 14
1 32 11 22 32 22 11 22 44 42 22 22 13 22 44 22 11 23 22 22 41 32 23 11 33 11 31 31 33 14
1 32 11 44 32 23 11 22 44 44 22 22 11 22 44 22 14 23 22 23 44 33 22 13 32 13 33 33 33 11
1 33 41 24 33 22 11 23 41 44 22 22 11 22 44 22 11 22 23 22 41 33 22 11 33 13 31 31 33 11
1 32 41 22 32 22 11 22 44 44 23 22 11 22 41 23 14 23 33 22 41 33 23 33 32 13 31 33 33 14
1 33 44 24 32 23 14 22 44 42 22 23 11 22 41 33 11 23 22 22 44 33 22 11 33 11 33 33 33 11
1 22 44 24 32 23 14 23 41 42 22 22 13 23 41 33 14 33 22 23 11 22 23 11 33 13 31 33 33 11
1 33 44 44 32 23 44 33 41 44 22 23 11 22 41 33 14 22 22 23 41 32 33 11 32 33 31 11 33 44
1 32 41 44 32 23 14 23 41 44 33 22 13 23 41 33 44 23 22 23 41 22 23 11 33 13 11 31 33 14
1 33 44 24 32 22 11 22 44 42 22 23 11 22 44 22 11 22 22 33 44 32 23 13 33 13 11 33 33 11
1 33 41 24 33 22 14 22 44 44 22 23 11 23 44 22 11 22 22 23 44 32 23 11 33 11 31 31 33 11
1 32 44 24 22 23 14 22 44 42 22 22 13 22 11 22 14 22 23 23 41 32 22 33 32 13 31 33 31 14
1 32 41 24 22 22 14 22 11 44 23 23 11 22 44 23 44 22 22 23 44 32 22 13 33 11 31 31 33 11
1 32 44 22 22 22 14 23 44 44 22 22 11 22 44 22 14 22 22 23 44 33 22 11 33 13 33 33 33 11
1 32 41 22 22 23 14 23 44 44 22 22 13 22 11 33 14 22 23 22 11 32 23 11 33 13 31 11 33 11
1 33 41 22 32 22 14 23 41 42 22 23 11 22 41 23 14 22 22 23 44 33 22 13 32 33 31 11 33 11
1 22 11 44 33 22 14 22 44 42 22 22 11 23 44 22 11 23 22 22 11 32 22 11 33 11 31 11 33 14
1 32 44 22 32 22 14 33 41 44 22 23 11 23 44 23 14 23 23 22 44 33 23 13 33 11 33 31 33 11
1 32 41 44 32 22 14 23 41 42 22 33 11 22 44 23 11 33 22 23 44 33 22 13 33 13 31 33 33 14
1 32 44 44 33 22 11 22 44 42 22 23 11 22 11 22 14 22 22 23 41 33 22 13 32 11 31 11 33 14
1 32 41 24 32 22 14 23 44 42 22 22 11 22 41 23 11 22 23 22 44 33 33 11 32 11 31 33 33 14
1 33 44 22 22 23 14 23 44 44 22 23 11 22 44 33 14 22 22 22 41 32 22 11 33 13 31 11 33 11
1 32 41 44 32 23 44 23 41 42 23 22 11 22 41 33 14 22 22 23 44 32 22 13 33 11 33 11 33 14
1 32 44 22 22 22 14 23 11 44 22 33 11 22 41 23 14 22 22 23 11 22 22 33 33 33 11 11 33 11
1 32 44 24 33 22 14 23 44 44 22 22 11 22 41 22 11 22 22 23 44 32 23 13 22 33 33 31 33 11
1 32 41 44 32 22 44 23 44 42 22 23 11 22 41 23 44 23 23 23 11 32 22 33 33 11 33 31 31 14
1 33 11 24 32 23 44 23 44 42 23 22 33 22 11 22 14 33 22 33 11 33 23 11 32 11 11 11 33 14
1 33 44 44 32 23 14 22 41 44 22 22 11 22 44 23 14 23 22 23 11 32 22 11 32 11 31 31 31 14
1 33 41 22 32 22 14 33 11 42 23 23 11 23 41 33 14 22 23 23 11 32 23 13 32 11 33 31 33 11
1 33 41 24 32 22 11 22 41 44 22 22 11 22 41 22 14 22 23 22 11 32 23 11 32 11 31 31 33 11
1 22 41 24 22 23 14 23 44 44 23 22 13 22 41 22 44 23 33 23 11 32 22 13 32 13 33 11 33 11
1 32 44 22 32 22 11 23 41 44 22 22 11 22 44 33 14 22 22 22 44 33 22 11 33 11 31 31 33 11
1 32 44 24 32 22 14 22 11 42 23 23 11 22 44 22 14 33 23 22 11 33 23 13 22 11 31 33 33 14
1 33 44 24 32 22 14 23 44 44 23 22 11 22 44 23 14 22 23 22 41 33 22 33 33 13 31 31 33 14
1 32 41 22 33 22 11 22 41 42 23 23 11 22 41 23 14 22 23 22 41 33 23 11 33 13 33 31 33 44
1 32 41 44 33 23 44 23 41 44 33 23 11 23 11 22 11 23 22 22 41 22 23 13 33 11 31 33 31 11
1 32 44 24 33 22 14 33 44 44 22 23 11 22 41 23 14 23 22 23 44 32 22 11 32 13 31 31 33 14
1 33 44 44 32 23 44 23 44 44 22 22 11 22 41 23 14 22 33 22 41 32 23 13 33 13 33 33 33 11
1 22 44 44 33 22 11 22 44 42 22 23 11 23 41 22 11 22 23 22 41 32 23 11 32 13 33 11 31 11
1 33 44 44 32 23 14 22 41 44 33 23 13 22 41 23 11 23 23 33 41 22 22 13 32 13 31 11 33 14
1 22 44 22 33 22 14 23 41 44 33 22 13 22 41 23 11 22 33 22 11 33 22 13 33 11 11 11 31 11
1 33 11 24 33 23 11 22 44 42 22 22 11 22 44 23 44 22 22 22 44 33 23 13 32 11 31 31 33 11
1 22 41 44 32 22 44 22 44 44 23 23 13 22 44 33 14 22 23 23 44 33 23 11 22 11 31 31 33 11
1 32 11 24 22 23 44 23 44 44 22 22 11 23 11 33 44 22 22 23 44 32 22 13 33 33 31 31 31 14
1 33 41 24 32 22 14 22 41 44 22 22 11 22 41 22 14 23 22 22 44 33 22 11 32 13 31 11 33 11
1 33 11 24 32 23 14 23 44 44 22 22 11 22 44 23 14 22 23 22 11 32 22 13 32 13 31 31 33 11
1 22 44 22 22 22 14 22 41 44 23 22 11 22 11 23 44 23 22 23 41 22 23 11 32 13 31 33 33 14
1 33 44 24 33 22 11 33 44 44 22 33 13 22 41 23 11 23 22 22 44 33 22 13 33 13 31 31 33 44
1 32 11 24 32 23 14 23 44 44 22 22 11 22 44 22 14 22 22 22 41 33 22 11 32 11 31 33 33 11
1 33 41 24 33 22 11 22 44 44 23 23 11 22 44 23 14 22 22 22 41 32 23 13 22 11 31 31 33 14
1 32 11 24 33 22 44 23 41 42 33 22 13 23 44 33 11 22 23 23 41 32 23 13 33 13 31 11 33 11
1 32 41 24 22 23 11 22 41 44 23 22 11 23 44 23 44 23 33 22 44 32 33 33 33 33 11 31 33 11
1 32 41 24 22 22 14 23 44 44 22 22 13 22 41 23 14 22 22 23 44 33 22 11 32 13 11 33 31 14
1 33 41 24 32 22 11 23 44 44 22 23 11 22 11 23 14 23 22 22 44 32 22 11 32 11 33 31 33 14
1 33 44 24 32 22 14 23 44 44 23 22 11 22 11 22 11 23 22 23 44 32 23 13 33 11 11 31 33 11
1 33 41 24 32 22 44 22 44 42 23 22 11 22 44 33 11 33 23 22 44 33 22 13 33 13 31 31 33 14
1 33 44 24 32 22 11 23 44 44 22 22 13 22 44 22 11 22 22 23 44 33 22 11 33 11 31 33 31 11
1 32 44 22 33 22 44 22 44 44 22 22 11 22 44 23 11 22 23 22 41 22 22 11 33 13 33 31 33 14
1 32 41 44 22 22 44 23 41 44 23 22 11 22 11 33 14 22 23 23 41 32 22 13 33 33 31 31 33 14
1 32 41 44 32 22 14 22 41 44 22 22 11 22 11 23 14 22 23 23 44 32 22 11 33 13 11 11 31 14
1 33 44 24 32 22 44 22 44 44 22 22 11 22 11 22 11 22 22 22 41 33 22 11 32 11 33 31 31 11
1 32 41 44 22 22 44 23 44 44 22 22 11 22 41 23 14 23 23 22 41 32 22 13 32 13 31 11 33 11
1 32 41 22 32 23 11 23 41 42 22 23 13 22 44 23 11 22 23 23 41 33 22 13 33 13 11 11 33 11
1 33 44 24 33 22 11 33 44 44 22 22 11 22 44 23 11 22 22 22 44 33 33 11 32 11 11 33 33 44
1 32 11 24 32 23 14 22 44 44 23 23 11 22 41 23 14 23 23 22 41 22 33 11 32 13 11 31 33 14
1 33 44 24 33 22 14 22 44 44 22 23 11 22 44 23 14 23 22 22 41 32 22 11 33 13 31 33 33 14
1 32 44 22 33 22 11 22 44 44 22 23 11 22 44 22 14 22 22 22 44 32 22 11 32 11 33 31 33 11
1 22 41 24 32 22 11 22 41 42 22 22 11 22 41 33 14 23 23 22 41 33 23 11 33 11 31 31 33 11
1 33 44 44 33 22 14 23 44 44 22 23 11 22 44 22 11 22 22 23 41 33 22 11 33 13 11 31 31 14
1 33 44 22 33 22 11 33 44 44 22 22 11 22 41 22 11 22 22 23 44 33 23 11 32 11 31 31 33 11
1 33 41 44 22 22 14 33 44 42 22 23 13 22 41 22 44 22 22 23 44 33 22 13 33 13 31 33 33 14
1 22 41 24 32 22 44 23 44 44 22 23 11 22 41 23 14 22 22 22 41 32 22 11 33 13 31 11 33 11
1 33 41 24 33 23 11 23 44 42 22 23 13 22 41 23 14 23 23 23 41 32 23 11 33 11 33 31 33 11
1 33 41 44 32 22 11 33 44 44 22 22 11 23 44 23 14 22 22 22 44 22 23 13 32 13 11 31 33 14
1 33 41 44 33 23 14 23 44 42 22 23 11 22 41 23 11 22 22 23 41 33 23 13 32 11 31 33 31 14
1 33 41 22 32 22 14 22 44 44 23 22 11 23 41 23 11 22 23 23 41 33 23 13 32 13 33 31 33 11
1 33 11 44 22 22 44 33 44 42 33 23 11 33 41 33 44 22 23 23 44 32 22 13 32 11 31 31 33 14
1 33 41 22 33 22 11 23 44 44 23 22 11 22 41 23 14 22 22 22 41 32 33 13 33 11 11 31 31 11
1 33 11 22 32 22 14 22 44 42 22 22 13 22 44 23 44 22 22 22 44 32 22 11 33 13 31 11 33 44
1 33 44 24 32 22 11 22 44 44 22 22 11 22 44 23 11 22 22 23 41 32 22 13 33 11 33 33 33 14
1 33 41 22 33 23 14 22 41 44 23 23 11 22 44 23 14 22 22 22 41 22 23 13 22 11 31 11 33 14
1 32 41 44 32 22 14 22 44 22 23 22 11 22 41 23 11 23 22 23 41 33 23 11 32 33 31 11 33 14
1 32 41 22 33 22 14 22 44 44 22 22 11 22 44 22 11 22 22 22 41 33 22 11 33 11 33 11 33 11
1 32 41 24 32 22 44 23 44 44 22 23 13 22 41 22 11 22 22 23 41 33 23 13 33 11 11 11 33 14
1 33 41 22 33 22 11 23 44 42 22 22 11 22 41 33 11 23 22 22 44 33 23 13 32 11 33 33 33 11
1 33 44 44 33 22 11 22 44 44 23 22 11 22 44 23 14 22 22 22 44 33 33 11 33 11 33 33 33 14
1 32 44 24 33 22 14 23 44 44 23 22 11 22 44 23 14 22 23 22 44 33 23 11 32 11 11 11 33 14
1 32 41 22 33 22 14 23 44 44 22 22 11 23 41 23 11 22 33 22 44 33 22 13 22 13 33 31 31 14
1 33 44 22 32 22 11 22 41 44 22 22 11 22 41 23 11 22 22 22 44 33 22 33 32 13 33 31 33 11
1 33 11 44 32 22 44 23 44 44 23 23 13 22 41 22 14 23 22 33 41 33 33 13 33 13 11 11 33 44
1 32 41 24 33 23 44 23 44 44 22 23 13 22 44 33 14 23 22 22 44 32 23 11 33 13 31 33 33 11
1 32 41 24 32 23 44 23 41 42 23 22 11 22 11 33 44 33 22 22 11 32 22 13 32 13 31 33 33 11
1 22 11 22 32 22 44 33 41 44 22 22 13 22 41 23 14 23 22 23 44 32 33 13 32 13 31 31 33 14
1 32 44 22 32 22 11 22 44 44 22 22 11 23 41 22 11 22 22 23 11 33 22 11 32 11 33 33 33 14
1 32 41 22 32 22 11 22 41 44 22 22 11 22 44 23 44 22 22 22 41 32 23 13 33 11 33 11 33 14
1 32 41 24 32 22 14 23 41 44 22 22 13 22 11 22 44 22 23 23 41 32 23 11 32 13 31 33 33 14
1 33 44 44 32 23 11 22 41 42 23 22 11 22 41 33 11 23 23 22 44 33 22 11 32 13 31 31 33 14
1 32 41 24 22 22 44 23 44 42 22 22 11 22 41 33 14 23 22 22 41 32 22 11 32 13 33 31 33 11
1 32 11 24 32 22 14 33 44 44 23 22 11 22 44 23 11 22 22 23 41 33 23 33 32 13 11 31 33 11
1 32 41 44 22 22 44 23 41 44 33 22 11 22 11 23 11 23 22 33 11 32 23 13 33 33 31 11 33 14
1 33 41 24 32 22 11 22 44 44 22 22 11 22 11 22 14 22 23 22 41 32 22 13 33 13 31 11 33 11
1 33 44 44 32 23 14 23 41 42 23 33 13 22 41 23 14 23 22 22 41 32 22 11 32 11 33 11 33 14
1 32 41 44 33 23 14 33 41 44 22 22 13 23 44 23 14 22 33 22 41 33 33 11 22 13 33 31 33 11
1 32 44 24 33 22 44 22 41 42 22 23 13 22 44 23 14 33 22 23 41 33 22 13 33 13 31 33 33 44
1 33 11 22 32 22 14 23 44 44 22 22 11 23 44 23 14 23 22 22 44 32 22 13 33 11 31 33 33 14
1 33 41 22 32 23 14 23 11 44 23 22 13 22 41 23 14 23 23 22 44 32 23 11 32 13 11 33 33 14
1 33 41 24 33 22 14 22 41 44 22 22 11 23 44 33 11 22 23 22 44 33 23 11 32 11 31 33 33 14
1 32 11 24 32 22 11 33 44 22 22 22 11 22 41 22 14 23 22 23 41 32 22 11 32 13 31 31 33 14
1 33 44 24 32 22 14 22 41 44 22 22 13 22 11 22 44 22 22 22 44 32 22 11 32 13 31 31 33 14
1 32 11 22 22 22 11 22 44 44 22 22 11 22 41 22 14 22 22 22 44 22 22 33 33 11 31 31 33 14
1 32 41 44 22 23 44 23 44 22 22 23 33 22 41 23 14 22 22 23 41 32 23 11 32 11 11 11 33 14
1 32 41 44 22 22 14 23 41 42 22 23 11 22 41 23 14 23 22 22 11 22 22 13 32 13 31 31 33 44
1 32 44 24 32 23 14 23 41 42 22 22 11 22 44 23 14 23 22 23 44 33 22 33 32 13 11 11 33 11
1 32 44 22 33 22 14 22 41 42 22 22 11 22 41 22 14 22 22 22 41 32 23 13 32 13 33 33 33 14
1 33 41 24 22 23 14 22 44 42 23 22 33 23 41 23 14 22 23 22 41 32 22 11 33 11 33 11 33 11
1 32 44 24 22 22 11 22 44 44 23 33 11 22 44 33 11 23 22 22 41 33 22 13 32 33 31 11 33 44
1 33 44 22 33 23 14 23 44 44 22 22 11 22 44 22 14 22 22 23 11 32 22 11 32 33 31 33 33 14
1 33 11 24 22 22 14 23 41 42 22 22 11 22 41 23 14 23 23 23 41 32 23 13 33 11 11 11 33 14
1 33 41 24 32 22 44 23 41 22 22 22 11 22 44 23 14 22 22 22 44 32 33 13 22 11 11 11 33 14
1 32 44 44 33 22 11 22 44 42 22 22 11 22 41 33 14 22 22 22 41 32 22 13 33 11 31 33 33 14
1 33 41 22 32 22 11 22 44 42 22 22 11 22 41 33 44 22 22 22 44 33 23 11 33 11 31 33 33 11
1 33 41 44 22 22 14 23 11 44 23 23 11 22 44 33 44 22 22 22 41 33 33 11 33 33 31 11 33 44
1 33 41 24 33 22 11 23 44 44 22 23 13 22 41 23 11 23 23 23 44 22 22 11 22 13 31 31 31 14
1 32 41 22 32 22 11 23 44 42 33 23 13 23 44 33 11 23 22 22 41 32 22 13 33 11 33 31 31 11
1 32 41 24 32 23 11 22 41 42 23 23 11 22 44 33 11 22 22 22 44 33 23 33 22 33 31 31 31 14
1 32 41 44 32 22 14 22 44 44 22 23 11 22 11 22 11 23 23 33 41 32 22 13 33 11 31 31 33 14
1 32 44 24 32 22 11 23 44 44 22 22 11 22 44 22 44 22 22 22 41 22 22 11 32 11 31 31 33 11
1 33 44 22 33 22 11 22 44 42 22 22 11 22 41 23 44 22 22 22 44 33 22 11 32 13 11 31 33 11
1 32 44 22 32 22 14 23 44 44 22 23 13 22 44 23 11 23 23 22 44 33 23 13 32 13 11 31 33 11
1 33 44 24 22 23 14 23 44 44 22 22 11 22 44 23 11 22 22 22 11 33 22 11 33 13 11 33 33 14
1 33 41 44 22 23 14 23 44 44 22 22 11 22 44 23 14 23 22 22 44 32 22 11 32 11 11 31 33 14
1 33 41 44 32 22 14 22 44 42 23 22 11 22 11 23 14 22 22 23 41 33 23 11 32 13 33 11 33 11
1 22 41 24 32 22 44 23 44 42 23 22 11 22 44 23 44 22 22 22 44 32 22 11 32 11 33 11 33 14
1 33 41 24 33 23 44 22 44 44 22 22 11 22 41 23 14 22 22 22 44 32 23 13 32 11 33 31 33 14
1 32 41 44 33 22 11 22 41 44 22 23 11 22 44 22 11 22 22 22 44 33 22 11 33 13 31 33 33 11
1 22 11 24 32 22 44 33 44 44 23 23 11 22 41 33 14 22 22 22 44 32 23 11 32 11 33 33 31 14
1 33 41 24 32 22 11 22 41 42 23 22 13 22 44 22 14 22 22 22 41 32 22 13 33 11 11 31 33 14
1 33 41 24 32 23 14 23 44 44 23 23 13 22 44 22 44 23 23 23 41 32 23 13 33 13 31 31 31 14
1 33 41 22 33 22 11 23 44 44 23 23 11 22 11 23 14 23 23 23 11 32 22 11 32 11 31 31 33 14
1 32 44 24 22 23 11 22 41 44 22 22 11 22 41 22 44 22 23 23 41 32 22 11 32 11 31 31 33 11
1 33 41 24 32 23 44 22 44 44 22 22 13 22 41 22 14 23 23 22 44 32 22 11 32 11 31 31 33 11
1 32 44 44 22 22 14 22 41 42 22 23 11 22 11 33 11 23 23 23 41 33 22 11 33 11 31 31 33 11
1 32 41 24 32 22 11 22 11 44 22 33 13 22 41 33 14 22 22 22 41 32 22 11 33 11 33 33 33 11
1 32 44 24 32 23 14 22 44 44 22 23 11 22 44 33 11 22 22 22 41 33 22 11 32 11 33 11 33 14
1 32 41 44 22 22 14 33 41 42 22 23 11 22 41 33 14 22 22 23 41 22 23 13 32 13 31 31 33 11
1 32 44 24 32 22 11 23 44 42 22 22 11 22 41 23 11 23 22 23 44 33 23 11 33 11 33 31 33 14
1 33 41 24 33 22 14 23 44 44 22 22 33 22 41 22 14 23 23 22 44 33 22 13 32 11 31 31 31 14
1 32 41 24 32 22 14 33 44 42 22 22 11 22 44 23 44 22 22 33 44 32 23 13 32 33 31 31 33 14
1 33 44 22 33 22 11 23 44 44 22 33 11 22 41 23 14 22 22 22 41 32 22 11 33 11 33 11 33 11
1 33 41 22 32 22 44 22 44 42 22 22 11 22 41 22 11 23 23 23 41 32 22 13 32 13 11 31 33 11
1 33 11 24 22 23 44 23 41 44 23 22 13 22 44 23 14 22 22 23 44 32 23 13 32 13 33 33 33 14
1 22 41 44 33 23 11 22 44 42 22 23 11 22 41 23 44 22 23 22 44 33 23 11 22 13 31 31 33 11
1 33 44 44 33 22 11 22 44 42 22 22 11 22 41 23 14 23 22 23 41 22 23 13 33 13 33 11 33 14
1 22 41 24 22 22 11 23 44 42 22 22 11 22 41 33 11 23 22 22 41 22 22 13 33 11 33 31 33 11
1 32 44 22 33 22 14 22 41 42 22 22 11 22 44 23 14 23 22 22 41 33 22 13 32 13 33 31 33 11
1 33 41 24 33 22 11 22 44 44 23 22 13 23 44 22 14 22 22 23 44 32 23 11 33 11 33 31 33 14
1 22 44 24 22 22 11 23 44 44 22 22 11 22 44 23 14 23 22 23 41 32 22 33 33 13 33 31 33 14
1 33 41 24 33 22 14 23 44 44 23 22 11 22 11 22 14 23 22 22 44 33 22 11 33 13 33 33 33 14
1 32 44 44 33 22 11 23 44 44 23 22 11 22 41 23 14 23 23 23 41 33 23 11 32 13 11 11 33 11
1 33 41 24 32 22 14 23 44 22 22 23 13 23 44 33 44 22 22 23 44 22 22 11 33 13 31 11 33 14
1 33 44 44 33 22 11 22 44 44 22 22 11 22 44 33 11 22 23 23 44 32 23 11 33 11 31 33 33 14
1 32 44 24 32 22 14 22 41 44 23 22 13 23 44 23 44 23 22 22 11 32 22 11 33 33 31 31 33 14
1 32 44 44 32 22 44 33 44 42 22 22 11 22 41 33 14 23 22 23 41 32 22 13 33 13 11 11 33 14
1 33 11 22 22 22 14 33 41 44 23 22 11 23 41 23 14 22 22 22 44 32 33 11 22 13 31 31 31 14
1 33 44 22 32 22 14 22 44 42 22 22 11 22 44 23 11 22 22 22 44 33 22 11 33 11 33 33 33 11
1 33 44 24 32 22 11 23 44 42 22 23 11 22 44 23 44 22 22 22 44 32 22 13 33 13 11 33 31 11
1 32 44 22 32 23 11 23 44 44 23 23 11 23 44 23 14 22 22 23 44 32 23 13 32 13 31 33 31 14
1 32 41 24 32 22 14 23 41 44 22 23 11 22 44 22 14 22 22 22 41 32 23 13 32 13 33 33 33 14
1 33 41 24 22 23 11 22 41 42 22 22 13 23 11 22 44 23 23 23 41 33 23 11 33 13 31 33 33 44
1 22 41 22 22 22 11 22 44 42 23 33 11 23 44 33 11 33 23 23 41 32 23 13 33 11 31 31 33 11
1 33 41 22 33 22 11 23 44 44 22 22 11 22 41 22 14 23 22 23 41 32 22 13 33 13 31 31 33 11
1 33 41 22 22 22 14 22 44 44 23 23 33 22 44 33 14 22 22 23 44 33 22 13 33 11 33 33 33 14
1 32 11 22 32 22 44 22 11 44 23 33 13 23 11 23 14 22 33 23 41 33 22 11 22 13 11 31 33 14
1 32 41 24 22 23 11 33 44 44 22 23 33 22 44 23 14 22 22 22 11 32 23 11 32 13 31 31 33 11
1 32 41 44 22 23 14 22 44 44 22 23 11 22 41 23 44 22 23 23 41 33 23 13 22 33 33 31 33 14
1 32 44 44 22 23 11 23 41 44 23 23 11 23 11 23 44 22 22 22 41 32 23 11 33 13 31 11 33 44
1 32 41 44 32 22 11 22 44 42 22 22 11 23 11 22 14 22 23 22 41 33 23 11 32 11 31 33 31 11
1 33 41 44 32 23 14 33 41 44 23 23 11 22 41 22 44 23 23 22 41 32 22 13 32 33 31 31 33 11
1 33 44 22 33 22 14 22 44 44 23 23 13 22 41 22 14 22 22 22 41 33 22 11 33 11 31 31 31 14
1 32 44 22 32 22 14 22 44 44 22 23 13 22 44 23 14 22 22 23 44 22 22 13 32 11 11 31 33 14
1 32 11 22 22 22 44 23 41 42 22 22 33 22 44 33 14 22 23 22 41 33 23 13 33 13 33 31 33 44
1 32 41 44 22 23 14 33 41 42 23 22 11 22 41 23 14 22 22 23 41 22 22 13 33 11 31 31 33 14
1 32 41 22 32 22 14 22 41 44 23 22 11 23 44 33 11 22 23 22 11 32 23 13 32 13 31 33 33 14
1 33 41 44 32 23 14 33 41 44 22 23 11 22 44 22 44 22 22 22 11 32 23 13 32 13 31 31 33 14
1 33 41 44 22 22 11 23 41 42 23 22 11 22 44 22 11 23 22 22 44 33 23 13 33 11 11 31 33 44
1 33 41 22 22 22 14 23 44 44 22 22 11 23 44 22 11 33 33 22 41 33 22 13 32 13 11 33 33 14
1 32 44 24 32 22 11 22 44 44 33 23 11 22 44 23 44 23 23 23 11 22 23 11 33 13 33 33 33 14
1 32 11 24 32 22 11 33 44 42 22 22 11 22 41 22 14 22 22 22 44 32 22 11 22 13 33 31 33 14
1 32 41 24 33 22 14 23 44 42 23 33 11 22 41 23 14 22 22 22 44 32 23 11 33 13 33 11 33 14
1 33 11 24 33 22 11 23 44 42 22 23 11 22 44 23 11 23 23 23 41 33 22 13 33 11 31 31 33 44
1 33 41 24 33 22 14 23 44 44 23 22 11 22 41 23 44 22 22 22 41 32 22 11 32 13 31 33 33 11
1 33 11 44 33 22 11 23 41 42 22 22 13 23 41 22 14 23 23 22 11 33 23 13 32 33 31 31 33 44
1 32 11 22 33 22 11 22 44 44 23 22 11 23 44 23 44 23 22 22 11 33 22 11 33 13 31 33 33 14
1 33 41 24 32 33 44 33 41 44 33 22 11 33 11 33 44 23 22 33 41 32 22 13 32 13 31 31 31 14
1 33 41 44 32 22 14 22 44 42 23 23 11 22 44 22 14 23 22 22 44 33 22 13 32 11 31 11 33 11
1 33 44 24 22 23 11 22 41 42 22 22 13 22 41 33 44 23 23 23 44 33 23 11 33 13 31 31 33 14
1 33 44 22 32 22 14 22 44 44 23 23 11 22 44 33 11 23 22 22 44 32 22 11 32 11 31 31 31 14
1 32 44 22 32 22 11 23 11 22 23 22 11 22 44 33 14 23 23 33 44 32 22 11 32 11 31 31 33 11
1 22 41 24 22 22 44 23 44 42 23 33 11 22 41 33 44 23 23 23 41 33 23 11 33 11 11 11 33 14
1 32 44 24 32 23 11 23 41 44 22 33 11 22 44 22 14 22 22 22 41 32 23 33 22 11 31 31 33 11
1 32 11 24 22 23 14 23 44 42 23 22 11 23 44 23 14 22 22 23 44 22 22 11 32 13 31 33 33 14
1 22 41 44 22 33 14 23 44 42 22 23 11 22 44 22 11 22 22 23 44 22 22 13 33 33 31 11 33 14
1 32 41 24 32 22 14 22 44 44 22 22 11 22 44 33 14 23 22 23 11 33 23 11 32 13 11 31 33 14
1 32 11 24 22 22 14 22 44 44 22 23 13 23 41 33 14 22 23 23 41 33 22 33 33 13 11 11 31 11
1 32 11 44 33 22 11 23 44 44 23 22 11 22 44 33 14 22 22 22 44 32 23 13 32 11 33 33 33 14
1 33 44 22 32 22 14 22 41 44 22 22 13 22 44 23 14 23 22 23 41 22 23 13 33 13 31 33 33 11
1 32 44 24 33 22 11 33 44 44 22 22 11 22 41 22 11 22 22 22 44 33 23 11 33 13 31 31 33 14
1 33 44 22 22 23 44 23 44 42 33 22 13 22 41 23 14 22 22 22 44 32 22 13 22 11 33 31 11 14
1 32 41 44 32 23 14 33 11 44 23 22 11 23 44 33 44 33 23 33 11 32 23 13 32 13 11 31 31 11
1 33 41 24 32 22 14 22 44 44 22 22 11 22 44 22 14 22 22 22 41 32 22 13 33 11 33 31 33 11
1 22 41 44 32 22 14 33 44 42 22 23 11 23 41 33 44 22 23 22 41 33 23 11 33 13 31 33 33 14
1 32 41 44 32 22 14 33 44 42 22 23 11 22 44 23 14 22 22 22 41 32 33 11 32 13 31 31 33 11
1 33 11 24 22 22 14 23 11 42 23 22 11 23 41 33 44 23 23 23 11 32 23 13 32 13 33 11 31 14
1 22 41 22 32 22 14 23 41 44 22 22 11 22 41 33 11 33 33 22 11 33 23 11 33 33 31 33 33 11
1 32 41 44 32 22 44 23 41 44 22 23 11 22 41 22 14 22 22 22 11 32 22 33 32 13 33 31 31 14
1 33 41 24 32 33 11 23 44 22 22 22 11 22 44 22 14 22 22 33 41 32 22 11 33 13 33 31 33 14
1 32 44 24 32 22 11 23 44 42 22 23 11 22 44 33 11 22 23 23 44 32 23 11 33 33 31 31 33 14
1 32 44 24 33 22 14 22 41 44 22 23 13 22 41 22 14 23 22 22 44 33 22 11 33 11 31 31 33 11
1 33 41 24 32 22 14 22 44 44 22 22 13 22 41 23 44 22 22 22 41 33 22 11 33 11 31 11 33 14
1 33 41 24 33 22 11 23 44 44 22 23 11 22 41 23 14 22 22 22 44 33 22 11 33 11 31 31 33 44
1 32 41 44 33 22 14 22 41 44 22 22 13 23 41 23 11 23 23 23 41 32 23 11 32 13 31 33 33 44
1 33 41 22 33 22 11 22 44 44 22 22 11 22 44 23 14 23 22 22 44 32 22 11 33 11 33 31 33 14
1 32 11 24 32 22 11 22 44 44 23 22 11 23 44 23 44 22 22 23 41 32 23 11 32 11 33 33 33 11
1 32 41 22 22 22 11 23 44 22 22 23 11 22 41 23 11 23 23 22 41 33 23 33 32 13 33 31 33 14
1 32 41 24 33 22 11 23 44 44 23 22 11 22 41 22 11 22 22 22 44 33 22 11 32 13 33 33 33 11
1 33 41 24 32 22 11 22 44 44 22 23 11 23 11 22 11 22 22 23 41 32 23 13 33 11 33 31 33 14
1 33 41 24 33 22 14 22 44 44 22 23 13 22 44 33 14 22 22 22 41 33 22 11 33 11 11 31 33 14
1 32 41 24 22 22 14 23 41 44 22 22 11 22 41 23 14 22 22 23 41 22 33 11 32 33 31 11 31 14
1 33 41 22 32 22 14 22 41 42 22 22 11 22 41 33 11 23 33 22 11 33 23 11 33 13 33 11 33 14
1 32 11 44 32 22 14 23 44 44 23 33 13 22 41 33 14 23 23 23 44 32 22 13 22 13 11 11 33 14
1 22 41 44 33 23 44 23 44 44 22 22 13 22 44 22 14 22 22 23 44 22 23 11 33 11 31 31 33 14
1 32 11 24 32 23 11 23 11 44 22 23 11 22 41 23 44 22 23 23 41 22 33 13 33 11 31 33 33 14
1 22 11 24 32 22 14 33 41 22 23 22 11 23 41 23 14 22 22 22 41 32 22 11 33 33 31 33 31 14
1 32 41 24 33 22 14 23 44 44 22 33 11 22 44 33 14 22 22 23 11 33 23 11 33 13 11 31 31 14
1 22 41 24 32 22 14 22 41 44 22 22 11 22 11 22 14 23 22 22 44 22 22 11 32 11 31 31 33 11
1 33 11 24 22 23 14 22 44 42 22 22 13 22 44 22 14 22 22 23 41 33 23 11 33 11 31 31 33 14
1 22 11 44 22 23 14 33 41 44 22 22 11 22 41 33 44 23 22 23 44 33 23 11 33 11 31 31 31 14
1 33 44 24 33 23 44 23 41 42 22 33 13 23 41 33 44 23 23 23 44 32 23 33 32 13 33 11 33 11
1 33 11 44 32 22 14 33 41 44 22 22 13 23 41 23 14 23 22 33 44 32 23 13 22 11 33 11 31 44
1 33 11 24 32 22 11 22 41 44 23 23 11 23 41 22 11 22 22 22 11 22 23 11 33 11 31 11 31 11
1 33 44 44 32 22 14 22 41 44 22 22 11 22 44 23 14 22 22 22 44 33 23 11 22 11 31 11 31 11
1 33 44 22 32 22 44 33 41 42 22 22 11 22 44 23 11 22 22 22 11 33 22 13 22 11 33 31 33 14
1 32 41 22 33 22 14 22 44 42 22 22 13 22 41 22 44 22 22 23 41 33 22 13 32 33 11 31 33 11
1 33 44 24 33 23 11 22 41 44 22 22 11 22 44 23 14 23 22 23 44 33 22 11 33 11 31 33 33 11
1 32 41 44 32 22 14 22 44 44 22 23 13 22 44 23 14 23 23 22 44 22 22 13 32 13 33 31 31 14
1 32 44 22 32 22 14 23 41 44 22 22 13 22 41 22 14 22 23 23 41 33 22 11 32 33 31 11 33 11
1 22 41 24 32 23 11 23 44 42 23 23 11 22 41 23 14 22 22 22 44 32 23 11 33 33 33 31 33 14
1 32 41 22 32 23 14 22 41 42 22 22 13 23 44 23 14 23 23 22 41 32 33 11 32 33 33 11 33 11
1 33 41 44 32 22 44 22 44 44 22 22 11 22 41 23 14 22 23 22 44 33 23 13 22 13 31 33 31 11
1 33 41 22 33 22 11 23 41 44 23 22 13 22 41 23 44 22 23 23 44 22 22 13 22 13 33 31 33 44
1 33 41 24 32 22 11 23 41 44 22 23 11 22 41 22 44 22 23 22 44 32 22 11 33 11 33 33 33 44
1 32 44 22 32 22 14 22 44 42 23 22 11 22 41 23 14 23 22 22 44 32 22 11 33 13 33 31 33 44
1 32 41 44 32 22 14 23 44 44 22 22 11 22 44 22 11 22 22 23 41 32 22 11 33 11 33 11 33 14
1 32 41 44 33 22 11 22 44 44 22 22 11 22 44 23 11 23 22 23 41 33 23 11 33 11 33 11 33 11
1 32 41 22 33 23 14 23 41 42 33 22 11 23 44 33 14 22 22 23 11 32 23 13 32 13 11 31 31 14
1 33 11 22 33 23 11 22 44 44 22 22 11 22 44 23 44 22 22 22 44 33 23 11 33 11 33 33 33 14
1 33 44 22 33 22 11 23 41 44 22 22 11 22 44 22 11 22 22 22 41 33 22 13 32 13 33 33 33 11
1 32 11 24 33 23 14 23 44 44 22 22 11 22 44 23 11 22 22 22 44 32 22 11 33 13 33 31 33 14
1 33 41 24 32 22 14 22 44 44 22 23 11 22 44 23 14 22 22 22 44 32 23 13 33 11 33 31 33 11
1 32 44 24 33 23 11 23 44 44 22 23 13 22 41 23 44 22 23 22 44 32 22 13 32 33 33 11 33 11
1 33 11 24 33 22 14 22 44 44 22 22 11 22 44 23 14 23 22 22 44 32 23 11 32 13 31 11 33 14
1 32 11 24 33 22 11 33 44 44 22 22 11 22 41 22 11 22 22 23 44 33 23 13 22 13 33 33 33 11
1 33 41 24 32 22 11 22 11 22 22 23 11 22 41 33 14 23 23 23 11 32 22 13 33 13 33 33 33 14
1 32 44 22 22 23 14 23 44 44 23 23 13 22 44 23 11 22 22 22 44 33 22 11 33 13 33 31 33 11
1 32 11 44 22 22 11 22 44 22 22 22 11 22 44 22 44 23 22 22 44 32 22 13 32 33 31 31 33 14
1 33 44 22 33 22 11 23 41 44 23 22 11 22 44 22 44 22 23 22 41 32 22 11 33 11 31 33 31 11
1 32 41 24 32 22 14 22 44 44 33 23 11 23 44 23 11 22 33 22 44 33 22 11 33 13 33 31 33 11
1 32 44 24 32 22 44 23 41 44 23 22 11 22 44 23 11 22 22 22 44 32 22 11 32 11 31 11 31 44
1 33 41 44 33 33 11 33 41 42 22 23 11 22 44 23 11 22 22 22 41 33 23 11 33 13 33 11 33 14
1 32 41 44 32 23 11 22 44 44 33 22 11 23 41 23 11 22 23 22 41 33 22 33 32 13 11 33 33 14
1 33 41 22 33 23 11 22 41 44 22 22 11 22 44 22 44 22 22 22 41 33 22 11 32 11 31 31 33 11
