 rs2222257 rs1850750 rs10907311 rs17437569 rs1568339 rs1568340 rs12136062 rs6677903 rs16861969 rs2946523 rs3007722 rs2946524 rs2946526 rs12408368 rs3007723 rs2946532 rs2946534 rs2992746 rs2184708 rs4920497 rs10907312
0 11 33 33 22 33 22 41 22 44 32 22 41 13 33 44 11 22 11 44 11 14
0 14 33 33 22 31 23 41 22 41 33 22 41 11 33 44 14 22 14 11 14 11
0 11 32 32 33 33 22 41 22 41 32 23 44 11 33 41 11 24 14 44 14 14
0 14 33 22 23 33 22 41 22 41 32 22 44 11 32 44 11 22 11 41 44 11
0 14 32 32 33 33 23 41 22 11 22 23 44 11 32 41 11 22 11 41 14 14
0 11 33 32 23 33 22 11 23 44 33 22 44 11 32 41 11 24 14 11 14 14
0 14 33 22 23 33 33 41 22 41 32 23 41 11 33 44 14 22 14 41 14 14
0 11 32 22 23 33 23 44 22 41 22 23 41 11 32 44 11 24 44 41 11 11
0 11 33 32 22 31 23 41 22 41 22 22 44 11 32 44 11 22 11 41 11 14
0 11 33 32 22 33 23 11 22 41 33 22 44 11 33 41 11 22 14 41 11 14
0 11 33 32 22 33 22 41 22 44 33 23 44 11 33 44 14 22 14 41 11 11
0 14 33 32 23 33 23 41 22 41 32 23 44 11 32 44 11 22 14 44 44 11
0 14 33 22 23 33 22 44 22 41 32 22 41 11 33 41 11 22 44 11 44 11
0 14 33 33 22 31 22 44 22 44 33 22 44 11 33 44 11 24 44 44 14 11
0 14 32 32 23 33 23 41 23 44 32 33 44 11 32 41 14 22 14 41 14 14
0 11 33 22 23 31 22 41 22 44 32 22 41 11 33 44 11 22 11 41 11 14
0 14 32 33 23 33 23 41 22 41 32 22 41 11 32 44 11 22 11 44 44 11
0 14 33 32 23 33 22 41 23 41 33 23 44 11 32 44 11 22 14 44 11 44
0 14 33 33 22 33 23 11 22 41 32 23 44 13 32 41 11 24 11 11 11 14
0 11 33 33 22 33 23 44 22 44 32 22 44 11 33 44 11 22 14 41 11 14
0 14 33 32 33 33 23 11 22 44 32 23 44 13 33 44 11 24 14 41 11 44
0 11 33 32 22 11 23 44 22 44 32 22 44 11 33 44 11 24 14 41 11 11
0 11 32 32 23 31 23 41 22 41 33 22 44 11 32 41 11 24 44 41 44 14
0 44 33 33 22 31 22 41 22 44 32 22 44 11 33 11 11 22 14 44 11 14
0 11 33 22 23 31 23 44 33 11 32 23 44 11 33 44 11 22 14 44 14 44
0 14 33 32 23 31 33 44 23 41 22 22 44 13 33 44 11 24 14 41 14 11
0 11 32 22 33 33 22 44 23 41 33 23 44 11 33 44 11 22 11 11 14 44
0 11 33 32 23 33 23 44 22 11 33 23 44 11 33 44 11 22 14 41 11 14
0 11 32 33 23 33 23 44 22 44 32 22 44 11 33 44 11 44 11 11 11 14
0 14 32 32 23 33 22 41 22 44 33 22 11 11 33 44 14 22 14 41 14 14
0 14 33 32 23 33 22 41 22 44 33 23 41 11 33 41 14 24 14 44 44 11
0 11 33 32 22 33 23 44 23 41 32 23 44 11 32 44 11 24 14 44 14 14
0 44 33 32 23 31 33 11 23 41 33 22 44 11 33 44 14 22 44 44 14 44
0 11 33 32 22 31 22 11 22 11 33 23 41 13 33 41 14 24 44 11 14 11
0 14 33 33 22 33 23 44 22 44 32 23 41 11 32 41 11 24 14 41 14 14
0 11 33 22 23 31 33 11 23 41 32 23 44 13 32 44 11 22 11 44 44 11
0 11 33 32 33 31 23 44 22 41 32 33 44 11 33 44 11 24 11 44 14 14
0 14 33 32 23 33 23 41 23 11 22 22 44 11 33 44 11 24 14 41 11 11
0 14 32 32 23 31 22 44 22 44 22 23 44 11 33 44 11 22 14 44 14 11
0 11 32 32 22 33 23 11 22 11 32 22 41 11 32 44 11 22 44 44 11 11
0 14 33 32 22 31 23 41 22 44 32 22 41 11 32 41 11 22 11 44 11 11
0 14 33 32 22 31 22 41 22 44 33 23 44 11 33 41 11 44 11 41 11 14
0 14 32 22 23 31 23 41 22 41 33 23 44 11 32 44 44 22 14 41 14 14
0 11 32 22 33 33 23 41 22 44 32 33 41 11 33 41 14 22 44 41 11 11
0 11 32 33 33 11 23 11 22 44 32 23 41 11 33 41 14 22 11 41 14 14
0 44 32 32 23 31 22 41 22 44 32 23 44 11 33 44 11 22 14 44 14 44
0 14 33 33 23 33 23 44 23 44 33 22 41 11 32 44 11 22 11 41 11 44
0 11 33 33 23 33 23 44 23 41 32 22 44 11 33 41 11 44 14 41 11 14
0 14 32 32 33 31 22 41 23 44 22 23 41 13 32 41 11 24 14 41 11 14
0 14 33 32 23 33 33 41 22 41 32 23 41 11 33 44 11 22 11 44 11 11
0 14 32 32 22 31 23 44 23 44 22 22 41 11 33 44 14 22 11 44 11 14
0 14 33 22 23 33 22 41 22 41 32 22 44 13 33 44 11 24 11 41 11 14
0 11 32 22 23 11 22 11 22 44 33 22 11 11 22 41 14 44 14 11 14 14
0 11 33 32 23 31 22 11 23 44 33 23 44 11 32 44 11 22 11 41 11 11
0 11 33 33 22 31 33 44 22 41 32 22 41 11 33 44 11 24 14 41 14 14
0 11 33 32 23 33 22 11 23 41 22 22 41 11 33 44 11 24 14 44 11 11
0 14 33 32 22 33 33 41 22 44 32 33 41 11 33 44 11 24 11 44 14 14
0 11 32 22 22 31 23 41 22 44 22 23 44 13 32 41 14 24 14 44 14 11
0 14 33 32 23 33 23 41 22 41 32 22 44 11 33 44 11 24 11 41 14 14
0 11 33 32 22 33 22 41 23 41 22 23 41 11 33 41 11 22 14 44 11 44
0 11 33 33 22 33 23 41 22 44 33 23 44 11 32 41 14 22 14 44 14 14
0 14 33 33 23 33 22 44 22 11 22 22 41 11 32 44 11 22 44 41 11 11
0 14 32 32 23 31 23 44 22 11 32 23 44 13 32 44 11 22 44 41 11 11
0 44 33 32 23 31 23 41 22 44 33 23 11 11 22 44 11 24 44 11 11 14
0 11 33 32 22 33 22 44 22 44 33 22 44 11 33 44 44 22 14 44 11 11
0 11 33 32 22 33 23 44 22 44 32 22 11 11 32 44 11 24 14 44 11 14
0 14 33 33 22 33 23 44 22 41 32 23 41 11 33 41 14 24 14 44 44 11
0 11 33 33 22 31 22 44 23 44 33 23 44 33 33 44 14 22 14 44 11 14
0 14 22 32 22 33 33 41 22 11 32 23 44 11 33 44 11 22 44 41 14 11
0 14 33 32 23 33 22 44 23 44 32 23 41 13 33 44 11 22 14 11 11 44
0 14 32 32 22 31 22 41 22 11 32 23 11 11 33 41 14 44 14 11 11 14
0 11 33 32 23 31 22 41 23 41 33 22 44 11 33 44 44 24 44 11 14 11
0 11 32 22 22 33 23 11 22 41 32 22 41 11 33 44 11 22 11 41 14 11
0 11 32 22 22 33 23 11 22 44 33 23 44 11 33 44 11 22 14 44 44 44
0 11 33 22 23 33 23 11 22 41 33 22 41 11 33 44 44 22 44 41 11 14
0 11 33 32 22 31 33 44 23 41 33 23 44 11 32 44 11 24 11 44 14 14
0 14 33 33 33 31 23 11 22 41 32 22 44 13 32 44 14 22 14 41 14 11
0 11 33 22 22 33 23 44 23 41 33 22 44 11 32 11 14 22 44 41 11 11
0 44 33 22 23 33 33 44 22 41 33 23 44 13 32 41 11 22 44 44 11 14
0 14 32 22 22 31 33 44 22 41 32 22 41 11 33 44 11 24 11 11 11 14
0 14 32 32 33 33 33 41 22 44 32 23 41 11 32 41 14 22 11 44 11 11
0 14 33 32 33 33 22 44 22 44 32 22 41 11 32 44 11 22 14 41 14 14
0 11 32 32 22 31 23 44 22 41 22 23 44 11 22 44 14 22 14 41 11 14
0 14 33 33 22 33 33 11 22 44 32 23 41 13 33 44 11 24 14 41 11 44
0 14 33 22 23 33 33 41 23 44 32 22 44 13 22 44 11 24 44 44 14 44
0 11 33 22 23 31 23 41 22 41 32 23 44 11 32 44 11 22 14 41 14 14
0 11 33 33 23 33 22 44 22 44 33 23 41 11 33 44 14 22 11 44 11 11
0 11 33 33 23 33 23 11 22 44 32 23 44 13 32 44 11 22 11 44 14 44
0 11 33 32 23 33 33 41 22 44 32 22 41 11 32 44 11 22 11 41 11 44
0 11 33 22 33 33 22 41 23 44 32 22 41 11 22 41 11 24 11 44 11 44
0 14 33 32 23 33 33 41 22 44 32 23 44 11 33 44 11 22 14 11 11 14
0 11 32 33 22 33 22 44 22 41 22 22 44 13 22 44 14 22 44 44 44 14
0 14 33 33 22 33 22 44 22 44 33 22 41 13 33 44 44 24 11 44 14 44
0 14 33 33 23 11 22 41 22 44 22 22 41 11 22 41 11 24 44 11 14 14
0 11 33 22 33 31 22 41 22 41 32 23 44 11 33 44 14 22 14 41 11 14
0 14 33 32 23 33 22 41 23 11 32 23 44 13 32 11 11 22 14 44 11 44
0 14 33 32 33 33 23 41 23 41 32 23 41 11 32 44 11 22 11 44 11 11
0 14 32 32 33 31 33 44 22 41 32 22 41 11 33 41 14 22 11 41 11 14
0 14 33 32 23 33 23 44 22 41 32 22 44 11 33 44 11 24 44 44 14 11
0 14 33 32 23 33 22 41 22 41 22 22 44 11 33 44 11 44 14 41 11 11
0 11 33 22 33 31 22 44 22 41 32 33 44 33 33 41 14 22 11 41 11 14
0 14 33 32 23 33 22 11 22 41 32 22 44 11 33 44 14 24 11 41 11 11
0 14 33 33 22 33 22 41 22 44 32 23 44 11 33 44 11 22 14 44 11 14
0 11 33 33 22 33 23 44 22 44 32 22 44 11 32 41 11 22 14 41 11 11
0 44 32 32 23 33 22 41 23 44 33 23 41 11 33 41 11 22 44 44 14 14
0 11 33 22 22 33 22 41 22 44 22 22 44 13 33 44 11 22 11 44 11 44
0 14 33 33 23 31 23 11 22 11 32 23 44 13 33 44 11 22 44 41 14 11
0 44 33 32 22 33 23 11 22 44 22 22 44 11 32 41 11 22 14 41 44 11
0 11 33 32 22 31 22 41 22 44 22 23 44 13 33 44 14 24 14 41 14 11
0 11 33 32 22 33 22 11 22 41 22 22 41 11 33 41 11 44 14 41 44 14
0 14 33 22 33 31 23 44 23 11 22 22 11 11 32 41 11 22 11 41 14 11
0 14 33 22 22 33 23 41 22 44 33 22 44 11 32 41 11 22 44 11 11 14
0 11 32 32 22 33 23 44 22 11 32 23 44 11 33 44 11 22 14 41 11 14
0 11 33 22 23 31 23 11 22 41 22 33 44 11 33 44 14 22 11 44 14 14
0 11 32 22 33 31 23 44 23 44 32 23 44 11 32 44 14 22 14 41 11 14
0 11 33 32 22 33 23 41 22 44 33 22 44 11 22 44 11 22 14 41 14 14
0 14 33 32 33 33 33 41 22 41 22 23 41 11 33 44 14 24 11 41 11 11
0 44 33 22 22 33 22 44 23 11 32 22 41 11 22 44 14 22 14 41 44 11
0 14 32 32 22 11 22 44 23 41 32 23 41 11 33 41 11 24 44 41 14 14
0 14 32 22 33 33 23 41 23 41 32 22 44 11 32 41 11 22 14 11 14 14
0 14 33 22 22 33 23 41 22 41 33 22 41 11 32 41 11 24 44 41 11 44
0 14 32 32 22 33 22 44 22 44 32 23 41 11 32 44 11 24 14 41 44 14
0 14 33 32 23 33 23 44 23 44 32 22 41 11 33 44 14 22 44 44 11 14
0 14 33 33 23 31 23 44 23 41 33 33 41 11 32 44 11 22 11 44 14 11
0 14 33 32 23 33 23 41 22 41 33 22 44 11 32 44 44 24 14 44 14 44
0 11 33 33 22 31 33 44 22 44 32 23 44 13 33 44 14 24 11 41 11 14
0 11 33 32 33 31 23 41 22 44 32 23 44 13 32 44 14 24 11 41 11 14
0 14 33 22 33 31 22 44 22 41 32 22 41 13 33 44 11 22 11 44 11 14
0 14 33 32 22 33 23 44 22 11 22 22 44 11 22 41 11 24 14 11 11 14
0 11 33 22 33 11 33 44 22 44 32 23 41 13 33 44 14 22 14 11 11 11
0 11 33 32 33 31 23 41 33 11 32 22 44 13 33 41 11 24 14 41 11 14
0 11 22 32 22 31 22 41 23 44 32 23 44 11 32 44 11 22 11 41 11 11
0 14 33 22 22 33 23 44 23 11 32 22 41 13 32 44 14 24 11 44 11 14
0 11 33 33 22 33 23 41 22 44 32 22 44 11 32 44 14 24 44 41 11 14
0 11 33 32 22 33 33 41 22 11 32 22 44 11 33 41 11 24 11 44 11 11
0 14 32 22 23 33 22 44 23 41 33 23 11 11 33 44 11 22 14 11 14 11
0 44 32 32 22 11 22 41 23 11 22 33 44 11 33 41 11 22 14 41 14 11
0 11 33 32 33 33 22 41 22 41 22 23 41 13 33 41 11 22 11 44 11 11
0 44 33 32 33 33 23 44 23 41 32 22 44 11 32 44 14 24 44 41 11 14
0 14 33 22 23 33 33 41 22 41 33 23 44 11 32 41 11 24 11 11 14 14
0 11 33 32 23 33 22 44 23 41 33 22 41 11 33 44 11 22 44 44 14 44
0 14 33 22 23 31 23 41 23 41 32 22 44 11 32 44 11 24 14 11 11 14
0 11 33 33 33 33 23 41 23 44 32 22 44 11 33 44 11 24 14 41 11 14
0 14 33 22 23 31 23 44 22 44 33 23 41 11 33 44 11 22 11 41 14 14
0 11 32 22 23 31 22 44 22 11 32 23 41 11 33 44 11 22 14 11 14 14
0 14 33 32 22 33 23 41 22 44 32 22 41 11 33 44 14 22 44 41 11 14
0 11 33 32 23 33 23 41 22 41 33 22 44 11 33 41 14 24 11 11 44 11
0 11 32 32 33 31 22 44 23 44 32 23 41 11 33 44 11 22 11 41 11 14
0 11 33 22 22 33 23 41 22 44 33 22 41 11 33 44 11 22 11 44 14 14
0 14 33 33 23 33 22 41 23 11 32 23 44 13 22 41 11 24 14 41 14 14
0 11 33 33 33 11 23 44 23 41 32 23 44 33 32 41 11 22 11 41 11 44
0 11 33 32 22 31 23 44 22 41 32 22 41 11 33 41 14 44 14 44 14 11
0 14 33 22 22 33 23 41 22 41 32 33 44 11 32 44 14 22 44 41 11 14
0 11 32 32 22 33 23 44 22 41 32 23 41 11 32 41 14 22 14 41 11 11
0 14 32 33 22 33 23 41 23 41 22 23 44 11 32 44 11 24 11 41 14 11
0 11 33 22 33 31 23 44 22 44 32 22 11 13 33 44 14 22 11 44 14 14
0 11 33 33 22 33 23 41 23 41 33 33 41 11 32 44 11 22 14 11 11 11
0 11 33 33 23 33 23 41 22 44 33 22 44 11 33 44 14 22 14 41 14 11
0 14 33 32 23 33 22 44 22 44 32 22 44 11 32 44 11 22 11 41 11 11
0 14 33 32 23 31 23 11 22 11 32 33 11 11 33 44 11 22 14 44 11 14
0 14 32 32 22 11 22 44 22 11 32 23 11 11 33 44 14 24 44 41 11 11
0 11 33 32 23 31 23 41 22 44 33 22 41 11 33 44 11 22 14 41 11 14
0 11 33 32 22 33 22 44 33 41 33 23 11 13 33 41 11 22 11 44 14 14
0 14 33 22 22 33 23 44 23 44 22 23 44 11 33 44 11 24 14 44 11 11
0 11 33 32 22 33 33 41 22 44 33 22 44 11 33 44 11 22 44 41 14 14
0 14 33 33 23 11 23 41 22 41 32 33 44 11 33 41 14 24 44 44 11 14
0 11 33 22 23 11 33 41 22 44 32 22 44 13 32 41 14 22 14 44 11 11
0 14 32 32 33 31 33 41 23 41 32 23 41 13 32 44 14 24 14 41 11 14
0 11 22 22 23 33 22 44 22 44 32 22 44 11 32 44 11 22 14 41 14 44
0 11 33 32 23 31 23 44 23 44 22 23 41 11 33 11 11 24 14 44 11 14
0 11 32 33 33 31 23 11 23 44 32 22 41 11 32 44 11 24 14 41 11 14
0 11 33 22 22 33 23 44 22 41 22 33 44 11 32 44 11 22 14 44 14 14
0 14 33 33 23 33 22 41 22 41 33 22 44 11 32 41 11 24 14 44 11 14
0 11 33 32 22 31 23 41 22 41 22 23 44 11 33 41 11 22 14 41 11 44
0 44 33 32 22 33 33 11 22 41 22 23 41 11 32 44 11 22 14 44 14 14
0 11 32 32 23 33 23 44 23 11 33 23 41 11 32 44 14 24 14 44 14 14
0 14 33 33 22 31 22 44 22 44 22 22 41 11 32 41 11 22 11 41 14 11
0 44 33 32 23 33 33 41 22 41 33 22 44 11 33 44 11 22 14 41 11 11
0 14 33 33 22 31 23 41 23 41 32 33 41 11 33 44 14 22 11 11 14 11
0 11 33 33 22 33 33 44 22 41 32 22 41 11 33 41 14 22 11 44 11 11
0 14 22 33 23 31 23 44 23 44 22 23 41 11 22 44 11 22 11 44 14 14
0 11 32 32 22 31 22 44 22 41 22 23 44 13 33 41 11 22 14 44 11 11
0 44 33 33 23 33 22 11 23 11 32 23 41 13 33 44 14 22 14 11 11 14
0 11 32 22 23 31 22 44 23 41 33 23 44 13 33 11 11 22 44 41 11 44
0 11 33 22 23 33 23 41 22 44 33 22 41 11 22 44 11 22 44 44 11 14
0 14 33 32 22 31 23 44 23 44 33 23 44 11 33 44 14 22 11 44 14 14
0 11 32 32 33 33 22 44 33 44 33 22 44 11 33 44 14 22 11 41 11 44
0 11 32 32 23 31 22 41 22 44 22 22 41 13 33 44 14 24 14 44 14 11
0 11 33 32 22 33 23 41 22 41 32 23 41 13 32 44 11 22 11 41 14 11
0 14 32 22 22 33 22 11 23 41 32 23 41 11 32 41 11 24 14 41 14 44
0 44 32 33 23 33 23 44 22 44 33 23 44 11 33 44 11 22 14 41 11 14
0 14 33 32 22 31 33 44 22 44 33 33 44 11 33 41 14 24 14 44 14 11
0 14 33 33 23 11 23 44 22 41 33 22 44 11 32 44 11 22 14 11 14 11
0 14 33 32 23 31 22 41 22 44 32 23 44 11 32 44 11 24 11 41 44 44
0 14 33 32 22 33 33 41 22 41 22 23 44 11 32 44 14 22 11 44 11 14
0 11 33 32 23 31 23 41 22 41 32 22 41 13 33 44 11 22 11 11 14 44
0 14 33 33 23 31 22 41 22 44 33 23 41 11 32 44 11 24 14 41 14 11
0 44 33 32 23 31 23 11 23 41 33 23 44 11 33 41 11 22 44 41 11 11
0 44 33 32 22 31 23 41 22 41 32 22 41 13 33 44 11 24 11 44 11 44
0 14 33 33 22 33 23 41 23 41 22 22 44 11 33 44 11 24 11 41 11 44
0 11 33 33 23 33 22 44 23 44 32 22 44 11 33 44 11 24 14 41 11 44
0 11 33 22 33 31 23 44 22 44 22 22 44 11 33 41 14 22 14 41 14 14
0 44 33 33 23 33 23 41 23 44 32 22 44 11 32 41 11 24 11 41 14 14
0 11 32 32 22 33 22 41 22 11 32 22 44 11 33 44 11 24 14 41 14 14
0 14 22 32 23 33 33 41 33 41 22 22 44 13 33 41 11 24 14 44 11 14
0 44 33 33 23 33 23 41 22 44 33 23 44 11 33 44 14 22 11 41 14 14
0 44 32 32 23 33 22 11 22 11 32 23 44 11 33 41 11 24 14 41 11 11
0 11 33 33 22 31 23 44 22 11 32 22 11 11 32 41 11 44 14 41 44 11
0 14 33 32 33 31 23 41 22 41 33 22 44 13 32 44 14 22 14 44 14 14
0 11 33 32 23 33 23 41 22 41 22 22 11 11 33 44 11 22 11 41 44 14
0 11 33 22 23 33 23 41 22 41 22 22 44 13 33 44 14 22 44 44 14 11
0 11 33 32 22 33 22 44 33 44 32 23 44 11 33 44 14 22 11 41 11 14
0 11 32 22 23 33 22 44 22 44 22 23 44 11 33 44 14 22 14 44 14 14
0 11 33 32 23 33 33 41 22 41 32 23 41 11 32 41 14 22 14 41 14 11
0 14 33 32 22 31 33 41 23 41 33 23 44 13 32 41 11 24 11 41 11 11
0 11 33 33 33 33 23 44 22 44 33 23 41 11 33 44 11 22 11 44 11 11
0 11 22 22 23 33 22 41 23 44 33 23 44 13 32 44 11 22 14 41 14 44
0 14 33 32 22 33 23 11 23 44 32 23 44 13 32 44 11 22 44 41 11 11
0 11 33 33 23 33 22 44 23 44 22 22 44 13 33 44 11 22 44 44 11 11
0 44 22 32 23 33 23 41 22 41 33 22 41 11 33 44 11 22 14 44 14 14
0 11 33 22 23 31 23 44 22 11 32 22 41 11 33 44 11 24 11 41 11 11
0 11 33 33 22 33 33 41 22 11 32 22 44 11 33 44 11 22 11 44 11 11
0 11 33 32 22 33 22 11 23 44 22 23 44 13 32 44 14 22 11 44 11 14
0 14 32 22 22 31 22 41 23 11 32 22 44 11 32 11 11 22 14 41 11 14
0 11 33 22 23 31 33 41 23 11 22 23 44 11 33 41 11 22 11 44 11 44
0 14 33 33 22 33 23 44 22 44 32 23 44 11 33 44 11 24 14 44 11 14
0 11 33 22 22 33 33 11 23 41 22 23 44 11 32 44 44 24 14 44 14 14
0 11 33 32 22 33 22 41 22 41 33 22 44 11 33 44 14 24 11 44 11 14
0 14 33 33 23 33 23 11 22 44 32 22 44 11 32 44 11 22 14 44 11 11
0 14 33 32 22 33 22 44 23 44 32 23 44 11 33 44 14 22 14 44 11 11
0 11 33 33 22 31 23 11 22 41 32 22 44 11 32 41 11 22 14 44 11 11
0 14 33 32 23 33 23 41 22 44 33 23 41 11 33 41 44 24 11 11 11 11
0 14 33 32 23 33 33 44 22 41 33 33 44 11 33 44 14 22 44 44 44 11
0 11 33 32 22 33 23 41 22 44 22 23 41 11 32 44 11 22 14 41 14 14
0 14 33 32 23 31 23 41 22 41 32 22 44 11 32 44 11 24 11 44 14 44
0 11 33 22 22 33 22 41 23 44 22 23 44 11 33 44 14 22 14 41 11 14
0 11 33 22 23 33 22 11 22 41 22 22 41 13 33 44 11 22 11 11 11 44
0 14 33 32 23 31 22 44 22 41 32 23 44 11 32 44 14 24 14 44 14 14
0 11 32 32 23 31 22 44 23 44 22 22 41 11 22 44 14 22 11 41 14 14
0 14 33 33 22 31 22 44 22 41 33 22 44 11 33 44 14 22 14 41 11 14
0 11 32 32 23 31 22 41 22 41 22 22 44 11 33 11 44 24 11 41 14 14
0 11 33 32 33 33 22 41 22 41 32 23 44 13 33 44 11 22 14 44 14 14
0 11 33 33 23 33 33 41 23 44 33 23 11 13 33 41 11 22 44 44 14 14
0 14 33 32 23 33 23 41 22 41 33 22 41 11 33 44 11 22 44 41 11 11
0 14 33 33 23 33 23 41 22 11 22 23 44 11 32 44 14 22 14 44 11 44
0 14 33 33 23 31 23 41 22 11 32 23 41 11 33 44 11 24 14 41 14 11
0 11 33 32 33 33 23 41 22 41 32 22 11 11 32 41 11 22 14 44 11 14
0 44 33 33 33 33 23 41 22 41 33 22 44 11 32 44 14 22 14 44 11 11
0 14 32 33 23 11 22 44 22 44 32 22 44 13 32 44 14 22 44 44 14 14
0 11 32 22 23 31 23 11 22 11 22 22 44 13 32 41 14 44 44 11 14 14
0 14 33 32 22 33 23 41 22 44 32 22 44 13 32 41 14 22 44 44 11 11
0 14 32 32 22 33 23 41 22 41 22 23 41 11 33 44 11 22 14 44 14 11
0 11 33 32 23 33 23 41 22 41 33 22 44 11 32 44 14 22 44 41 44 44
0 14 32 22 23 31 23 41 22 41 32 22 44 11 33 44 11 22 14 41 14 44
0 11 33 32 23 33 23 44 22 44 33 23 44 13 32 44 14 24 11 41 44 14
0 11 32 32 23 33 23 44 23 44 32 23 44 11 33 44 11 22 14 11 44 14
0 14 33 22 23 11 23 41 22 11 32 23 41 11 33 41 11 24 14 44 11 14
0 11 33 32 23 33 23 41 23 41 33 22 44 11 33 41 14 22 14 44 14 14
0 11 33 32 22 31 22 44 22 44 32 22 41 11 33 44 11 24 14 44 11 14
0 14 32 22 22 11 22 44 22 11 32 22 41 13 33 41 11 22 11 44 44 14
0 11 33 22 22 33 23 44 22 41 22 23 44 13 33 44 11 22 14 41 14 44
0 11 32 32 22 33 23 41 22 41 32 22 44 11 22 44 11 24 14 41 14 11
0 14 33 32 23 33 22 41 23 11 32 22 44 13 22 41 44 22 14 44 14 44
0 14 33 22 23 31 22 11 22 11 22 33 11 11 33 44 14 24 11 41 11 11
0 11 32 33 33 31 22 41 22 41 22 23 44 11 22 41 14 24 14 41 14 14
0 14 33 22 22 33 33 11 22 44 33 22 41 11 33 41 11 22 11 11 11 11
0 11 33 32 22 33 22 41 22 44 22 22 44 33 33 44 11 22 14 44 11 11
0 11 32 32 22 33 22 41 22 41 32 23 44 11 32 44 11 24 14 11 14 44
0 11 33 32 23 33 22 41 23 41 22 23 44 11 22 41 14 44 44 41 14 44
0 11 33 22 23 31 33 44 22 41 32 22 41 11 33 44 11 24 14 44 11 44
0 14 33 32 33 33 33 41 23 11 33 22 11 11 32 44 44 22 44 11 11 14
0 14 33 33 22 31 22 11 22 44 22 22 44 11 33 44 11 24 14 44 11 11
0 11 32 32 23 33 22 41 22 44 32 23 41 11 33 44 11 22 11 44 14 11
0 11 33 32 22 31 22 44 22 44 32 22 44 13 33 41 14 44 14 41 14 14
0 11 33 32 23 33 22 11 23 41 32 23 41 13 33 44 14 24 14 41 11 44
0 14 32 32 22 33 22 41 23 44 32 22 44 11 32 44 14 22 14 44 11 11
0 14 33 33 22 33 22 41 23 44 32 22 41 13 32 44 14 22 14 41 14 44
0 14 33 33 23 33 23 44 22 41 32 23 44 11 33 44 11 22 44 41 11 14
0 11 33 32 22 33 23 11 23 41 22 23 44 13 32 44 11 24 14 44 14 11
0 11 33 32 22 33 23 11 22 44 22 33 44 11 33 44 11 22 11 41 14 14
0 44 33 32 23 33 22 11 22 44 32 23 41 11 22 44 11 22 14 44 44 44
0 14 33 22 23 33 22 44 23 44 22 22 44 11 32 41 14 24 44 44 11 14
0 11 33 33 23 33 22 41 22 44 22 22 41 11 33 41 11 22 14 44 11 14
0 14 33 22 23 31 33 41 22 44 33 23 41 13 32 44 11 24 44 44 11 14
0 11 32 33 33 33 23 11 23 41 32 23 41 11 33 41 11 22 11 11 14 44
0 14 33 32 23 33 22 44 22 44 33 33 44 11 33 41 14 44 14 44 11 14
0 11 33 32 23 31 33 41 23 41 22 22 41 11 33 44 11 24 44 41 11 14
0 11 33 33 23 31 23 41 22 44 22 33 41 11 33 44 14 24 44 11 14 14
0 44 33 33 22 33 22 41 22 44 22 23 11 11 33 44 14 22 11 41 14 11
0 11 32 32 23 33 22 41 22 11 22 22 44 13 32 44 11 24 14 41 11 14
0 11 33 32 22 31 22 41 22 41 32 23 44 11 33 44 11 22 44 41 11 11
0 11 33 32 23 33 23 44 22 41 22 22 41 11 32 41 14 22 14 41 14 14
0 11 32 32 23 31 23 44 23 44 32 23 41 11 33 44 14 24 14 11 14 14
0 11 33 32 33 33 22 41 22 44 32 22 44 11 33 41 11 22 14 44 11 44
0 11 32 33 22 33 23 41 22 44 32 23 44 13 33 41 11 22 11 41 14 14
0 11 33 32 22 31 22 41 22 44 32 33 41 11 33 44 11 22 11 41 11 14
0 11 33 32 33 33 33 44 22 41 22 22 44 11 32 41 11 24 14 41 44 14
0 14 33 33 23 31 23 44 22 44 32 22 44 11 32 41 11 24 14 11 14 11
0 11 33 22 23 33 23 44 22 44 32 22 41 11 33 44 11 22 14 41 14 14
0 11 33 33 22 31 22 41 22 41 32 23 44 11 33 44 14 22 44 44 14 11
0 14 33 32 33 31 22 41 22 41 32 33 44 11 33 44 14 24 14 41 44 11
0 44 33 32 23 33 23 44 22 41 22 22 41 11 32 44 11 22 44 41 14 11
0 11 33 22 23 33 23 41 22 41 32 23 41 13 33 41 14 24 44 44 14 14
0 11 33 22 23 33 22 41 22 11 33 22 41 11 33 44 11 22 11 44 14 11
0 14 22 33 23 31 33 41 22 41 32 23 11 11 33 41 11 24 14 11 11 14
0 11 33 32 22 33 23 44 22 11 22 22 44 13 33 44 11 24 14 44 11 14
0 14 33 32 33 33 33 41 22 44 33 22 41 11 33 44 14 22 11 41 11 44
0 11 33 22 22 33 22 41 23 44 32 22 44 13 33 44 11 22 14 44 14 11
0 11 33 22 22 33 23 11 23 44 32 22 44 11 33 11 11 24 11 11 11 14
0 11 33 22 23 31 22 41 22 41 32 33 44 13 33 44 11 44 14 41 11 14
0 14 33 33 23 33 22 44 22 44 32 22 44 11 33 44 11 24 14 44 14 44
0 11 33 32 23 33 22 11 22 41 33 22 41 13 32 44 11 22 14 41 11 11
0 14 33 33 22 33 22 41 22 44 22 23 44 11 33 44 11 22 14 44 11 14
0 14 32 22 23 33 22 41 22 44 33 22 41 11 33 44 11 24 14 41 11 14
0 11 33 32 23 31 23 44 22 44 33 22 41 11 33 44 44 22 11 41 14 14
0 14 33 33 33 33 23 11 22 41 22 22 44 11 33 41 11 24 14 44 14 14
0 14 33 33 33 33 23 11 22 44 33 22 44 11 32 44 11 24 14 41 11 44
0 11 33 33 33 33 33 44 23 44 33 22 41 11 32 44 11 22 44 44 11 14
0 44 33 32 23 31 33 44 22 41 32 22 44 11 32 44 11 22 11 44 44 14
0 11 32 32 22 33 22 41 22 11 22 23 44 11 33 41 11 24 14 41 14 14
0 11 32 32 23 33 23 44 22 44 33 23 41 13 32 41 14 24 11 41 14 11
0 11 33 33 22 33 23 44 22 44 32 22 44 13 33 44 14 22 11 41 11 44
0 11 33 32 22 33 22 41 22 41 32 23 44 11 32 41 14 22 14 41 14 14
0 14 33 32 23 31 23 44 22 41 33 22 41 13 33 41 11 22 44 41 14 14
0 44 32 32 23 31 23 44 22 44 22 23 41 11 33 44 11 44 14 41 14 11
0 14 32 33 23 33 23 41 22 41 22 22 41 11 32 44 11 22 44 41 14 44
0 14 33 32 22 31 23 44 22 44 32 22 44 11 32 44 44 22 14 44 44 14
0 11 32 32 23 31 23 41 22 44 22 22 41 11 32 44 11 22 11 44 14 14
0 11 33 32 23 31 23 41 22 44 33 23 44 11 22 41 11 22 11 11 14 44
0 11 33 32 33 11 33 44 22 44 32 33 44 11 32 41 11 22 11 11 11 44
0 11 33 22 23 33 22 44 22 11 22 22 44 11 33 44 11 22 11 44 11 11
0 11 33 32 22 33 22 44 23 41 32 22 44 11 33 44 11 22 44 41 44 44
0 11 33 22 23 33 22 41 22 41 33 22 44 11 33 44 11 22 11 44 11 11
0 14 33 33 23 33 23 41 23 41 22 22 44 11 32 44 14 24 11 44 14 14
0 11 32 22 23 33 23 11 22 41 32 23 44 11 32 44 14 24 11 44 44 14
0 14 32 33 22 33 33 11 22 41 22 23 41 11 33 41 11 22 14 41 14 44
0 14 32 32 23 31 22 44 22 41 32 23 41 11 32 44 11 22 14 41 14 14
0 14 33 32 23 33 23 41 22 44 22 22 44 11 33 44 11 24 11 44 11 11
0 11 33 22 23 31 22 11 22 11 22 23 44 11 32 41 11 44 44 41 11 14
0 14 32 33 23 31 22 44 22 41 32 22 41 11 22 41 11 22 11 41 14 14
0 14 33 22 22 33 22 44 22 44 22 23 41 11 33 44 11 22 11 41 14 14
0 14 33 32 23 33 33 41 23 41 22 22 41 11 33 44 11 22 11 41 14 14
0 11 33 33 22 33 23 41 22 41 32 23 41 11 32 44 11 22 11 41 11 11
0 11 33 33 23 31 33 44 22 44 32 22 41 11 33 41 14 22 44 44 11 44
0 14 33 33 22 31 23 44 22 44 32 23 41 11 33 44 14 22 14 11 11 14
0 11 33 32 33 33 22 41 23 41 33 33 44 11 33 44 44 24 14 41 14 14
0 14 32 22 22 33 23 41 22 41 33 22 11 13 32 41 14 24 14 41 14 11
0 11 32 32 23 33 23 41 22 41 33 23 44 11 32 44 11 22 11 41 14 14
0 11 22 32 23 33 22 44 22 41 32 22 44 11 33 41 11 24 11 41 14 14
0 14 32 33 22 33 23 44 23 44 32 23 44 33 32 44 11 22 11 44 14 44
0 14 32 32 22 33 22 44 22 41 22 23 44 11 33 44 14 44 14 41 11 11
0 14 33 32 22 31 23 41 22 44 32 23 41 11 32 41 11 22 44 41 11 11
0 44 33 22 23 33 23 44 22 44 32 22 41 13 33 44 14 22 11 41 14 44
0 14 22 33 23 33 23 44 22 41 32 22 41 11 33 44 14 22 14 11 14 14
0 14 33 22 22 31 22 44 22 41 22 22 44 11 33 44 11 22 44 41 14 11
0 11 33 32 33 33 23 44 33 11 33 23 44 11 22 44 11 24 11 44 11 11
0 11 33 33 23 31 22 41 22 41 33 33 44 11 33 44 14 22 14 44 11 11
0 11 33 32 23 33 22 41 22 41 32 22 41 11 32 44 14 22 44 11 14 44
0 11 33 33 23 31 22 41 22 44 32 23 11 13 33 41 11 22 14 44 14 14
0 11 32 33 33 31 23 44 23 41 32 23 41 11 33 44 44 24 44 11 14 44
0 14 33 33 23 31 23 44 22 44 32 33 44 13 33 44 14 22 14 41 11 11
0 11 33 22 22 33 22 11 22 41 32 23 41 11 33 44 11 22 14 41 14 14
0 44 32 22 22 33 23 41 22 44 33 33 44 11 32 44 11 22 14 11 11 44
0 14 32 22 23 31 23 44 22 44 33 22 41 13 32 41 14 22 11 41 11 44
0 11 32 33 23 33 22 44 22 11 32 22 41 11 33 41 14 24 14 44 14 11
0 11 33 33 22 33 22 41 22 44 22 23 44 11 32 44 11 22 44 44 14 11
0 14 32 33 22 33 23 44 33 41 22 22 44 11 32 44 11 22 14 41 11 14
0 14 33 22 23 11 22 41 22 44 33 23 41 11 33 41 11 22 14 41 11 14
0 11 33 33 23 31 33 41 23 41 32 23 44 11 33 44 44 22 11 41 44 14
0 11 33 33 23 11 23 41 22 44 33 22 44 11 33 44 14 22 14 44 11 14
0 44 32 32 22 33 33 44 23 11 32 22 44 11 33 44 14 24 11 41 14 14
0 11 33 22 23 31 23 11 22 41 22 33 41 13 32 41 14 22 11 41 11 44
0 14 32 22 23 31 33 11 23 44 32 23 44 13 33 44 11 24 14 11 11 14
0 14 33 32 23 33 23 41 22 44 33 23 44 13 33 44 11 24 11 44 14 14
0 11 33 32 22 33 23 41 22 44 33 23 41 11 33 44 11 24 44 44 14 14
0 14 22 32 22 31 22 11 22 44 32 23 44 11 33 44 14 22 11 44 11 14
0 14 33 22 23 33 23 44 22 44 32 22 44 11 33 44 11 24 14 44 11 14
0 11 33 33 22 31 22 41 22 41 33 22 44 11 33 44 11 24 14 41 14 11
0 11 33 32 22 11 23 44 23 41 32 23 44 13 32 44 11 24 14 44 44 44
0 11 33 33 22 33 22 41 22 41 32 22 44 11 33 41 11 22 11 41 11 14
0 11 33 22 22 31 23 44 22 41 32 22 44 11 33 44 11 22 14 11 14 44
0 11 33 33 22 31 33 44 23 11 32 23 11 11 33 41 11 24 14 41 11 11
0 11 32 33 22 33 22 41 22 41 22 23 44 13 22 44 11 22 11 41 11 44
0 11 33 33 22 33 23 41 23 41 33 22 41 11 32 44 14 22 14 44 14 14
0 14 33 32 23 11 23 41 22 44 33 22 44 11 33 44 44 22 44 41 11 14
0 11 33 32 23 11 22 44 22 44 33 23 44 13 32 44 11 22 14 44 11 14
0 14 32 32 22 33 22 41 33 41 32 22 41 11 32 44 11 24 14 41 14 44
0 11 33 33 23 31 23 44 22 44 32 22 41 11 22 44 11 24 14 41 14 14
0 11 33 32 22 33 22 44 22 41 32 23 44 13 32 44 14 24 44 44 11 11
0 14 32 33 33 33 23 41 23 41 22 33 41 11 32 44 11 24 44 44 14 11
0 44 32 32 23 33 23 11 22 44 22 22 44 11 33 44 11 22 44 41 14 14
0 11 33 32 23 11 33 41 22 44 32 23 11 11 32 44 11 22 14 44 11 11
0 14 33 33 33 33 22 41 22 44 33 33 44 13 33 44 11 22 14 44 11 14
0 14 33 32 33 31 22 44 22 44 22 23 44 11 32 44 11 24 14 44 14 11
0 14 33 33 23 31 23 41 22 41 32 22 44 13 32 44 11 24 14 44 11 11
0 14 32 22 22 33 22 41 23 41 32 22 41 11 32 44 14 22 14 44 14 44
0 14 33 32 23 31 23 11 22 44 22 23 44 13 33 44 14 24 14 44 14 11
0 14 32 32 23 31 23 44 22 44 32 23 44 11 33 44 11 44 11 41 14 14
0 11 33 32 33 31 33 41 23 44 32 22 41 11 33 44 14 22 14 44 14 14
0 11 33 32 33 31 23 41 22 44 33 33 44 11 22 11 11 22 11 44 11 44
0 44 33 22 22 31 22 44 22 44 32 23 44 13 33 41 11 22 11 41 44 14
0 14 33 33 23 31 23 44 22 41 32 23 44 11 32 44 44 24 11 41 11 11
0 14 33 22 22 31 23 41 22 41 33 22 41 11 33 44 11 24 14 44 14 11
0 11 33 33 22 33 22 41 22 41 22 23 44 11 32 44 11 24 11 41 11 44
0 11 33 32 23 31 23 41 22 11 22 22 44 11 33 44 11 22 44 44 44 11
0 44 32 33 22 31 23 44 22 41 33 23 44 11 32 41 11 24 11 41 11 11
0 14 33 33 22 33 22 11 23 44 33 22 44 11 32 44 11 22 14 44 11 11
0 11 33 33 22 31 33 44 23 44 32 23 41 11 33 41 11 24 11 41 14 11
0 11 32 32 23 33 23 11 22 41 22 23 41 11 33 44 14 44 14 44 14 14
0 14 33 32 23 31 23 41 22 44 32 22 44 13 33 44 11 24 44 41 14 14
0 11 33 32 23 33 22 41 22 44 33 23 41 11 22 44 14 22 14 41 11 14
0 11 33 32 22 33 22 41 23 41 33 22 44 11 32 44 14 22 11 41 14 14
0 11 33 22 23 31 33 41 22 44 22 23 41 11 33 44 11 22 44 44 14 11
0 11 32 32 22 33 22 41 22 41 32 22 44 11 33 44 14 22 11 44 11 11
0 14 33 33 33 31 23 44 23 11 32 22 44 11 33 44 11 24 14 11 11 14
0 11 33 33 22 31 23 11 22 41 32 33 41 11 32 44 14 24 14 44 14 44
0 11 33 32 22 31 23 41 22 41 32 22 44 11 33 41 11 22 14 44 11 44
0 11 33 22 23 33 22 44 22 41 32 22 41 13 32 44 11 24 44 44 14 11
0 11 32 33 23 31 33 41 22 41 22 22 44 11 33 44 14 24 11 11 11 14
0 11 33 32 33 31 22 41 22 41 22 23 41 11 33 44 11 22 11 44 14 14
0 11 33 32 33 33 33 41 22 44 33 22 44 11 33 44 11 22 14 11 11 14
0 14 33 33 33 33 22 44 22 44 33 22 41 11 33 44 14 22 11 11 11 14
0 11 33 33 23 33 23 11 22 41 33 22 44 11 32 44 11 24 14 11 14 14
0 11 33 32 22 31 23 41 23 41 32 22 41 11 32 44 11 22 14 11 11 11
0 14 33 33 23 33 33 44 22 11 32 23 11 11 33 44 14 22 14 44 14 44
0 11 33 33 22 33 22 41 22 44 32 23 41 11 33 44 11 22 14 44 11 14
0 11 33 33 23 33 33 41 23 44 33 23 41 11 33 44 11 22 14 41 14 44
0 11 32 32 23 33 23 44 22 44 22 22 41 11 32 44 11 24 14 44 11 11
0 14 33 32 23 31 23 11 23 41 32 33 44 11 32 44 11 22 11 41 14 14
0 44 33 22 23 33 33 41 22 41 32 22 41 11 32 41 11 24 14 44 14 14
0 11 33 32 22 33 22 41 23 41 32 33 44 13 33 44 11 24 14 41 14 11
0 14 33 22 33 33 22 44 22 44 33 23 44 11 22 44 11 24 44 11 14 44
0 11 22 32 23 31 22 44 22 44 33 23 44 11 33 44 14 22 14 41 11 14
0 14 32 33 23 33 22 41 22 41 32 23 44 11 32 44 11 44 11 44 11 11
0 11 33 33 22 33 22 41 22 41 33 22 44 11 33 41 14 24 14 44 11 44
0 11 33 32 33 31 22 41 22 41 32 22 44 11 33 44 14 24 11 41 14 11
0 14 33 32 23 33 22 44 23 41 32 23 41 11 32 44 11 22 14 44 14 14
0 14 33 22 23 33 23 41 23 41 32 22 41 11 33 44 11 24 11 41 14 14
0 14 33 22 23 31 33 41 22 44 32 22 44 11 32 44 11 44 44 41 14 14
0 44 32 32 33 33 33 41 22 41 33 23 11 11 33 44 14 22 44 41 14 44
0 14 32 32 33 33 33 44 22 44 33 22 44 11 33 41 44 22 11 41 44 14
0 14 33 32 22 31 23 41 23 44 32 22 44 13 33 44 11 22 14 44 11 11
0 11 32 32 33 33 23 44 22 11 33 22 41 11 32 44 11 22 14 44 14 11
0 14 33 32 33 31 23 44 22 44 32 22 41 11 32 44 11 22 11 41 44 14
0 11 33 33 23 31 33 41 22 41 32 22 44 11 33 44 11 22 14 41 11 11
0 14 33 32 23 33 22 44 22 44 32 23 41 13 32 44 14 24 14 41 11 44
0 11 33 32 22 33 22 41 22 44 32 22 44 11 33 44 11 22 11 41 11 44
0 14 32 33 22 33 23 41 22 44 22 22 44 11 32 44 11 22 44 41 44 11
0 11 32 32 23 33 22 41 22 41 33 22 44 11 33 44 11 22 14 11 11 14
0 11 33 22 23 33 23 41 23 44 33 22 44 11 32 44 14 22 11 41 14 11
0 14 33 33 33 31 23 41 22 11 32 22 41 11 32 41 11 24 14 44 14 11
0 11 33 32 22 33 23 44 22 41 22 23 41 11 32 44 11 24 14 44 14 44
0 11 33 32 22 33 23 44 23 11 32 22 41 11 33 44 11 22 44 11 11 14
0 44 33 22 22 33 23 44 22 41 33 22 11 11 32 44 14 22 44 41 14 14
0 11 33 32 23 31 22 44 22 41 33 33 41 11 33 44 14 24 11 41 44 14
0 14 33 33 33 33 23 44 22 44 32 22 44 11 33 44 11 22 44 41 14 14
0 14 33 22 22 31 23 44 22 11 32 22 41 11 33 44 11 24 14 41 14 11
0 14 32 33 22 31 23 41 22 41 32 23 41 11 32 44 11 44 11 44 14 11
0 11 33 32 22 31 23 44 33 41 33 23 41 11 33 41 14 22 11 41 11 14
0 11 33 32 23 33 22 44 22 44 32 22 41 13 32 44 14 22 11 41 11 11
0 11 32 32 23 33 22 41 22 44 32 22 41 11 33 41 14 22 14 44 11 14
0 14 33 33 22 33 23 41 22 44 32 22 44 11 32 44 11 22 11 41 11 11
0 14 33 32 22 31 23 44 33 41 32 33 41 13 33 44 11 22 44 41 14 14
0 11 33 22 22 31 22 11 22 11 32 23 44 11 32 44 11 24 11 44 11 14
0 11 33 32 23 31 22 41 22 44 32 22 44 11 33 44 11 22 11 41 11 14
0 11 33 32 23 31 22 44 22 41 32 22 41 11 32 44 14 24 11 44 14 44
0 14 32 22 22 11 22 44 23 44 32 22 41 11 32 44 14 24 14 41 14 44
0 11 33 32 23 31 23 44 22 41 32 22 41 11 33 44 11 24 44 11 11 11
0 11 32 33 33 33 23 44 23 11 33 22 44 11 32 41 11 22 14 41 14 11
0 11 32 22 22 31 23 44 23 41 22 22 44 11 33 44 11 22 14 44 11 11
0 11 33 32 33 31 23 11 22 44 33 22 44 13 33 44 11 22 44 41 11 11
0 44 32 32 23 31 23 41 22 44 32 22 41 13 22 41 11 22 11 44 44 11
0 11 32 32 23 31 23 41 22 44 32 23 11 11 33 44 14 22 11 41 11 11
0 11 33 22 23 33 23 41 23 44 22 22 41 11 33 41 11 24 11 11 14 44
0 11 33 22 22 31 22 41 22 44 22 22 44 11 33 41 14 44 11 41 11 11
0 14 33 32 23 33 23 41 23 41 22 23 44 11 33 44 11 22 14 41 11 44
0 11 32 32 22 33 33 41 23 41 22 23 41 11 33 41 14 22 14 44 11 11
0 11 33 33 33 31 23 44 23 41 32 22 44 11 32 44 11 44 44 44 14 14
0 11 33 32 22 33 22 11 23 44 32 23 41 11 32 44 14 22 11 41 44 14
0 14 32 22 23 33 33 44 23 44 32 23 41 11 33 11 11 22 11 41 11 14
0 14 33 32 23 33 23 41 23 44 33 22 44 11 33 11 11 22 44 41 11 11
0 11 32 22 33 33 23 41 22 44 33 23 44 13 32 44 11 24 14 41 11 14
0 11 32 32 23 31 22 11 22 44 33 23 44 11 33 44 14 22 11 41 14 44
0 14 33 32 22 33 22 44 22 11 22 22 41 11 33 44 11 24 14 44 11 14
0 11 32 33 23 33 22 11 22 41 22 23 41 11 33 44 44 22 14 11 14 11
0 11 33 22 23 33 23 44 23 44 33 22 44 11 32 44 11 22 14 44 14 44
0 11 33 33 22 33 22 44 22 41 33 22 44 13 33 44 14 22 14 41 14 11
0 14 33 22 23 31 33 41 22 41 32 23 41 13 32 44 14 22 44 44 14 14
0 44 33 22 22 33 23 11 22 44 32 23 11 13 32 44 11 22 14 41 11 14
0 44 33 33 23 33 23 11 22 44 32 23 44 11 33 44 14 22 14 11 11 11
0 14 33 33 23 33 22 44 22 41 32 22 44 11 33 44 11 24 14 41 11 14
0 11 33 32 22 33 22 44 22 41 32 22 44 13 33 41 11 22 44 41 14 14
0 14 33 32 22 33 23 44 22 44 32 23 41 11 33 44 11 22 14 41 14 44
0 14 33 32 33 33 23 41 23 44 33 23 41 11 33 41 14 22 44 44 44 11
0 44 33 32 33 11 33 11 22 41 32 23 41 11 32 44 14 24 11 41 14 44
0 11 33 33 33 33 23 11 22 41 33 22 11 11 33 41 11 22 14 41 11 44
0 14 33 32 22 33 23 44 22 41 32 22 44 11 32 41 11 22 11 44 14 14
0 11 32 32 23 31 22 41 22 44 32 23 11 11 33 44 44 22 14 41 11 11
0 11 32 33 22 31 33 44 22 41 22 23 44 11 33 44 14 24 14 44 11 44
0 14 32 32 23 31 23 41 22 44 32 22 44 11 22 41 11 22 14 41 14 14
1 11 33 22 22 31 33 41 22 44 32 33 44 11 32 44 14 22 14 44 11 44
1 14 32 32 23 33 23 41 23 44 33 22 44 11 32 44 11 22 14 44 11 11
1 14 33 33 23 33 23 41 22 44 32 22 44 11 33 44 11 22 11 44 11 11
1 11 33 33 23 33 23 41 22 44 32 23 44 11 32 44 11 44 14 11 11 14
1 11 33 32 23 31 22 41 22 44 33 33 41 11 33 41 11 24 14 41 11 11
1 11 32 32 23 33 33 44 22 41 32 23 41 11 32 44 11 22 14 44 14 44
1 14 33 32 22 31 23 41 22 11 32 23 11 33 33 44 11 22 14 41 11 11
1 11 33 33 22 31 23 41 22 41 32 22 44 11 32 44 14 22 11 41 14 14
1 14 33 32 23 33 23 41 23 11 32 22 41 13 33 44 14 22 11 44 11 14
1 11 33 22 23 33 23 41 22 41 32 23 44 11 32 44 14 24 11 41 11 44
1 14 33 32 22 31 22 41 22 41 22 22 44 13 33 44 11 22 11 44 14 14
1 11 32 32 23 33 22 41 22 44 32 22 44 11 33 41 14 22 14 11 11 44
1 44 32 32 23 33 23 41 23 11 32 23 44 11 33 44 14 22 14 41 14 14
1 11 33 32 22 33 23 44 22 41 32 22 44 13 32 41 11 22 11 44 11 11
1 11 33 33 22 33 23 44 23 41 33 22 44 11 32 44 11 22 44 11 44 11
1 14 33 33 23 31 23 41 22 44 32 23 44 11 33 11 11 44 14 44 11 11
1 11 33 33 23 31 33 41 22 41 32 23 41 11 33 44 14 24 14 41 11 14
1 11 33 32 23 33 22 41 23 44 22 22 44 11 32 44 11 22 11 41 14 14
1 11 33 33 22 31 22 41 22 41 22 23 41 11 33 44 11 22 14 11 14 44
1 14 33 32 23 31 23 41 22 44 22 23 41 11 32 44 11 44 11 41 44 44
1 11 33 33 23 33 33 11 22 11 32 22 44 11 33 44 11 22 14 41 11 14
1 14 33 32 22 31 23 11 22 41 22 22 44 11 33 44 11 22 11 44 11 44
1 14 33 22 33 33 22 41 22 44 33 23 41 11 32 44 11 22 11 41 14 14
1 11 32 22 22 31 22 41 23 41 32 22 41 11 32 44 11 24 11 11 11 44
1 14 33 32 22 11 22 44 23 11 22 23 41 13 32 41 14 24 11 44 14 14
1 11 33 32 23 11 23 11 22 11 22 22 41 13 33 44 14 22 14 44 14 11
1 14 33 32 22 33 22 41 22 44 33 22 41 13 33 44 11 24 44 41 14 44
1 14 32 33 23 31 22 41 22 44 33 22 41 11 32 44 11 22 44 11 14 44
1 11 33 32 23 33 23 41 23 41 33 22 41 11 22 44 14 22 11 44 14 14
1 14 33 32 23 31 23 41 22 11 33 22 11 11 32 44 11 22 14 44 11 44
1 11 33 32 22 31 22 41 22 11 32 23 41 11 33 44 11 22 14 44 14 11
1 14 32 32 23 11 33 11 22 41 22 22 11 13 33 41 14 22 14 41 14 44
1 14 33 32 33 31 22 44 22 41 32 22 41 11 22 44 14 22 14 44 44 44
1 11 33 32 23 31 33 41 22 41 32 23 44 11 32 44 11 22 14 41 11 11
1 14 32 33 23 31 23 41 23 44 22 22 44 11 32 44 14 24 44 44 14 14
1 14 33 22 23 33 22 44 22 44 22 22 41 11 32 44 14 22 14 41 11 14
1 11 32 32 22 33 22 41 22 41 33 22 41 11 33 11 11 22 14 41 14 11
1 11 32 33 23 33 22 44 22 41 32 22 41 11 32 41 14 22 11 44 11 14
1 14 32 33 22 33 22 41 22 41 22 22 44 11 32 44 11 24 11 44 14 14
1 11 33 32 22 33 22 41 22 41 33 23 44 11 33 44 11 24 11 44 14 14
1 14 32 32 23 31 23 41 22 44 32 23 41 11 32 44 44 24 11 44 14 14
1 11 33 32 22 33 22 41 22 44 22 23 41 11 33 44 11 44 14 41 14 44
1 14 33 32 22 31 22 11 23 44 22 22 41 11 32 41 11 24 44 44 14 14
1 14 33 33 23 33 23 44 22 44 33 23 44 13 33 41 14 24 11 44 14 14
1 11 33 32 23 33 23 41 22 44 33 22 44 11 32 44 11 44 14 41 11 14
1 14 33 32 23 33 23 44 22 41 33 22 41 11 32 44 11 22 11 44 14 11
1 11 33 33 23 33 23 41 22 11 32 23 41 11 33 44 11 44 11 41 14 11
1 11 32 32 23 33 22 41 23 44 32 22 44 11 33 44 11 22 11 11 14 14
1 14 33 33 23 11 22 41 22 44 32 22 41 11 32 41 11 22 44 41 44 11
1 11 33 32 33 33 23 41 22 44 22 22 44 11 32 41 14 24 11 41 11 11
1 14 33 33 33 33 23 41 22 41 22 22 41 11 33 44 11 24 14 41 44 14
1 14 33 32 33 31 23 41 22 41 33 22 44 11 32 41 11 24 44 44 14 14
1 11 33 33 33 31 23 41 22 11 33 23 41 13 33 44 14 24 11 44 11 11
1 14 32 32 33 31 23 44 22 41 32 22 44 11 33 41 11 22 11 44 14 11
1 11 33 32 23 33 23 44 22 44 22 33 41 11 33 44 14 22 14 41 11 11
1 11 32 22 22 31 22 41 22 41 32 22 41 11 33 44 11 22 11 11 11 11
1 11 33 22 33 11 23 44 22 41 22 22 44 13 32 11 11 22 11 41 14 14
1 11 33 32 23 31 23 11 23 41 32 22 44 11 33 44 14 22 14 44 11 11
1 14 32 32 22 33 33 41 22 41 22 23 44 13 32 44 11 24 44 11 14 11
1 11 33 33 22 33 22 44 22 44 32 22 41 13 33 44 11 24 14 44 11 11
1 11 33 32 23 33 23 44 22 41 32 22 44 11 33 41 14 22 14 44 14 14
1 14 33 33 23 33 23 11 22 41 32 22 44 13 33 44 14 22 14 44 14 11
1 11 33 22 33 33 33 44 22 44 22 23 11 11 22 44 11 22 11 41 14 14
1 11 33 22 22 33 22 41 23 41 32 22 44 11 32 44 11 22 11 41 14 44
1 14 33 32 22 31 22 41 22 41 22 23 41 11 32 44 11 24 14 44 11 44
1 11 33 22 23 33 22 41 22 44 22 22 44 13 33 44 11 22 14 44 14 44
1 14 33 22 33 33 22 44 22 44 32 22 41 11 33 41 11 22 14 41 44 44
1 11 33 33 23 31 22 41 22 44 32 23 44 13 32 41 14 22 11 41 11 11
1 14 32 33 33 11 23 44 22 44 22 22 41 13 32 11 11 24 14 11 14 14
1 44 32 33 23 33 23 44 22 41 33 22 44 11 33 44 14 44 11 44 14 14
1 44 32 22 22 33 22 44 22 44 33 23 44 11 33 44 11 24 14 41 14 14
1 11 33 22 22 33 22 11 22 41 33 22 44 13 33 41 11 24 14 41 44 14
1 14 33 32 22 33 22 44 22 44 33 22 11 11 33 44 14 22 14 41 14 14
1 14 32 22 23 31 23 44 22 41 22 22 11 13 32 44 11 24 14 44 44 11
1 14 33 22 22 33 23 41 22 44 22 23 41 11 32 11 14 22 14 41 14 14
1 14 33 32 23 33 23 41 22 44 32 23 41 11 32 44 11 24 14 41 14 11
1 11 33 22 23 33 23 44 22 41 32 23 44 13 32 41 11 24 14 41 14 44
1 11 33 32 33 31 33 44 33 44 32 23 41 13 33 41 14 24 44 44 11 14
1 11 33 32 23 31 33 44 22 44 33 22 44 11 32 41 14 22 14 41 14 14
1 44 33 22 22 33 22 41 22 41 32 22 44 11 32 44 14 22 11 11 11 11
1 11 33 22 22 33 22 41 22 44 32 22 44 11 33 44 11 24 11 44 44 11
1 11 32 32 22 33 23 44 23 44 32 23 41 11 33 44 14 22 11 41 44 14
1 44 33 33 22 33 23 41 23 44 32 22 41 11 32 41 11 22 14 11 11 14
1 11 33 22 33 31 23 44 22 41 32 22 44 11 32 44 11 44 11 41 44 14
1 11 33 32 33 31 33 41 23 41 32 22 41 13 33 44 11 24 44 41 11 11
1 14 33 32 33 33 33 41 23 41 22 22 44 11 33 41 44 44 11 11 14 44
1 14 33 32 22 11 22 11 22 41 33 22 44 11 32 44 11 24 11 41 11 14
1 14 22 22 22 33 22 41 23 41 32 23 41 13 33 44 11 22 14 11 14 11
1 11 33 33 22 33 22 11 22 44 33 22 41 11 33 44 11 22 11 44 11 11
1 14 33 33 22 11 23 41 23 41 32 23 41 11 33 41 11 44 14 41 14 14
1 11 32 33 22 31 22 11 22 11 32 22 41 11 33 41 11 24 14 44 11 44
1 11 33 32 23 31 22 44 23 44 32 23 44 11 32 44 14 22 11 41 14 11
1 11 33 32 22 31 23 44 22 41 33 33 44 13 33 41 11 24 11 41 44 44
1 14 33 33 22 33 33 41 23 41 33 22 44 33 33 41 11 24 11 11 14 11
1 14 33 22 23 33 22 41 22 44 22 23 44 13 33 44 11 22 14 41 11 14
1 11 33 32 23 31 23 11 22 11 32 23 41 11 32 44 11 24 14 44 44 14
1 44 33 32 23 33 23 41 22 41 33 33 41 11 32 44 44 24 14 41 11 44
1 14 33 33 23 33 23 44 23 44 33 23 41 11 33 44 14 22 14 11 11 14
1 44 33 32 33 33 22 11 22 11 22 23 44 13 33 41 14 22 44 11 11 14
1 14 33 33 22 33 22 44 22 44 22 22 41 13 32 44 11 22 11 41 11 11
1 11 32 32 22 33 33 44 22 44 32 22 44 13 32 41 14 24 44 11 14 11
1 11 33 22 22 33 23 44 22 44 22 22 41 11 32 41 14 22 44 41 11 14
1 14 32 33 23 33 23 41 22 11 32 23 44 11 32 44 11 24 11 41 11 11
1 11 32 32 23 33 33 41 22 11 33 22 44 13 33 44 11 22 14 44 11 11
1 11 33 32 23 33 22 41 22 44 32 23 44 11 32 44 11 22 14 41 11 14
1 14 33 32 23 31 23 41 22 11 32 23 41 11 33 41 11 22 11 41 14 14
1 11 33 22 22 31 23 44 22 41 33 22 44 11 32 44 11 24 44 11 14 14
1 14 33 32 22 33 23 44 23 44 32 23 44 11 33 44 11 22 44 44 14 14
1 11 33 32 33 33 23 44 22 44 32 22 44 11 32 44 11 22 11 44 11 14
1 11 33 32 23 33 22 41 23 44 22 23 44 11 33 44 11 22 11 41 11 14
1 11 33 32 23 31 23 41 22 44 32 22 44 11 33 44 14 22 11 44 14 44
1 11 33 32 33 31 22 11 23 41 22 22 44 11 33 44 14 22 14 41 11 14
1 11 32 22 23 31 22 44 23 44 32 22 44 11 32 44 11 22 11 44 11 14
1 11 33 32 22 33 23 11 23 41 33 22 11 11 32 44 11 22 14 41 11 11
1 11 33 22 33 33 22 41 33 44 32 23 44 11 33 44 11 22 14 44 44 11
1 14 32 32 22 31 22 41 22 41 33 22 44 11 33 44 11 24 44 41 11 44
1 11 33 22 22 31 33 41 23 11 22 23 44 13 33 11 11 22 14 41 44 14
1 11 33 32 22 31 33 41 22 41 33 33 44 11 33 44 14 22 14 44 11 14
1 14 33 33 22 11 23 41 23 11 32 22 41 11 33 44 14 22 11 44 14 11
1 14 33 32 23 31 23 44 22 41 32 23 44 11 33 44 44 22 14 41 14 44
1 14 33 33 33 31 23 11 22 41 32 23 11 13 32 41 11 24 14 44 14 14
1 14 33 22 22 31 23 41 23 41 32 23 44 11 33 11 14 22 14 44 14 11
1 14 32 22 33 33 22 41 23 41 32 23 41 11 32 44 11 24 14 11 14 14
1 11 33 32 23 33 23 41 22 41 32 22 44 11 33 44 14 22 14 11 44 11
1 14 33 32 23 31 23 41 22 41 33 22 44 11 32 44 11 22 14 41 14 14
1 14 33 32 22 31 22 41 23 44 32 23 44 13 33 44 11 22 44 41 11 14
1 11 33 33 23 33 23 44 22 44 33 23 44 11 32 44 11 24 11 11 11 11
1 11 33 33 33 31 33 44 23 41 33 23 44 13 33 41 14 24 11 44 14 14
1 11 33 32 23 33 22 11 22 44 32 22 41 11 33 11 11 22 11 41 11 11
1 11 33 32 23 33 33 11 22 44 32 22 41 11 32 41 11 24 14 11 14 11
1 14 33 33 23 31 23 41 22 44 33 23 44 11 32 44 14 22 11 11 14 14
1 11 32 32 23 33 23 11 23 41 33 22 41 11 32 44 11 24 11 11 11 14
1 44 33 33 23 11 22 41 23 41 32 23 41 11 22 41 11 24 11 41 14 44
1 11 33 32 33 33 33 44 33 44 33 22 41 11 33 44 14 24 11 41 14 11
1 14 32 32 33 33 22 41 22 41 32 22 44 13 33 44 11 24 14 41 11 44
1 14 33 22 23 33 33 44 23 41 22 22 44 11 32 44 11 22 14 41 14 11
1 14 33 32 23 33 23 44 22 44 33 23 41 13 33 44 11 24 14 41 44 11
1 11 33 33 33 11 33 41 22 41 32 22 44 11 22 44 14 22 14 41 14 11
1 14 33 32 33 33 22 44 22 41 32 23 11 11 32 44 11 22 11 11 14 11
1 11 33 22 33 33 22 44 22 44 32 23 44 11 33 44 14 22 11 44 14 14
1 14 33 22 23 33 33 11 22 41 22 22 44 11 33 41 14 24 11 11 14 11
1 11 33 33 33 33 22 11 33 41 33 23 41 11 33 41 14 24 14 11 14 14
1 11 33 32 23 33 22 44 33 44 32 23 41 11 33 41 11 24 14 44 11 14
1 11 33 32 22 11 23 44 23 44 32 23 41 11 32 44 11 22 14 44 44 14
1 14 33 32 23 33 22 41 22 41 32 23 41 13 32 44 11 24 11 41 11 11
1 14 32 22 22 31 23 41 22 44 22 33 41 11 22 41 14 22 14 44 11 14
1 14 33 32 23 33 23 11 22 41 22 22 44 11 33 44 14 22 11 41 11 44
1 14 33 22 23 33 23 44 22 11 32 23 44 11 33 44 11 22 14 11 11 14
1 11 32 33 23 31 23 11 22 41 32 23 44 13 33 41 14 22 14 41 44 44
1 14 32 32 23 33 22 44 23 41 32 22 44 11 32 44 11 22 44 11 44 14
1 11 33 32 33 31 22 41 22 41 22 23 44 11 32 44 11 22 44 11 14 14
1 14 33 32 22 33 22 41 22 44 22 23 41 11 32 44 11 22 11 41 14 11
1 14 32 33 22 33 22 41 23 44 32 23 44 11 33 44 11 22 11 41 11 14
1 44 33 22 23 33 23 41 22 44 33 22 44 13 33 44 14 22 14 44 11 11
1 14 22 33 23 33 22 11 22 44 22 23 41 11 33 44 11 44 11 41 11 14
1 14 33 33 33 33 23 44 22 44 33 22 41 11 33 41 11 22 44 41 14 14
1 14 33 22 23 31 22 44 22 44 32 22 41 13 33 44 14 22 44 41 11 11
1 14 33 22 23 33 23 44 23 44 32 23 44 13 32 44 11 24 14 41 14 11
1 11 32 33 23 31 22 44 22 44 32 23 44 11 33 41 11 24 44 44 44 14
1 11 32 32 33 31 33 44 22 44 32 22 41 11 33 44 11 24 14 41 14 11
1 11 33 32 22 31 23 44 23 44 32 23 41 11 22 44 11 22 14 44 14 14
1 14 33 33 23 31 23 41 23 41 33 23 44 11 32 41 11 24 14 41 11 14
1 11 33 32 23 33 22 41 22 44 32 22 44 11 33 41 14 22 11 11 14 14
1 14 32 22 23 33 22 41 22 41 32 22 44 11 33 41 11 24 44 44 11 14
1 14 32 22 23 31 23 11 22 44 33 23 44 11 32 41 14 22 11 41 14 14
1 11 33 32 22 33 22 41 22 44 32 22 41 13 33 11 11 24 11 41 11 14
1 11 33 32 23 31 23 41 22 44 33 22 44 11 33 44 11 22 14 41 14 14
1 14 33 32 23 33 22 44 22 41 32 22 41 11 32 44 11 24 14 44 44 11
1 11 33 32 33 31 22 41 22 44 33 22 44 11 33 41 14 22 11 44 11 14
1 14 32 22 22 31 33 44 22 41 22 22 41 13 33 41 11 22 14 11 11 14
1 14 33 22 23 33 22 44 23 44 32 23 41 13 33 44 14 22 11 44 11 14
1 11 33 32 22 33 33 11 22 44 32 22 44 13 33 44 14 22 11 41 11 14
1 11 33 33 22 33 22 44 22 41 22 23 11 11 32 11 11 24 11 41 44 44
1 11 32 32 22 33 23 41 22 11 32 22 44 11 33 44 11 22 11 44 11 11
1 11 32 33 23 33 23 41 22 44 32 22 44 11 33 44 11 44 44 41 14 44
1 11 33 33 23 31 33 41 22 44 32 23 44 11 33 41 14 24 14 44 11 14
1 11 32 33 22 33 23 41 22 44 33 22 41 11 32 41 11 24 11 44 14 11
1 11 33 33 22 33 22 44 22 11 32 33 41 11 22 44 11 22 11 41 14 44
1 11 33 33 22 33 22 41 22 44 32 22 41 11 33 44 11 24 14 11 11 14
1 11 33 32 22 33 23 11 33 41 32 33 41 13 33 41 14 24 44 41 14 14
1 14 33 33 22 33 22 41 22 44 33 23 41 11 33 41 11 22 14 41 11 11
1 14 33 32 22 31 22 41 22 41 33 33 44 33 32 44 14 44 14 41 14 11
1 14 33 32 23 31 33 41 23 44 32 33 44 11 32 44 11 24 14 41 11 14
1 14 32 32 23 11 23 11 22 44 32 22 44 13 33 44 14 22 44 11 11 11
1 11 33 32 23 33 22 44 22 11 32 22 41 11 32 44 11 22 11 44 44 44
1 14 33 32 33 31 23 11 22 41 22 22 11 11 33 44 11 22 14 41 11 11
1 14 33 22 23 31 23 41 22 44 32 22 44 13 32 11 44 24 14 44 14 14
1 11 33 22 23 31 33 44 22 44 32 22 44 13 32 44 11 22 14 11 14 14
1 11 32 22 22 31 23 44 22 44 33 23 44 11 32 44 11 22 11 44 11 44
1 44 33 32 22 33 22 44 22 11 32 23 44 11 32 44 14 22 11 41 44 44
1 14 33 32 22 33 23 11 22 41 32 23 11 13 33 44 11 24 44 44 11 14
1 14 33 32 22 33 22 41 22 41 32 22 11 11 33 41 11 22 11 41 11 44
1 11 33 22 33 33 22 44 22 41 32 22 44 13 32 11 11 22 11 41 11 14
1 14 33 32 23 33 23 41 22 44 32 23 41 13 32 44 14 22 11 41 14 11
1 11 33 22 23 33 33 44 22 44 33 22 44 11 33 11 11 22 14 44 11 14
1 44 33 32 22 33 22 41 22 44 22 23 41 13 33 44 44 24 11 41 14 14
1 14 32 22 22 31 23 44 22 41 32 22 41 11 33 44 44 22 44 41 44 11
1 11 33 33 22 33 22 41 33 11 22 23 44 11 33 44 11 24 14 44 14 11
1 11 33 22 22 33 22 41 22 41 22 22 11 11 33 41 14 22 14 41 11 11
1 14 33 32 33 33 22 41 23 41 32 23 44 11 33 44 11 24 44 11 11 14
1 14 33 33 23 33 23 11 23 41 32 23 44 11 32 44 11 24 14 44 11 14
1 14 33 32 22 31 33 41 22 41 32 22 44 11 33 41 11 24 44 44 11 14
1 11 32 22 23 33 22 41 23 41 22 22 41 11 32 41 11 22 44 41 11 14
1 11 33 32 22 33 23 41 22 44 32 23 44 11 33 44 11 22 11 44 11 11
1 11 33 22 33 33 23 41 22 44 33 23 44 11 33 44 11 24 44 11 44 14
1 11 33 33 22 33 23 41 22 44 22 23 44 11 32 44 11 22 11 41 11 11
1 11 33 32 22 33 23 11 23 41 33 23 44 11 33 44 11 24 11 41 14 11
1 44 32 32 22 33 22 44 22 11 33 23 41 11 33 44 14 22 14 41 11 11
1 14 33 32 23 31 22 44 23 41 33 33 41 11 33 44 11 22 14 44 11 14
1 14 32 32 23 33 23 11 23 11 32 33 44 33 33 41 11 44 14 41 11 11
1 14 32 32 22 31 22 41 23 44 32 23 11 11 32 41 14 24 11 44 44 14
1 11 33 32 23 11 23 41 22 44 33 22 41 13 32 44 11 22 11 44 11 14
1 11 33 33 23 31 22 44 22 41 32 23 41 11 32 44 11 44 14 11 11 11
1 11 33 33 22 33 22 41 22 41 32 33 44 11 33 44 11 22 11 41 11 11
1 11 33 32 22 33 23 41 23 41 32 22 44 11 33 44 14 44 14 44 44 14
1 14 33 22 22 31 23 41 22 44 22 23 41 13 32 44 11 22 44 41 44 44
1 14 33 33 22 33 22 44 22 11 32 22 41 11 32 44 11 22 44 44 14 14
1 11 32 33 22 33 33 11 22 41 32 22 41 11 33 44 14 22 44 41 11 44
1 11 33 33 23 31 23 41 23 41 32 22 44 11 33 44 11 44 14 44 14 11
1 11 33 22 22 31 22 11 22 44 32 33 44 11 32 44 11 44 14 41 14 11
1 14 33 33 22 33 22 44 23 44 32 22 44 11 33 44 14 22 11 11 14 14
1 11 33 32 22 31 33 41 22 44 32 23 44 11 32 44 14 22 14 44 14 14
1 11 33 33 22 33 22 44 22 44 32 23 41 11 32 44 11 22 11 41 14 11
1 11 33 33 22 33 22 41 22 41 32 22 41 11 32 44 14 22 14 44 11 11
1 11 33 32 23 33 23 44 22 41 22 22 41 11 33 44 14 24 14 11 14 44
1 14 33 32 23 33 22 41 33 41 22 22 41 11 32 11 11 22 11 41 11 11
1 11 22 22 23 31 23 44 22 44 33 22 44 11 33 44 44 24 44 11 14 14
1 14 33 32 33 33 23 41 23 41 33 22 41 13 33 41 11 22 11 41 11 14
1 11 32 22 22 31 23 41 22 41 33 22 41 11 32 44 44 24 14 44 14 11
1 14 33 32 22 31 22 41 23 44 22 22 41 11 33 11 11 24 14 41 11 14
1 14 33 22 33 33 23 41 22 41 32 22 41 11 33 44 11 24 14 41 11 11
1 14 32 22 22 31 22 41 22 44 22 23 11 11 33 44 11 22 11 11 14 11
1 11 33 33 23 31 33 41 23 41 32 22 44 13 32 44 11 24 14 41 11 14
1 11 33 33 33 33 22 11 22 44 33 23 41 11 32 44 11 22 11 41 11 14
1 11 32 22 23 31 22 11 22 41 32 23 44 13 22 44 14 22 14 41 14 14
1 11 32 22 33 31 22 41 22 41 22 22 41 13 33 44 11 24 14 41 14 11
1 11 33 22 23 31 23 41 22 41 22 22 41 13 32 44 11 22 14 44 11 11
1 14 32 32 22 33 23 11 22 44 32 22 44 11 22 44 14 44 44 41 11 14
1 14 33 22 23 33 23 11 22 41 22 33 41 33 32 41 11 22 44 44 14 44
1 11 33 33 23 33 33 44 23 11 33 33 44 11 33 44 14 22 14 44 11 44
1 14 32 33 22 33 33 44 23 44 32 23 44 11 33 44 11 22 11 41 11 14
1 11 33 33 22 31 23 41 23 41 33 22 44 11 33 44 14 22 11 41 11 11
1 11 32 33 23 31 23 44 22 41 22 22 44 13 32 44 11 22 11 44 11 14
1 11 33 33 22 33 23 41 22 41 32 23 11 11 33 44 11 22 44 44 14 11
1 11 32 32 22 33 33 44 22 44 22 22 44 13 32 44 11 22 14 41 11 14
1 14 33 32 23 33 22 44 22 44 32 22 44 11 22 44 14 22 44 11 44 14
1 11 32 32 23 33 23 41 22 44 22 22 41 11 33 44 11 22 14 11 11 11
1 14 33 32 22 33 23 44 22 41 32 23 41 11 32 44 11 22 11 11 14 11
1 11 33 33 23 31 23 41 22 44 32 22 11 11 22 41 14 24 14 44 14 44
1 11 33 32 23 31 23 41 22 44 32 22 41 11 33 44 11 22 14 44 14 11
1 11 33 22 22 33 23 11 23 44 32 23 41 11 32 44 14 24 11 11 11 14
1 44 33 22 33 33 23 44 22 44 32 22 44 13 32 41 11 24 44 44 14 11
1 11 32 32 22 33 22 41 23 41 22 22 44 33 33 44 14 22 11 11 11 14
1 11 32 33 23 33 22 41 23 44 32 22 44 13 33 41 14 24 14 41 11 14
1 11 33 33 22 33 23 41 22 11 32 22 44 13 33 44 14 24 14 44 14 44
1 11 33 32 33 31 23 11 23 11 32 23 11 11 32 44 11 24 14 41 14 14
1 14 32 32 22 33 22 44 22 41 22 22 41 11 32 44 11 24 14 44 11 11
1 14 33 22 23 33 22 44 22 11 32 23 41 11 33 41 11 22 14 11 11 14
1 14 33 32 23 31 22 41 22 44 22 22 44 11 22 44 11 24 14 44 11 14
1 14 33 22 22 33 23 44 22 11 33 23 41 11 32 41 14 22 14 41 14 14
1 14 33 22 23 33 23 11 22 44 32 22 44 11 33 44 11 24 14 44 14 11
1 11 33 32 23 11 33 44 23 44 33 22 44 11 33 41 11 22 14 11 11 11
1 11 33 32 23 33 23 44 22 41 33 23 44 11 33 44 14 24 44 41 11 11
1 11 33 33 23 31 23 44 22 41 32 23 41 11 32 44 11 24 11 41 14 14
1 14 33 33 23 33 23 11 23 41 22 23 41 11 33 44 11 44 44 44 11 14
1 11 32 32 22 33 22 44 23 44 32 22 41 11 33 44 11 22 14 41 11 11
1 11 33 22 23 33 22 41 22 41 32 22 44 11 32 44 14 22 14 44 14 11
1 14 33 32 23 31 22 41 22 41 32 33 41 13 32 44 11 24 44 11 14 11
1 44 33 32 23 33 33 41 22 41 22 22 44 11 33 41 14 24 44 41 14 11
1 44 33 32 22 33 22 41 23 44 32 23 41 11 32 41 44 22 14 11 14 14
1 14 32 32 23 31 22 41 23 41 22 23 11 11 32 44 11 24 44 41 14 11
1 11 32 22 22 31 23 44 22 41 33 23 41 11 32 41 11 24 11 11 11 14
1 14 32 22 33 11 23 41 23 41 32 22 41 11 33 44 11 22 11 44 11 11
1 11 33 32 33 31 33 41 22 44 32 23 41 11 33 41 11 22 11 44 11 14
1 11 33 22 22 33 23 41 22 44 33 22 44 13 33 44 11 22 14 11 14 11
1 14 33 32 22 33 22 41 22 41 32 23 41 11 33 41 11 22 11 11 11 14
1 11 33 32 33 33 23 41 22 41 22 23 44 13 22 44 14 22 14 41 44 14
1 14 33 22 23 31 33 41 22 41 32 22 11 11 33 44 11 24 11 44 14 11
1 14 33 22 22 33 23 41 22 41 32 22 44 11 32 44 11 22 14 11 14 11
1 14 33 32 22 33 23 11 22 41 22 22 44 13 32 44 11 22 44 41 11 44
1 14 33 22 22 33 23 41 22 41 32 23 44 13 33 44 11 22 14 41 11 11
1 11 32 22 23 33 33 44 23 41 33 22 44 11 32 44 44 24 14 41 14 14
1 14 33 32 23 33 22 41 22 44 32 23 41 13 32 41 11 22 11 11 11 44
1 44 33 33 22 11 22 41 22 44 32 23 44 11 22 11 14 22 14 44 11 14
1 44 33 32 22 11 22 11 22 44 32 22 41 11 32 41 14 22 44 44 14 14
1 14 33 22 23 33 23 41 22 41 32 22 11 11 33 44 11 24 14 44 14 14
1 11 32 22 23 33 23 41 22 11 32 23 11 11 33 44 11 24 11 41 14 11
1 11 32 22 22 31 23 11 23 41 22 22 44 11 33 44 14 24 14 41 44 14
1 14 33 22 33 33 22 41 22 41 33 23 44 11 32 44 14 24 11 44 14 11
1 11 33 32 23 33 23 11 23 41 32 22 44 13 32 44 11 24 14 41 11 11
1 11 33 32 22 33 23 41 22 44 33 23 41 13 32 41 11 44 14 44 14 14
1 11 33 33 23 31 23 41 33 41 32 23 44 13 33 44 11 24 14 44 11 44
1 11 33 32 33 33 22 41 22 41 33 22 44 13 33 44 11 22 11 41 11 14
1 11 33 33 33 31 22 41 23 44 22 23 44 11 33 44 11 22 11 44 14 11
1 14 32 32 22 33 22 41 22 41 32 23 41 11 32 44 11 22 14 44 14 14
1 11 33 32 22 31 22 41 23 41 32 22 44 13 33 44 11 24 11 41 14 14
1 14 33 32 23 31 33 41 22 41 33 23 41 13 32 44 14 22 11 44 44 44
1 14 33 32 23 33 22 41 22 11 32 23 44 13 33 41 14 44 14 44 14 44
1 44 32 33 23 31 22 11 22 44 32 23 44 13 32 41 11 22 14 41 11 14
1 14 32 22 23 33 23 41 22 44 22 22 41 11 33 44 11 24 14 41 11 44
1 14 32 32 23 31 23 44 22 41 22 23 41 11 33 44 11 24 11 41 11 14
1 14 33 32 23 33 33 11 22 44 32 23 44 11 32 44 14 22 14 41 11 11
1 11 33 22 22 33 22 11 23 41 33 33 44 11 32 44 11 22 14 41 14 11
1 11 32 32 23 33 22 11 22 41 22 22 41 13 32 44 14 44 14 11 14 14
1 14 33 32 23 31 33 41 22 44 22 22 41 11 32 41 11 22 11 44 14 11
1 11 33 32 22 33 23 44 22 44 33 23 41 11 33 44 11 22 14 44 14 14
1 11 33 33 23 11 22 41 22 41 22 23 41 13 32 44 14 22 14 41 14 44
1 14 33 33 33 11 22 44 22 41 33 22 44 11 32 41 11 22 14 41 11 11
1 11 32 32 33 31 23 44 23 41 33 23 41 13 32 44 11 22 44 44 11 11
1 14 33 32 23 31 22 41 33 41 22 23 44 11 33 41 11 24 14 41 44 44
1 11 33 32 23 33 23 11 23 44 33 22 11 11 32 41 11 22 11 44 14 11
1 11 33 32 23 11 22 44 23 44 33 33 44 11 32 44 11 22 44 41 11 14
1 14 33 32 22 31 22 41 22 41 32 22 44 11 33 44 44 22 11 44 11 11
1 44 33 33 22 31 22 41 22 41 33 23 44 11 33 41 11 24 14 41 14 11
1 14 33 32 23 33 23 11 22 44 32 22 44 11 33 44 14 22 44 44 11 11
1 11 33 32 22 33 23 44 22 41 22 22 44 13 33 44 11 22 44 44 11 11
1 44 33 22 22 31 23 41 22 41 33 23 44 11 33 41 11 22 44 11 14 11
1 14 33 22 23 31 22 44 22 41 32 22 41 13 33 44 11 24 14 11 14 11
1 14 33 32 22 33 33 44 23 44 33 22 41 11 33 44 11 24 11 41 11 11
1 14 22 22 33 33 23 11 22 44 32 22 44 11 33 44 14 22 44 44 11 44
1 11 33 32 23 31 23 44 22 41 33 22 41 13 32 44 11 24 44 41 14 14
1 11 33 33 33 33 23 41 23 44 22 23 44 11 33 44 11 22 11 41 11 14
1 11 33 22 23 33 33 41 22 41 32 22 41 11 32 44 11 22 44 41 14 14
1 14 33 32 22 33 23 41 22 41 32 22 44 13 32 44 11 22 11 44 11 14
1 14 33 22 22 31 22 44 22 44 32 23 41 11 33 44 11 22 44 11 14 14
1 14 33 33 23 31 22 41 22 41 33 33 41 13 33 41 11 22 44 44 11 14
1 11 33 32 23 33 23 44 22 41 33 23 41 11 33 44 11 22 11 11 11 11
1 11 33 22 22 33 23 41 23 41 32 22 41 11 32 41 11 22 11 41 11 14
1 11 32 32 33 33 23 41 22 41 32 33 44 11 33 41 44 22 14 41 11 11
1 14 33 22 22 31 23 41 22 41 33 22 41 11 32 44 14 22 11 41 14 11
1 44 33 33 22 33 23 41 23 44 32 23 41 11 33 41 11 22 44 41 14 11
1 14 32 32 33 11 22 41 22 11 32 33 11 13 33 41 11 24 14 44 14 14
1 11 33 33 23 33 22 44 22 41 32 22 44 11 33 44 11 24 14 44 11 11
1 11 33 32 23 31 22 41 22 41 32 23 44 11 22 41 14 22 11 41 14 14
1 11 33 22 23 33 22 41 22 41 33 22 44 11 33 41 11 22 14 41 11 11
1 14 32 22 23 33 23 41 22 41 33 23 44 11 32 41 14 22 44 11 11 44
1 11 33 22 23 31 33 44 23 41 32 22 41 11 33 44 11 24 14 41 11 44
1 11 33 22 23 33 22 41 22 41 32 22 44 11 32 44 11 24 14 41 11 14
1 11 32 33 22 33 23 11 22 11 32 22 44 11 33 44 11 22 44 11 11 11
1 44 33 32 22 33 22 41 22 44 32 23 44 11 33 44 11 22 14 41 11 11
1 11 33 32 33 11 23 41 22 44 33 22 41 13 33 41 14 22 14 11 44 11
1 14 33 33 23 31 22 44 22 41 33 33 44 11 32 44 11 24 14 11 14 11
1 44 32 33 33 31 23 41 22 11 22 22 41 13 32 44 11 22 11 41 11 14
1 44 33 22 33 33 22 44 22 41 33 22 44 11 22 44 11 24 11 11 11 14
1 14 32 32 23 31 33 11 23 41 22 23 41 13 33 44 14 44 14 44 11 14
1 14 32 32 23 33 23 41 22 44 32 33 44 33 32 41 11 24 14 44 14 14
1 11 33 33 22 33 22 11 22 11 33 23 41 13 33 44 14 22 11 44 14 11
1 11 33 33 22 31 22 41 22 41 32 23 41 13 32 44 11 22 14 41 14 11
1 14 33 32 33 31 23 41 22 41 32 22 11 11 32 44 11 22 14 44 11 11
1 11 33 32 33 33 22 44 22 41 32 23 11 11 32 41 11 24 11 41 14 11
1 14 33 33 33 33 23 41 22 41 32 23 44 11 33 44 11 24 44 44 11 11
1 11 33 33 33 31 22 44 22 44 32 22 41 13 33 44 11 22 11 41 14 11
1 11 33 32 23 11 22 11 22 41 32 22 44 13 33 44 11 22 14 41 11 14
1 11 33 32 23 31 22 11 22 44 32 22 41 11 33 44 11 24 14 41 14 44
1 11 33 22 23 33 22 44 22 44 33 22 44 11 33 44 11 22 14 44 11 11
1 11 33 33 22 33 22 41 22 41 32 22 44 11 32 44 14 22 44 11 14 11
1 11 33 22 23 33 23 41 23 44 33 23 44 11 33 44 14 24 44 41 11 44
1 14 33 32 22 33 23 44 33 41 32 23 41 11 22 41 14 22 14 44 11 44
1 11 33 32 22 31 22 11 22 44 22 33 41 11 32 44 14 24 14 11 14 11
1 44 33 22 23 31 23 11 22 41 32 22 11 11 32 44 11 22 14 44 11 44
1 11 33 33 22 33 22 11 22 41 32 23 41 11 33 44 11 22 11 11 14 11
1 11 32 33 22 33 22 41 22 41 33 22 41 11 33 44 14 24 44 11 11 11
1 14 32 22 23 31 23 41 22 44 32 23 11 11 32 44 11 22 14 44 11 11
1 14 33 32 33 33 23 11 22 44 32 23 44 13 33 44 44 24 11 44 14 11
1 14 33 32 22 31 22 41 22 41 32 23 44 11 33 44 14 24 44 11 11 14
1 14 33 32 22 33 23 41 22 41 32 23 44 11 33 44 14 22 14 44 14 14
1 11 33 32 22 33 23 41 22 44 22 23 44 13 22 44 44 22 44 11 14 14
1 11 33 33 22 33 23 44 22 44 22 22 41 11 33 44 11 22 11 44 11 14
1 11 33 33 23 31 23 41 22 44 32 22 11 11 33 44 14 22 11 41 14 14
1 11 33 32 23 33 33 44 22 44 32 23 44 11 32 44 14 22 14 41 11 14
1 14 33 22 33 31 23 11 22 44 33 23 44 13 32 44 11 44 14 41 14 11
1 11 33 32 23 33 22 44 23 44 22 22 44 13 32 44 11 24 11 41 14 11
1 14 33 32 23 31 23 41 23 11 32 22 41 11 33 11 11 22 14 41 44 11
1 14 32 32 22 31 23 41 23 41 32 23 44 11 32 41 11 24 11 41 11 14
1 11 32 33 23 33 23 44 22 44 32 22 41 11 33 44 11 24 11 41 11 14
1 11 32 32 22 33 22 41 23 44 32 23 44 11 33 44 44 22 11 41 11 14
1 11 32 22 23 33 33 41 23 44 22 22 41 11 32 41 11 22 14 41 11 14
1 14 22 22 22 33 22 11 22 41 32 23 44 11 33 44 14 24 11 44 14 14
1 14 33 22 22 11 33 41 22 44 33 23 11 11 33 44 11 22 14 41 44 44
1 14 33 22 22 31 23 44 22 41 33 22 44 11 33 44 11 22 14 44 14 14
1 11 33 22 23 33 22 11 22 44 32 22 44 11 32 41 11 22 14 11 14 44
1 11 32 22 22 33 23 41 22 41 33 22 41 11 32 44 14 22 11 44 11 11
1 14 33 22 22 31 23 11 22 44 32 22 44 11 33 44 11 24 14 11 11 14
1 11 33 32 22 11 23 44 23 41 33 22 41 11 33 41 11 24 14 11 11 14
1 14 33 32 23 33 22 41 23 41 22 23 44 13 32 41 11 22 44 41 14 11
1 44 32 22 22 33 22 41 22 41 22 23 41 11 32 44 11 22 14 41 14 14
1 11 33 32 22 31 22 44 22 41 32 23 41 11 33 44 44 22 14 44 14 11
1 11 32 33 22 33 22 41 23 41 32 33 44 11 32 44 11 22 44 41 14 14
1 14 33 22 23 31 22 44 22 41 32 33 44 11 33 41 14 44 14 11 11 14
1 11 33 33 22 11 22 11 23 44 32 23 44 11 32 44 11 22 14 41 14 14
1 44 33 32 33 11 23 41 22 11 33 22 41 11 32 41 11 44 44 11 14 44
1 11 22 32 23 33 23 41 22 41 33 22 11 11 22 44 14 24 11 44 14 14
1 14 33 32 33 33 22 44 23 44 22 22 44 11 33 44 14 24 44 44 11 44
1 14 33 33 22 33 23 41 22 44 22 22 44 11 32 44 11 22 14 41 11 14
1 11 32 22 22 31 33 11 23 44 32 22 11 11 33 44 11 22 44 41 14 14
1 11 33 32 22 11 22 41 22 41 33 23 44 11 33 44 11 22 44 41 11 11
1 44 33 32 23 33 23 44 22 44 22 22 41 11 33 44 11 22 14 44 11 14
1 11 33 32 22 33 22 44 22 44 33 22 41 11 32 44 14 22 14 44 44 11
1 11 32 33 22 33 22 41 23 41 32 22 41 11 32 44 11 22 14 41 11 44
1 11 32 32 23 31 23 41 22 41 32 23 41 11 33 41 11 22 11 41 14 44
1 11 33 32 23 31 23 41 23 41 32 23 44 11 33 44 11 22 11 41 11 14
1 11 32 33 22 31 22 44 22 41 32 23 44 11 32 44 14 24 44 44 11 44
1 14 33 32 23 31 23 41 23 41 32 22 41 11 33 41 11 22 44 41 11 11
1 11 33 22 23 33 33 41 22 44 33 33 44 11 22 41 11 24 11 41 14 14
1 14 33 32 22 33 23 41 23 41 22 22 41 11 32 44 11 22 11 41 14 14
1 14 33 33 22 31 22 11 22 44 32 22 44 11 33 44 11 22 14 44 14 44
1 11 33 33 22 33 23 41 22 41 22 23 44 11 33 41 14 24 11 44 14 11
1 14 33 32 22 31 23 41 22 44 33 22 41 11 32 44 14 24 14 11 44 11
1 11 33 32 22 33 23 44 22 41 32 23 44 13 33 44 14 24 14 44 11 11
1 14 32 32 23 33 22 41 23 44 22 23 44 11 33 44 11 22 14 41 11 14
1 11 33 33 23 33 33 44 23 41 32 23 11 13 33 44 11 24 14 44 44 44
1 14 33 32 23 33 33 44 22 44 32 22 41 11 32 41 11 24 11 44 11 14
1 44 33 32 22 33 22 41 22 44 32 22 44 11 33 41 44 44 14 41 11 14
1 14 33 22 33 33 23 44 22 41 33 22 44 13 33 41 11 24 14 44 14 44
1 11 33 33 22 33 23 44 22 41 32 23 41 11 33 44 11 24 14 44 14 11
1 11 32 32 23 11 33 11 23 41 33 33 44 11 32 44 44 22 14 41 14 44
1 11 33 33 23 33 22 41 22 41 32 22 44 11 33 41 11 22 14 41 14 14
1 11 33 32 22 33 22 44 22 41 22 23 44 11 32 44 14 24 14 41 44 14
1 11 33 22 23 33 22 11 22 41 32 22 41 11 32 44 14 22 11 44 11 14
1 11 32 33 33 31 33 44 23 11 32 23 44 11 33 44 11 22 11 44 11 14
1 11 33 33 22 31 23 11 23 41 32 22 41 11 33 41 11 22 14 41 14 11
1 14 33 33 23 33 23 41 23 41 32 22 41 11 33 44 11 22 11 44 11 14
1 11 33 32 23 31 22 44 23 44 32 22 44 11 32 44 14 22 14 11 11 14
1 14 32 32 22 33 33 11 22 41 32 22 41 11 32 44 14 22 14 44 11 14
1 11 32 22 23 33 22 44 22 11 32 22 41 13 33 44 11 22 14 11 14 14
1 11 32 32 22 33 23 44 22 11 32 22 44 13 33 44 14 22 11 41 14 11
1 11 33 33 22 33 23 44 22 11 22 33 44 11 33 41 11 24 11 41 44 44
1 11 33 32 22 33 22 11 22 44 22 23 44 13 33 44 44 22 14 41 11 44
1 11 33 32 33 33 23 11 22 41 32 23 44 11 32 44 14 24 11 41 11 14
1 11 33 33 22 33 22 44 22 44 22 23 44 11 33 44 11 24 14 11 44 11
1 14 33 22 23 33 23 44 22 11 22 23 44 11 32 44 14 24 44 41 11 11
1 44 33 32 23 33 23 41 22 44 32 22 44 11 33 44 14 24 14 41 14 14
1 11 33 22 23 33 23 41 22 44 22 33 44 11 32 44 14 22 11 11 14 11
1 11 33 32 23 33 23 41 22 44 22 22 41 11 33 44 11 24 14 41 11 44
1 11 33 33 22 33 23 41 22 44 33 22 44 11 33 41 14 22 11 41 14 11
1 11 32 22 23 31 23 44 22 44 33 23 41 11 33 44 11 22 14 44 11 14
1 11 33 32 33 33 22 44 22 41 32 23 44 11 32 41 14 22 44 41 14 14
1 14 32 32 23 31 22 44 22 41 32 23 41 13 33 11 14 22 14 44 44 11
1 14 32 32 23 11 22 11 22 44 22 23 44 11 33 44 11 22 11 11 11 11
1 14 33 33 22 31 22 44 23 44 32 22 11 11 32 44 11 24 44 41 14 14
1 11 33 32 23 33 23 44 22 41 22 23 41 13 33 44 11 22 14 44 14 14
1 11 33 32 22 33 23 11 22 44 33 22 44 11 32 41 11 24 11 41 44 14
1 11 32 32 33 33 33 41 22 44 22 22 41 11 33 44 11 22 14 44 14 44
1 44 33 22 23 33 23 41 22 44 33 33 11 11 33 44 14 22 11 41 14 11
1 44 33 32 23 33 23 44 22 44 22 23 44 13 32 44 11 24 11 44 11 14
1 14 33 22 33 33 22 41 22 41 22 22 41 11 32 44 11 24 11 44 14 11
1 14 33 22 33 33 22 44 23 41 32 22 41 11 33 44 44 22 14 44 14 14
1 14 33 32 22 33 22 41 22 44 32 23 44 11 33 44 11 22 14 11 11 14
1 14 33 33 33 33 22 41 23 41 33 22 11 13 32 41 11 22 14 11 44 14
1 14 33 22 23 31 22 44 23 44 22 23 41 11 22 41 11 22 11 44 11 14
1 11 33 32 22 33 22 44 23 44 22 22 41 11 32 44 11 24 44 44 11 11
1 14 33 32 33 33 33 11 23 11 32 22 44 11 33 44 14 24 11 41 11 14
1 11 32 22 23 31 23 44 22 11 22 23 41 13 33 44 11 44 11 41 11 14
1 14 32 33 23 31 22 11 22 11 32 22 44 13 33 44 14 22 44 44 11 11
1 11 32 33 23 31 22 44 23 11 22 23 11 11 32 41 14 24 14 44 14 11
1 11 33 32 23 33 33 41 23 41 32 22 41 11 33 41 11 24 14 11 11 44
1 11 33 32 22 33 33 44 22 44 22 22 41 11 33 44 11 24 14 44 11 11
1 11 33 32 22 33 22 44 22 44 32 22 41 11 33 44 11 22 44 44 11 14
1 11 33 33 23 33 23 44 22 41 32 22 44 11 32 44 14 22 14 11 11 14
1 44 33 32 22 33 23 11 22 44 22 23 44 11 33 44 14 22 44 11 14 44
1 11 32 33 23 33 23 44 22 41 33 22 44 11 33 44 11 22 11 41 11 11
1 14 33 32 33 33 33 41 23 11 32 23 11 13 32 44 11 22 44 41 14 11
1 11 33 33 23 33 33 44 23 41 32 23 44 11 33 41 11 22 11 44 14 14
1 11 33 32 33 33 22 41 22 41 33 23 41 11 33 44 44 22 14 41 11 14
1 11 33 33 22 31 23 41 22 44 32 23 44 11 22 44 11 22 14 41 14 14
1 11 33 32 23 33 22 41 23 44 32 23 11 11 33 44 14 22 14 44 14 11
1 14 32 22 22 33 22 41 22 41 22 22 41 13 32 41 14 44 14 44 44 11
1 11 32 32 22 31 22 41 23 44 32 22 44 11 33 44 11 22 14 41 11 11
1 11 33 22 22 33 23 41 22 44 22 22 44 11 33 41 14 22 14 44 14 11
1 14 33 22 22 31 22 41 22 41 22 23 44 11 33 44 14 24 11 44 11 11
1 44 32 32 22 31 23 41 22 44 32 23 41 11 32 44 14 22 44 41 14 14
1 11 33 32 22 31 23 41 22 41 33 23 44 11 33 44 11 22 44 44 14 14
1 11 33 32 22 31 23 11 23 41 32 22 44 13 32 41 14 22 14 44 11 44
1 44 33 32 22 31 23 41 22 41 32 23 41 11 32 41 11 22 44 41 11 14
1 14 33 22 33 33 23 41 22 44 22 22 41 11 33 44 11 22 14 44 44 11
1 14 33 22 33 31 22 41 23 41 32 22 44 11 33 44 14 22 44 41 11 14
1 14 32 33 23 33 33 11 33 11 32 23 44 13 32 11 11 22 14 44 14 11
1 14 33 32 22 31 23 44 22 41 32 33 44 11 32 41 11 22 14 44 11 11
1 11 33 22 22 33 22 44 22 44 22 22 41 11 32 44 14 22 14 44 11 14
1 11 33 32 23 31 22 41 22 41 32 23 41 11 33 44 11 22 14 11 11 14
1 14 33 32 23 33 23 11 22 11 32 23 41 13 32 41 14 24 14 44 44 11
1 11 32 32 22 33 23 41 22 41 32 23 44 11 33 44 11 22 11 41 11 11
1 14 33 22 33 33 22 44 22 44 33 22 44 11 33 44 11 22 14 44 11 14
1 11 32 33 33 33 23 44 22 44 22 23 41 11 32 44 11 24 44 44 11 14
1 11 32 32 23 33 33 44 33 44 22 23 41 11 33 41 11 22 14 11 14 14
1 14 33 32 23 33 22 41 22 11 33 22 41 13 32 44 14 22 14 44 14 14
1 14 33 22 22 31 22 41 22 44 22 22 44 11 33 44 14 24 14 41 11 14
1 11 33 22 33 11 23 41 33 44 32 22 44 13 32 41 44 22 14 41 14 14
1 11 33 32 23 33 23 44 22 44 32 23 41 11 33 41 11 22 14 41 11 44
1 14 32 32 22 33 33 41 23 44 32 23 11 11 32 44 11 22 14 44 14 44
1 14 33 32 23 11 23 41 33 41 22 22 44 11 33 44 14 22 11 41 11 44
1 14 33 33 22 33 22 44 22 44 22 22 41 11 32 44 11 24 11 41 11 14
1 14 32 32 23 11 23 11 23 41 22 23 44 11 33 41 14 22 14 44 11 11
1 11 32 22 22 31 23 44 22 44 32 23 41 11 22 44 11 24 11 44 11 11
1 11 33 33 22 31 23 41 22 44 32 22 44 11 33 44 44 22 11 44 11 14
1 11 33 32 33 31 23 41 22 11 22 22 44 11 33 44 11 22 14 41 14 14
1 14 33 33 23 31 23 41 23 41 32 23 11 11 33 44 11 22 11 41 11 14
1 11 33 33 33 31 33 44 22 41 22 23 41 11 33 41 11 24 14 44 14 14
1 14 33 32 23 33 33 41 22 44 32 23 41 11 33 41 14 22 14 44 11 14
1 14 32 32 22 33 23 41 22 44 32 33 44 11 33 44 11 24 14 11 14 11
