 rs3768293 rs12405694 rs1566145 rs6603867 rs6678618 rs1472408 rs6603883 rs11260822 rs904106 rs11588669 rs12408442 rs4233539 rs924206 rs6661012 rs7538966 rs4661718 rs12057222 rs7538216 rs11260930 rs6656611 rs12740413 rs221030 rs221031 rs221032 rs221035 rs221037 rs221045
0 33 14 14 11 33 44 41 22 41 44 22 22 22 22 33 33 11 33 44 32 32 14 33 32 11 41 22
0 13 14 11 41 33 14 41 22 44 41 23 32 32 32 32 23 41 32 14 32 32 14 23 33 14 41 23
0 33 14 14 11 32 14 41 22 44 11 23 22 32 32 22 33 41 22 14 22 32 14 23 32 11 41 23
0 11 11 11 44 33 11 44 22 44 44 22 33 33 33 33 22 44 33 11 33 33 11 22 33 11 44 22
0 13 11 11 41 33 14 41 22 44 41 22 33 33 32 33 22 44 33 11 32 32 11 22 32 11 41 22
0 13 11 14 11 32 44 41 23 41 11 23 32 22 32 33 33 41 32 44 32 32 14 23 32 11 41 23
0 13 11 11 41 33 11 44 22 44 41 22 33 32 32 32 23 41 33 14 32 33 14 22 33 11 44 22
0 13 14 14 41 32 14 41 23 41 41 23 32 32 32 32 23 41 32 14 32 32 14 23 32 14 41 23
0 11 11 11 44 33 11 41 22 44 44 22 33 33 32 33 23 44 33 11 33 33 11 22 33 11 44 22
0 13 14 44 11 32 14 11 22 11 41 23 32 33 22 32 23 44 33 11 32 32 44 22 22 11 44 23
0 13 11 11 41 33 14 41 22 41 41 22 32 32 32 32 23 44 33 14 32 33 11 22 33 11 44 22
0 11 14 11 41 33 14 41 22 41 44 22 32 33 33 33 23 44 32 11 33 33 14 23 32 11 44 23
0 13 11 14 41 33 14 41 22 41 44 23 32 33 32 33 22 11 33 14 32 22 14 23 32 11 44 23
0 13 11 11 41 32 14 41 22 41 41 23 32 32 32 33 23 44 32 14 32 32 14 23 32 11 41 23
0 13 14 11 44 33 14 41 22 41 44 22 32 32 33 33 22 41 32 14 33 33 14 23 33 14 44 23
0 13 11 14 11 32 14 41 23 41 11 22 32 33 33 33 33 41 32 14 33 33 11 22 32 14 41 23
0 11 11 11 41 33 14 44 22 44 44 22 33 33 32 33 22 44 33 14 32 33 14 22 33 11 44 22
0 13 11 14 41 32 14 41 23 41 41 22 32 32 32 33 23 41 32 14 32 32 14 23 33 11 41 23
0 33 44 14 11 22 44 11 33 11 11 23 22 22 22 22 33 11 32 44 22 22 44 33 22 44 11 33
0 11 11 11 44 33 11 44 22 44 41 22 22 33 32 33 22 44 33 11 33 32 11 22 33 11 44 22
0 33 11 11 11 33 44 41 22 41 11 23 32 33 22 32 23 11 32 44 22 33 44 23 33 11 11 23
0 13 11 11 44 33 14 41 22 44 41 22 32 33 33 33 22 41 33 14 33 33 14 23 32 11 41 22
0 13 14 14 41 33 14 41 22 44 41 22 22 33 32 32 23 41 33 11 22 33 14 23 33 11 44 22
0 13 11 11 41 33 11 44 22 44 44 22 32 33 32 33 22 44 33 11 32 33 11 22 32 11 44 22
0 33 11 11 11 32 14 44 22 44 44 22 33 33 32 33 23 44 33 11 33 33 11 23 33 11 44 22
0 13 14 11 44 33 11 44 22 44 41 22 32 33 33 33 23 44 33 11 33 33 14 22 32 11 41 22
0 13 11 11 44 33 11 41 22 41 41 22 22 33 32 33 23 41 32 14 32 32 14 23 33 11 41 22
0 11 11 11 44 33 11 41 22 44 44 22 33 33 33 33 22 44 33 11 33 33 11 22 33 11 44 22
0 13 14 11 41 33 14 41 22 44 41 22 32 32 32 33 23 41 32 14 32 32 11 23 32 14 41 22
0 11 14 11 11 22 44 41 22 41 11 22 32 32 32 22 33 44 33 11 33 32 14 23 32 11 11 22
0 13 14 11 41 33 14 41 22 44 41 22 32 33 32 33 23 44 33 14 32 33 11 22 32 11 44 23
0 33 11 11 41 33 14 44 22 41 11 22 32 32 22 22 33 44 32 11 22 32 44 23 32 14 41 22
0 11 11 11 44 33 11 44 22 41 41 22 32 32 32 33 23 44 32 14 33 33 11 22 32 11 44 22
0 13 11 11 41 32 14 11 22 41 11 22 32 32 22 33 22 41 32 14 33 33 11 23 33 11 41 22
0 13 14 14 41 32 44 41 23 41 41 22 32 33 32 32 23 41 33 14 32 33 14 22 32 14 11 23
0 13 11 14 44 33 14 41 22 44 44 22 32 33 32 33 23 44 33 11 33 33 11 23 33 11 44 22
0 11 11 11 44 33 11 44 22 44 44 22 33 33 32 33 23 44 33 11 33 33 11 22 33 11 44 22
0 13 11 11 44 33 11 44 22 44 44 22 33 33 33 33 22 44 33 11 33 33 11 22 33 11 44 22
0 11 14 11 41 33 44 41 22 44 11 22 32 32 33 33 22 44 33 11 32 33 44 22 32 11 44 22
0 13 14 11 41 33 14 41 22 44 41 22 33 32 33 32 23 44 33 11 33 33 14 22 32 11 44 22
0 13 14 11 41 32 11 41 22 44 41 22 32 33 33 32 23 44 33 14 32 33 11 23 32 14 41 23
0 11 11 11 41 32 11 44 22 44 44 22 32 33 33 33 23 41 33 11 32 33 11 22 33 11 41 22
0 33 11 11 11 32 14 41 22 11 11 23 32 33 33 33 33 41 32 14 33 32 44 33 32 11 11 22
0 13 11 11 11 32 14 41 22 41 41 23 33 33 32 32 23 41 33 11 32 22 14 23 32 11 44 22
0 11 11 11 44 33 11 41 22 44 44 22 32 33 33 33 22 44 33 11 33 33 11 22 33 11 44 22
0 13 14 14 41 32 14 41 23 41 41 23 32 32 22 32 33 41 32 14 32 32 14 23 32 14 41 22
0 13 11 11 41 33 14 41 22 44 41 23 32 32 32 33 23 44 32 14 32 33 14 23 32 11 41 23
0 33 14 11 41 32 14 11 23 41 11 23 22 22 22 32 33 11 22 44 22 22 44 33 32 14 11 23
0 33 44 14 41 32 14 41 23 11 41 23 22 32 22 33 23 41 33 14 32 32 14 23 32 14 11 22
0 13 11 11 41 33 11 44 22 44 44 22 33 33 32 33 22 44 33 11 33 33 11 22 33 11 44 22
0 13 14 14 11 32 14 41 23 41 41 22 32 32 32 32 23 41 32 14 32 33 14 23 32 14 41 23
0 13 11 14 41 33 11 41 22 44 41 22 32 33 32 33 22 44 33 11 32 33 11 22 33 11 41 23
0 13 14 11 41 32 11 44 22 44 41 23 33 33 32 33 22 44 33 11 33 32 11 23 33 11 44 22
0 33 14 11 41 33 14 11 22 41 11 22 22 22 32 33 23 41 33 44 32 32 11 22 32 11 41 23
0 13 11 14 41 33 14 41 22 44 41 23 32 32 32 33 23 41 33 14 33 32 14 23 32 11 41 22
0 13 11 11 41 33 11 44 22 44 44 22 33 33 32 33 22 44 33 11 33 33 11 22 33 11 44 22
0 11 11 11 44 33 11 11 22 44 44 22 33 33 32 33 22 44 33 11 33 33 11 23 33 11 44 22
0 33 14 14 11 32 14 11 23 41 41 23 32 32 32 32 23 41 32 14 32 32 14 23 32 11 11 23
0 13 11 11 41 33 14 44 22 44 44 22 22 33 32 33 22 44 33 11 33 33 11 22 33 11 11 22
0 13 14 11 41 32 44 41 22 41 41 22 22 33 32 32 22 44 32 14 33 32 14 23 33 11 41 22
0 13 14 11 41 33 14 41 22 41 41 23 32 32 32 33 23 44 32 14 32 32 14 22 33 11 41 22
0 13 14 14 41 33 14 44 22 44 41 22 32 32 33 32 23 41 33 11 32 33 11 23 33 11 41 22
0 11 11 11 44 33 11 44 22 44 44 22 33 33 33 33 22 44 33 11 33 33 11 22 33 11 44 22
0 13 11 11 44 33 14 44 22 41 44 22 33 33 32 32 23 44 33 11 32 33 11 22 33 11 44 22
0 13 11 14 41 33 11 44 22 44 44 22 32 32 32 33 23 44 33 11 33 33 11 22 33 11 44 22
0 11 11 11 44 33 11 44 22 44 44 22 33 33 33 33 22 44 33 11 33 33 11 22 33 11 44 22
0 11 11 11 44 33 11 44 22 44 44 22 33 33 32 33 22 44 33 11 32 33 11 22 33 11 44 22
0 33 11 11 41 32 14 44 22 44 44 22 33 32 32 33 23 44 33 11 33 33 11 23 33 11 44 22
0 33 14 11 41 32 44 11 22 41 11 23 22 22 22 33 33 41 32 14 32 33 44 23 22 11 11 23
0 13 11 11 44 33 11 44 22 44 44 22 33 33 33 33 22 44 33 11 33 33 11 22 33 11 44 22
0 13 11 11 41 33 11 11 22 41 44 22 33 32 32 32 23 44 32 11 33 33 14 22 32 11 41 23
0 13 11 11 44 33 11 44 22 44 41 22 32 33 33 33 22 44 33 11 33 33 14 22 33 11 44 22
0 13 14 14 41 32 14 41 23 41 41 23 32 32 32 32 23 41 32 14 32 32 14 23 32 14 41 23
0 33 14 11 11 33 11 44 22 44 41 22 22 32 32 33 23 44 33 14 33 32 14 22 33 11 41 22
0 13 11 11 44 33 11 44 22 41 41 22 32 32 33 33 23 44 33 11 33 33 11 22 33 11 41 22
0 11 11 11 41 33 14 41 22 41 44 23 33 33 22 33 33 41 32 11 32 33 11 22 32 11 41 22
0 13 14 14 41 33 14 11 23 41 11 23 22 32 22 33 33 41 32 11 32 22 14 22 32 14 41 22
0 33 44 14 11 22 44 11 22 11 41 33 22 22 22 22 33 44 32 44 33 32 14 33 22 14 41 33
0 11 11 11 44 33 14 44 22 41 44 22 32 33 32 33 22 44 33 11 33 33 11 22 33 11 44 22
0 11 11 11 44 33 11 44 22 44 44 22 33 33 33 33 23 44 33 11 32 33 14 22 33 11 44 22
0 13 14 44 11 22 14 41 22 41 11 23 32 33 22 32 33 41 32 44 22 32 14 33 22 14 11 33
0 13 14 14 41 33 14 41 23 41 41 22 22 32 22 32 23 41 33 14 32 32 14 23 32 11 41 23
0 13 14 11 41 33 14 44 22 41 41 22 32 32 32 33 22 44 32 14 32 33 14 23 33 11 41 23
0 11 11 11 44 33 11 41 22 44 41 22 33 33 32 33 22 41 33 11 33 33 14 22 33 11 44 22
0 13 11 11 11 33 11 44 22 44 44 22 32 33 32 33 22 44 33 11 33 33 11 22 33 11 41 22
0 33 11 11 41 33 11 41 22 41 44 22 32 33 32 32 23 41 32 11 33 32 11 22 33 11 41 23
0 13 14 11 41 33 11 41 23 41 41 22 32 32 32 33 22 41 32 14 33 32 11 23 32 11 41 22
0 33 44 14 11 32 44 11 33 11 11 23 22 22 32 32 33 11 22 44 22 33 44 33 32 44 11 23
0 13 14 14 11 32 14 41 23 41 41 23 22 32 33 32 23 41 32 14 32 32 14 23 32 11 41 23
0 11 11 11 44 33 11 44 22 44 44 22 32 33 33 33 22 44 33 11 33 33 11 22 33 11 44 22
0 11 11 11 44 33 11 44 22 44 44 22 33 33 33 33 22 44 33 11 33 33 11 22 33 11 44 22
0 13 14 11 41 33 11 41 23 41 41 23 32 32 32 33 23 41 33 14 32 32 14 23 32 11 44 23
0 13 14 14 41 33 14 41 23 41 41 22 33 33 32 32 23 41 32 14 32 32 14 33 32 11 41 23
0 11 11 11 44 33 14 44 22 44 44 22 33 33 33 33 22 44 33 11 33 33 14 22 33 11 44 22
0 33 14 14 41 32 14 41 23 41 41 23 32 32 32 32 33 41 32 14 32 32 14 23 33 11 41 23
0 11 11 11 41 33 11 44 22 44 44 22 33 33 33 33 22 44 33 11 33 33 11 22 33 11 44 22
0 11 11 11 11 33 11 41 22 44 44 22 32 33 33 33 22 44 33 11 33 33 11 22 33 11 44 22
0 11 14 11 41 33 11 44 22 44 44 22 32 33 32 33 22 44 33 14 33 33 11 22 33 11 44 22
0 11 11 11 44 33 14 44 22 44 44 22 33 33 32 33 22 44 33 11 32 33 11 22 33 11 44 22
0 11 11 11 41 33 11 44 22 44 44 22 32 32 32 33 23 41 33 11 33 32 11 22 33 11 44 22
0 13 14 11 41 32 14 44 22 44 41 23 32 32 32 33 22 41 33 11 32 32 11 23 32 11 44 22
0 11 11 14 11 33 14 11 22 11 44 23 22 32 22 33 23 41 33 11 32 32 11 23 32 11 44 22
0 33 44 44 11 22 44 11 23 11 11 23 22 22 22 22 33 44 22 44 22 22 14 33 22 44 11 22
0 13 11 11 41 32 11 11 22 44 41 22 33 33 32 33 23 44 33 11 33 33 11 23 33 11 44 22
0 33 11 14 41 32 44 41 22 41 41 33 22 22 32 32 23 44 33 44 22 33 14 23 32 11 41 33
0 11 11 11 44 33 14 41 22 44 41 22 33 33 33 33 22 44 32 11 33 33 11 22 33 11 41 22
0 13 44 44 41 32 44 11 23 11 11 22 22 22 22 32 33 41 22 14 22 22 44 33 32 14 11 23
0 13 14 14 11 33 44 41 22 41 11 23 22 32 22 22 33 11 22 11 22 22 11 23 32 11 41 23
0 13 11 11 44 33 11 41 22 44 44 22 33 33 33 33 23 44 32 14 33 33 14 22 33 11 44 22
0 11 11 11 44 33 11 41 22 41 44 22 33 33 32 33 22 44 33 14 33 33 11 22 33 11 44 22
0 13 11 11 41 32 14 44 22 41 41 22 32 32 32 33 23 41 33 14 32 33 14 22 32 11 44 22
0 13 11 14 11 32 11 41 22 41 41 22 32 33 32 32 23 41 33 11 32 32 11 23 33 11 44 22
0 13 14 14 11 32 14 41 23 41 41 23 32 32 32 32 23 41 32 14 32 32 14 23 33 14 41 23
0 33 11 14 41 32 44 11 23 11 11 22 32 22 32 32 23 44 33 44 33 33 14 23 32 11 44 23
0 13 14 14 11 32 14 11 23 41 11 23 32 32 22 32 33 41 32 44 22 32 14 33 32 14 41 23
0 13 11 11 41 33 11 44 23 44 41 23 33 33 32 33 23 44 32 14 33 33 14 23 32 11 41 22
0 13 11 11 44 32 11 44 22 44 44 22 32 33 33 33 22 44 33 14 33 33 11 23 33 11 44 22
0 11 11 11 41 33 14 41 22 41 41 22 32 33 33 33 33 44 32 44 33 33 14 23 33 11 44 22
0 33 11 11 44 33 11 44 22 44 44 22 32 33 33 33 23 41 33 11 33 33 11 22 33 11 44 23
0 13 11 11 44 33 11 44 22 44 44 22 32 33 32 33 23 44 33 11 32 32 14 23 32 11 44 22
0 11 11 11 11 33 11 11 22 41 44 23 33 33 22 33 33 41 32 14 33 33 11 22 32 11 11 22
0 33 14 44 11 22 44 11 22 11 11 23 22 22 22 22 33 11 22 14 32 22 44 33 22 14 11 23
0 11 11 11 44 33 11 44 22 44 44 22 33 33 33 33 22 44 33 11 33 33 11 22 33 11 44 22
0 11 11 11 44 33 14 44 22 44 44 22 32 33 32 33 22 41 33 11 32 32 11 22 33 11 44 22
0 13 11 11 44 32 11 44 22 44 44 22 33 33 33 33 22 44 32 11 33 33 11 22 33 11 44 22
0 11 14 14 41 33 44 41 23 41 11 23 32 32 22 33 23 11 32 14 32 33 14 22 32 14 41 23
0 13 14 11 11 33 14 41 22 41 11 23 32 33 32 33 33 44 33 11 33 33 11 23 32 11 41 22
0 13 11 11 41 32 11 41 22 41 41 23 32 32 32 33 23 44 32 14 33 33 11 22 32 11 44 22
0 33 44 14 11 32 14 11 23 41 11 23 22 22 22 32 33 41 22 14 22 22 44 23 22 14 11 23
0 33 44 14 11 33 44 11 22 44 41 22 22 32 22 33 33 11 32 44 22 33 44 23 32 11 11 33
0 11 11 11 41 33 11 44 22 44 44 22 32 33 33 33 23 44 32 14 33 33 14 22 33 11 44 22
0 13 14 11 41 33 14 44 22 41 41 22 32 32 32 33 23 41 33 11 33 33 11 22 33 11 44 22
0 33 44 44 11 22 44 11 22 11 11 33 22 22 22 22 33 11 32 44 22 32 44 33 32 11 11 33
0 33 44 44 11 22 44 11 23 11 41 33 22 32 22 22 33 11 22 44 22 22 14 33 32 44 11 33
0 13 11 11 44 33 14 41 22 44 11 22 32 33 32 33 22 44 33 14 33 33 11 22 33 11 44 23
0 11 11 11 41 33 11 44 22 44 44 22 33 33 33 33 22 44 33 11 33 33 11 22 33 11 44 22
0 13 11 11 11 33 14 41 22 11 11 22 22 32 32 33 23 44 32 44 22 32 14 23 32 14 11 22
0 11 11 11 44 33 11 44 22 44 44 22 33 33 33 33 22 44 33 11 33 33 11 22 33 11 44 22
0 33 14 44 11 22 14 11 22 11 11 23 22 33 22 22 33 41 32 44 22 33 44 22 22 11 41 23
0 33 14 14 11 32 14 41 23 41 41 23 22 32 32 32 23 41 32 14 32 32 14 23 32 14 41 33
0 13 14 11 41 32 14 11 22 11 41 22 32 32 32 33 33 41 33 14 32 33 14 23 32 11 41 22
0 13 14 14 41 33 14 41 22 44 41 22 32 32 22 32 22 44 32 11 32 33 11 23 32 11 41 22
0 33 11 11 41 33 11 44 22 44 44 22 32 33 32 33 23 44 33 11 33 33 14 22 32 11 44 22
0 33 14 11 41 33 11 41 22 44 11 23 22 32 22 32 33 44 33 14 32 33 14 23 32 11 44 22
0 13 11 11 44 33 14 41 23 44 44 22 32 32 32 33 22 44 33 11 33 33 11 22 33 11 44 23
0 33 11 11 41 33 11 41 22 41 44 23 32 32 33 33 22 44 33 14 33 32 14 22 33 11 41 23
0 13 11 14 41 33 14 41 22 41 41 22 32 32 32 32 23 41 32 14 32 32 11 23 32 11 44 23
0 13 11 11 41 33 14 41 22 44 41 22 32 33 32 32 23 44 32 14 22 33 11 22 32 11 11 22
0 13 11 11 44 32 14 41 22 44 41 22 32 33 32 33 22 44 32 11 32 32 14 22 33 11 41 22
0 33 14 14 41 33 14 41 23 11 11 23 32 32 22 32 23 44 32 44 22 32 44 33 32 14 41 23
0 13 14 11 41 32 14 41 22 41 41 22 32 33 32 33 22 41 33 11 33 32 14 33 33 11 44 22
0 33 11 44 11 22 44 41 23 41 11 22 22 32 22 33 33 44 33 14 32 22 44 33 32 44 41 23
0 13 11 11 11 33 44 41 22 41 11 22 32 33 32 33 23 41 33 44 32 33 44 22 33 11 41 22
0 13 11 11 41 33 11 44 22 44 44 22 22 32 22 33 23 44 33 14 32 33 11 23 33 11 41 23
0 33 11 11 11 33 44 11 22 11 41 23 22 32 22 32 23 41 33 11 22 32 14 33 32 14 41 23
0 13 11 11 41 33 14 44 22 41 44 22 33 33 33 32 23 44 33 44 33 33 11 23 33 11 41 23
0 33 14 11 44 33 14 41 22 11 11 23 32 32 32 33 23 44 33 14 33 33 11 22 33 11 44 22
0 13 14 14 41 33 14 11 22 41 41 33 32 32 32 32 23 41 32 14 32 32 14 23 33 14 41 23
0 13 14 14 11 32 14 41 22 41 41 23 32 32 32 33 33 41 32 11 32 32 11 23 33 11 41 23
0 13 11 11 41 33 11 44 22 44 44 23 32 33 33 33 22 44 33 11 33 32 11 22 32 11 44 22
0 11 11 11 44 33 11 44 22 44 44 22 32 33 33 33 22 44 33 11 33 33 11 22 33 11 44 22
0 33 14 14 11 22 44 11 23 11 11 33 22 22 22 32 23 11 32 44 22 32 44 33 22 14 11 23
0 13 11 14 41 33 14 41 22 41 41 22 32 33 32 32 33 44 32 14 33 33 11 22 32 11 41 22
0 33 44 11 11 33 14 41 22 11 11 23 22 32 32 33 23 41 32 44 32 32 44 23 33 11 11 23
0 13 14 14 41 32 14 41 22 41 41 22 22 32 32 32 23 41 32 14 32 32 14 23 32 14 41 23
0 13 11 11 41 32 14 11 23 41 44 23 32 33 32 33 22 44 33 14 33 33 11 22 32 11 41 22
0 33 44 14 11 32 44 11 23 11 11 23 22 22 22 22 33 11 22 44 32 32 44 33 32 14 41 33
0 11 11 11 41 33 14 41 22 44 44 22 32 33 32 33 23 44 32 11 32 32 44 23 32 11 44 22
0 13 11 11 41 33 14 44 22 41 41 23 32 32 32 33 23 44 33 14 33 33 11 23 33 11 41 22
0 13 14 11 41 33 14 41 23 41 41 22 32 33 33 33 23 41 33 14 32 32 14 23 33 11 44 22
0 33 11 11 11 33 14 44 22 44 11 22 32 33 22 33 22 41 33 11 32 33 11 22 33 11 41 22
0 13 11 11 44 33 11 44 22 44 44 22 33 33 33 33 22 44 33 11 32 33 11 22 33 11 44 22
0 13 11 11 41 33 11 41 22 44 44 22 33 33 32 33 23 44 33 11 32 33 11 23 33 11 44 22
0 11 11 11 44 33 11 44 22 44 44 22 32 33 32 33 22 41 33 11 33 33 11 22 33 14 44 23
0 11 11 11 41 32 14 41 22 44 11 22 22 22 32 33 23 41 33 14 32 33 14 22 33 11 44 22
0 13 14 14 11 32 14 41 23 41 11 23 22 32 32 32 23 41 32 14 32 32 14 23 32 14 11 23
0 13 11 11 41 33 14 44 22 44 44 23 32 33 32 33 22 44 33 11 33 33 11 22 33 11 44 22
0 33 14 14 11 22 14 11 23 41 11 23 22 32 32 32 33 11 32 44 32 32 14 23 22 14 41 23
0 13 11 11 44 33 11 44 22 44 44 22 33 33 33 33 22 44 33 11 33 33 11 22 33 11 44 22
0 13 14 14 41 32 14 41 22 41 41 23 32 32 32 32 23 41 33 14 32 32 14 23 32 11 41 23
0 33 14 11 11 32 44 11 22 11 11 23 22 22 22 32 23 41 32 44 32 22 14 33 22 11 11 23
0 13 11 11 11 32 14 41 23 44 11 22 32 33 32 33 33 41 32 14 22 33 14 23 32 11 41 22
0 13 14 14 41 32 14 41 23 41 41 23 32 32 32 33 23 41 32 14 32 32 14 23 32 11 41 23
0 13 14 44 11 32 14 11 23 44 11 23 22 32 32 32 33 11 22 44 22 33 14 23 32 11 11 23
0 11 11 11 44 33 11 41 22 44 44 22 33 33 32 33 22 44 33 14 33 33 11 22 33 11 44 22
0 13 11 11 41 32 11 41 22 44 41 22 32 33 22 33 23 41 32 11 32 32 14 23 33 14 44 22
0 33 44 11 11 32 14 41 23 11 11 23 22 32 32 32 33 41 32 14 22 32 14 23 22 44 11 23
0 11 11 11 41 33 11 44 22 44 41 22 32 33 33 33 23 41 33 14 32 33 11 22 32 11 41 22
0 33 14 14 41 22 44 44 22 11 41 23 32 32 32 32 23 41 33 14 32 33 14 22 22 11 41 23
0 11 11 11 44 33 11 44 22 44 44 22 33 33 32 33 23 44 33 11 33 33 11 22 33 11 44 22
0 13 11 11 41 33 14 41 22 41 41 22 33 32 32 33 22 44 33 11 33 33 11 22 32 11 41 22
0 11 11 11 41 33 11 44 22 44 44 22 32 33 33 33 23 44 33 11 33 33 11 22 33 11 44 22
0 13 11 11 41 33 11 41 22 44 44 22 33 33 33 33 22 44 33 11 33 32 14 22 33 11 44 22
0 11 11 11 44 33 11 44 22 44 44 22 32 33 33 33 22 44 33 11 33 33 11 22 33 11 41 22
0 13 11 11 44 33 11 41 22 44 44 22 32 33 33 33 33 44 33 11 32 33 11 22 33 11 44 22
0 13 11 11 41 33 11 41 22 41 41 22 32 32 32 33 33 41 32 11 33 33 14 23 33 11 41 22
0 13 14 14 41 32 14 41 22 41 41 23 32 32 32 32 23 41 32 14 32 32 14 23 32 14 41 23
0 13 11 11 44 33 11 44 22 44 41 22 32 33 32 33 22 41 33 11 33 33 14 22 32 11 44 22
0 11 11 11 44 33 11 44 22 44 44 22 33 33 33 33 22 44 33 11 33 33 11 22 33 11 44 22
0 11 11 11 44 33 11 44 22 44 44 22 33 33 32 33 22 44 33 11 33 33 11 22 33 11 44 22
0 11 14 14 41 33 11 44 22 44 41 23 32 32 32 33 23 44 33 14 33 33 11 22 33 11 44 23
0 13 11 11 44 33 14 41 22 44 44 22 32 33 33 33 22 44 33 11 32 33 11 23 33 11 44 22
0 13 11 14 41 32 11 41 22 44 44 23 32 33 32 33 23 44 33 11 32 33 11 22 32 11 44 23
0 33 11 11 44 33 11 44 23 44 41 23 22 33 22 33 23 44 33 14 32 33 14 22 32 11 41 22
0 13 14 11 41 33 14 41 23 41 41 23 32 32 33 33 23 44 33 11 32 33 11 22 33 11 44 22
0 11 11 11 44 33 11 44 22 44 44 22 33 33 33 33 22 44 33 11 33 33 11 22 33 11 44 22
0 13 11 11 44 33 11 44 22 44 41 22 32 32 33 33 22 44 33 14 33 33 11 22 33 11 44 23
0 11 11 11 41 33 11 44 22 41 44 22 32 32 33 33 22 44 33 11 32 32 11 23 33 11 41 22
0 13 11 14 11 22 11 41 23 41 41 22 33 33 32 33 23 41 32 14 22 32 14 22 32 11 11 23
0 13 11 11 41 33 14 44 22 41 44 22 33 32 33 33 22 44 33 11 33 33 11 23 32 11 44 22
0 13 11 11 44 33 11 44 22 44 44 22 33 33 33 33 22 44 33 14 33 33 11 22 33 11 44 22
0 13 11 11 41 33 11 44 22 44 44 22 33 33 32 33 22 44 33 11 33 33 11 22 33 11 44 22
0 13 11 11 41 33 11 41 22 44 41 23 32 33 32 33 23 44 33 11 32 32 14 23 33 11 41 22
0 13 11 14 11 32 11 41 22 44 41 22 32 32 32 33 22 41 32 14 33 33 14 23 33 11 41 22
0 33 44 14 41 32 14 41 22 44 41 22 32 32 33 32 23 41 32 14 32 33 11 23 32 11 41 22
0 33 11 11 41 22 14 44 22 11 11 22 33 32 22 32 23 11 32 14 32 32 14 23 22 14 11 23
0 33 14 44 11 22 44 11 33 41 11 23 22 22 22 22 23 41 22 14 22 22 44 23 22 14 11 23
0 11 11 11 41 33 14 41 22 41 44 22 32 33 32 33 23 41 33 11 32 33 11 22 33 11 41 22
0 13 11 11 44 33 11 41 22 44 41 22 22 33 33 33 23 41 33 14 33 33 14 22 33 11 41 22
0 13 44 14 11 22 14 11 23 11 11 23 22 32 32 32 33 11 32 14 32 32 14 22 32 11 11 23
0 11 14 11 44 32 11 41 22 44 41 22 32 33 32 33 23 44 32 14 33 33 14 22 33 11 44 22
0 13 14 14 41 32 14 41 23 41 41 23 32 32 32 32 23 41 33 14 32 32 14 23 33 11 41 23
0 13 14 11 41 32 14 44 22 11 44 23 22 22 22 33 23 44 32 14 32 33 14 23 32 11 41 23
0 11 11 11 41 33 11 41 22 44 44 22 33 33 33 33 22 44 33 11 33 33 11 22 33 11 44 22
0 11 11 14 41 33 14 41 22 41 41 23 32 32 32 33 23 41 33 14 33 32 14 23 32 11 41 22
0 11 11 11 41 33 11 44 22 44 44 22 33 33 33 33 22 44 33 11 33 33 11 22 33 11 44 22
0 11 11 11 44 33 11 41 22 44 41 22 33 33 33 33 23 44 33 11 33 33 11 23 33 11 44 22
0 13 14 14 41 32 14 41 22 41 41 23 32 32 32 32 23 41 32 14 32 32 14 23 32 14 41 23
0 13 11 11 44 33 11 44 22 41 11 23 32 33 32 33 33 41 33 14 32 32 14 23 33 11 41 22
0 13 11 11 44 33 11 44 22 44 44 22 33 33 33 33 22 44 33 11 33 33 11 22 33 11 44 22
0 13 11 11 44 33 11 41 22 44 41 22 33 33 32 33 23 44 33 14 22 33 14 22 33 11 44 23
0 11 11 11 44 33 11 11 22 44 44 22 32 33 33 33 22 44 33 11 33 33 11 22 33 11 44 22
0 11 11 11 44 33 14 44 22 44 44 22 32 32 32 33 23 41 33 11 33 33 14 22 33 11 44 22
0 11 14 11 41 33 11 44 22 41 44 23 32 32 32 33 23 41 33 11 33 33 11 22 33 11 44 23
0 13 11 11 44 33 14 41 22 44 44 22 33 33 33 33 33 41 33 11 32 33 11 22 32 11 44 22
0 13 14 11 41 32 14 41 22 41 41 23 32 32 32 32 23 44 33 14 32 32 14 23 33 11 41 22
0 11 14 14 41 32 11 44 23 41 41 23 32 32 32 32 23 41 32 14 33 33 14 23 33 11 41 23
0 11 11 11 41 33 11 44 22 44 44 22 33 33 33 33 22 44 33 11 33 33 11 22 33 11 41 22
0 33 14 14 11 33 14 41 22 41 41 22 22 22 22 32 23 41 33 14 32 32 14 23 32 11 11 23
0 13 11 14 44 33 11 44 23 41 41 23 32 33 32 33 22 44 32 11 33 33 14 22 32 11 44 22
0 11 11 11 41 33 14 41 22 44 41 22 32 33 32 33 22 44 33 14 32 32 14 22 32 11 44 23
0 13 11 11 41 33 11 41 22 44 41 22 22 33 32 33 22 44 33 14 33 33 14 22 33 11 41 22
0 13 14 14 41 32 14 41 23 41 41 23 32 32 32 32 33 41 32 44 32 32 14 23 32 14 41 23
0 13 11 11 44 33 11 44 22 44 44 22 32 33 33 33 22 44 33 11 33 33 11 22 33 11 44 22
0 13 11 14 44 33 11 44 22 44 44 22 32 33 33 33 22 44 33 14 33 33 11 22 33 11 44 22
0 13 44 14 11 32 14 11 22 44 41 23 32 32 22 22 33 11 33 14 32 33 11 23 32 11 41 22
0 11 11 11 41 33 14 41 22 44 44 22 32 33 32 33 22 44 33 11 33 32 14 22 33 11 44 23
0 11 11 11 44 33 11 41 22 44 44 22 33 33 33 33 23 44 33 14 33 33 11 22 33 11 44 22
0 11 11 11 41 33 11 44 22 44 41 22 32 33 32 33 22 44 33 11 33 33 11 23 33 11 44 22
0 13 11 11 41 33 11 41 22 11 41 22 32 33 22 32 23 44 33 11 33 32 11 22 33 11 41 22
0 11 11 11 44 33 11 44 22 44 44 22 33 33 32 33 22 44 33 11 33 33 11 22 33 11 44 22
0 11 11 11 44 33 11 41 22 44 44 22 33 33 33 33 22 44 33 11 33 33 11 22 33 11 44 22
0 33 14 44 11 32 44 11 22 11 11 33 32 22 22 32 33 11 22 44 22 22 44 23 22 11 11 23
0 13 11 14 41 33 44 44 22 41 41 22 32 33 32 33 22 44 32 11 32 33 11 22 33 11 41 22
0 33 14 14 41 32 14 41 23 41 41 23 22 22 22 33 23 11 32 11 22 22 14 23 33 11 41 23
0 13 11 11 44 33 11 41 22 44 44 22 32 33 32 33 23 44 33 11 32 33 11 22 33 11 44 22
0 11 14 11 41 32 11 41 22 44 41 22 32 33 32 33 23 44 33 14 32 33 11 22 32 11 44 22
0 13 11 11 41 32 11 11 22 41 11 22 32 33 22 32 23 44 33 11 33 32 14 22 33 14 41 22
0 11 11 11 41 33 11 41 22 41 41 22 32 33 32 33 22 44 33 11 33 33 11 22 33 11 44 22
0 33 14 11 41 32 14 11 22 11 11 23 22 33 32 33 23 44 32 44 33 32 11 23 32 11 11 23
0 13 14 11 41 33 44 11 23 11 11 23 32 32 22 32 23 11 33 14 22 32 14 23 33 11 11 23
0 13 11 11 41 32 14 11 22 41 41 23 32 32 32 33 23 41 32 14 32 32 11 22 32 11 41 23
0 13 14 11 41 32 11 41 22 41 41 23 33 33 32 33 23 44 32 11 33 33 11 22 33 11 44 22
0 13 11 11 41 33 11 41 22 41 44 22 22 33 32 33 23 44 33 11 32 33 11 22 33 11 44 22
0 11 11 11 44 33 14 44 22 44 44 22 33 32 33 33 22 44 33 14 32 33 11 22 32 11 41 22
0 13 14 11 41 33 14 41 22 41 41 23 32 33 32 33 23 41 32 14 32 33 11 23 33 11 41 22
0 13 11 14 41 33 14 41 22 44 41 22 32 33 33 33 23 44 32 14 32 33 14 22 33 11 41 22
0 33 11 11 44 33 11 44 22 44 44 22 32 33 33 33 22 44 33 11 22 33 11 22 33 11 44 22
0 13 14 14 41 32 14 41 23 41 41 23 32 22 32 32 23 41 32 44 22 32 14 23 32 14 41 23
0 11 11 11 44 32 11 41 22 41 41 23 33 32 32 33 23 44 33 14 33 32 11 22 33 11 41 23
0 13 11 11 11 33 11 41 22 44 41 23 22 33 22 33 33 44 32 14 32 32 11 33 33 11 41 33
0 13 11 14 41 32 14 41 22 41 41 23 32 32 32 33 23 41 32 14 32 33 14 22 32 14 41 23
0 33 11 11 44 33 14 41 22 44 44 22 32 33 32 33 23 44 32 11 32 33 11 22 33 11 44 22
0 33 14 14 11 32 44 11 23 41 11 23 22 33 22 32 23 41 32 44 22 33 44 23 33 14 11 33
0 13 11 11 41 33 14 11 22 44 41 22 32 33 32 33 23 44 33 11 33 32 14 22 33 11 44 22
0 13 14 11 41 32 11 41 23 41 41 22 32 33 32 32 23 41 32 11 33 33 14 23 32 11 41 22
0 11 11 11 44 33 11 44 22 44 44 22 33 33 33 33 22 44 33 11 33 33 11 22 33 11 44 22
0 33 14 44 11 33 14 11 22 44 11 22 22 22 32 33 23 11 32 11 32 32 44 23 32 14 41 23
0 13 11 11 41 33 14 41 22 44 41 22 32 33 32 33 22 44 33 11 32 33 11 22 32 11 41 23
0 11 11 11 44 33 11 44 22 44 41 22 32 33 33 33 22 41 33 14 33 33 11 22 33 11 44 22
0 13 14 11 41 33 14 41 22 44 41 22 32 33 32 33 23 41 32 11 32 33 14 23 32 11 41 23
0 11 11 11 41 33 14 41 22 44 41 22 32 32 32 33 23 44 33 11 32 33 11 22 33 11 44 23
0 13 11 14 41 33 14 41 22 41 44 23 32 32 32 33 22 41 32 14 33 33 11 22 32 11 41 22
0 33 14 11 11 22 14 11 23 41 41 23 22 32 22 32 23 41 32 14 32 32 44 23 32 14 41 23
0 11 11 11 41 33 11 44 22 41 44 22 33 33 32 33 22 44 33 11 33 33 11 22 33 11 44 22
0 11 11 11 44 33 14 44 22 44 44 22 32 33 33 33 22 44 33 11 33 33 11 22 33 11 44 22
0 33 11 11 11 32 14 41 22 41 11 23 22 33 22 32 23 44 33 11 32 32 14 23 33 11 41 23
0 33 14 14 41 32 14 11 23 41 41 33 32 32 32 32 23 41 32 14 32 32 14 23 32 14 41 23
0 13 11 11 41 33 11 41 22 11 41 22 33 33 22 33 22 44 33 11 33 32 11 22 33 11 41 22
0 13 14 11 11 32 14 11 22 41 11 23 22 32 33 32 23 44 33 44 22 33 44 23 32 11 11 22
0 13 11 11 11 33 14 41 22 41 41 22 22 32 22 32 33 44 33 14 32 32 14 33 32 11 41 33
0 11 11 11 44 33 14 44 22 44 41 22 33 33 33 33 22 44 33 11 33 33 11 22 33 11 44 22
0 11 11 11 44 33 11 44 22 44 44 22 33 33 33 33 22 44 33 11 33 33 11 22 33 11 44 22
0 13 11 14 41 32 14 41 22 41 41 23 32 32 32 33 23 41 32 11 32 33 14 23 32 11 41 22
0 33 14 14 11 22 44 11 23 41 11 33 22 22 22 22 33 11 32 44 22 22 44 33 22 14 11 33
0 11 11 11 41 33 11 44 22 44 41 22 32 33 32 33 22 44 33 11 32 33 11 23 33 11 11 22
0 11 11 11 11 33 14 41 22 44 41 22 32 32 22 33 22 44 33 14 33 32 14 23 32 11 11 23
0 13 11 14 41 33 11 44 22 41 44 22 32 33 32 32 23 44 33 11 33 32 14 22 33 11 41 22
0 33 14 44 11 22 44 11 23 41 11 23 32 22 22 32 33 11 22 44 22 22 14 33 32 44 11 33
0 33 44 14 11 22 44 41 23 41 11 23 22 22 32 32 33 11 33 44 32 32 14 23 32 11 41 23
0 11 14 11 41 33 11 11 22 44 44 22 32 33 32 33 23 44 33 14 33 33 14 33 32 11 44 22
0 11 11 14 41 33 14 41 22 41 41 22 22 32 22 32 33 11 33 14 32 32 14 22 32 11 41 22
0 13 11 11 44 33 44 44 22 44 44 23 32 33 33 33 23 44 33 11 32 32 14 22 32 11 41 22
0 13 11 11 44 33 14 41 23 41 44 22 33 33 33 32 22 41 33 14 33 33 11 22 32 11 44 22
0 11 11 11 44 33 11 44 22 44 44 22 32 33 32 33 22 44 33 11 32 33 11 22 33 11 44 22
0 13 11 11 41 33 11 11 23 11 44 23 33 33 22 33 23 44 33 11 32 33 14 22 33 11 44 22
0 11 11 11 44 33 11 44 22 44 44 22 33 33 32 33 22 44 33 11 33 33 11 22 33 11 41 22
0 11 11 11 44 33 11 44 22 44 41 22 32 33 33 33 22 44 33 11 33 33 11 22 33 11 44 22
0 13 11 14 11 32 14 11 22 41 41 23 32 32 32 33 33 41 32 14 33 32 14 22 33 14 41 23
0 33 11 14 41 33 14 44 22 41 41 23 33 32 22 33 23 41 33 14 32 32 11 23 32 11 41 22
0 13 11 14 41 33 11 11 23 41 11 22 32 33 33 32 23 44 33 14 22 33 14 22 32 11 41 22
0 11 11 11 44 33 11 44 22 44 44 22 32 33 33 32 23 44 33 14 33 33 14 22 33 11 44 22
0 33 14 14 11 32 44 11 22 41 11 23 22 32 22 33 23 41 33 14 22 32 14 23 32 14 11 33
0 11 11 11 41 33 14 41 22 41 44 22 32 33 32 33 22 44 33 11 33 33 14 22 33 11 44 22
0 13 44 44 11 22 44 11 23 11 11 33 22 32 22 32 33 11 32 44 22 32 44 33 32 44 11 33
0 13 11 11 41 32 11 41 22 41 44 22 33 33 32 33 23 44 33 11 32 33 14 22 32 11 41 23
0 11 11 11 44 33 11 44 22 44 44 22 33 33 33 33 22 44 33 11 33 33 11 22 33 11 44 22
0 13 44 14 11 32 44 11 23 11 11 23 22 32 22 22 23 11 32 44 32 32 14 33 32 14 11 23
0 13 14 11 11 32 14 11 22 11 11 22 32 33 32 33 23 41 32 44 32 32 44 33 32 14 11 22
0 13 11 11 41 33 11 44 22 41 44 22 33 32 33 33 22 44 33 11 33 33 11 22 32 11 44 22
0 13 14 11 11 32 44 11 22 41 41 23 32 32 22 32 22 41 32 11 22 32 14 23 32 11 44 23
0 33 44 14 11 22 44 11 22 11 11 23 32 32 22 22 33 41 33 44 22 22 14 22 22 11 41 23
0 33 14 14 11 33 14 41 22 41 41 23 22 33 22 32 33 11 33 14 33 32 44 23 32 14 41 23
0 13 14 44 11 32 14 41 23 41 11 23 22 22 32 32 33 41 32 44 22 32 44 23 32 14 11 23
0 13 11 11 41 22 14 11 22 41 41 22 22 32 32 32 23 44 32 14 32 32 44 23 33 14 44 23
0 11 11 11 11 33 14 44 22 44 41 22 32 33 32 33 22 41 33 11 33 33 11 22 33 11 44 22
0 33 14 14 11 32 44 41 23 41 41 33 22 32 32 32 23 41 33 14 32 32 14 23 32 11 41 23
0 13 11 11 41 32 14 41 22 41 41 22 33 33 33 33 23 44 33 11 32 32 14 23 32 11 41 23
0 13 14 11 41 33 14 41 22 44 41 22 32 33 32 33 23 41 32 14 32 32 14 23 32 11 41 23
0 11 11 11 41 33 14 44 22 44 44 22 33 33 33 33 22 44 33 11 33 33 11 22 33 11 44 22
0 13 11 11 41 32 14 41 23 44 41 22 32 32 32 32 23 41 33 11 33 32 14 22 32 11 11 23
0 11 11 11 44 33 14 44 22 44 44 22 33 33 33 33 23 41 33 11 33 33 11 22 33 11 44 22
0 33 14 11 11 33 11 41 22 44 41 23 22 33 22 33 22 44 33 11 32 33 11 23 32 11 41 23
0 11 11 11 44 33 11 44 22 44 41 22 33 33 33 33 22 44 33 11 33 33 11 22 33 11 44 22
0 11 14 11 41 32 14 41 22 44 41 22 33 32 32 32 23 41 32 14 32 32 14 23 32 14 41 23
0 11 11 11 44 33 11 44 22 44 44 22 33 33 33 33 22 44 33 11 33 33 11 22 33 11 44 22
0 33 14 14 11 33 14 11 22 11 41 22 22 32 22 32 33 41 32 14 32 32 44 33 32 11 41 22
0 13 14 14 41 32 14 41 23 41 41 23 32 32 32 32 23 41 32 14 32 32 14 23 32 14 41 23
0 11 11 11 44 33 11 44 22 44 44 22 33 33 33 33 22 44 33 11 32 33 11 22 33 11 41 22
0 33 14 44 11 32 44 11 23 11 11 33 22 22 22 22 33 11 22 44 22 22 44 33 22 11 11 23
0 13 14 14 41 32 14 41 22 41 41 22 32 32 32 33 23 44 32 14 33 33 11 23 33 11 41 22
0 33 11 11 11 32 14 11 23 41 44 23 22 32 22 33 22 11 33 11 32 32 44 33 32 11 11 23
0 11 11 11 44 33 11 44 22 44 44 22 33 33 33 33 22 44 33 11 33 33 11 22 33 11 44 22
0 13 11 14 11 32 11 41 23 44 41 23 32 32 32 32 22 44 32 14 32 32 14 23 32 11 41 23
0 13 11 14 41 33 44 41 22 41 44 22 22 32 32 33 23 41 32 14 33 33 14 22 32 11 41 22
0 13 14 14 11 32 14 41 23 41 11 23 32 32 22 22 33 41 32 14 32 32 14 23 32 14 41 23
0 13 11 11 41 33 44 41 22 44 41 22 33 33 32 33 22 44 32 11 33 33 11 22 33 11 44 22
0 13 11 11 11 32 44 44 22 41 41 22 32 32 32 33 22 41 33 14 33 33 14 22 33 11 11 23
0 13 11 11 44 32 11 41 22 44 41 22 32 33 33 33 22 44 33 11 32 33 11 22 33 11 41 23
0 33 11 14 11 32 14 11 22 44 44 22 32 33 32 33 23 41 32 14 32 33 11 23 32 11 41 22
0 13 11 11 44 33 11 44 22 44 44 22 33 33 32 33 23 44 33 14 33 33 11 22 33 11 41 22
0 13 11 14 41 32 44 11 22 41 11 22 32 33 22 32 23 41 33 44 22 22 14 33 32 11 41 22
0 11 14 11 44 33 14 11 22 44 44 23 32 32 32 33 23 44 33 14 32 33 11 22 33 11 44 22
0 11 11 11 44 33 14 44 22 44 44 22 33 33 32 33 22 41 33 11 32 33 11 22 33 11 44 22
0 13 14 11 44 33 11 41 22 44 41 22 32 32 32 33 23 44 33 11 32 33 11 23 33 14 44 22
0 13 11 11 41 32 14 41 23 41 41 23 32 33 32 33 23 41 33 14 32 33 14 23 32 11 41 23
0 13 14 14 41 32 14 41 23 41 41 23 32 32 32 32 23 41 32 14 32 32 14 23 32 14 11 23
0 11 11 11 44 33 14 44 22 44 41 22 32 33 33 33 23 41 32 11 32 33 14 22 33 11 44 22
0 13 11 11 44 33 14 44 22 41 41 23 22 33 32 33 23 44 33 11 33 33 11 22 33 11 44 22
0 13 11 11 41 33 11 41 22 44 44 22 33 32 33 33 22 44 33 11 33 33 11 22 33 11 41 22
0 11 11 11 41 33 11 11 22 44 44 22 33 33 33 33 22 44 33 11 33 32 11 22 33 11 41 22
0 11 11 11 44 33 11 44 22 44 44 22 33 33 33 33 22 44 33 11 33 33 11 22 33 11 44 22
0 11 11 11 41 33 14 41 22 41 41 23 32 33 33 32 22 44 33 14 32 33 11 22 33 11 41 22
0 13 14 14 41 33 14 41 22 41 41 23 32 32 32 33 23 41 32 11 32 32 11 23 32 11 41 22
0 11 11 11 44 33 11 44 22 44 44 22 32 33 33 33 22 44 33 11 33 33 11 22 33 11 44 22
0 33 11 14 41 32 14 41 23 41 11 22 22 32 22 32 33 41 32 14 32 33 14 23 32 11 41 23
0 33 44 14 41 32 44 41 22 11 44 23 22 22 22 22 33 11 32 14 22 22 44 22 22 11 11 33
0 13 11 11 11 33 44 11 22 44 41 22 22 32 22 33 33 44 33 11 32 33 11 33 33 11 44 22
0 13 11 11 44 33 11 44 22 44 44 22 33 33 33 33 22 44 33 11 33 33 11 22 33 11 44 22
0 11 11 11 44 33 11 44 22 44 44 22 33 33 33 33 22 44 33 11 33 33 11 22 33 11 44 22
0 13 14 14 11 32 44 41 23 41 41 23 32 32 22 32 23 41 32 14 32 33 11 23 32 14 41 23
0 11 11 11 41 33 11 44 22 44 44 22 32 33 22 33 22 44 33 14 33 33 11 22 33 11 44 22
0 13 11 11 41 33 11 41 22 44 41 23 32 32 32 32 23 41 33 11 33 33 11 23 32 11 44 22
0 11 11 11 44 33 11 44 22 44 44 22 33 33 32 33 22 44 33 11 33 33 11 22 33 11 44 22
0 11 14 14 11 32 44 41 22 41 11 23 22 32 32 32 23 41 32 14 22 32 44 22 32 11 41 23
0 13 11 11 41 33 11 44 22 41 44 23 32 33 32 33 22 44 33 11 32 33 11 23 33 11 44 22
0 11 11 11 41 33 11 44 22 44 44 22 33 33 33 33 22 44 33 11 32 33 11 22 33 11 44 22
0 13 11 11 44 33 14 44 22 44 44 22 32 33 33 33 22 44 33 11 33 33 11 22 33 11 44 22
0 13 14 14 11 22 44 41 23 11 41 23 22 32 32 33 23 41 32 44 32 32 14 23 32 14 11 33
0 13 14 14 11 33 14 41 23 41 41 22 22 33 33 32 22 44 22 44 33 33 11 33 22 11 44 22
0 13 11 11 44 33 11 44 22 44 44 22 22 32 33 33 23 44 33 11 32 33 11 22 33 11 44 22
0 11 11 11 44 33 11 44 22 44 44 22 33 33 32 33 22 44 33 11 33 33 11 22 33 11 44 22
0 33 44 11 11 32 44 11 23 41 11 22 22 22 22 32 33 41 32 14 22 32 14 33 22 11 41 33
0 13 11 11 41 33 14 41 22 41 41 22 33 32 32 33 23 44 33 44 33 33 11 23 33 11 11 22
0 13 11 11 41 32 11 41 22 44 41 23 32 32 32 32 23 41 33 14 32 33 11 23 33 11 41 23
0 13 14 11 41 32 14 41 22 44 41 22 32 33 32 32 23 44 33 11 32 32 14 22 32 11 41 22
0 13 14 14 11 33 11 11 22 41 11 23 22 33 32 32 23 41 32 44 32 32 14 23 32 11 41 23
0 13 11 11 44 33 11 44 22 44 44 22 32 33 33 33 22 44 33 11 33 33 11 22 33 11 41 22
0 33 14 11 11 33 11 11 22 41 44 22 32 32 32 33 23 11 33 14 32 32 14 33 33 11 41 22
0 13 14 14 41 32 14 41 23 41 41 23 32 32 32 32 23 41 32 14 32 32 14 23 32 14 41 23
0 11 11 11 41 33 11 44 22 44 44 22 33 33 33 33 22 44 33 11 33 33 11 22 33 11 44 22
0 11 11 11 44 33 11 44 22 44 44 23 32 33 33 33 23 44 33 11 33 33 14 22 33 11 44 22
0 13 11 11 44 33 11 44 22 44 44 22 32 33 32 32 23 41 33 11 32 33 11 22 33 11 44 22
0 33 14 14 11 32 44 11 23 41 11 23 32 22 22 32 33 11 22 44 32 32 14 23 22 14 11 23
0 13 14 11 41 33 14 41 23 41 41 23 32 32 32 32 23 41 32 14 32 32 14 22 32 11 41 23
0 13 14 14 41 32 14 41 22 41 41 22 32 33 32 32 23 44 32 14 32 32 14 22 32 14 41 22
0 11 11 11 44 33 11 44 22 44 44 22 33 33 33 33 22 44 33 14 33 33 11 22 33 11 44 22
0 13 11 11 41 22 11 41 22 44 41 22 32 32 33 32 23 44 32 14 32 33 14 23 32 14 41 23
0 11 11 11 41 33 11 44 22 44 44 22 33 33 32 33 23 44 32 14 33 33 11 22 33 11 44 22
0 13 11 11 41 33 14 41 22 44 44 23 32 33 32 33 23 44 32 14 33 33 11 23 33 11 41 22
0 11 11 11 41 33 44 44 22 41 44 22 32 33 33 33 22 44 33 11 33 32 11 22 22 11 44 22
0 13 14 11 41 33 44 11 22 41 41 23 32 32 22 32 23 41 32 14 32 33 14 23 32 11 44 22
0 11 11 11 44 33 11 44 22 44 44 22 33 33 33 33 22 44 33 11 33 33 11 22 32 11 44 22
0 11 11 11 11 33 14 41 22 44 44 22 32 33 32 33 23 44 33 14 33 32 11 22 32 11 11 23
0 33 14 11 11 33 14 41 22 44 41 23 32 32 32 32 33 11 32 11 32 33 14 22 33 11 41 23
0 13 11 11 44 33 14 41 22 44 41 23 22 32 32 33 22 44 32 11 33 33 14 22 33 11 44 22
0 13 14 11 41 33 14 41 23 41 41 23 32 32 32 32 23 41 32 14 32 32 14 23 33 11 11 33
0 13 11 14 41 33 14 44 23 44 44 23 32 32 32 32 33 41 32 14 32 33 14 23 33 11 41 22
0 13 11 14 41 32 14 41 22 41 41 22 32 32 32 33 23 41 32 11 32 32 11 22 32 14 41 22
0 33 11 14 44 32 14 11 22 44 41 22 33 32 22 33 22 44 33 11 32 32 11 22 33 11 44 22
0 33 11 11 41 32 44 41 22 41 41 23 32 32 22 32 23 41 33 11 33 22 44 23 22 11 41 23
0 11 11 11 44 33 11 44 22 44 44 22 33 33 32 33 22 44 33 11 33 33 11 22 33 11 44 22
0 11 11 11 44 33 11 44 22 44 44 22 33 33 33 33 22 44 33 11 33 33 11 23 33 11 44 22
0 11 14 14 41 33 11 44 22 44 41 22 32 33 33 33 22 41 33 11 33 33 11 22 33 11 44 22
0 13 14 14 41 32 14 41 23 41 41 23 32 33 32 33 23 41 33 14 32 33 14 23 32 14 41 23
0 13 11 11 44 33 11 44 22 44 44 22 33 33 33 33 22 44 33 11 33 33 11 22 33 11 44 22
0 33 14 14 11 33 44 11 23 44 44 23 32 32 22 32 23 44 32 14 22 32 44 23 22 14 41 23
0 13 14 11 41 33 11 41 22 44 41 22 22 32 32 33 23 41 22 14 32 33 11 22 33 11 44 22
0 11 14 11 44 32 11 44 22 44 44 22 33 33 32 33 22 44 33 11 33 33 11 23 33 11 44 22
0 33 11 11 41 32 14 41 22 11 44 22 33 33 32 33 23 41 33 44 22 33 11 23 33 11 41 23
0 11 11 11 44 33 11 44 22 44 44 22 33 33 33 33 22 44 33 11 33 33 11 22 33 11 44 22
0 13 11 11 41 32 14 41 22 44 41 22 33 33 32 32 23 41 33 11 32 32 11 23 32 11 41 23
0 13 11 11 41 33 11 44 22 44 41 22 32 33 33 33 23 44 33 11 33 33 11 22 33 11 44 22
0 13 11 11 44 33 11 41 22 44 44 22 32 33 32 33 23 44 33 11 33 33 11 22 33 11 41 22
0 13 14 14 41 32 14 41 23 41 41 23 32 32 32 32 23 41 32 14 32 32 14 23 32 14 41 23
0 13 14 11 41 33 44 41 22 41 11 23 32 32 32 32 23 44 32 14 22 32 14 23 33 11 41 22
0 11 11 11 44 33 11 44 22 44 44 22 22 33 33 33 22 41 33 11 33 33 11 22 33 11 41 23
0 13 14 14 41 32 14 41 23 41 41 23 22 32 32 32 23 41 32 14 32 32 14 23 32 14 41 23
0 13 11 11 44 33 14 44 22 41 44 22 32 33 32 33 23 44 33 11 32 33 11 22 33 11 41 22
0 11 11 11 44 33 11 41 22 44 44 22 33 33 33 33 22 41 33 11 33 33 11 22 33 11 44 22
0 11 14 11 41 33 11 11 22 44 41 23 32 32 32 32 23 44 32 11 33 32 14 23 33 11 41 23
0 13 14 11 41 33 14 41 22 41 41 23 32 32 32 33 23 41 32 14 32 32 14 23 32 11 41 22
0 33 11 11 11 32 14 41 22 41 11 23 22 33 22 32 33 41 33 44 32 32 11 22 32 11 11 23
0 13 11 11 41 32 44 11 22 41 44 22 32 33 33 33 22 44 33 11 32 33 11 22 33 11 44 22
0 33 44 14 11 32 44 11 22 41 11 23 32 32 22 32 33 41 32 14 22 22 14 23 22 14 11 22
0 11 11 11 41 33 11 44 22 44 44 22 32 32 33 33 33 41 32 11 32 33 14 22 32 11 41 22
0 11 11 14 11 33 14 41 22 44 41 22 32 33 33 32 33 41 32 14 33 33 11 23 33 11 41 22
0 13 11 14 44 32 14 41 23 41 41 23 32 32 32 32 23 41 32 14 22 33 11 23 32 11 41 22
0 11 11 11 44 33 14 44 22 44 44 22 33 33 33 33 22 44 33 11 33 33 11 23 33 11 44 22
0 13 11 14 44 33 14 41 22 41 41 22 32 32 32 33 23 41 32 14 32 32 14 22 32 11 44 23
0 13 11 11 44 33 14 41 22 44 41 23 32 33 33 33 23 44 33 11 33 33 11 22 33 11 44 22
0 13 11 11 41 33 11 44 22 44 44 22 32 33 33 33 23 44 33 11 33 33 11 22 33 11 41 22
0 11 11 11 44 33 11 44 22 44 41 22 33 33 33 33 22 44 33 11 33 33 11 22 33 11 44 22
0 11 11 11 41 33 11 41 22 44 41 22 32 32 33 33 23 44 32 11 33 33 11 22 33 11 41 22
0 11 11 11 41 33 14 44 22 41 44 22 32 32 32 33 23 41 32 11 32 32 11 22 32 11 41 23
0 13 11 14 41 33 14 41 22 44 41 23 32 33 32 32 22 41 33 14 32 33 11 22 32 11 44 23
0 13 14 14 44 32 14 41 23 41 41 23 32 32 32 32 23 41 33 14 32 32 14 23 32 11 11 22
0 13 11 11 41 33 14 41 23 41 41 22 32 32 32 32 23 41 33 14 32 33 14 22 32 11 41 23
0 33 14 14 41 32 14 41 22 11 41 23 32 32 32 33 23 41 32 14 32 32 14 23 32 14 41 22
0 13 11 11 41 33 44 11 22 41 11 23 32 32 22 33 22 44 33 14 32 22 14 33 33 11 41 23
0 13 11 11 41 32 14 41 22 44 44 22 32 33 33 33 22 44 33 11 33 33 11 23 33 11 44 22
0 11 11 11 44 33 11 44 22 44 44 22 33 33 33 33 22 44 33 11 33 33 11 22 33 11 44 22
0 13 14 14 41 32 11 41 23 41 41 22 32 33 32 32 23 41 33 11 32 33 14 22 33 11 41 22
0 13 14 11 44 33 11 44 22 44 41 22 33 32 32 33 23 44 33 11 33 33 14 22 32 11 44 22
0 13 11 11 44 33 11 44 22 44 44 22 33 33 22 33 23 44 33 11 22 33 11 22 33 11 44 22
0 13 11 14 41 33 14 44 22 44 44 22 32 32 33 32 22 44 33 11 32 32 11 22 32 11 41 22
0 13 14 11 44 33 11 41 22 41 44 22 33 32 32 33 22 44 33 11 32 33 11 22 33 11 44 22
0 33 11 11 11 33 14 41 22 11 41 22 32 33 32 32 23 41 32 14 32 33 14 22 32 11 44 22
0 11 11 11 44 33 11 41 22 44 44 22 33 33 33 33 22 44 33 11 33 33 11 22 33 11 44 22
0 33 44 14 41 32 14 41 23 41 41 23 22 32 32 32 23 41 32 14 22 33 14 23 22 11 41 22
0 13 11 11 41 33 11 44 22 41 44 22 32 32 33 33 23 44 33 14 33 33 11 22 33 11 41 22
0 13 14 14 41 32 14 41 22 41 41 23 32 32 32 32 23 41 32 14 32 32 14 23 32 14 41 23
0 13 11 11 41 33 11 41 22 41 41 22 33 33 32 33 22 41 33 14 32 33 11 22 32 11 44 22
0 11 11 11 44 33 11 44 22 44 44 22 33 33 33 33 22 44 33 11 33 33 11 22 33 11 44 22
0 13 11 11 44 33 14 44 22 44 44 22 32 33 33 33 23 44 33 11 33 33 11 23 33 11 44 22
0 11 11 11 41 33 14 41 22 41 44 22 32 32 33 32 23 44 33 11 33 33 14 22 32 11 41 22
0 13 14 14 11 32 14 41 22 41 44 23 32 32 32 32 23 41 33 14 32 33 14 22 33 11 41 23
0 13 11 11 41 33 11 41 22 44 44 22 32 33 32 33 22 44 33 11 33 33 11 22 33 11 44 23
0 13 11 11 11 33 14 41 22 44 41 22 33 33 32 33 22 44 33 11 33 33 11 22 33 11 41 22
0 13 11 14 41 32 14 11 22 41 41 22 32 33 32 32 23 44 33 14 33 32 11 22 33 14 41 22
0 11 11 11 41 33 11 41 22 44 41 22 33 33 32 33 22 44 33 14 33 33 11 23 33 11 44 22
0 11 11 11 41 33 11 44 22 41 44 22 33 33 32 33 22 44 33 11 32 33 11 22 33 11 44 22
0 13 14 11 41 32 14 41 23 41 41 22 32 32 32 32 23 44 33 14 32 32 14 23 32 11 41 23
0 33 14 14 11 32 14 41 22 41 41 23 32 32 22 32 23 44 33 14 22 32 14 23 33 11 41 23
0 11 11 11 41 33 11 44 22 11 44 22 33 33 33 33 23 44 33 14 32 33 14 23 33 11 44 22
0 13 11 14 11 32 14 41 22 44 41 22 32 32 32 33 22 44 33 14 32 32 11 23 32 11 41 23
0 33 44 11 11 32 14 41 22 41 41 23 32 32 22 32 23 11 32 14 32 32 14 22 32 11 11 33
0 13 11 11 44 33 14 44 22 44 44 23 33 32 32 33 23 44 32 11 33 33 11 22 33 11 44 22
0 13 14 14 41 32 14 41 23 41 41 23 32 32 32 32 23 41 32 14 32 32 14 23 32 14 41 23
0 11 11 11 44 33 11 44 22 44 44 22 33 33 32 33 22 41 33 11 33 33 11 22 33 11 44 22
0 13 11 14 41 33 11 44 22 41 11 22 32 33 32 33 23 41 33 11 33 33 11 22 33 11 44 22
0 13 14 14 41 32 14 41 23 44 41 22 33 32 32 33 23 41 33 14 32 32 14 22 32 11 41 22
0 13 11 11 41 33 14 41 22 41 11 22 32 32 32 33 23 44 33 14 32 32 14 22 32 14 41 22
0 13 11 11 11 33 11 41 22 41 41 23 22 33 22 33 33 44 32 11 33 32 14 23 32 11 44 22
0 13 11 11 44 33 11 41 22 44 44 22 32 33 33 33 23 44 33 11 33 33 11 22 33 11 41 22
0 33 14 14 11 32 14 11 23 11 11 23 22 32 22 32 23 41 32 14 22 32 44 23 32 14 11 23
0 13 14 11 44 33 11 44 22 41 41 22 32 33 33 32 23 41 33 44 33 33 11 23 32 11 41 22
0 11 14 11 44 33 14 41 22 41 41 22 32 32 32 33 23 41 33 14 32 33 11 23 32 11 41 22
0 11 11 11 44 33 11 41 22 44 44 22 33 33 33 33 22 44 33 11 33 33 11 22 33 11 44 22
0 13 11 11 11 33 11 41 22 41 41 22 22 32 32 33 33 44 33 14 33 32 14 23 32 11 41 23
0 13 11 14 44 33 11 41 22 44 44 22 32 33 32 32 23 41 32 11 32 33 11 22 32 11 41 22
0 13 14 14 41 32 44 11 23 41 41 23 32 32 32 32 23 41 32 14 32 32 14 22 32 11 41 23
0 13 11 11 41 33 11 44 22 41 41 23 32 33 32 33 23 44 33 14 33 33 14 23 32 11 41 22
0 13 11 11 11 33 11 41 22 44 41 22 32 33 33 33 23 44 33 14 33 33 14 22 32 11 41 22
0 33 11 11 41 33 14 41 22 44 41 22 32 32 32 33 23 44 33 14 33 33 14 23 32 14 41 22
0 33 11 11 44 32 44 41 22 44 41 22 33 33 33 33 22 44 32 11 32 33 11 22 33 11 41 22
0 13 11 11 41 32 14 41 22 44 41 22 32 33 32 33 23 44 32 14 32 33 14 23 32 11 41 22
0 13 11 11 41 32 14 41 23 41 41 23 32 32 32 32 23 41 33 14 33 33 11 23 22 11 41 23
0 13 11 11 41 33 11 44 23 41 44 22 32 32 32 32 22 44 32 14 32 33 14 22 33 11 41 22
0 13 11 11 41 33 11 44 22 44 44 22 32 33 22 33 22 44 33 11 33 33 14 22 32 11 44 22
1 11 11 11 44 33 11 44 22 44 44 22 33 33 33 33 22 44 33 14 33 33 11 22 33 11 44 22
1 13 14 14 41 32 14 41 23 41 41 23 32 32 32 32 33 11 32 14 32 32 14 23 32 14 41 23
1 13 11 11 44 33 11 44 22 44 44 22 33 33 32 33 22 44 33 11 33 33 11 22 33 11 44 22
1 33 11 14 11 32 44 41 23 41 11 22 22 33 22 33 33 41 33 44 32 33 44 22 22 11 44 22
1 33 14 44 11 33 11 11 22 11 11 33 22 33 22 33 23 44 32 14 32 33 44 23 32 11 41 22
1 13 14 11 41 32 14 11 22 41 11 23 32 32 22 32 23 41 32 14 32 32 14 23 32 11 41 23
1 13 11 11 41 33 11 41 22 44 44 22 33 33 33 33 23 44 33 11 32 33 11 22 32 11 41 22
1 13 14 14 41 32 14 41 23 41 41 23 32 32 32 32 23 41 32 14 32 33 14 23 32 14 41 23
1 33 44 44 11 22 44 11 22 41 11 23 22 22 22 22 23 11 32 44 22 22 44 23 22 44 11 33
1 11 11 11 44 33 11 44 22 44 44 22 33 33 33 33 22 44 33 11 33 33 11 22 33 11 44 22
1 11 11 11 11 33 44 11 22 11 11 22 22 33 22 33 33 41 33 14 22 32 14 22 32 11 41 22
1 11 11 11 44 33 11 44 22 44 44 22 32 33 33 33 22 44 33 11 33 33 11 22 33 11 44 22
1 13 11 14 41 33 11 41 22 41 41 22 32 32 32 33 22 41 32 14 32 32 14 22 32 11 41 22
1 11 14 11 41 33 14 11 22 41 41 22 22 32 22 33 23 44 33 14 32 32 14 23 33 11 41 23
1 13 11 11 44 33 11 41 22 44 41 23 33 33 33 33 22 41 33 11 32 32 11 23 33 11 11 22
1 33 11 14 41 32 14 41 22 41 11 23 32 33 32 32 23 41 32 14 32 32 14 23 33 11 41 23
1 11 11 11 44 33 11 44 22 44 44 22 33 33 32 33 23 44 33 11 33 33 11 22 33 11 44 22
1 11 11 11 41 32 11 41 22 44 44 22 32 32 32 33 22 44 32 11 32 33 11 23 32 11 41 22
1 11 11 11 44 33 11 41 22 44 44 22 22 33 32 33 23 44 33 14 33 33 11 22 32 11 44 22
1 13 11 11 44 33 11 44 22 44 11 22 33 33 33 33 23 44 33 14 33 33 11 22 33 11 44 22
1 13 14 14 11 33 14 41 22 41 41 22 32 32 32 33 23 41 32 14 33 32 14 22 32 11 41 23
1 11 11 11 44 32 11 44 22 44 41 22 32 32 32 33 23 41 33 11 33 33 11 22 33 11 41 22
1 13 11 11 41 33 11 41 22 44 41 22 33 33 33 33 23 44 33 11 33 33 11 23 33 11 44 22
1 13 11 11 44 33 11 44 22 44 44 22 33 33 32 33 22 41 33 11 33 33 11 22 33 11 44 22
1 13 44 14 11 32 44 41 23 11 41 23 22 33 22 33 33 44 32 44 32 32 44 33 32 11 41 23
1 13 11 11 41 33 11 44 22 44 41 22 22 33 32 32 22 41 33 14 33 33 11 23 33 11 44 22
1 13 14 11 41 33 14 44 22 44 44 23 33 32 32 32 22 44 32 14 32 33 14 23 33 11 41 23
1 11 11 11 44 33 11 44 22 44 41 23 33 32 32 33 22 44 33 14 32 33 11 22 33 11 44 22
1 11 11 11 44 33 11 44 22 44 44 22 32 33 32 33 23 44 33 14 33 33 14 22 33 11 44 22
1 13 14 44 11 22 44 11 23 11 11 33 22 33 22 22 33 41 22 44 32 33 44 22 32 14 11 33
1 13 14 11 41 32 14 44 22 44 41 23 22 32 22 32 23 41 32 14 32 32 14 23 32 14 41 22
1 33 14 14 11 32 44 11 23 41 11 23 22 22 22 32 33 41 32 44 32 22 14 33 32 44 11 33
1 33 14 11 11 33 14 11 22 41 11 23 32 33 22 32 33 44 32 14 32 32 44 22 22 14 41 23
1 13 11 11 41 33 14 41 22 44 41 22 22 32 32 33 23 44 33 14 32 33 14 23 32 11 41 22
1 33 14 14 11 32 14 41 22 11 11 23 22 32 32 32 23 41 32 14 22 32 14 23 22 14 11 23
1 13 14 11 41 32 14 44 22 44 44 22 32 33 33 33 23 44 32 11 32 33 14 23 32 11 44 23
1 13 11 14 41 33 11 41 22 44 41 22 32 32 32 33 23 41 33 11 33 32 14 22 33 11 41 22
1 33 14 14 11 32 44 41 33 41 11 23 22 32 32 32 33 11 32 44 22 22 14 23 32 44 11 33
1 11 11 11 44 33 11 44 22 44 44 22 33 33 33 33 22 44 33 11 33 33 11 22 33 11 44 22
1 13 14 14 11 32 14 11 22 41 11 22 22 32 22 33 23 41 32 14 32 33 14 22 32 11 41 23
1 11 11 11 44 33 11 44 22 44 44 22 33 33 33 33 22 44 33 11 33 33 11 22 33 11 44 22
1 13 11 11 11 33 11 44 22 41 41 23 22 33 33 33 23 44 33 11 33 33 11 22 33 11 44 22
1 13 14 11 41 32 11 41 22 41 41 22 33 32 32 32 22 44 32 11 32 32 11 22 32 11 41 22
1 33 14 14 11 33 14 41 22 41 11 22 32 32 22 32 23 44 22 44 32 22 14 33 33 11 41 23
1 11 11 14 41 33 11 41 22 41 41 22 33 33 32 33 23 44 32 11 32 32 14 23 32 11 44 23
1 11 11 11 44 33 11 44 22 44 41 22 32 33 33 33 22 44 33 11 33 33 11 22 33 11 44 22
1 11 11 11 44 33 11 44 22 44 44 22 33 33 33 33 22 44 33 11 33 33 11 22 33 11 44 22
1 13 14 14 11 22 14 11 22 41 41 23 22 32 32 33 23 44 33 14 33 22 14 23 33 14 41 23
1 13 14 11 41 33 11 41 22 44 44 23 32 33 32 32 23 41 33 14 32 32 14 22 33 11 44 22
1 13 14 11 11 32 11 41 23 11 11 23 22 33 22 32 23 41 32 14 22 22 44 23 32 11 11 23
1 33 11 11 41 32 44 41 22 44 44 22 22 33 22 32 23 41 32 11 22 33 14 22 32 11 11 23
1 13 11 14 41 32 14 41 23 41 41 23 32 32 32 32 23 41 32 14 32 32 14 23 32 14 41 23
1 13 14 14 11 32 44 11 22 41 41 23 22 33 32 33 23 44 32 14 22 33 14 23 32 14 41 23
1 33 11 14 41 32 14 11 23 41 11 23 22 22 32 33 33 41 22 44 32 32 14 22 33 14 41 23
1 11 11 11 41 33 14 11 22 44 11 22 32 33 22 33 22 44 33 11 32 33 11 22 33 11 44 22
1 13 44 14 11 33 14 41 33 41 11 33 22 22 22 32 33 11 22 44 22 32 11 23 32 11 11 33
1 13 14 14 41 32 44 11 23 41 11 23 22 32 32 22 23 41 32 14 22 32 14 23 32 14 41 23
1 13 14 14 41 32 14 41 22 41 41 23 32 32 32 32 23 41 32 14 32 32 14 23 32 11 41 23
1 13 11 11 44 33 11 44 22 44 44 22 33 33 33 33 23 44 33 11 33 33 11 22 33 11 44 22
1 11 14 11 41 33 11 41 22 44 41 22 32 32 32 33 23 44 33 14 32 32 11 22 32 11 44 23
1 11 11 11 44 33 14 44 22 44 44 22 32 33 33 33 22 41 33 11 33 33 11 22 33 11 44 22
1 33 14 14 41 32 14 41 23 41 41 23 32 32 32 32 33 41 32 14 32 32 14 23 32 14 44 22
1 33 14 14 41 32 14 11 22 11 11 23 22 22 22 33 23 44 32 14 32 22 14 22 32 11 44 33
1 13 11 11 44 33 11 41 22 44 41 22 33 33 32 33 22 44 33 11 33 33 11 23 33 11 44 22
1 13 11 11 44 33 11 41 22 44 41 22 33 33 33 33 23 44 33 14 33 33 11 23 33 11 44 22
1 33 14 11 41 33 11 11 22 44 41 22 22 32 22 33 23 41 33 11 33 32 11 22 32 11 44 22
1 13 11 11 44 33 14 44 22 44 11 22 32 32 32 33 23 44 33 11 33 33 11 22 33 11 44 23
1 13 11 11 41 32 14 41 22 41 41 23 32 33 32 33 23 44 32 11 33 33 11 23 32 11 41 22
1 33 14 44 11 22 14 11 33 11 11 33 22 22 22 22 33 11 32 44 22 32 44 33 22 44 11 33
1 11 11 11 44 33 11 11 22 44 44 22 33 33 32 33 22 44 33 11 33 33 11 22 33 11 44 22
1 33 14 44 11 32 14 41 22 41 11 22 22 32 22 32 23 11 32 14 32 33 11 33 32 11 11 33
1 11 11 11 44 33 11 44 22 44 44 22 33 33 33 33 23 44 33 11 33 33 11 22 33 11 44 22
1 13 11 14 41 32 14 11 22 44 41 23 33 32 32 33 23 44 33 14 32 32 11 23 32 11 41 23
1 13 11 11 41 33 11 44 22 44 41 22 33 33 33 33 23 44 33 11 33 33 11 22 32 11 44 22
1 13 14 14 41 32 14 41 22 41 41 23 32 33 32 33 23 41 32 14 32 33 14 23 32 14 41 23
1 11 11 11 44 33 11 44 22 44 44 22 33 33 33 33 22 44 33 11 33 33 11 22 33 11 44 22
1 11 11 11 44 33 11 41 22 44 44 22 33 33 33 33 22 44 33 11 33 33 11 22 32 11 44 22
1 11 11 11 44 33 14 44 22 44 44 22 33 33 33 33 23 44 33 11 33 33 11 22 33 11 44 22
1 11 11 11 41 33 14 41 22 44 41 22 32 32 33 33 23 44 33 11 32 33 11 23 33 11 44 22
1 33 14 11 11 32 14 41 23 41 11 22 22 32 32 32 23 11 32 14 32 32 44 23 33 11 41 23
1 13 14 14 11 32 14 41 22 41 41 23 32 32 32 32 23 41 32 14 32 32 14 23 32 14 41 23
1 33 14 44 11 22 44 11 33 11 11 33 22 32 22 22 33 11 22 44 22 22 44 33 22 14 11 33
1 11 11 11 41 33 11 44 22 44 41 22 33 33 32 33 22 44 33 11 33 33 11 22 33 11 41 22
1 11 11 14 41 33 11 44 22 44 44 22 32 33 33 33 22 44 33 14 33 33 11 22 33 11 41 22
1 13 14 11 41 33 14 41 22 44 44 22 32 32 32 33 23 44 33 14 33 33 14 22 32 11 41 22
1 33 44 14 41 22 14 11 23 41 11 23 22 32 32 32 23 41 32 44 32 32 14 33 32 14 41 23
1 11 11 11 41 33 11 41 22 44 41 22 32 32 33 33 23 44 33 11 32 33 11 23 32 11 44 22
1 11 11 11 41 33 11 44 22 44 41 22 32 33 33 33 23 44 33 11 33 33 14 22 32 11 44 22
1 13 11 11 41 33 14 41 22 44 41 23 32 33 33 32 23 44 32 14 32 33 14 23 32 11 41 22
1 13 14 14 41 32 14 41 23 41 41 23 32 32 32 33 23 41 32 14 32 33 14 23 32 11 41 23
1 13 11 14 11 32 14 41 22 41 41 23 32 32 32 33 23 41 33 11 32 32 14 23 32 11 11 23
1 13 11 11 41 32 11 44 22 44 41 22 33 33 32 33 22 44 33 14 33 33 14 23 33 11 41 23
1 13 11 11 41 33 11 41 22 44 41 22 32 33 33 33 22 44 33 14 33 32 11 22 33 11 44 22
1 11 11 11 44 33 11 44 22 44 44 22 33 33 33 33 22 44 33 11 33 33 11 22 33 11 44 22
1 13 11 11 44 33 11 11 22 44 44 22 32 33 33 33 22 41 33 11 32 33 11 22 33 11 41 22
1 11 11 11 41 33 11 41 22 44 44 22 32 33 32 33 23 41 33 11 33 33 14 23 32 11 11 23
1 13 11 11 41 33 11 44 22 44 41 22 33 33 33 33 23 44 33 11 32 33 14 22 33 11 41 22
1 33 14 11 41 22 14 11 22 44 41 33 22 22 22 32 33 41 22 44 22 32 44 22 33 11 11 23
1 13 11 14 41 33 11 41 22 41 41 22 32 33 22 33 23 41 33 14 33 32 11 23 32 11 41 33
1 11 11 11 41 33 14 44 22 44 44 22 33 33 32 33 22 44 33 11 33 33 11 22 33 11 44 22
1 11 11 11 44 33 14 44 22 44 44 22 33 33 33 33 23 44 32 11 33 33 11 22 33 11 44 22
1 13 11 11 44 33 11 44 22 44 44 22 33 33 33 33 22 44 33 11 33 33 11 22 33 11 44 22
1 33 11 11 41 33 14 41 22 44 44 22 33 33 22 33 22 41 33 11 33 33 11 23 32 11 44 22
1 13 14 14 41 33 44 41 23 41 11 23 32 32 22 33 33 11 32 14 32 32 14 23 32 14 41 23
1 33 11 14 41 33 14 41 23 41 41 22 22 32 32 33 23 44 33 11 33 33 11 22 22 11 44 23
1 13 14 11 11 32 14 41 22 44 41 23 22 32 32 33 23 41 33 14 32 32 14 22 33 11 11 22
1 11 11 14 11 33 14 11 23 41 41 22 22 33 32 33 23 44 33 11 32 33 14 22 33 11 41 22
1 13 11 11 44 33 14 41 22 41 41 23 32 32 33 33 23 44 33 11 33 33 11 22 33 11 44 22
1 13 11 11 11 33 14 41 22 41 41 33 32 32 32 32 23 41 33 14 33 33 14 33 33 11 11 22
1 11 11 11 44 32 11 44 22 44 44 22 32 33 33 33 23 44 33 11 33 33 11 22 32 11 41 22
1 11 11 11 41 33 14 41 22 44 44 22 32 33 33 33 22 44 33 14 32 33 11 22 33 11 44 22
1 33 11 11 41 32 14 41 22 41 11 22 22 22 22 33 23 41 33 44 22 32 11 23 33 11 41 23
1 13 11 11 44 32 14 44 22 41 41 22 32 33 32 33 23 44 33 14 32 32 14 22 33 11 41 23
1 13 11 11 41 32 11 41 22 41 44 23 32 33 32 33 23 41 33 14 32 33 14 22 33 11 44 22
1 13 11 14 41 32 14 41 22 41 41 23 32 32 32 32 23 41 33 11 32 33 14 22 33 11 41 22
1 11 11 11 41 33 11 44 22 44 44 22 33 33 33 33 22 44 33 11 32 33 11 22 33 11 44 22
1 11 11 11 44 33 11 44 22 44 44 22 32 33 33 33 22 44 33 11 33 33 11 22 33 11 44 22
1 11 11 11 44 33 11 41 22 44 41 22 33 33 32 32 23 44 33 11 33 33 11 23 33 11 44 22
1 11 11 11 41 33 11 44 22 44 41 23 32 33 33 33 22 41 33 11 33 33 11 23 33 11 41 22
1 33 14 14 41 32 14 41 22 41 41 23 32 32 32 32 23 44 33 14 32 33 14 23 32 14 44 23
1 33 11 14 41 33 14 44 22 44 11 22 22 33 22 33 23 41 33 11 32 32 11 23 32 11 44 23
1 13 11 11 41 33 14 41 22 41 41 22 32 33 32 33 23 44 33 11 32 33 14 23 33 11 41 22
1 13 14 11 41 32 14 44 22 41 41 22 32 33 32 33 23 41 32 14 32 32 14 23 32 11 41 22
1 11 14 11 44 33 11 44 22 44 44 22 32 33 32 33 22 41 33 14 33 33 11 22 33 11 44 22
1 33 44 44 11 22 44 11 23 11 11 23 22 32 22 33 33 41 32 44 32 22 44 33 22 11 11 23
1 33 14 14 11 32 44 41 23 41 11 23 32 32 32 32 23 41 32 14 32 33 14 23 33 14 11 23
1 13 11 11 41 32 14 41 22 41 41 22 22 32 32 32 22 41 32 14 32 32 44 23 22 14 41 23
1 33 14 11 41 32 44 41 22 41 41 23 33 33 22 32 23 44 32 14 33 32 14 22 32 11 41 22
1 13 11 11 11 32 14 11 23 41 11 22 32 33 22 33 23 44 32 14 32 33 14 22 32 11 41 22
1 11 11 11 44 33 11 44 22 44 41 22 32 33 32 33 23 44 33 11 33 33 11 22 33 11 44 22
1 13 11 14 41 33 11 41 22 44 41 22 32 33 33 32 23 41 33 14 32 32 11 22 32 11 41 22
1 33 14 14 41 32 11 41 23 41 41 22 32 33 32 33 23 44 33 14 32 33 14 23 32 11 41 22
1 13 14 11 41 33 14 41 23 44 41 22 32 32 32 33 23 41 33 11 32 33 14 22 33 11 44 22
1 33 11 11 41 33 14 41 22 44 11 22 32 32 22 33 33 44 32 11 22 33 14 22 32 11 44 23
1 33 11 11 41 33 14 41 22 44 44 22 32 33 32 33 22 44 33 14 33 33 14 22 32 11 44 23
1 11 11 11 41 33 11 41 22 44 41 22 32 33 33 33 22 44 33 14 32 33 14 22 32 11 44 22
1 13 11 14 41 32 14 11 23 41 41 22 32 33 32 33 23 44 32 11 32 32 14 23 33 11 44 23
1 13 14 11 44 33 14 41 23 41 44 23 32 32 32 33 23 41 32 14 32 32 14 23 32 14 41 23
1 13 11 14 41 32 14 41 22 41 41 23 32 32 32 32 23 41 32 14 32 32 14 23 32 11 41 23
1 13 14 11 41 32 14 41 22 41 41 23 32 33 32 32 23 44 32 14 32 33 11 23 32 11 41 22
1 13 14 11 41 33 14 44 22 41 41 22 32 32 32 33 23 41 32 14 32 32 14 23 32 11 41 23
1 13 11 11 41 32 14 41 23 41 41 22 32 33 32 32 23 41 32 14 33 32 14 23 33 11 41 23
1 13 14 14 41 22 14 41 23 41 41 23 32 32 32 32 23 41 22 14 32 32 14 23 32 14 41 23
1 11 11 11 44 33 11 44 22 44 44 22 33 33 33 33 22 44 33 11 33 33 11 23 33 11 44 22
1 13 11 11 41 32 11 11 22 41 11 22 22 33 32 33 23 11 33 11 33 33 11 22 33 11 41 23
1 11 11 11 44 33 11 41 22 44 44 22 33 33 33 33 22 44 33 11 33 33 11 22 33 11 44 22
1 33 11 14 11 32 11 11 22 44 41 22 32 33 32 33 33 41 32 11 32 32 14 23 32 11 44 22
1 13 11 11 44 32 14 44 22 41 44 22 32 33 32 33 23 41 33 11 32 32 11 22 33 11 41 23
1 13 11 11 41 33 11 44 22 44 41 22 33 33 32 33 33 44 33 14 33 33 11 23 33 11 41 23
1 13 14 11 11 32 14 44 23 41 41 22 22 33 32 33 33 41 33 14 32 33 11 22 32 11 41 33
1 13 11 11 41 22 14 41 22 41 11 22 22 33 32 22 22 44 33 14 33 33 11 23 32 11 11 22
1 11 14 11 44 33 14 41 22 44 41 23 32 33 32 33 22 44 33 11 32 33 11 22 33 11 44 23
1 13 11 11 41 33 14 44 22 44 44 22 32 33 33 33 22 44 33 11 33 33 11 22 33 11 44 22
1 11 14 11 41 32 11 41 22 44 41 22 32 32 32 33 22 44 33 11 33 33 14 22 32 11 44 22
1 13 11 11 41 33 11 41 22 44 44 22 32 33 32 33 22 41 33 14 33 33 11 22 32 11 44 22
1 13 11 14 41 33 11 44 22 44 41 22 32 33 32 33 22 44 33 11 32 33 11 23 33 11 44 22
1 33 14 14 11 32 14 41 23 41 41 23 22 32 32 32 33 41 32 14 32 32 14 23 22 14 41 23
1 11 11 11 44 33 11 44 22 44 44 22 33 33 33 33 22 44 33 14 33 33 11 22 33 11 44 22
1 33 44 44 11 32 44 11 23 41 11 23 22 22 22 22 33 11 22 44 22 22 44 33 32 11 11 33
1 13 14 11 41 33 14 41 22 44 44 22 32 33 33 33 22 44 32 14 33 33 11 23 33 11 41 22
1 13 11 11 11 33 11 41 22 41 41 23 22 32 33 33 23 44 32 11 22 33 14 33 32 14 41 23
1 11 11 11 44 33 11 41 22 41 44 22 33 32 33 33 22 44 33 11 33 33 11 22 33 11 44 23
1 13 11 14 41 32 14 11 22 41 11 23 32 32 22 33 22 44 32 14 32 32 11 23 33 11 41 22
1 11 14 14 41 33 11 41 22 44 44 22 33 33 33 33 22 44 33 11 32 33 14 22 33 11 44 22
1 33 11 11 41 33 11 41 22 44 44 22 22 33 32 32 23 41 33 14 33 33 14 22 33 11 41 22
1 13 14 11 41 33 14 41 23 41 41 22 32 32 33 33 23 41 32 14 32 33 14 23 33 14 41 23
1 13 14 11 11 32 44 44 23 41 41 23 32 32 22 32 33 41 32 14 22 32 44 23 32 14 41 23
1 11 14 11 41 33 14 44 22 41 44 22 32 33 32 33 22 41 33 11 32 32 11 22 33 11 44 22
1 33 14 11 11 32 14 44 22 41 41 22 32 33 33 33 23 41 32 14 32 33 14 22 33 11 41 22
1 11 11 11 41 33 14 41 22 44 44 22 32 33 33 33 22 44 33 11 32 33 14 22 33 11 41 22
1 11 11 11 44 33 11 44 22 44 41 22 33 33 33 33 22 44 33 11 33 33 11 22 33 11 44 22
1 33 11 14 41 33 14 11 22 41 41 23 32 32 22 33 23 11 33 14 32 33 44 23 33 11 41 23
1 11 11 11 44 33 11 44 22 44 44 22 33 33 33 33 22 44 33 11 32 33 11 22 33 11 44 22
1 33 11 11 41 32 44 41 23 44 11 22 32 32 22 32 33 41 32 14 32 32 14 23 33 11 41 23
1 33 11 14 41 32 14 41 23 44 44 23 32 33 22 32 23 41 33 11 33 32 14 22 33 11 11 23
1 13 14 14 41 32 14 41 23 41 41 23 32 32 32 32 23 41 32 14 32 32 14 23 32 14 41 23
1 13 11 11 44 33 11 44 22 11 41 23 32 33 33 33 23 44 33 11 32 33 14 22 33 11 41 22
1 33 11 14 41 32 14 11 23 41 11 23 32 32 22 22 23 11 22 14 22 32 44 23 32 14 41 23
1 13 11 11 44 33 44 44 22 44 44 23 32 33 33 33 22 44 33 11 33 33 11 22 33 11 44 22
1 33 44 14 41 33 44 11 22 44 11 23 22 33 32 32 23 44 32 44 32 32 14 23 33 11 41 22
1 13 11 11 41 33 11 44 22 44 44 22 32 32 32 33 23 44 33 14 33 33 14 22 33 11 44 22
1 13 14 14 41 32 44 41 22 41 41 23 32 32 22 33 23 41 32 14 32 32 14 23 32 14 41 23
1 13 14 11 44 33 14 41 22 41 41 23 32 33 32 32 22 41 33 14 33 32 11 23 32 11 41 23
1 13 11 11 41 33 11 41 22 44 11 22 32 33 33 33 23 44 32 14 33 33 11 23 33 11 41 23
1 11 11 11 44 33 11 44 22 44 44 22 33 33 33 33 22 44 33 11 33 33 11 22 33 11 44 22
1 11 11 11 41 33 14 41 23 44 41 22 32 33 22 33 23 44 33 14 32 32 14 23 33 11 44 23
1 33 11 14 11 32 44 41 22 44 41 22 22 32 32 33 33 44 32 14 32 33 14 33 32 11 11 23
1 13 14 14 41 32 14 41 22 44 41 22 32 32 32 32 23 41 32 14 32 32 14 22 33 11 44 23
1 11 11 11 44 33 11 44 22 44 44 22 33 33 33 33 22 44 33 11 33 33 11 22 33 11 44 22
1 13 11 11 41 32 14 41 22 44 11 22 33 33 32 32 23 41 33 14 32 33 11 23 33 11 41 23
1 33 11 14 41 32 11 41 22 11 41 22 32 33 32 32 23 41 33 11 33 33 14 22 22 11 41 23
1 11 11 11 41 33 11 44 22 41 44 22 32 33 32 33 22 44 33 11 33 33 11 22 33 11 44 22
1 13 11 11 41 33 11 44 22 44 41 22 33 33 33 33 22 41 33 11 33 33 11 22 33 11 41 22
1 11 11 11 44 33 11 44 22 44 44 22 33 33 33 33 22 44 33 11 33 33 11 22 33 11 44 22
1 13 11 14 11 32 14 11 22 41 41 23 32 22 22 32 23 44 33 14 32 32 11 23 33 11 41 33
1 11 14 11 11 32 44 11 23 11 41 23 22 32 33 33 33 41 33 14 32 32 14 33 32 11 41 22
1 33 44 44 11 32 44 11 23 11 11 23 22 22 22 32 33 11 22 14 22 33 44 33 32 44 11 23
1 13 11 14 41 33 14 41 22 44 41 22 32 33 32 33 23 44 33 14 33 33 14 22 32 11 41 22
1 13 14 14 41 32 14 11 22 41 11 23 32 32 32 32 23 41 32 14 32 32 14 23 32 14 41 23
1 33 11 14 41 32 11 41 22 41 44 22 32 33 22 32 33 44 32 14 33 33 14 22 22 14 44 22
1 11 11 11 41 33 14 41 22 44 44 22 33 33 33 33 23 44 33 11 32 32 11 22 32 11 44 22
1 11 11 11 44 33 11 44 22 44 44 22 33 33 33 33 22 44 33 11 33 33 11 22 33 11 44 22
1 33 14 11 41 33 11 41 22 41 44 22 32 32 32 32 33 41 33 11 32 33 14 22 22 11 44 22
1 13 14 14 44 33 14 41 22 41 41 22 32 32 32 33 22 44 33 14 32 32 14 23 33 11 44 22
1 11 11 11 44 33 11 44 22 44 44 22 33 33 33 33 22 44 33 11 33 33 11 22 33 11 44 22
1 13 14 14 11 32 11 41 22 41 41 22 22 32 33 33 23 41 32 11 32 33 11 22 33 11 41 23
1 33 11 14 11 33 44 11 22 41 11 23 32 33 22 32 23 41 32 14 33 32 14 33 32 14 11 23
1 13 14 14 11 32 14 11 23 41 11 23 22 32 32 32 33 41 32 14 32 32 14 23 32 14 41 22
1 13 11 11 41 32 14 11 23 41 41 22 32 33 22 32 23 41 32 11 22 32 11 23 32 11 44 22
1 11 11 14 41 33 14 41 22 41 44 22 32 33 32 33 23 44 33 14 33 32 11 23 32 11 44 22
1 13 14 11 44 32 14 44 22 41 44 22 32 32 32 33 22 44 33 14 33 33 14 22 33 11 44 22
1 13 11 11 41 33 11 41 22 44 44 22 32 33 33 33 23 44 33 14 33 33 11 22 32 11 41 22
1 13 11 14 41 33 14 41 23 41 11 23 32 33 32 33 23 41 32 44 32 33 14 22 33 14 44 23
1 13 14 11 11 33 14 41 22 41 41 23 22 33 32 33 23 41 22 14 32 33 44 22 32 11 44 22
1 13 11 11 41 32 14 41 22 41 41 23 33 32 32 33 23 44 33 14 22 33 11 22 33 11 44 22
1 13 11 11 41 33 11 44 22 44 44 22 32 33 33 33 22 44 33 14 32 33 14 22 33 11 44 22
1 33 11 11 11 32 14 11 22 41 11 23 22 33 22 33 23 41 32 14 33 33 14 22 33 11 11 22
1 33 11 11 11 32 44 11 33 41 11 23 22 22 22 22 23 11 32 44 32 22 44 33 22 11 11 33
1 13 11 11 11 33 44 41 22 41 41 23 32 33 32 33 23 41 33 11 32 33 11 22 32 11 41 23
1 11 11 11 44 33 11 44 22 44 44 22 33 33 33 33 22 44 33 11 33 33 11 22 33 11 44 22
1 13 14 14 41 32 14 41 22 41 41 22 22 33 22 33 23 41 32 14 32 33 14 22 32 14 44 22
1 13 11 11 11 33 11 41 22 44 44 22 32 33 33 33 23 44 33 11 22 33 14 22 33 14 44 22
1 11 11 11 44 33 11 44 22 44 41 22 33 33 33 33 22 44 33 11 32 32 11 22 33 11 44 22
1 33 14 14 41 32 44 11 23 44 41 23 22 32 22 32 23 41 32 14 22 22 14 23 22 11 11 22
1 33 14 14 41 32 44 11 23 11 11 23 22 32 32 32 33 41 32 14 32 32 14 23 32 14 11 23
1 13 14 14 11 32 44 41 23 11 11 23 32 32 32 32 23 41 32 44 32 32 14 23 32 14 41 23
1 11 11 14 41 33 11 41 22 41 44 22 32 32 22 33 33 41 33 44 22 33 11 22 33 11 41 22
1 11 11 11 44 33 11 41 22 44 41 22 33 33 33 33 22 44 33 11 32 33 11 22 32 11 44 22
1 13 11 11 41 33 14 44 22 44 41 22 33 32 33 33 33 41 33 14 33 33 11 22 32 11 44 22
1 11 11 11 44 33 11 41 22 44 44 22 33 33 33 33 22 44 33 11 33 33 11 22 33 11 44 22
1 33 44 44 11 22 44 11 33 11 11 33 22 32 22 32 33 11 32 44 22 22 44 33 22 44 11 33
1 11 11 14 41 33 11 44 22 41 11 22 33 33 32 33 33 44 33 11 32 33 11 22 32 11 44 22
1 13 11 11 41 33 11 44 22 44 41 22 32 33 32 33 33 41 33 11 32 33 14 22 33 11 44 22
1 33 11 11 11 32 44 41 22 11 11 22 22 32 32 32 23 44 32 44 32 32 14 23 33 11 44 22
1 33 11 14 41 22 14 41 22 41 11 33 22 32 22 33 23 11 32 14 22 32 14 22 22 11 41 23
1 13 11 14 41 33 14 41 23 41 41 23 32 32 32 33 23 41 33 14 32 32 14 23 32 14 41 23
1 13 11 11 41 33 11 44 22 44 41 22 33 32 33 33 23 44 33 11 32 33 14 22 33 11 41 23
1 13 14 14 41 32 14 41 23 41 41 23 32 32 32 32 23 41 32 14 32 33 14 23 32 11 41 23
1 13 11 11 41 32 11 41 22 44 44 22 32 32 32 32 22 41 33 11 32 33 11 23 33 11 44 23
1 33 14 11 11 33 14 11 22 41 41 33 33 22 32 32 23 41 33 11 32 33 11 23 32 14 44 22
1 11 11 11 41 33 11 41 22 41 44 22 33 32 33 33 23 44 32 14 33 33 11 23 33 11 44 22
1 13 14 14 41 33 14 41 23 41 41 23 32 32 22 33 23 41 33 14 32 32 14 23 32 14 41 23
1 11 11 11 44 33 11 41 22 44 44 22 33 33 33 33 23 44 33 14 33 33 11 22 32 11 44 22
1 33 11 14 11 33 14 11 23 11 11 22 22 33 22 33 23 11 32 14 32 22 44 23 32 11 44 23
1 11 11 11 41 33 11 41 23 44 41 22 32 32 32 33 23 44 33 11 32 32 11 23 33 11 44 22
1 13 14 11 41 32 14 41 22 41 41 23 22 32 32 33 22 44 33 14 33 32 14 23 33 11 44 23
1 13 14 11 41 32 14 41 22 41 41 23 22 33 33 32 23 41 32 11 32 33 11 22 32 11 41 23
1 13 11 11 11 32 14 41 23 41 41 22 32 32 32 33 33 41 32 14 32 32 14 33 32 11 41 22
1 13 11 11 44 33 11 44 22 44 44 22 32 33 32 33 23 44 32 14 33 33 11 22 33 11 41 22
1 13 14 14 41 32 14 41 23 41 41 22 32 33 32 33 23 41 32 14 32 32 11 23 32 11 41 23
1 13 11 14 41 33 44 41 22 41 41 22 32 33 32 33 23 41 32 14 32 33 14 22 33 11 44 23
1 11 11 11 44 33 11 41 22 44 44 22 32 33 33 33 23 41 33 11 32 33 14 22 33 11 41 22
1 13 11 11 41 33 14 41 23 44 41 23 32 33 33 33 23 41 32 11 32 32 11 22 32 11 44 23
1 13 14 11 41 33 44 41 22 41 41 22 33 33 22 33 23 44 33 14 32 33 14 23 32 11 41 23
1 11 11 11 41 32 14 41 22 44 41 23 32 32 32 32 23 44 32 11 32 32 14 23 32 11 41 23
1 11 11 11 41 33 11 41 22 44 44 22 33 33 32 33 33 41 33 11 32 32 11 22 32 11 41 22
1 11 11 11 44 33 11 44 22 44 41 22 33 33 33 33 22 44 33 11 33 33 11 22 33 11 44 22
1 13 14 14 41 33 14 41 22 41 41 22 32 33 32 32 33 44 32 14 32 33 44 23 33 14 11 23
1 33 14 14 41 32 14 41 22 41 11 23 22 22 32 32 23 41 32 14 32 32 14 23 33 11 41 23
1 11 44 11 41 33 14 41 23 41 41 22 32 32 32 32 33 41 32 44 32 32 14 22 32 11 41 23
1 33 14 11 41 32 14 41 23 44 41 23 32 32 32 32 23 41 32 44 32 32 14 23 32 11 41 23
1 13 11 11 44 33 11 44 22 44 44 22 33 32 33 33 22 44 33 11 32 33 11 22 33 11 44 22
1 13 11 11 44 33 11 41 22 44 44 22 33 33 32 33 22 44 33 11 33 33 11 22 33 11 41 22
1 33 14 14 11 32 44 11 22 11 11 23 32 22 32 32 22 11 33 14 32 32 44 22 22 11 41 23
1 13 14 14 41 33 14 11 23 41 11 23 32 32 32 32 23 41 32 14 22 33 14 23 32 11 41 23
1 13 14 14 41 32 14 41 22 41 41 23 32 33 32 32 23 41 32 14 32 32 14 23 32 11 41 23
1 11 14 11 44 33 14 11 22 44 41 22 33 33 32 33 23 44 33 11 33 33 11 22 33 11 44 22
1 13 11 11 41 32 14 44 22 41 41 22 33 33 33 33 22 44 33 14 33 33 14 23 33 11 44 23
1 13 14 14 41 33 44 11 22 44 41 23 32 32 32 33 22 41 32 44 22 32 44 33 32 14 41 23
1 11 14 11 41 33 14 44 22 41 44 22 33 33 32 33 23 44 33 11 32 33 11 22 33 11 44 22
1 33 11 14 11 33 44 11 22 44 11 23 22 32 32 32 33 11 32 11 22 32 44 23 32 11 41 22
1 13 14 14 41 33 14 41 23 41 41 23 32 32 32 32 23 41 32 14 32 32 14 23 32 11 41 23
1 13 11 11 11 33 11 41 23 44 44 23 22 32 32 33 23 41 32 11 33 33 44 23 33 11 11 33
1 33 11 44 41 32 11 41 22 11 11 23 33 32 32 32 33 41 33 11 33 32 14 23 33 11 41 23
1 13 11 11 44 33 11 44 22 44 44 22 32 33 33 33 22 44 33 11 33 33 11 23 33 11 44 22
1 33 14 44 11 33 14 11 22 11 11 33 22 22 22 22 33 11 22 44 32 22 44 33 22 14 41 33
1 13 11 11 44 33 11 44 22 44 41 22 22 33 32 33 22 41 33 11 33 33 11 22 33 11 44 22
1 13 11 44 44 33 14 44 22 44 44 22 32 33 22 33 22 41 32 11 33 33 11 22 33 11 44 22
1 13 11 11 41 32 14 41 22 44 41 23 32 33 33 33 23 41 33 11 32 33 14 22 32 11 41 23
1 33 14 11 41 33 14 11 22 44 41 22 32 32 22 33 33 41 33 14 22 33 44 23 32 14 41 23
1 13 14 11 41 33 11 41 22 44 41 22 32 32 33 33 23 44 33 14 32 32 14 22 33 11 41 22
1 13 11 11 44 33 11 44 22 44 44 22 32 33 33 33 22 41 33 14 33 33 11 22 33 11 44 22
1 13 14 44 11 33 44 41 23 41 41 23 22 32 22 32 23 11 32 14 32 32 14 23 32 11 41 23
1 33 14 11 44 33 11 41 22 41 41 22 22 33 22 33 23 44 33 14 33 33 11 23 33 11 11 22
1 13 11 11 41 33 11 44 22 44 44 22 33 33 33 33 22 44 33 11 33 33 11 22 33 11 44 22
1 13 11 11 41 33 14 41 22 41 44 23 32 32 32 32 33 44 33 14 32 33 11 22 33 11 44 33
1 11 11 11 41 33 14 44 22 41 44 22 33 32 33 33 22 44 33 11 33 33 11 23 33 11 44 22
1 33 14 14 11 32 14 11 23 44 11 23 32 32 32 32 33 11 32 44 32 32 44 33 33 14 11 22
1 11 11 11 44 33 11 44 22 44 44 22 33 33 33 33 22 44 33 11 33 33 11 22 33 11 44 22
1 33 11 14 41 33 14 11 22 41 41 23 32 33 22 32 33 41 22 14 32 32 14 33 22 14 41 33
1 13 11 14 11 32 44 41 23 41 41 33 32 32 32 33 33 41 22 44 32 33 14 23 32 11 41 23
1 13 11 11 41 32 44 41 22 44 41 22 22 33 22 33 23 44 33 11 33 33 11 22 32 11 41 22
1 11 11 11 41 33 11 44 22 44 44 22 33 33 33 33 23 44 33 11 33 33 11 22 33 11 44 22
1 33 14 14 41 33 14 41 23 41 41 23 32 32 32 32 23 41 33 44 32 32 11 23 32 11 41 22
1 13 14 14 41 32 14 41 23 41 41 23 32 32 32 32 23 41 32 14 32 32 14 23 32 14 41 23
1 11 11 11 44 33 11 44 22 44 44 22 33 33 33 33 22 44 33 11 32 33 11 22 33 11 44 22
1 13 14 14 41 32 14 41 23 41 41 22 32 32 32 32 23 41 32 14 32 32 14 23 32 14 41 23
1 11 11 11 11 33 11 41 22 44 44 23 32 33 32 33 22 44 33 14 33 33 11 23 33 11 44 22
1 33 11 11 44 33 14 41 22 44 41 22 32 33 33 33 23 44 32 14 32 33 44 22 33 11 44 23
1 11 11 11 11 22 14 41 22 44 11 22 32 32 33 32 33 44 33 11 32 33 14 22 33 11 11 23
1 13 44 14 11 22 44 11 22 11 11 22 22 32 22 33 33 41 22 44 32 32 14 22 22 14 11 23
1 33 14 11 41 32 44 41 22 11 11 22 22 22 22 22 33 41 32 14 32 32 14 23 22 11 11 22
1 11 11 11 44 33 11 41 22 44 44 22 22 33 33 33 23 44 33 11 33 33 11 23 33 11 41 22
1 33 11 11 11 32 14 41 22 44 41 22 32 32 32 32 23 44 33 11 32 32 14 23 32 11 11 23
1 33 44 14 11 32 44 41 22 41 41 23 22 32 22 22 33 41 22 14 22 32 14 33 22 14 41 23
1 33 14 11 41 33 11 11 22 11 44 22 32 33 33 33 22 44 33 14 33 33 14 22 33 14 41 22
1 11 11 11 44 33 11 44 22 44 44 22 33 33 33 33 22 44 33 11 33 33 11 22 33 11 44 22
1 13 11 11 44 33 14 41 22 44 41 22 32 33 32 33 22 44 33 11 33 33 14 22 33 11 44 22
1 13 11 11 44 33 11 44 22 44 41 22 32 33 32 33 23 44 33 11 33 33 14 22 32 11 44 22
1 11 11 11 41 33 11 11 22 44 11 22 32 33 33 33 22 44 33 11 33 33 11 23 33 11 44 22
1 13 11 11 44 33 11 41 22 44 41 23 33 32 22 33 22 44 33 11 33 33 11 22 33 11 44 22
1 11 11 11 44 33 11 44 22 44 44 22 32 33 33 33 22 44 33 11 33 33 11 22 33 11 44 22
1 13 11 11 44 33 11 44 22 41 44 22 33 33 33 32 22 44 33 11 33 33 14 22 33 11 44 22
1 13 14 11 41 33 11 41 22 44 44 23 32 32 32 33 23 44 33 11 32 33 14 23 32 11 41 22
1 13 11 11 41 33 11 44 22 44 44 22 32 33 33 33 22 44 33 11 33 33 11 22 33 11 41 22
1 11 11 11 44 33 11 44 22 44 44 22 33 33 33 33 22 44 33 11 33 33 11 22 33 11 44 22
1 11 11 11 41 32 14 41 22 44 44 22 32 33 32 33 23 44 33 11 33 33 14 22 33 11 41 22
1 13 14 11 41 32 11 41 22 44 41 22 32 33 32 33 23 41 33 14 32 32 11 22 32 11 41 23
1 11 11 11 41 33 11 44 22 44 44 22 33 33 33 33 22 44 33 11 33 33 11 22 33 11 44 22
1 13 11 11 41 33 11 41 22 41 44 22 33 33 32 33 33 44 33 11 32 33 11 22 33 11 44 22
1 33 14 44 11 32 44 11 23 11 41 23 22 22 22 22 23 11 32 44 22 22 14 33 32 44 11 22
1 11 11 11 44 33 11 41 22 44 44 22 33 32 33 33 23 44 33 11 33 32 11 22 32 11 41 22
1 13 11 11 44 33 14 44 22 44 41 22 32 33 32 32 33 41 33 14 33 32 14 22 33 11 41 22
1 13 11 11 11 33 14 41 22 41 11 22 32 32 32 33 23 11 33 11 32 33 11 22 33 11 11 33
1 13 11 11 44 33 44 41 22 41 44 22 32 33 33 33 23 44 33 11 33 32 11 22 33 11 44 22
1 33 11 14 11 32 14 41 23 41 11 23 22 32 32 32 33 41 32 14 32 32 14 23 22 11 11 23
1 13 44 14 11 32 44 11 23 41 11 23 22 32 33 32 33 11 22 44 22 22 14 33 22 11 11 23
1 33 14 14 11 32 44 11 22 11 11 33 22 32 22 33 23 41 33 14 32 33 14 22 22 14 11 23
1 11 11 11 41 32 11 44 22 44 44 22 32 33 33 33 23 44 33 14 33 33 11 22 33 11 41 22
1 33 14 14 11 32 44 11 23 11 41 23 22 33 22 32 23 41 22 14 22 32 14 23 32 44 11 33
1 13 11 11 41 33 44 41 22 44 44 22 22 33 32 33 22 41 33 11 33 33 14 22 33 11 44 22
1 13 11 14 11 32 44 11 23 41 11 22 22 32 22 32 23 41 32 14 22 22 44 23 32 11 44 33
1 13 11 14 41 32 14 41 23 41 41 22 22 32 32 33 23 41 32 14 32 33 14 23 32 14 41 23
1 13 11 14 11 32 11 41 22 44 44 22 32 33 33 32 23 44 33 11 33 33 14 22 33 11 41 23
1 13 11 11 44 33 11 41 22 44 41 22 32 33 32 33 22 44 33 14 32 33 11 22 33 11 44 22
1 11 11 11 44 33 14 44 22 44 41 22 32 32 33 33 22 44 33 14 33 33 14 22 32 11 44 22
1 33 11 44 11 33 14 41 22 41 11 22 22 32 32 32 33 11 32 44 32 33 44 22 32 11 41 22
1 13 11 11 44 33 11 44 22 44 44 22 33 33 33 33 22 44 33 11 33 33 11 22 33 11 44 22
1 13 14 11 41 33 11 41 22 44 41 22 33 33 33 33 23 44 33 11 32 32 11 22 32 11 44 23
1 11 11 11 44 33 11 44 22 44 44 22 33 33 33 33 22 44 33 11 33 33 11 22 33 11 44 22
1 33 14 14 11 32 14 11 22 11 11 33 22 22 22 22 33 11 32 14 32 22 44 33 22 11 41 33
1 13 14 14 44 32 14 41 23 41 41 22 32 33 32 32 23 41 32 11 32 32 14 23 33 11 44 22
1 11 11 11 44 33 11 44 22 44 44 22 33 33 33 33 22 44 33 11 33 33 11 22 33 11 41 22
1 13 14 11 41 33 14 41 22 44 41 22 32 32 33 32 23 41 33 11 33 33 11 22 32 14 41 23
1 11 11 11 41 33 11 44 22 41 11 22 33 33 32 33 22 44 33 14 32 33 11 22 33 11 41 22
1 13 11 11 41 33 11 41 22 41 44 23 32 32 32 33 22 41 33 14 33 33 11 22 33 11 44 22
1 13 11 11 11 33 11 44 22 44 41 22 32 33 32 33 22 44 32 11 32 33 11 22 32 11 41 22
1 33 14 14 41 32 14 41 23 41 41 23 22 32 32 32 23 41 32 14 32 32 14 23 32 11 41 23
1 33 44 44 11 22 44 11 22 41 11 33 22 22 22 22 33 11 33 14 22 22 14 23 22 14 11 33
1 33 11 11 11 33 11 41 22 44 11 23 32 32 32 33 23 41 33 11 32 33 14 33 32 11 41 22
1 11 11 11 41 33 11 41 22 44 44 22 33 33 32 33 22 44 33 11 33 33 11 22 33 11 44 22
1 33 44 14 11 22 14 11 22 11 11 33 22 22 22 32 22 11 22 44 22 32 44 33 22 11 11 22
1 11 11 11 44 33 11 44 22 44 44 22 33 33 33 33 22 44 33 11 33 33 11 22 33 11 44 22
1 11 11 11 41 33 11 44 22 44 44 23 32 33 33 33 22 41 33 11 33 33 11 22 33 11 44 22
1 11 11 11 41 33 11 41 23 44 41 22 32 32 33 33 22 44 32 11 32 33 14 22 32 11 44 22
1 11 11 11 41 33 44 41 22 41 41 22 33 33 32 33 23 44 33 11 32 33 11 22 33 11 41 22
1 33 44 14 11 32 44 11 33 11 11 23 22 22 22 22 33 11 22 44 22 22 44 33 22 44 11 33
1 11 11 11 44 33 11 44 22 44 44 22 32 33 33 33 22 44 33 11 33 33 11 22 33 11 44 22
1 33 14 11 41 32 14 41 22 41 41 22 32 32 32 32 33 41 33 44 32 32 14 22 33 11 11 23
1 13 11 14 41 32 14 41 22 41 41 22 32 32 32 32 33 41 22 14 32 32 14 23 32 14 11 23
1 33 14 14 11 32 44 11 23 41 11 23 22 32 22 33 33 41 32 44 32 32 11 23 32 14 11 23
1 33 11 14 11 32 44 11 22 41 41 23 22 32 22 32 33 41 32 14 22 32 14 23 32 14 11 23
1 33 14 11 11 33 44 11 22 41 41 22 22 22 32 32 33 11 32 44 32 33 11 23 33 11 44 23
1 13 14 14 41 32 14 41 23 41 41 23 32 32 32 33 23 41 33 14 32 32 14 23 32 11 41 23
1 33 14 14 41 32 44 41 23 41 11 23 32 32 32 32 23 41 32 14 32 32 14 23 32 14 11 23
1 13 14 11 41 33 11 41 22 44 41 22 33 33 32 33 23 44 33 11 32 33 11 22 32 11 41 22
1 33 44 14 11 33 44 11 23 11 11 23 22 22 22 22 33 11 33 44 22 22 44 23 32 14 11 23
1 33 14 14 11 32 44 41 23 11 41 23 22 32 32 33 23 41 32 44 32 32 11 23 33 14 41 23
1 13 14 44 11 32 44 11 23 44 11 22 22 22 22 32 33 11 22 14 22 32 44 23 32 14 11 23
1 11 11 11 11 32 14 44 22 41 41 22 32 32 32 33 33 41 33 11 32 32 11 22 33 11 41 23
1 13 11 11 44 33 11 41 22 44 44 22 33 33 33 33 23 44 33 14 33 33 11 22 33 11 41 22
1 13 11 11 44 33 11 44 22 44 44 22 33 33 22 33 22 44 33 11 32 33 14 23 33 11 44 22
1 13 11 11 44 33 11 44 22 41 41 22 33 33 33 33 22 41 33 11 32 33 11 22 33 11 44 22
1 13 11 11 41 32 11 44 22 44 41 23 32 33 32 32 23 41 33 11 32 32 11 22 33 11 41 22
1 33 14 14 41 32 14 41 22 44 41 23 32 32 32 32 33 41 32 14 32 32 14 23 32 14 41 23
1 13 11 14 41 33 14 41 22 41 41 23 32 33 32 32 23 41 32 14 32 32 11 22 32 11 41 23
1 13 11 11 44 33 11 41 22 41 41 22 22 33 32 32 23 41 33 14 33 32 11 23 33 11 41 22
1 13 14 14 41 32 14 41 23 41 41 23 32 32 32 32 23 41 32 14 32 32 14 23 32 14 41 23
1 13 11 14 41 32 14 41 22 41 41 23 32 33 32 32 23 41 33 14 32 32 14 23 32 11 41 22
1 13 11 11 44 32 14 41 22 44 41 22 22 32 32 33 23 44 32 14 33 32 14 23 32 11 44 22
1 13 11 11 41 33 14 41 23 41 11 22 32 32 32 32 33 44 32 14 32 32 14 22 33 14 41 22
1 13 14 14 41 32 14 41 22 41 41 23 32 32 32 32 23 41 32 14 32 32 14 23 32 11 41 23
1 13 11 11 41 33 14 44 22 44 41 23 33 33 33 33 23 44 33 11 33 33 14 22 32 11 44 22
1 13 11 11 44 33 11 44 22 44 44 22 33 33 33 33 23 44 33 11 33 33 14 22 33 11 41 22
1 11 11 11 41 33 14 41 22 44 41 23 32 33 33 33 23 44 33 14 33 33 11 22 33 11 44 22
1 13 14 11 41 33 14 41 22 41 41 23 32 32 32 33 23 41 33 11 33 33 14 23 32 11 44 22
1 33 14 14 41 32 14 41 23 41 41 23 32 32 32 32 23 41 32 44 22 33 14 23 32 14 41 33
1 13 14 11 41 33 14 41 22 41 41 23 32 32 32 33 23 44 32 14 32 33 11 23 32 11 41 23
1 13 11 11 41 32 11 41 22 41 44 22 32 33 32 33 22 41 33 11 32 33 11 22 22 11 41 23
1 11 44 11 41 33 11 41 22 11 44 22 22 33 22 33 22 44 32 14 32 33 14 23 33 11 41 22
1 33 11 44 11 32 14 41 22 44 41 23 32 32 32 32 33 41 32 14 22 32 14 23 32 14 41 22
1 11 11 11 44 33 11 44 22 44 44 22 33 33 33 33 22 44 33 11 33 33 11 22 33 11 44 22
1 13 14 14 41 32 14 41 23 41 41 22 32 32 32 32 23 44 32 14 32 33 14 22 33 11 41 22
1 11 11 11 41 33 11 44 22 44 44 22 33 33 33 33 22 44 33 11 33 33 11 22 33 11 44 22
1 11 11 11 44 33 11 44 22 44 41 22 33 33 33 33 22 44 33 11 33 33 11 22 33 11 44 22
1 13 11 11 44 33 11 44 22 44 44 22 33 33 33 33 22 44 33 11 33 33 11 22 33 11 44 22
1 13 14 11 41 32 11 41 23 41 41 22 32 33 32 32 22 44 33 14 32 33 14 22 32 11 41 22
1 13 11 11 44 33 11 41 22 44 44 22 33 33 32 32 23 41 33 11 33 33 11 22 33 11 44 22
1 11 11 11 44 33 11 44 22 44 44 22 33 33 33 33 22 44 33 11 33 33 11 22 33 11 44 22
1 13 14 14 41 32 14 41 23 41 41 23 32 32 22 32 23 41 32 14 32 32 14 23 32 11 41 23
1 11 11 11 44 33 14 44 22 44 41 22 33 33 33 33 33 44 33 11 33 33 14 22 33 11 41 22
1 11 11 11 44 33 11 44 22 44 44 22 33 33 33 33 22 44 32 14 33 33 11 22 33 11 44 23
1 11 11 11 44 33 11 44 22 44 44 22 33 33 33 33 22 44 33 11 33 33 11 22 33 11 44 22
1 11 11 11 41 33 11 41 22 44 44 23 32 33 22 33 22 44 33 11 33 33 11 22 33 11 44 22
1 33 11 11 41 33 14 41 22 41 41 23 32 33 32 33 23 44 33 14 32 32 11 23 32 14 44 23
1 13 11 11 41 33 11 41 22 44 41 22 32 33 32 33 22 44 33 14 33 33 14 22 32 11 41 22
1 13 14 14 41 32 44 41 23 44 41 23 32 32 22 32 22 44 32 14 32 32 14 23 32 11 11 23
1 13 14 14 41 32 14 41 22 41 41 23 32 32 32 32 23 41 32 14 32 32 14 23 32 14 41 23
1 13 14 11 41 33 14 41 22 41 41 23 32 32 32 32 33 44 32 14 32 33 14 22 33 11 41 22
1 11 11 11 41 33 14 44 22 44 41 22 32 33 32 33 22 44 33 11 32 33 11 23 33 11 44 23
1 11 11 11 44 33 11 44 22 44 44 22 33 33 33 33 23 44 33 11 33 33 14 22 32 11 44 22
1 11 11 11 44 33 14 44 23 44 41 22 32 33 33 33 23 44 33 11 33 33 14 22 33 11 41 22
1 13 11 11 41 33 14 44 22 44 44 22 32 33 33 33 22 44 33 11 33 33 14 22 33 11 41 22
1 11 11 11 44 33 11 44 22 44 44 22 33 33 33 33 22 44 33 11 33 33 11 22 33 11 44 22
1 13 11 11 41 32 14 11 22 41 11 23 32 33 22 33 23 41 33 14 22 33 11 33 32 11 41 22
1 11 11 11 44 33 11 44 22 41 44 22 33 33 33 33 22 44 33 11 33 33 11 22 33 11 44 22
1 13 11 11 41 33 11 41 22 44 41 22 32 33 33 32 22 44 33 11 33 33 11 22 33 11 41 22
1 13 11 14 41 32 14 41 22 41 11 23 32 32 32 32 23 41 32 14 32 32 14 23 32 14 41 23
1 11 11 11 41 32 14 44 22 41 44 22 32 32 22 32 23 44 33 14 32 33 14 23 33 11 41 22
1 13 11 14 11 33 14 41 22 41 44 22 22 32 33 33 33 41 32 14 22 33 14 23 22 11 41 22
1 33 14 11 11 33 14 44 23 41 41 23 32 32 32 32 33 44 32 14 32 22 14 23 22 14 11 23
1 13 11 11 41 33 14 11 22 41 44 22 33 33 32 33 23 44 33 11 33 33 11 23 33 11 44 22
1 33 14 14 11 22 14 11 22 41 11 23 22 22 32 32 33 41 32 44 32 32 14 33 22 14 11 33
1 13 11 11 41 33 14 11 22 41 41 22 32 33 32 33 33 44 33 11 33 33 11 22 33 11 11 22
1 13 11 11 41 33 14 41 23 44 44 22 32 33 32 33 23 41 32 11 33 33 14 22 33 11 44 23
1 13 11 11 41 32 14 44 22 41 44 22 22 33 22 33 23 44 33 11 32 33 11 22 33 11 44 23
1 33 14 14 41 32 14 11 22 44 11 22 32 32 32 32 23 41 33 14 33 32 14 23 32 14 11 23
1 11 14 11 41 33 11 44 22 41 44 23 33 33 22 33 33 44 33 11 33 33 14 22 32 11 44 22
1 33 44 44 11 32 44 11 33 11 11 23 22 32 22 22 33 41 22 44 32 22 44 33 22 11 11 33
1 33 44 14 11 32 14 41 23 41 11 23 32 32 22 32 33 11 32 44 32 32 44 23 32 14 41 33
1 13 14 11 41 33 11 41 22 41 41 22 32 32 32 33 23 41 32 11 32 32 14 22 33 11 41 22
1 33 14 11 41 22 14 11 22 11 11 23 22 22 22 33 33 41 32 44 22 32 44 23 32 14 41 23
1 11 11 11 11 33 14 41 22 44 41 23 33 22 32 33 23 41 33 14 32 33 14 23 33 11 41 22
1 13 11 11 44 33 11 11 22 44 41 22 32 33 22 33 23 41 33 14 33 33 11 22 32 11 44 23
1 11 11 11 44 33 11 44 22 44 44 22 33 33 33 33 23 44 33 11 33 33 11 22 33 11 44 22
1 13 11 11 41 33 14 41 22 44 44 22 32 33 33 33 22 41 33 11 33 33 11 22 33 11 44 22
1 11 11 11 44 33 11 44 22 44 41 22 33 33 33 33 23 44 33 14 33 33 11 22 33 11 44 22
1 13 14 14 11 32 11 44 22 41 41 22 22 32 32 33 23 11 32 14 33 33 11 22 33 14 41 22
1 13 11 11 11 33 11 41 22 44 44 22 33 33 32 33 23 44 33 11 33 33 11 22 33 11 41 22
1 11 11 11 44 33 11 44 22 44 44 22 32 33 33 33 22 44 33 11 33 33 14 22 33 11 41 22
1 13 14 14 41 32 14 44 23 41 41 22 32 32 32 32 23 41 32 11 32 33 11 22 32 11 41 23
1 33 11 14 11 22 44 11 22 41 11 33 32 32 32 32 33 41 33 44 22 32 14 23 32 14 41 23
1 33 11 14 41 33 11 44 22 41 41 22 32 33 22 33 23 41 32 14 33 33 11 22 33 11 44 23
1 13 14 11 11 32 14 11 22 44 41 22 32 33 32 33 33 41 33 44 32 33 14 23 32 11 11 23
1 13 14 14 11 32 14 41 23 11 41 23 22 22 32 32 33 41 32 14 32 22 14 23 32 14 41 23
1 11 11 11 44 33 11 44 22 44 44 22 33 33 33 33 22 44 33 11 33 33 11 22 33 11 44 22
1 11 11 11 41 33 14 44 22 44 41 22 32 33 32 33 23 44 33 14 32 32 14 23 32 11 44 22
1 13 11 11 44 33 14 44 22 44 44 22 33 33 32 33 23 44 33 11 32 33 11 22 33 11 44 23
1 33 11 11 11 32 11 11 22 41 11 22 22 32 22 32 33 41 32 14 22 22 44 23 22 14 41 33
1 11 11 11 44 33 11 44 22 44 41 22 33 33 33 33 22 44 33 11 33 33 11 22 33 11 41 22
1 13 11 14 41 33 11 41 22 44 44 22 32 33 32 33 23 41 32 14 32 33 11 23 33 11 44 22
1 11 11 11 41 32 14 44 22 44 41 22 32 33 22 33 22 44 32 11 33 33 11 22 33 11 44 22
1 13 11 11 44 33 14 41 22 44 44 22 33 33 33 33 22 44 33 14 33 33 11 22 33 11 44 22
1 13 14 14 41 32 14 11 22 41 11 22 32 22 22 32 22 11 32 14 32 33 14 23 32 14 41 22
1 11 11 11 41 33 11 44 22 44 44 22 33 33 33 33 22 44 33 11 33 33 11 22 33 11 44 22
1 13 11 11 11 32 44 11 22 41 41 23 22 32 22 33 33 44 32 44 32 32 14 22 32 11 41 23
1 13 11 11 44 33 14 44 22 41 41 22 33 33 33 33 33 44 33 11 32 33 11 22 33 11 41 22
1 13 14 11 41 33 11 41 22 41 41 23 32 32 33 32 23 41 32 14 32 32 11 23 33 11 41 22
1 33 11 14 41 32 14 41 22 41 11 23 32 32 32 33 33 11 32 14 32 32 14 23 33 11 41 23
1 13 44 11 11 32 14 11 22 11 11 23 22 32 22 32 23 41 32 14 32 32 14 33 32 11 11 23
1 13 11 11 44 33 14 44 22 44 41 22 32 32 32 32 22 44 33 11 32 33 14 22 32 11 44 22
1 33 11 11 41 32 14 11 22 41 41 22 22 33 32 33 22 44 33 14 22 32 14 23 32 11 11 23
1 13 11 11 41 33 11 41 22 44 41 22 33 32 32 33 22 44 33 11 32 33 11 23 32 11 44 22
1 33 11 11 11 33 11 41 22 41 41 22 32 32 32 33 23 44 33 11 33 33 11 23 32 11 41 22
1 13 14 44 11 32 14 41 22 44 11 22 22 32 33 33 33 41 32 44 32 32 44 33 32 11 11 23
1 33 11 14 11 32 44 11 22 11 41 22 32 32 22 33 23 11 33 44 33 32 14 33 32 11 41 23
1 33 14 14 11 32 44 41 23 41 11 23 22 32 22 32 33 11 32 44 22 22 44 33 22 14 11 23
1 11 11 11 44 33 11 44 22 11 41 22 33 33 32 33 23 44 33 11 33 33 11 22 33 11 44 22
1 11 11 11 41 33 11 44 22 44 44 22 33 33 33 33 22 44 33 11 33 33 11 22 33 11 44 22
1 11 11 11 41 33 11 41 22 44 44 22 32 33 33 33 22 44 33 11 32 33 11 22 33 11 44 22
1 33 14 14 11 33 11 41 22 41 41 22 22 32 22 32 23 41 22 14 33 32 11 22 32 11 11 22
1 11 11 11 41 33 11 41 22 44 41 22 32 33 32 33 23 44 33 11 33 33 11 23 33 11 41 22
1 33 11 11 41 33 14 41 22 44 44 22 33 33 32 33 22 44 33 14 33 33 11 22 33 11 41 23
1 13 14 14 41 32 44 41 23 41 41 23 32 32 22 32 23 41 32 14 32 32 14 23 32 14 41 23
1 11 11 11 44 33 14 41 22 44 41 22 33 33 32 33 23 44 33 11 33 32 14 22 33 11 44 22
1 13 14 11 41 33 14 41 22 44 41 23 32 32 32 33 23 41 33 14 32 33 11 23 32 11 41 23
1 13 14 14 41 32 14 41 22 41 41 23 22 32 32 32 23 41 33 14 32 32 14 23 32 11 41 23
1 33 11 14 11 32 14 41 23 11 11 23 22 32 22 32 33 11 33 11 33 33 14 22 32 11 11 22
1 13 11 11 41 33 14 44 22 44 44 22 33 33 32 33 23 44 33 14 33 33 11 22 33 11 41 22
1 13 14 44 11 32 44 41 23 44 11 22 22 32 22 32 33 44 32 14 32 33 11 23 22 11 41 23
1 33 14 11 11 32 14 11 22 41 41 22 22 22 22 33 33 11 33 44 22 32 14 23 32 11 11 23
1 13 14 11 11 22 14 41 23 44 41 23 22 33 22 32 33 11 22 44 32 32 44 22 32 11 11 22
1 13 14 44 11 33 11 41 23 44 41 23 22 33 22 33 23 41 32 14 32 32 11 23 33 11 41 23
1 13 11 11 41 32 14 44 22 44 11 22 22 22 32 33 22 44 33 11 33 33 14 23 32 11 11 23
1 13 11 14 41 33 14 11 22 41 41 23 32 33 22 33 23 44 33 14 33 33 11 23 33 11 44 22
1 13 14 11 41 32 14 11 22 44 41 23 32 32 33 33 33 41 22 14 32 33 44 22 33 11 41 23
1 11 11 11 41 33 11 44 22 44 44 23 33 33 22 33 33 41 33 14 32 33 11 22 33 11 11 22
1 11 14 11 41 33 11 41 22 44 41 22 32 33 32 33 23 44 33 14 33 33 11 22 33 11 41 22
1 11 11 11 44 33 11 44 22 44 44 22 33 33 33 32 23 44 33 11 33 33 11 22 33 11 44 22
1 11 11 11 44 33 11 44 22 44 44 22 33 33 33 33 23 44 33 11 33 33 11 22 32 11 44 22
1 33 11 11 11 32 14 11 22 44 11 22 22 22 22 33 33 11 33 11 33 32 14 23 32 11 41 23
1 13 11 14 41 33 14 41 22 41 44 22 33 33 32 33 23 41 32 11 32 33 14 22 32 11 41 22
1 13 11 11 44 33 11 44 22 44 44 22 32 33 33 33 22 44 33 11 33 33 11 22 33 11 44 22
1 13 11 14 11 32 14 11 22 11 41 33 22 22 22 32 33 11 22 44 32 22 44 33 22 14 11 23
1 11 14 11 41 33 14 41 22 41 41 22 22 33 32 33 23 44 33 11 33 33 11 22 33 11 41 22
1 13 11 11 44 33 14 44 22 44 44 22 33 33 32 33 22 44 33 11 33 33 14 23 32 11 44 22
1 33 11 14 44 33 11 41 22 41 41 22 32 33 33 33 22 44 32 14 33 33 14 23 32 11 41 22
1 13 14 14 41 32 11 41 22 41 41 22 32 32 33 33 23 41 33 11 32 32 14 23 32 14 41 22
1 11 11 11 44 33 11 44 22 44 44 22 33 33 33 33 22 44 33 11 33 33 11 22 33 11 44 22
1 33 11 11 41 33 14 44 23 41 11 22 22 33 32 33 22 41 33 11 32 33 11 22 33 11 44 22
