 rs3008230 rs3008418 rs12069719 rs2783711 rs2783637 rs12088601 rs1981135 rs17257107 rs17257113 rs17163588 rs17257120 rs1335759 rs4281320
0 44 33 11 41 33 41 11 14 41 32 44 24 13
0 11 22 14 44 32 44 14 44 44 22 11 24 13
0 11 32 11 44 33 11 14 14 44 33 11 22 13
0 44 32 14 44 33 41 14 14 41 22 11 22 13
0 14 32 11 44 32 41 11 14 11 32 44 24 13
0 44 32 14 41 33 41 14 14 41 32 11 24 11
0 11 32 11 44 33 41 11 44 41 33 11 22 13
0 44 32 11 41 33 41 14 11 41 22 11 22 11
0 14 33 11 44 32 44 11 11 44 33 11 24 11
0 11 32 14 41 33 41 11 11 41 32 14 22 13
0 14 33 11 44 33 41 11 14 41 33 11 24 11
0 14 33 14 44 33 44 14 11 41 32 11 24 11
0 14 33 11 44 33 44 11 14 41 33 11 24 11
0 14 33 14 44 33 44 11 14 44 33 14 24 11
0 14 33 11 41 32 44 11 14 44 32 11 22 11
0 11 33 11 44 32 44 11 44 44 33 11 22 11
0 11 33 11 44 33 44 14 14 41 32 14 44 11
0 14 32 11 44 33 44 11 14 41 33 14 44 11
0 14 33 11 41 33 44 11 11 44 32 11 22 11
0 14 32 14 44 33 41 14 14 41 32 14 22 11
0 14 22 44 41 32 41 11 44 41 32 11 24 11
0 14 32 11 44 33 41 11 14 41 32 11 22 13
0 14 32 11 41 33 41 11 14 41 32 44 22 13
0 11 33 14 44 33 41 11 11 41 32 11 24 11
0 14 22 14 41 33 41 14 14 44 33 14 24 11
0 44 22 14 44 32 41 14 44 41 22 14 24 11
0 11 33 11 44 33 44 11 11 44 33 11 22 11
0 11 33 14 44 33 44 11 11 11 32 11 24 11
0 11 32 14 44 32 44 14 44 41 32 11 22 11
0 11 33 11 44 33 44 11 11 44 32 11 22 11
0 14 32 14 41 32 44 11 14 44 32 14 44 13
0 11 33 11 41 32 44 14 11 41 33 11 22 11
0 11 33 11 44 33 44 11 14 44 33 11 22 11
0 11 32 14 41 32 44 11 14 44 32 11 22 11
0 44 33 11 44 32 44 11 44 44 32 44 22 33
0 14 33 11 41 33 44 11 14 44 33 11 22 11
0 11 33 11 44 33 44 11 11 44 33 11 22 11
0 14 32 14 44 33 41 11 14 41 33 14 24 11
0 11 32 14 44 33 41 14 14 41 32 14 24 11
0 14 33 11 44 32 41 14 44 44 33 14 24 11
0 44 33 14 44 33 44 11 14 44 32 11 44 11
0 11 33 11 44 33 41 11 14 44 33 11 22 13
0 11 33 14 44 33 44 14 14 41 32 11 22 11
0 14 33 11 41 33 44 11 14 44 33 44 24 11
0 11 33 14 44 33 41 14 14 41 32 14 44 11
0 14 32 14 41 33 44 11 14 44 32 11 44 11
0 44 32 14 44 33 41 14 44 41 33 11 24 11
0 14 22 11 44 33 41 11 11 44 22 11 24 11
0 14 33 14 44 33 41 14 11 44 32 11 24 11
0 14 32 14 41 32 41 14 11 41 22 44 24 13
0 11 32 14 44 33 44 11 11 44 33 14 22 11
0 14 33 14 44 33 41 11 14 44 33 11 24 11
0 14 33 14 44 33 41 14 14 41 32 14 44 11
0 44 32 11 44 33 44 11 14 44 22 14 24 11
0 14 22 14 44 33 44 14 14 41 32 11 22 11
0 11 22 11 44 33 11 44 14 44 32 14 22 11
0 11 33 11 44 33 44 11 11 41 33 11 24 11
0 14 32 11 44 33 41 14 11 41 32 11 22 11
0 14 33 14 44 33 41 11 11 44 32 44 24 11
0 14 33 11 44 33 44 11 14 41 32 11 44 11
0 14 22 14 41 33 11 44 44 41 22 44 24 11
0 44 32 11 41 33 41 14 44 41 32 14 22 13
0 11 32 14 41 33 44 14 14 41 32 11 24 13
0 14 33 44 41 33 41 14 14 41 32 14 24 11
0 11 33 14 44 32 41 11 14 41 32 11 22 11
0 14 32 14 44 33 44 11 11 41 33 11 24 13
0 11 22 44 41 32 41 11 14 44 32 14 22 13
0 14 32 14 44 33 11 44 14 44 32 14 24 11
0 11 33 11 44 33 44 14 14 44 32 14 22 11
0 11 32 11 44 33 41 11 14 44 32 11 22 11
0 11 22 14 44 32 44 11 44 41 22 44 44 13
0 14 32 14 44 33 44 11 44 41 32 11 22 13
0 11 32 14 44 33 44 11 11 41 32 11 22 11
0 14 32 14 41 33 44 14 14 11 32 14 24 11
0 14 32 11 41 33 44 44 14 44 22 14 24 11
0 11 33 11 41 32 44 14 14 44 32 11 22 11
0 14 32 11 44 33 44 11 44 41 32 11 24 11
0 14 22 14 41 32 41 14 44 41 22 14 44 11
0 11 32 11 44 33 44 11 14 41 32 11 24 11
0 44 32 44 44 33 41 44 44 41 33 11 24 11
0 11 33 14 44 33 41 14 14 41 33 11 24 11
0 44 32 14 44 33 41 11 14 44 32 14 24 11
0 11 33 11 44 33 44 11 11 44 33 11 22 11
0 14 32 11 44 33 44 11 14 41 33 11 22 11
0 14 33 11 44 33 44 11 11 44 33 14 22 11
0 14 33 11 44 33 44 14 14 44 33 11 22 11
0 11 33 11 44 33 44 11 14 44 22 11 22 11
0 14 32 14 41 33 44 14 14 44 32 14 24 13
0 11 32 11 44 33 44 11 11 44 33 11 22 11
0 11 32 14 44 22 44 11 44 44 33 14 22 11
0 11 32 11 44 33 44 11 14 41 33 14 44 11
0 11 33 11 44 33 41 11 14 41 33 11 22 13
0 14 32 11 44 32 41 11 14 44 33 14 22 11
0 44 32 11 44 32 41 11 14 44 32 11 24 13
0 14 33 14 44 32 44 14 11 44 32 14 24 11
0 11 33 11 44 33 44 11 11 41 33 11 22 11
0 14 32 11 44 33 44 14 14 41 32 11 24 11
0 14 32 11 44 32 41 14 14 41 32 44 22 11
0 11 32 11 44 32 44 11 14 44 32 14 22 11
0 44 32 44 44 33 44 11 14 44 33 14 22 11
0 14 32 14 41 32 11 11 11 44 33 14 44 11
0 14 32 14 44 33 44 11 14 41 32 14 22 11
0 14 32 11 44 33 41 11 14 41 33 14 24 11
0 14 33 11 44 33 44 11 11 44 32 44 22 11
0 14 32 11 41 33 44 14 44 11 33 14 24 11
0 44 33 11 44 33 44 11 14 44 32 11 22 11
0 14 22 44 41 32 41 44 44 41 22 11 24 13
0 11 33 11 44 33 44 11 14 41 32 11 22 11
0 11 32 11 44 33 41 14 11 44 33 14 22 11
0 44 22 14 41 33 44 11 14 11 22 14 24 13
0 44 33 14 44 33 44 11 14 44 33 14 22 13
0 11 33 11 44 33 41 11 14 44 33 11 24 11
0 11 32 11 44 33 41 11 14 11 33 14 22 11
0 44 32 14 44 32 44 11 11 44 32 11 22 11
0 14 32 11 44 32 41 14 14 44 33 14 22 13
0 14 32 14 44 33 41 14 14 44 32 44 22 11
0 14 22 14 41 32 44 11 14 44 32 14 22 11
0 11 33 11 44 33 44 11 14 44 32 11 24 11
0 11 33 11 44 32 44 14 44 44 22 11 24 13
0 44 32 14 44 33 41 14 11 41 32 11 22 11
0 14 32 14 44 33 44 11 11 44 32 14 22 11
0 11 33 11 44 33 44 11 11 44 32 14 22 13
0 14 33 11 44 33 41 14 14 41 22 14 22 11
0 44 32 14 44 33 11 11 44 41 32 14 24 11
0 44 33 11 44 33 44 11 11 44 33 11 24 11
0 14 32 14 41 32 11 11 14 41 32 14 24 11
0 44 22 14 41 32 41 11 14 44 22 44 44 11
0 14 32 11 44 32 41 11 44 41 22 11 24 11
0 14 32 14 41 32 41 14 14 11 22 44 24 11
0 14 33 11 44 32 41 11 14 11 32 11 22 13
0 11 33 11 44 32 41 11 44 44 33 11 24 11
0 44 33 14 44 33 41 11 11 41 33 11 22 11
0 11 32 11 44 22 44 14 11 41 22 14 24 11
0 44 33 11 44 33 41 11 11 44 33 11 22 11
0 11 33 11 44 33 44 11 14 44 33 11 22 11
0 14 33 11 44 32 44 11 44 44 32 11 24 11
0 14 32 14 41 33 44 14 11 44 33 14 22 11
0 44 33 11 44 33 44 14 11 44 32 11 22 13
0 44 32 14 41 33 41 11 44 11 32 14 22 11
0 14 32 11 41 32 44 44 14 11 33 14 22 11
0 11 33 11 44 32 44 11 14 44 33 11 22 11
0 11 32 14 44 33 11 44 14 11 22 11 24 11
0 14 33 44 44 22 44 11 14 11 32 14 24 13
0 14 33 11 44 33 44 11 14 11 32 44 22 11
0 11 32 11 44 33 11 11 14 44 22 11 22 11
0 14 32 14 44 33 44 14 11 44 33 14 24 11
0 44 32 14 41 33 44 44 14 41 22 14 22 13
0 11 32 14 44 33 11 11 11 41 33 14 24 11
0 11 33 11 44 33 44 11 11 44 33 11 22 11
0 11 33 11 44 33 44 14 14 44 33 11 22 11
0 11 32 11 44 33 44 11 11 41 33 11 22 11
0 14 32 14 44 33 44 14 14 41 33 14 22 11
0 14 32 11 44 32 41 14 14 41 32 44 24 11
0 44 32 11 41 33 44 14 44 11 32 14 22 11
0 11 32 11 44 33 44 11 44 44 32 14 22 11
0 14 32 14 44 33 41 14 14 11 22 11 24 11
0 14 33 44 44 33 41 11 44 41 33 11 24 11
0 11 32 11 44 32 44 11 14 44 22 11 24 13
0 44 32 11 44 33 44 11 14 41 32 11 24 11
0 11 32 14 44 33 44 11 11 44 33 14 24 11
0 14 33 11 44 33 44 11 44 44 22 14 22 11
0 44 32 44 41 22 11 11 14 11 32 44 24 13
0 11 33 11 44 33 44 11 11 11 33 14 24 13
0 14 22 11 44 32 11 11 44 44 32 14 24 11
0 11 33 14 41 33 44 11 14 44 32 14 22 11
0 14 22 14 44 32 11 11 44 11 22 11 24 11
0 44 22 14 44 32 41 14 44 41 22 11 44 11
0 44 33 11 44 32 41 11 11 41 22 14 24 11
0 14 22 11 41 32 44 14 14 41 32 11 22 11
0 14 32 44 44 33 44 44 44 41 32 14 24 11
0 14 32 11 44 33 41 14 11 44 33 11 24 11
0 14 32 14 44 33 41 11 14 44 32 11 24 11
0 14 32 11 44 33 44 11 44 41 32 14 22 11
0 14 32 11 44 33 41 11 11 41 32 14 24 13
0 14 33 11 44 32 44 14 44 41 33 11 22 11
0 14 32 44 44 32 41 14 44 11 32 14 24 13
0 14 32 14 44 33 41 14 14 44 32 44 22 11
0 44 32 11 41 33 44 11 14 41 33 14 22 11
0 14 22 11 44 33 41 14 14 44 32 14 22 11
0 11 33 11 44 32 44 14 11 41 33 11 22 11
0 14 32 11 44 33 44 11 11 41 33 11 22 11
0 44 32 11 44 33 44 11 11 11 22 11 24 11
0 14 33 11 44 33 41 11 44 44 32 14 24 11
0 14 32 44 41 32 44 14 44 44 33 11 24 11
0 14 32 11 44 33 44 11 14 41 22 11 24 11
0 14 32 11 44 32 41 11 14 44 33 14 24 11
0 14 33 14 44 33 41 11 11 41 33 11 24 11
0 11 32 11 44 33 44 11 11 44 32 14 22 11
0 14 33 11 44 33 41 14 44 44 33 14 22 11
0 14 22 14 41 33 44 14 14 41 33 11 24 11
0 44 22 14 41 32 41 14 14 11 22 14 24 11
0 11 33 11 44 33 44 11 11 44 33 11 22 11
0 11 33 14 41 33 44 11 11 41 32 11 22 11
0 14 33 11 44 33 44 11 11 44 33 11 22 11
0 14 33 11 44 33 41 11 14 44 33 11 22 13
0 11 32 44 44 33 41 14 44 44 22 14 24 13
0 11 32 11 44 32 44 44 14 44 33 11 24 11
0 11 32 11 44 33 44 11 44 41 32 14 22 11
0 14 22 14 44 32 41 14 14 41 32 14 22 13
0 14 32 11 44 33 44 11 11 44 32 14 22 11
0 44 32 11 11 33 11 14 11 44 32 44 24 11
0 14 33 14 44 32 41 11 14 41 32 11 24 13
0 11 32 11 41 32 11 14 14 41 22 14 22 11
0 14 32 11 44 33 44 14 14 44 22 11 22 11
0 14 22 11 44 33 41 11 14 44 33 14 24 11
0 14 32 14 44 33 44 14 11 41 32 14 22 11
0 11 33 11 44 33 44 11 14 44 33 11 22 11
0 11 33 14 44 32 44 11 14 44 33 11 22 13
0 11 22 11 41 22 41 14 44 44 33 14 24 13
0 11 32 14 41 33 44 11 14 44 32 11 22 11
0 11 33 11 44 32 44 11 11 41 32 14 22 11
0 11 32 11 44 33 44 14 14 41 33 11 22 11
0 11 33 11 44 33 44 11 14 41 32 14 24 11
0 14 32 44 44 33 44 11 11 41 22 11 22 11
0 11 33 11 41 32 41 14 14 11 32 14 22 11
0 11 33 11 44 33 44 11 14 44 33 11 22 11
0 14 32 11 44 33 41 14 11 44 32 44 24 11
0 14 33 14 44 33 44 14 14 44 32 14 24 11
0 44 33 14 44 32 44 14 14 41 32 11 24 11
0 44 33 14 44 33 44 11 11 41 32 14 22 11
0 11 32 11 44 33 41 11 14 41 33 11 22 11
0 11 33 11 44 33 44 11 11 44 32 11 22 11
0 14 33 11 44 33 44 11 14 41 32 14 22 11
0 11 32 11 44 33 44 11 11 44 32 44 22 11
0 44 32 11 41 33 41 11 11 41 33 11 22 11
0 11 32 11 44 33 44 11 11 44 33 11 24 11
0 11 33 11 44 33 44 14 11 44 33 11 22 11
0 11 32 11 44 33 44 11 44 44 33 11 24 11
0 11 33 11 44 33 44 11 11 41 32 11 24 11
0 14 32 11 44 33 44 11 44 44 33 14 22 11
0 14 32 11 44 33 11 11 14 41 33 11 24 11
0 11 32 11 44 33 44 11 11 44 33 11 22 11
0 11 32 14 41 33 41 11 14 44 32 14 24 11
0 14 22 11 44 33 41 11 14 44 32 14 22 33
0 14 32 14 44 32 41 11 14 41 32 14 24 11
0 14 32 11 44 33 44 14 14 44 32 14 22 13
0 11 32 44 44 33 41 11 14 41 32 11 24 11
0 44 22 11 44 32 41 44 14 41 32 14 24 13
0 11 33 14 44 33 41 14 11 41 33 11 22 11
0 14 33 11 44 33 41 14 14 41 32 11 22 11
0 11 33 11 44 33 44 14 11 41 32 11 22 11
0 14 33 14 44 33 44 11 11 44 22 14 22 11
0 14 32 44 44 33 44 11 44 41 32 14 24 11
0 14 33 11 44 33 41 11 44 44 33 11 22 11
0 14 22 44 44 33 11 14 11 41 32 14 22 11
0 14 32 11 44 33 44 11 11 41 33 11 22 11
0 14 33 11 44 33 44 11 14 44 32 14 24 11
0 14 32 14 44 32 41 14 14 41 32 14 24 11
0 14 32 11 44 22 41 11 44 44 33 14 24 11
0 44 22 11 11 33 44 44 44 41 22 14 44 13
0 44 33 11 44 33 41 11 44 41 32 44 24 11
0 14 33 44 44 33 44 11 44 41 22 11 22 11
0 14 32 14 44 32 44 14 11 44 32 44 22 11
0 14 33 11 41 33 44 11 11 41 33 11 22 11
0 14 22 11 44 32 11 14 44 44 32 11 22 11
0 14 33 14 41 32 41 14 11 41 22 14 24 13
0 11 32 11 44 33 41 11 14 44 33 11 22 11
0 14 32 44 41 32 11 11 14 11 32 44 24 33
0 44 33 14 44 32 44 14 14 41 32 11 24 11
0 14 22 11 44 33 44 14 14 44 32 44 22 11
0 11 32 11 44 32 41 11 11 44 32 14 22 11
0 14 32 14 44 33 44 11 14 41 32 14 24 11
0 14 33 11 44 32 44 11 14 44 33 14 22 11
0 11 32 11 44 33 44 11 44 44 32 14 24 11
0 11 33 11 44 33 44 11 14 44 33 14 24 13
0 11 22 11 44 33 41 44 14 44 22 11 22 13
0 14 33 11 44 33 44 11 14 44 33 11 24 11
0 11 22 11 44 32 41 44 14 41 22 11 22 11
0 14 32 11 44 33 44 11 14 44 33 11 22 11
0 11 33 14 44 32 44 11 14 44 32 11 24 11
0 11 32 11 44 33 44 14 11 41 33 11 22 11
0 14 32 11 44 32 41 11 14 41 32 11 22 11
0 14 32 11 41 22 41 11 44 44 33 14 22 11
0 44 33 14 44 32 11 14 14 41 33 14 24 11
0 44 32 11 41 32 41 14 44 11 22 14 24 11
0 11 32 11 44 33 44 11 14 44 33 11 22 13
0 11 33 11 44 33 44 11 14 44 33 11 22 11
0 11 33 11 41 33 44 14 14 41 33 14 24 13
0 14 33 11 41 33 41 11 11 44 32 11 22 11
0 11 33 14 41 33 41 14 11 11 32 44 22 11
0 14 33 14 41 32 41 11 11 41 32 11 22 11
0 44 32 14 44 32 41 14 14 41 32 14 22 13
0 11 22 11 44 33 44 14 14 44 32 11 24 11
0 14 33 14 44 33 44 14 14 41 32 11 24 11
0 14 32 14 44 33 11 14 14 41 32 14 22 11
0 11 33 11 44 33 44 11 11 44 22 14 22 11
0 14 33 14 44 32 44 14 14 41 33 14 22 11
0 44 22 44 41 33 11 11 14 11 22 14 44 13
0 14 22 14 44 32 41 14 44 41 32 44 24 13
0 44 22 11 44 32 41 14 14 44 22 44 44 11
0 14 32 14 41 32 44 14 14 41 32 11 22 11
0 14 32 44 41 32 44 14 14 41 33 14 44 11
0 14 22 11 44 32 44 11 14 41 33 11 24 13
0 14 33 11 44 33 44 11 11 44 33 14 22 11
0 14 32 11 44 33 44 11 14 44 33 11 24 11
0 11 33 11 44 33 44 11 11 44 33 11 24 11
0 44 22 44 41 32 44 14 11 41 22 44 24 13
0 14 22 11 41 32 44 11 11 44 32 14 24 13
0 44 32 14 44 22 41 14 11 41 32 14 22 11
0 14 32 11 44 33 41 14 14 41 32 11 22 11
0 11 32 14 41 33 41 11 14 41 33 14 24 11
0 14 32 11 44 32 41 14 14 41 32 14 24 11
0 14 32 11 41 33 41 14 14 41 33 11 24 11
0 11 32 14 44 33 41 11 44 44 33 11 24 11
0 14 32 11 44 33 44 44 14 41 32 11 24 11
0 14 32 14 44 33 44 11 11 44 32 11 22 11
0 11 33 11 44 33 44 11 14 44 33 11 22 11
0 14 33 11 44 33 44 11 14 41 32 11 22 11
0 11 22 11 44 33 44 14 11 41 33 14 24 11
0 44 32 14 44 32 44 14 44 41 22 14 44 13
0 14 22 14 11 32 11 14 44 11 32 44 24 11
0 11 22 14 44 22 44 11 14 41 33 14 24 11
0 44 32 11 44 33 44 11 14 41 33 11 22 11
0 11 33 11 44 33 44 11 14 44 32 14 22 11
0 11 32 11 44 32 44 11 14 44 33 14 24 11
0 11 33 11 44 33 41 11 14 41 32 11 24 11
0 11 33 11 44 33 44 11 11 44 33 14 22 13
0 11 32 14 44 32 44 11 11 41 32 14 24 11
0 11 33 11 44 32 41 14 11 44 33 14 24 11
0 14 22 44 44 33 11 14 44 41 32 11 22 11
0 14 33 11 44 33 41 11 14 41 33 11 24 11
0 11 32 44 44 32 41 11 44 44 22 11 24 11
0 14 32 14 41 33 44 14 14 41 32 14 44 11
0 14 33 11 44 32 11 11 14 41 32 44 24 13
0 11 33 14 44 33 41 14 44 44 32 11 22 11
0 14 32 11 44 33 44 11 11 44 32 11 22 11
0 14 32 14 44 33 44 11 11 44 33 11 22 11
0 11 33 11 44 33 44 11 11 44 33 11 22 11
0 11 32 11 41 33 11 11 14 11 32 11 44 11
0 14 32 11 44 33 44 11 11 11 33 11 22 11
0 11 22 14 44 32 41 14 14 44 33 11 24 11
0 11 33 11 44 33 44 11 11 44 22 11 24 11
0 44 32 14 41 33 41 14 14 44 33 14 22 13
0 14 33 11 44 33 44 11 11 41 22 14 22 11
0 14 22 11 41 32 41 44 44 41 22 44 24 13
0 11 32 11 44 33 44 11 11 44 33 11 22 13
0 14 32 11 44 33 44 11 44 44 33 11 22 11
0 14 32 11 44 33 44 11 14 44 32 11 22 11
0 14 32 14 44 33 44 14 14 44 32 11 44 11
0 11 32 11 44 33 44 11 11 44 32 11 22 11
0 14 32 14 44 33 41 44 44 44 22 14 24 13
0 44 22 14 41 33 44 14 11 41 32 14 44 13
0 14 32 14 41 22 44 14 11 11 32 14 22 11
0 44 32 11 41 32 41 11 11 11 32 14 22 11
0 14 33 11 41 32 41 11 11 41 33 11 22 11
0 14 32 11 44 33 41 11 11 44 33 11 24 11
0 14 33 11 44 33 41 14 14 41 32 44 44 11
0 14 33 11 41 33 41 14 14 44 22 11 24 11
0 11 33 11 44 33 44 11 14 44 32 14 22 11
0 11 33 11 44 32 44 14 14 44 32 11 24 11
0 44 22 14 41 32 41 44 44 11 22 14 24 11
0 11 33 11 44 33 44 11 14 44 32 14 24 11
0 11 33 11 41 33 41 11 14 41 32 14 22 11
0 14 32 11 44 33 44 14 14 41 33 11 22 11
0 11 33 11 44 33 44 11 14 44 33 11 22 11
0 44 32 14 44 22 44 11 14 44 32 14 22 11
0 14 33 14 44 33 44 11 14 44 32 14 22 11
0 11 33 44 44 33 41 14 14 41 33 44 24 13
0 44 32 14 44 32 11 14 44 41 32 44 24 13
0 14 33 14 41 33 44 11 11 44 32 14 44 13
0 11 32 11 44 33 44 14 14 41 32 14 22 11
0 14 32 11 41 32 41 14 11 44 32 14 24 13
0 14 32 11 44 33 41 11 14 41 33 14 22 11
0 11 32 14 44 33 44 14 11 41 32 11 22 11
0 11 33 14 44 33 44 11 11 44 33 11 22 11
0 44 32 44 44 32 41 11 14 41 33 44 24 13
0 11 22 44 44 32 41 11 14 11 32 14 24 11
0 14 33 44 41 32 41 14 14 11 22 11 24 13
0 14 33 11 44 33 44 11 14 44 33 11 24 11
0 44 32 14 44 32 11 14 14 44 32 44 24 11
0 44 22 11 44 32 44 14 44 11 22 11 22 11
0 14 33 11 44 33 44 11 11 44 33 11 22 11
0 44 32 11 44 33 44 14 44 41 33 14 24 11
0 14 32 11 44 33 44 14 11 44 33 11 24 11
0 11 33 14 44 33 44 11 11 44 33 11 22 11
0 44 33 14 44 33 41 11 14 41 33 11 22 11
0 14 33 11 44 33 44 14 14 41 33 11 22 11
0 14 32 11 44 33 41 11 11 44 32 11 22 11
0 11 33 14 44 33 44 11 11 44 33 11 22 11
0 14 33 11 44 33 44 14 11 41 33 14 22 11
0 11 32 14 44 32 44 14 44 11 32 11 24 11
0 14 32 11 44 33 44 11 11 44 32 11 22 11
0 14 22 11 44 22 44 14 14 44 32 14 22 13
0 14 33 14 41 33 44 14 14 44 32 14 44 11
0 44 22 14 44 33 11 14 44 41 32 14 44 11
0 14 32 11 44 33 44 11 11 41 32 11 24 13
0 11 32 11 44 33 44 11 11 44 32 11 24 11
0 11 22 11 44 33 41 14 14 44 22 14 44 13
0 14 33 11 44 33 44 11 11 44 33 14 22 11
0 44 22 14 41 33 41 14 44 44 33 11 22 11
0 14 32 44 41 22 44 14 14 44 33 14 22 11
0 44 33 11 44 33 44 11 11 41 33 11 24 11
0 11 33 11 44 33 41 11 14 44 33 11 22 11
0 14 22 14 41 22 11 14 44 11 22 14 24 13
0 11 22 11 44 33 44 44 14 44 32 11 22 11
0 14 32 11 44 33 44 11 14 41 33 14 22 11
0 14 33 11 44 33 44 14 14 44 32 11 24 11
0 11 33 11 44 33 41 14 14 41 32 11 22 11
0 14 33 11 44 33 41 14 11 44 32 11 24 11
0 14 32 11 41 32 41 11 14 41 32 44 24 11
0 44 32 14 41 32 41 14 44 41 32 44 22 13
0 14 33 11 44 33 41 14 14 44 22 14 24 13
0 14 33 44 44 32 44 14 44 44 32 11 24 13
0 44 32 44 41 32 44 11 14 41 22 14 44 11
0 14 22 14 44 22 44 14 44 41 22 14 24 11
0 11 32 11 44 33 44 11 11 44 33 14 22 11
0 44 33 44 44 33 41 11 14 44 22 14 24 13
0 44 32 44 44 33 41 14 14 44 32 44 22 11
0 14 32 14 41 32 44 14 14 41 33 14 24 11
0 14 32 14 41 32 41 14 14 44 22 14 24 11
0 11 33 14 44 33 44 14 14 41 22 11 22 11
0 14 32 11 44 33 44 11 11 41 32 11 24 11
0 11 32 11 44 32 44 14 44 41 33 11 22 13
0 14 33 11 44 32 41 11 14 44 33 11 22 11
0 14 22 11 44 32 41 44 14 41 22 44 44 13
0 11 33 11 44 33 41 14 14 44 33 11 44 11
0 11 33 11 41 33 44 11 14 44 32 14 22 11
0 14 32 14 44 32 44 14 14 11 32 11 24 13
0 44 22 44 11 22 41 44 14 11 22 11 24 13
0 14 33 14 44 32 44 11 14 11 32 11 22 11
0 14 22 44 44 33 41 14 14 41 22 14 24 13
0 44 32 14 41 22 41 14 44 41 32 14 24 13
0 14 32 14 44 33 44 11 14 44 33 11 22 11
0 14 22 14 41 33 11 14 11 41 32 11 24 11
0 14 33 14 41 22 41 14 44 11 32 11 22 11
0 11 33 11 44 33 44 14 14 44 22 14 44 11
0 44 32 11 44 33 41 14 14 44 33 14 24 11
0 14 33 11 44 33 41 11 14 41 32 11 24 11
0 14 33 44 41 32 41 14 14 11 33 44 24 11
0 14 32 11 44 33 44 14 14 44 32 11 24 11
0 11 33 11 44 33 41 14 14 44 32 11 22 11
0 14 32 14 44 32 44 44 44 44 32 14 22 11
0 44 32 11 44 32 41 44 14 41 32 11 22 11
0 14 32 14 44 32 41 14 14 41 32 14 24 11
0 11 33 11 44 33 44 14 14 44 33 11 22 13
0 44 33 44 44 33 44 44 44 41 32 14 44 13
0 11 33 11 44 33 41 11 11 44 33 11 22 11
0 11 32 14 44 33 44 14 14 41 32 11 22 11
0 11 33 14 44 33 44 14 11 41 32 11 24 11
0 44 32 11 44 32 44 14 14 44 33 14 24 11
0 11 32 14 41 33 44 14 14 41 32 14 24 13
0 44 33 11 44 33 44 14 14 41 22 11 22 11
0 14 32 11 44 33 44 14 11 44 33 11 24 11
0 14 33 11 44 33 44 11 14 44 33 11 22 11
0 14 32 11 44 33 41 14 44 11 32 11 24 11
0 11 32 11 44 33 41 14 44 44 32 14 24 11
0 11 32 11 41 33 41 11 44 44 32 11 24 11
0 11 33 11 44 33 44 14 11 41 33 11 22 11
0 14 32 14 44 32 41 11 14 41 22 44 44 11
0 14 33 14 44 32 44 14 44 41 32 11 22 11
0 11 32 11 44 33 44 44 14 11 32 11 22 11
0 44 32 11 41 33 41 44 14 41 32 44 24 11
0 11 32 11 44 33 44 14 11 41 33 11 22 11
0 14 33 14 41 33 41 11 14 44 32 11 24 11
0 14 32 11 44 32 44 11 11 41 32 11 22 11
0 11 32 11 44 33 41 11 14 44 33 11 22 11
0 14 33 11 44 33 44 14 14 41 33 14 24 11
0 14 32 11 44 32 41 11 11 44 33 44 22 11
0 14 33 14 41 33 41 11 14 44 32 11 24 13
0 14 22 14 44 33 44 11 14 44 33 14 22 13
0 14 33 14 44 33 41 11 14 41 32 11 22 11
0 11 33 11 44 33 44 11 11 41 33 11 22 11
0 44 22 11 44 33 44 14 44 11 32 11 24 11
0 14 32 11 44 32 44 14 44 11 22 11 24 11
0 44 32 14 41 32 44 11 14 41 22 11 24 13
0 14 32 11 44 33 41 11 11 44 33 14 22 11
0 14 22 14 44 22 44 11 44 41 32 11 24 11
0 11 33 11 44 33 41 14 14 44 33 14 22 11
0 14 32 14 41 22 41 11 14 41 32 11 24 11
0 14 32 14 44 32 41 14 14 41 33 11 44 11
0 11 32 14 41 32 44 14 14 44 33 11 24 13
0 44 32 14 44 33 44 14 11 44 33 11 24 11
0 14 33 14 41 32 44 14 14 41 32 11 24 13
0 11 33 11 44 33 41 11 11 44 32 11 24 11
0 11 33 11 44 33 44 14 11 44 33 11 22 11
0 14 32 14 44 33 41 11 11 41 33 11 24 11
0 14 33 11 44 33 44 11 11 41 32 11 24 11
0 14 33 11 44 32 44 11 11 44 32 11 22 11
0 14 32 11 44 33 44 14 11 44 22 14 22 11
0 11 32 11 44 33 44 11 11 44 33 11 24 11
0 11 33 14 41 33 11 11 14 41 33 14 24 11
0 14 32 44 44 33 44 14 44 41 33 14 44 13
0 11 33 11 44 33 44 14 14 41 33 11 24 11
0 44 32 14 44 32 41 11 14 44 22 11 24 11
0 44 22 14 11 33 41 11 44 44 22 11 24 13
0 14 32 11 44 33 41 11 11 44 32 14 22 13
0 14 32 14 44 33 44 14 14 41 32 11 22 11
0 11 32 14 41 32 44 44 11 11 32 11 24 13
0 14 32 11 44 33 44 14 11 41 33 11 22 13
0 14 32 14 44 33 44 11 11 41 33 11 22 11
0 14 32 11 41 32 11 14 14 41 33 11 22 11
0 11 32 14 41 33 41 14 44 41 22 11 24 13
0 11 33 11 44 33 44 11 14 44 33 11 24 11
0 11 33 14 44 33 41 14 11 44 33 11 22 11
0 14 22 11 41 32 41 11 14 44 32 44 24 11
0 14 33 14 44 33 44 14 14 41 22 14 24 11
0 11 32 11 44 33 44 11 11 41 32 11 22 13
0 44 33 11 44 33 41 11 14 44 33 14 44 11
0 11 33 11 44 33 44 11 11 44 33 11 22 11
0 11 33 11 44 33 11 11 14 41 33 14 22 11
1 44 32 11 44 33 44 14 44 41 32 14 24 11
1 44 33 11 44 33 44 11 14 44 32 11 22 11
1 11 33 11 44 33 41 11 44 41 22 11 22 11
1 11 33 11 44 33 44 11 11 44 32 11 22 11
1 44 22 44 44 33 41 14 44 41 22 44 44 13
1 44 33 14 44 32 41 11 14 41 32 14 24 11
1 14 22 14 44 33 44 11 44 44 22 14 22 11
1 44 32 11 44 32 41 14 14 41 32 14 24 11
1 11 33 11 44 32 44 11 11 41 32 14 24 13
1 44 32 14 44 33 44 11 14 41 32 11 22 11
1 14 32 11 41 32 44 11 11 41 32 11 22 11
1 11 33 11 44 33 44 11 11 41 33 11 24 11
1 11 32 14 44 33 41 11 44 41 32 11 22 11
1 44 33 44 44 33 41 14 14 44 32 14 22 11
1 44 33 14 44 33 44 11 14 44 33 11 24 13
1 44 32 44 41 32 41 14 14 41 22 44 24 11
1 14 32 11 44 33 41 11 44 44 33 14 24 11
1 44 32 14 44 33 11 11 14 41 32 14 24 11
1 44 22 14 41 32 41 11 14 41 22 14 22 11
1 11 33 14 41 32 41 14 14 41 32 14 24 11
1 14 32 14 41 33 11 11 44 41 33 14 22 13
1 14 32 14 41 33 44 11 11 41 32 14 22 11
1 11 33 11 44 33 44 11 14 41 33 11 22 11
1 14 22 14 44 33 44 11 11 41 33 11 24 11
1 11 32 11 44 22 41 14 14 11 32 14 22 13
1 14 33 14 44 33 41 11 14 44 32 11 22 11
1 14 32 11 41 32 44 14 11 41 33 14 22 11
1 14 22 14 44 32 41 14 44 41 32 14 44 11
1 11 33 11 44 33 44 11 11 44 33 14 22 11
1 44 32 11 44 33 44 11 44 41 32 14 22 13
1 14 33 14 44 32 11 11 44 41 32 14 22 11
1 14 32 14 41 32 41 11 44 41 32 14 22 11
1 11 32 14 44 32 44 44 14 11 33 14 24 11
1 11 32 11 44 33 41 11 11 41 33 11 22 11
1 44 33 11 41 33 41 14 14 41 32 14 24 13
1 11 33 11 44 33 44 11 11 44 33 11 24 11
1 11 32 14 44 33 44 11 14 11 33 14 22 11
1 14 33 14 44 33 44 11 11 41 33 11 22 13
1 11 32 44 44 33 44 44 14 44 22 11 24 11
1 14 33 11 41 32 44 11 14 44 33 14 24 11
1 11 33 11 44 33 44 14 11 44 33 11 22 11
1 14 32 11 44 33 41 11 14 44 33 14 22 11
1 44 32 11 44 33 41 11 14 41 32 14 22 11
1 14 33 11 41 32 44 14 11 41 33 11 24 13
1 14 33 14 44 33 44 11 11 41 32 14 24 11
1 14 32 11 41 33 44 11 14 41 32 11 22 11
1 11 33 11 44 33 41 11 11 41 33 11 22 11
1 14 22 14 44 32 41 14 14 11 32 11 22 11
1 14 33 14 44 32 44 14 11 44 33 11 24 13
1 14 33 11 44 33 44 11 11 44 33 11 22 11
1 11 32 11 41 32 44 14 11 41 33 11 22 11
1 44 32 11 44 33 44 11 11 44 32 11 24 11
1 14 32 11 44 33 44 11 11 44 33 14 24 11
1 14 32 14 44 33 41 11 14 41 33 14 22 13
1 11 22 11 44 33 41 11 11 41 33 14 22 11
1 14 33 14 44 32 44 11 11 41 33 11 24 11
1 14 32 11 44 32 41 11 14 41 32 44 24 11
1 14 32 11 41 33 41 14 14 44 33 14 22 11
1 14 32 14 11 33 44 11 14 41 22 14 24 11
1 44 33 14 44 33 44 14 14 41 32 14 24 11
1 14 32 11 44 33 41 14 44 11 22 14 24 11
1 11 32 11 44 33 44 11 11 44 32 14 22 11
1 11 33 11 44 33 44 11 44 44 33 11 24 11
1 14 32 44 44 33 44 14 14 11 32 44 24 13
1 14 22 14 41 32 41 11 44 41 32 14 44 11
1 44 33 14 44 33 41 11 44 44 22 14 22 11
1 11 33 11 44 33 44 11 11 44 32 11 22 11
1 44 22 11 41 33 11 14 14 41 32 44 24 13
1 44 33 11 11 33 41 11 14 41 32 11 44 11
1 14 32 11 44 33 44 11 14 41 32 11 22 11
1 14 22 14 11 33 11 14 14 41 33 14 22 11
1 11 33 14 44 33 41 44 14 41 32 14 24 11
1 14 32 11 44 32 41 11 14 44 22 14 24 11
1 44 33 44 44 33 41 14 14 41 32 14 22 11
1 44 33 14 44 32 41 44 14 41 32 44 24 33
1 14 22 14 44 32 41 14 14 41 32 14 24 11
1 14 22 11 11 33 11 11 44 41 32 14 24 13
1 44 32 11 44 33 41 14 44 44 32 44 22 11
1 14 33 11 41 32 44 14 14 41 33 11 24 11
1 14 32 14 44 32 11 11 14 11 32 14 24 11
1 44 22 44 41 33 41 44 14 11 32 14 22 13
1 14 32 11 44 33 44 11 11 41 33 11 24 11
1 14 33 11 44 32 41 11 11 41 32 11 22 13
1 11 22 11 41 33 44 11 44 41 22 11 22 11
1 14 22 11 44 33 41 14 44 41 22 11 22 11
1 11 32 11 44 33 41 14 44 44 32 14 24 11
1 11 32 11 44 32 44 11 14 44 32 14 24 11
1 14 22 14 44 33 44 14 14 41 32 11 22 11
1 14 33 11 44 32 44 14 14 41 32 11 24 11
1 14 32 11 41 33 44 14 44 41 33 44 24 11
1 14 22 14 11 22 44 14 44 11 22 11 44 11
1 11 33 11 41 33 44 11 14 44 32 11 22 11
1 11 32 11 44 33 41 11 11 44 32 11 22 11
1 14 33 14 44 33 44 14 11 44 33 14 22 11
1 11 33 11 44 33 41 11 11 44 33 11 22 11
1 14 33 44 44 33 44 11 11 44 32 11 24 11
1 11 32 11 44 33 44 11 14 41 33 14 22 11
1 11 33 11 44 33 44 11 11 44 33 11 22 11
1 44 22 14 41 22 41 14 14 41 32 14 24 33
1 44 32 14 41 32 41 11 14 41 32 44 44 13
1 14 32 11 41 33 41 11 11 41 33 11 22 11
1 11 33 11 44 33 44 11 11 41 32 11 22 13
1 11 32 11 44 33 41 11 11 44 33 11 22 11
1 44 22 14 44 33 41 11 14 44 33 14 24 11
1 14 33 14 44 33 44 14 11 44 32 11 22 11
1 14 33 14 41 33 44 14 11 44 32 14 24 11
1 11 33 11 44 33 44 11 14 44 32 14 22 11
1 11 22 11 44 32 44 11 14 41 33 11 24 11
1 14 22 14 11 33 44 11 14 41 32 11 24 11
1 14 32 11 44 33 41 11 14 41 32 11 24 13
1 11 32 11 44 33 41 11 14 41 32 11 22 11
1 11 33 11 44 33 44 11 14 44 33 11 22 11
1 11 22 14 41 33 41 11 44 41 32 44 22 11
1 14 33 11 44 32 41 11 44 44 32 11 24 11
1 14 22 44 41 32 11 14 14 44 22 44 24 11
1 44 32 14 44 32 44 14 14 44 32 11 22 11
1 11 32 14 44 32 44 11 14 41 32 11 24 11
1 11 33 11 44 33 44 14 11 44 33 11 22 13
1 14 32 11 41 33 44 11 11 41 33 11 22 11
1 14 33 11 44 32 44 11 11 41 33 11 22 11
1 14 33 11 44 33 44 14 14 44 32 11 22 11
1 14 33 44 44 32 11 44 44 11 22 14 24 11
1 14 32 11 44 33 44 14 44 41 32 14 24 11
1 11 33 11 44 33 44 11 14 41 33 11 24 11
1 14 33 14 44 33 44 14 44 41 33 11 24 11
1 11 33 14 44 33 44 11 11 44 33 11 22 11
1 14 33 14 11 32 11 44 14 41 22 14 44 13
1 11 32 14 44 33 44 11 14 44 32 11 44 11
1 14 32 11 41 33 44 11 11 41 22 11 22 11
1 14 32 11 11 32 44 14 14 11 32 14 44 11
1 11 33 11 41 33 41 11 14 44 32 14 44 11
1 14 22 11 44 33 44 11 44 41 33 14 22 11
1 14 32 11 44 33 11 11 14 44 32 11 22 11
1 14 33 11 44 33 44 11 14 44 32 11 22 11
1 14 33 14 44 32 44 11 14 41 32 11 24 11
1 11 22 14 41 32 41 14 44 41 22 14 24 13
1 14 32 11 44 33 41 11 11 44 32 11 22 11
1 14 32 11 44 33 44 11 14 41 22 14 44 11
1 11 32 11 44 33 44 11 11 44 32 11 22 11
1 44 33 14 44 32 44 14 14 44 32 14 24 13
1 44 32 11 44 32 44 11 14 41 33 11 22 11
1 44 33 11 44 32 41 11 11 41 33 11 24 11
1 11 33 11 44 33 41 11 11 44 32 14 22 11
1 11 32 11 44 33 41 11 11 44 32 11 22 11
1 44 32 14 44 33 44 14 14 41 32 14 24 11
1 14 32 11 44 33 41 11 11 44 33 11 22 11
1 44 32 11 44 33 44 11 11 44 33 11 22 11
1 44 32 11 44 33 41 14 11 41 33 11 24 11
1 11 32 14 44 32 41 44 11 41 32 44 24 11
1 44 22 11 44 33 44 11 14 41 33 14 22 11
1 14 33 11 44 33 44 11 11 41 33 11 22 11
1 14 33 11 44 33 41 11 44 44 22 14 24 11
1 14 22 11 44 33 44 11 14 44 33 11 24 11
1 44 32 14 44 33 44 14 14 41 22 14 22 13
1 14 22 14 44 32 11 11 11 44 32 11 24 11
1 14 32 11 41 33 41 14 14 44 32 11 24 13
1 14 32 14 44 33 44 11 44 41 22 11 44 11
1 11 33 11 44 33 44 11 11 44 32 11 22 11
1 14 33 14 44 32 41 11 14 41 32 11 24 11
1 44 33 14 41 32 44 11 44 41 22 14 24 13
1 11 33 11 44 33 44 14 14 44 32 11 22 11
1 44 32 11 44 33 41 11 11 44 33 11 24 11
1 11 33 14 41 33 41 14 11 11 22 14 44 11
1 14 33 14 44 32 44 11 14 41 33 14 22 11
1 14 22 11 41 33 44 14 14 44 32 14 44 11
1 11 32 14 44 33 44 14 11 44 22 11 24 13
1 14 33 11 44 33 44 11 11 44 33 14 22 11
1 11 32 11 44 33 44 11 11 44 33 14 22 11
1 11 33 11 44 33 44 11 14 44 33 11 22 13
1 11 32 14 44 33 44 14 14 41 32 11 22 11
1 14 33 11 44 33 41 11 14 44 33 14 24 11
1 11 32 11 41 33 44 14 44 41 33 14 22 13
1 14 33 14 44 33 41 11 14 41 32 11 22 11
1 11 32 14 44 33 44 14 11 41 32 11 22 11
1 14 22 44 44 32 41 14 14 41 32 14 44 13
1 44 32 11 41 33 41 11 44 41 32 14 44 11
1 11 33 14 44 33 44 11 44 41 33 11 22 11
1 14 32 11 44 33 44 11 11 44 32 44 44 33
1 14 22 11 44 33 41 14 44 11 33 14 22 11
1 44 33 11 44 33 44 11 14 44 32 14 24 11
1 11 32 14 44 33 41 11 44 41 32 14 24 13
1 14 22 11 44 33 44 11 14 44 32 11 22 11
1 44 32 11 44 33 41 11 14 41 33 14 24 13
1 14 33 11 44 33 44 44 14 44 22 11 22 11
1 11 33 11 11 32 44 11 14 44 32 11 22 11
1 44 32 14 41 32 41 14 11 11 33 14 24 13
1 14 32 14 44 32 41 14 14 11 32 14 24 11
1 11 32 11 41 33 11 44 14 11 32 14 44 11
1 11 32 14 44 33 44 11 11 44 33 14 22 11
1 44 32 14 44 32 41 14 14 41 32 14 24 11
1 14 22 11 44 33 44 14 44 41 32 11 22 13
1 11 32 14 41 33 41 11 14 41 22 44 22 11
1 44 32 14 44 32 41 11 11 41 32 11 24 11
1 11 32 11 44 33 44 11 11 44 33 11 22 11
1 14 33 11 44 33 44 14 14 41 33 11 22 11
1 11 32 11 44 33 44 11 14 44 32 11 22 11
1 44 22 11 44 32 44 14 11 44 33 11 22 11
1 14 33 11 44 32 11 14 14 11 32 14 44 13
1 44 33 11 44 33 44 14 11 44 33 11 22 11
1 14 32 44 44 33 11 11 14 44 33 14 24 11
1 14 33 11 44 33 41 11 11 41 33 14 24 11
1 14 32 11 41 33 44 11 14 41 33 11 22 11
1 14 32 11 44 33 41 14 44 11 22 11 24 11
1 11 33 11 44 33 44 14 14 41 32 14 24 11
1 11 22 11 44 33 11 11 14 44 32 11 24 13
1 14 33 11 44 33 41 11 11 44 32 11 22 11
1 44 32 11 44 33 44 14 11 41 32 14 24 11
1 14 33 11 44 32 44 14 14 41 32 14 22 11
1 14 33 14 41 33 44 14 11 44 33 14 22 11
1 14 32 11 44 33 44 14 14 41 32 14 44 13
1 11 33 14 44 33 41 14 14 44 33 11 44 11
1 44 33 14 41 33 11 11 44 41 32 14 22 11
1 14 33 11 41 33 44 11 11 41 33 11 22 11
1 44 33 11 44 32 11 11 14 44 32 44 22 11
1 14 33 14 44 33 41 14 14 44 32 14 24 11
1 14 33 11 44 33 44 11 11 41 32 14 22 11
1 14 33 44 44 33 41 11 11 41 32 14 24 11
1 14 32 14 41 32 44 14 14 44 33 11 22 11
1 14 32 11 44 33 44 11 14 41 32 11 24 11
1 14 33 11 44 33 44 11 11 44 32 11 44 11
1 14 33 14 44 33 44 44 44 44 33 11 22 11
1 11 33 11 44 33 44 11 11 41 33 11 22 11
1 14 32 14 44 33 41 11 14 41 22 11 22 11
1 11 33 11 44 33 41 11 11 44 32 14 22 11
1 14 32 11 44 33 41 11 14 44 33 11 22 11
1 11 32 11 44 33 44 11 44 41 33 11 22 11
1 11 32 11 44 33 11 11 44 44 33 11 22 11
1 11 33 44 44 33 44 11 14 11 33 11 22 11
1 11 22 44 44 32 41 11 44 41 32 11 22 11
1 14 32 11 41 33 44 11 14 44 32 11 24 11
1 14 33 11 44 33 44 11 14 44 33 11 24 11
1 11 33 14 41 33 11 11 14 41 33 11 22 11
1 14 22 11 41 33 11 11 44 11 22 14 22 11
1 44 33 11 44 33 41 11 44 41 22 11 22 11
1 14 33 11 44 33 41 11 14 44 33 11 22 11
1 11 33 11 41 33 41 14 14 41 33 11 22 11
1 14 32 11 41 32 41 14 14 44 32 14 22 13
1 11 33 11 44 33 44 11 14 44 33 14 22 11
1 11 32 14 41 32 41 14 14 44 33 11 22 11
1 14 22 14 41 33 44 14 11 41 22 44 24 11
1 14 32 11 41 32 41 14 44 41 32 14 24 13
1 14 33 11 44 33 44 11 44 11 33 14 22 11
1 14 22 14 44 33 11 14 14 44 32 14 24 13
1 14 33 14 41 33 41 14 11 41 22 11 22 13
1 14 22 44 44 22 11 14 44 11 32 44 44 13
1 11 33 11 44 33 11 11 14 44 32 11 22 11
1 14 32 14 44 32 44 11 11 41 22 11 22 13
1 11 33 11 44 33 44 11 11 44 33 14 22 11
1 14 33 14 44 33 44 11 11 44 33 14 22 11
1 44 22 14 44 33 41 14 14 44 32 44 24 13
1 14 33 11 44 33 41 11 14 44 33 11 22 11
1 11 33 11 44 33 41 11 11 44 33 11 22 11
1 11 32 11 41 33 41 11 11 44 32 11 22 11
1 14 33 11 44 32 44 14 11 44 33 14 22 11
1 14 32 11 44 32 41 14 14 41 32 11 22 11
1 44 22 11 41 32 44 44 14 41 22 14 44 11
1 44 33 11 44 33 44 11 11 41 22 11 22 11
1 14 32 44 44 32 41 14 14 44 22 14 24 13
1 14 32 14 44 32 44 14 44 44 32 11 22 11
1 14 32 11 44 32 44 11 14 44 22 14 22 11
1 11 33 11 44 33 44 11 11 44 32 11 22 11
1 14 33 11 44 33 41 11 11 44 22 14 22 11
1 14 32 14 41 32 41 11 14 11 33 14 24 13
1 11 33 11 44 32 41 11 44 41 22 14 22 11
1 14 22 14 41 32 41 14 14 41 22 14 44 11
1 44 32 44 44 32 44 14 11 11 33 14 22 11
1 11 33 11 44 33 44 11 11 44 33 11 22 11
1 14 32 44 44 33 44 11 14 11 32 11 24 11
1 14 32 14 44 33 44 11 44 44 32 11 22 11
1 14 32 11 41 33 44 11 11 44 33 14 22 11
1 11 22 14 44 33 41 11 14 41 32 14 22 11
1 11 33 11 44 33 44 11 11 41 33 11 24 11
1 11 33 44 44 32 41 11 44 44 32 11 22 11
1 14 32 11 41 33 41 14 14 41 33 44 22 13
1 14 32 14 44 33 41 14 14 11 32 11 24 11
1 11 33 11 44 33 41 11 11 41 33 14 22 11
1 14 33 14 44 33 44 11 11 44 32 14 22 11
1 14 33 11 41 33 44 11 14 11 32 44 24 13
1 11 33 11 44 33 41 11 11 44 33 11 22 11
1 11 33 11 44 33 44 11 14 44 32 11 22 11
1 14 33 11 44 33 44 11 14 44 33 11 22 11
1 11 32 11 44 32 11 11 44 41 22 14 24 11
1 14 33 11 44 33 41 14 11 44 32 14 24 13
1 14 32 14 44 33 41 11 14 41 33 11 24 11
1 11 33 11 44 33 41 11 44 44 32 11 22 11
1 14 33 44 41 33 41 11 14 41 32 11 22 13
1 44 32 14 44 32 44 14 14 41 22 14 22 11
1 14 22 14 41 33 44 11 11 44 33 14 44 11
1 11 32 11 44 33 41 11 14 44 32 14 22 11
1 11 33 11 44 33 41 11 14 41 22 11 24 11
1 14 32 11 44 33 41 11 14 44 33 11 22 11
1 11 32 14 44 33 44 11 11 41 33 11 22 11
1 14 33 11 44 33 41 14 11 44 32 14 22 11
1 14 32 14 44 33 44 11 11 41 33 11 24 11
1 11 32 14 44 32 44 14 14 41 32 14 22 13
1 44 22 11 44 32 44 11 14 41 32 14 24 11
1 11 33 14 41 33 44 11 14 11 33 11 24 13
1 14 32 11 44 33 41 44 14 41 33 11 24 11
1 14 32 14 41 32 44 11 14 44 32 11 24 11
1 14 32 11 44 33 11 11 14 44 32 14 22 11
1 11 32 14 44 33 41 11 14 44 32 11 22 11
1 14 32 14 44 33 44 11 11 41 32 14 22 11
1 14 33 11 44 32 41 14 14 41 32 14 22 13
1 11 22 11 44 33 41 44 44 44 32 14 44 11
1 44 32 11 44 33 41 14 44 41 32 11 22 13
1 11 33 11 44 32 41 11 11 44 33 14 24 11
1 11 33 11 44 33 44 11 11 44 32 14 22 11
1 14 33 11 44 33 44 11 14 44 33 14 22 11
1 14 32 14 44 32 11 44 14 11 32 11 22 11
1 44 32 14 44 32 44 14 11 41 22 14 22 11
1 11 32 14 44 32 44 11 11 11 33 14 24 11
1 11 32 11 44 33 41 14 44 44 32 14 22 13
1 11 33 11 44 33 44 11 14 44 33 11 22 11
1 44 32 11 44 33 41 11 14 44 32 11 24 13
1 14 22 11 41 33 44 14 14 44 22 11 22 11
1 14 32 11 44 33 44 11 14 44 32 11 22 11
1 14 32 14 44 32 41 11 44 41 32 14 24 11
1 14 22 11 44 32 44 11 11 44 33 14 22 11
1 14 33 11 44 33 44 11 44 44 32 11 22 11
1 11 32 14 44 33 44 11 11 41 33 11 24 11
1 14 32 14 41 33 41 11 14 41 22 14 24 11
1 11 32 11 44 33 44 11 11 44 33 11 22 11
1 44 33 14 44 33 44 14 14 44 33 14 22 11
1 14 22 14 44 33 44 11 14 44 33 11 24 11
1 44 32 11 44 33 41 11 11 44 32 11 24 11
1 44 33 11 41 33 41 11 14 44 32 11 22 11
1 11 32 14 44 33 44 11 44 44 32 44 22 11
1 11 32 11 44 33 41 14 44 11 32 44 22 13
1 11 32 11 44 22 41 14 14 44 22 11 22 11
1 14 32 14 44 32 41 11 14 41 33 11 24 11
1 44 22 11 41 32 41 11 14 41 32 14 24 11
1 14 22 14 41 32 44 11 14 11 22 14 44 13
1 11 32 11 44 33 41 11 11 41 33 11 22 11
1 11 32 11 44 33 44 14 14 41 33 11 24 13
1 11 33 11 44 33 41 11 11 44 32 11 22 11
1 14 32 11 44 33 44 11 11 41 33 11 24 11
1 14 32 11 44 33 44 11 11 44 33 11 22 11
1 11 33 14 41 33 44 11 11 41 32 14 24 13
1 14 32 11 44 33 44 11 14 44 33 11 22 11
1 14 32 11 41 33 44 11 14 44 33 11 22 11
1 14 32 11 44 32 44 14 14 44 22 11 22 11
1 14 22 14 41 32 41 14 14 41 32 14 44 11
1 14 33 11 44 33 44 11 11 44 32 11 22 11
1 11 33 11 44 32 44 14 11 41 33 11 22 11
1 14 33 14 44 33 44 11 11 44 33 11 24 13
1 14 33 11 44 33 41 11 44 41 32 14 24 11
1 11 32 14 44 33 44 11 14 44 33 11 22 11
1 14 33 14 44 33 44 11 14 44 33 14 22 11
1 14 22 14 44 33 41 11 11 41 32 11 22 11
1 14 33 11 41 33 44 11 14 44 32 14 22 11
1 14 32 14 41 32 41 14 44 41 22 14 22 11
1 14 32 11 44 33 41 44 14 41 22 14 24 11
1 14 33 14 44 33 44 11 14 44 33 11 24 11
1 11 32 11 44 33 41 11 11 44 33 11 24 11
1 44 33 11 44 33 44 11 11 44 33 11 22 11
1 14 32 44 44 33 44 11 44 41 22 44 22 11
1 14 33 11 44 32 41 11 11 41 32 11 22 11
1 14 32 11 41 32 41 14 14 41 22 11 24 13
1 11 32 11 44 32 44 11 14 41 33 14 22 11
1 44 32 14 44 32 41 11 14 44 33 11 22 11
1 14 32 14 41 33 41 14 14 44 33 11 24 11
1 11 32 11 44 33 44 14 11 41 32 14 22 11
1 14 32 14 44 33 41 14 44 41 22 44 24 13
1 44 32 11 41 33 41 14 14 41 32 11 24 11
1 44 32 14 44 32 41 14 44 41 32 14 22 13
1 11 22 11 44 33 41 14 11 41 32 11 24 13
1 14 32 11 44 33 44 14 14 44 33 14 24 11
1 14 32 14 44 32 41 14 14 44 32 14 22 13
1 44 32 14 44 33 41 11 11 44 33 11 22 13
1 14 32 44 44 32 11 11 44 41 33 14 44 11
1 11 22 14 44 32 44 11 11 44 22 44 22 11
1 14 32 14 44 33 44 11 14 44 32 14 24 11
1 44 32 11 44 33 44 14 14 41 22 14 22 13
1 11 33 11 44 33 44 11 11 44 33 11 22 11
1 14 32 14 41 33 44 44 44 41 32 11 24 11
1 14 32 14 41 33 44 11 14 44 33 11 24 11
1 44 33 14 44 33 11 11 14 41 33 11 22 11
1 44 32 14 44 33 41 11 44 44 32 14 22 11
1 14 22 14 44 32 41 11 14 41 33 11 22 11
1 44 33 44 44 32 41 11 11 44 22 11 22 11
1 14 32 11 44 33 41 14 14 44 32 11 22 11
1 14 33 14 41 33 44 11 11 41 33 11 24 11
1 11 32 44 44 33 11 14 14 41 33 11 44 11
1 11 33 11 44 33 11 11 11 44 33 11 22 11
1 11 33 11 44 33 11 14 14 41 22 11 24 11
1 14 22 44 44 32 41 14 14 41 22 11 24 11
1 11 22 11 44 33 41 14 14 41 32 14 22 11
1 14 32 11 44 32 44 14 14 41 32 11 22 11
1 44 32 14 44 33 44 11 14 44 33 14 22 11
1 14 32 11 44 33 41 14 11 41 33 14 22 13
1 44 22 14 41 33 41 14 11 41 32 14 44 11
1 11 32 11 44 32 41 14 14 44 32 14 22 11
1 14 32 11 44 32 41 44 44 11 22 14 22 13
1 11 32 11 41 33 41 14 14 44 32 11 24 13
1 14 32 44 41 33 11 14 11 41 32 14 24 33
1 11 32 44 44 33 44 11 11 44 33 11 22 11
1 14 32 11 44 33 44 14 14 41 32 11 24 11
1 14 33 14 44 33 41 11 11 44 33 11 24 11
1 14 33 11 44 33 44 14 14 41 32 11 24 11
1 14 22 14 44 32 41 11 11 41 33 11 22 11
1 14 33 14 44 33 44 14 11 44 33 11 22 11
1 44 33 14 44 33 44 14 44 41 22 14 24 11
1 14 32 44 44 33 44 11 14 41 33 11 24 11
1 14 22 14 41 33 41 11 44 11 32 11 22 11
1 14 33 14 44 32 41 11 14 44 32 14 24 11
1 14 22 14 41 32 41 14 14 11 32 14 24 11
1 14 22 14 41 33 41 11 44 11 32 11 44 13
1 11 33 14 41 33 41 11 14 44 32 14 22 13
1 11 32 11 44 33 41 11 11 44 32 44 22 13
1 14 33 11 44 33 44 14 44 44 22 14 44 13
1 14 32 14 44 33 44 11 11 44 32 14 24 11
1 44 33 11 44 32 41 14 14 41 32 11 24 11
1 11 32 11 44 32 44 11 14 44 32 14 22 11
1 44 22 44 41 22 41 44 44 41 22 44 24 33
1 11 33 11 44 33 44 11 14 44 33 11 24 11
1 44 32 14 44 32 44 11 44 44 33 14 22 11
1 11 33 14 44 33 44 11 14 44 33 11 22 11
1 11 22 14 44 32 41 14 14 44 33 14 24 11
1 11 32 14 44 33 41 11 14 44 33 11 22 11
1 11 22 11 44 33 11 11 14 41 33 11 24 11
1 14 32 11 44 33 44 11 11 41 32 11 22 11
1 14 33 11 44 32 41 11 14 41 33 11 22 11
1 11 33 11 44 33 44 11 11 44 33 11 22 11
1 44 33 44 44 33 44 14 14 41 33 11 24 11
1 14 32 14 41 33 41 14 14 41 33 14 24 11
1 14 33 14 41 32 41 14 14 41 32 14 44 13
1 14 33 11 44 32 44 11 14 44 22 11 24 11
1 44 22 14 44 33 11 11 14 11 32 14 22 11
1 14 32 11 44 33 44 11 14 41 32 14 24 11
1 11 33 11 44 33 44 11 11 44 33 11 22 11
1 14 22 14 44 33 41 14 44 41 22 11 24 11
1 11 32 11 44 33 44 11 14 44 33 14 22 11
1 14 33 14 44 33 41 11 14 41 32 14 24 11
1 44 32 11 44 32 41 14 11 41 32 14 24 11
1 14 33 11 44 32 44 14 14 41 32 11 44 11
1 11 33 11 44 33 44 14 11 44 32 11 24 11
1 14 33 14 44 33 44 14 11 44 22 14 22 13
1 11 32 14 41 32 11 14 44 41 32 14 24 13
1 11 32 14 44 33 41 14 14 44 33 11 22 11
1 11 22 11 44 33 11 11 14 44 32 11 22 11
1 14 33 11 41 33 41 14 11 44 33 11 22 11
1 14 32 14 44 32 44 11 14 44 33 11 24 11
1 14 32 11 41 32 41 14 14 41 33 14 22 11
1 14 32 14 44 33 11 11 44 44 33 14 22 11
1 14 22 11 44 32 41 44 44 41 22 14 44 11
1 14 33 11 44 33 44 14 44 41 22 14 24 11
1 11 33 14 44 33 44 11 11 44 32 11 22 11
1 11 32 11 44 33 44 11 14 44 33 11 24 11
1 14 32 11 44 33 44 11 14 11 32 11 22 11
1 44 22 11 44 33 44 11 44 44 22 11 44 11
1 14 33 11 44 33 41 11 14 44 33 11 22 11
1 44 33 14 44 33 41 11 11 41 32 11 24 11
1 14 33 14 44 33 44 11 44 41 33 11 24 11
1 14 22 14 44 22 41 11 14 44 32 14 44 11
1 14 33 11 44 33 44 14 14 41 32 14 24 11
1 44 32 14 44 33 44 14 44 11 22 14 24 11
1 11 33 11 44 33 44 11 11 44 33 11 22 11
1 14 32 14 41 32 41 11 14 41 22 11 22 11
1 11 33 11 44 32 41 11 14 44 32 11 24 11
1 14 32 14 41 32 41 14 14 41 22 14 44 13
1 44 32 14 44 33 41 11 14 41 33 11 22 11
1 44 22 14 41 32 41 11 14 41 32 14 24 11
1 14 32 11 44 33 44 11 11 44 32 11 22 11
1 44 32 14 44 33 44 14 14 41 32 11 22 11
1 14 22 11 44 33 44 14 11 11 22 14 22 11
1 14 22 14 44 22 11 11 44 41 22 44 24 11
1 11 32 11 44 33 44 11 11 44 32 44 24 11
1 14 33 14 44 33 41 11 14 44 33 14 22 13
1 14 32 11 41 33 41 11 14 44 32 14 22 11
1 11 32 11 44 32 44 14 11 41 32 14 22 13
1 11 33 14 44 32 41 11 14 41 33 14 44 11
1 11 32 11 44 33 11 11 14 41 33 11 22 11
1 11 33 11 44 33 44 11 11 44 33 11 22 11
1 11 33 11 44 33 44 11 11 44 22 14 24 11
1 44 32 11 44 33 41 14 14 41 32 11 44 13
1 44 32 11 44 33 41 14 44 44 22 14 24 13
1 44 22 14 41 32 41 11 14 41 22 44 24 13
1 14 33 14 44 32 41 14 14 41 32 14 22 13
1 11 33 11 44 33 44 11 11 44 33 11 22 11
1 14 32 11 44 32 41 11 14 44 32 11 24 11
1 11 33 14 44 33 41 11 11 44 32 11 22 11
1 44 32 14 41 22 11 44 44 11 32 44 44 11
1 11 33 44 41 33 44 11 11 41 33 11 22 11
1 14 32 14 41 33 44 14 14 44 22 14 24 13
1 14 32 14 44 33 41 11 14 44 32 11 24 11
1 11 33 11 44 33 44 11 14 41 32 11 22 11
1 44 22 44 41 33 11 14 44 11 32 11 24 13
1 14 32 11 44 33 44 11 14 44 32 14 22 11
1 11 32 14 44 33 44 11 11 44 32 11 22 11
1 11 33 11 44 33 44 14 11 41 32 11 24 11
1 14 33 11 44 32 44 11 11 44 33 11 22 11
1 44 32 11 44 32 44 11 14 41 32 11 24 11
1 14 22 14 44 33 41 44 14 41 33 11 24 11
1 14 33 11 44 33 44 11 14 44 33 14 22 11
1 14 32 11 44 33 41 11 14 44 22 11 22 11
1 14 33 11 44 33 44 11 14 41 33 14 22 11
1 11 33 11 44 33 41 11 14 44 33 11 22 11
1 11 33 14 44 32 41 14 11 44 32 14 22 13
1 11 33 11 41 33 41 11 44 44 33 14 24 11
1 11 33 11 44 33 41 11 11 44 33 11 24 11
