 rs6688664 rs6702129 rs7548805 rs7532525 rs7546536 rs4261154 rs4615888 rs10798854 rs7545865
0 31 11 22 22 33 23 24 11 41
0 33 11 22 22 32 22 24 14 44
0 33 11 22 22 33 22 24 14 41
0 33 11 22 23 22 22 22 14 44
0 31 11 33 23 32 22 24 14 41
0 31 11 22 22 32 22 24 11 44
0 33 11 22 33 22 23 22 11 41
0 33 14 22 22 33 22 22 11 41
0 11 14 22 23 32 22 24 14 41
0 11 14 23 33 32 22 24 11 44
0 31 11 23 23 33 22 24 14 41
0 33 14 22 22 33 23 24 11 44
0 33 11 22 22 33 23 44 14 41
0 33 11 23 22 33 23 22 11 44
0 33 11 23 23 33 22 22 11 41
0 31 11 33 22 22 22 44 44 41
0 33 11 22 22 32 23 24 44 44
0 31 11 23 22 33 22 22 11 44
0 11 11 22 23 32 22 24 11 41
0 11 11 23 22 32 22 22 11 41
0 31 11 22 23 32 22 22 11 41
0 31 11 22 22 32 22 22 11 44
0 33 11 22 23 33 22 24 11 44
0 11 14 22 23 33 23 24 14 41
0 31 14 22 22 32 22 22 11 41
0 33 11 23 22 33 22 22 14 44
0 31 11 22 22 33 23 22 14 41
0 33 11 22 23 32 23 22 11 41
0 31 11 22 23 32 22 22 44 44
0 33 14 22 22 33 22 24 14 41
0 33 11 22 23 33 33 24 11 44
0 31 11 23 22 32 23 22 11 41
0 33 11 23 23 33 22 22 11 41
0 31 11 22 23 32 23 24 11 11
0 11 14 23 22 33 23 24 11 44
0 31 14 22 23 32 22 24 11 44
0 33 11 23 23 33 22 22 11 44
0 31 11 33 22 33 22 24 14 41
0 31 11 23 23 32 22 22 14 44
0 33 11 23 33 33 23 22 44 41
0 11 14 22 23 32 22 22 11 44
0 33 11 22 33 33 22 22 14 44
0 11 14 23 23 32 22 22 11 44
0 33 11 22 23 33 22 22 44 41
0 31 11 22 23 33 22 24 11 44
0 33 11 23 23 32 33 22 11 41
0 31 11 23 22 33 23 22 14 41
0 31 11 22 33 33 23 22 11 11
0 31 44 22 22 33 23 24 14 44
0 33 11 22 23 32 23 24 11 41
0 31 11 33 23 32 22 22 14 41
0 33 11 22 33 33 22 22 14 41
0 33 11 22 33 32 23 22 14 41
0 31 14 23 33 33 22 22 11 44
0 31 11 22 22 32 22 22 14 41
0 33 11 23 23 32 22 24 44 44
0 31 44 23 22 32 23 22 44 44
0 33 11 22 23 33 22 22 11 41
0 33 11 22 22 32 22 24 14 41
0 33 11 22 22 32 22 24 11 41
0 31 11 22 22 33 22 22 11 11
0 33 14 22 23 22 22 44 11 44
0 31 11 22 22 33 22 22 14 44
0 33 11 33 22 32 23 24 11 44
0 31 11 23 22 33 22 24 11 41
0 33 11 22 22 33 22 22 14 44
0 33 11 22 33 33 23 22 11 11
0 33 11 22 22 33 22 24 11 44
0 11 11 23 22 33 23 24 14 41
0 31 11 23 22 33 23 22 14 44
0 33 11 22 33 32 23 24 14 44
0 33 11 22 22 32 22 22 11 44
0 33 11 22 22 33 22 22 44 41
0 31 11 23 22 32 23 22 14 44
0 31 11 22 23 33 22 22 14 44
0 31 14 33 23 33 22 22 14 44
0 31 11 22 23 32 22 44 44 41
0 31 11 23 22 32 22 44 14 41
0 33 11 22 22 32 22 24 14 41
0 31 14 23 22 32 22 24 14 41
0 31 11 23 23 32 22 22 14 11
0 11 11 23 23 33 22 22 11 41
0 33 14 23 22 32 22 22 11 11
0 31 14 23 22 32 23 24 14 41
0 11 11 22 22 33 22 22 14 41
0 33 14 22 22 33 22 22 14 44
0 33 11 22 23 33 23 24 11 41
0 31 11 22 33 33 23 24 14 44
0 31 14 23 23 33 23 22 11 44
0 33 11 22 23 33 22 22 14 41
0 31 11 23 33 32 22 22 14 11
0 31 11 33 22 33 22 24 14 41
0 31 11 22 23 22 22 22 11 41
0 33 11 22 23 33 23 24 11 41
0 33 11 22 22 33 22 22 11 41
0 31 11 33 22 33 23 22 14 41
0 31 11 33 23 33 23 22 14 44
0 31 14 23 23 32 22 24 14 11
0 31 14 33 23 33 23 22 11 44
0 33 11 22 22 33 22 22 14 44
0 31 14 22 22 32 23 24 11 11
0 31 11 22 22 33 23 22 11 41
0 31 14 23 23 22 22 44 14 41
0 31 14 22 23 33 22 22 11 11
0 11 11 22 33 33 23 24 14 44
0 31 11 23 22 33 23 22 11 44
0 31 14 22 22 33 22 24 14 11
0 31 11 22 22 32 22 24 11 44
0 33 11 22 22 33 23 22 14 11
0 31 11 33 22 32 22 22 14 41
0 31 11 23 23 32 23 24 14 41
0 31 14 22 23 32 23 24 14 41
0 31 44 33 23 33 33 44 11 41
0 31 14 23 22 33 33 22 44 44
0 31 11 22 23 33 22 24 14 44
0 33 11 22 22 32 23 22 11 41
0 31 11 22 22 33 22 22 14 44
0 31 11 22 23 33 23 22 11 41
0 31 11 22 22 33 22 24 14 44
0 33 11 22 22 32 22 22 11 41
0 31 11 22 23 33 23 22 14 41
0 31 11 22 22 33 23 24 14 41
0 31 11 22 22 32 23 22 14 44
0 33 11 22 23 32 22 24 11 41
0 31 11 22 23 33 22 22 11 41
0 33 11 22 22 33 22 24 11 44
0 31 11 23 23 32 22 22 44 44
0 31 11 23 22 22 22 22 14 41
0 33 14 22 22 32 22 22 11 41
0 33 11 23 22 32 22 24 14 41
0 31 11 23 23 32 23 24 14 41
0 33 11 33 23 32 22 24 14 11
0 31 14 23 22 33 22 44 11 11
0 31 11 33 22 22 22 24 11 41
0 31 11 22 22 33 23 24 14 41
0 33 11 22 22 33 22 22 14 44
0 31 11 23 23 32 23 22 11 41
0 31 14 23 33 32 23 44 44 11
0 31 11 23 22 33 22 22 14 41
0 31 11 22 23 22 22 44 11 11
0 31 11 33 22 33 22 24 44 41
0 11 11 23 23 22 22 24 44 44
0 31 11 23 33 32 22 24 14 11
0 33 11 22 22 32 22 22 11 41
0 31 11 22 23 33 22 24 44 41
0 33 11 23 22 32 23 24 11 41
0 31 11 22 22 32 22 22 11 41
0 31 14 23 23 33 22 24 11 44
0 33 11 22 22 33 23 24 14 11
0 33 11 23 22 33 22 24 14 44
0 33 14 22 22 33 23 22 11 44
0 33 11 23 23 33 22 24 14 11
0 33 14 22 22 33 22 22 11 41
0 31 14 22 23 32 22 22 14 41
0 33 14 22 22 32 33 24 14 41
0 33 11 22 23 33 22 22 14 41
0 11 11 22 22 33 22 24 44 44
0 31 11 22 22 33 22 22 14 41
0 31 14 23 22 33 23 24 44 41
0 11 11 22 23 32 22 22 11 41
0 31 11 22 22 33 22 22 14 41
0 11 14 22 23 33 23 44 44 41
0 31 11 23 22 33 22 22 14 44
0 33 11 33 22 32 23 22 14 44
0 31 11 22 22 33 23 22 11 44
0 31 14 22 22 32 22 22 44 44
0 33 11 22 23 33 22 22 14 41
0 33 11 23 33 33 22 22 14 41
0 31 11 22 22 33 33 22 11 44
0 11 14 22 23 33 22 22 11 44
0 31 11 22 23 33 33 24 14 11
0 31 11 23 23 32 22 44 14 44
0 31 11 23 23 32 23 22 11 44
0 33 44 22 22 32 23 22 14 41
0 31 11 22 22 32 22 24 14 41
0 31 11 23 23 22 23 22 14 41
0 33 14 23 23 32 22 24 14 44
0 33 11 33 23 33 22 24 14 44
0 11 14 22 23 33 22 22 44 44
0 31 11 22 22 33 22 22 11 41
0 33 11 23 23 33 22 22 14 44
0 33 11 22 23 32 22 22 11 41
0 31 11 22 22 32 22 22 14 44
0 33 14 23 22 33 22 22 14 44
0 31 14 22 22 22 22 22 44 11
0 31 11 23 23 33 23 22 14 44
0 33 14 22 23 33 22 24 14 41
0 31 11 23 22 32 22 22 14 44
0 33 11 23 22 33 23 24 44 44
0 31 11 22 22 32 22 24 14 41
0 33 11 23 33 22 33 24 11 44
0 31 11 23 22 32 23 22 11 11
0 31 11 23 23 33 22 22 14 44
0 31 11 23 22 33 22 22 14 44
0 33 14 23 22 33 22 22 14 11
0 31 14 22 22 22 23 24 11 41
0 11 11 22 23 32 22 22 44 41
0 33 11 22 23 32 33 22 14 44
0 31 14 23 22 32 23 22 14 41
0 31 11 23 22 33 23 22 11 44
0 11 11 22 22 33 22 22 11 41
0 33 11 23 33 32 22 22 11 44
0 33 11 22 22 33 23 22 14 41
0 31 11 22 22 32 22 22 11 44
0 33 14 23 22 33 22 22 11 11
0 31 11 22 22 32 22 22 44 41
0 33 14 23 22 33 23 22 11 44
0 33 11 22 22 32 22 22 11 44
0 11 11 23 22 33 22 22 11 11
0 11 14 33 22 33 23 22 14 44
0 33 11 22 33 33 22 24 44 44
0 11 11 22 22 33 22 24 44 41
0 33 11 22 22 32 22 24 14 44
0 31 11 33 23 32 22 22 11 44
0 33 14 22 22 32 23 24 44 41
0 31 11 22 22 32 22 22 14 44
0 11 11 23 22 33 33 24 44 41
0 31 11 22 22 32 23 24 14 44
0 31 11 23 22 33 23 22 14 41
0 33 11 23 23 32 22 22 11 44
0 33 11 22 23 33 23 44 11 41
0 33 11 23 22 32 23 24 14 44
0 11 14 23 33 32 23 24 14 41
0 31 14 23 22 32 22 22 14 41
0 31 14 23 23 32 22 44 44 11
0 31 11 33 22 33 22 22 11 44
0 11 11 22 22 32 23 22 14 41
0 31 44 22 22 32 23 22 11 41
0 31 11 23 22 33 22 24 14 41
0 31 11 33 22 32 22 24 14 44
0 33 14 33 22 32 22 22 11 44
0 33 11 22 23 33 22 22 11 11
0 33 11 23 23 33 22 24 44 44
0 31 11 23 23 32 22 22 14 41
0 31 11 23 22 33 23 24 14 44
0 31 11 23 23 32 23 24 11 41
0 31 11 22 22 33 22 22 11 44
0 31 11 22 22 33 22 22 11 41
0 11 11 23 22 33 22 22 11 41
0 33 11 22 22 32 23 22 11 44
0 31 11 23 23 33 23 22 44 41
0 11 11 22 22 22 22 22 14 41
0 31 11 23 23 33 23 22 14 41
0 11 11 23 22 22 22 24 11 41
0 11 14 22 23 33 23 24 14 44
0 31 11 23 22 32 22 22 44 11
0 31 11 22 22 33 22 22 14 41
0 31 11 22 33 32 22 22 11 44
0 33 11 22 22 22 23 22 14 41
0 33 11 22 22 33 22 22 11 11
0 31 11 23 22 22 22 22 14 11
0 33 11 33 33 32 22 22 14 11
0 33 11 22 22 33 23 24 14 41
0 31 14 23 22 32 23 22 11 41
0 31 11 23 22 32 22 22 14 44
0 33 14 22 22 33 23 24 14 44
0 33 11 23 22 32 23 24 14 44
0 33 11 33 23 33 22 22 14 44
0 33 11 22 22 32 33 24 14 41
0 33 11 22 23 33 23 44 11 44
0 31 11 22 23 33 23 22 11 41
0 31 11 22 22 32 23 24 11 41
0 33 11 23 33 33 22 24 14 41
0 33 14 22 23 33 22 22 14 44
0 31 11 23 22 32 22 24 11 44
0 11 11 23 23 32 22 24 11 11
0 31 11 23 23 32 23 44 14 41
0 33 14 22 22 32 22 22 44 41
0 11 11 22 23 33 22 24 14 41
0 31 14 22 22 32 22 22 14 44
0 33 11 23 22 33 22 24 11 44
0 31 11 23 23 32 23 22 11 11
0 33 11 22 23 32 23 22 14 44
0 33 11 22 23 32 22 22 11 11
0 31 11 22 23 22 22 22 14 41
0 33 11 23 23 33 23 22 11 44
0 31 11 23 22 33 22 22 11 41
0 31 11 22 23 33 22 22 14 44
0 31 11 23 22 22 22 24 44 11
0 33 11 22 22 32 22 24 11 41
0 33 11 23 23 32 22 22 14 44
0 31 14 33 23 33 22 24 44 11
0 11 14 22 22 33 23 22 14 44
0 11 11 23 23 32 23 24 14 44
0 31 11 22 22 33 22 22 14 41
0 33 11 22 22 32 22 22 11 41
0 33 14 23 22 32 22 22 14 44
0 33 11 23 22 33 33 24 44 44
0 31 11 22 33 32 23 22 14 41
0 31 14 22 22 32 22 22 14 41
0 33 11 23 22 32 22 22 14 44
0 11 44 23 23 33 22 22 14 44
0 31 11 23 22 33 22 22 14 41
0 33 11 22 23 33 23 24 44 41
0 33 14 22 22 33 22 22 14 44
0 33 11 22 23 33 33 22 44 44
0 31 11 23 23 33 22 24 14 41
0 33 11 23 23 33 23 24 14 41
0 31 14 22 23 32 22 22 14 41
0 33 14 23 22 32 22 22 14 41
0 31 11 23 23 32 23 24 11 41
0 33 14 22 22 32 22 22 14 44
0 31 11 23 23 32 22 22 14 41
0 11 11 22 33 32 23 22 14 41
0 33 11 22 33 33 22 22 11 44
0 31 11 23 22 32 23 22 44 44
0 31 11 23 22 22 33 22 11 41
0 31 14 23 22 33 22 22 11 41
0 31 11 22 22 33 22 22 14 41
0 31 11 22 23 33 22 22 11 44
0 31 14 22 22 32 22 24 14 44
0 31 14 22 23 33 22 22 11 44
0 31 14 23 23 33 22 24 11 44
0 33 14 23 22 33 23 22 11 44
0 31 14 22 23 32 22 24 14 41
0 31 11 22 22 32 23 24 14 41
0 31 11 23 22 32 23 24 44 41
0 31 11 22 22 22 33 24 11 41
0 33 11 22 22 32 22 44 11 41
0 33 11 33 22 33 22 24 14 44
0 33 11 22 22 33 22 22 11 44
0 11 14 22 33 32 23 24 14 11
0 11 11 23 23 32 22 24 11 41
0 33 11 23 22 32 23 22 11 11
0 31 11 22 22 33 22 22 14 44
0 33 14 23 22 32 22 24 14 11
0 11 11 23 22 32 22 22 44 41
0 11 11 23 22 33 23 22 11 44
0 31 11 22 22 32 23 22 11 44
0 31 11 23 22 33 22 24 11 44
0 31 14 23 23 32 22 24 11 44
0 31 14 22 22 33 22 22 11 44
0 31 14 22 22 33 22 24 44 44
0 33 11 22 22 33 23 22 11 41
0 33 11 22 23 32 23 22 44 44
0 31 11 22 23 32 23 22 11 41
0 33 11 22 33 33 22 24 11 41
0 31 14 33 33 32 23 22 14 41
0 33 11 23 22 32 22 22 44 44
0 31 11 22 23 33 22 44 44 41
0 33 11 22 22 32 22 22 14 44
0 33 11 22 22 33 22 22 14 44
0 11 11 33 22 32 22 24 14 44
0 33 11 23 22 33 22 24 14 41
0 33 11 22 23 33 23 22 14 44
0 33 11 23 23 32 22 24 14 11
0 31 11 23 23 32 23 24 14 11
0 31 11 22 22 32 22 22 14 44
0 33 11 22 22 33 22 44 14 44
0 31 11 22 23 32 22 22 11 41
0 31 11 23 22 32 33 24 14 41
0 33 11 22 22 33 23 22 14 41
0 11 11 23 23 32 22 24 14 11
0 33 11 22 22 33 22 24 14 41
0 31 11 22 22 33 22 24 11 44
0 31 14 33 23 33 23 22 14 11
0 31 11 23 23 22 23 44 11 41
0 31 14 22 23 33 22 24 14 44
0 33 11 22 22 32 23 24 14 44
0 31 11 22 22 32 33 24 14 44
0 31 11 23 22 33 22 22 11 11
0 33 14 33 22 33 22 24 14 41
0 33 11 22 23 33 22 22 14 44
0 33 11 23 22 32 22 24 11 44
0 11 14 22 23 22 22 22 14 41
0 31 11 23 23 32 33 22 11 11
0 31 11 23 23 33 22 22 14 11
0 31 11 23 33 32 23 22 11 41
0 11 11 23 23 33 22 22 14 44
0 33 11 22 22 33 22 22 11 44
0 33 11 22 22 33 22 22 11 11
0 31 11 22 23 33 22 24 14 41
0 33 11 22 22 33 22 24 11 41
0 33 11 23 23 32 22 24 14 41
0 31 44 23 33 32 22 22 44 44
0 33 11 23 22 33 22 22 11 44
0 33 11 22 33 33 22 22 11 44
0 31 11 23 23 33 22 22 14 11
0 31 11 22 23 33 23 24 44 41
0 33 14 22 23 33 22 24 44 41
0 33 14 22 23 33 22 24 44 41
0 31 11 23 23 32 22 24 44 41
0 11 11 22 22 32 23 24 14 44
0 33 14 23 33 33 22 24 14 41
0 31 11 22 22 33 22 44 11 41
0 31 11 22 23 32 33 44 14 41
0 33 11 23 23 22 23 24 11 41
0 31 11 23 22 22 22 44 14 44
0 31 11 23 23 33 23 22 14 41
0 33 11 23 22 33 23 44 14 41
0 33 11 22 23 32 22 24 14 11
0 33 14 23 22 33 22 22 11 11
0 33 11 33 22 32 22 22 11 11
0 31 14 22 23 32 23 22 11 44
0 31 11 23 22 33 23 44 14 11
0 31 11 23 22 33 22 22 11 44
0 31 14 22 22 33 23 24 11 44
0 11 14 22 22 33 23 24 14 41
0 33 14 23 22 33 23 22 11 44
0 31 11 23 23 33 23 44 44 41
0 11 11 33 23 32 22 22 14 41
0 31 11 23 23 32 23 24 11 41
0 33 11 22 23 33 22 24 44 41
0 33 11 23 22 33 22 24 14 44
0 31 11 22 22 33 22 22 11 44
0 33 11 22 22 33 22 24 14 41
0 33 11 22 23 33 23 24 11 44
0 33 11 22 22 33 22 24 14 41
0 33 11 22 22 33 22 22 11 41
0 31 11 22 23 32 22 22 11 11
0 33 11 22 22 33 22 24 14 41
0 31 11 33 23 32 23 24 44 41
0 33 11 33 22 32 23 24 11 44
0 31 11 22 33 33 33 24 11 41
0 33 11 23 22 32 22 44 14 44
0 11 11 23 23 32 23 22 14 41
0 11 11 22 23 22 23 24 11 11
0 31 14 23 23 33 22 24 44 41
0 31 11 22 22 33 23 22 14 44
0 33 11 23 22 33 33 24 44 44
0 31 11 22 22 22 22 24 11 41
0 31 11 22 33 22 23 22 11 11
0 31 14 22 22 32 23 22 14 44
0 33 11 22 23 32 23 22 14 44
0 31 11 22 22 33 22 24 14 44
0 31 14 22 22 32 33 44 44 41
0 31 11 22 22 32 23 22 11 41
0 31 14 22 23 33 22 22 11 41
0 31 11 23 22 33 22 22 14 44
0 31 11 22 22 32 22 22 14 44
0 31 11 22 22 32 23 22 14 44
0 31 11 22 23 33 22 24 14 41
0 31 11 22 23 32 23 24 14 41
0 31 11 22 22 32 22 22 11 41
0 11 11 23 22 33 22 24 14 41
0 31 11 22 23 33 23 22 11 44
0 33 14 22 22 22 22 22 11 11
0 33 14 22 33 32 23 24 14 41
0 33 11 22 22 32 23 22 11 44
0 33 11 22 22 33 22 22 11 44
0 33 11 22 22 33 23 24 11 44
0 33 14 23 22 22 22 22 11 11
0 31 11 22 22 32 23 22 11 41
0 33 11 23 22 22 22 44 11 11
0 31 11 22 23 32 22 22 11 44
0 11 11 23 23 33 22 22 14 44
0 33 11 22 22 33 33 22 11 44
0 11 11 23 23 33 33 22 44 44
0 33 11 22 22 32 22 24 14 41
0 31 11 22 33 32 22 22 14 44
0 33 11 22 22 32 22 22 11 44
0 33 11 23 23 32 22 24 11 41
0 33 11 22 22 33 22 22 11 41
0 33 11 22 22 32 23 22 11 44
0 31 11 22 23 32 23 22 14 41
0 11 11 23 23 32 22 22 14 41
0 31 44 33 22 22 22 24 14 44
0 11 14 23 23 33 22 22 11 44
0 33 11 23 23 33 23 24 11 41
0 31 11 22 22 33 23 44 14 41
0 33 11 23 23 33 23 22 11 44
0 31 11 22 23 32 23 24 14 44
0 31 11 23 22 33 33 22 44 11
0 33 11 22 22 33 22 24 14 44
0 33 14 22 22 32 22 22 14 41
0 33 11 22 22 33 22 22 11 44
0 33 14 22 22 33 22 22 11 41
0 31 14 33 22 22 23 22 14 44
0 31 11 22 22 33 22 22 11 41
0 31 14 33 23 33 23 24 14 41
0 33 11 23 22 22 22 22 11 41
0 33 11 22 22 33 23 22 14 44
0 31 14 23 22 33 22 22 14 44
0 31 44 23 22 33 23 24 44 41
0 33 11 22 23 33 22 44 11 44
0 31 14 22 22 33 23 22 14 44
0 31 11 23 22 32 23 24 14 41
0 11 11 23 22 22 23 24 14 44
0 33 14 23 22 22 22 24 11 44
0 33 11 22 23 32 23 24 14 41
0 31 44 23 23 22 23 22 14 41
0 33 11 22 22 33 22 24 14 44
0 31 14 23 22 22 23 24 14 41
0 33 11 23 22 32 22 22 14 44
0 31 11 33 22 32 23 24 14 41
0 33 11 33 22 33 23 24 44 11
0 31 11 23 23 33 23 22 44 44
0 33 14 23 22 22 23 24 14 41
0 33 11 22 33 32 23 24 11 44
0 33 11 23 22 33 22 22 11 41
0 31 14 23 23 22 23 24 14 11
0 11 11 23 22 33 22 22 11 41
0 31 11 23 22 32 23 22 11 41
0 33 11 22 23 32 23 24 11 44
0 33 11 22 22 33 22 22 14 11
0 11 11 33 23 22 22 24 14 41
0 31 11 22 23 32 23 22 14 44
0 31 11 23 22 32 22 22 14 44
0 33 11 22 22 32 23 22 11 41
0 33 11 23 22 32 23 22 11 44
1 31 14 22 23 32 23 22 14 41
1 31 11 23 23 33 22 22 14 44
1 31 11 23 23 33 22 22 14 44
1 31 11 22 23 33 22 22 11 41
1 11 11 23 23 33 22 24 14 41
1 31 11 23 22 33 23 24 11 44
1 33 11 22 22 33 22 24 14 41
1 33 11 22 23 32 22 22 11 44
1 33 14 22 22 33 23 22 11 11
1 33 11 22 22 33 22 24 11 44
1 33 11 23 22 32 23 22 11 41
1 31 11 22 22 33 22 24 14 11
1 31 11 22 23 32 22 24 14 44
1 11 11 23 22 33 23 22 11 44
1 33 14 22 23 33 22 24 11 41
1 31 11 22 22 32 22 24 11 44
1 31 11 23 23 32 23 22 14 41
1 31 11 22 22 32 22 22 11 41
1 31 14 22 22 33 33 44 14 44
1 33 11 22 22 32 23 22 11 41
1 33 11 22 22 33 22 22 14 44
1 33 11 22 23 32 23 22 44 41
1 11 11 23 23 32 33 24 14 41
1 11 11 23 23 33 23 24 14 44
1 11 11 23 33 32 23 22 14 44
1 31 11 23 22 33 22 24 11 41
1 31 11 23 22 32 23 24 44 44
1 33 11 22 23 33 23 24 14 41
1 33 11 22 22 32 22 22 11 41
1 31 11 22 22 22 23 24 14 44
1 33 14 23 22 33 22 24 11 44
1 31 11 22 23 32 22 44 11 41
1 31 14 22 23 32 23 22 14 41
1 33 14 33 33 22 22 24 14 44
1 33 11 23 22 33 22 24 11 41
1 31 11 23 22 33 23 22 11 44
1 11 11 23 22 33 22 22 14 41
1 33 14 22 23 32 22 22 14 41
1 31 11 33 22 33 22 24 14 41
1 33 14 23 23 33 22 24 14 44
1 33 11 22 23 32 22 22 14 41
1 11 11 23 22 33 23 22 14 44
1 33 11 22 22 32 22 22 14 44
1 33 14 22 22 33 22 22 11 44
1 11 14 23 22 32 33 24 14 41
1 31 11 22 22 32 22 24 14 41
1 33 11 22 22 22 23 24 14 44
1 33 11 22 22 32 22 24 44 41
1 31 11 23 22 33 22 22 11 44
1 33 11 22 23 33 23 22 11 41
1 33 11 22 22 33 22 22 11 41
1 33 14 22 23 32 22 22 14 41
1 11 14 33 23 33 23 22 11 11
1 11 14 22 23 32 22 22 11 41
1 33 11 23 22 32 23 22 11 44
1 11 11 23 23 33 22 22 11 41
1 33 11 22 22 32 23 22 14 41
1 31 11 23 22 32 22 22 11 44
1 33 11 22 23 32 22 24 11 41
1 33 11 23 23 33 22 24 14 41
1 31 11 23 33 32 22 22 14 44
1 31 14 22 23 33 22 22 14 44
1 33 11 23 23 32 22 24 11 41
1 31 14 22 23 22 23 24 11 41
1 11 11 22 22 33 22 24 14 41
1 31 11 22 22 32 23 24 11 44
1 31 14 33 22 33 33 22 14 44
1 31 11 22 22 33 23 22 11 41
1 31 14 22 23 33 22 22 11 44
1 33 11 23 22 33 22 22 14 41
1 33 11 22 22 33 22 22 14 41
1 31 11 22 22 33 22 22 14 44
1 31 11 22 22 32 22 22 44 41
1 31 14 23 23 33 22 22 44 41
1 31 14 23 23 33 23 44 44 41
1 33 11 23 23 32 22 24 11 44
1 31 11 23 22 32 22 24 11 44
1 33 11 22 22 33 22 22 14 44
1 33 11 23 33 32 22 24 14 11
1 33 14 23 23 22 22 24 44 41
1 33 11 23 23 32 23 22 11 41
1 31 11 23 22 22 22 24 44 41
1 11 11 22 22 33 23 44 14 11
1 33 11 23 23 32 23 22 11 41
1 33 11 22 23 33 22 22 11 41
1 33 11 22 22 32 22 22 44 41
1 11 14 23 23 32 23 22 11 41
1 31 14 22 23 22 22 22 11 11
1 31 11 23 22 33 22 24 11 41
1 31 11 22 23 32 22 24 14 11
1 31 11 23 33 33 23 24 11 44
1 31 11 23 33 32 23 22 11 11
1 31 11 22 23 33 23 22 44 44
1 33 11 23 23 33 22 44 14 44
1 33 14 23 23 32 23 24 11 41
1 33 14 22 23 22 22 24 14 11
1 11 11 23 23 33 22 24 14 11
1 31 11 23 22 32 22 24 14 41
1 11 11 22 22 33 22 22 11 11
1 33 11 22 23 33 22 22 14 11
1 33 11 23 22 32 22 22 14 44
1 31 11 22 22 33 23 22 11 44
1 31 11 23 33 32 33 22 14 41
1 33 11 22 22 33 22 24 11 44
1 33 11 23 23 32 23 24 14 41
1 31 11 22 23 33 22 24 11 41
1 31 11 22 22 33 22 44 11 44
1 31 11 22 22 33 22 22 11 44
1 31 11 23 23 33 22 44 44 41
1 31 11 22 23 32 23 22 14 41
1 31 11 23 23 32 23 24 14 11
1 33 14 23 22 33 22 22 11 44
1 33 11 23 23 32 23 24 11 44
1 33 14 22 22 32 23 24 14 41
1 33 11 22 23 33 22 44 11 41
1 31 11 33 22 32 22 22 11 44
1 33 11 22 22 33 23 22 11 44
1 31 11 23 23 32 22 22 11 44
1 33 11 23 22 32 23 22 14 44
1 33 14 22 23 33 22 24 14 44
1 31 11 22 22 32 23 24 14 44
1 33 11 23 22 32 23 22 44 44
1 11 14 23 23 32 23 44 14 11
1 31 14 23 23 33 22 22 11 41
1 31 11 23 23 32 22 24 11 41
1 31 14 33 23 33 23 24 14 44
1 31 14 23 22 33 23 24 14 44
1 33 11 22 22 32 23 22 11 44
1 11 11 22 23 32 22 22 11 41
1 11 14 22 22 32 22 22 11 44
1 31 14 22 22 33 22 22 14 44
1 31 11 23 23 33 23 22 14 11
1 33 11 23 22 33 22 22 14 44
1 11 11 23 23 32 23 24 14 11
1 31 11 22 23 22 22 24 11 44
1 33 11 23 23 32 33 22 14 44
1 33 11 23 23 32 22 22 11 44
1 33 11 23 33 32 23 22 11 44
1 31 44 22 22 33 23 22 11 11
1 31 11 22 23 33 23 24 11 41
1 31 11 22 22 33 22 22 11 44
1 31 11 23 22 32 22 22 14 44
1 31 11 23 22 33 22 22 44 11
1 33 11 22 23 33 22 22 11 41
1 31 11 23 23 32 23 44 44 44
1 31 11 23 22 33 22 22 14 11
1 31 14 23 22 32 22 24 14 44
1 11 11 22 22 33 22 22 14 44
1 33 11 22 33 32 23 22 44 41
1 31 11 23 22 32 22 22 14 44
1 33 11 22 23 32 23 22 14 44
1 31 11 22 22 33 22 22 14 44
1 33 11 33 23 33 23 22 14 41
1 31 11 23 23 33 22 22 14 44
1 11 11 23 23 32 23 22 14 11
1 31 11 22 23 33 23 22 14 41
1 33 11 22 22 33 22 24 11 11
1 33 14 22 23 32 22 22 11 41
1 31 11 22 22 33 22 22 14 41
1 33 11 22 22 33 22 22 11 41
1 11 11 22 22 22 23 24 11 44
1 11 11 33 22 33 22 22 11 44
1 31 14 23 23 32 22 22 14 41
1 11 11 23 22 33 23 24 14 44
1 33 11 23 22 33 22 22 44 44
1 33 11 23 33 32 23 22 14 44
1 33 11 22 22 32 22 22 11 41
1 31 11 23 22 33 22 22 11 11
1 33 11 22 22 33 22 22 14 41
1 33 11 22 22 32 22 22 14 44
1 11 14 33 23 33 23 22 11 41
1 11 11 22 22 32 23 24 14 11
1 31 14 22 22 33 22 22 11 44
1 31 11 23 22 33 22 22 11 41
1 31 11 22 23 22 22 22 11 41
1 33 11 23 23 33 22 22 11 41
1 31 11 22 23 32 22 24 14 44
1 31 11 23 23 33 22 24 11 41
1 33 14 23 22 32 22 22 44 41
1 31 11 23 22 32 23 22 44 11
1 31 14 22 23 33 23 22 14 11
1 31 14 22 23 32 23 22 11 11
1 33 11 23 23 33 33 24 44 44
1 31 11 22 23 32 22 24 14 44
1 33 11 22 22 33 22 22 14 41
1 33 11 33 23 32 22 22 11 44
1 11 11 23 23 33 22 22 44 44
1 33 11 22 22 32 22 22 11 41
1 31 11 23 22 33 22 24 11 41
1 33 11 23 22 33 23 22 11 41
1 33 11 22 23 33 23 22 11 11
1 33 11 22 22 32 22 22 11 44
1 31 11 23 33 33 22 24 11 44
1 11 11 33 33 32 23 24 14 44
1 33 11 33 22 32 33 44 14 41
1 31 11 33 22 32 22 24 44 41
1 33 11 22 23 32 22 24 11 44
1 31 11 22 22 33 33 22 11 44
1 33 11 22 23 32 22 22 14 41
1 11 11 23 23 32 23 22 14 44
1 33 11 22 22 32 22 22 14 11
1 33 11 23 23 32 23 22 14 44
1 33 11 23 22 33 22 24 14 44
1 31 14 23 22 32 23 22 14 41
1 31 11 22 22 32 33 22 11 41
1 31 14 23 23 32 23 24 11 44
1 33 11 22 22 33 22 24 14 44
1 11 11 22 22 33 22 24 44 11
1 11 11 23 22 33 23 22 11 44
1 31 11 22 23 33 22 22 11 44
1 11 14 22 22 32 22 22 11 11
1 11 11 23 23 32 23 24 14 44
1 33 11 22 22 32 22 22 14 41
1 33 11 22 22 33 22 22 11 11
1 31 11 23 23 22 22 24 14 41
1 33 11 22 22 33 22 22 11 44
1 33 11 23 22 22 33 22 14 41
1 33 14 22 22 22 33 24 11 41
1 31 11 23 22 33 23 22 11 41
1 31 11 23 23 32 23 22 11 44
1 31 11 23 22 32 22 24 11 41
1 31 11 23 23 33 22 22 11 44
1 31 11 22 23 33 22 22 14 41
1 31 14 23 22 32 22 24 14 41
1 33 11 23 23 32 33 24 14 44
1 31 11 23 22 33 23 24 44 41
1 31 11 23 22 33 22 22 11 44
1 31 14 22 22 32 22 24 14 44
1 31 14 33 23 22 22 22 14 44
1 31 11 22 23 32 22 24 14 41
1 33 11 22 22 33 22 22 14 44
1 31 11 22 22 32 22 22 11 44
1 33 14 23 23 33 22 22 14 44
1 33 11 33 22 32 33 22 14 44
1 33 11 23 23 32 23 22 11 11
1 33 11 23 23 33 23 22 11 41
1 31 11 23 22 33 22 22 11 44
1 33 11 33 23 33 22 22 14 44
1 31 11 22 22 33 22 44 14 41
1 33 11 22 22 32 22 22 14 44
1 31 14 22 23 32 22 22 11 11
1 33 11 23 22 22 22 22 14 41
1 31 11 23 22 33 22 22 14 41
1 33 11 22 22 32 22 22 14 11
1 11 11 23 22 33 23 22 14 41
1 33 14 23 23 32 22 22 11 44
1 31 11 22 22 33 23 22 11 41
1 31 14 22 23 32 22 22 14 11
1 33 11 22 22 32 22 22 11 41
1 33 11 23 23 33 22 44 11 41
1 31 11 22 23 33 22 24 14 44
1 31 11 23 22 33 22 22 11 44
1 33 14 22 23 32 23 24 11 41
1 31 11 22 22 33 23 22 14 41
1 33 11 22 23 32 22 24 14 44
1 31 11 22 23 33 22 22 11 44
1 31 11 22 33 33 23 22 11 44
1 31 11 22 22 33 22 22 11 41
1 33 11 22 23 33 22 24 14 41
1 11 11 22 22 32 22 24 11 41
1 33 11 22 23 22 22 22 14 41
1 31 11 23 23 33 23 22 11 44
1 33 11 22 23 33 23 22 11 44
1 11 11 33 23 33 23 24 14 44
1 31 11 23 22 32 23 22 11 41
1 31 11 22 23 32 23 22 11 44
1 33 11 23 23 32 23 24 11 41
1 11 11 33 22 33 22 24 14 41
1 33 11 23 22 33 22 24 14 44
1 31 11 23 22 33 22 22 11 44
1 33 11 23 23 32 22 22 14 44
1 33 14 22 22 32 22 24 11 44
1 33 11 23 22 33 23 22 11 44
1 33 11 22 22 32 23 22 44 41
1 31 11 22 22 32 22 22 14 41
1 33 11 23 33 33 22 24 14 41
1 33 11 22 22 22 22 24 14 44
1 33 14 23 22 33 23 22 14 44
1 33 11 22 22 33 22 22 11 44
1 31 11 33 22 33 22 22 11 44
1 31 14 22 22 22 33 22 14 41
1 31 11 22 22 33 22 24 11 44
1 33 11 23 22 32 23 24 44 41
1 33 11 22 23 33 22 24 44 41
1 31 14 22 23 22 22 22 11 41
1 31 11 23 23 33 22 24 44 44
1 31 44 22 23 33 23 24 14 41
1 11 11 23 22 32 23 22 14 41
1 33 11 22 22 33 23 22 11 44
1 31 11 22 23 32 22 22 14 44
1 11 11 23 33 32 23 24 14 41
1 33 11 23 23 32 33 24 14 44
1 33 14 33 23 22 22 22 11 41
1 33 11 23 22 32 23 44 14 41
1 11 11 33 23 32 22 22 14 44
1 33 11 22 22 33 22 24 11 41
1 33 11 22 23 32 23 44 11 44
1 31 11 23 23 33 22 44 11 44
1 33 11 23 22 33 22 22 14 44
1 11 14 22 22 32 22 24 11 44
1 33 11 22 22 32 23 24 11 44
1 33 11 22 22 32 23 22 44 41
1 33 11 23 23 32 23 24 11 11
1 31 11 23 33 32 22 24 11 44
1 11 11 22 22 32 22 22 14 44
1 11 11 22 23 33 33 22 44 44
1 33 14 22 23 33 23 24 14 41
1 11 11 23 23 32 22 24 14 41
1 31 11 22 23 33 33 24 14 41
1 33 14 23 22 32 23 22 44 44
1 31 11 23 23 33 33 24 44 11
1 31 44 22 22 33 23 22 14 11
1 33 14 22 22 33 23 22 11 44
1 31 11 22 22 33 22 22 11 41
1 11 11 22 33 22 33 22 11 11
1 33 11 23 22 33 22 22 14 44
1 33 11 22 22 33 22 22 14 44
1 31 14 22 23 33 22 22 14 41
1 31 11 22 22 32 23 22 14 41
1 11 11 23 22 32 22 22 14 41
1 31 14 22 22 33 22 24 11 41
1 31 11 22 22 33 23 24 14 44
1 31 11 22 22 32 22 22 11 41
1 11 11 22 23 32 23 22 14 44
1 33 14 23 23 32 22 24 11 44
1 31 11 23 22 22 22 22 14 41
1 31 11 22 33 22 22 44 44 41
1 31 11 22 22 32 22 22 44 41
1 31 11 23 23 33 23 24 14 11
1 31 44 22 23 32 23 22 14 41
1 33 11 22 22 32 22 22 14 44
1 31 11 23 22 22 23 22 14 41
1 33 11 22 22 32 22 22 14 44
1 31 11 22 22 33 22 24 11 41
1 11 11 23 33 32 22 22 11 44
1 33 11 22 22 33 22 24 11 44
1 33 11 22 22 33 22 22 14 11
1 31 11 22 23 22 23 24 14 41
1 11 11 23 22 32 33 22 14 44
1 33 11 22 23 33 23 22 11 41
1 31 11 23 23 33 33 22 11 41
1 31 11 33 22 33 23 22 11 44
1 33 11 33 23 32 23 24 11 41
1 11 14 22 23 33 22 22 14 11
1 33 11 33 22 33 23 22 11 41
1 33 11 23 23 32 22 22 14 41
1 31 11 22 22 33 22 22 14 44
1 31 11 23 22 22 23 22 11 44
1 31 14 22 23 33 33 22 11 11
1 31 14 22 23 33 23 24 11 44
1 33 14 23 23 33 23 22 14 44
1 31 11 22 22 33 22 22 11 41
1 11 11 22 23 32 23 24 11 41
1 31 11 23 23 33 22 22 44 41
1 33 14 22 22 22 23 24 11 44
1 33 14 23 23 33 22 22 14 44
1 31 11 23 22 32 22 22 14 11
1 11 11 23 22 33 22 22 11 41
1 31 11 23 23 33 22 24 11 44
1 33 14 22 33 33 23 24 11 44
1 31 14 22 23 33 22 22 14 44
1 31 11 23 22 32 23 22 11 41
1 11 11 22 22 33 33 24 11 41
1 31 11 23 33 32 23 44 14 41
1 33 11 22 23 33 22 22 11 11
1 31 14 22 23 32 23 22 14 41
1 33 11 22 22 32 22 24 14 11
1 31 11 23 33 33 23 22 11 44
1 31 14 22 22 32 33 24 14 11
1 33 11 22 22 32 22 22 11 44
1 31 11 22 22 33 23 22 11 41
1 11 11 22 22 32 23 22 14 44
1 31 11 23 33 33 22 22 14 41
1 31 44 23 23 32 22 22 14 44
1 11 11 22 22 32 22 22 14 41
1 11 11 33 33 33 23 22 14 44
1 31 11 23 22 33 22 24 14 44
1 33 14 23 22 32 22 22 14 11
1 33 11 23 33 33 23 22 11 41
1 33 11 33 22 32 23 24 14 44
1 31 14 22 22 32 22 22 14 41
1 33 11 22 22 32 23 22 11 44
1 33 14 22 23 33 23 44 14 44
1 31 44 22 22 33 23 24 44 41
1 31 11 22 23 33 22 22 11 44
1 33 14 23 22 33 22 22 14 44
1 33 14 23 23 33 23 22 11 44
1 31 14 22 23 32 23 24 14 41
1 31 14 23 22 32 22 22 14 44
1 33 14 22 23 22 22 22 44 44
1 33 11 22 23 32 22 24 11 44
1 31 11 23 22 32 23 22 11 44
1 31 11 23 22 32 22 22 11 41
1 33 11 22 23 33 22 24 11 41
1 33 14 22 23 32 23 24 44 41
1 31 14 22 23 33 22 22 11 41
1 33 11 23 23 32 22 22 14 41
1 31 11 22 22 33 22 22 14 44
1 31 11 22 22 33 23 22 14 41
1 33 14 22 23 32 22 24 11 41
1 31 11 23 33 32 23 24 11 44
1 33 14 23 22 33 23 24 11 41
1 31 11 22 22 33 23 22 11 41
1 11 11 22 23 33 22 22 14 44
1 31 14 22 22 32 22 22 11 41
1 33 11 22 22 32 22 22 11 44
1 31 11 23 22 32 23 24 11 11
1 33 11 23 33 32 23 24 14 44
1 31 11 22 23 32 22 24 11 44
1 33 11 23 22 33 22 24 11 41
1 33 11 22 22 32 22 22 44 44
1 11 11 23 23 32 33 44 44 44
1 33 11 22 22 33 22 22 11 41
1 33 11 23 23 32 23 24 14 41
1 33 11 22 23 33 22 24 11 41
1 31 14 23 22 32 22 22 11 41
1 33 11 22 22 33 22 24 11 41
1 33 11 22 23 32 23 24 14 44
1 31 11 23 22 33 22 22 11 41
1 33 11 22 22 33 22 22 11 41
1 31 11 22 22 32 22 22 14 11
1 33 11 22 23 33 22 24 11 41
1 31 14 23 23 32 23 22 14 41
1 11 11 22 22 22 22 44 11 41
1 31 11 22 23 32 23 22 14 44
1 33 11 23 22 32 22 24 14 44
1 31 14 23 23 32 22 24 44 41
1 33 11 22 33 33 23 24 11 11
1 31 11 23 23 22 23 22 14 41
1 31 14 22 22 32 22 24 11 44
1 33 14 22 33 33 22 22 14 44
1 33 11 23 33 33 22 22 14 41
1 31 14 22 22 32 22 44 14 41
1 31 11 23 23 33 22 22 11 11
1 33 11 22 23 22 22 22 14 41
1 33 11 22 23 22 23 22 14 41
1 31 11 23 22 33 23 22 14 44
1 31 11 22 22 32 23 22 11 41
1 31 11 23 23 33 22 24 14 41
1 33 11 23 23 33 22 22 11 11
1 33 11 23 22 33 22 22 14 44
1 33 14 23 23 33 22 24 14 41
1 33 14 23 22 33 23 22 14 44
1 11 14 22 23 32 22 22 11 41
1 33 11 22 23 32 22 22 11 41
1 33 11 22 22 33 22 24 11 41
1 33 11 22 22 32 22 24 11 41
1 33 11 22 22 32 33 22 14 44
1 31 11 22 22 32 22 22 14 44
1 33 11 23 22 33 23 24 14 41
1 11 11 22 23 32 33 24 11 41
1 33 44 22 23 33 23 22 14 41
1 33 14 33 22 33 23 24 11 41
1 31 11 23 23 32 22 22 11 44
1 31 11 22 23 32 23 44 44 44
1 31 11 22 23 33 23 22 14 41
1 33 11 22 22 32 23 22 11 41
1 33 11 23 22 33 23 22 14 41
1 31 14 22 23 32 23 24 44 44
1 31 11 22 22 33 23 24 14 44
1 33 11 23 23 33 33 22 14 41
1 31 11 22 23 32 23 24 11 41
1 11 14 22 23 32 22 22 14 41
1 31 11 22 22 32 22 22 14 41
1 11 11 22 23 22 33 24 11 41
1 11 14 23 23 32 23 24 14 11
1 31 11 22 22 33 23 22 44 44
1 31 11 23 33 22 23 22 14 11
1 31 11 23 23 33 23 22 14 44
1 31 14 22 22 33 22 22 11 44
1 31 11 23 23 32 33 24 14 41
1 33 11 22 22 32 22 22 11 44
1 31 11 23 22 32 23 22 11 44
1 33 11 22 22 33 22 22 11 41
1 31 11 22 23 32 22 24 14 41
1 31 11 23 22 33 22 44 14 41
1 31 11 23 23 33 22 24 11 41
1 31 11 23 22 33 22 22 11 44
1 33 11 22 22 33 22 22 11 44
1 33 11 22 22 33 22 22 11 44
1 33 11 22 33 33 23 22 11 44
1 31 11 22 23 33 22 22 44 41
1 33 11 22 23 33 23 22 14 44
1 11 14 23 22 32 22 24 14 44
1 31 11 22 22 22 22 22 14 41
1 31 11 22 22 32 23 24 14 44
1 31 11 23 22 33 22 24 11 41
1 31 11 23 22 33 22 24 11 44
1 11 11 23 23 22 23 22 14 44
1 33 11 23 23 33 22 22 11 41
1 11 14 22 23 33 23 22 44 44
1 33 14 23 23 22 23 24 14 44
1 33 11 23 23 32 22 24 14 44
1 33 14 23 23 32 33 22 14 41
1 33 11 22 23 33 23 22 14 41
1 31 14 23 22 32 22 24 11 41
1 31 11 23 22 32 23 22 11 41
1 31 11 22 22 32 22 22 11 44
1 31 11 22 22 33 23 22 14 11
1 11 14 23 22 33 23 22 14 11
