 rs3795302 rs3795300 rs3795299 rs17852648 rs11249201 rs11577442 rs16829204 rs17852649 rs16829209 rs7418238 rs4486393 rs10903022 rs10794642 rs10751768 rs4292900 rs16829225 rs7513249 rs4330872 rs11579657 rs4649191 rs10903032
0 44 22 34 44 22 11 32 44 33 11 22 33 33 22 33 32 33 22 14 33 14
0 41 23 34 41 23 14 32 42 33 14 32 32 32 23 32 32 32 23 14 32 11
0 41 23 33 11 23 11 32 42 22 44 32 22 32 23 32 32 32 23 14 33 14
0 44 23 33 11 23 44 32 42 33 14 33 32 22 22 32 32 22 23 44 22 14
0 44 22 34 41 23 11 32 44 32 11 33 33 33 22 33 33 33 22 11 33 11
0 44 23 33 41 23 14 32 44 32 11 32 33 33 23 33 32 22 33 14 33 44
0 41 23 33 41 22 14 33 44 32 11 33 33 33 23 32 32 33 23 11 33 14
0 41 22 33 11 23 11 33 44 32 14 32 32 32 23 33 32 33 23 14 33 14
0 44 23 34 41 23 11 33 44 32 11 32 33 32 23 32 32 33 22 14 33 14
0 44 23 33 41 22 14 33 44 32 11 32 33 32 22 32 33 32 22 11 33 11
0 41 23 34 11 23 11 32 22 22 11 32 33 22 23 33 33 33 22 14 33 14
0 44 23 33 41 22 11 33 42 32 11 32 33 32 22 33 33 32 23 14 33 11
0 41 23 33 41 22 14 33 44 32 14 33 33 33 23 33 33 33 22 14 33 11
0 41 33 33 11 22 14 32 44 33 11 33 32 22 22 33 32 33 33 44 33 14
0 41 33 33 44 22 11 33 44 32 11 22 33 32 22 33 33 32 22 14 33 14
0 44 23 34 41 22 11 33 42 22 11 32 33 32 23 33 32 32 22 44 32 44
0 41 23 34 41 22 14 33 22 33 44 22 33 32 22 33 22 32 23 14 32 14
0 44 23 33 11 22 44 32 44 32 14 32 33 22 23 33 32 33 22 11 33 44
0 44 22 34 44 22 14 33 44 33 11 32 33 33 22 32 33 33 23 11 33 11
0 44 22 33 44 22 11 33 44 33 11 33 33 33 22 32 33 33 22 14 33 11
0 44 33 34 41 22 44 32 42 22 44 22 33 32 22 33 33 33 33 14 22 44
0 41 23 34 41 23 14 22 42 32 14 32 33 32 22 33 32 32 22 14 32 14
0 44 23 33 41 22 14 32 44 22 44 32 32 32 23 32 32 32 33 44 32 44
0 44 22 34 44 23 14 33 44 22 14 32 33 32 33 33 32 32 23 14 22 11
0 41 23 34 41 23 44 33 42 22 11 32 32 22 23 33 32 22 33 44 32 44
0 44 23 33 11 23 14 33 44 33 14 32 33 32 23 32 33 32 23 14 32 14
0 41 23 33 44 23 44 33 44 32 11 32 33 22 23 32 33 33 23 11 33 14
0 11 22 34 11 23 14 33 42 22 14 22 32 22 22 33 22 32 33 14 22 44
0 44 22 33 44 22 11 33 44 33 11 32 33 32 22 33 33 33 23 14 33 11
0 44 23 33 41 22 11 33 44 32 14 32 33 32 23 33 32 32 33 44 33 14
0 44 22 33 44 22 11 33 44 22 11 32 33 32 22 33 32 33 22 14 32 11
0 44 23 33 44 22 11 32 44 33 14 32 33 22 23 33 22 33 23 14 33 11
0 41 23 33 44 22 14 32 44 32 11 32 33 22 23 22 32 32 33 14 33 44
0 44 23 33 41 23 14 32 44 32 44 32 32 33 23 33 33 33 33 44 33 14
0 44 33 34 11 23 44 22 42 22 11 32 33 32 33 32 22 32 33 14 22 44
0 44 23 33 41 22 14 33 44 32 11 33 33 32 22 33 32 33 22 14 32 44
0 44 22 34 44 23 14 33 44 33 11 32 33 32 23 33 33 33 22 11 33 14
0 44 23 33 11 22 14 32 44 33 11 32 33 32 22 33 22 32 33 11 32 11
0 44 33 34 11 22 44 32 42 33 11 22 32 22 23 33 33 32 33 11 33 14
0 44 22 33 44 33 14 32 44 32 11 32 33 33 23 33 32 33 22 14 33 11
0 41 23 33 41 23 14 33 42 33 14 22 32 22 23 33 33 33 23 14 32 14
0 44 22 33 44 22 11 32 44 33 14 33 33 22 22 33 33 33 22 11 33 44
0 11 23 33 11 33 44 32 42 22 14 22 33 22 33 32 32 22 23 44 33 14
0 44 22 34 44 22 11 32 42 32 44 22 33 32 23 33 22 33 23 11 33 11
0 44 23 34 41 22 14 33 44 32 11 22 33 33 22 33 33 32 23 11 32 11
0 44 23 33 44 23 11 33 44 32 14 33 33 22 23 33 33 33 23 11 32 14
0 44 22 33 44 22 14 33 44 32 11 32 33 32 22 33 33 33 23 11 32 44
0 41 22 33 44 23 44 33 44 22 11 33 33 32 22 33 33 33 33 14 33 11
0 44 22 33 41 22 14 33 44 33 11 33 33 33 22 33 33 33 22 44 33 11
0 44 23 33 41 23 14 32 42 33 11 32 33 32 22 33 32 32 23 14 33 14
0 44 22 33 41 22 14 33 44 33 14 33 33 32 22 33 32 33 33 14 32 14
0 44 23 34 41 23 14 32 42 32 14 33 32 22 23 32 32 32 23 14 32 11
0 41 23 34 11 23 44 32 44 22 11 32 32 32 23 33 22 22 22 14 32 44
0 44 23 33 41 23 11 33 42 32 14 33 33 22 22 32 32 33 23 14 32 11
0 44 23 34 11 22 14 33 44 32 14 32 33 22 22 32 33 33 23 44 33 11
0 41 23 33 41 22 11 33 44 22 11 32 33 33 22 33 33 32 22 14 33 14
0 44 22 34 41 22 11 33 42 33 11 32 33 33 22 33 33 33 23 11 33 11
0 11 33 33 44 23 44 33 42 33 11 32 32 32 22 33 32 32 33 14 33 11
0 44 22 34 44 22 14 33 44 33 11 33 33 33 23 33 32 33 22 14 33 11
0 44 23 33 44 22 44 22 44 33 11 33 33 33 22 33 32 33 23 11 33 44
0 44 23 34 41 23 11 32 44 33 14 32 33 33 23 33 33 32 23 14 33 14
0 41 23 33 41 22 14 32 44 32 14 32 32 22 22 32 32 32 33 44 33 44
0 41 23 34 44 23 14 33 44 22 11 22 32 32 22 32 32 32 23 14 32 14
0 41 23 34 41 22 14 32 42 33 44 22 32 32 23 33 22 32 23 11 33 11
0 41 22 33 41 22 14 32 22 33 11 22 33 32 22 33 22 33 23 44 33 11
0 44 23 33 41 22 11 33 44 33 11 32 33 22 22 33 33 32 33 14 33 11
0 44 22 33 11 23 14 33 44 33 44 22 33 32 23 33 33 32 22 14 32 44
0 44 22 33 41 22 11 33 44 33 14 33 33 33 22 33 33 33 22 14 33 11
0 44 22 34 41 22 11 33 42 32 11 22 33 33 22 33 33 33 23 14 33 11
0 44 22 33 44 22 14 32 44 33 11 32 33 22 22 33 33 32 33 44 33 11
0 44 23 33 41 22 11 32 44 32 11 33 32 33 23 33 32 33 23 11 33 14
0 41 23 33 11 33 44 32 22 32 44 32 22 22 22 32 22 22 33 44 22 44
0 44 22 33 44 22 11 33 44 33 11 32 33 33 22 33 33 33 22 14 33 11
0 41 23 34 44 23 11 33 44 32 14 32 32 32 23 33 33 32 23 14 32 14
0 44 23 34 41 23 11 32 42 32 11 32 33 32 22 32 32 33 23 14 32 11
0 41 22 34 11 23 14 33 44 22 14 32 33 33 22 33 22 22 23 44 32 44
0 41 22 33 41 22 11 33 44 33 11 22 33 33 22 33 33 33 22 14 33 11
0 44 23 33 41 23 14 33 42 33 14 33 33 32 22 33 33 33 23 14 33 14
0 44 22 33 44 23 11 33 44 33 11 33 33 33 22 33 33 32 23 44 33 14
0 41 23 34 44 23 44 32 44 22 11 32 32 32 23 33 33 32 33 44 33 11
0 44 22 33 41 33 11 33 44 33 14 32 33 32 22 33 33 33 23 11 33 11
0 44 23 34 41 23 14 33 42 32 44 22 33 33 22 33 32 33 22 14 33 14
0 44 22 34 41 23 11 33 44 32 11 32 32 33 22 33 22 33 23 14 32 11
0 41 23 33 41 23 44 33 42 32 14 32 33 32 22 33 32 32 23 14 33 14
0 44 23 33 41 22 14 33 42 22 11 33 33 32 22 33 32 33 33 14 32 11
0 11 22 34 44 23 14 32 42 32 11 32 33 22 22 33 32 32 23 14 32 14
0 41 22 34 44 22 11 32 44 32 14 32 33 32 23 33 32 33 23 14 32 14
0 41 33 44 11 23 14 22 42 32 14 32 33 22 23 32 22 33 22 44 33 11
0 44 22 33 44 22 11 33 44 22 14 32 32 32 22 33 33 33 22 44 33 11
0 44 22 33 41 22 11 33 42 32 14 33 33 33 22 33 33 33 23 11 32 11
0 44 33 33 44 22 11 33 44 32 11 32 33 32 22 33 33 22 33 11 33 11
0 44 23 34 11 23 11 32 42 32 11 32 33 22 22 33 33 33 23 44 33 44
0 41 22 33 44 22 14 33 44 32 11 33 33 32 22 33 32 32 23 14 33 14
0 41 22 33 41 22 11 33 44 32 11 33 33 33 23 33 32 33 22 11 33 11
0 41 22 33 44 22 11 33 42 32 11 33 33 33 22 33 32 33 23 14 33 11
0 41 22 33 41 22 14 33 22 22 11 33 33 33 22 32 22 33 23 11 33 44
0 44 22 33 41 23 11 33 44 32 11 32 33 33 22 33 33 32 23 14 33 11
0 41 23 34 41 22 44 32 42 22 44 32 32 32 23 32 32 32 33 44 33 14
0 41 33 34 41 22 14 33 42 32 44 32 32 22 23 33 32 22 23 44 32 14
0 44 23 34 41 23 14 33 44 32 14 32 33 33 33 33 32 33 23 44 33 14
0 44 22 34 11 23 14 33 44 33 11 32 33 32 23 33 33 32 22 11 33 11
0 44 23 34 44 23 14 32 44 33 14 33 33 32 22 33 32 32 22 14 32 14
0 44 23 34 41 23 44 32 42 32 11 32 32 22 23 32 22 33 23 14 32 14
0 41 22 34 41 23 44 33 44 32 14 32 33 32 23 33 32 32 23 14 32 14
0 41 22 33 41 23 11 33 44 32 14 32 33 33 23 32 33 33 23 14 32 11
0 41 23 33 11 23 44 22 44 33 11 32 32 32 23 32 32 22 33 44 32 44
0 41 23 34 11 22 14 33 44 33 14 33 33 22 22 32 32 32 23 44 32 14
0 44 23 33 44 23 11 33 44 32 11 32 33 32 22 32 33 33 23 11 33 11
0 44 22 33 41 23 11 32 44 33 11 32 32 33 22 33 32 32 23 14 33 14
0 44 23 33 41 23 11 33 44 32 11 32 33 32 22 32 32 33 22 14 33 11
0 41 22 33 44 22 14 33 42 32 44 32 32 32 23 32 32 32 22 14 22 14
0 11 22 44 44 23 14 33 44 33 14 32 32 32 22 32 33 32 23 14 33 14
0 41 23 34 41 23 14 32 44 32 14 22 33 32 23 32 32 32 23 44 32 14
0 44 33 34 41 22 14 33 44 32 11 33 33 33 22 33 33 32 22 14 33 14
0 41 23 33 44 22 14 32 42 32 11 32 33 32 22 33 33 32 23 11 32 11
0 41 23 34 41 23 14 33 42 32 11 32 33 22 22 32 22 32 23 14 32 14
0 44 22 33 44 22 11 32 44 33 14 33 33 22 22 33 32 33 23 14 33 11
0 41 22 34 11 23 44 32 44 22 11 22 32 22 23 32 32 33 33 44 32 14
0 44 23 34 41 23 14 33 42 33 11 33 33 22 22 32 32 33 23 14 33 14
0 44 23 34 41 22 14 33 42 32 14 32 33 32 23 33 32 32 23 14 32 11
0 44 23 33 41 33 44 33 44 32 14 33 32 32 23 32 33 22 33 11 32 14
0 41 23 34 41 23 14 32 42 32 14 22 32 32 23 32 32 32 23 14 33 14
0 41 23 33 11 33 44 33 44 22 44 33 33 32 23 33 32 33 23 44 32 14
0 44 22 33 44 22 11 33 44 33 11 32 33 32 22 33 32 33 22 44 33 11
0 44 23 34 11 23 11 32 44 22 11 22 33 33 22 32 32 32 22 14 33 44
0 44 23 33 11 23 11 33 44 32 11 22 32 32 22 33 32 32 23 14 32 14
0 44 33 34 41 23 11 33 44 33 14 22 33 32 23 33 33 33 33 14 33 11
0 44 23 33 44 23 11 33 44 33 14 32 33 32 22 33 33 33 23 44 33 11
0 44 22 33 44 22 11 32 44 32 14 32 32 33 22 33 33 33 22 14 33 11
0 44 22 33 41 23 44 32 44 32 14 22 33 32 23 33 32 22 23 44 33 11
0 44 23 33 11 22 11 32 44 33 14 32 33 33 22 33 33 33 22 14 22 44
0 44 22 34 44 23 14 33 44 32 11 33 33 33 22 33 32 32 22 14 32 11
0 44 22 34 11 23 14 32 42 22 14 22 33 32 33 33 32 32 23 14 32 14
0 44 22 33 41 22 11 33 44 33 14 33 32 33 22 33 33 33 22 14 33 14
0 44 22 33 44 22 11 33 44 33 11 32 33 32 22 33 33 32 23 11 33 14
0 41 23 33 11 33 44 32 44 22 14 22 33 32 23 32 22 33 23 44 32 44
0 44 33 33 41 23 11 32 44 33 11 33 33 32 22 33 32 32 22 14 33 11
0 44 22 33 41 23 14 32 44 33 11 32 33 32 22 32 32 33 22 11 33 11
0 44 23 34 41 23 14 32 42 32 14 32 32 22 23 33 32 22 23 14 33 11
0 44 22 33 11 22 11 32 22 32 11 32 33 33 22 32 33 33 23 44 33 11
0 44 33 44 11 23 14 32 44 32 14 32 33 32 23 32 32 32 23 14 32 44
0 41 23 34 41 23 44 32 22 22 14 22 33 22 23 32 32 32 33 44 33 11
0 44 22 33 11 23 14 33 44 33 11 32 33 32 22 33 32 33 23 11 32 11
0 44 33 33 11 33 11 33 42 32 14 32 33 32 33 33 33 33 23 14 32 11
0 41 23 33 41 23 14 32 44 33 11 32 33 33 22 33 32 33 23 14 33 44
0 44 23 34 41 22 44 33 42 33 14 32 33 22 23 33 32 32 23 14 32 14
0 44 23 33 44 22 11 32 44 32 11 33 33 32 22 33 33 33 23 11 33 11
0 41 23 34 41 23 14 33 42 33 14 22 33 32 23 33 22 22 33 44 32 14
0 44 22 33 44 22 11 33 42 33 11 32 33 32 23 33 32 33 33 14 33 11
0 44 23 33 11 23 11 32 44 32 11 33 33 33 22 33 33 32 23 11 32 11
0 44 23 33 41 23 11 33 42 32 44 33 33 33 22 33 32 32 23 14 33 11
0 11 33 34 41 23 11 33 44 32 14 32 32 32 33 33 22 22 22 14 33 11
0 44 33 33 41 23 14 22 42 22 14 32 33 32 23 33 22 32 33 14 32 44
0 44 23 34 44 22 11 32 42 22 14 32 32 22 33 33 33 33 22 14 33 11
0 41 23 33 41 23 14 33 44 33 11 32 33 32 22 33 32 32 33 11 33 14
0 41 23 33 41 22 11 33 42 22 44 22 33 22 22 33 32 22 22 14 32 14
0 44 23 34 11 23 11 33 44 22 11 32 33 32 22 33 32 33 23 14 33 11
0 44 23 33 44 22 11 33 42 32 11 33 33 33 22 33 33 33 22 11 33 14
0 44 23 33 41 22 11 33 44 32 14 33 33 33 23 33 33 33 23 11 33 11
0 41 22 34 41 22 14 33 44 32 11 32 33 32 23 32 33 32 33 11 33 14
0 41 33 44 41 33 44 32 22 22 14 32 32 22 33 33 22 32 33 14 32 44
0 44 22 44 11 22 14 32 42 32 11 32 33 32 23 33 32 32 33 11 33 14
0 11 23 44 11 33 14 22 42 32 11 22 32 22 23 32 32 32 33 44 32 14
0 44 23 33 44 22 14 33 44 32 11 32 33 33 22 33 32 32 22 44 33 14
0 41 22 33 41 22 14 33 44 32 11 32 32 33 22 33 32 32 23 44 32 14
0 41 23 44 11 22 14 22 42 22 14 22 33 32 23 32 32 22 23 14 32 14
0 41 33 33 41 22 14 32 44 33 14 32 33 32 22 33 33 33 22 11 33 11
0 41 22 34 41 23 11 33 42 32 14 33 33 33 22 33 33 32 23 14 32 14
0 41 23 34 44 22 14 32 42 33 11 33 33 32 22 32 33 32 22 14 32 14
0 11 23 33 41 23 14 32 44 32 14 32 33 22 22 33 32 33 23 14 32 14
0 44 23 34 44 22 11 33 44 33 11 32 33 33 23 33 33 33 22 14 33 11
0 44 23 34 41 23 14 32 44 33 11 32 33 32 23 33 32 32 23 11 33 11
0 41 33 44 11 22 44 33 22 32 14 22 32 32 33 33 32 33 33 44 32 11
0 44 23 33 11 22 11 32 42 33 11 22 33 33 22 33 32 32 22 11 32 14
0 44 23 34 44 33 11 32 44 33 11 32 33 32 22 32 22 32 23 14 33 11
0 41 23 34 41 23 14 32 42 32 14 22 32 32 22 32 33 22 23 14 32 14
0 44 23 33 11 22 11 33 44 33 11 33 33 32 22 33 33 33 22 14 33 11
0 44 22 34 41 23 11 32 44 32 14 32 32 33 22 33 33 33 23 11 33 14
0 44 23 34 41 22 44 32 44 32 14 32 33 32 22 32 33 33 23 44 33 14
0 44 22 33 44 22 11 33 44 33 11 33 33 33 22 33 33 33 22 11 33 11
0 41 23 34 11 23 44 33 44 22 11 32 33 33 22 32 32 33 23 44 33 44
0 44 22 33 41 22 14 32 42 33 11 32 33 33 22 33 32 33 22 14 33 11
0 44 23 33 41 22 14 33 44 33 11 32 33 32 22 33 32 33 23 11 32 11
0 41 23 33 11 23 14 33 44 32 44 32 32 33 23 32 32 32 33 14 32 14
0 44 22 33 41 22 11 33 44 32 11 33 33 32 22 33 33 33 23 14 32 11
0 41 23 34 41 33 14 32 42 32 14 22 32 22 33 33 32 22 23 14 33 14
0 44 23 33 41 22 14 33 44 32 11 32 32 33 23 33 33 32 23 14 33 14
0 44 23 34 41 23 14 32 42 32 14 22 33 32 22 32 33 32 23 14 33 14
0 41 22 44 41 22 14 33 42 32 14 32 32 22 23 33 33 32 33 14 33 11
0 44 33 34 44 22 14 32 42 32 44 32 33 32 33 32 22 32 23 14 33 44
0 41 23 33 41 23 14 33 42 32 14 32 32 22 23 33 32 32 23 14 22 11
0 44 23 33 41 23 11 33 44 33 11 33 33 33 23 33 32 33 23 14 33 14
0 44 23 33 41 22 14 33 44 33 14 22 33 33 22 32 32 22 22 44 33 11
0 41 23 33 41 22 14 32 44 32 11 33 33 22 22 32 22 32 23 14 33 11
0 41 23 34 44 22 11 33 44 33 11 22 33 32 22 33 32 32 23 14 32 14
0 41 23 34 11 22 14 33 22 33 11 32 32 22 23 32 22 32 33 44 32 44
0 41 22 34 41 23 11 33 44 33 14 32 33 32 22 33 32 32 23 44 33 11
0 44 23 33 44 22 11 33 44 33 11 33 33 33 22 32 32 32 22 11 33 14
0 11 23 34 41 23 44 32 22 22 44 22 33 22 23 22 22 22 33 44 32 14
0 44 23 34 41 33 11 33 44 33 11 32 33 33 22 32 33 32 23 14 32 11
0 11 23 34 41 23 14 33 42 32 14 32 33 22 33 33 32 33 23 14 33 44
0 44 33 34 44 22 14 33 42 33 14 32 33 32 22 33 22 22 23 11 33 14
0 41 33 34 41 23 14 22 44 22 11 32 32 22 22 33 32 33 23 44 32 14
0 41 22 33 44 22 11 33 44 32 14 33 33 33 22 33 33 33 23 14 33 14
0 41 23 33 11 23 14 33 42 33 14 32 33 32 22 32 32 22 23 44 22 44
0 44 22 34 11 22 14 32 44 22 11 33 32 32 22 33 32 33 23 14 32 14
0 44 22 33 44 22 14 32 44 33 11 32 33 32 22 33 22 33 22 44 32 11
0 44 23 34 44 23 14 33 42 32 14 33 32 22 22 33 22 32 22 44 32 11
0 44 22 34 11 23 14 33 44 32 11 32 33 32 23 33 32 32 23 14 33 11
0 11 23 33 11 23 14 32 42 32 44 22 32 32 23 32 33 32 23 14 32 44
0 44 22 33 41 22 11 32 44 32 14 32 33 33 22 33 32 33 22 14 33 11
0 11 23 34 41 33 44 32 42 22 44 32 33 22 23 32 32 32 33 44 32 44
0 44 23 33 41 23 14 32 44 33 14 32 33 32 23 33 32 32 23 14 33 14
0 11 33 44 41 33 44 22 42 22 11 22 32 22 23 33 22 32 33 44 22 14
0 41 22 33 11 23 44 33 44 33 11 33 33 32 23 33 33 32 33 11 33 11
0 44 23 33 44 22 11 33 44 33 11 33 33 33 22 33 32 33 22 14 33 14
0 41 23 33 41 23 11 32 44 32 11 22 33 32 22 33 33 32 23 44 33 44
0 44 23 33 11 22 11 33 44 22 11 22 33 32 23 33 22 32 33 11 32 14
0 11 23 34 41 23 44 33 22 22 14 22 33 32 23 33 32 22 33 44 33 14
0 44 23 33 11 22 11 32 44 32 14 22 32 33 22 33 32 22 23 11 32 14
0 44 33 33 41 23 11 33 44 32 11 33 32 32 23 33 33 22 23 14 33 11
0 41 23 33 11 22 14 32 44 32 14 22 32 22 22 32 32 22 33 14 32 11
0 44 33 34 41 23 14 33 44 32 14 32 32 32 22 33 22 22 33 44 32 11
0 44 23 33 44 22 11 33 44 22 11 33 33 32 22 33 22 33 23 11 32 11
0 44 22 33 41 22 14 33 44 32 11 33 33 33 22 32 33 33 23 11 33 44
0 44 23 33 44 22 14 33 44 33 11 33 33 33 22 33 33 33 23 11 33 11
0 41 23 33 41 23 14 22 44 32 11 22 33 22 33 33 22 32 23 14 32 11
0 41 23 34 41 23 14 32 44 32 14 32 32 32 23 32 22 22 22 14 33 44
0 44 22 33 41 22 11 32 42 32 11 33 33 33 22 33 32 22 23 44 32 14
0 41 33 44 41 33 14 32 42 32 11 32 33 22 33 32 33 22 23 14 22 14
0 44 22 34 41 22 14 32 44 32 11 33 33 33 22 33 32 33 23 14 32 11
0 44 23 33 41 23 11 33 44 33 44 32 32 32 22 32 32 33 22 14 33 44
0 41 23 33 44 33 14 33 44 33 11 32 33 22 22 32 33 22 22 14 33 14
0 41 22 34 41 23 11 32 42 32 14 22 33 32 23 33 32 22 23 14 22 14
0 44 23 33 44 22 11 32 44 33 14 32 33 32 22 33 33 33 23 11 33 11
0 41 33 34 11 23 14 32 42 22 44 22 32 22 23 32 22 32 23 44 33 14
0 44 23 33 41 23 44 22 42 33 11 32 33 32 22 33 32 22 22 14 22 14
0 41 22 33 11 22 14 32 44 33 11 33 33 33 23 33 33 33 23 14 32 11
0 41 23 33 44 22 11 33 42 33 11 22 33 32 22 33 33 33 23 11 33 11
0 44 23 33 11 23 44 22 42 32 14 32 33 32 33 32 32 32 33 44 33 11
0 44 22 33 41 22 11 33 44 33 14 32 33 33 22 33 33 33 22 11 32 14
0 44 22 33 11 23 44 33 42 33 44 22 33 22 33 32 22 22 23 44 33 11
0 44 23 33 41 22 14 33 44 32 11 32 33 32 22 32 33 33 22 11 33 44
0 41 23 33 44 22 14 33 44 33 11 33 33 33 22 33 33 33 22 14 33 14
0 44 23 33 11 23 14 32 42 33 11 22 33 22 23 33 32 22 33 14 33 14
0 44 23 33 11 22 14 32 44 32 11 32 33 32 22 32 32 32 33 11 32 11
0 44 22 33 44 22 14 33 44 33 11 33 33 32 22 33 32 32 22 11 33 11
0 11 33 44 11 23 11 33 22 22 14 32 33 22 33 32 22 22 33 14 32 14
0 11 23 33 41 22 14 32 42 33 14 33 32 33 22 33 22 32 22 14 33 11
0 41 23 33 41 23 11 32 44 33 44 32 33 32 23 33 22 32 23 14 33 14
0 41 23 34 41 23 14 33 22 22 44 32 32 22 23 32 32 32 23 14 32 44
0 44 22 34 41 22 44 33 22 32 11 33 33 22 22 33 33 32 33 44 33 44
0 44 23 34 41 23 11 33 44 32 11 32 33 32 23 33 33 32 23 44 33 44
0 44 23 34 11 23 14 22 22 32 11 32 32 33 22 33 32 22 22 14 32 11
0 44 23 33 41 22 14 33 42 33 11 33 32 33 22 33 33 33 22 11 32 11
0 11 33 34 41 22 11 33 42 33 14 32 33 32 22 33 22 32 33 44 32 44
0 41 23 33 11 33 11 33 44 22 14 32 32 22 23 33 33 22 33 14 32 44
0 41 23 33 44 22 14 32 44 32 14 32 33 32 22 33 33 33 33 44 33 14
0 44 23 33 11 23 44 33 42 33 14 33 33 32 22 32 32 32 23 44 32 14
0 44 22 33 41 22 11 33 42 33 11 32 32 33 22 33 32 33 22 11 33 14
0 44 22 33 44 22 14 33 44 33 11 32 33 32 22 33 33 33 22 11 33 14
0 44 23 33 44 22 14 33 44 32 14 32 32 32 22 32 32 33 23 14 32 14
0 44 22 34 41 23 44 32 42 32 14 32 33 22 23 32 32 22 23 14 32 14
0 41 22 34 41 22 14 33 44 33 14 32 33 22 22 33 32 32 22 11 33 14
0 44 33 33 11 22 11 22 42 32 14 32 32 22 23 33 33 22 22 44 33 11
0 41 23 33 41 23 14 32 44 32 14 32 33 32 22 32 32 32 23 14 33 14
0 41 23 34 11 23 44 32 42 22 14 32 32 22 23 33 32 22 23 14 32 44
0 11 23 34 11 23 11 33 42 33 44 32 33 32 22 33 22 33 23 44 33 14
0 44 23 34 41 33 44 33 44 32 44 32 33 32 23 33 32 22 23 11 32 44
0 44 22 33 44 33 14 32 44 32 11 32 33 33 23 33 33 33 22 11 33 11
0 41 33 44 11 33 44 33 22 22 14 22 32 22 23 33 22 22 23 14 22 44
0 44 22 33 44 23 11 33 44 33 14 33 33 32 22 33 33 33 33 11 33 11
0 44 22 33 41 22 11 33 44 32 11 32 33 33 23 33 32 32 23 14 32 14
0 44 22 33 41 22 14 22 44 33 11 32 33 32 22 32 22 33 22 14 33 14
0 44 23 33 44 22 44 32 42 32 14 33 33 22 33 33 32 32 33 11 32 11
0 44 33 33 11 22 11 32 42 32 44 22 32 32 23 33 32 32 33 44 33 14
0 44 22 33 44 22 11 33 44 33 14 33 33 33 23 32 32 33 23 11 33 14
0 44 22 33 44 22 11 33 44 33 11 33 33 33 22 33 33 33 22 11 33 11
0 41 22 33 41 33 11 32 42 32 11 32 33 33 22 33 32 33 23 14 22 44
0 44 22 33 44 23 11 32 42 32 14 32 32 32 22 33 33 32 23 14 32 14
0 44 22 33 44 22 14 33 44 33 11 32 32 33 22 33 33 33 22 14 33 11
0 44 22 33 44 23 11 32 44 33 11 33 32 33 22 33 33 33 23 11 32 11
0 44 22 33 41 33 44 32 44 32 14 32 33 22 23 33 33 33 23 11 22 14
0 44 33 33 11 33 14 32 22 32 14 22 33 22 23 32 32 22 33 11 32 14
0 44 22 33 41 22 14 32 42 33 11 32 33 32 22 33 32 33 23 14 32 14
0 41 22 33 41 22 11 32 42 33 14 32 33 33 22 33 32 32 23 44 32 11
0 44 23 33 11 22 11 33 22 32 14 22 33 32 22 33 32 22 23 11 33 14
0 11 23 33 41 22 11 33 44 33 14 32 33 22 22 33 32 33 23 14 33 11
0 44 23 33 44 22 11 33 44 33 11 33 33 33 22 33 33 33 22 11 33 11
0 44 22 33 44 22 11 33 44 33 11 32 33 32 22 33 33 32 23 11 33 11
0 44 23 33 44 22 14 33 44 32 11 32 33 32 23 33 33 33 22 14 33 11
0 44 23 34 41 23 11 33 22 32 11 33 33 32 23 32 33 33 22 11 32 11
0 41 23 33 44 23 14 32 42 33 14 33 33 22 22 33 32 33 23 11 33 11
0 41 23 33 41 23 14 33 42 22 44 22 33 32 22 33 32 32 23 14 33 14
0 44 22 33 11 33 14 33 44 33 11 22 33 32 22 32 32 33 22 14 22 14
0 41 23 33 44 23 11 33 44 22 11 33 33 33 22 33 33 32 23 11 33 11
0 44 23 33 41 23 44 33 42 32 14 22 33 22 23 33 32 32 33 44 32 14
0 41 23 33 41 23 14 33 42 33 11 32 33 32 22 33 33 33 23 44 33 14
0 41 23 34 44 23 11 22 42 32 14 33 32 22 22 33 32 33 23 14 32 14
0 11 23 33 11 23 11 33 22 22 44 32 32 32 23 32 32 32 22 11 33 11
0 44 23 44 41 22 14 33 42 22 14 32 33 32 22 33 32 33 33 11 32 14
0 41 22 34 44 22 14 33 44 32 11 32 33 32 23 33 32 32 23 14 33 11
0 44 22 33 44 22 11 33 44 33 11 33 33 33 22 33 33 32 22 14 33 11
0 41 33 34 41 23 11 33 44 32 14 33 33 32 22 33 22 33 23 14 33 11
0 44 23 33 44 22 11 33 44 33 11 33 33 32 22 33 33 33 22 14 33 11
0 44 23 34 11 22 14 33 44 32 14 32 33 32 22 32 22 32 33 14 32 14
0 44 23 33 11 22 11 32 44 32 11 33 33 33 22 33 33 33 22 14 32 11
0 44 23 33 44 22 11 33 44 33 11 33 33 22 22 33 33 32 23 44 32 14
0 44 22 33 44 22 14 32 44 33 14 32 32 22 22 33 33 22 23 14 32 14
0 44 22 33 44 22 11 33 44 33 11 33 33 32 23 33 33 33 22 44 33 11
0 41 23 33 41 22 11 33 44 32 14 33 33 32 22 32 32 33 22 14 33 14
0 44 22 33 11 23 11 33 44 33 11 32 33 33 33 32 32 33 22 14 33 11
0 41 23 33 44 22 14 32 42 32 11 32 33 32 22 33 32 32 23 14 32 11
0 44 23 33 41 23 11 33 44 32 14 22 33 33 22 33 33 33 33 14 33 14
0 44 22 34 44 22 11 33 44 32 11 33 33 33 22 33 33 33 22 11 33 11
0 44 22 33 41 22 11 33 44 33 14 32 33 32 22 33 32 33 22 14 33 11
0 41 23 34 41 22 14 32 44 33 11 32 33 32 23 32 22 32 23 14 33 14
0 44 22 33 41 22 11 33 44 33 14 33 33 33 22 33 33 32 22 11 33 11
0 11 33 44 11 23 14 32 42 22 14 33 32 22 23 33 22 22 33 44 32 44
0 44 22 33 41 22 11 33 44 33 14 32 33 33 22 33 32 33 22 14 32 11
0 44 23 33 41 33 11 32 42 33 11 32 33 32 22 33 33 32 23 11 33 11
0 41 23 33 41 23 14 32 42 33 44 32 32 32 23 32 32 32 23 14 32 14
0 44 23 34 41 33 44 22 42 32 11 32 32 32 22 33 22 32 23 11 33 14
0 44 22 33 41 23 14 32 42 32 11 33 33 22 23 32 32 32 23 14 32 14
0 44 22 33 41 22 11 33 44 33 11 33 33 32 22 33 33 33 22 11 33 11
0 44 22 33 44 22 11 33 44 32 11 33 33 33 22 33 33 32 22 11 33 11
0 44 33 33 41 22 14 33 42 32 11 32 33 32 22 32 22 33 33 14 33 11
0 41 23 44 11 23 44 32 22 33 14 32 33 32 23 33 32 33 33 14 32 44
0 44 23 34 44 23 11 33 44 32 11 33 33 32 33 33 33 32 23 11 32 11
0 44 23 34 44 23 11 33 44 22 11 33 33 22 23 33 33 33 23 14 33 11
0 41 23 33 41 22 11 32 44 33 11 32 33 33 23 33 33 33 22 11 32 11
0 41 23 44 41 22 44 33 42 33 14 32 33 32 23 33 32 32 23 44 32 11
0 44 23 33 44 22 14 33 44 22 14 33 33 33 22 33 32 33 22 14 32 11
0 44 23 34 41 33 14 33 42 33 11 22 32 32 23 33 32 32 33 14 32 11
0 41 23 33 44 22 11 33 44 32 11 33 33 32 22 33 33 33 23 14 32 11
0 41 33 34 44 23 11 33 44 33 11 33 33 22 22 33 33 32 23 14 33 11
0 11 22 34 41 22 14 33 44 32 11 32 33 22 22 33 32 33 23 11 33 11
0 44 22 33 41 22 11 33 44 33 14 32 33 33 22 32 33 32 22 11 33 11
0 44 22 33 44 23 11 33 44 33 11 33 33 33 22 33 33 33 22 11 33 11
0 41 33 34 41 23 14 32 42 32 11 22 32 32 23 32 32 22 33 14 33 44
0 44 22 33 41 23 11 33 44 32 11 33 33 32 22 33 33 33 22 11 33 11
0 41 33 33 11 23 14 32 42 32 11 32 22 22 23 32 32 32 33 44 33 44
0 44 33 34 44 23 11 33 42 22 44 32 33 22 23 33 32 33 22 14 32 44
0 44 23 34 44 22 11 32 44 32 11 33 33 32 23 33 33 33 22 11 33 11
0 11 23 44 11 23 14 33 44 32 14 22 32 22 22 32 32 32 33 44 32 14
0 44 23 33 44 22 14 32 44 22 14 32 33 33 23 33 32 22 22 14 33 14
0 41 23 33 41 23 14 32 42 32 14 22 33 32 23 32 33 33 33 11 22 11
0 41 23 33 41 22 14 33 44 32 14 33 32 33 23 33 33 32 22 11 33 14
0 44 22 33 41 22 11 33 44 32 11 33 33 33 22 33 33 33 23 11 33 11
0 44 22 33 41 22 11 32 42 32 14 32 33 22 22 32 32 32 23 14 33 11
0 44 23 33 41 33 44 32 44 22 14 32 32 32 23 33 22 22 33 44 32 44
0 41 23 33 41 22 14 32 44 22 14 22 33 32 23 33 33 32 23 14 33 14
0 11 33 34 11 22 14 33 44 33 14 32 33 32 22 33 32 33 22 44 33 14
0 41 22 34 44 22 11 33 44 32 11 32 33 32 33 33 32 22 23 14 33 14
0 44 23 33 41 23 14 32 42 33 11 32 33 33 23 33 32 33 22 11 32 11
0 44 22 33 11 23 11 32 44 33 14 32 32 33 23 33 32 33 23 14 33 11
0 44 23 33 41 22 11 33 44 33 11 33 33 22 22 33 32 33 23 11 33 44
0 44 23 34 41 22 11 33 42 32 11 33 33 32 22 33 22 33 22 14 33 11
0 44 33 34 11 23 14 33 44 33 11 33 32 32 23 33 22 32 23 14 32 14
0 41 23 33 41 23 14 33 44 33 11 32 32 32 33 33 33 32 23 14 33 14
0 44 23 34 41 33 14 32 42 33 14 22 32 32 23 33 32 32 23 14 32 14
0 44 22 33 41 23 11 33 44 33 14 33 32 32 22 33 33 33 22 11 33 11
0 44 22 34 41 23 14 22 44 32 11 32 33 32 23 32 22 32 23 44 33 14
0 41 33 33 41 23 14 33 42 33 14 22 33 32 23 33 32 32 33 14 33 44
0 44 23 44 11 23 14 32 22 22 14 22 33 22 23 33 22 32 33 44 32 44
0 44 22 33 44 23 11 32 44 32 14 32 33 32 22 33 32 32 23 14 32 11
0 44 22 33 41 23 14 33 44 32 11 32 33 32 22 32 32 32 22 14 32 11
0 11 23 33 41 33 14 22 44 32 11 32 32 33 22 33 33 22 22 14 33 14
0 11 23 33 44 22 14 32 42 32 14 33 33 32 23 33 33 33 23 14 33 11
0 44 22 33 44 22 14 33 44 33 11 33 33 32 22 32 32 32 23 14 33 11
0 44 22 33 11 23 11 32 44 32 14 32 33 32 22 33 33 33 33 11 33 44
0 44 23 34 41 22 11 22 44 33 11 33 33 22 22 32 32 33 23 14 32 11
0 44 33 33 41 23 14 33 44 33 14 22 33 33 22 33 32 32 23 11 32 11
0 44 22 33 44 22 11 33 44 32 14 32 33 33 22 33 33 33 22 14 33 11
0 41 23 34 41 23 14 32 42 32 14 32 32 32 23 32 32 32 23 14 32 14
0 44 33 34 44 22 11 33 44 22 11 33 33 33 23 33 32 33 33 14 33 11
0 44 22 34 41 22 14 33 44 32 11 33 33 32 22 33 32 33 23 11 33 11
0 44 23 33 41 23 14 32 44 32 11 22 33 22 22 33 33 32 23 14 33 11
0 41 22 33 44 23 11 33 44 32 14 33 33 32 22 33 33 32 33 14 32 11
0 41 23 33 41 22 11 33 44 32 11 22 33 22 23 33 32 33 33 14 32 44
0 44 33 33 11 23 44 32 44 22 11 33 33 33 22 33 33 22 23 44 33 44
0 41 23 33 41 33 11 33 44 32 14 32 33 22 22 33 32 32 33 14 32 14
0 44 22 33 44 22 11 33 44 22 11 32 33 32 22 33 33 33 22 11 33 14
0 44 33 34 41 23 11 32 44 32 11 32 32 33 23 32 22 32 23 44 33 14
0 44 23 34 11 22 14 33 42 32 14 22 32 32 23 33 22 33 23 44 32 11
0 41 22 33 41 23 11 33 42 33 11 22 33 32 22 33 33 32 23 14 32 14
0 44 23 34 44 23 14 32 42 33 11 32 33 33 22 33 32 32 22 14 33 11
0 41 23 34 41 22 11 33 44 32 14 32 32 33 23 33 32 32 22 14 32 11
0 41 33 33 11 23 44 32 42 32 44 32 32 32 22 33 22 32 23 14 33 14
0 44 23 33 44 22 14 33 44 33 11 33 33 32 23 33 33 32 22 14 33 14
0 44 23 33 44 22 14 33 44 33 11 33 33 33 22 33 32 33 22 11 33 14
0 44 22 33 44 22 11 33 44 32 11 32 33 33 22 33 33 33 23 11 33 11
0 41 22 33 44 23 11 33 44 33 11 33 33 32 22 33 32 32 23 14 33 14
0 41 22 34 41 22 14 32 44 32 11 32 33 32 22 33 32 32 23 11 32 11
0 41 23 33 41 23 44 22 42 22 14 32 32 22 23 32 33 32 33 44 33 11
0 44 22 33 44 23 11 33 44 33 11 33 33 33 23 33 33 33 23 11 33 11
0 41 33 33 41 22 44 32 42 32 11 32 32 32 23 33 32 32 33 14 33 14
0 41 22 33 41 22 14 33 44 33 14 33 33 33 22 33 32 33 23 11 33 14
0 44 23 33 11 23 14 33 22 33 14 32 32 33 23 32 32 32 23 44 33 14
0 41 23 33 41 23 14 32 42 33 14 32 33 32 23 33 33 33 23 14 32 14
0 44 22 33 41 23 11 33 44 32 11 33 33 33 23 33 33 33 23 44 33 11
0 41 33 33 44 22 11 32 44 33 11 32 33 22 22 32 33 32 23 11 33 11
0 44 22 33 44 22 14 33 44 33 11 32 33 32 23 33 22 33 23 44 33 14
0 44 22 34 11 23 14 33 22 32 14 32 32 22 22 32 33 32 23 14 32 11
0 41 22 34 41 22 14 33 44 32 14 32 32 22 33 32 22 32 33 44 33 14
0 44 22 33 11 22 11 32 44 33 11 33 33 32 22 33 33 33 22 11 33 14
0 11 22 34 44 22 11 33 44 32 14 33 33 32 22 32 32 33 22 44 33 14
0 44 23 33 41 22 14 33 44 33 11 32 33 33 22 33 33 33 23 14 22 14
0 44 23 33 44 22 14 32 44 33 11 32 33 32 22 33 22 32 22 11 33 14
0 44 23 33 41 23 11 32 44 32 14 33 33 33 22 33 32 33 33 11 33 11
0 41 23 33 44 22 11 32 44 32 14 32 32 32 23 33 33 22 22 14 32 14
0 44 23 33 11 22 11 33 44 33 11 22 33 32 22 33 32 33 22 11 33 11
0 44 22 33 44 22 11 33 44 33 11 33 33 33 22 33 33 32 22 14 32 11
0 41 22 34 11 22 44 33 22 32 14 22 33 22 22 33 32 32 33 14 32 14
0 44 22 34 41 22 11 32 44 33 11 33 32 33 22 33 33 33 23 11 33 11
0 44 23 33 41 23 14 32 44 32 14 33 33 33 22 32 32 32 23 14 33 44
0 44 23 33 11 22 14 33 44 33 14 33 33 22 22 33 32 32 23 14 32 11
0 44 22 33 41 23 14 32 42 32 11 33 33 22 23 33 33 33 23 14 32 11
0 41 22 34 41 23 14 32 42 22 14 33 32 32 22 33 32 33 23 11 33 11
0 41 33 34 11 23 14 32 42 32 44 22 33 32 33 33 32 22 22 44 22 44
0 44 23 33 44 22 11 33 44 33 11 32 32 33 22 33 33 33 33 11 33 11
0 44 22 33 44 22 11 33 44 33 11 33 33 33 22 33 32 33 23 14 33 11
0 11 23 44 41 23 14 33 44 32 11 32 33 32 23 33 32 32 22 14 32 14
0 44 23 34 11 23 11 33 42 33 11 33 33 32 22 33 22 33 33 14 33 14
0 44 23 34 44 22 14 33 42 33 11 32 33 32 22 33 32 32 22 14 33 11
0 41 23 34 11 23 44 33 42 32 44 32 33 22 23 33 33 22 33 14 33 14
0 44 22 33 44 22 11 33 44 33 11 33 33 33 22 33 33 32 22 11 33 11
0 44 23 33 41 23 14 33 44 33 14 33 33 33 22 33 33 33 22 11 33 14
0 41 23 34 11 23 14 32 44 22 14 32 33 22 23 33 32 32 23 14 33 14
0 41 33 34 11 23 44 32 44 32 14 22 33 32 23 32 32 22 23 14 32 14
0 41 23 33 44 23 11 33 44 32 11 33 33 32 23 33 33 33 22 14 33 11
0 44 22 33 44 22 11 33 44 33 14 32 32 33 23 33 32 32 22 11 33 11
0 44 22 33 44 22 11 33 44 33 11 32 33 33 22 33 33 32 22 14 33 11
0 11 33 34 11 33 44 32 22 22 11 22 32 32 23 22 33 22 33 44 33 14
0 41 22 33 44 23 11 33 44 33 11 32 33 33 22 33 32 33 22 11 33 11
0 41 22 34 11 23 44 32 44 32 11 22 33 22 22 22 32 32 33 44 32 44
0 44 22 33 44 22 11 33 44 33 11 32 33 32 23 33 33 33 22 14 32 11
0 11 23 33 11 23 14 33 42 33 14 22 22 22 23 33 22 22 23 14 32 14
0 44 23 34 44 22 11 33 44 33 11 22 33 33 22 33 32 32 22 14 33 14
0 41 22 33 41 23 14 33 44 33 11 32 33 22 22 33 33 33 23 11 33 11
0 44 22 34 44 23 14 33 44 22 14 33 32 22 23 33 32 33 22 11 33 14
0 41 33 33 44 23 11 33 44 33 14 32 33 33 22 33 33 33 22 44 33 14
0 41 33 34 11 23 44 32 42 22 44 22 33 22 33 33 32 32 23 44 33 44
0 41 23 33 41 23 14 32 42 32 14 32 33 22 33 32 32 32 23 14 32 14
0 44 33 34 11 23 44 33 22 33 44 32 33 22 33 32 32 32 33 44 32 44
0 41 23 34 11 23 14 32 42 32 44 22 33 32 22 32 32 32 23 14 33 14
0 44 23 33 44 22 44 33 42 32 44 33 33 33 23 33 22 22 33 14 33 14
0 44 23 33 41 22 11 33 44 33 11 33 33 32 22 32 33 32 22 11 33 14
0 44 23 33 41 22 11 33 44 33 11 33 33 32 22 33 33 32 23 14 33 44
0 41 33 33 11 23 44 32 22 32 14 22 33 32 22 32 22 32 33 14 22 14
0 44 22 33 44 23 14 33 44 32 11 22 33 32 22 33 33 33 23 14 33 14
0 41 23 33 11 23 14 33 44 32 44 22 33 22 33 32 22 32 33 14 22 11
0 44 23 33 41 22 14 33 44 32 11 33 33 32 23 32 32 33 23 14 33 11
0 44 23 34 41 23 11 33 44 33 11 33 33 32 22 33 33 33 22 11 33 11
0 41 22 33 44 23 14 33 44 33 11 22 33 33 23 33 33 32 23 14 33 11
0 41 23 33 41 22 14 32 42 32 11 32 33 33 23 33 22 33 23 14 32 14
0 44 22 33 41 23 11 33 44 33 11 32 33 33 22 33 33 33 23 11 33 11
0 44 22 33 44 22 11 33 44 33 11 33 33 33 22 33 33 32 22 11 33 14
0 44 22 33 44 22 14 33 44 33 11 32 33 22 22 33 33 33 23 11 33 14
0 44 23 33 41 23 14 33 44 32 14 32 32 32 23 32 32 32 23 11 33 44
0 44 23 34 41 23 11 32 44 33 11 32 33 32 23 33 32 33 23 14 33 11
0 44 23 34 41 23 14 33 44 32 11 32 33 22 22 33 33 32 23 14 33 14
0 41 23 34 41 22 14 32 42 33 11 32 32 33 22 33 33 33 23 14 32 14
0 11 23 44 41 33 14 32 42 22 14 22 33 32 22 33 32 22 23 44 32 14
0 44 33 34 41 33 14 22 42 22 14 22 32 33 33 32 32 32 23 14 32 44
0 44 23 33 44 22 44 33 44 32 14 32 33 32 23 33 32 32 23 14 32 11
0 44 22 33 44 22 11 33 44 33 11 33 33 33 22 33 33 33 22 11 33 11
0 44 33 34 41 23 44 32 44 32 11 32 32 33 22 33 33 33 22 44 33 14
0 44 23 33 44 22 14 33 44 33 11 33 32 33 22 33 32 22 23 14 33 11
0 44 22 33 41 22 11 33 44 33 11 33 33 33 22 33 33 33 22 11 33 11
0 44 23 33 44 23 11 33 44 33 11 33 33 22 22 33 33 32 23 14 33 14
0 41 33 34 41 22 14 32 44 22 11 22 32 33 22 32 32 32 23 44 32 11
0 41 22 33 44 22 11 32 44 33 14 33 33 22 23 33 33 33 22 11 33 44
0 44 22 33 41 23 11 32 42 33 11 32 33 33 22 33 32 33 23 11 33 14
0 44 22 33 44 23 11 33 44 33 11 33 33 32 22 33 33 33 22 11 33 11
0 44 22 33 41 23 11 33 44 33 11 33 32 32 22 33 33 32 33 44 33 14
0 44 23 33 11 23 14 32 42 32 14 22 33 22 23 32 32 33 23 14 32 14
0 44 23 33 11 33 14 32 42 32 11 32 33 32 33 33 22 32 22 11 32 11
0 44 23 33 44 22 14 33 44 33 44 33 33 33 23 33 33 33 23 11 33 11
0 44 22 33 44 22 11 33 44 32 11 33 33 32 23 33 33 33 23 11 33 11
0 44 23 33 44 22 11 33 44 33 11 33 33 33 22 33 32 33 22 11 33 11
0 44 23 33 41 23 14 32 44 32 14 32 32 32 23 32 32 22 33 14 33 14
0 44 33 33 11 33 44 32 44 32 14 22 32 22 23 33 22 33 23 11 22 44
0 41 23 34 11 22 44 32 42 22 14 22 32 22 23 22 32 22 33 14 33 14
0 41 23 33 11 22 14 32 44 32 14 32 33 33 22 33 22 33 23 14 32 44
0 41 23 34 41 23 14 32 42 32 14 33 32 32 23 32 32 32 23 14 32 11
0 44 23 33 41 23 14 32 44 32 14 22 33 32 22 33 33 33 33 44 32 14
0 44 23 33 41 23 14 33 44 33 14 32 33 33 23 33 33 33 22 14 33 11
0 44 23 33 44 23 14 33 44 32 11 33 33 33 22 33 32 32 22 14 33 11
0 41 23 34 41 22 14 32 44 22 14 32 33 32 23 33 32 33 33 14 32 14
0 41 22 33 41 22 14 33 44 32 11 33 33 32 22 33 22 32 22 11 33 11
0 41 22 33 11 33 14 22 44 22 44 32 22 32 23 32 32 32 33 44 33 14
0 41 22 33 11 23 11 33 42 32 14 33 32 22 33 33 32 33 23 11 32 11
0 44 33 33 44 22 14 33 44 22 14 32 33 32 22 33 32 22 33 11 33 14
0 44 23 33 41 22 14 33 44 33 14 32 33 32 23 33 32 32 23 44 33 11
0 44 22 33 41 22 44 33 44 32 11 32 32 22 23 32 32 33 22 14 33 14
0 44 22 33 41 23 11 33 44 33 11 33 33 32 23 33 33 33 23 11 33 14
0 41 22 33 44 22 14 32 44 33 11 32 33 33 23 32 32 32 22 11 33 14
0 41 22 44 44 23 11 33 44 32 11 32 33 32 23 33 32 33 22 11 33 11
0 44 33 33 41 23 44 32 42 33 44 32 32 32 23 33 22 32 33 44 32 44
1 44 23 33 44 22 11 32 22 32 14 32 32 33 23 33 33 32 33 14 33 44
1 44 22 33 41 23 14 32 42 33 11 33 33 32 22 33 32 32 33 11 33 14
1 41 23 33 41 23 14 33 44 32 11 22 33 32 23 32 32 33 23 14 32 14
1 41 22 33 41 33 14 33 42 32 11 32 33 32 23 32 32 22 23 14 32 14
1 44 23 33 41 23 14 33 22 32 11 22 33 22 22 33 32 32 33 14 33 14
1 44 23 33 41 33 14 33 42 22 11 22 32 32 23 33 32 33 33 14 33 14
1 44 23 33 41 23 14 33 42 33 14 32 32 33 22 32 32 32 33 14 32 14
1 44 23 34 41 23 11 33 42 33 11 32 32 22 23 33 22 32 33 14 33 14
1 41 22 33 44 23 11 33 44 22 11 32 33 32 22 33 32 32 22 44 32 14
1 44 22 33 41 22 14 33 44 32 11 32 33 33 22 33 32 33 23 14 33 11
1 41 23 33 41 22 11 32 44 32 11 32 32 32 22 33 32 33 22 11 32 11
1 11 22 34 41 23 14 32 42 33 14 32 32 22 22 33 32 32 23 11 32 14
1 44 23 44 41 22 44 33 42 33 44 33 32 22 23 33 32 22 23 44 32 14
1 41 23 33 44 22 11 33 42 33 11 33 33 32 23 33 33 33 22 14 33 11
1 44 22 33 44 22 11 33 42 33 14 33 33 33 22 33 33 33 23 14 33 11
1 44 33 33 44 22 11 32 42 33 11 22 33 32 23 33 32 33 23 11 33 14
1 44 23 33 11 33 14 33 42 32 11 32 33 32 23 33 32 33 23 14 33 14
1 11 23 34 44 23 14 33 44 32 44 33 33 32 23 33 32 32 23 14 33 11
1 41 23 33 11 22 14 33 44 32 14 32 33 32 22 33 32 33 23 14 22 11
1 41 23 33 44 23 14 32 42 32 14 32 33 22 22 33 22 22 23 14 32 14
1 44 22 34 41 22 14 32 42 22 14 33 32 22 23 33 22 32 33 44 33 14
1 11 33 34 11 23 14 32 42 32 14 22 33 32 23 33 32 32 33 14 33 44
1 41 22 34 44 22 11 33 44 22 11 22 33 22 22 33 33 33 22 11 33 11
1 41 23 34 41 22 11 33 44 32 14 32 33 32 23 32 22 32 23 14 32 14
1 41 23 33 44 23 14 33 42 32 14 32 33 22 22 32 32 33 22 14 33 44
1 44 23 44 11 23 14 33 44 22 11 33 32 22 23 33 32 32 23 44 33 14
1 41 33 33 41 23 11 33 44 32 11 32 32 22 23 32 33 32 23 11 33 14
1 44 23 33 41 22 14 33 44 33 11 22 33 32 23 33 33 33 22 11 33 44
1 41 22 34 41 22 14 32 44 32 11 32 32 32 22 32 33 22 33 14 32 14
1 11 33 34 41 22 14 33 44 33 11 22 33 32 22 33 22 32 23 44 33 11
1 41 23 44 41 33 11 22 44 22 14 22 32 32 22 32 33 32 33 14 32 44
1 44 23 33 41 22 11 33 42 33 11 33 33 33 22 33 32 33 23 11 33 14
1 44 33 44 11 33 44 22 44 22 44 22 33 32 33 33 22 32 33 14 32 44
1 44 23 34 41 22 14 33 44 33 14 33 32 33 23 33 33 33 23 14 32 11
1 41 23 33 41 23 14 33 44 32 11 22 33 32 23 33 32 22 33 44 33 14
1 44 23 33 11 22 14 32 44 33 11 22 33 32 22 33 32 32 23 14 33 11
1 44 33 33 44 22 11 33 44 33 14 32 33 32 23 33 33 32 22 44 33 14
1 41 33 33 41 33 14 32 22 32 11 32 33 22 33 32 22 32 23 44 32 44
1 44 23 33 41 23 11 33 44 33 11 32 32 33 22 33 33 33 33 11 33 11
1 41 23 33 41 22 14 32 42 22 14 22 33 32 23 33 32 32 33 44 33 14
1 44 23 34 41 22 11 32 42 33 14 32 33 32 22 33 22 32 23 11 33 14
1 44 23 33 41 23 14 33 42 32 14 32 32 22 23 32 32 32 23 14 33 14
1 44 23 33 44 23 11 32 44 33 14 22 33 22 22 33 33 33 22 14 32 14
1 44 22 33 44 22 11 33 44 33 11 33 33 33 22 32 33 33 23 11 33 14
1 44 22 33 11 23 11 22 44 22 11 32 33 32 23 33 33 32 23 44 33 14
1 44 22 34 44 33 44 33 42 33 14 22 32 32 22 33 32 32 33 14 22 11
1 44 23 33 44 22 44 32 44 33 11 32 33 32 22 33 32 33 22 14 33 14
1 41 23 34 41 23 44 32 44 32 14 32 32 32 33 33 32 22 22 14 32 11
1 44 22 34 44 23 14 33 42 32 11 33 33 33 22 33 33 33 23 11 33 14
1 41 23 34 41 23 14 33 42 32 11 32 33 22 33 22 32 32 33 14 32 44
1 11 22 33 41 23 11 33 42 33 11 32 33 33 22 33 33 33 23 14 33 14
1 44 23 33 41 22 14 33 44 33 11 33 33 32 22 33 33 33 23 14 33 11
1 44 23 33 11 23 11 32 44 33 11 32 33 33 23 33 33 33 22 14 33 11
1 44 23 34 44 22 14 22 44 33 11 33 33 32 22 33 22 32 22 14 33 14
1 44 23 34 41 23 14 32 44 32 11 32 33 32 22 33 32 32 22 11 33 11
1 44 23 33 44 22 44 33 44 33 11 32 33 33 22 33 33 33 23 11 33 14
1 44 23 33 41 22 14 33 42 33 11 32 32 32 23 33 32 32 22 11 33 14
1 41 22 33 11 22 14 32 44 32 14 32 33 32 23 33 33 33 23 44 32 11
1 44 23 33 41 22 11 32 44 32 14 32 33 32 22 33 33 32 22 14 33 11
1 44 33 34 11 23 44 32 22 32 14 33 32 32 22 32 33 32 33 44 32 44
1 44 22 34 41 23 14 33 44 32 11 33 33 32 23 33 32 33 22 14 32 14
1 44 23 33 41 22 14 32 42 32 11 33 33 32 23 32 33 33 23 14 32 11
1 44 22 33 44 23 11 33 44 33 11 32 33 33 22 33 33 33 22 11 33 11
1 41 23 34 44 23 14 33 44 33 11 33 33 33 23 33 32 33 22 14 33 14
1 41 23 33 44 22 11 33 42 33 14 32 33 32 22 33 33 33 23 14 33 14
1 44 23 44 44 22 44 32 44 33 11 22 32 32 23 33 32 33 23 14 33 14
1 41 23 34 11 23 14 22 42 22 14 22 32 32 23 32 32 32 23 14 32 14
1 41 22 33 41 23 11 32 44 32 11 33 32 33 23 33 32 33 33 14 33 11
1 44 22 33 11 22 11 33 44 33 11 33 33 33 22 33 32 33 23 11 33 11
1 11 33 33 41 23 44 32 44 22 44 22 32 22 22 32 22 32 33 14 32 14
1 44 23 33 41 23 11 33 42 33 11 33 33 32 22 33 32 32 33 11 33 14
1 44 22 33 44 22 11 33 44 32 11 32 32 33 23 33 33 32 22 14 33 14
1 44 22 33 11 22 14 33 42 32 14 32 33 33 23 32 33 33 23 14 33 11
1 44 33 33 41 22 14 33 44 33 11 32 33 33 23 33 32 33 22 14 32 11
1 41 22 44 11 33 14 32 42 32 44 22 32 32 23 32 22 33 33 44 32 44
1 44 22 33 44 23 44 33 44 32 44 32 33 33 22 33 32 33 22 11 33 11
1 41 23 34 41 22 11 33 44 33 14 22 33 32 22 33 33 33 23 44 33 14
1 44 22 33 44 22 14 32 44 33 11 33 33 32 22 32 33 33 33 44 33 11
1 44 22 34 44 23 11 22 42 33 11 32 33 22 22 33 32 33 22 11 33 11
1 44 23 33 44 22 11 32 44 32 11 33 33 33 23 33 33 33 23 11 32 14
1 41 23 33 11 22 14 32 42 32 14 32 33 22 23 33 22 22 33 14 32 14
1 44 22 33 41 22 14 33 42 22 11 33 33 32 22 33 32 33 22 14 32 11
1 44 33 33 41 22 14 32 44 33 14 32 33 32 22 33 32 22 23 11 33 14
1 44 22 33 44 23 11 33 42 32 11 32 33 32 22 33 33 33 23 11 33 11
1 44 23 33 11 23 44 33 42 32 11 32 32 32 23 33 22 32 23 14 32 11
1 44 22 33 41 22 14 33 44 33 11 33 33 33 22 33 33 33 22 11 32 11
1 41 22 33 41 22 11 32 44 33 14 32 33 33 23 33 32 33 22 44 32 14
1 44 33 33 11 23 11 32 44 33 11 32 33 32 22 32 22 32 22 14 33 14
1 44 23 33 41 22 11 32 42 33 11 32 33 32 23 33 33 33 23 14 32 14
1 44 23 34 41 22 14 32 44 33 11 33 33 33 22 33 32 33 23 11 32 14
1 44 23 33 11 23 14 33 42 32 11 22 22 32 33 33 32 32 23 44 32 11
1 44 23 33 44 22 14 33 44 32 11 33 33 33 22 33 33 33 22 14 33 14
1 41 22 33 44 22 14 33 44 32 11 33 33 32 22 33 33 33 23 14 33 44
1 41 33 34 11 22 11 33 44 32 11 33 33 33 22 33 33 22 23 11 33 14
1 44 22 33 41 22 14 32 44 33 11 32 33 22 23 33 32 33 23 11 33 14
1 11 33 33 44 22 14 33 44 32 14 22 32 32 22 33 33 32 22 44 33 44
1 44 23 33 41 33 11 33 44 33 14 32 33 32 22 33 33 22 22 44 33 11
1 44 22 33 44 22 11 33 44 32 11 32 33 32 22 33 33 33 23 11 33 11
1 41 23 34 44 22 11 32 44 32 14 32 32 33 23 33 32 32 33 14 32 14
1 44 22 33 44 23 14 32 44 32 14 32 33 22 23 33 32 32 23 11 33 14
1 44 22 33 41 22 11 33 44 33 11 32 33 33 23 33 32 32 22 14 33 11
1 44 23 33 41 23 11 32 44 33 11 32 33 33 22 33 33 22 23 11 33 14
1 41 23 33 44 33 11 33 42 22 11 32 33 32 22 33 33 22 22 14 33 14
1 44 23 34 11 22 14 32 42 32 14 33 33 32 23 32 32 32 23 14 33 11
1 44 23 33 44 23 14 33 44 33 11 33 33 32 22 33 32 33 23 14 33 11
1 44 22 34 44 22 11 33 44 32 14 33 33 32 22 33 32 32 23 14 33 14
1 44 23 34 44 22 14 32 44 32 11 32 33 33 23 32 33 32 23 14 33 11
1 44 23 34 41 23 14 33 22 33 14 22 32 22 22 33 33 22 23 14 33 11
1 41 33 33 41 22 11 32 44 33 44 32 32 22 23 33 22 32 23 14 33 14
1 44 23 34 41 23 14 32 44 32 44 33 32 32 22 33 32 22 33 14 32 14
1 44 23 33 41 23 14 33 44 33 14 33 33 33 23 33 33 33 33 11 33 11
1 44 33 34 41 22 44 33 44 33 11 32 32 22 23 32 33 22 23 14 33 14
1 44 23 33 41 22 14 33 44 33 14 32 33 33 23 33 33 33 23 11 33 11
1 44 22 33 44 22 11 33 44 33 11 33 33 33 22 33 32 33 22 11 33 14
1 44 22 33 11 22 14 32 42 33 11 33 33 32 22 33 32 32 23 14 33 44
1 44 23 33 41 23 11 32 44 33 11 33 33 32 22 33 33 33 22 14 33 11
1 41 23 34 11 23 14 32 42 33 11 32 32 32 23 32 22 32 23 14 32 14
1 44 22 33 11 22 11 33 44 33 14 33 33 32 22 33 32 33 23 14 33 11
1 44 22 34 44 22 11 33 44 32 11 32 33 22 22 33 32 32 22 11 33 44
1 44 22 34 44 23 11 33 44 33 11 32 33 32 33 33 32 32 23 14 33 14
1 44 22 33 11 22 11 33 44 32 11 32 33 32 22 33 32 32 22 11 33 14
1 44 23 33 41 33 14 33 44 32 11 32 33 32 22 33 33 32 23 44 32 14
1 41 33 33 44 22 11 33 42 32 14 22 33 33 23 33 22 32 23 11 33 14
1 41 22 34 41 23 14 33 44 32 11 32 33 22 22 33 33 22 23 14 33 11
1 44 23 34 44 22 11 33 44 32 14 22 33 22 22 33 33 32 33 11 33 44
1 44 33 34 41 23 44 32 44 32 14 32 32 32 23 33 32 22 23 14 32 14
1 41 22 34 41 23 44 33 42 32 14 32 33 32 33 32 32 22 33 14 32 14
1 44 22 33 41 22 14 33 44 32 14 22 33 32 22 33 22 32 33 14 33 11
1 41 23 33 41 23 14 32 44 32 11 32 32 32 22 33 32 22 23 14 22 14
1 44 23 33 41 23 14 32 44 32 11 32 33 32 22 33 32 33 23 14 33 14
1 44 23 33 41 22 11 33 44 33 11 33 33 33 22 33 32 33 22 14 33 11
1 41 22 33 41 23 11 33 42 22 14 22 33 32 22 33 32 32 23 14 33 14
1 44 23 33 44 22 14 33 44 32 11 32 33 33 22 33 33 33 22 14 33 14
1 44 23 33 11 22 11 33 44 33 11 33 33 32 23 33 33 33 22 44 33 11
1 44 23 33 11 22 14 33 42 33 11 32 32 32 23 33 33 32 33 14 33 14
1 41 22 34 41 22 14 32 44 32 11 22 33 22 23 33 32 33 22 14 33 11
1 44 22 33 44 22 11 33 44 32 11 32 33 32 22 33 33 32 22 11 33 11
1 44 22 33 41 23 11 33 44 33 11 33 33 33 23 33 33 33 22 11 33 11
1 44 23 33 44 22 14 32 44 33 11 32 33 22 22 33 33 33 23 14 33 14
1 44 22 33 41 22 14 33 42 22 14 33 33 32 22 33 32 32 22 14 33 11
1 41 23 44 41 22 14 33 42 22 14 33 33 32 33 33 22 32 22 44 33 11
1 44 22 33 41 23 14 33 42 33 11 33 33 32 22 32 32 33 22 14 32 14
1 44 23 34 44 22 14 32 44 32 11 33 33 32 23 33 33 33 23 11 33 14
1 11 22 33 41 23 14 33 44 33 44 33 33 22 22 33 32 32 23 11 33 14
1 44 22 34 41 33 44 32 44 22 11 22 33 32 22 32 32 33 33 14 33 14
1 44 22 33 11 23 14 22 44 32 14 22 33 22 33 33 32 32 33 11 32 44
1 44 23 33 41 23 14 32 44 32 14 32 33 32 23 33 32 32 23 11 32 14
1 44 33 33 41 23 14 33 42 32 14 32 33 33 22 33 33 33 33 44 33 11
1 41 22 33 41 23 14 33 44 32 14 22 33 33 22 33 32 32 23 44 33 11
1 44 23 34 44 22 14 32 44 32 14 33 33 32 22 33 32 33 23 11 33 14
1 44 23 33 44 23 14 32 42 33 14 32 33 33 23 33 32 33 23 14 33 11
1 41 23 33 41 23 11 33 44 32 14 32 33 33 23 33 33 33 23 11 33 14
1 44 23 34 11 23 11 33 44 32 11 22 33 22 23 33 22 22 33 11 32 11
1 44 23 34 41 23 14 33 44 32 14 32 32 32 22 33 32 32 23 11 33 11
1 44 22 33 44 22 11 33 44 32 11 33 33 33 22 33 32 33 22 11 33 11
1 44 23 33 41 23 11 33 44 32 44 33 32 33 23 33 22 32 23 14 32 11
1 44 23 33 44 23 44 32 42 32 14 32 33 32 22 32 33 33 23 14 32 14
1 44 23 34 41 22 14 33 44 33 11 32 32 32 22 33 33 32 22 14 33 14
1 44 22 33 11 23 14 32 44 22 11 32 33 33 23 32 32 32 33 44 32 14
1 44 23 44 11 33 11 32 42 22 11 32 33 22 23 32 33 33 33 44 33 44
1 41 23 34 41 23 14 33 44 32 14 32 33 32 23 32 32 22 23 14 33 14
1 44 23 33 41 22 14 33 44 33 14 32 33 22 22 33 33 33 22 11 33 14
1 44 22 33 44 23 11 33 44 32 14 32 33 33 22 33 33 33 23 14 33 14
1 11 23 33 11 23 14 33 42 32 14 32 32 32 23 32 32 32 23 11 33 14
1 44 23 33 41 23 14 33 44 32 14 33 33 33 23 33 32 33 23 14 33 14
1 44 23 34 41 23 11 33 44 33 11 32 33 33 22 33 22 33 22 14 32 14
1 41 23 34 41 23 14 33 42 32 14 32 32 32 23 32 32 22 23 11 33 14
1 44 22 33 44 22 14 33 44 33 11 32 33 33 22 33 22 32 23 14 33 11
1 11 23 44 11 23 14 33 42 33 11 33 32 32 22 33 32 22 33 14 32 14
1 41 23 33 11 22 14 32 42 32 11 32 32 33 22 33 32 32 23 11 32 44
1 41 23 33 44 23 14 33 42 32 11 32 32 32 22 32 33 32 33 14 33 14
1 41 23 33 41 22 14 33 44 33 11 32 33 32 22 33 33 33 33 14 33 11
1 44 22 33 44 23 14 33 44 32 11 32 33 33 22 33 22 33 23 14 33 14
1 44 23 34 41 22 14 32 42 32 11 33 33 32 22 33 32 33 22 11 33 11
1 44 23 33 44 22 11 33 44 32 14 22 22 33 22 33 22 32 33 11 32 11
1 41 23 34 41 23 14 32 42 32 14 33 33 33 22 33 33 22 23 44 32 11
1 44 23 33 41 23 14 33 44 32 11 32 33 22 22 33 32 32 33 44 33 11
1 44 33 33 44 23 14 33 44 32 11 33 33 32 22 33 33 33 23 14 32 14
1 44 33 33 11 22 14 32 44 33 11 33 33 32 22 33 33 32 22 11 33 14
1 44 23 34 44 22 11 33 44 32 11 32 33 33 23 33 33 32 23 11 22 11
1 44 22 44 11 23 44 32 42 32 14 22 33 22 22 32 33 22 23 11 32 14
1 41 33 33 44 23 11 33 42 33 14 33 33 22 22 33 32 32 23 44 32 14
1 41 23 34 41 22 11 33 42 33 11 33 33 33 22 33 33 33 22 14 33 11
1 44 23 34 41 22 11 32 42 32 14 22 33 22 22 33 32 32 23 11 33 11
1 44 33 33 44 23 11 33 44 22 11 32 33 32 23 33 22 32 33 14 33 11
1 44 33 33 41 23 14 33 42 32 11 22 32 22 22 32 32 32 23 44 33 14
1 41 22 33 11 23 44 33 42 32 11 22 33 32 22 32 32 32 23 14 32 11
1 44 23 34 41 23 14 32 44 33 11 22 33 33 23 33 22 32 23 44 32 11
1 44 22 33 44 22 11 33 42 33 14 32 33 33 22 33 32 33 22 14 33 11
1 11 23 44 11 23 44 32 42 32 14 32 32 32 22 33 22 22 33 44 33 14
1 41 22 33 41 22 11 32 44 33 11 33 33 33 23 32 32 32 22 11 33 14
1 41 23 33 41 23 44 33 42 32 11 22 33 32 23 32 32 32 23 11 33 14
1 44 23 34 41 23 14 33 42 32 11 32 32 32 22 33 32 32 23 44 32 14
1 44 23 33 41 22 11 33 42 32 14 33 33 33 23 33 33 33 22 14 33 14
1 44 22 33 44 22 11 33 44 33 11 33 32 32 23 33 33 32 23 14 33 14
1 41 22 33 44 23 14 33 44 22 11 22 32 32 22 33 32 32 23 14 33 14
1 44 22 33 41 22 11 33 44 33 11 33 33 33 22 33 33 33 23 11 33 11
1 44 23 33 44 23 11 32 44 32 14 32 33 32 22 33 33 32 23 14 32 11
1 44 23 33 41 22 11 33 44 32 11 22 33 32 23 33 33 32 23 14 32 14
1 41 22 33 44 23 11 32 44 22 14 33 33 32 23 32 32 32 22 14 32 14
1 41 23 34 41 23 14 32 42 32 14 22 32 32 23 32 32 32 22 14 32 14
1 11 22 33 44 22 11 33 44 33 11 33 33 32 23 33 32 33 22 14 33 14
1 44 33 33 44 22 44 32 42 32 14 22 33 22 22 33 22 22 23 14 33 44
1 41 23 34 41 23 11 32 44 22 14 32 33 32 23 32 33 32 33 14 33 44
1 41 22 34 44 22 11 32 42 33 11 32 32 32 22 33 33 33 23 11 32 11
1 44 23 33 41 23 14 33 42 33 44 22 33 32 23 33 33 32 23 14 33 11
1 44 23 34 41 22 11 33 42 32 11 33 32 33 22 33 33 33 22 14 33 11
1 44 23 33 44 23 44 32 42 32 11 32 33 33 23 33 32 33 22 44 32 14
1 11 23 33 41 23 11 32 44 22 14 32 33 22 23 22 22 22 23 44 33 14
1 44 23 33 41 23 11 33 44 33 14 32 33 22 22 33 32 33 23 14 33 14
1 44 23 34 41 22 11 33 42 32 14 32 33 22 23 33 22 32 23 44 32 14
1 44 23 44 41 33 44 33 42 22 11 33 33 32 22 33 32 32 23 14 33 14
1 11 23 33 41 22 14 33 44 32 14 32 33 32 23 33 32 32 23 14 33 14
1 41 23 33 44 22 14 33 44 33 11 32 33 22 23 33 32 32 23 11 33 11
1 44 22 33 44 23 11 33 44 33 11 33 33 33 23 33 33 33 22 11 33 11
1 44 22 33 41 23 14 33 44 32 11 22 33 33 23 33 33 22 22 14 33 11
1 44 22 34 11 22 11 33 44 32 11 33 33 33 23 32 32 33 23 11 33 11
1 41 33 44 41 22 44 32 42 33 11 22 33 32 22 33 33 22 22 14 33 14
1 44 23 33 44 22 14 32 42 22 14 32 33 33 22 32 32 32 23 11 33 11
1 44 23 33 41 22 11 33 42 32 14 32 32 22 23 33 32 33 23 44 32 14
1 44 22 44 41 22 14 33 44 32 11 33 33 32 22 32 33 32 23 14 33 14
1 44 23 33 41 22 11 32 44 32 14 33 33 33 33 33 32 33 23 14 33 14
1 41 22 33 44 23 11 33 42 33 11 33 33 32 22 33 32 33 23 14 33 11
1 41 22 33 44 23 11 33 44 32 14 33 33 32 22 33 33 33 23 14 33 14
1 41 33 34 41 33 11 33 44 32 14 32 32 22 23 32 22 22 33 44 32 14
1 41 22 33 41 22 11 32 42 22 14 32 33 22 23 33 32 22 33 14 32 14
1 41 23 34 41 23 14 33 44 32 14 33 33 33 23 33 32 32 22 11 32 44
1 44 23 33 44 22 11 33 42 33 11 22 32 32 22 33 33 33 22 11 33 14
1 44 23 33 41 23 14 22 44 33 14 33 33 33 22 33 33 32 23 14 33 11
1 44 23 33 41 23 11 33 44 22 11 32 32 32 23 33 22 22 33 14 32 14
1 44 22 33 41 33 11 33 44 33 11 33 33 32 22 33 33 33 22 14 33 14
1 41 23 33 41 22 11 32 44 32 11 33 33 32 22 33 32 32 22 11 32 11
1 44 23 33 41 22 11 32 44 33 11 33 32 22 22 33 32 33 33 14 33 11
1 44 23 33 41 22 11 33 44 32 11 32 33 32 23 33 32 32 23 11 33 11
1 41 23 33 41 23 11 33 42 33 14 33 33 32 23 33 22 33 22 14 33 14
1 44 33 33 11 23 11 33 44 33 11 32 33 22 33 33 32 32 33 14 33 14
1 41 33 34 41 23 14 33 44 32 14 32 32 22 33 33 32 32 23 14 33 44
1 44 23 33 41 23 11 32 42 33 11 32 33 22 22 33 33 32 23 11 32 14
1 41 33 33 44 33 14 32 44 32 11 32 32 22 23 33 32 32 23 14 32 14
1 41 23 44 41 23 14 32 42 32 14 22 33 22 23 32 32 32 23 14 32 14
1 41 22 33 41 22 14 33 44 32 11 22 33 33 23 33 22 33 22 14 32 11
1 41 23 34 41 33 14 33 42 32 11 32 32 32 23 33 32 22 33 11 33 44
1 44 23 34 11 22 14 32 42 22 11 22 32 22 23 33 32 32 33 11 22 14
1 41 23 33 44 22 11 33 42 22 11 32 33 33 23 32 32 32 33 11 33 14
1 44 22 33 41 23 44 33 44 32 11 32 33 22 22 33 32 32 22 14 33 11
1 11 23 34 44 33 14 32 42 33 44 32 33 32 33 33 22 22 23 14 32 44
1 41 33 33 41 23 14 32 44 33 14 32 33 32 23 33 32 22 23 14 33 11
1 41 33 33 41 22 11 32 42 32 11 32 33 22 23 33 32 22 23 14 32 14
1 41 23 34 44 23 11 33 44 33 44 22 33 32 22 33 32 33 23 11 33 14
1 44 33 33 11 23 11 33 44 33 11 33 33 33 22 33 32 33 23 11 33 11
1 44 22 33 44 22 11 33 44 33 11 32 33 32 22 33 33 33 22 14 33 14
1 44 23 33 41 22 14 32 42 32 14 32 33 32 22 33 32 32 23 14 32 11
1 44 22 33 44 23 14 33 44 33 14 32 33 33 22 33 32 32 22 11 32 11
1 41 33 34 44 33 44 32 42 22 14 22 33 22 23 32 32 32 33 44 33 14
1 41 33 34 11 22 14 33 44 22 11 22 32 22 23 32 33 32 33 44 32 14
1 41 23 33 41 22 14 32 44 32 14 32 33 22 22 33 33 32 23 14 32 11
1 44 22 33 44 22 14 33 42 33 11 33 33 33 23 33 32 33 22 14 33 14
1 41 33 44 41 33 44 22 42 22 44 22 32 22 22 32 32 22 23 44 22 11
1 44 23 33 41 23 44 33 44 32 11 22 33 32 22 33 33 33 22 14 33 14
1 41 33 34 44 23 14 32 42 33 14 32 33 32 22 32 32 33 23 14 33 14
1 44 22 33 11 23 11 33 44 32 44 32 33 32 23 33 32 32 33 11 32 11
1 41 33 33 11 33 44 33 22 22 11 32 32 32 33 33 32 32 22 14 32 14
1 44 22 33 41 22 14 32 44 33 14 33 32 33 22 33 33 33 33 11 33 14
1 44 22 33 41 22 14 32 42 32 11 33 32 22 22 33 33 32 22 44 33 14
1 44 22 33 44 22 11 33 44 33 11 33 33 33 22 33 33 33 22 11 33 11
1 44 23 33 44 22 11 33 44 33 11 32 33 33 22 33 33 32 33 11 33 11
1 44 33 34 41 23 11 33 44 33 11 32 33 33 22 33 33 33 22 11 33 14
1 41 22 34 41 23 14 32 42 32 14 32 33 22 23 33 32 33 23 44 32 14
1 44 22 33 44 22 14 33 44 32 11 33 33 33 22 33 32 32 22 11 33 11
1 44 22 33 44 23 11 32 44 33 14 22 33 32 22 33 32 33 33 44 33 44
1 44 33 33 11 23 11 33 44 32 14 33 33 33 23 33 32 32 23 11 33 14
1 44 23 33 41 33 11 32 44 22 14 33 33 33 23 32 32 33 33 14 32 14
1 41 33 44 11 23 44 33 42 32 14 22 32 22 23 32 22 22 23 14 32 14
1 44 22 33 41 22 11 33 42 32 14 32 33 32 22 33 33 33 22 11 33 11
1 44 22 33 44 22 14 33 44 33 14 33 33 32 22 33 33 33 23 11 33 14
1 41 22 34 41 23 14 22 42 32 14 32 32 32 22 33 32 33 23 44 32 11
1 44 22 33 41 23 14 32 44 32 11 33 33 32 22 33 32 32 23 14 33 14
1 44 23 33 44 23 14 33 42 32 14 33 33 32 22 33 32 32 22 44 33 14
1 41 23 34 41 22 11 32 44 32 11 32 33 32 23 33 32 32 23 11 32 11
1 41 33 34 11 22 14 32 22 22 44 22 32 32 23 32 22 33 33 44 22 44
1 44 33 33 41 23 14 33 44 33 11 22 33 32 22 33 32 33 23 44 32 11
1 41 22 34 41 23 14 33 44 32 44 22 33 32 22 33 32 22 22 14 32 14
1 44 23 34 41 33 11 33 42 32 11 32 33 32 23 33 32 33 22 14 32 14
1 44 33 34 41 22 14 33 42 22 14 32 32 22 23 33 32 32 33 14 32 14
1 44 23 33 41 23 11 33 44 32 11 33 33 33 23 33 32 32 23 14 33 14
1 44 22 34 41 23 14 32 42 32 14 32 33 33 22 33 33 32 23 14 32 44
1 41 33 33 11 33 14 32 42 33 11 22 33 32 22 33 32 32 23 44 33 14
1 44 22 33 44 23 11 33 44 33 11 33 33 33 22 33 32 32 23 14 33 11
1 44 23 33 44 22 11 33 44 33 11 33 33 33 22 33 33 32 33 11 33 11
1 41 22 34 11 23 14 33 44 33 11 22 33 32 23 33 33 33 23 11 33 14
1 41 23 34 11 23 44 32 44 32 14 22 33 32 23 32 22 32 23 14 22 44
1 41 33 34 41 22 44 33 44 22 44 32 33 22 23 33 33 32 22 14 32 44
1 41 23 33 41 33 44 22 42 33 44 22 33 22 33 33 32 32 33 44 33 11
1 44 22 34 41 23 14 33 44 32 14 22 33 32 22 33 33 32 33 14 33 14
1 44 23 33 44 23 11 33 44 33 11 33 33 33 22 33 33 33 22 14 33 11
1 41 22 34 11 33 44 32 22 32 11 32 33 33 33 32 32 33 33 44 32 44
1 44 23 34 11 23 11 32 44 32 14 32 33 32 22 32 32 32 33 44 22 11
1 44 23 34 41 22 14 33 42 33 11 32 32 33 22 33 22 33 23 11 33 11
1 44 22 34 11 22 11 32 44 32 44 33 33 33 22 33 33 32 23 11 33 14
1 44 22 33 44 22 11 33 42 33 11 33 33 33 23 33 32 33 23 14 33 11
1 44 22 33 41 22 11 33 44 33 11 33 33 32 22 33 33 33 22 14 33 11
1 41 23 34 11 33 14 32 44 32 14 32 33 22 23 33 32 33 23 11 33 44
1 44 22 33 41 23 44 33 44 33 11 32 33 32 22 33 22 33 23 14 32 11
1 44 23 33 41 22 11 33 44 33 11 33 32 32 22 33 33 33 22 11 33 14
1 41 23 44 41 23 44 33 42 32 11 32 32 32 23 33 22 32 23 14 32 14
1 41 23 34 11 23 44 32 42 32 14 32 32 32 23 32 32 32 23 14 33 11
1 41 33 33 41 23 44 32 42 22 11 33 33 33 22 33 33 32 33 14 32 14
1 44 23 34 41 22 11 33 44 33 11 32 33 32 22 33 33 33 23 14 33 11
1 41 22 33 41 23 14 33 44 32 14 33 32 32 23 32 33 32 23 14 32 14
1 44 23 33 41 22 11 33 42 32 11 33 33 33 23 33 32 22 23 11 33 11
1 44 23 33 11 23 14 33 44 32 44 32 33 22 22 32 33 32 23 44 32 14
1 41 33 33 41 23 44 22 44 32 11 33 33 22 23 33 22 32 22 11 33 14
1 44 22 33 41 22 11 33 42 32 14 32 33 33 23 33 32 32 22 11 32 14
1 44 22 33 41 22 14 33 44 33 11 32 33 33 22 33 22 33 23 11 32 11
1 41 23 33 41 22 14 33 42 32 11 32 33 32 22 33 33 32 23 14 33 14
1 41 23 33 11 22 14 32 42 32 44 32 33 33 23 33 32 32 22 11 32 14
1 41 22 34 41 22 14 33 44 32 14 33 32 33 23 33 33 32 23 14 33 14
1 41 22 33 41 23 14 33 42 32 14 32 33 32 23 32 32 32 23 44 33 14
1 44 22 33 44 22 11 33 44 33 11 33 32 33 22 33 32 33 23 44 33 11
1 41 33 33 41 22 11 33 44 32 11 33 32 32 22 33 33 32 23 14 33 44
1 11 23 33 41 22 14 32 42 32 11 32 33 33 22 33 33 32 23 14 32 14
1 41 23 34 11 33 14 33 42 32 11 33 33 32 22 33 33 33 33 14 32 44
1 41 33 33 41 23 14 33 44 33 11 22 33 32 23 33 33 33 23 14 33 14
1 44 22 33 41 22 44 33 44 32 11 22 33 32 22 33 33 32 23 14 33 11
1 44 22 33 41 22 14 33 42 32 11 32 33 33 22 32 32 32 23 14 33 14
1 44 22 33 41 22 11 32 44 32 14 32 33 33 22 33 33 33 23 14 33 14
1 44 22 33 41 22 11 33 44 32 14 33 33 32 23 33 33 32 22 11 33 44
1 41 22 34 44 23 11 32 44 32 11 32 33 33 22 33 33 33 33 14 33 11
1 44 22 33 44 22 11 33 44 33 11 32 32 33 22 33 33 33 22 11 33 11
1 41 33 34 41 23 14 32 42 32 11 22 32 22 23 32 32 22 23 44 32 14
1 44 22 33 44 22 14 33 44 33 14 33 33 32 22 33 32 32 33 44 33 14
1 41 23 34 41 23 11 33 44 32 11 33 33 32 22 32 32 22 23 44 32 11
1 44 33 33 11 23 14 33 22 32 11 32 32 22 22 33 32 32 23 11 33 14
1 41 23 44 44 23 14 32 44 33 11 22 33 22 33 32 33 33 23 14 33 14
1 44 22 33 41 22 11 33 44 32 11 33 33 33 22 32 33 33 22 11 33 11
1 44 23 33 11 23 44 33 44 32 14 22 32 33 22 33 32 22 23 44 33 14
1 41 23 34 41 22 44 22 44 33 11 33 33 32 23 33 32 33 23 14 32 14
1 41 23 33 41 22 11 33 44 22 11 33 32 32 23 33 32 32 23 14 33 14
1 44 22 33 44 22 14 33 44 33 11 22 32 33 33 33 22 33 23 14 32 11
1 44 22 33 41 23 44 32 44 32 11 22 33 22 22 32 32 32 23 11 32 44
1 44 23 33 11 22 11 33 42 32 14 32 32 33 22 33 33 33 23 11 22 11
1 44 22 33 11 33 11 32 42 32 14 32 33 33 33 33 32 32 22 14 32 14
1 44 22 34 44 22 14 33 44 32 11 32 33 33 22 33 33 33 23 14 32 11
1 44 23 33 11 23 14 33 42 33 11 32 33 32 22 33 32 33 22 11 33 44
1 41 23 33 41 22 11 33 44 33 14 22 33 33 22 33 33 32 33 14 33 11
1 44 23 34 44 23 11 32 44 33 11 32 33 33 22 33 33 32 22 14 33 11
1 44 23 33 44 22 14 32 44 33 11 32 33 33 22 33 32 33 22 11 33 11
1 41 23 33 44 22 11 33 44 32 11 32 33 32 22 33 33 22 33 14 32 11
1 41 23 34 11 22 11 33 42 22 11 32 32 32 23 33 32 33 22 44 32 11
1 11 23 33 41 33 44 32 42 33 14 32 32 22 33 32 22 32 33 14 22 14
1 41 23 34 44 23 11 32 42 32 11 22 32 22 23 33 32 32 33 14 33 14
1 41 22 33 41 22 11 32 42 33 14 33 33 33 23 33 32 32 23 11 33 11
1 41 22 34 11 33 14 22 42 32 11 32 33 33 22 33 22 33 23 14 33 14
1 44 23 34 11 33 14 33 42 32 44 22 33 33 22 32 32 33 23 44 33 14
1 44 23 33 41 33 11 33 44 33 11 32 33 32 22 33 32 32 22 11 32 11
1 44 23 34 44 22 14 33 44 32 11 33 33 33 22 33 33 32 23 14 33 11
1 41 33 33 41 22 44 32 44 32 11 22 33 22 22 33 33 32 33 14 33 11
1 44 22 33 44 22 11 33 44 33 11 32 33 32 22 33 33 33 23 11 33 11
1 44 22 33 44 22 14 33 44 32 14 33 33 32 22 33 33 33 22 14 33 11
1 44 23 33 44 22 11 33 44 33 14 33 33 33 22 33 33 33 23 11 33 11
1 44 22 33 44 22 14 33 44 33 11 33 33 33 22 33 32 33 23 11 32 14
1 41 23 33 41 22 44 33 42 32 11 32 33 22 23 33 32 33 33 14 33 14
1 44 22 33 44 22 11 33 44 33 11 33 33 32 22 33 33 32 23 11 33 11
1 41 23 34 41 22 11 22 42 22 14 33 33 32 33 33 32 33 33 44 33 11
1 41 22 34 41 23 11 32 44 32 11 32 33 32 23 33 33 32 23 14 33 11
1 44 33 33 11 22 11 33 44 33 11 33 33 33 22 33 33 33 23 14 32 11
1 44 33 44 41 22 11 32 44 32 11 32 33 22 23 32 22 32 23 14 32 14
1 41 23 33 41 22 44 32 42 22 11 32 33 32 23 33 33 22 23 11 33 11
1 44 23 44 41 33 11 33 42 32 44 22 32 32 22 33 32 32 23 14 32 14
1 41 23 33 44 22 11 33 44 33 11 32 33 32 22 33 33 32 23 14 33 44
1 41 23 33 44 22 11 33 44 33 11 33 33 33 22 33 33 33 22 14 33 11
1 41 23 33 11 22 14 33 42 22 11 32 32 32 22 33 32 33 23 14 32 11
1 41 22 34 41 22 11 32 44 32 11 32 32 33 22 33 32 33 23 14 33 14
1 11 23 34 41 33 44 32 42 33 44 22 32 32 33 32 33 22 33 11 32 44
1 41 23 34 41 23 11 32 44 22 14 32 33 32 22 33 33 33 23 44 33 14
1 44 22 34 41 33 14 32 42 32 14 22 33 22 33 33 22 22 23 14 32 44
1 44 23 33 41 23 11 32 44 32 11 33 33 32 23 33 33 33 23 44 33 11
1 41 22 33 44 23 14 33 44 32 44 32 33 32 22 33 32 32 22 44 33 11
1 41 23 34 11 33 44 32 44 22 14 32 33 22 23 32 32 32 23 44 33 44
1 44 22 33 44 22 14 33 44 33 11 32 33 32 22 33 33 22 22 11 32 14
1 44 23 33 44 22 11 33 44 33 11 32 32 33 22 33 33 33 22 11 33 14
1 44 23 33 44 23 14 33 44 33 14 33 33 22 22 33 33 22 23 11 33 44
1 41 23 33 41 23 14 32 42 32 11 32 32 32 22 32 32 22 23 44 32 14
1 44 23 33 41 22 11 32 42 32 11 32 33 22 23 33 33 32 23 44 33 11
1 44 33 34 41 22 14 33 42 33 14 22 33 22 23 32 33 32 23 14 22 44
1 44 23 34 11 23 11 33 42 33 14 22 33 22 23 33 33 32 23 14 32 44
1 41 33 33 11 33 14 33 44 22 11 32 32 32 23 33 22 22 33 44 22 14
1 41 22 33 44 22 14 33 44 22 11 32 33 32 23 33 32 33 33 14 33 11
1 41 33 33 41 23 14 33 44 33 14 32 32 22 23 33 32 32 23 11 32 14
1 41 22 34 11 23 11 32 44 32 14 32 33 22 22 33 33 32 23 11 33 11
1 44 23 33 11 22 11 33 42 33 14 32 33 33 23 33 32 33 33 11 33 14
1 41 23 34 41 23 11 33 44 32 11 32 32 32 22 32 32 32 23 14 33 11
1 44 22 33 44 22 14 33 44 33 14 32 33 33 22 33 33 33 22 14 33 11
1 44 22 34 41 22 14 33 44 33 11 32 33 33 22 33 33 33 22 11 32 14
1 44 23 33 11 33 44 33 42 22 14 32 32 22 23 33 22 32 23 14 33 44
1 44 22 33 41 23 14 32 44 32 11 32 33 32 22 32 32 32 23 11 32 14
1 11 23 34 11 23 14 32 42 32 44 22 33 32 22 33 22 32 23 44 33 14
1 41 23 33 11 23 14 33 44 32 14 33 33 33 22 33 32 33 22 11 33 11
1 44 23 33 41 22 14 33 44 33 14 32 33 33 22 33 33 33 23 11 32 11
1 44 23 33 41 23 11 33 44 32 11 32 33 32 23 33 33 32 22 11 33 14
1 44 23 34 41 22 11 32 42 32 14 32 33 32 22 32 33 33 23 14 32 14
1 44 33 33 41 23 11 32 44 32 14 32 33 32 23 33 32 33 23 44 22 11
1 41 23 34 41 23 14 32 42 32 14 22 33 22 23 33 32 32 23 14 32 14
1 44 22 33 41 23 14 32 44 32 11 33 33 22 23 33 32 32 33 14 32 14
1 41 23 34 41 23 44 33 44 33 14 22 33 32 23 33 33 32 23 14 33 14
1 41 23 34 41 23 14 32 44 22 11 32 33 32 23 32 32 22 22 14 22 14
1 44 23 33 41 22 14 33 44 22 14 32 33 22 22 32 32 32 22 44 33 14
1 44 23 34 11 23 44 33 42 22 11 32 32 32 22 32 32 32 33 14 32 14
1 44 23 33 44 22 14 32 44 33 11 32 33 33 23 33 33 33 22 44 32 14
1 44 22 34 41 23 11 33 44 33 11 33 33 32 23 33 22 32 33 11 33 11
1 44 22 34 44 22 11 33 44 33 11 33 33 33 22 33 33 33 22 11 33 11
1 41 23 34 44 23 11 32 44 32 14 32 22 32 23 33 33 32 33 14 22 11
1 44 33 33 41 23 11 33 42 22 44 33 32 32 22 32 32 32 23 14 33 14
1 41 22 34 41 22 11 32 44 22 11 22 32 33 23 33 33 33 22 11 33 14
1 41 33 34 41 22 11 32 42 32 14 33 32 32 23 33 33 32 23 14 32 44
1 44 22 33 41 23 14 33 44 33 14 32 33 33 22 33 33 33 22 14 33 14
1 44 22 34 41 22 11 32 42 32 44 32 33 32 22 33 22 32 33 44 33 11
1 41 23 33 41 22 44 32 44 32 11 22 33 33 22 33 32 33 22 11 33 11
1 44 23 33 41 22 11 32 42 32 11 32 33 33 33 33 32 32 23 44 33 14
1 44 23 33 44 22 14 32 42 32 14 33 33 32 23 33 33 32 23 11 33 14
1 44 23 33 41 23 11 33 44 33 11 32 33 32 22 33 33 33 22 14 33 11
1 44 33 33 41 23 11 32 44 22 14 32 32 32 23 33 33 33 22 14 32 44
1 41 23 33 41 23 14 33 42 33 11 32 32 32 22 33 32 32 23 11 32 11
1 44 22 33 11 23 44 32 44 33 14 33 33 33 22 32 33 22 22 11 33 14
1 41 23 34 41 23 44 22 44 32 44 22 33 22 33 33 32 32 33 44 22 14
1 41 23 33 41 22 11 33 44 32 14 32 33 22 23 33 33 32 23 11 33 11
1 41 23 44 11 33 14 32 44 22 11 32 33 32 23 33 32 32 33 44 33 14
1 44 23 33 41 22 11 33 44 32 14 32 32 32 22 33 32 33 33 44 32 11
1 41 22 33 44 33 11 33 44 32 11 33 32 32 22 32 32 32 22 11 32 14
1 41 22 44 41 23 44 33 44 33 14 22 33 22 22 33 33 32 33 14 33 11
1 41 22 33 41 23 44 33 22 22 14 22 33 32 23 32 22 33 33 44 33 11
1 44 22 33 44 22 11 33 44 33 11 33 33 22 22 33 32 32 23 11 33 11
1 44 22 33 44 22 14 33 44 33 14 32 33 33 22 33 32 33 22 11 33 11
1 44 22 33 44 22 11 33 44 32 14 32 33 33 22 33 32 32 22 11 33 11
1 41 23 34 41 23 11 32 42 33 11 33 33 22 23 33 22 33 23 14 32 14
1 11 23 33 41 23 44 32 44 32 11 32 33 32 22 33 32 32 23 44 22 14
1 44 23 34 41 22 14 32 44 32 14 33 33 32 23 33 32 33 23 11 32 14
1 44 23 34 11 23 14 32 22 32 14 32 32 32 23 32 32 32 23 14 32 11
1 41 23 33 41 23 44 33 44 32 11 22 33 32 23 33 32 32 23 44 22 11
1 44 23 33 11 23 11 33 44 32 14 33 33 33 22 33 32 33 23 14 33 14
1 44 33 34 44 33 14 32 42 33 11 32 32 22 33 33 33 32 23 11 32 44
1 44 22 33 41 23 14 32 22 32 44 32 33 22 23 33 33 32 23 14 22 44
1 44 22 33 41 22 14 33 42 22 11 33 33 32 23 32 33 33 23 11 32 11
1 11 23 33 41 22 14 32 42 32 14 32 33 22 22 32 32 32 23 11 22 11
1 44 23 33 11 23 14 32 42 32 14 22 32 22 22 32 22 32 23 44 32 11
1 44 23 34 41 23 11 33 42 33 11 33 22 33 23 33 22 32 23 14 33 11
1 41 22 33 41 23 14 33 44 33 11 32 33 22 22 33 32 33 23 11 33 14
1 44 22 33 44 22 14 32 42 33 11 33 33 33 23 33 32 32 23 14 33 14
1 44 23 33 41 22 44 32 42 32 14 32 33 32 23 33 32 32 23 11 32 14
1 44 23 34 44 22 14 33 44 33 11 33 33 32 22 33 33 32 22 11 33 11
1 44 33 34 11 23 14 32 42 32 14 22 33 32 23 33 32 32 33 44 33 44
1 44 23 34 11 23 44 33 44 22 11 32 33 22 22 33 33 32 22 14 33 14
1 11 22 33 44 23 11 33 42 33 44 33 33 32 22 33 32 33 23 44 33 11
1 44 23 33 41 23 11 33 44 32 11 32 33 32 23 33 32 33 22 14 33 14
1 41 33 33 11 33 14 32 44 32 14 32 32 22 23 33 32 22 33 14 33 44
1 44 33 44 41 23 14 32 22 32 11 22 33 33 23 32 22 33 33 44 32 14
1 41 22 33 41 23 11 33 42 33 14 32 32 32 22 33 22 32 33 11 32 14
1 44 22 33 44 23 14 33 42 33 11 22 33 32 22 33 33 33 22 11 33 11
1 41 23 33 41 33 14 32 42 33 14 22 33 33 22 33 32 32 23 14 22 14
1 44 22 33 41 22 11 33 44 32 11 33 33 22 22 33 33 33 22 11 33 11
1 41 23 34 44 23 14 33 44 32 11 32 32 32 33 32 33 22 22 44 33 14
1 41 23 33 41 23 14 33 42 33 14 33 33 32 22 32 33 33 23 44 32 11
1 11 33 33 11 23 14 32 22 32 44 33 33 32 23 33 32 33 33 14 32 11
1 41 23 33 41 23 14 32 42 32 14 32 32 22 33 22 32 32 23 14 32 44
1 44 23 33 41 23 14 32 42 32 44 33 32 32 23 33 32 33 22 44 33 11
1 41 33 34 41 33 14 32 42 32 11 22 33 22 22 33 32 32 23 14 32 14
1 44 33 34 44 22 11 32 44 32 11 32 33 32 22 32 32 33 22 14 32 11
1 44 22 33 41 22 14 33 44 32 14 32 33 32 22 33 32 33 23 11 32 11
1 44 23 34 11 23 14 32 42 33 11 32 33 32 23 32 22 32 23 44 32 14
1 41 23 33 41 22 11 33 44 33 11 33 33 32 22 33 33 32 22 11 32 11
1 41 22 34 41 23 44 32 44 32 14 32 33 32 22 33 33 33 23 11 33 44
1 41 22 34 11 22 44 32 44 32 14 32 32 33 23 33 33 32 23 44 33 14
1 11 33 44 11 33 44 22 44 22 44 22 32 22 33 32 22 32 33 44 22 14
1 41 23 33 44 22 11 33 44 32 11 32 33 33 22 33 33 22 22 14 33 14
1 41 22 34 41 22 44 32 42 32 11 32 33 22 23 32 32 22 22 44 22 44
1 41 33 34 41 23 11 32 44 22 11 32 22 33 33 22 33 32 23 44 32 14
1 41 33 34 41 22 11 32 42 22 44 32 32 33 22 22 32 32 23 44 32 11
1 44 22 34 44 22 14 33 44 33 11 32 33 32 23 33 32 33 22 11 33 11
1 44 22 33 44 22 14 33 44 33 14 22 33 33 22 33 33 33 23 44 32 11
1 44 22 33 44 23 11 33 44 33 14 32 33 33 22 33 32 32 23 11 33 14
1 44 23 33 44 22 14 32 44 33 11 32 33 32 22 33 33 33 22 14 32 11
1 41 22 33 44 33 14 32 42 32 11 32 33 32 22 32 32 33 33 11 32 11
1 44 23 33 44 22 14 33 44 33 11 33 33 33 22 33 32 33 22 14 33 11
1 44 23 33 44 22 14 33 42 33 11 22 32 32 22 33 33 33 33 14 33 14
1 11 33 34 11 22 11 32 42 32 14 33 32 22 22 22 22 22 33 14 32 14
1 44 22 33 41 22 11 33 44 33 11 32 33 32 22 32 33 33 23 11 33 14
1 44 23 33 11 22 14 32 42 32 14 32 33 22 23 33 32 32 33 14 33 14
1 41 23 33 11 23 14 32 42 32 14 32 33 32 22 33 32 33 23 14 32 11
1 41 22 33 11 22 11 33 22 33 14 32 22 22 22 33 22 33 22 44 33 14
1 44 23 34 11 22 14 33 44 32 14 22 22 32 22 33 33 32 33 44 32 14
1 41 23 33 41 22 11 33 42 22 11 22 33 22 23 33 22 32 23 11 33 44
1 41 33 44 41 22 14 33 44 32 44 22 33 32 33 33 22 22 22 14 33 44
1 44 23 33 11 23 11 33 44 32 11 32 33 32 22 33 33 32 23 11 33 14
1 11 33 34 41 23 14 32 42 22 14 22 33 22 33 32 22 33 33 14 22 44
1 44 23 33 41 33 14 33 42 32 44 32 33 22 22 32 32 33 33 14 22 44
1 41 23 33 41 23 44 32 42 32 14 32 33 32 22 32 32 32 23 44 32 14
1 44 22 33 44 22 14 33 44 32 14 33 33 33 22 33 32 32 22 11 33 14
1 44 23 33 41 22 14 33 44 32 11 22 33 32 23 33 32 33 33 14 33 14
1 11 33 33 41 23 14 33 42 32 44 22 33 22 33 32 22 33 33 44 32 14
1 44 22 34 41 22 14 33 44 32 11 32 33 33 23 32 32 22 33 11 32 11
