 rs10492931 rs17375504 rs12083008 rs7536712
0 11 42 23 33
0 41 22 23 32
0 44 44 23 22
0 44 42 22 33
0 44 42 22 33
0 11 22 23 22
0 44 44 22 32
0 11 22 33 32
0 44 42 22 33
0 41 42 23 33
0 44 44 22 33
0 44 42 22 33
0 41 42 22 32
0 41 44 22 33
0 41 22 23 22
0 41 42 22 32
0 41 42 23 22
0 41 42 23 32
0 41 22 23 32
0 11 42 22 32
0 41 42 23 22
0 44 44 22 33
0 41 44 22 33
0 44 42 23 32
0 11 22 33 22
0 41 42 23 32
0 11 44 22 33
0 11 22 22 22
0 41 42 22 33
0 41 22 33 22
0 41 44 23 22
0 41 42 33 22
0 44 44 22 33
0 41 42 23 22
0 41 42 23 22
0 41 42 22 33
0 44 42 22 32
0 44 44 23 32
0 41 42 22 32
0 41 22 23 22
0 41 44 23 33
0 11 22 23 32
0 41 42 22 32
0 44 44 22 33
0 11 22 23 22
0 41 42 23 32
0 44 44 22 33
0 44 44 22 32
0 11 22 33 32
0 41 42 23 32
0 44 44 22 32
0 44 44 22 33
0 11 22 23 22
0 41 42 23 32
0 41 42 22 32
0 11 22 23 22
0 11 42 33 32
0 11 22 22 22
0 11 42 23 32
0 41 42 23 33
0 41 42 23 32
0 41 42 23 32
0 41 42 23 32
0 44 44 22 33
0 41 42 22 32
0 44 42 22 32
0 41 42 23 33
0 41 42 22 33
0 41 42 23 32
0 41 44 22 32
0 11 42 22 33
0 41 42 22 32
0 44 42 22 32
0 44 44 22 33
0 11 22 22 32
0 44 42 22 33
0 41 42 23 32
0 41 42 23 22
0 41 42 22 33
0 44 44 22 33
0 41 22 22 32
0 44 42 22 33
0 44 42 22 33
0 44 42 23 33
0 44 44 22 33
0 41 42 23 32
0 41 42 22 32
0 44 44 23 33
0 41 22 23 22
0 44 42 22 32
0 44 44 22 33
0 41 42 22 22
0 44 42 22 33
0 44 22 23 32
0 41 42 22 32
0 44 44 22 33
0 41 42 23 32
0 41 42 23 33
0 41 42 22 33
0 41 42 22 32
0 44 44 22 32
0 41 42 22 22
0 44 44 22 33
0 41 42 23 32
0 44 44 23 33
0 11 42 23 22
0 11 42 22 33
0 44 42 22 33
0 41 42 22 32
0 41 42 23 32
0 41 22 23 32
0 44 44 22 33
0 41 22 23 32
0 11 22 23 22
0 44 44 23 33
0 44 42 22 32
0 41 22 23 32
0 44 42 23 33
0 44 42 22 33
0 41 42 23 32
0 41 44 22 32
0 41 22 23 33
0 11 44 22 33
0 11 22 23 22
0 41 42 23 32
0 11 22 23 22
0 44 22 23 32
0 41 22 23 32
0 11 22 23 32
0 41 22 23 33
0 44 44 22 32
0 11 42 22 32
0 41 42 23 32
0 11 22 22 22
0 44 42 22 33
0 44 44 22 33
0 11 22 23 32
0 11 42 22 33
0 41 44 22 33
0 41 42 22 32
0 41 42 23 32
0 11 42 33 32
0 41 42 23 32
0 41 22 22 33
0 41 44 22 32
0 41 42 22 32
0 41 22 23 32
0 11 42 23 32
0 11 22 22 22
0 44 42 23 32
0 41 42 22 32
0 41 22 23 22
0 11 42 23 32
0 41 42 22 32
0 41 22 22 32
0 41 42 22 33
0 11 42 23 32
0 11 42 23 32
0 11 22 23 22
0 41 42 22 32
0 41 42 23 32
0 44 44 22 32
0 44 44 22 33
0 41 42 33 32
0 11 22 23 32
0 41 44 22 33
0 41 42 22 32
0 41 22 33 22
0 41 42 23 32
0 41 42 22 32
0 41 42 22 33
0 44 44 22 33
0 44 42 22 33
0 41 44 22 33
0 41 44 22 33
0 41 42 22 32
0 44 42 22 33
0 41 22 23 32
0 41 42 22 32
0 41 42 23 33
0 44 42 23 33
0 41 22 23 32
0 44 42 23 32
0 41 42 23 32
0 41 42 23 22
0 41 42 23 32
0 11 22 33 22
0 41 42 23 32
0 11 42 23 32
0 41 22 33 22
0 41 42 33 22
0 41 44 23 33
0 41 42 23 32
0 41 42 22 32
0 41 22 33 32
0 41 42 23 32
0 41 42 23 22
0 44 42 22 33
0 44 42 23 33
0 41 42 23 32
0 44 44 23 32
0 11 42 22 33
0 41 42 22 32
0 41 44 22 33
0 44 44 22 22
0 41 42 33 22
0 44 42 22 33
0 44 42 22 32
0 44 42 22 33
0 41 22 22 33
0 41 42 22 32
0 41 22 23 32
0 41 42 22 33
0 11 22 23 22
0 44 42 22 33
0 41 44 22 32
0 41 44 22 32
0 11 42 22 32
0 41 22 23 32
0 11 22 33 22
0 11 22 23 22
0 44 42 22 32
0 44 42 22 33
0 41 42 22 32
0 41 42 22 33
0 44 42 22 32
0 11 22 22 33
0 11 44 22 32
0 41 44 22 32
0 44 42 22 32
0 44 44 22 33
0 41 42 23 32
0 44 22 22 32
0 11 42 22 32
0 44 44 22 33
0 41 42 22 33
0 41 42 22 33
0 41 42 22 33
0 41 42 22 33
0 41 44 22 32
0 44 44 22 33
0 41 42 23 32
0 41 42 22 32
0 41 42 22 32
0 41 44 22 32
0 44 42 22 33
0 44 42 22 33
0 11 22 23 32
0 41 44 23 32
0 41 42 23 32
0 11 42 33 22
0 11 42 22 32
0 41 44 22 32
0 44 44 22 33
0 11 22 23 22
0 41 44 22 32
0 11 42 23 22
0 41 44 22 33
0 44 44 22 32
0 11 22 23 22
0 41 44 22 32
0 11 22 33 22
0 11 22 23 22
0 44 44 22 33
0 41 42 23 32
0 41 44 22 32
0 11 42 22 32
0 41 42 22 33
0 11 44 22 33
0 11 22 33 22
0 41 42 23 32
0 11 22 23 32
0 11 42 23 32
0 41 42 23 32
0 41 22 23 32
0 41 42 22 33
0 44 44 22 33
0 41 42 22 22
0 41 22 33 32
0 41 42 22 33
0 44 44 22 33
0 41 42 22 32
0 11 22 22 22
0 11 42 23 32
0 41 22 23 22
0 44 44 22 33
0 41 42 22 32
0 44 44 23 22
0 41 42 23 22
0 41 42 22 32
0 41 42 22 32
0 44 44 22 33
0 41 42 23 22
0 44 44 22 33
0 41 22 23 32
0 41 22 23 32
0 44 44 22 33
0 44 44 22 33
0 44 42 23 22
0 11 22 33 22
0 44 22 22 33
0 41 42 22 33
0 41 44 22 32
0 44 44 22 33
0 41 42 23 32
0 44 44 22 33
0 44 42 23 32
0 44 44 22 33
0 11 42 23 32
0 41 42 23 32
0 41 44 22 33
0 41 42 22 32
0 41 42 23 32
0 44 44 22 33
0 44 42 22 33
0 41 42 22 32
0 41 22 22 32
0 44 42 22 33
0 41 42 22 32
0 41 42 22 32
0 41 42 23 33
0 11 42 33 22
0 41 42 22 33
0 41 42 23 32
0 11 22 33 22
0 41 42 22 32
0 41 42 23 32
0 11 22 23 22
0 41 22 23 22
0 41 22 22 32
0 44 42 23 32
0 44 44 22 33
0 44 42 22 32
0 11 42 23 32
0 44 42 22 33
0 41 22 33 32
0 44 44 22 33
0 41 42 23 32
0 44 44 23 33
0 41 42 23 32
0 41 42 22 22
0 11 42 23 32
0 41 42 23 32
0 41 22 22 32
0 41 42 23 32
0 11 42 23 22
0 44 42 22 32
0 11 22 23 22
0 44 42 22 33
0 11 22 33 22
0 11 42 23 32
0 41 42 23 33
0 11 22 23 32
0 11 22 23 22
0 44 22 23 33
0 41 42 22 32
0 44 44 22 33
0 41 42 23 33
0 41 42 22 32
0 44 42 22 33
0 41 44 22 33
0 41 44 22 32
0 41 42 23 32
0 41 42 23 22
0 11 42 23 22
0 44 44 22 33
0 41 42 22 33
0 41 42 23 32
0 11 22 23 22
0 41 42 22 32
0 44 42 22 33
0 44 44 22 33
0 41 42 23 32
0 44 44 22 32
0 44 44 22 32
0 11 42 23 33
0 11 42 22 32
0 44 42 22 33
0 41 42 23 32
0 11 22 23 22
0 44 44 22 33
0 44 44 22 33
0 41 42 22 32
0 11 22 23 32
0 44 44 22 33
0 41 42 22 33
0 41 42 23 22
0 44 44 22 33
0 11 22 33 22
0 44 42 23 33
0 44 42 22 33
0 41 22 23 32
0 41 42 22 32
0 11 42 22 32
0 41 42 23 32
0 41 42 22 32
0 44 42 22 33
0 44 44 23 32
0 11 22 22 33
0 41 44 22 32
0 44 44 22 32
0 41 42 23 32
0 41 42 33 22
0 41 42 33 32
0 44 44 22 33
0 44 44 22 33
0 41 42 23 32
0 44 22 23 33
0 41 42 22 33
0 44 42 22 32
0 41 22 23 32
0 41 44 22 32
0 44 42 22 33
0 41 44 22 33
0 41 22 23 33
0 41 42 23 32
0 41 42 22 32
0 41 42 23 32
0 44 42 22 32
0 41 42 23 33
0 11 44 22 32
0 44 44 22 33
0 44 42 23 32
0 41 44 22 33
0 41 42 23 32
0 44 44 22 33
0 44 44 22 33
0 41 42 23 32
0 44 44 22 33
0 41 42 22 32
0 41 42 22 33
0 44 44 22 33
0 44 42 22 32
0 41 42 23 32
0 44 42 33 32
0 41 44 22 32
0 44 44 22 33
0 11 22 33 32
0 44 42 22 33
0 41 22 23 32
0 41 42 22 33
0 41 42 23 32
0 41 42 23 32
0 41 42 22 33
0 41 42 22 33
0 11 44 23 22
0 11 42 33 22
0 41 42 23 32
0 11 22 23 22
0 44 44 23 32
0 41 42 23 22
0 41 42 22 32
0 44 42 22 33
0 44 44 22 32
0 44 44 22 33
0 44 44 22 32
0 41 42 22 33
0 41 44 22 22
0 44 44 22 32
0 41 22 23 32
0 11 42 23 22
0 41 42 23 33
0 11 22 33 22
0 44 44 23 33
0 44 44 22 32
0 11 42 22 32
0 44 44 22 33
0 11 22 23 22
0 41 42 22 33
0 41 44 23 32
0 44 44 22 33
0 44 42 22 32
0 41 42 23 32
0 41 42 22 33
0 41 42 22 33
0 41 42 23 22
0 41 22 23 33
0 44 44 22 33
0 44 42 22 33
0 44 44 22 33
0 41 22 23 32
0 41 42 22 32
0 41 42 22 32
0 41 42 23 32
0 41 42 23 32
0 41 42 22 32
0 41 42 23 32
0 41 42 23 22
0 44 44 22 33
0 44 44 22 32
0 44 44 22 33
0 44 44 22 33
0 41 42 23 32
0 41 42 23 32
0 11 42 33 33
0 41 42 22 33
0 41 22 23 32
0 41 22 23 33
0 11 22 23 22
0 11 42 33 32
1 41 44 23 33
1 41 42 23 32
1 44 44 22 32
1 41 42 23 33
1 41 42 22 32
1 41 42 22 32
1 41 42 23 32
1 44 44 22 33
1 41 42 22 32
1 41 42 23 32
1 41 22 22 33
1 44 44 22 33
1 44 44 22 33
1 44 44 22 33
1 41 42 22 32
1 41 42 22 32
1 41 44 22 32
1 11 42 22 22
1 11 42 33 32
1 41 44 22 33
1 11 22 22 32
1 44 44 22 33
1 41 42 22 33
1 44 44 22 33
1 41 22 22 33
1 41 44 23 33
1 41 44 22 32
1 11 22 33 22
1 41 42 23 32
1 41 42 22 33
1 41 44 23 33
1 41 42 22 32
1 41 22 23 32
1 11 42 23 33
1 44 44 22 33
1 11 42 23 22
1 41 44 23 32
1 11 22 23 32
1 41 44 23 32
1 44 42 22 33
1 44 44 22 33
1 41 44 22 33
1 41 22 22 33
1 44 44 22 32
1 44 44 22 33
1 44 44 22 33
1 44 44 22 32
1 41 22 23 22
1 41 42 22 32
1 44 42 22 33
1 11 42 23 32
1 44 44 22 33
1 11 22 23 32
1 41 22 23 32
1 44 44 22 33
1 41 42 22 32
1 41 42 23 32
1 44 42 22 32
1 41 42 23 32
1 11 22 33 22
1 41 42 23 32
1 41 42 23 32
1 11 22 23 22
1 41 42 23 33
1 11 44 22 32
1 41 22 23 32
1 41 42 23 32
1 41 44 23 33
1 41 44 22 33
1 41 22 22 22
1 11 42 23 32
1 41 42 23 32
1 41 44 22 33
1 41 44 22 32
1 11 42 22 22
1 44 44 22 33
1 11 42 23 32
1 41 42 23 32
1 41 42 33 32
1 41 42 23 32
1 44 42 22 33
1 11 42 33 32
1 41 42 22 33
1 44 44 23 22
1 41 44 23 33
1 44 44 22 33
1 41 42 23 33
1 41 42 23 32
1 11 42 23 32
1 11 22 23 22
1 44 44 23 32
1 41 22 33 32
1 41 42 23 33
1 41 22 33 33
1 41 22 23 32
1 11 22 22 32
1 41 42 22 32
1 44 42 23 33
1 41 22 33 22
1 41 42 23 33
1 41 42 23 32
1 41 44 22 32
1 41 44 22 33
1 11 22 23 32
1 41 44 22 32
1 41 22 22 32
1 41 42 23 32
1 44 22 23 33
1 41 44 23 22
1 11 44 22 33
1 41 42 23 33
1 41 42 23 32
1 41 42 23 32
1 41 42 23 32
1 44 42 23 32
1 44 44 22 33
1 44 42 22 33
1 44 42 22 33
1 41 44 22 32
1 44 44 22 33
1 44 44 22 33
1 41 42 23 32
1 41 22 23 32
1 11 22 33 32
1 44 42 22 32
1 44 42 22 32
1 41 44 22 33
1 41 44 22 33
1 44 42 23 32
1 41 42 23 32
1 11 42 22 22
1 41 42 22 32
1 41 22 22 32
1 41 22 22 32
1 41 42 23 32
1 41 42 22 32
1 11 42 22 32
1 44 44 22 33
1 44 44 22 32
1 41 42 33 32
1 11 42 22 33
1 41 42 23 33
1 41 42 23 32
1 44 42 22 33
1 11 22 33 22
1 44 44 22 32
1 41 42 22 32
1 41 22 23 22
1 41 42 23 32
1 11 22 33 22
1 44 44 23 32
1 41 42 23 32
1 11 22 23 33
1 41 42 22 32
1 41 42 22 33
1 11 42 23 22
1 41 42 23 32
1 44 44 22 33
1 11 42 33 22
1 11 42 22 33
1 41 42 23 32
1 44 42 22 32
1 41 42 23 32
1 44 44 22 33
1 41 42 22 33
1 44 42 23 33
1 41 42 23 32
1 41 22 33 22
1 41 44 22 32
1 41 44 23 33
1 41 42 23 32
1 44 42 22 32
1 41 44 22 33
1 41 22 22 22
1 44 42 23 32
1 41 42 22 32
1 41 42 23 32
1 41 42 23 33
1 44 44 22 32
1 44 44 22 32
1 41 44 22 32
1 41 42 23 32
1 41 22 23 33
1 44 42 22 32
1 41 22 23 22
1 44 44 22 32
1 41 44 22 33
1 44 42 22 33
1 44 42 22 32
1 41 42 23 32
1 41 44 23 33
1 44 44 23 33
1 44 44 22 33
1 41 42 22 33
1 41 22 23 22
1 41 42 22 33
1 44 42 22 33
1 41 42 23 33
1 41 42 23 32
1 44 44 22 33
1 41 42 23 32
1 41 44 22 32
1 41 44 22 32
1 11 22 23 32
1 41 42 22 32
1 44 44 22 32
1 41 42 23 32
1 41 42 23 32
1 11 42 23 32
1 41 42 22 33
1 44 44 22 33
1 44 42 22 33
1 41 22 23 22
1 11 42 23 22
1 11 42 22 33
1 11 42 33 32
1 44 42 22 32
1 41 42 23 32
1 44 42 22 33
1 11 22 33 32
1 44 44 22 33
1 41 44 23 33
1 11 22 33 32
1 41 42 23 32
1 41 42 22 32
1 44 44 22 32
1 44 42 22 33
1 11 42 23 22
1 41 42 22 33
1 41 44 22 32
1 44 42 22 33
1 41 42 23 32
1 44 42 22 32
1 44 42 22 32
1 41 22 23 32
1 44 44 22 33
1 11 22 33 22
1 44 42 22 32
1 41 44 22 33
1 41 42 23 32
1 41 42 22 33
1 44 44 22 33
1 44 44 23 33
1 44 44 23 32
1 41 44 22 33
1 11 22 33 22
1 11 42 22 33
1 41 42 23 22
1 44 44 23 33
1 11 42 22 22
1 11 42 23 32
1 11 22 33 22
1 41 42 22 33
1 41 42 23 32
1 11 42 23 32
1 44 42 22 33
1 44 42 22 33
1 11 22 33 32
1 41 42 23 32
1 41 44 23 33
1 41 44 22 33
1 11 22 23 32
1 41 42 23 32
1 11 44 23 32
1 44 44 22 33
1 11 42 23 22
1 44 42 22 32
1 44 42 22 32
1 41 42 22 33
1 41 44 22 32
1 11 22 23 22
1 41 22 22 32
1 41 42 23 32
1 44 44 22 32
1 41 22 22 32
1 41 42 23 32
1 44 44 22 33
1 41 44 22 32
1 41 22 33 32
1 41 42 22 33
1 11 44 22 33
1 44 44 22 33
1 41 44 22 32
1 41 22 23 32
1 11 42 33 22
1 11 22 33 22
1 41 42 22 33
1 41 42 22 33
1 44 22 22 33
1 11 22 33 33
1 11 22 33 22
1 41 22 23 32
1 41 22 33 22
1 11 42 22 33
1 44 42 22 33
1 44 42 22 33
1 41 42 23 32
1 11 22 23 32
1 11 42 23 22
1 44 42 22 33
1 41 42 23 32
1 44 44 22 32
1 41 42 23 32
1 41 42 23 22
1 41 42 23 32
1 41 22 23 32
1 41 42 22 32
1 11 22 23 32
1 41 42 23 22
1 41 22 22 32
1 44 44 22 33
1 44 42 22 33
1 44 44 22 33
1 41 22 23 22
1 41 42 23 32
1 44 44 22 32
1 41 22 23 32
1 41 42 23 32
1 41 22 22 32
1 11 22 33 22
1 44 44 22 33
1 41 22 23 32
1 44 42 22 32
1 41 42 22 33
1 44 44 23 32
1 41 42 23 33
1 11 42 23 32
1 41 42 23 32
1 41 42 22 32
1 11 44 22 32
1 41 22 23 32
1 41 42 23 33
1 11 42 23 32
1 41 44 22 33
1 41 42 23 33
1 44 42 22 33
1 11 42 23 22
1 11 42 33 32
1 41 42 23 32
1 11 42 22 32
1 11 22 23 33
1 11 22 22 33
1 11 42 23 32
1 44 42 22 33
1 44 44 22 32
1 41 22 33 32
1 11 22 23 32
1 44 44 22 33
1 41 42 23 32
1 11 42 23 22
1 41 44 22 33
1 41 44 23 32
1 41 22 22 32
1 44 44 22 33
1 41 22 23 32
1 44 44 23 33
1 44 42 22 33
1 11 22 23 32
1 11 22 33 22
1 11 42 23 32
1 41 42 23 32
1 41 42 23 32
1 41 42 22 32
1 41 44 23 32
1 41 42 23 32
1 41 44 22 32
1 41 42 22 33
1 41 44 22 22
1 41 42 22 32
1 41 22 23 33
1 41 42 23 32
1 11 22 23 22
1 41 42 22 33
1 41 42 23 32
1 44 42 23 32
1 41 22 23 32
1 41 42 22 32
1 41 42 23 32
1 41 42 22 32
1 44 44 23 33
1 41 44 22 32
1 44 44 22 33
1 41 42 23 32
1 41 42 23 33
1 41 42 23 32
1 41 44 22 33
1 41 42 23 32
1 11 22 33 22
1 41 42 23 33
1 41 42 22 33
1 41 42 22 32
1 11 22 23 32
1 11 22 23 22
1 41 42 23 32
1 41 42 23 32
1 41 44 23 32
1 11 22 23 32
1 41 44 22 33
1 41 42 22 33
1 11 42 23 32
1 11 22 23 22
1 44 42 23 33
1 41 42 22 32
1 44 22 22 32
1 41 44 22 22
1 41 42 23 32
1 41 42 22 33
1 44 42 23 33
1 41 42 23 32
1 11 42 23 33
1 41 44 22 33
1 11 42 33 32
1 11 22 33 32
1 11 22 23 22
1 11 42 22 33
1 41 44 23 32
1 44 44 22 33
1 41 22 22 22
1 44 44 22 33
1 41 42 22 33
1 44 44 22 33
1 41 42 22 32
1 41 44 22 32
1 11 22 33 22
1 41 42 23 32
1 11 42 22 32
1 11 22 23 22
1 44 44 23 33
1 41 42 22 32
1 44 42 23 32
1 44 44 22 32
1 44 44 22 33
1 44 44 22 33
1 41 22 22 32
1 41 42 22 32
1 41 42 23 32
1 11 22 33 22
1 11 22 23 22
1 41 42 23 32
1 44 42 22 32
1 41 22 33 33
1 41 44 23 32
1 11 42 33 22
1 11 22 33 32
1 11 22 23 22
1 44 42 22 32
1 11 22 33 22
1 41 22 33 33
1 41 42 22 32
1 41 22 23 32
1 44 42 22 32
1 44 44 22 32
1 41 44 22 33
1 41 44 22 33
1 44 42 23 32
1 44 44 23 33
1 44 42 22 32
1 41 42 22 32
1 41 42 23 32
1 41 22 22 32
1 44 44 22 33
1 11 42 23 32
1 41 42 22 32
1 44 44 22 33
1 41 42 22 32
1 11 42 23 32
1 44 42 22 32
1 44 42 22 32
1 41 42 22 32
1 41 42 22 32
1 41 42 23 32
1 41 42 23 32
1 41 42 33 22
1 41 42 33 32
1 44 44 23 33
1 11 22 23 32
1 11 22 23 32
1 44 44 22 33
1 44 44 22 33
1 11 22 22 22
1 41 44 22 33
1 41 42 22 32
1 11 22 23 32
1 11 22 23 22
1 41 44 22 32
1 41 42 23 32
1 41 42 22 32
1 41 22 23 32
1 41 42 22 22
1 44 44 22 33
1 41 42 23 22
1 44 44 22 33
1 11 22 23 32
1 41 22 33 22
1 41 42 22 32
1 11 42 23 32
1 41 42 22 32
1 44 44 22 33
1 11 22 33 22
1 41 42 33 22
