 rs533778 rs12405002 rs643492 rs2806555 rs2806561 rs2806566 rs1738468 rs641032 rs1757044 rs623988 rs676643 rs674386 rs586589 rs588387 rs2746561 rs2806570 rs627304 rs10917360 rs10917362 rs10917363 rs7532266
0 33 34 23 23 14 11 22 11 14 11 41 41 24 23 14 33 23 11 23 33 31
0 32 34 22 33 11 11 24 44 11 44 41 44 22 23 14 23 22 44 22 33 31
0 33 34 22 23 11 13 24 11 14 44 41 11 24 23 14 23 23 41 23 33 33
0 33 44 23 22 14 11 24 11 11 44 44 44 22 23 11 22 22 44 22 33 33
0 32 34 22 23 14 13 22 11 14 44 41 44 22 22 44 23 23 41 23 33 33
0 33 33 22 33 11 13 24 11 11 44 44 44 22 23 14 22 23 44 23 33 33
0 32 33 22 33 14 13 22 11 11 44 41 44 22 22 44 22 23 44 22 33 33
0 33 34 22 23 11 13 22 11 14 11 44 44 22 23 11 23 23 41 23 33 33
0 32 44 22 23 14 13 22 11 14 11 41 41 44 22 44 23 33 44 22 32 31
0 33 33 22 33 11 11 22 11 11 44 44 44 22 22 14 22 22 44 22 33 33
0 33 34 22 22 11 11 22 14 14 41 44 44 24 22 11 22 22 44 22 32 33
0 33 34 22 23 11 11 24 11 14 44 44 44 22 22 11 23 23 11 22 33 11
0 33 33 22 23 11 11 22 11 14 44 44 41 22 22 14 33 23 44 22 33 33
0 33 34 22 23 14 13 22 11 14 44 41 44 22 22 11 23 23 41 22 33 31
0 33 34 22 23 11 11 22 11 11 41 44 44 22 22 14 23 22 44 23 33 31
0 33 44 23 33 14 13 22 11 14 11 41 44 22 23 14 22 23 11 22 22 31
0 32 34 22 33 11 13 24 11 14 41 41 41 24 22 14 23 33 41 33 33 31
0 33 34 23 22 11 11 24 11 14 44 41 44 24 23 14 23 22 11 23 32 31
0 33 44 23 22 11 11 24 11 14 41 41 41 22 23 14 23 23 44 23 33 31
0 22 44 23 23 14 13 22 14 11 11 11 41 22 22 44 23 22 41 23 33 33
0 33 34 23 33 14 11 22 11 11 41 44 44 24 22 14 23 22 41 22 32 33
0 33 33 22 22 11 11 22 11 11 41 41 44 24 22 11 23 22 41 22 33 33
0 33 44 22 23 11 11 22 14 11 44 44 44 22 22 14 23 23 44 22 33 11
0 33 34 23 22 14 13 24 11 14 41 44 44 24 22 14 23 23 11 23 33 31
0 33 34 22 23 11 11 22 14 14 44 44 44 22 23 14 23 23 41 23 32 33
0 22 44 23 33 14 33 22 11 14 41 44 44 22 22 44 23 33 44 23 32 11
0 33 44 23 23 44 13 24 11 14 44 44 44 24 22 14 23 23 11 22 33 31
0 32 34 22 23 14 13 22 11 14 41 44 44 24 23 11 23 23 41 23 33 33
0 33 44 22 33 11 11 44 11 14 44 44 44 22 23 14 23 23 41 22 33 33
0 32 44 22 33 14 13 22 11 44 11 11 44 24 33 14 33 33 41 23 33 33
0 32 34 22 23 14 33 24 14 14 41 41 44 24 23 14 33 23 44 22 32 33
0 32 34 23 23 11 33 24 11 11 44 44 41 24 23 14 33 23 44 33 33 31
0 33 44 22 33 11 11 22 11 11 44 41 41 22 22 14 22 23 41 22 33 31
0 33 34 22 23 14 13 22 11 44 41 44 44 22 22 14 23 22 44 23 33 31
0 33 33 22 23 11 11 24 11 11 41 44 44 22 22 14 33 22 11 22 33 31
0 33 34 22 22 11 11 22 11 14 41 44 44 22 23 14 23 23 11 23 33 33
0 33 34 22 22 11 13 44 11 14 41 44 44 22 23 14 23 23 44 23 33 31
0 33 33 22 22 11 11 24 11 11 44 44 44 22 22 11 22 23 44 22 33 33
0 33 33 22 22 11 11 22 11 14 41 44 44 22 22 14 23 23 44 22 33 33
0 33 44 23 22 11 13 24 11 44 44 44 41 24 23 11 23 22 41 22 32 31
0 32 34 22 22 11 33 22 11 14 44 44 44 24 22 14 23 33 41 22 33 33
0 33 44 22 23 11 11 22 11 44 41 44 44 22 23 44 33 23 44 22 33 31
0 32 44 23 33 14 13 44 14 14 11 41 41 24 23 14 23 23 41 23 33 33
0 33 33 22 23 11 11 22 11 11 11 44 44 22 22 11 22 22 41 23 33 33
0 33 33 22 23 11 11 22 11 11 41 44 44 22 22 11 22 22 41 22 33 33
0 32 44 22 23 14 33 24 14 14 41 44 44 24 23 14 23 33 41 23 32 31
0 33 34 22 33 14 13 22 11 14 44 44 44 22 22 14 23 22 41 22 33 33
0 33 34 22 23 11 13 22 11 14 41 44 44 22 22 14 23 33 44 23 33 33
0 33 34 22 23 11 11 22 11 11 44 44 44 22 23 14 22 23 41 23 33 33
0 33 44 22 23 11 11 22 11 11 41 44 44 22 23 44 23 23 11 22 22 33
0 33 34 23 23 11 11 22 11 11 41 44 44 22 23 14 23 23 41 23 33 33
0 33 44 22 33 11 11 22 11 14 44 41 44 44 22 14 23 33 41 22 32 33
0 32 34 22 23 11 13 22 11 11 41 41 44 22 22 11 22 22 44 22 33 33
0 32 34 23 33 14 13 24 14 14 41 41 44 22 22 44 33 23 41 23 33 31
0 33 34 23 22 11 11 22 11 11 41 41 44 22 22 11 23 22 44 23 33 33
0 33 34 22 22 11 33 22 14 11 41 41 44 24 22 11 23 33 44 22 33 31
0 33 44 22 23 11 11 22 11 14 44 44 44 22 22 14 33 23 44 23 33 33
0 33 34 22 22 11 13 22 11 44 41 11 44 22 22 44 22 22 41 23 32 31
0 33 34 22 22 11 11 22 11 11 11 41 41 22 22 11 33 22 44 22 33 33
0 33 33 22 23 14 11 22 11 11 41 41 44 22 22 11 23 22 44 23 33 33
0 32 34 22 33 14 11 24 14 44 41 41 41 24 22 14 33 23 41 22 32 31
0 33 34 22 33 11 13 24 11 11 44 44 44 24 22 44 33 33 41 23 22 31
0 32 44 23 33 11 13 22 14 14 11 44 44 44 23 14 23 33 41 23 32 33
0 33 34 22 22 11 13 22 11 11 44 44 44 22 22 14 23 23 41 22 33 31
0 33 34 22 22 14 13 24 14 14 44 41 44 24 22 44 23 23 41 22 33 31
0 32 34 23 23 11 13 22 11 14 11 41 44 24 22 14 33 33 44 33 32 31
0 33 33 22 23 11 13 22 11 14 41 44 44 22 22 11 22 23 44 33 33 33
0 33 34 22 23 11 13 24 11 44 44 44 44 24 23 11 23 22 41 22 32 33
0 32 44 22 33 14 11 44 14 44 41 41 41 44 23 11 23 23 11 23 32 31
0 33 33 22 23 11 11 24 11 11 41 41 44 22 22 11 22 23 11 22 33 33
0 32 33 22 23 14 33 22 14 14 41 44 41 24 22 14 23 23 41 22 32 33
0 32 34 23 23 14 33 24 11 14 11 44 11 24 33 44 33 23 41 33 32 31
0 33 44 23 33 14 33 22 44 14 44 41 44 24 23 14 33 33 11 23 33 11
0 33 34 23 22 14 13 24 11 11 41 44 41 22 23 44 33 23 41 22 32 33
0 33 44 22 22 11 13 22 11 11 41 44 44 22 33 14 33 22 41 23 33 33
0 33 33 23 22 14 13 24 11 44 44 44 44 22 23 14 22 33 44 22 32 33
0 33 34 23 23 11 11 24 11 11 11 44 41 24 23 14 33 33 44 23 32 33
0 33 34 22 23 14 33 22 14 14 11 41 41 44 22 44 23 22 41 23 33 31
0 33 44 22 33 11 33 22 14 44 41 44 44 24 23 14 22 23 44 23 32 33
0 33 34 22 33 14 13 24 11 14 44 41 44 24 22 14 23 33 41 22 32 31
0 33 33 22 22 11 13 22 11 11 44 44 41 22 22 11 23 23 44 22 33 33
0 33 34 22 23 11 33 24 11 11 44 44 44 22 22 11 23 23 44 23 33 33
0 33 33 22 33 11 13 22 11 14 41 44 44 22 22 11 22 22 44 22 33 31
0 32 33 22 23 11 11 22 11 11 44 41 44 22 22 14 23 33 44 23 33 31
0 22 34 33 23 11 13 24 11 14 44 44 44 22 22 44 22 33 41 23 33 33
0 33 34 22 23 14 13 24 11 14 41 44 44 24 23 44 23 23 11 22 32 33
0 33 34 22 23 11 11 24 11 11 44 44 44 24 23 14 22 22 11 23 33 31
0 33 34 23 22 11 13 22 11 14 44 44 44 22 22 14 22 22 44 22 33 31
0 33 44 22 22 11 13 22 11 14 44 44 44 22 22 11 23 22 41 22 32 33
0 33 34 22 33 14 13 24 14 14 41 44 44 22 22 14 22 22 11 23 32 31
0 33 34 22 23 11 11 22 11 11 41 41 41 22 33 44 23 23 11 22 32 33
0 33 33 22 22 11 13 22 11 11 41 44 41 22 22 14 22 23 44 22 33 33
0 32 34 23 23 11 11 22 44 44 11 41 41 24 33 14 33 33 41 22 33 31
0 32 34 23 22 11 13 22 14 11 41 41 41 24 23 14 33 23 44 23 32 31
0 32 44 22 33 11 13 22 11 11 41 44 44 22 22 14 33 33 44 22 33 33
0 33 34 22 23 11 13 22 11 11 44 41 41 24 22 14 23 22 41 23 33 33
0 33 33 22 23 11 13 24 11 14 41 44 41 24 23 14 33 23 44 23 33 33
0 33 34 22 23 11 33 24 11 14 41 11 41 24 23 14 23 33 41 22 33 31
0 33 33 23 22 11 13 24 11 44 41 44 44 22 23 44 23 23 44 22 33 33
0 33 34 22 23 14 11 22 11 11 41 44 44 22 23 14 23 23 11 22 33 33
0 33 34 23 22 14 33 24 11 44 41 41 41 22 22 44 33 23 11 23 33 31
0 33 34 22 22 11 11 22 14 11 44 44 41 22 22 44 33 23 41 22 33 31
0 32 33 23 33 14 13 24 11 14 41 41 44 24 22 44 23 23 41 23 33 33
0 33 44 22 33 14 13 24 11 11 11 44 44 22 22 11 23 33 11 22 33 31
0 33 44 22 23 44 13 22 11 44 44 41 44 24 22 14 23 33 41 22 22 33
0 33 33 33 23 11 11 22 11 14 44 44 44 22 23 14 33 22 44 22 33 33
0 33 33 23 33 14 13 24 11 14 11 41 44 24 23 11 23 22 11 22 32 11
0 33 34 22 22 14 33 24 11 11 41 41 44 24 22 14 22 23 41 33 32 31
0 33 34 22 22 11 13 24 11 11 41 41 44 24 22 14 22 23 44 23 33 33
0 33 33 22 22 14 11 44 11 11 44 44 44 22 22 14 23 22 44 22 33 33
0 33 34 22 22 11 11 22 11 11 41 44 44 22 22 14 22 22 41 22 33 33
0 33 33 22 23 14 11 22 11 11 11 44 44 22 22 11 23 22 41 22 33 33
0 32 34 33 23 14 11 22 14 44 41 41 41 22 22 44 23 33 44 22 33 31
0 33 44 22 23 11 13 24 14 11 41 41 41 22 33 14 23 23 11 22 33 33
0 32 34 33 23 11 13 22 11 11 41 44 44 22 22 14 23 23 41 23 32 31
0 33 34 23 33 11 33 24 11 44 11 44 41 24 33 11 23 33 41 33 32 33
0 33 34 22 23 11 11 22 14 11 44 44 44 22 22 11 22 22 44 22 33 33
0 33 33 23 23 14 13 22 11 14 44 41 44 24 22 44 33 23 41 22 32 33
0 33 34 22 33 11 13 24 14 44 41 41 41 22 22 44 23 23 41 23 33 31
0 33 34 22 33 14 13 22 11 14 41 44 44 22 33 14 23 23 41 23 32 33
0 22 44 22 23 11 33 22 11 14 41 44 44 22 22 14 23 23 41 23 33 33
0 33 33 22 22 11 11 22 11 11 41 44 44 22 22 11 33 22 41 23 33 33
0 32 44 22 23 11 11 22 44 11 41 44 44 22 22 11 22 22 41 22 33 33
0 33 34 22 23 14 13 24 11 14 44 41 44 22 22 11 33 23 44 22 33 31
0 33 34 22 33 14 11 24 11 14 41 44 44 22 22 11 23 23 11 23 33 31
0 33 34 22 33 11 11 24 14 11 44 41 44 22 22 14 33 23 44 33 33 33
0 33 44 23 23 11 13 22 14 14 44 41 44 22 22 14 23 23 44 22 33 33
0 33 34 23 22 14 13 22 11 14 41 44 44 22 22 14 23 22 11 23 33 33
0 33 34 22 23 11 13 22 11 11 44 44 44 22 22 14 22 22 44 22 33 33
0 33 44 22 33 14 11 22 11 11 41 41 44 22 33 14 22 23 41 22 33 31
0 33 34 22 23 11 13 22 11 14 44 41 44 22 22 11 22 23 41 22 33 31
0 33 34 23 23 11 11 22 44 14 41 44 44 22 33 11 23 22 44 33 33 31
0 33 34 22 33 11 13 22 14 11 44 44 44 24 22 14 23 22 44 23 33 33
0 32 34 23 33 11 33 24 11 44 44 44 41 44 33 14 23 23 41 23 32 31
0 33 44 23 33 11 33 24 11 14 44 11 41 24 23 44 33 22 11 33 33 33
0 32 34 22 23 11 13 24 11 14 41 41 44 22 22 14 33 23 44 23 32 31
0 32 44 22 33 14 11 24 44 44 41 44 44 22 23 44 33 22 41 23 32 31
0 32 33 22 22 14 13 22 11 11 44 44 44 24 22 11 22 22 41 22 33 33
0 33 34 23 23 14 33 22 11 44 44 11 44 24 22 14 23 23 41 23 32 31
0 33 44 22 22 14 33 24 14 14 44 44 41 22 23 14 22 33 11 23 33 33
0 33 33 22 22 14 13 22 11 11 41 44 44 22 22 11 22 22 41 23 33 33
0 33 44 22 22 11 13 24 11 11 44 41 44 22 22 11 23 22 44 22 33 33
0 32 33 22 22 11 13 24 14 14 41 41 44 22 23 44 22 23 41 33 33 33
0 33 44 22 33 11 11 22 11 14 44 44 11 22 22 44 23 23 44 22 33 33
0 33 33 22 22 11 11 22 11 11 44 44 44 22 22 14 23 22 41 23 33 33
0 33 34 22 22 44 33 44 14 14 41 41 44 24 22 14 33 23 41 23 33 31
0 33 34 22 22 14 33 22 11 14 41 41 44 22 22 14 22 22 41 22 32 31
0 32 44 22 23 11 13 24 11 11 41 44 44 24 22 44 23 23 44 22 33 31
0 33 33 22 23 11 11 24 11 11 11 44 44 22 23 44 22 23 11 33 33 33
0 33 33 22 22 14 11 22 11 11 41 44 44 22 33 11 23 22 41 23 32 33
0 33 34 23 23 14 13 22 11 14 44 41 44 24 23 44 23 33 41 22 32 31
0 32 34 23 22 14 11 24 14 14 41 11 44 24 23 14 23 33 41 23 32 31
0 33 34 22 23 14 13 24 14 14 11 41 41 22 23 44 23 23 44 23 33 31
0 33 34 23 23 14 13 44 14 44 11 44 44 24 33 44 33 23 41 33 32 33
0 33 33 22 22 11 11 24 11 14 41 44 44 22 23 44 22 23 11 22 33 31
0 32 33 22 23 11 11 24 11 11 44 41 41 22 23 11 22 23 11 23 33 33
0 33 33 22 33 11 13 24 11 14 41 41 44 22 22 11 23 22 44 23 33 33
0 33 33 22 22 14 11 24 11 14 11 11 44 22 22 11 33 33 41 22 33 31
0 33 44 33 33 44 33 24 11 44 41 41 41 22 23 14 33 33 11 23 33 31
0 33 33 22 33 11 11 22 11 11 44 44 44 24 33 11 22 23 41 22 33 31
0 33 33 22 33 14 11 24 11 11 44 41 44 22 22 14 23 33 11 23 33 33
0 32 44 22 33 14 33 24 11 14 41 41 44 24 23 14 23 22 41 22 33 31
0 33 34 22 23 11 13 22 11 11 41 44 41 22 23 14 22 23 41 22 33 33
0 33 34 23 23 14 13 22 14 11 41 44 44 24 23 14 33 23 41 22 32 31
0 33 34 22 22 11 11 22 11 11 44 44 44 22 23 11 23 22 44 22 33 33
0 33 34 22 33 44 13 22 14 11 41 41 44 22 22 11 22 33 11 22 32 31
0 33 33 33 22 11 11 24 11 11 44 41 41 24 22 14 22 23 41 22 33 33
0 33 34 22 23 11 13 22 11 14 41 41 44 22 22 44 23 23 41 22 32 33
0 33 34 22 23 14 13 24 14 44 41 11 41 22 22 14 23 22 44 22 32 31
0 32 33 23 23 14 13 24 11 14 44 41 41 22 22 11 23 23 41 23 33 11
0 33 33 23 22 11 11 22 11 14 44 41 44 22 22 11 22 23 44 22 33 33
0 32 33 22 23 11 11 22 11 11 41 41 44 24 22 14 23 23 11 22 32 33
0 33 33 22 23 11 11 22 11 11 44 41 44 22 22 11 23 22 41 22 33 33
0 33 33 22 22 11 11 22 11 11 44 44 44 22 23 14 22 22 44 22 33 33
0 32 44 22 23 11 13 22 14 14 41 41 41 24 23 11 23 23 41 22 33 33
0 33 34 22 23 11 11 24 11 14 44 41 44 24 22 14 22 33 41 22 33 33
0 33 33 23 23 11 11 22 11 11 41 44 44 22 23 14 23 22 41 23 33 31
0 33 33 22 22 11 11 22 11 11 44 44 44 22 22 11 22 22 44 22 33 33
0 33 44 23 22 11 11 22 11 11 44 44 44 22 23 11 23 22 41 22 33 33
0 33 34 23 23 11 13 22 11 14 41 44 44 24 22 14 33 22 41 23 33 33
0 33 34 22 22 14 11 22 11 14 41 44 41 22 33 11 23 22 41 22 33 33
0 33 44 33 33 14 13 24 11 14 41 41 44 22 22 44 23 33 41 22 22 33
0 33 34 23 33 14 11 22 11 14 44 41 44 24 23 11 22 23 11 22 33 33
0 33 44 22 23 14 11 22 14 11 41 44 44 22 22 14 22 22 44 22 33 33
0 33 34 22 23 11 33 24 11 14 11 41 44 22 22 14 22 23 44 22 33 33
0 33 33 22 33 11 11 22 11 14 44 44 41 22 22 14 22 23 44 22 33 31
0 33 33 22 23 11 33 22 11 11 44 44 44 22 22 11 23 23 41 22 32 33
0 33 34 23 23 11 13 22 11 14 44 41 44 24 23 11 23 23 41 22 32 31
0 33 44 23 23 14 11 22 11 44 41 44 41 24 23 11 23 22 41 22 33 31
0 33 33 22 23 11 13 24 11 11 44 41 44 22 22 14 23 22 44 23 33 33
0 33 33 22 23 11 13 22 11 11 44 41 44 22 23 14 23 23 11 23 33 31
0 33 34 22 23 11 11 22 14 14 44 44 44 22 22 11 22 22 44 22 33 33
0 33 34 22 23 11 11 24 11 11 41 41 44 24 22 11 22 23 44 23 33 33
0 33 44 22 23 14 13 24 14 14 11 44 44 24 23 11 23 23 41 22 33 31
0 33 34 23 23 14 13 24 14 44 41 44 41 24 23 14 33 23 11 23 33 31
0 33 33 22 33 11 33 24 11 14 11 41 44 24 22 44 33 23 44 23 33 33
0 33 34 22 22 11 11 22 11 14 41 44 44 22 22 14 33 23 44 23 33 31
0 33 34 33 23 11 13 24 14 11 41 11 44 24 22 14 33 23 41 22 32 33
0 33 44 22 33 11 11 22 44 14 44 11 41 22 23 11 22 23 41 23 32 33
0 32 34 23 22 11 33 44 11 44 44 41 44 24 22 44 23 33 41 23 33 33
0 33 34 22 23 14 13 22 11 14 44 44 44 22 23 11 23 22 44 22 33 33
0 32 34 22 33 14 11 24 14 14 41 41 44 24 23 44 23 33 44 22 32 31
0 33 44 23 23 14 13 22 14 44 41 44 41 24 22 14 22 23 11 33 33 33
0 32 44 33 23 11 13 24 14 14 41 44 44 22 22 44 23 23 44 23 33 33
0 33 33 22 23 11 11 22 11 14 41 44 44 22 23 11 23 23 44 22 33 31
0 33 34 22 22 11 11 24 11 11 44 44 44 22 22 11 22 23 44 22 33 33
0 33 33 23 22 11 33 22 11 14 44 44 41 22 23 14 22 23 44 22 33 31
0 32 34 22 33 11 33 22 11 14 11 41 44 22 23 11 33 33 41 23 33 31
0 32 34 23 23 11 13 44 11 11 44 41 44 24 23 14 23 22 11 33 33 33
0 32 33 22 22 11 11 22 11 11 44 44 44 22 22 14 22 22 44 23 33 31
0 33 34 22 33 44 11 22 11 14 44 41 44 22 22 14 23 23 11 22 32 31
0 33 44 23 23 11 33 22 14 14 41 44 44 22 22 11 23 23 11 23 33 33
0 33 34 23 33 44 13 24 11 14 44 41 44 44 23 14 33 23 41 23 32 31
0 33 34 22 23 11 13 22 11 11 41 44 44 22 23 11 33 22 44 22 33 31
0 32 33 22 22 11 11 22 11 14 44 44 44 22 22 14 22 23 41 23 33 31
0 33 33 23 23 44 13 24 11 11 11 44 41 22 23 11 23 23 41 22 32 33
0 33 34 22 22 14 11 24 11 14 44 44 44 24 23 44 22 22 44 22 33 11
0 33 33 22 33 11 13 22 11 14 41 44 44 24 23 11 22 23 44 22 33 31
0 33 34 22 23 11 11 24 11 11 41 44 41 22 22 14 22 22 44 22 33 33
0 33 33 22 22 11 13 22 11 44 41 41 41 22 22 14 23 23 41 23 32 31
0 33 34 22 22 11 11 22 11 14 41 11 44 22 22 11 23 22 44 23 33 33
0 33 34 23 23 11 13 24 14 11 41 44 41 24 23 44 23 33 41 23 32 33
0 32 34 23 23 11 11 22 14 11 41 41 41 24 22 14 23 33 11 23 33 33
0 33 33 22 22 14 13 22 11 11 44 44 41 22 22 11 33 23 44 23 33 33
0 32 44 22 22 11 11 22 11 11 44 41 41 22 22 44 23 22 41 33 32 33
0 33 33 22 22 11 11 22 14 11 41 44 44 22 22 14 23 22 11 22 33 33
0 33 44 22 23 14 13 22 11 11 41 44 44 24 22 11 33 23 41 23 33 33
0 32 34 22 23 14 11 24 14 14 44 44 44 22 23 14 23 22 41 22 33 33
0 33 33 22 22 14 11 22 11 11 41 44 44 24 22 14 33 33 41 22 22 31
0 33 33 22 23 11 33 24 11 14 41 41 41 24 23 14 33 33 44 22 33 11
0 33 44 22 23 11 13 22 11 14 11 41 44 22 22 11 23 22 41 23 32 11
0 33 33 22 23 14 33 24 14 44 41 44 44 22 22 14 22 23 41 23 32 31
0 32 34 22 33 14 13 22 14 44 41 41 44 24 23 44 33 33 44 23 33 33
0 33 44 22 23 44 13 22 11 44 11 44 44 22 22 11 33 22 41 23 33 31
0 33 33 22 33 11 33 24 14 14 44 11 44 44 22 14 23 33 41 23 33 31
0 33 33 22 22 11 13 22 11 11 44 44 11 22 22 14 23 22 41 33 33 33
0 33 33 22 23 11 13 22 11 14 44 44 11 24 23 14 23 22 41 23 33 33
0 33 33 22 22 11 11 22 14 11 11 44 41 22 22 11 22 33 41 23 32 33
0 33 34 23 33 11 13 22 11 11 41 41 44 44 23 14 23 33 41 22 32 31
0 32 34 22 33 14 11 22 11 11 41 44 44 22 22 14 23 23 44 22 33 31
0 33 33 22 33 11 11 22 14 11 41 44 44 24 23 44 23 23 41 23 33 33
0 32 44 33 33 14 11 44 44 44 41 41 44 24 23 44 23 23 41 23 22 33
0 32 34 23 23 14 11 22 11 11 11 41 41 24 23 11 22 22 41 22 33 33
0 33 33 22 22 14 11 24 11 11 44 44 44 24 22 11 22 22 44 22 33 33
0 33 34 22 23 11 13 22 14 14 44 41 41 24 22 44 33 23 44 33 32 33
0 33 34 22 22 11 33 22 14 14 41 41 41 24 22 14 23 22 44 22 33 31
0 33 44 23 22 11 13 22 14 44 11 44 44 22 22 44 33 22 41 22 33 33
0 33 33 22 23 11 11 22 11 11 44 41 44 22 22 14 23 22 44 23 33 33
0 33 33 22 23 11 13 22 11 14 44 44 44 22 22 11 23 22 44 22 33 33
0 33 34 22 22 11 33 22 11 11 44 41 41 22 23 11 23 22 41 22 33 31
0 33 34 22 23 11 13 22 11 11 44 41 44 22 23 44 23 23 11 22 33 31
0 32 33 23 23 11 11 24 11 11 44 44 44 22 22 44 23 23 41 22 33 33
0 33 33 23 22 11 11 24 11 11 44 44 44 22 23 14 22 22 44 22 33 33
0 33 44 22 22 11 13 22 11 11 44 41 44 22 23 14 23 23 41 23 33 33
0 33 44 33 33 14 11 22 11 11 44 11 44 22 23 14 23 23 41 23 33 31
0 32 34 23 23 14 13 22 11 11 44 44 44 24 23 14 22 23 44 23 32 31
0 33 34 22 33 11 13 22 14 14 41 41 44 22 23 14 23 33 11 22 33 31
0 33 34 22 23 14 33 24 11 14 11 11 41 24 23 44 23 33 11 33 32 31
0 33 34 22 22 11 13 24 14 14 41 44 44 24 23 14 23 23 44 23 32 31
0 33 34 23 23 11 11 22 11 14 44 44 11 22 22 14 23 23 41 23 22 11
0 33 33 22 22 11 11 22 11 14 44 41 44 22 22 11 22 22 41 22 33 33
0 33 34 22 33 11 11 22 11 11 44 44 44 22 22 14 22 22 41 22 33 33
0 33 44 22 22 11 33 24 11 14 11 44 41 24 23 14 33 23 11 23 33 31
0 32 44 23 33 44 33 22 44 44 11 41 41 24 23 44 33 33 11 33 33 33
0 33 34 22 22 11 11 22 14 14 44 11 44 24 22 44 23 22 41 23 33 31
0 33 34 22 23 11 13 24 11 14 44 41 44 22 22 11 33 22 41 22 33 33
0 33 44 22 23 11 13 44 11 14 41 44 44 24 22 11 23 33 11 23 33 31
0 33 33 22 23 11 11 22 11 11 44 44 44 22 22 14 23 23 41 23 33 31
0 32 33 23 22 14 11 22 11 11 41 11 44 24 22 11 23 22 41 22 33 31
0 33 33 23 23 11 11 24 11 14 44 44 41 22 22 11 22 23 44 22 33 33
0 33 33 22 22 11 11 24 11 11 41 44 44 22 22 11 22 22 41 23 33 33
0 33 33 22 23 11 11 22 11 11 41 44 41 24 22 14 23 33 44 23 33 33
0 33 33 22 23 11 13 24 11 11 41 44 44 22 22 14 22 23 11 22 33 33
0 33 34 22 22 11 11 22 11 11 41 44 44 22 22 14 22 23 41 22 33 31
0 33 34 22 22 11 13 22 11 14 44 44 44 22 22 11 23 23 44 23 32 33
0 33 34 22 33 11 13 22 14 11 44 11 41 22 22 44 22 22 11 22 33 31
0 33 34 22 33 14 11 22 11 14 11 44 44 44 23 11 33 23 41 23 33 31
0 33 33 22 22 11 11 22 11 14 44 44 44 22 22 11 22 23 44 22 33 33
0 32 34 22 23 11 11 22 11 11 44 44 44 22 22 44 23 22 41 22 33 33
0 32 33 23 33 11 13 22 11 11 44 44 44 24 23 11 23 22 41 23 33 33
0 32 34 33 23 11 11 44 11 44 11 41 11 22 23 44 33 23 41 33 33 11
0 33 34 22 33 11 13 22 11 14 41 44 44 22 22 11 22 23 44 22 33 33
0 33 34 22 33 11 13 24 11 14 41 41 44 24 23 14 23 33 41 23 32 33
0 32 34 23 23 14 13 44 11 14 44 44 41 24 23 44 33 23 11 22 33 11
0 33 34 22 22 11 11 22 11 11 44 41 44 22 22 11 22 23 41 22 33 31
0 32 34 23 33 14 13 22 11 11 44 41 11 22 23 14 23 23 41 22 33 33
0 33 33 22 33 14 11 22 11 14 41 44 44 22 23 11 33 23 41 22 32 33
0 32 33 23 23 14 13 22 44 11 41 41 41 24 23 14 33 33 41 33 33 31
0 33 34 23 22 11 13 22 11 14 44 44 44 22 22 14 22 22 41 22 33 33
0 33 34 22 22 11 11 22 11 11 44 44 41 22 22 14 22 23 44 22 33 33
0 33 34 23 33 11 33 22 11 14 44 44 44 22 22 14 23 22 41 22 33 33
0 33 44 23 23 14 11 22 11 14 41 41 44 24 22 44 33 23 41 33 22 31
0 33 34 22 33 11 13 22 11 14 44 44 44 22 22 14 23 22 44 22 33 33
0 33 44 23 23 14 13 24 14 14 11 44 41 24 23 14 33 23 41 22 33 31
0 33 33 22 22 11 11 22 11 11 44 44 44 22 22 14 22 23 44 23 33 33
0 33 44 23 23 11 13 24 14 14 11 44 44 44 23 14 33 23 41 23 33 31
0 33 34 23 22 11 13 24 11 11 41 41 44 22 23 14 33 23 11 22 32 31
0 32 34 22 22 14 11 22 11 11 41 44 41 22 23 14 33 33 41 23 32 31
0 32 34 22 22 44 33 24 14 14 44 44 44 22 23 14 23 23 41 33 33 31
0 33 34 23 23 11 13 22 14 14 44 41 41 22 22 44 23 22 41 22 33 11
0 33 34 22 23 14 11 24 14 14 11 11 41 22 23 14 23 33 41 23 33 31
0 33 34 22 33 11 13 22 11 14 44 44 44 22 22 14 23 23 44 23 32 33
0 33 34 22 33 14 13 22 11 11 11 44 44 22 22 11 22 23 44 22 33 33
0 33 33 33 33 14 33 22 11 44 41 11 44 24 22 44 23 23 44 23 33 31
0 33 34 22 23 14 11 22 11 11 44 44 44 24 23 11 22 22 41 23 33 33
0 33 44 22 33 11 11 24 11 11 44 44 44 22 22 44 23 23 44 22 33 31
0 33 44 22 33 11 33 22 14 44 44 44 44 24 23 14 22 33 41 33 33 33
0 33 34 22 33 14 13 24 44 11 41 44 44 22 22 11 23 22 41 22 32 33
0 22 34 22 33 11 13 22 11 14 41 41 44 22 23 44 22 23 11 23 32 31
0 33 34 22 22 11 13 22 11 11 44 44 44 22 22 11 23 23 44 22 33 33
0 32 34 22 23 14 13 24 44 14 44 41 44 44 22 44 23 33 41 23 32 31
0 33 34 22 23 11 11 24 11 14 44 41 44 24 22 14 23 33 41 23 33 33
0 33 44 22 22 11 33 24 11 11 44 44 44 22 33 11 33 23 44 22 33 33
0 33 33 22 22 11 33 22 14 11 41 44 44 22 22 14 23 23 11 23 33 31
0 33 34 22 22 14 13 24 11 11 41 44 44 24 23 44 33 22 41 23 32 31
0 33 44 23 23 11 11 44 11 11 41 44 44 22 23 44 23 22 41 22 33 33
0 22 34 22 23 14 33 24 11 11 41 41 41 22 23 14 23 33 41 23 33 31
0 33 34 23 23 11 11 22 11 14 41 41 44 24 23 11 33 23 41 22 33 33
0 33 34 22 23 11 11 22 11 11 41 41 44 24 22 11 22 23 41 22 33 33
0 33 34 22 33 11 11 24 14 14 11 41 44 24 33 44 23 23 41 23 33 31
0 33 34 22 22 11 13 22 11 11 41 44 44 22 23 11 23 23 44 23 33 31
0 33 34 22 33 14 13 44 11 14 41 44 41 22 23 44 33 33 44 23 33 33
0 33 33 23 22 14 11 22 11 11 44 44 44 22 22 14 22 33 44 22 32 31
0 33 33 22 22 11 13 24 11 11 44 44 41 22 22 14 22 23 44 23 33 31
0 33 34 22 23 14 13 24 14 14 41 41 44 24 22 14 22 22 41 23 33 33
0 33 44 23 23 11 13 24 11 11 44 44 41 24 23 14 23 22 41 23 32 31
0 33 34 23 23 14 13 22 14 14 41 41 44 24 23 44 23 22 41 23 32 33
0 32 44 23 22 11 13 22 11 14 41 41 44 22 22 11 22 23 41 23 33 31
0 32 34 22 23 11 11 24 11 11 44 44 44 22 22 44 22 33 44 22 33 31
0 33 33 22 23 11 13 22 11 11 11 44 44 24 23 11 23 33 41 22 33 33
0 33 34 22 23 14 13 22 14 14 44 44 44 22 23 14 22 23 44 22 32 33
0 32 33 22 22 11 11 22 11 11 44 44 44 22 22 11 22 22 44 22 33 33
0 33 44 23 33 11 13 24 14 14 41 41 41 24 23 44 33 23 11 23 32 33
0 33 33 23 22 11 13 44 11 14 44 44 44 24 33 44 23 22 41 22 33 33
0 22 44 22 33 11 13 24 11 44 41 41 41 24 23 14 23 33 11 23 32 31
0 33 33 22 33 11 11 24 11 11 41 41 44 22 23 11 22 22 41 22 33 33
0 33 34 23 23 14 13 22 11 44 41 41 44 24 33 11 33 33 44 23 32 31
0 32 33 22 23 11 13 22 11 14 44 41 44 22 22 11 33 23 41 22 33 33
0 32 44 23 23 44 13 24 11 44 41 44 44 22 23 14 33 33 41 23 33 33
0 32 44 22 23 14 13 44 14 44 11 11 44 24 22 44 23 23 11 23 33 31
0 33 34 22 23 11 33 24 11 14 41 41 44 24 22 11 22 22 44 33 33 31
0 32 33 23 23 11 13 24 11 44 41 41 41 24 23 44 23 23 41 22 33 31
0 33 34 22 33 14 13 22 11 14 41 44 44 24 23 14 23 23 41 22 33 33
0 32 44 22 33 11 13 22 11 44 11 44 41 22 23 11 33 33 11 23 32 33
0 33 33 23 33 14 13 22 11 11 44 41 44 22 22 14 23 22 41 22 32 11
0 33 34 22 23 11 11 22 11 11 44 44 44 22 22 14 23 22 11 22 33 33
0 33 34 23 23 11 11 22 11 14 44 41 44 22 22 14 22 22 41 22 32 33
0 33 34 22 23 14 11 24 14 11 41 44 44 24 23 14 23 22 41 22 32 31
0 33 33 22 22 11 11 22 11 11 44 44 44 22 22 11 22 22 44 22 33 33
0 33 34 23 22 14 13 44 14 44 44 44 44 22 23 11 33 23 44 23 33 31
0 33 33 23 23 11 11 22 11 11 44 44 11 24 22 11 33 23 41 23 33 11
0 33 44 22 33 11 13 22 11 14 44 44 41 24 22 11 23 22 44 23 33 33
0 33 34 22 22 11 11 22 11 44 44 44 41 22 22 44 33 22 44 22 33 31
0 33 34 22 33 14 13 24 11 44 41 44 44 24 23 14 23 23 11 23 32 11
0 33 33 22 23 11 11 22 11 11 41 41 44 22 22 11 22 23 44 22 33 33
0 33 34 22 23 11 13 22 11 44 41 41 41 24 23 44 33 23 11 33 32 33
0 33 34 23 33 14 13 22 11 14 41 44 41 22 22 11 33 23 41 23 33 31
0 33 34 22 23 11 13 22 11 14 41 41 44 22 23 11 33 23 41 23 33 33
0 33 34 23 22 11 11 24 11 14 44 44 44 22 22 44 23 33 41 23 33 31
0 32 44 23 33 11 13 22 14 14 41 11 44 22 22 14 22 33 41 22 33 31
0 33 33 22 23 11 13 22 14 11 41 44 44 22 22 11 22 22 44 22 33 33
0 33 34 22 22 14 11 22 11 44 41 44 44 22 23 14 23 33 44 23 32 11
0 33 33 23 23 11 13 24 11 14 41 44 41 22 33 14 23 33 41 23 33 33
0 33 34 23 33 14 13 24 11 14 44 44 44 22 23 11 33 22 11 23 33 33
0 32 34 22 23 11 13 22 11 14 41 41 44 24 23 11 22 22 44 22 33 33
0 33 34 22 23 11 13 24 14 14 41 44 41 24 22 14 23 23 11 23 33 33
0 33 44 22 33 11 33 24 11 11 44 44 44 24 23 14 23 23 44 22 32 31
0 33 33 22 22 14 13 22 11 11 44 41 44 22 22 11 22 23 11 22 33 31
0 32 33 22 22 11 13 24 11 11 41 44 44 22 22 14 23 22 41 22 32 33
0 33 34 23 33 11 13 22 11 44 44 44 44 22 23 14 33 33 44 22 33 33
0 33 33 22 23 44 13 22 11 11 11 11 44 24 23 44 23 23 11 23 33 31
0 32 34 22 23 14 13 22 14 11 41 44 41 24 23 14 23 23 44 23 33 31
0 33 34 22 22 44 11 22 11 14 41 44 44 22 22 14 23 33 44 23 32 33
0 33 44 22 23 44 33 22 11 14 41 44 44 24 23 14 23 33 41 23 33 31
0 33 33 22 23 14 13 24 11 11 41 41 44 22 23 11 23 22 44 22 33 31
0 33 44 23 33 14 13 22 11 11 41 44 41 22 23 14 23 33 11 23 32 33
0 33 33 23 33 11 11 22 11 14 44 41 44 22 22 11 22 22 11 22 33 33
0 32 34 22 23 14 13 22 11 44 41 41 41 44 23 14 22 23 41 23 33 31
0 33 34 22 23 11 11 22 11 11 41 44 44 22 22 11 22 22 41 22 33 33
0 33 34 23 23 14 13 22 14 14 11 11 44 22 23 14 33 22 41 23 33 33
0 33 33 23 23 11 11 22 11 11 44 44 44 22 22 14 23 22 44 22 33 33
0 32 34 22 23 11 11 22 11 11 44 44 41 22 22 11 22 22 44 22 33 33
0 33 33 22 23 11 11 22 14 11 44 44 44 22 22 14 33 33 41 23 33 33
0 32 34 22 23 14 33 24 11 14 41 41 44 22 23 11 23 22 41 23 33 31
0 32 34 22 22 14 11 22 11 11 44 44 44 22 23 11 23 23 41 22 33 31
0 33 34 22 23 14 13 22 11 11 41 44 44 22 22 44 33 33 44 22 33 33
0 33 34 22 23 11 13 22 11 11 44 41 41 24 23 14 23 23 11 23 32 33
0 32 34 22 22 14 13 24 11 14 44 11 41 22 22 14 23 23 41 33 33 33
0 32 44 22 23 11 11 22 11 14 41 11 44 22 22 14 33 23 44 22 32 33
0 33 33 22 22 14 11 22 11 11 41 44 44 24 22 14 22 22 11 23 32 33
0 33 44 33 33 11 13 22 14 44 44 11 44 44 23 14 23 23 41 22 33 33
0 33 44 22 33 11 13 24 14 14 41 41 44 24 22 14 33 22 41 22 32 31
0 32 34 22 33 11 13 22 11 14 11 44 44 22 22 14 23 23 44 22 33 33
0 33 34 23 23 11 13 22 11 14 41 44 41 22 22 14 22 23 44 22 32 33
0 32 44 22 33 11 11 22 14 14 44 41 44 22 23 11 23 33 44 33 33 31
0 33 34 23 23 14 11 22 11 14 11 44 41 22 22 14 23 23 41 22 33 33
0 33 33 22 23 14 13 24 11 11 41 41 44 22 22 44 23 22 41 22 33 33
0 33 34 22 23 11 13 22 14 14 44 44 44 24 23 44 23 33 41 22 33 33
0 33 34 22 22 11 11 22 11 11 44 44 41 24 22 11 22 22 41 22 32 33
0 33 34 23 23 11 11 22 11 14 44 41 41 22 23 14 33 22 41 23 33 31
0 33 33 22 23 11 33 22 11 11 44 41 44 22 22 14 22 22 44 22 33 33
0 32 33 22 33 11 33 22 11 11 41 44 44 22 23 44 23 22 44 23 33 33
0 32 44 23 33 11 13 24 11 44 41 41 44 22 33 44 33 33 11 23 33 33
0 33 33 22 33 11 13 22 11 11 44 44 44 22 22 44 33 23 41 33 33 33
0 33 34 22 23 14 11 44 44 11 41 11 44 24 23 11 23 22 44 22 33 33
0 33 33 22 33 11 13 24 11 14 41 41 44 22 23 11 33 23 44 23 33 33
0 33 34 23 23 11 13 22 11 14 41 44 11 22 22 14 22 23 41 22 33 31
0 32 44 22 23 11 11 22 11 14 41 41 44 24 22 14 23 33 44 23 33 33
0 32 34 23 23 14 33 24 11 44 41 41 44 24 22 44 23 23 11 23 32 33
0 32 44 22 23 14 13 22 11 14 44 11 44 22 22 44 33 23 11 33 33 31
0 32 34 23 22 14 33 22 14 14 11 41 41 22 22 14 33 22 41 33 32 33
0 33 34 22 22 14 13 22 11 44 44 44 44 24 23 44 23 23 41 33 33 33
0 33 33 22 23 11 33 22 11 14 44 44 41 22 23 14 23 23 44 23 33 33
0 33 34 22 23 11 11 22 11 11 44 44 44 24 22 14 22 22 41 22 33 33
0 33 34 23 23 11 13 24 14 11 44 44 44 22 22 11 23 33 44 23 33 33
0 33 33 22 23 11 11 24 11 11 41 44 44 22 22 11 22 23 41 22 33 33
0 33 33 23 23 11 11 22 11 14 41 44 44 22 22 11 23 33 44 23 33 33
0 33 33 22 23 11 11 22 11 14 41 44 44 22 22 11 22 22 41 22 33 33
0 32 44 22 23 11 33 22 14 11 44 11 41 22 23 11 22 23 44 23 33 33
0 33 44 22 23 44 11 22 11 44 41 41 44 24 23 44 23 23 44 23 33 33
0 33 34 22 22 11 11 22 11 14 44 41 41 44 22 14 23 33 41 33 33 33
0 33 34 23 23 14 11 22 14 14 41 41 44 24 23 14 23 22 11 23 33 33
0 32 44 22 23 14 11 24 11 11 44 44 41 22 23 14 23 23 41 23 33 31
0 32 34 23 23 11 11 24 14 11 41 41 44 22 22 14 33 23 44 23 32 31
0 33 33 22 33 14 11 22 11 11 44 44 44 22 22 14 33 33 41 22 33 33
0 33 33 23 23 11 11 22 11 14 41 44 44 22 23 14 23 23 41 22 33 33
0 33 34 22 22 14 13 22 14 14 41 44 44 24 23 11 22 23 11 23 33 31
0 32 33 22 23 14 11 22 14 11 11 44 44 24 33 14 22 22 41 23 32 31
0 32 33 22 22 11 11 22 11 14 41 44 44 22 33 14 23 22 41 22 33 33
0 33 34 22 33 11 13 22 11 11 44 44 44 24 23 14 33 22 11 23 33 33
0 33 44 22 22 11 13 22 11 11 41 44 44 22 22 14 23 23 41 23 33 33
0 33 44 22 33 44 11 24 11 14 44 41 44 22 22 14 22 22 44 23 33 31
0 33 33 33 33 14 11 22 11 11 11 44 44 24 23 44 33 23 41 23 32 31
0 33 33 23 23 14 13 22 11 11 11 41 44 22 22 14 23 23 11 22 32 31
0 32 34 22 33 14 13 24 11 14 44 11 44 22 22 14 33 23 41 23 33 31
0 33 33 22 23 14 13 22 14 14 11 41 44 22 22 14 23 23 41 22 33 33
0 33 34 22 33 11 13 22 11 11 44 41 44 22 22 11 23 33 44 23 33 31
0 33 44 22 23 14 33 22 11 14 41 44 41 24 23 44 23 33 41 22 32 31
0 32 34 23 23 11 13 22 14 11 41 44 44 22 22 14 23 23 41 22 33 33
0 32 44 22 33 11 13 22 14 44 41 41 44 24 23 14 33 23 41 33 33 33
0 33 33 22 23 11 13 22 11 14 41 44 44 22 22 11 22 23 44 22 33 33
0 33 33 22 23 11 11 22 11 14 44 44 44 22 22 11 22 22 44 22 33 31
0 33 34 22 23 11 11 22 11 14 41 44 44 22 22 11 23 23 44 23 33 33
0 33 44 23 23 14 13 22 14 44 41 41 44 24 22 14 23 23 44 33 33 31
0 33 44 22 23 11 11 22 11 11 44 44 44 22 22 14 23 22 41 22 33 33
0 32 34 22 22 11 13 22 11 14 44 44 44 22 23 14 23 33 41 23 33 33
0 33 44 33 23 14 33 24 11 44 41 41 44 24 33 44 33 22 11 23 33 33
0 32 34 23 33 44 13 24 14 14 41 41 44 24 23 14 33 23 41 23 22 31
0 33 33 22 23 11 33 44 11 14 41 44 44 22 22 14 33 23 44 23 33 33
0 32 34 22 33 11 11 22 11 44 41 41 41 44 22 44 23 23 44 23 32 11
0 33 33 22 33 14 11 24 11 14 44 44 44 22 22 11 23 22 41 23 33 31
0 33 34 22 33 11 11 24 11 11 44 44 44 22 22 11 22 23 41 22 33 33
0 33 33 22 23 11 11 22 11 11 44 44 44 22 22 14 22 23 44 22 33 33
0 33 33 22 23 11 13 24 11 11 44 44 44 22 22 11 23 22 44 22 33 33
0 32 44 22 33 14 11 44 11 14 41 41 44 22 22 14 23 33 41 22 33 31
0 32 44 23 33 11 33 44 11 14 41 41 44 24 22 44 33 23 44 23 32 31
0 33 34 22 33 44 13 22 11 14 44 44 44 22 33 44 23 22 11 22 33 33
0 33 34 22 22 11 33 24 14 11 44 41 44 22 23 44 23 22 41 23 33 33
0 33 33 22 23 11 11 22 11 11 44 44 44 22 22 11 23 22 44 22 33 33
0 33 33 22 22 14 13 22 14 11 44 44 41 22 22 14 23 22 41 22 33 33
0 33 34 22 23 14 11 22 11 11 44 44 44 22 33 14 33 33 11 23 33 31
0 33 34 22 22 11 11 22 11 14 41 41 44 22 23 14 22 23 41 22 33 31
0 33 34 23 22 11 13 44 11 44 41 44 44 24 22 14 23 23 41 22 33 31
0 33 34 22 33 11 11 24 11 14 41 41 41 22 22 11 23 22 41 33 33 31
0 32 33 22 23 14 13 22 11 44 41 41 44 24 22 14 22 22 44 23 33 31
0 32 44 23 23 11 13 22 11 14 44 41 41 24 23 44 23 23 11 22 33 33
0 32 33 33 22 11 11 24 14 14 41 41 41 24 22 14 22 23 41 23 33 33
0 33 34 22 33 14 11 22 11 44 41 41 41 22 22 14 22 23 44 23 32 33
0 32 34 22 23 11 13 24 14 14 41 41 44 22 23 14 22 23 41 22 33 31
0 32 33 22 33 14 13 44 11 14 41 44 44 22 23 11 33 23 41 23 33 33
0 33 33 23 22 11 13 22 11 14 44 44 44 22 22 44 23 33 44 23 33 33
0 33 44 23 33 14 11 22 11 11 44 41 44 22 22 11 22 22 41 22 22 31
0 33 44 22 23 11 11 22 11 14 41 11 44 22 22 14 33 22 41 23 32 11
0 33 34 23 23 14 13 22 11 11 44 44 44 22 22 14 23 23 44 22 32 31
0 33 34 22 22 14 11 22 11 11 44 44 44 22 22 11 23 23 44 22 33 33
0 33 34 22 23 11 11 22 14 14 44 44 44 22 22 14 33 23 44 22 32 33
0 33 44 22 23 11 13 24 11 44 41 41 44 24 33 11 23 23 41 23 33 11
0 32 34 22 23 11 11 22 14 14 41 44 44 22 22 14 33 23 44 22 33 31
0 33 34 22 23 14 13 22 11 11 41 41 44 22 23 11 23 22 44 23 33 33
0 33 44 23 23 14 13 24 11 14 44 41 44 44 22 14 23 33 11 23 33 31
0 33 33 22 22 11 11 22 11 11 44 41 44 22 22 11 22 23 41 22 33 33
0 22 33 22 22 14 11 24 11 14 41 11 41 24 22 14 33 23 11 23 33 31
0 32 44 22 33 14 11 44 11 14 44 44 44 22 33 14 23 22 11 23 32 33
0 33 33 23 33 11 13 24 44 14 44 11 44 22 33 14 33 33 44 33 33 11
0 33 34 23 23 11 11 22 14 14 41 44 44 24 23 44 33 23 41 23 33 33
0 33 33 23 22 14 11 22 11 14 44 44 44 22 22 14 22 22 44 22 33 31
0 33 33 22 23 11 11 22 11 11 41 44 41 24 22 11 23 23 44 22 32 33
0 33 44 23 23 14 13 24 14 11 44 41 41 22 22 14 22 23 41 22 33 33
0 33 34 22 23 11 11 22 11 14 41 44 44 24 22 11 22 33 41 22 33 31
0 33 33 22 23 14 11 22 11 14 41 44 44 22 22 11 23 22 41 22 33 33
0 33 33 22 33 11 13 22 14 14 44 44 44 22 22 11 23 23 41 22 33 33
0 33 34 22 23 11 11 24 11 14 41 44 44 22 22 14 23 33 44 22 33 33
0 33 34 23 22 14 13 24 11 14 41 44 44 24 23 14 23 23 41 33 32 11
0 33 34 22 22 11 33 22 11 11 41 41 41 24 22 14 23 22 41 22 33 33
0 33 34 33 22 11 11 22 14 14 11 41 41 24 23 44 33 33 11 23 33 11
0 33 33 22 23 11 11 22 11 14 44 44 44 24 22 11 23 22 41 22 33 31
0 33 34 22 22 11 13 22 11 11 44 41 44 22 22 14 23 23 44 22 32 33
0 33 34 22 33 14 13 22 11 11 41 11 44 24 23 14 23 23 44 23 33 33
0 33 33 22 23 11 11 22 11 11 44 44 44 22 22 11 23 22 44 23 33 33
0 33 33 22 22 11 11 24 14 11 11 41 41 24 22 11 33 23 41 22 33 31
1 33 34 23 22 11 11 22 11 11 41 44 44 22 22 14 33 22 41 22 33 33
1 33 33 23 33 11 33 22 11 14 41 44 44 22 23 11 22 23 44 22 33 33
1 33 33 22 23 14 33 22 11 14 11 41 44 22 22 44 23 22 11 22 33 31
1 33 33 22 23 11 13 22 11 14 11 44 44 22 22 14 23 23 44 22 33 33
1 32 33 22 23 14 13 22 11 11 41 44 44 22 22 14 33 22 41 22 33 31
1 33 33 22 23 11 13 22 11 14 44 44 44 22 22 14 22 23 44 23 33 33
1 33 33 23 33 11 13 22 11 44 41 44 44 22 22 11 22 33 11 22 33 31
1 33 34 22 33 11 13 22 11 11 41 44 44 22 23 11 22 22 41 23 33 33
1 33 34 22 22 11 11 22 11 11 44 44 44 22 22 14 23 23 41 22 33 33
1 33 34 22 22 14 13 24 11 14 44 44 44 24 22 14 22 22 11 33 33 31
1 33 34 22 33 11 33 24 11 14 41 44 44 22 22 11 22 23 44 23 33 31
1 33 33 22 22 11 13 22 11 11 44 41 44 22 22 14 23 23 44 22 33 33
1 33 34 23 23 11 11 22 11 14 41 44 41 22 23 14 22 33 44 22 32 31
1 33 34 22 22 11 13 24 11 14 41 44 41 24 22 14 23 23 44 23 33 33
1 32 44 23 33 44 13 24 11 44 11 41 11 24 33 14 23 33 41 33 33 31
1 33 44 22 22 11 11 44 14 11 44 44 44 22 23 14 23 23 44 22 33 33
1 32 33 22 23 11 11 22 11 11 41 44 44 22 22 14 23 22 44 22 33 33
1 33 33 23 22 11 11 22 14 14 41 41 44 22 23 14 23 33 44 22 32 33
1 32 44 23 23 11 33 24 14 11 41 41 41 24 23 11 33 22 41 23 32 33
1 33 34 22 22 11 13 22 11 14 41 41 44 24 22 11 23 23 44 23 33 33
1 32 34 23 23 11 11 24 11 11 41 41 44 22 23 14 23 23 41 23 33 33
1 33 34 22 23 11 11 22 11 11 44 44 44 24 22 11 23 23 44 22 33 33
1 33 34 22 22 11 11 22 11 14 41 41 44 22 22 11 22 33 44 22 33 31
1 33 34 22 33 14 13 22 11 11 44 41 41 22 22 14 23 23 41 22 33 11
1 33 34 22 23 11 13 22 11 11 41 41 44 22 22 14 33 23 44 22 32 33
1 33 33 22 22 14 13 22 11 11 41 44 44 22 22 11 33 23 41 23 33 33
1 33 33 22 22 11 13 22 11 11 44 44 44 22 22 11 22 22 41 22 33 33
1 33 34 23 23 11 13 22 11 14 11 44 41 22 22 44 23 23 41 23 32 11
1 33 34 33 22 44 11 44 14 44 44 41 41 44 22 11 23 23 44 22 33 31
1 33 34 22 22 11 13 22 11 44 44 44 44 22 22 11 22 22 44 22 33 33
1 33 34 22 23 11 11 22 11 11 44 44 44 22 22 14 22 23 44 22 33 33
1 33 34 22 23 14 13 22 11 14 11 44 44 22 23 44 22 33 11 33 33 33
1 33 34 22 33 11 13 22 11 11 41 41 44 44 23 14 23 33 11 22 33 31
1 33 34 23 23 11 33 22 11 14 41 44 44 22 22 11 23 23 11 22 32 33
1 33 34 23 23 11 11 22 11 44 44 44 44 22 22 44 23 23 41 23 33 33
1 33 34 22 22 14 11 22 14 14 44 44 44 24 22 11 22 23 41 33 33 33
1 32 33 22 23 14 13 22 11 11 44 41 44 22 22 11 23 33 41 22 33 31
1 33 34 22 23 11 13 22 11 14 44 44 41 22 22 11 22 23 11 23 33 33
1 32 34 22 23 11 13 24 11 14 41 44 44 24 22 14 23 22 11 23 32 31
1 33 33 23 23 11 11 22 14 14 41 41 44 22 23 14 22 33 41 23 33 31
1 33 33 22 23 11 13 22 11 11 44 44 44 22 22 11 23 23 11 22 33 33
1 33 44 23 23 11 11 22 14 14 44 41 44 24 22 11 23 22 44 23 33 33
1 32 33 22 22 11 13 22 11 11 44 44 44 22 22 14 33 23 44 23 33 33
1 32 44 22 23 11 13 24 11 11 44 41 41 22 22 14 23 33 41 33 32 33
1 22 34 23 33 44 13 22 14 44 11 41 44 44 22 44 33 23 41 23 32 31
1 33 34 22 22 11 11 22 11 44 41 41 44 24 22 14 23 23 44 23 33 33
1 32 34 22 33 44 11 22 11 14 11 44 41 24 22 44 23 23 41 33 33 33
1 22 44 23 23 14 33 22 14 44 41 41 44 24 22 14 33 33 11 33 33 31
1 32 34 22 33 11 13 22 11 11 44 41 44 22 22 14 33 22 41 22 33 33
1 32 34 22 22 11 11 22 11 14 44 41 44 22 22 11 22 23 41 22 33 33
1 33 44 22 33 11 11 22 11 11 11 44 44 22 33 11 23 33 11 22 33 33
1 33 33 23 33 14 11 22 11 11 44 11 44 24 33 14 22 33 41 22 32 33
1 33 34 22 22 11 11 22 11 11 44 41 44 22 23 11 22 22 44 22 33 33
1 33 33 22 22 11 13 22 11 11 44 44 44 22 22 14 22 23 44 22 33 33
1 33 33 22 22 14 11 22 11 11 11 44 44 24 22 11 23 22 41 22 33 33
1 33 44 23 23 11 13 22 11 14 11 44 44 22 22 11 23 23 11 22 32 11
1 33 34 23 23 14 13 22 11 11 41 44 44 22 22 44 33 22 41 23 33 31
1 33 33 22 23 11 11 24 11 11 41 44 41 22 22 14 23 23 41 22 33 33
1 33 33 22 33 14 33 24 14 11 41 44 41 22 23 14 22 23 41 23 33 31
1 33 34 23 22 11 13 24 11 11 41 41 41 22 23 11 23 23 41 23 32 31
1 33 34 22 22 11 11 22 11 11 44 44 44 22 22 11 33 23 41 22 33 33
1 33 34 22 22 11 11 22 11 11 41 44 44 22 23 11 22 23 11 23 33 33
1 33 34 22 23 14 33 22 11 14 41 44 44 22 22 11 22 33 44 22 33 31
1 32 44 23 23 11 13 22 11 11 44 41 41 24 22 14 33 23 41 23 33 31
1 33 33 33 33 14 11 24 11 14 41 44 44 22 22 11 33 23 44 22 33 31
1 33 34 23 33 44 13 22 14 14 44 11 41 22 23 14 23 33 44 22 32 31
1 33 34 22 33 11 13 24 11 14 44 44 41 24 22 14 33 23 41 33 33 33
1 32 34 22 23 14 13 24 11 11 41 41 41 22 23 11 33 23 11 23 32 31
1 33 44 22 22 11 13 22 14 14 41 44 41 22 23 11 23 22 41 23 33 33
1 33 34 23 23 44 13 22 11 14 11 41 41 22 22 11 23 23 44 23 33 31
1 33 34 22 23 11 11 22 11 14 44 44 44 24 22 11 22 23 44 22 33 33
1 33 33 23 22 11 13 22 11 11 44 44 44 22 23 11 33 22 41 23 33 33
1 33 34 22 33 14 13 24 11 44 11 44 41 22 23 14 23 23 41 22 32 33
1 33 33 23 33 11 13 24 11 11 44 44 44 24 22 14 22 23 41 23 33 31
1 33 34 22 22 14 13 24 14 11 41 41 44 22 22 14 23 22 44 22 33 33
1 33 34 22 33 11 11 24 11 44 41 44 44 22 23 11 33 33 41 23 33 31
1 33 34 22 33 11 33 24 11 14 41 41 41 24 33 14 23 23 41 22 32 11
1 33 34 22 23 11 11 24 11 14 11 44 44 22 23 14 33 22 44 22 33 31
1 33 34 22 23 14 11 22 11 14 44 44 41 22 33 44 33 23 41 22 33 31
1 33 34 23 33 14 11 24 11 14 11 44 44 24 23 14 23 23 11 22 32 11
1 33 33 22 23 11 11 22 44 11 11 11 44 24 22 14 23 22 41 33 33 33
1 33 34 23 33 14 11 24 14 11 44 44 44 24 22 14 23 33 41 33 32 33
1 33 34 22 22 11 13 22 11 14 41 44 44 24 22 44 23 23 41 23 33 33
1 33 34 23 23 11 13 22 11 14 44 44 44 22 22 11 22 23 44 22 33 31
1 33 33 22 22 11 13 22 11 14 44 44 44 22 22 11 22 23 44 22 33 33
1 32 33 22 23 14 33 22 11 14 41 44 44 22 23 11 22 23 41 22 33 11
1 33 33 22 22 11 13 22 11 11 41 44 41 22 22 14 23 23 44 22 33 33
1 33 33 23 23 11 13 22 11 11 44 41 44 22 23 11 23 23 41 22 33 31
1 32 34 22 22 11 13 24 11 14 41 44 44 22 22 44 23 23 44 23 33 33
1 33 44 23 22 11 33 24 11 44 41 44 41 24 23 11 23 33 41 23 32 31
1 33 34 22 33 11 11 24 11 11 44 44 41 22 33 14 23 23 44 22 33 33
1 33 33 22 33 11 11 22 11 14 44 41 44 22 22 14 22 22 44 22 33 33
1 33 34 22 23 44 11 22 11 14 44 41 44 22 22 14 23 23 41 23 33 33
1 33 33 22 22 14 11 22 11 44 44 41 41 22 23 14 23 23 41 23 33 31
1 33 44 22 33 11 11 22 11 14 41 44 44 22 33 14 33 33 41 23 33 33
1 33 44 22 23 14 33 22 11 14 41 44 41 22 22 44 22 22 11 23 33 31
1 33 34 22 33 14 13 22 11 14 11 41 41 22 22 14 23 22 41 22 32 31
1 33 34 22 23 11 11 22 14 14 41 44 44 24 22 14 23 33 41 23 33 31
1 33 34 23 33 14 11 22 11 14 44 44 44 44 22 44 22 23 41 22 32 33
1 33 44 22 23 14 33 22 11 14 44 44 44 24 23 44 23 23 44 23 33 31
1 33 33 22 23 11 11 22 11 11 44 44 44 22 22 14 22 22 41 22 33 33
1 33 33 22 23 11 11 22 11 11 41 41 44 22 23 14 22 22 44 23 33 11
1 33 44 33 33 14 13 24 14 14 41 41 44 22 23 14 22 33 11 23 22 11
1 33 33 22 23 11 11 22 11 11 41 44 44 22 22 14 23 22 11 22 33 33
1 33 34 22 23 14 33 24 11 11 41 44 41 24 22 44 22 22 44 22 33 33
1 33 44 22 33 14 13 22 14 14 44 44 44 22 22 11 23 23 44 22 22 31
1 33 34 22 22 11 11 24 11 44 44 44 44 22 22 11 23 23 44 22 32 33
1 33 33 22 22 11 33 22 11 11 44 44 44 24 23 11 33 22 44 22 33 33
1 33 34 22 23 11 11 22 44 14 41 41 11 22 33 14 23 23 41 22 32 33
1 33 34 23 23 14 33 22 11 44 41 41 41 24 23 44 23 23 11 23 33 33
1 32 34 22 22 11 33 22 11 11 44 44 44 44 22 14 23 22 41 22 33 31
1 33 44 22 33 14 13 44 11 14 41 41 41 22 23 44 33 23 11 22 33 33
1 33 33 22 23 11 13 22 11 11 11 44 41 22 23 11 23 23 44 22 33 33
1 33 33 22 22 14 11 22 11 11 44 41 41 22 23 11 22 23 41 22 33 33
1 33 34 22 23 14 33 24 11 14 44 41 41 44 22 14 33 33 11 23 32 33
1 33 34 23 23 11 11 22 11 44 11 44 44 22 22 11 23 22 44 22 33 33
1 32 33 22 23 14 11 22 11 14 44 41 41 22 22 14 23 22 41 22 33 33
1 33 34 22 23 44 11 24 11 14 44 41 41 22 23 11 23 22 41 22 32 31
1 32 44 23 33 11 33 22 11 11 41 44 41 24 22 44 23 33 41 22 33 31
1 33 34 22 22 11 33 22 11 11 44 44 41 22 22 14 22 23 44 23 33 31
1 33 34 23 33 11 13 24 11 11 44 44 44 24 22 11 33 33 41 23 33 33
1 33 33 22 23 11 13 24 11 14 41 41 44 24 23 11 22 22 41 22 33 33
1 33 33 22 22 11 11 22 11 11 41 44 44 22 23 11 22 23 41 22 33 33
1 32 34 22 23 11 13 22 11 14 41 41 41 24 23 44 22 33 41 23 33 33
1 32 44 23 33 14 13 22 11 44 41 11 41 24 22 44 33 33 41 33 33 11
1 33 33 22 23 11 13 24 11 11 44 44 44 22 23 11 23 22 44 22 32 31
1 32 44 22 33 11 13 22 11 14 11 41 41 22 23 11 33 23 41 22 33 33
1 33 33 22 22 11 33 22 14 14 41 41 44 22 23 14 23 23 44 23 33 33
1 33 33 22 33 14 11 22 11 44 44 44 44 22 23 44 22 23 44 22 32 31
1 32 33 22 22 14 33 24 11 11 44 41 44 22 22 14 33 23 41 23 32 33
1 33 33 22 23 11 11 22 11 11 44 44 44 22 22 11 22 22 44 22 33 33
1 33 33 22 23 11 11 22 11 11 41 44 44 22 22 11 33 23 44 22 33 33
1 33 34 22 22 11 13 22 11 11 44 41 44 22 22 11 22 23 44 22 33 33
1 33 33 23 23 14 13 22 11 11 44 41 44 22 22 14 22 23 44 22 33 33
1 33 34 23 22 11 13 22 11 14 11 44 41 22 22 14 23 33 41 33 33 31
1 33 44 22 23 11 13 24 11 14 41 44 44 22 23 14 33 23 44 22 32 33
1 33 34 22 22 11 13 22 11 11 41 44 44 22 23 11 23 22 41 22 33 33
1 33 34 22 23 14 11 22 11 14 11 44 44 22 22 11 22 22 44 33 33 31
1 33 34 22 22 14 13 24 11 14 44 44 44 22 23 11 23 22 44 22 32 33
1 32 44 23 23 14 13 22 14 14 41 44 11 22 23 14 33 33 11 23 22 33
1 33 33 22 22 11 11 22 11 11 44 41 44 22 22 11 23 22 41 22 33 33
1 33 34 22 23 11 13 22 14 14 44 44 41 22 22 11 23 33 44 22 33 33
1 33 33 22 22 11 11 22 11 11 41 44 44 22 22 11 22 23 41 22 33 31
1 33 34 22 33 11 13 22 11 14 44 11 44 44 23 14 23 23 11 22 32 31
1 33 34 22 33 11 33 22 14 44 44 44 44 24 22 14 33 33 41 22 33 33
1 33 34 22 22 11 11 22 11 11 44 44 44 22 22 11 23 23 44 22 33 33
1 32 33 22 23 44 33 24 14 11 41 44 44 22 22 11 23 23 44 23 33 31
1 33 34 22 23 11 11 22 11 11 44 41 44 24 22 14 22 23 44 23 33 33
1 32 33 33 23 11 11 22 11 14 41 44 44 24 22 11 23 33 44 23 33 31
1 33 34 23 33 11 13 22 14 44 41 41 44 22 22 14 23 33 41 23 22 31
1 33 33 22 23 11 11 22 11 11 44 41 44 22 22 14 33 22 44 22 33 33
1 33 34 22 23 11 11 22 11 11 41 44 44 22 22 14 22 22 44 22 33 33
1 32 33 22 23 11 11 22 11 11 44 44 44 24 23 11 22 22 44 23 33 33
1 32 34 22 23 11 11 22 11 14 41 41 44 24 23 14 23 23 41 23 33 31
1 33 44 23 23 14 33 22 11 44 11 44 44 22 33 14 33 33 41 23 32 33
1 33 34 22 23 11 11 24 11 11 44 41 41 22 23 14 23 23 41 23 32 33
1 33 34 23 33 14 11 22 11 44 41 41 44 24 22 14 23 23 41 22 33 33
1 33 34 23 23 11 13 22 11 11 41 44 44 24 22 14 23 23 44 22 33 33
1 33 33 22 23 11 11 22 11 11 44 44 44 22 23 14 22 23 41 22 33 33
1 33 33 22 23 11 13 22 11 11 44 11 44 24 22 14 23 22 41 22 33 33
1 33 34 23 22 11 13 24 11 11 41 44 44 22 22 11 23 23 44 23 32 33
1 33 34 22 23 11 13 22 14 14 11 44 44 22 22 14 23 23 44 23 33 31
1 33 34 22 22 11 11 22 11 14 41 41 44 22 22 14 22 22 41 23 33 33
1 32 34 23 22 14 11 22 14 14 11 44 41 22 22 11 23 23 44 22 22 33
1 33 33 22 22 11 13 22 11 11 44 44 44 22 22 14 23 23 44 22 32 33
1 33 33 22 33 11 11 22 11 14 44 44 44 22 22 11 22 22 41 22 33 33
1 33 44 23 23 14 13 44 11 14 44 41 41 22 22 44 23 23 11 23 32 11
1 33 34 23 33 11 11 24 11 14 44 41 44 24 33 44 23 22 41 22 33 31
1 33 34 22 23 14 13 22 14 11 41 44 44 22 22 11 23 22 41 22 33 33
1 32 44 23 23 14 33 22 44 14 44 41 41 24 22 14 33 33 11 23 33 31
1 33 34 22 23 11 13 22 11 11 41 44 44 22 22 11 22 22 41 22 33 33
1 32 33 22 22 11 13 22 11 11 44 44 41 22 23 14 33 33 44 22 33 31
1 33 44 22 22 11 13 24 14 44 11 44 41 22 23 44 23 33 41 23 32 33
1 33 34 22 23 14 13 22 11 44 11 41 41 22 23 44 23 23 11 23 32 31
1 33 34 33 23 11 33 24 14 14 41 41 41 22 22 44 22 33 41 23 22 31
1 33 44 23 23 14 33 24 14 14 41 41 41 24 22 44 33 33 11 33 33 33
1 32 34 22 23 14 11 22 11 14 41 44 44 24 22 11 23 22 41 23 33 33
1 33 34 22 23 44 13 22 11 11 41 41 44 22 22 14 22 33 41 22 33 31
1 33 44 22 23 11 11 22 11 14 41 44 41 22 23 44 23 33 41 23 32 33
1 33 34 22 23 11 11 22 14 11 41 44 44 22 23 11 23 22 44 23 33 33
1 33 44 22 23 14 11 24 14 14 41 44 44 24 23 14 22 23 44 23 33 31
1 33 34 22 22 11 13 22 11 11 44 41 44 22 23 11 23 22 41 22 33 33
1 22 44 23 33 11 11 22 11 11 44 41 44 22 22 44 33 23 41 22 22 31
1 33 33 22 23 11 11 22 11 11 44 44 44 22 22 11 22 22 41 22 33 33
1 33 44 23 33 11 13 22 11 11 41 41 41 44 22 44 23 23 41 23 33 31
1 33 34 22 33 11 11 24 11 11 41 41 44 24 22 11 22 23 41 22 33 33
1 33 33 22 33 11 11 22 11 11 44 41 44 22 23 11 23 22 11 22 33 33
1 33 34 22 23 14 13 22 11 14 41 41 41 24 23 11 23 23 41 23 32 33
1 33 44 22 23 11 11 22 14 11 44 41 44 22 22 14 22 23 41 22 33 33
1 32 34 33 23 11 13 44 14 14 44 41 41 22 22 14 33 33 41 22 32 33
1 33 33 22 23 11 11 22 11 14 44 44 44 22 22 14 23 22 44 23 33 33
1 33 33 23 22 11 11 22 11 11 41 44 44 22 22 14 23 22 44 22 33 33
1 33 34 22 23 11 11 22 11 11 44 44 44 22 22 14 22 23 44 22 33 33
1 33 34 23 23 11 13 24 11 14 41 44 44 22 23 14 33 22 41 23 33 33
1 33 34 23 23 44 13 24 14 14 41 44 41 22 23 14 23 22 11 33 33 31
1 33 44 22 33 11 13 22 14 14 44 44 41 24 22 11 33 23 41 23 33 33
1 33 34 22 22 14 33 24 14 14 11 44 44 22 23 11 23 23 41 23 33 33
1 32 44 23 23 11 11 24 11 11 44 41 41 24 23 11 23 23 44 23 32 31
1 33 33 22 22 11 13 22 11 11 41 44 44 22 22 14 23 22 44 23 33 33
1 33 33 23 23 14 33 24 11 14 11 41 41 44 23 44 33 23 41 22 33 33
1 33 34 22 23 14 13 22 11 14 41 41 44 22 22 44 23 23 11 22 22 33
1 33 44 23 22 11 13 22 11 11 44 44 44 22 22 44 23 23 41 22 33 31
1 33 34 23 23 14 13 22 11 14 44 41 44 22 23 11 22 23 44 23 33 33
1 33 44 23 33 11 13 24 14 11 41 41 41 24 33 14 23 22 41 23 33 33
1 33 34 22 23 11 11 22 11 11 44 44 44 24 22 11 23 22 44 23 33 33
1 33 33 22 22 11 11 22 11 14 44 44 44 22 22 11 23 22 44 23 33 33
1 33 34 22 23 11 13 22 14 14 44 41 41 24 22 11 33 23 44 23 33 31
1 33 34 23 22 11 11 22 11 11 44 44 44 22 22 14 22 22 41 22 33 31
1 33 33 23 33 11 11 24 11 14 44 41 41 22 22 14 23 22 44 22 33 33
1 33 34 22 23 14 33 22 11 11 44 44 44 22 23 44 33 23 41 22 33 33
1 33 34 22 33 11 13 22 11 14 41 44 44 24 22 44 33 33 44 33 33 33
1 33 44 22 23 14 13 24 14 14 41 11 44 24 23 44 23 23 11 23 33 31
1 32 34 22 23 11 33 24 14 11 41 41 41 24 23 14 23 22 41 23 33 33
1 33 33 22 33 11 11 22 11 14 41 44 44 22 22 11 22 23 44 22 33 31
1 32 34 23 23 14 33 24 14 14 41 41 41 24 23 14 23 23 11 22 32 31
1 32 33 22 33 11 11 24 11 14 44 41 44 22 23 14 33 23 41 23 32 33
1 33 33 22 23 11 13 22 11 11 44 44 44 22 23 14 22 23 41 22 32 31
1 33 34 23 33 14 33 22 11 14 41 41 44 22 33 14 23 33 11 33 33 33
1 32 33 22 23 11 11 24 11 11 44 11 44 22 23 14 33 23 41 22 33 33
1 33 33 22 22 11 11 22 14 11 44 44 44 22 22 11 22 22 41 22 33 33
1 33 33 22 23 14 13 24 14 14 41 41 44 22 22 11 33 33 41 22 33 33
1 33 34 22 23 14 33 24 11 14 41 41 44 22 23 14 23 22 44 22 33 33
1 33 33 22 23 14 11 22 11 11 41 44 41 22 23 14 33 23 41 23 33 33
1 33 33 23 23 11 33 22 11 14 41 44 44 22 22 14 23 23 41 22 33 31
1 33 44 33 33 11 13 22 11 14 44 44 44 22 22 11 33 23 11 33 33 33
1 32 34 22 33 14 13 24 11 11 44 41 44 22 23 44 22 23 44 23 33 31
1 32 44 22 33 11 13 24 14 44 11 41 44 22 23 14 33 23 11 23 33 33
1 33 34 23 33 11 13 24 11 14 44 44 44 22 22 11 33 33 41 22 32 31
1 33 33 22 23 11 11 44 14 14 41 44 44 22 22 14 23 23 44 22 32 33
1 33 34 22 22 14 13 22 11 14 44 44 44 22 23 14 23 22 41 23 33 33
1 33 33 22 23 11 33 22 11 14 41 41 44 22 22 14 33 23 11 22 33 33
1 33 34 22 33 11 13 24 11 14 41 44 44 22 23 11 22 22 41 22 33 33
1 33 34 22 23 11 11 22 11 14 41 44 44 22 23 44 33 23 11 23 33 31
1 33 33 22 23 11 11 22 14 14 41 44 44 24 23 44 23 33 41 23 33 33
1 33 34 23 23 14 13 24 11 14 44 41 41 24 22 14 23 22 44 22 33 11
1 33 33 22 23 11 11 22 11 14 44 44 44 22 22 11 23 23 44 22 32 33
1 33 34 22 23 14 11 22 14 14 11 44 44 22 23 14 23 23 44 23 33 33
1 33 33 22 23 11 11 24 11 14 44 41 44 24 22 14 23 23 41 23 33 33
1 33 34 22 23 11 11 22 11 14 44 41 44 22 23 11 23 22 41 23 33 31
1 33 33 22 23 11 11 22 14 11 44 44 44 22 22 11 22 23 44 22 33 33
1 33 34 22 22 11 13 22 11 11 44 44 44 24 23 11 22 22 44 22 33 33
1 33 33 22 23 11 13 22 11 14 41 11 44 24 23 14 22 33 41 23 33 33
1 33 44 23 33 11 13 22 11 14 44 41 44 24 23 14 22 23 41 22 33 31
1 33 33 22 23 14 11 22 11 14 11 41 41 22 23 14 23 23 44 23 33 33
1 33 34 22 23 11 11 22 11 14 41 41 44 22 22 14 23 33 44 22 33 31
1 33 33 23 23 11 33 24 11 44 44 44 44 22 23 44 23 23 44 22 33 31
1 33 34 22 23 14 13 22 14 44 41 41 44 22 23 14 22 22 41 23 33 33
1 33 34 22 23 11 13 22 11 14 41 44 44 22 23 14 23 22 44 22 32 33
1 33 34 22 23 11 11 22 14 11 41 44 41 22 23 11 22 23 44 23 33 31
1 33 34 22 23 14 13 24 11 11 44 44 44 22 22 14 22 23 44 22 33 33
1 33 34 22 23 11 13 22 11 11 44 41 44 22 23 11 23 23 41 22 32 33
1 33 44 22 23 14 13 44 11 11 44 44 44 24 23 44 33 33 11 23 32 31
1 33 33 22 23 11 11 22 11 11 11 44 41 22 22 11 23 23 44 22 33 33
1 33 34 22 23 11 13 24 11 11 44 44 44 22 23 14 23 33 41 23 32 33
1 33 33 22 22 11 13 22 11 11 44 41 44 22 23 14 22 23 41 22 33 33
1 33 33 22 33 14 11 24 11 14 41 41 44 24 22 14 33 23 41 22 33 33
1 33 33 23 33 11 13 22 11 44 44 44 44 22 23 44 23 22 11 22 32 33
1 32 44 22 22 11 13 24 11 14 44 44 44 22 22 11 23 23 41 22 32 31
1 32 33 23 33 14 13 24 11 14 41 41 44 22 23 44 23 22 44 22 32 31
1 33 34 22 23 11 11 22 11 14 44 44 44 22 22 14 23 22 44 22 32 33
1 33 44 33 23 44 11 24 14 44 44 41 41 22 23 14 23 23 41 23 32 31
1 33 34 22 23 11 11 22 11 14 44 44 44 22 22 11 23 23 44 22 33 33
1 33 44 22 23 11 13 44 11 11 11 44 44 22 22 44 23 33 11 23 33 31
1 32 34 22 23 14 13 22 11 44 41 41 44 22 23 14 22 33 11 22 33 33
1 33 34 23 23 14 13 24 11 14 41 41 41 22 22 44 23 23 11 22 33 33
1 33 34 23 33 11 13 22 11 14 41 44 44 22 33 14 23 22 41 23 33 33
1 33 33 22 23 11 11 24 11 14 44 44 44 22 22 11 23 33 11 22 33 31
1 32 44 33 33 44 33 22 14 14 11 41 41 24 23 14 33 33 11 23 32 33
1 32 34 22 23 14 13 24 11 11 44 44 44 22 22 14 22 22 41 22 32 33
1 33 33 22 33 11 11 22 11 11 44 44 44 22 22 14 22 22 44 22 33 33
1 33 33 22 22 11 13 22 11 11 41 44 44 22 22 11 22 23 44 22 33 33
1 33 34 23 33 44 13 22 11 14 11 41 44 24 23 44 23 23 41 23 32 31
1 33 34 22 23 11 11 44 11 14 41 41 44 22 22 11 33 22 44 22 32 33
1 33 34 22 23 11 11 22 14 14 44 41 41 22 22 11 22 23 44 22 33 33
1 33 34 22 22 11 11 22 11 11 44 41 44 22 23 11 33 22 44 22 32 33
1 32 33 22 22 14 13 22 11 14 44 44 44 22 22 14 23 22 41 22 33 33
1 33 33 22 23 11 13 24 11 11 44 44 44 24 22 44 33 23 44 23 32 31
1 33 34 22 23 11 13 44 11 14 41 41 41 24 23 44 33 22 41 23 33 31
1 33 33 22 33 11 11 24 11 11 41 44 41 22 22 14 23 33 44 23 33 33
1 33 33 22 33 44 13 22 11 11 44 41 44 24 22 14 23 23 41 23 32 33
1 33 33 23 23 14 13 22 11 11 44 44 44 22 22 11 33 23 41 22 33 33
1 33 33 22 23 14 11 22 11 14 41 44 44 22 23 11 23 22 41 23 33 33
1 33 34 22 22 11 13 22 14 11 44 44 44 22 23 11 23 23 41 22 33 31
1 33 33 22 33 11 11 22 11 14 44 44 44 22 22 14 22 22 41 33 33 33
1 33 44 22 23 14 33 24 44 44 11 41 41 44 23 14 23 23 41 22 32 33
1 33 34 22 22 11 11 22 11 14 44 44 44 22 22 14 23 22 41 22 33 33
1 33 34 22 23 14 11 22 11 14 44 44 44 22 22 14 23 22 44 22 33 33
1 33 33 23 23 44 33 24 11 14 41 44 44 24 22 11 33 23 41 23 32 31
1 32 33 22 23 11 11 22 14 11 44 44 44 22 23 14 22 23 41 22 33 33
1 33 34 23 22 11 11 22 11 14 41 44 44 22 23 14 33 22 44 23 33 31
1 33 44 22 33 11 33 22 14 44 11 44 41 22 23 44 23 23 41 22 33 31
1 32 34 22 23 11 13 22 11 14 41 44 44 22 23 11 33 23 41 33 33 31
1 33 33 22 23 11 11 22 14 11 41 44 44 22 22 11 22 23 44 22 33 31
1 33 34 22 23 11 11 22 11 14 44 44 44 22 22 11 22 23 44 22 33 33
1 33 34 23 22 14 13 24 14 14 41 44 44 22 22 14 23 33 44 23 32 33
1 33 34 22 23 11 13 22 11 11 44 41 41 22 22 14 23 23 44 22 33 33
1 32 34 22 33 14 11 22 11 44 11 44 44 24 23 44 33 22 41 23 33 33
1 33 34 22 33 11 13 22 14 14 44 41 41 22 23 11 33 22 44 33 33 33
1 33 34 33 33 11 11 22 11 14 11 44 44 22 23 44 22 33 11 23 33 33
1 33 34 22 22 14 13 22 11 14 44 44 44 24 22 14 22 23 44 23 33 33
1 33 34 22 33 11 13 24 11 14 41 41 44 24 23 44 22 22 11 23 33 31
1 33 33 22 23 14 11 24 11 11 41 44 44 22 23 11 23 23 41 22 32 33
1 33 34 23 33 11 11 24 14 14 41 44 44 22 23 14 22 22 41 22 33 31
1 33 34 23 33 11 11 24 11 14 41 41 44 22 33 14 22 23 41 22 33 31
1 33 34 23 23 11 13 22 11 14 41 44 44 24 22 11 22 23 44 22 33 33
1 32 34 23 23 14 13 22 44 44 44 41 41 24 23 44 33 23 41 22 32 33
1 33 34 22 22 11 13 22 11 11 41 44 44 22 23 14 33 23 11 23 33 33
1 33 33 22 23 11 13 22 11 11 41 41 44 44 23 11 22 23 44 22 33 33
1 33 34 22 23 14 13 22 11 14 44 41 41 24 22 11 23 23 44 23 32 31
1 33 44 22 23 14 11 24 11 11 41 41 44 22 22 11 33 23 11 22 33 31
1 32 34 22 33 14 33 24 11 14 44 44 44 22 22 14 22 23 44 22 33 33
1 32 33 23 22 11 11 44 11 11 41 41 44 22 23 11 33 23 11 23 33 33
1 33 34 22 23 14 13 22 11 14 44 41 44 22 23 11 22 33 11 23 33 33
1 33 33 22 22 14 11 22 11 14 41 41 44 22 33 11 33 23 44 22 33 33
1 33 34 22 33 11 11 24 11 14 41 44 44 24 22 11 23 22 41 23 33 31
1 33 34 22 23 11 33 44 11 11 41 44 44 22 22 11 33 23 41 22 33 33
1 32 33 22 22 14 13 24 11 14 44 44 44 22 23 44 23 22 11 23 33 31
1 32 44 23 33 11 11 24 44 44 11 44 11 24 22 14 33 33 11 23 33 11
1 33 34 22 23 11 13 22 11 14 41 44 41 22 22 14 22 23 41 22 33 33
1 33 33 22 23 11 13 22 11 14 44 44 41 22 22 11 22 23 44 23 33 33
1 33 33 22 22 11 11 22 11 11 41 41 44 22 22 11 23 22 44 22 33 33
1 33 34 22 23 11 13 24 14 14 44 44 44 22 22 14 33 23 44 22 33 33
1 33 34 23 22 11 11 22 11 14 41 41 44 24 23 44 33 33 11 22 32 33
1 33 44 23 33 14 11 24 11 14 41 41 44 24 22 11 23 23 41 22 33 33
1 33 34 22 23 11 11 22 11 11 44 44 44 22 22 14 22 23 41 22 33 31
1 32 34 23 22 14 11 22 11 11 11 44 41 24 23 44 33 23 11 23 33 11
1 33 33 22 22 11 11 22 11 11 44 44 44 22 22 11 23 23 41 22 33 33
1 33 34 22 23 11 11 22 14 11 41 44 44 22 22 14 22 23 44 22 33 33
1 33 33 22 33 11 13 22 11 14 41 44 41 24 23 11 33 23 44 33 33 31
1 32 34 23 23 11 13 22 11 11 41 11 44 22 22 14 23 23 41 22 33 31
1 32 44 22 23 11 13 22 44 14 44 44 44 22 22 11 22 23 41 22 33 31
1 32 34 23 33 14 33 24 14 44 41 41 41 24 23 14 33 23 11 23 32 31
1 32 33 22 22 11 13 22 11 11 11 11 44 22 33 44 33 23 41 22 33 33
1 33 34 23 22 11 11 22 11 44 11 41 41 24 22 11 22 23 41 23 33 33
1 33 34 22 23 11 11 22 11 11 41 44 44 24 33 11 23 22 44 22 33 33
1 33 34 22 23 11 11 22 11 11 41 44 44 24 22 44 33 23 44 22 33 31
1 32 34 22 23 11 33 22 11 11 41 41 41 24 23 14 23 23 41 33 33 33
1 33 34 23 23 11 13 24 11 11 44 44 44 22 22 14 23 23 44 22 33 31
1 33 33 22 33 14 13 24 11 11 44 44 44 22 22 11 22 23 44 23 33 33
1 33 33 23 22 11 11 22 11 11 44 44 41 22 22 11 22 23 41 23 32 33
1 33 44 22 23 11 11 22 14 11 44 41 44 22 23 14 22 33 11 22 33 33
1 33 33 22 23 14 13 22 14 44 41 44 44 24 23 14 33 22 41 23 32 33
1 33 34 22 33 11 11 24 11 11 41 41 44 22 22 44 23 22 41 23 33 31
1 33 44 22 33 14 11 22 14 14 41 41 41 24 33 14 23 23 11 33 32 33
1 33 33 23 22 11 13 22 11 14 44 44 44 22 22 14 23 23 11 33 33 33
1 33 33 33 33 14 33 44 11 14 41 11 44 44 23 14 23 33 44 33 32 11
1 33 33 22 22 11 11 22 11 11 41 44 44 22 22 11 22 22 11 22 33 33
1 33 34 22 23 11 11 22 11 11 11 41 44 22 22 11 23 22 41 22 32 33
1 33 33 22 23 11 13 22 11 11 44 41 44 22 23 11 23 23 41 23 33 33
1 33 34 22 23 11 11 22 11 14 11 41 44 22 22 14 22 22 11 22 33 31
1 32 34 23 22 14 13 22 11 14 44 44 44 24 22 14 23 33 11 23 33 31
1 33 34 22 23 14 11 22 14 14 44 41 41 22 22 14 23 33 41 23 32 31
1 33 34 22 33 11 13 22 14 11 44 44 41 24 23 14 22 23 41 23 33 33
1 33 34 23 33 14 13 24 44 44 44 41 11 22 33 14 23 33 11 23 32 31
1 33 34 33 22 14 33 22 11 11 41 44 41 22 23 14 23 23 41 33 32 31
1 33 33 22 22 11 13 22 11 14 41 44 44 22 22 11 22 22 44 22 33 33
1 32 34 22 23 11 13 24 11 14 41 44 44 22 22 11 23 23 44 22 33 33
1 33 33 23 23 11 11 22 11 11 44 41 44 22 23 14 23 22 44 22 32 33
1 33 34 23 22 11 11 22 11 11 44 44 44 22 22 14 22 23 41 22 33 33
1 33 33 23 22 14 11 22 11 11 44 44 44 22 22 14 22 22 44 22 33 33
1 33 44 22 23 11 13 24 14 14 44 44 44 24 22 14 23 22 41 23 32 33
1 33 34 23 22 11 13 24 11 11 44 44 44 22 22 14 23 22 44 23 33 33
1 33 33 22 23 11 13 22 11 14 41 11 44 22 22 14 22 23 41 22 33 33
1 33 33 33 33 14 11 22 11 11 41 44 44 24 23 11 23 22 41 22 33 33
1 32 34 23 22 11 11 24 11 14 44 44 41 22 23 14 23 22 41 23 33 31
1 33 33 22 33 11 11 24 11 14 44 44 44 24 23 14 23 23 41 22 33 33
1 33 33 22 22 11 11 22 11 11 44 41 41 22 22 14 23 22 11 23 33 33
1 33 33 23 33 14 11 24 11 11 41 41 44 22 23 44 23 23 44 23 33 11
1 33 34 33 33 14 13 22 11 11 44 41 44 22 23 14 23 23 11 22 33 33
1 33 34 22 23 11 11 24 11 14 44 44 44 22 22 11 23 23 44 23 32 31
1 33 33 22 23 11 13 22 11 11 11 44 44 24 23 11 23 23 41 22 32 33
1 32 34 22 23 11 33 22 11 14 41 41 44 22 33 14 22 23 41 23 33 31
1 33 44 22 23 14 13 22 11 14 41 44 44 22 22 11 22 22 41 22 32 11
1 33 44 22 23 14 33 44 14 44 44 41 44 22 23 11 23 33 41 23 32 31
1 33 33 22 22 11 13 22 11 11 41 44 44 24 22 11 22 23 41 22 33 33
1 33 34 23 23 14 13 24 11 11 41 41 41 24 23 44 23 22 41 23 32 31
1 32 34 22 33 11 13 24 14 14 11 11 44 24 23 44 33 23 41 33 33 33
1 33 34 22 22 44 13 24 14 14 11 11 41 24 22 14 23 33 44 22 33 11
1 33 33 22 23 14 13 22 11 11 44 44 44 22 22 11 23 22 41 33 33 33
1 33 34 22 22 14 11 22 11 11 44 44 44 22 22 44 22 22 44 23 33 33
1 33 34 22 23 11 11 24 11 11 41 44 44 22 22 14 23 23 11 23 33 33
1 33 44 22 23 14 33 22 14 11 44 44 41 22 33 11 23 33 41 23 22 33
1 32 34 22 33 14 13 22 11 14 44 41 44 22 23 14 23 23 44 23 33 31
1 33 34 22 22 11 33 22 11 14 44 41 44 22 23 14 23 23 41 22 33 33
1 22 34 22 23 11 13 22 11 14 41 41 11 22 23 11 22 23 41 23 33 33
1 33 33 23 23 11 13 22 11 14 41 44 44 22 22 14 23 23 41 23 33 33
1 32 34 22 22 11 11 24 14 14 41 44 41 22 22 11 23 23 44 22 33 31
1 33 44 23 23 11 13 22 14 14 41 11 44 24 22 14 23 23 41 22 33 31
1 32 34 22 33 11 11 22 11 11 44 41 44 44 23 44 23 23 11 23 33 33
1 33 33 23 23 11 13 22 11 11 11 41 41 22 22 44 23 23 44 23 33 11
1 33 33 22 23 11 11 22 11 14 41 41 41 22 23 11 23 22 41 23 32 33
1 33 34 22 22 11 13 22 11 11 44 44 44 22 23 14 22 22 44 22 33 33
1 33 34 22 33 14 13 24 14 11 44 44 44 24 23 44 33 23 41 33 33 31
1 33 34 22 33 14 13 24 14 11 11 11 44 22 23 14 23 22 41 23 33 31
1 33 33 22 23 11 11 24 11 11 44 44 44 24 23 14 23 23 41 23 32 31
1 33 34 22 23 11 11 22 14 11 41 41 44 22 22 11 22 22 44 22 33 33
1 33 34 22 23 14 13 24 11 11 44 44 44 22 22 11 23 23 41 22 32 33
1 33 44 22 22 14 13 22 11 11 41 41 44 24 23 14 23 23 11 23 33 33
1 32 33 22 22 14 13 22 11 11 44 44 44 22 22 11 22 22 41 22 33 33
1 32 34 22 23 11 33 24 14 44 41 41 44 22 22 44 23 33 41 22 33 33
1 33 44 22 23 14 11 22 11 14 41 41 44 22 23 11 23 33 41 22 33 33
1 32 33 23 22 11 13 22 11 11 44 44 44 24 22 14 23 23 11 23 33 33
1 33 33 23 33 11 13 22 11 11 41 44 41 22 22 14 33 23 11 22 33 33
1 32 44 22 33 14 13 24 14 44 11 11 44 24 22 44 33 33 11 23 33 11
1 32 34 22 33 11 33 22 11 14 41 41 44 22 22 44 23 22 44 23 33 31
1 33 44 23 33 44 13 24 44 44 44 11 41 22 33 14 33 23 11 22 32 11
1 33 33 22 33 14 11 24 11 14 44 44 44 22 22 14 22 22 41 22 33 33
1 33 34 23 33 14 13 24 11 44 41 41 41 22 23 14 23 22 41 23 33 33
1 33 34 22 23 11 11 24 11 11 41 41 44 24 22 14 22 22 11 22 33 33
1 33 34 23 23 11 13 24 11 14 41 41 44 24 23 11 23 23 41 22 32 31
1 33 34 22 23 11 11 22 11 11 44 44 41 24 23 14 33 23 11 22 33 33
1 33 33 23 23 11 11 22 11 14 44 44 44 22 22 14 22 23 41 22 33 33
1 33 33 23 23 11 33 22 11 11 44 41 44 22 23 14 33 33 41 22 33 33
1 33 33 22 33 11 11 22 11 14 44 44 44 22 22 11 22 22 44 23 33 33
1 33 34 23 23 11 13 22 11 11 44 44 44 24 22 14 22 23 44 23 33 31
1 32 44 23 22 14 11 24 14 11 41 41 44 22 22 11 23 23 11 23 33 33
1 32 34 23 33 14 13 24 14 14 41 41 41 22 33 44 23 23 11 23 33 31
1 33 44 23 23 14 13 24 11 11 44 44 44 24 23 14 23 33 41 22 33 33
1 33 34 22 22 14 13 22 11 14 44 44 44 22 23 11 23 22 44 22 32 33
1 33 33 22 22 11 13 22 11 11 44 44 44 22 22 11 22 22 44 22 32 33
1 33 34 23 22 14 13 22 11 14 44 44 44 24 22 14 23 23 44 23 33 33
1 32 34 22 23 11 13 22 11 14 44 44 41 22 22 14 23 33 41 23 33 33
1 33 34 22 33 11 11 22 14 11 44 41 44 24 22 14 22 33 11 23 33 31
1 33 34 22 22 11 11 22 11 11 44 44 41 24 22 11 23 22 44 23 33 33
1 33 44 22 33 11 13 24 11 14 44 44 41 22 22 14 23 23 44 23 33 31
1 33 33 23 33 14 11 22 11 14 44 41 41 22 23 11 23 33 41 22 33 33
1 33 33 22 23 14 11 22 14 44 11 44 44 22 23 14 22 23 44 22 22 33
1 33 33 22 33 11 11 22 14 11 41 44 44 24 23 44 22 23 44 23 33 33
1 33 34 22 23 11 33 22 11 11 41 41 41 22 22 11 23 23 41 23 33 31
1 32 34 22 23 11 13 24 11 14 41 44 44 22 23 14 22 22 41 23 32 31
1 33 44 22 23 14 13 24 11 14 41 44 44 22 23 14 22 33 41 33 33 33
1 32 33 23 22 14 11 22 11 14 11 41 41 22 23 14 23 33 11 22 33 33
1 33 44 23 23 14 13 22 11 14 41 41 41 24 22 44 23 33 41 23 33 33
1 33 44 22 22 11 13 22 11 14 41 44 44 22 23 44 22 23 44 23 33 33
1 33 44 23 33 14 11 22 11 11 41 44 44 24 23 14 23 23 41 23 33 31
1 32 33 22 23 11 13 22 11 14 41 41 41 22 22 14 23 23 41 23 33 33
1 33 34 22 22 14 13 22 11 11 41 41 44 24 22 14 23 22 41 22 33 33
1 33 33 23 23 14 13 22 11 44 41 41 44 22 23 14 33 23 44 22 32 31
1 33 33 23 23 11 13 22 11 11 41 41 44 22 22 11 23 22 41 22 33 33
1 33 44 22 33 11 13 24 14 14 41 41 11 24 33 14 33 22 11 33 22 33
1 33 34 22 22 11 13 22 14 14 41 41 44 22 22 11 23 33 41 22 33 31
1 33 33 22 23 14 13 22 11 11 41 44 44 22 22 44 22 23 44 22 33 33
1 33 34 22 23 14 13 22 11 14 41 41 44 24 22 44 23 22 11 33 33 31
1 33 34 22 22 14 13 24 11 11 41 44 44 22 22 11 23 23 41 22 33 33
1 33 34 23 23 11 13 22 11 11 41 41 41 22 22 14 22 23 44 22 32 33
1 32 44 22 33 11 13 22 11 14 11 44 44 22 22 14 23 23 41 22 32 31
1 33 34 22 23 11 13 22 11 14 11 44 44 22 23 14 23 23 44 22 33 33
1 32 44 23 23 14 11 22 11 14 41 44 44 24 23 44 23 23 41 23 33 33
1 33 34 23 33 11 13 22 11 44 41 41 44 22 22 44 23 22 44 22 33 33
1 32 44 22 23 11 13 22 14 14 44 41 44 24 22 11 33 23 44 22 33 33
1 33 44 22 23 11 13 22 11 11 41 41 41 22 23 44 23 23 44 23 33 31
1 33 34 22 33 11 13 22 11 14 44 41 44 22 22 14 23 23 41 23 32 33
1 33 34 23 23 44 13 24 14 14 11 41 44 24 23 14 33 23 41 22 32 11
1 22 44 23 33 44 13 24 11 44 11 11 44 24 33 44 33 23 11 23 32 31
1 33 34 22 33 11 13 22 11 11 41 44 44 24 23 14 23 23 41 23 33 31
1 33 33 22 22 11 11 22 11 11 11 41 44 22 22 11 23 23 41 22 33 33
1 33 34 22 33 44 13 24 11 11 11 44 44 22 23 44 23 23 41 23 32 31
1 33 34 22 33 11 11 24 11 14 41 44 44 22 23 11 23 22 41 22 33 31
1 33 33 22 22 11 11 22 11 11 44 44 44 22 23 11 22 22 41 22 33 31
1 33 33 22 23 11 13 22 11 14 44 44 44 22 22 11 22 33 44 23 33 31
1 33 34 22 23 14 11 24 11 11 41 11 44 22 22 11 23 22 11 23 33 33
1 33 34 22 23 11 11 22 11 11 41 41 44 22 23 14 33 22 44 23 33 33
1 33 34 23 23 11 11 22 11 14 44 41 41 22 22 14 33 23 41 22 33 33
1 33 34 23 23 11 11 22 11 11 41 44 41 22 22 14 23 22 41 33 22 33
1 33 34 22 23 11 13 22 11 11 41 41 44 24 22 14 22 22 44 22 32 33
1 33 33 22 33 11 13 22 11 14 44 44 44 22 22 11 22 23 44 23 33 33
1 33 44 23 22 11 33 22 11 11 44 41 44 24 22 14 33 23 41 22 33 31
1 32 44 23 33 14 13 24 11 11 11 41 44 22 33 14 23 23 44 22 33 33
1 33 34 22 22 11 11 22 11 44 41 44 44 22 22 11 23 22 44 23 33 33
1 32 44 22 23 14 11 22 11 11 41 41 44 22 22 14 23 22 11 22 33 31
1 33 34 23 23 11 13 22 11 14 44 44 44 22 22 14 22 22 41 22 33 33
1 32 33 23 23 14 13 24 14 11 41 44 41 22 22 14 23 22 41 23 32 31
1 33 34 22 23 11 11 22 14 11 44 41 44 22 23 14 33 22 11 23 32 31
1 32 34 22 22 14 11 22 11 14 41 44 44 22 23 11 22 23 44 23 33 33
1 32 34 33 23 14 13 24 14 14 44 41 44 22 23 44 23 33 44 22 33 31
1 22 44 33 33 11 33 24 14 14 41 11 41 22 23 11 23 33 41 22 32 31
1 33 33 22 33 11 13 44 11 11 44 44 44 22 22 44 22 22 44 22 33 33
1 33 34 22 22 11 11 22 11 11 41 41 41 24 23 11 23 23 41 33 33 33
1 33 34 22 22 14 11 24 11 11 41 11 41 22 23 11 33 23 44 33 22 11
1 33 33 22 23 11 13 22 11 44 44 44 44 22 22 11 22 22 44 22 33 33
1 33 34 22 23 11 13 22 11 11 41 44 41 22 22 11 33 22 44 22 33 31
1 33 33 23 23 11 13 22 11 14 44 41 44 44 23 14 23 23 41 23 32 33
1 33 44 23 23 11 13 24 14 11 44 11 44 22 22 14 33 23 11 22 33 33
1 33 33 22 23 11 13 22 14 44 41 41 44 24 23 11 33 22 44 23 33 31
1 33 34 23 23 11 13 22 11 14 44 44 44 22 23 14 23 23 41 22 33 33
1 33 34 22 23 11 13 22 11 11 41 44 41 24 22 14 22 23 44 22 33 33
1 33 34 23 22 14 13 22 11 14 11 44 41 22 23 11 33 23 41 23 32 31
1 32 44 23 23 14 13 44 11 44 41 41 41 24 22 44 23 22 41 23 32 31
1 33 33 23 23 14 11 22 11 11 44 44 41 22 23 11 33 22 41 22 33 33
1 33 34 22 22 11 11 22 11 11 44 44 41 22 22 11 22 22 44 22 33 33
1 33 34 22 33 11 11 22 11 14 11 41 44 22 22 14 22 23 41 22 32 31
1 33 34 22 22 11 11 22 11 14 41 44 41 22 23 14 22 22 41 23 32 31
1 32 34 23 23 11 13 22 11 14 44 41 44 22 22 11 22 22 41 23 32 31
1 33 34 22 22 11 13 44 11 11 41 44 44 22 33 14 23 22 11 23 33 31
1 33 34 22 33 14 33 22 11 14 41 44 44 22 23 14 23 22 41 23 33 31
1 33 34 22 33 11 11 24 11 14 44 41 44 22 22 14 22 23 41 23 33 31
1 33 34 23 22 14 11 22 11 11 44 41 41 22 22 14 23 33 41 22 33 31
1 33 34 23 23 11 13 22 11 14 41 44 44 22 23 11 22 33 41 23 33 31
1 32 33 22 23 14 13 22 11 11 44 41 44 22 23 14 22 33 44 23 33 33
1 33 33 22 23 11 13 22 11 11 44 44 44 22 23 14 23 23 11 22 33 33
