 rs2870446 rs2744720 rs17356059 rs2807349 rs2807347 rs3765340 rs2473246 rs7513455 rs2473247 rs17356087 rs2473252 rs2473253 rs12080095 rs2744728 rs2505722 rs2807345 rs10917176 rs7552560 rs1569583 rs2744731
0 31 23 33 33 42 32 32 44 33 22 14 32 24 32 22 33 32 13 23 23
0 31 22 33 31 44 33 32 44 32 23 11 32 24 32 22 33 33 11 23 23
0 31 23 33 31 42 32 33 41 33 23 14 32 24 33 24 33 22 13 22 22
0 33 22 33 31 44 32 33 44 32 23 11 32 22 32 22 22 33 11 22 33
0 33 23 32 33 42 32 32 41 33 33 11 33 24 33 22 32 32 13 22 22
0 33 22 33 33 44 32 33 44 32 23 11 33 22 32 22 33 32 11 22 22
0 33 22 33 33 44 32 33 41 33 22 14 33 24 32 24 33 33 11 22 22
0 33 23 33 33 44 32 33 44 33 23 11 32 24 32 22 33 32 11 22 22
0 31 22 32 33 44 32 33 41 32 23 11 33 22 32 22 32 33 11 33 22
0 33 23 32 31 42 32 33 44 33 22 11 32 22 33 24 33 33 11 23 22
0 31 22 33 33 44 32 33 44 32 23 14 32 22 33 44 33 33 11 23 33
0 11 23 32 33 44 33 32 11 32 22 14 33 22 33 24 22 32 11 23 23
0 33 22 33 33 42 33 33 44 32 23 14 33 22 32 22 33 33 13 22 22
0 31 22 33 33 44 33 33 44 33 22 11 33 24 32 24 33 33 13 22 22
0 31 23 33 33 44 32 33 41 22 22 11 32 24 33 24 32 22 13 22 23
0 33 23 33 31 42 33 33 44 32 23 14 33 22 22 22 32 32 11 22 22
0 33 22 33 33 42 33 33 41 32 23 14 33 24 32 22 33 33 11 23 22
0 33 22 33 33 44 33 33 44 32 22 11 33 22 33 22 33 33 13 22 22
0 33 33 32 33 42 33 33 44 32 23 11 33 24 33 24 33 32 13 23 22
0 31 22 33 33 44 22 33 44 32 22 11 32 22 33 22 33 32 13 23 33
0 31 23 33 33 22 33 32 44 33 33 44 33 22 22 22 33 32 11 23 33
0 33 22 32 31 42 33 33 44 32 33 11 33 22 32 22 33 32 11 22 23
0 11 23 32 33 22 32 32 41 32 33 11 32 22 32 24 33 33 11 22 22
0 33 23 33 31 42 32 32 44 33 23 11 32 22 33 22 32 33 11 22 23
0 31 33 32 33 44 33 33 41 32 23 44 33 24 32 22 33 22 11 23 33
0 33 22 33 31 44 33 33 44 33 23 11 32 22 33 22 33 33 11 22 23
0 33 22 33 31 44 33 33 44 33 22 11 33 24 33 22 33 33 11 22 22
0 33 22 33 33 42 32 33 44 32 23 11 33 44 33 24 33 32 11 22 22
0 33 22 33 33 44 33 33 44 22 23 14 33 22 33 22 32 32 13 22 22
0 33 23 32 33 44 33 33 44 33 23 11 33 22 32 22 32 32 11 22 22
0 31 23 32 31 42 33 33 11 22 22 14 32 24 33 24 33 32 13 22 22
0 33 22 33 33 44 33 32 44 22 23 11 32 22 22 24 33 32 13 22 22
0 33 33 33 33 42 32 22 44 32 23 11 32 24 32 22 33 33 11 22 33
0 33 22 33 33 44 33 33 44 33 23 11 33 22 33 24 33 33 11 22 22
0 33 22 33 33 42 32 33 44 32 23 11 33 22 32 24 33 33 11 23 22
0 33 23 33 31 44 32 33 44 32 23 14 22 22 32 44 33 32 13 22 33
0 31 23 32 31 42 33 32 41 33 23 14 32 22 33 22 32 33 11 22 23
0 31 23 33 33 42 32 22 44 32 22 14 33 24 32 24 32 22 11 33 22
0 33 22 33 33 44 33 33 41 33 22 11 33 22 33 22 33 33 11 22 23
0 33 22 33 33 44 33 33 44 22 22 14 33 24 32 24 33 33 11 22 22
0 33 22 32 31 44 33 33 44 33 22 11 33 22 32 22 33 32 13 23 22
0 33 22 33 33 42 33 33 44 33 22 44 33 22 33 22 33 32 11 23 22
0 31 23 33 33 44 33 33 44 32 22 14 32 22 33 22 33 33 11 22 22
0 33 23 32 33 42 32 32 41 32 22 14 33 22 32 22 32 22 11 22 23
0 33 33 32 31 44 32 32 44 33 23 14 33 24 33 22 33 32 33 22 23
0 33 22 32 33 44 33 32 44 32 22 11 32 22 33 22 33 33 13 23 22
0 33 22 32 33 44 32 33 44 32 23 11 32 22 32 24 33 33 13 22 22
0 33 22 33 31 44 33 33 44 33 22 11 33 22 33 22 33 33 11 22 22
0 33 23 33 31 44 32 33 41 33 22 11 32 22 32 24 33 22 11 22 23
0 33 22 33 31 42 33 33 44 32 22 11 22 24 22 22 33 33 11 22 22
0 31 22 33 33 42 33 33 44 33 22 11 33 22 32 22 33 33 13 22 22
0 31 33 33 33 42 33 33 11 22 23 11 22 44 32 22 33 32 13 33 23
0 31 23 32 33 42 33 33 11 33 23 14 33 22 32 24 32 32 11 22 22
0 31 22 33 33 44 32 33 44 32 23 11 32 22 33 22 33 33 11 23 22
0 31 23 32 33 44 33 33 41 32 22 11 33 24 33 24 33 33 13 23 23
0 33 23 33 33 42 33 33 44 33 23 11 33 22 33 22 33 32 13 33 22
0 33 22 33 31 44 33 33 44 33 23 44 33 24 32 22 32 33 13 22 22
0 11 23 22 33 44 32 33 44 32 23 14 33 22 33 22 32 32 13 23 23
0 33 33 33 31 42 32 33 41 33 23 44 32 44 32 22 32 32 11 22 23
0 33 23 33 33 44 33 33 44 33 22 11 33 22 33 22 33 33 13 22 22
0 33 22 33 31 44 33 32 41 33 23 14 33 22 33 22 33 32 11 22 22
0 33 22 32 33 44 33 33 44 33 22 14 33 22 32 24 32 33 11 22 23
0 33 22 33 33 42 32 32 41 22 22 14 32 22 33 22 33 22 33 23 23
0 31 22 33 33 44 33 32 44 33 22 14 33 22 33 22 33 32 11 22 22
0 33 22 33 31 42 33 32 44 33 23 11 33 24 33 22 33 32 11 23 22
0 33 22 33 33 42 33 33 44 33 22 11 33 22 33 24 33 33 11 23 22
0 31 23 32 33 44 32 33 44 32 23 14 32 22 33 22 33 33 11 22 22
0 33 22 33 33 44 33 33 44 33 22 11 33 22 33 24 32 33 11 22 23
0 31 33 33 31 44 33 33 41 22 23 11 33 22 32 24 32 32 13 22 23
0 33 23 32 33 44 32 32 41 33 33 11 33 22 22 24 33 33 11 22 22
0 31 23 32 33 44 32 32 11 32 33 14 32 22 32 24 32 22 13 22 23
0 33 22 22 33 44 33 32 41 32 22 11 32 22 33 24 33 32 13 33 23
0 33 22 32 33 44 32 33 44 32 23 14 32 22 32 22 32 22 11 22 22
0 33 23 33 11 42 22 32 44 32 22 44 33 22 33 22 33 33 11 23 23
0 33 33 32 31 42 33 33 11 33 22 14 32 24 33 22 33 32 33 22 22
0 31 23 32 33 22 33 32 44 33 23 14 33 22 32 22 33 32 13 22 23
0 11 23 32 31 42 32 33 41 32 22 44 32 22 33 24 32 22 13 23 33
0 33 22 33 33 44 33 32 44 32 23 11 32 22 33 22 33 33 13 23 22
0 11 23 33 33 44 32 32 41 33 23 11 33 44 32 22 33 22 11 23 22
0 33 23 33 33 44 33 32 41 33 23 11 33 22 22 24 32 32 11 22 23
0 33 22 33 33 44 33 33 44 32 23 14 33 22 32 22 33 33 13 22 22
0 33 22 22 11 22 22 33 41 32 22 44 22 24 22 24 32 32 11 22 23
0 33 23 33 31 44 33 32 44 32 23 14 22 24 32 24 33 32 13 22 23
0 33 33 33 33 44 32 33 41 32 22 11 33 24 32 22 32 33 13 22 23
0 33 22 32 33 44 33 32 41 32 22 14 33 22 33 22 32 33 11 23 22
0 31 22 32 31 44 33 33 44 32 22 14 32 22 32 22 33 32 33 22 22
0 33 22 33 31 44 33 32 44 33 22 11 33 22 33 22 33 33 13 22 23
0 33 23 33 33 44 33 33 44 33 22 14 33 22 33 22 32 33 11 23 22
0 31 22 33 33 42 32 33 41 32 22 11 33 22 32 24 33 33 11 33 22
0 11 22 33 31 42 33 33 44 22 22 11 32 44 32 44 32 32 13 22 22
0 33 23 33 31 42 33 32 41 22 23 14 32 22 32 24 33 33 11 22 22
0 33 22 33 33 42 32 33 41 32 23 11 33 22 33 22 32 33 11 22 23
0 33 33 32 33 44 33 33 41 33 22 11 32 22 33 22 32 32 11 23 22
0 31 23 22 31 44 22 32 44 22 33 44 32 22 33 22 33 32 13 22 23
0 31 23 32 33 42 33 33 41 33 22 44 33 22 33 22 32 32 33 22 23
0 31 22 33 33 42 32 33 41 22 22 11 33 22 32 24 33 32 13 23 23
0 31 22 33 33 42 22 32 44 22 23 11 33 24 32 22 22 32 33 23 23
0 33 23 33 33 42 33 33 44 33 23 11 33 22 33 22 33 33 11 22 22
0 31 22 32 33 44 33 33 44 33 23 44 33 22 33 24 33 33 13 22 22
0 33 22 32 33 22 33 33 44 33 23 11 33 22 33 22 33 33 11 23 22
0 31 22 33 33 44 32 33 41 32 23 11 33 24 33 22 33 33 13 22 22
0 11 22 32 31 44 33 33 44 33 33 11 32 22 33 24 33 22 11 23 22
0 31 22 33 31 42 32 32 41 32 23 14 33 24 33 22 33 32 33 23 23
0 31 23 33 33 42 33 32 44 33 23 11 33 22 33 24 33 33 13 22 22
0 33 23 32 33 22 33 33 41 33 22 14 32 24 33 24 33 32 13 22 22
0 33 22 32 31 44 32 33 44 33 22 11 33 24 32 22 33 32 13 23 22
0 33 22 33 33 44 33 33 44 33 22 11 33 22 32 22 33 22 13 22 22
0 33 23 33 33 44 32 33 44 33 22 11 22 22 33 22 33 32 11 23 22
0 31 22 32 31 42 32 32 41 32 23 14 32 22 32 22 33 33 13 22 23
0 33 23 33 33 42 33 32 41 32 23 14 33 24 33 24 33 32 11 23 22
0 33 23 33 33 42 22 33 44 33 22 14 32 22 33 22 33 33 11 22 22
0 31 23 32 33 44 33 32 44 33 22 11 32 22 33 22 33 32 13 22 23
0 33 22 33 33 42 33 33 41 22 23 44 33 24 32 24 33 33 13 22 22
0 33 22 33 31 42 32 32 44 33 22 14 32 22 33 22 33 33 13 22 22
0 33 22 33 33 44 32 32 44 33 23 11 32 22 33 22 32 32 13 22 22
0 33 23 33 31 44 32 32 41 32 22 14 32 22 33 24 33 22 11 22 23
0 31 22 33 31 42 32 32 44 33 22 14 32 24 33 22 33 33 11 22 22
0 31 22 33 33 44 33 32 44 33 22 14 32 22 33 24 33 33 11 22 23
0 33 22 33 33 44 33 33 44 33 22 11 33 22 33 22 33 22 13 22 23
0 33 22 32 33 44 33 32 41 32 22 11 33 22 33 22 33 33 11 23 22
0 31 23 32 31 22 22 33 44 33 23 14 32 22 33 44 32 22 33 22 33
0 33 22 32 33 44 32 33 44 32 22 11 33 22 33 22 33 22 13 22 33
0 31 22 32 33 44 32 32 44 33 23 11 32 22 33 24 33 22 33 22 22
0 33 22 33 33 44 33 32 44 32 22 11 32 22 33 22 33 33 11 22 22
0 33 23 33 33 44 32 33 41 33 33 11 32 24 33 24 33 33 33 23 23
0 31 22 33 31 44 33 33 44 32 22 14 33 22 32 24 33 32 13 23 22
0 11 22 33 11 42 32 32 41 22 23 11 33 22 33 22 33 32 11 33 33
0 33 22 32 33 44 33 33 44 33 22 11 33 22 22 22 33 33 11 23 22
0 31 23 32 33 42 32 22 11 33 23 14 22 24 32 22 22 22 13 22 23
0 33 22 32 33 44 33 33 44 33 23 14 33 22 22 24 33 22 11 22 23
0 31 22 33 33 42 32 33 44 33 22 44 33 24 33 22 33 32 11 22 23
0 33 22 33 31 42 33 32 44 33 23 14 32 22 32 22 22 33 13 33 23
0 33 22 32 33 44 33 33 44 33 22 11 33 24 33 22 33 32 13 22 22
0 31 22 32 31 44 33 33 44 33 22 11 33 22 32 22 32 32 13 22 22
0 33 23 32 33 42 33 33 11 22 22 11 33 22 33 22 33 32 13 22 22
0 33 22 32 33 42 33 32 44 33 22 11 33 22 32 22 33 32 11 23 23
0 33 22 33 33 44 33 22 44 33 23 14 32 24 32 22 22 32 13 22 22
0 33 23 32 33 42 32 32 44 32 22 14 32 24 32 22 32 33 11 23 23
0 31 23 32 33 44 33 32 44 33 22 11 33 22 32 22 33 32 11 22 22
0 33 23 32 33 44 22 32 41 32 23 14 32 22 32 22 22 32 11 33 22
0 31 22 32 33 42 22 32 41 32 23 11 33 22 32 24 33 33 11 22 22
0 31 23 32 31 44 32 22 41 32 23 14 32 44 32 22 32 22 13 23 23
0 33 22 33 33 44 33 32 44 32 23 11 33 22 32 22 33 32 11 22 23
0 31 22 32 33 42 32 33 41 33 22 14 33 22 22 24 22 33 11 23 22
0 33 23 22 11 42 33 32 44 33 22 11 32 24 32 24 33 22 11 23 33
0 33 22 32 31 22 32 32 44 33 22 11 32 22 32 22 33 32 13 23 22
0 33 22 32 33 44 33 33 44 32 22 11 33 22 32 24 33 33 13 22 22
0 33 22 32 33 44 33 33 44 33 22 14 33 22 32 22 22 32 11 22 23
0 33 23 32 31 42 33 33 44 32 22 14 33 24 32 22 32 33 33 23 22
0 33 22 32 31 42 32 32 44 32 23 11 32 22 33 22 33 32 13 23 22
0 33 22 32 31 44 32 22 44 32 22 14 33 22 32 24 32 32 33 23 23
0 11 33 33 31 44 33 33 41 32 23 14 32 22 32 44 32 33 13 22 23
0 33 22 32 33 42 33 32 44 33 22 11 33 22 33 22 33 22 11 22 23
0 33 33 33 33 44 32 33 41 32 22 11 33 22 33 22 32 22 11 22 22
0 11 33 32 11 44 32 22 41 32 33 44 22 22 32 24 32 32 33 23 33
0 31 33 33 33 44 33 32 44 22 22 11 32 22 33 24 33 33 11 22 22
0 31 22 33 33 44 32 33 44 32 23 14 33 22 32 22 33 22 11 22 23
0 33 23 32 33 42 32 32 44 33 22 14 32 22 33 22 33 33 11 22 33
0 33 23 33 33 44 32 33 44 32 23 44 32 24 33 22 32 33 11 23 22
0 31 22 33 31 42 32 33 44 32 22 11 32 24 32 24 32 33 11 33 23
0 11 22 22 33 42 33 33 44 33 23 14 32 22 33 22 32 33 11 23 23
0 33 22 32 33 22 33 32 44 32 23 14 33 22 32 24 33 33 11 22 33
0 33 22 32 33 44 33 32 44 32 23 14 32 22 33 22 33 33 11 22 22
0 31 22 33 33 42 32 33 44 33 23 14 32 24 32 24 32 32 11 22 23
0 31 22 32 31 44 32 33 44 33 23 14 32 22 22 22 32 33 13 23 23
0 31 22 33 33 44 32 32 41 33 23 11 32 24 33 22 32 22 11 22 23
0 31 22 32 31 42 32 32 41 22 23 11 32 22 33 24 33 32 11 23 22
0 31 22 32 33 44 32 32 44 33 23 11 33 22 32 24 22 33 13 33 23
0 31 23 33 33 42 33 33 44 32 33 11 32 22 33 22 32 22 13 23 23
0 33 33 33 33 44 32 33 44 22 23 11 32 44 32 24 33 33 33 33 23
0 33 22 33 33 42 32 32 44 32 23 11 32 22 33 44 32 32 13 23 23
0 33 23 33 33 44 33 33 44 33 23 14 33 22 32 24 33 32 11 22 23
0 33 22 33 31 44 33 33 44 33 22 11 33 22 32 22 33 33 11 22 22
0 33 22 33 31 42 32 33 44 32 23 11 33 22 33 22 33 32 13 22 22
0 33 23 32 31 42 32 33 44 33 23 14 32 22 32 44 33 32 13 23 22
0 33 22 33 33 44 33 33 44 33 22 11 33 24 33 22 33 33 11 22 22
0 33 22 33 33 44 33 33 44 33 22 14 32 22 33 22 33 33 11 23 22
0 33 22 32 33 44 33 33 44 33 23 11 33 22 33 22 33 33 11 22 22
0 33 23 33 33 42 33 33 41 32 22 14 32 22 32 44 33 32 13 23 22
0 31 23 33 33 44 33 32 44 32 23 14 33 22 33 24 32 33 13 23 22
0 31 22 33 33 44 32 22 44 33 33 14 32 44 32 22 32 22 13 22 23
0 31 23 32 33 44 32 33 44 32 23 11 22 22 32 24 32 32 11 22 22
0 33 23 32 31 44 22 33 44 32 23 11 32 24 32 22 33 22 13 23 22
0 31 22 33 33 42 33 33 44 33 22 14 32 24 33 24 32 32 11 22 22
0 33 33 32 33 44 33 33 41 32 33 11 32 22 32 24 32 32 11 22 23
0 33 22 33 33 44 33 33 44 33 22 14 33 22 33 22 33 33 13 22 22
0 31 22 32 31 42 32 32 41 32 33 44 32 22 33 24 33 32 13 23 33
0 33 22 33 31 44 33 33 41 33 22 11 32 22 33 22 33 33 11 22 22
0 31 23 32 33 22 32 32 41 22 23 11 32 24 32 24 33 32 13 23 23
0 33 23 33 33 44 33 33 44 32 23 14 33 24 32 22 33 22 11 23 23
0 33 22 33 33 44 33 33 41 33 22 11 33 24 32 22 33 32 13 22 23
0 31 22 33 33 44 33 33 44 32 22 14 33 24 33 22 32 32 11 22 23
0 33 22 33 33 44 33 33 44 32 22 11 33 22 33 22 33 33 11 22 22
0 33 23 33 33 42 33 32 41 32 22 14 33 22 33 24 33 32 11 22 23
0 33 22 33 33 44 32 33 41 33 23 14 33 22 32 22 33 32 11 22 22
0 33 23 33 33 42 33 33 44 32 23 14 33 22 33 22 33 33 13 22 22
0 33 23 32 33 44 33 33 44 32 23 14 33 44 32 24 33 33 13 22 22
0 31 33 33 31 42 32 32 41 32 33 11 32 22 32 24 32 22 13 23 33
0 31 22 33 33 44 32 33 44 33 23 14 33 24 33 22 32 32 11 22 22
0 33 23 33 31 44 33 32 44 32 22 14 33 44 32 24 33 32 11 23 23
0 33 22 32 33 44 32 33 41 32 23 14 33 22 32 22 33 32 13 22 22
0 33 23 33 31 44 33 33 44 33 22 11 33 22 32 22 33 33 13 22 22
0 33 23 33 31 42 33 33 11 32 23 11 33 22 33 22 33 32 13 22 22
0 31 22 33 33 42 33 33 44 33 22 11 32 22 32 22 33 32 11 22 33
0 31 23 33 33 44 22 33 44 33 23 11 32 22 32 24 33 32 13 22 22
0 31 23 22 31 42 33 22 41 32 22 44 33 24 22 22 22 22 13 23 23
0 31 22 33 31 44 33 32 44 33 22 11 33 24 33 22 33 33 11 22 22
0 33 22 32 33 44 32 33 41 32 23 14 33 22 33 22 33 33 11 22 22
0 33 22 33 33 42 33 32 41 32 23 14 22 24 33 22 33 32 11 22 23
0 33 23 32 33 44 22 32 41 33 22 11 33 22 33 24 32 33 13 22 22
0 33 23 32 33 42 32 33 44 32 23 11 32 22 33 22 32 22 13 23 22
0 31 22 32 31 44 33 33 44 32 22 44 32 24 33 22 32 33 33 23 23
0 31 22 32 33 44 32 33 41 33 22 11 33 22 33 22 33 32 13 22 22
0 33 22 33 31 44 33 32 44 32 23 11 33 22 33 24 32 32 11 22 23
0 33 22 33 31 42 32 33 44 33 22 14 33 22 32 22 33 32 11 23 23
0 33 22 33 11 44 33 32 41 33 23 44 32 24 32 24 33 32 13 33 33
0 33 23 33 33 44 33 33 44 33 23 11 32 22 32 24 33 33 11 22 22
0 31 23 32 31 42 32 33 44 33 23 11 33 22 32 24 33 32 11 22 23
0 31 22 22 31 44 22 32 11 32 23 11 32 24 32 22 22 32 13 33 33
0 33 23 22 33 44 33 33 41 32 23 11 22 24 32 24 32 32 11 33 23
0 31 23 32 33 44 33 33 41 32 22 11 33 22 33 24 32 33 33 23 22
0 33 23 32 33 22 33 32 44 33 22 11 32 22 33 24 33 22 11 23 22
0 31 22 33 33 44 33 33 41 33 22 44 32 24 33 24 33 33 33 22 22
0 33 22 33 31 42 33 33 44 33 23 11 33 22 33 22 33 33 11 22 22
0 31 23 22 33 44 22 33 41 33 23 14 32 24 33 24 32 22 33 22 22
0 33 22 33 33 42 33 32 41 32 23 14 32 24 33 22 33 33 11 22 23
0 31 23 33 33 44 33 33 44 33 23 11 33 22 32 22 33 33 11 33 23
0 33 23 33 31 44 33 33 41 32 33 14 33 24 32 44 33 32 13 23 23
0 33 22 22 31 44 32 33 44 32 22 11 33 24 33 22 33 33 13 22 23
0 33 22 32 33 42 33 33 41 33 22 14 33 22 33 24 33 33 11 22 22
0 33 22 33 33 44 33 33 41 33 22 11 33 22 32 22 33 33 13 23 23
0 33 22 33 33 42 33 33 44 33 22 11 33 22 33 22 33 33 11 22 22
0 33 33 33 33 44 33 33 44 33 22 11 32 22 33 22 33 33 11 22 23
0 31 23 33 31 42 22 32 44 32 23 44 32 24 33 22 33 22 13 23 23
0 33 23 33 33 44 33 32 44 33 22 14 33 24 33 24 32 33 11 22 22
0 33 23 32 31 44 32 32 41 33 23 14 33 22 33 24 32 32 13 23 23
0 31 22 33 31 42 32 33 44 32 23 14 33 24 33 24 33 32 13 22 22
0 33 23 32 31 44 33 33 41 33 22 11 33 22 33 22 33 33 13 22 33
0 31 23 33 33 44 33 33 41 32 23 11 33 22 33 22 33 32 13 23 33
0 31 22 33 33 42 33 33 44 32 22 11 33 24 33 22 33 33 11 22 22
0 31 22 32 33 22 32 32 44 32 22 11 33 24 32 24 33 33 11 33 23
0 33 23 32 33 42 33 32 41 32 22 11 32 22 33 24 33 32 11 22 22
0 33 22 32 33 42 33 32 41 32 22 11 33 24 33 22 33 32 13 22 23
0 33 23 22 31 44 32 32 44 33 22 14 33 24 33 22 33 33 11 22 23
0 33 23 33 33 44 32 33 44 33 23 14 33 22 33 22 33 32 11 22 22
0 31 33 33 33 44 33 33 44 33 22 11 33 22 33 22 33 32 13 23 23
0 33 23 32 33 44 32 32 44 32 22 14 33 22 32 22 32 32 11 22 23
0 33 23 33 31 42 32 33 44 33 23 14 22 22 33 24 32 33 13 23 22
0 33 22 32 33 42 33 32 44 33 22 14 32 22 32 22 32 22 11 22 22
0 33 22 33 31 44 33 33 41 33 23 11 33 22 32 44 33 32 13 23 22
0 31 23 32 33 22 22 33 44 32 22 14 32 22 32 22 33 32 11 22 22
0 33 22 32 31 44 33 33 44 33 33 11 33 22 32 22 22 32 13 22 23
0 33 33 32 33 44 33 32 41 32 23 11 33 24 33 24 22 32 11 22 23
0 33 22 32 33 44 33 33 44 33 22 44 32 22 33 22 33 33 11 22 23
0 33 22 33 33 44 33 33 44 33 23 14 32 22 32 22 33 33 13 22 23
0 33 22 33 11 42 33 33 11 33 22 14 32 22 32 24 33 33 11 33 23
0 11 23 32 33 22 33 32 11 32 23 14 32 24 22 22 33 33 11 33 33
0 11 22 33 31 22 32 32 44 32 23 14 22 24 33 22 33 33 11 22 22
0 33 22 33 33 42 32 33 44 32 22 44 33 24 32 24 22 32 13 22 22
0 31 22 33 33 44 33 33 44 32 23 44 33 24 32 24 33 32 11 22 22
0 31 23 32 33 44 33 32 41 32 33 44 32 24 22 24 33 32 13 22 33
0 33 22 33 33 44 33 32 44 33 23 11 33 22 33 22 33 32 13 22 22
0 31 22 33 31 42 32 33 41 22 23 11 33 22 32 22 33 32 13 23 23
0 33 23 32 33 42 22 32 41 32 22 14 32 22 32 22 32 32 13 23 23
0 31 22 32 33 42 32 32 41 32 23 44 32 24 22 22 32 32 11 23 23
0 31 22 32 33 42 32 33 44 33 22 11 33 22 33 24 32 32 13 23 22
0 33 23 33 11 42 32 33 44 22 22 11 32 24 33 24 33 33 13 22 23
0 33 23 32 33 44 32 33 41 33 23 14 33 22 33 24 32 32 11 22 22
0 33 23 33 33 44 33 32 41 32 22 14 32 24 33 22 32 33 11 23 22
0 33 23 33 31 44 32 33 41 33 22 11 33 22 32 24 32 33 11 23 23
0 33 23 33 31 44 33 32 44 33 22 14 33 22 32 22 33 33 11 22 22
0 31 22 33 31 42 33 22 41 32 23 14 22 24 22 22 32 33 13 23 23
0 33 22 33 33 42 32 33 44 32 23 11 32 22 32 24 33 33 11 22 22
0 31 33 22 31 44 22 32 41 32 23 14 32 22 33 22 33 33 11 23 22
0 33 23 33 31 42 32 33 44 33 22 11 33 22 33 22 33 33 11 23 22
0 31 22 32 33 44 22 32 44 33 23 11 33 22 33 44 32 33 13 23 22
0 11 23 33 31 42 22 33 44 33 23 11 33 24 33 44 33 32 13 33 23
0 33 22 32 31 42 33 33 44 32 22 11 33 22 33 22 32 33 13 23 22
0 33 33 32 33 44 32 32 11 33 22 11 32 22 33 22 33 33 13 22 22
0 33 22 33 33 44 33 33 41 33 23 14 33 22 33 22 33 33 11 23 22
0 31 23 33 11 42 32 32 41 32 33 14 33 22 32 44 33 33 13 23 23
0 33 22 32 33 44 33 32 44 32 23 14 33 24 33 22 32 32 13 22 22
0 33 22 33 33 44 33 33 11 33 22 11 33 24 32 44 33 22 11 23 22
0 31 23 32 31 44 33 33 44 32 23 14 33 22 32 22 33 22 11 22 23
0 33 22 32 33 42 33 33 41 33 22 14 33 22 32 22 33 32 13 22 22
0 33 22 33 31 42 33 33 44 33 22 11 33 22 32 24 33 33 11 22 22
0 33 23 33 31 44 22 33 44 22 33 14 33 22 22 22 22 22 33 22 22
0 31 23 33 33 44 33 33 44 32 23 14 32 24 32 22 32 32 11 22 23
0 31 22 32 33 44 33 33 44 32 23 14 33 22 33 22 22 22 13 22 23
0 33 22 33 33 44 33 33 44 33 22 14 33 22 33 22 33 32 11 22 22
0 33 23 33 33 44 33 33 44 33 23 14 33 24 33 22 32 33 11 22 33
0 33 22 32 33 44 33 33 44 33 22 11 33 24 33 22 33 32 11 23 33
0 31 22 33 33 42 32 33 44 33 33 11 33 22 32 22 32 33 13 22 23
0 33 22 22 11 42 32 33 41 33 22 11 33 22 32 22 33 32 33 22 22
0 33 22 33 33 22 32 32 44 32 22 44 33 22 32 22 33 33 11 23 23
0 33 22 32 33 42 33 32 41 33 22 11 33 22 33 22 32 32 11 23 23
0 33 22 32 11 44 32 33 44 32 23 11 33 22 32 44 33 33 13 22 22
0 33 23 33 33 44 33 33 44 33 23 11 33 22 32 44 33 32 11 22 22
0 33 22 33 33 44 33 33 44 33 22 14 33 22 32 24 32 32 13 23 23
0 31 22 33 31 42 33 33 44 32 22 11 33 22 22 24 32 33 11 23 23
0 31 22 32 31 44 32 22 44 33 22 14 33 24 32 22 33 32 13 23 23
0 33 22 33 33 42 33 33 44 33 23 11 33 24 33 24 33 32 11 22 23
0 33 22 32 33 44 32 33 44 33 22 11 32 22 32 24 33 22 13 22 22
0 33 22 33 33 42 33 33 44 33 23 11 32 24 33 24 33 33 11 22 22
0 33 22 33 33 44 33 33 44 32 23 11 33 22 33 22 33 32 11 22 33
0 33 23 33 31 44 33 32 44 32 23 14 32 22 33 22 33 33 13 23 23
0 31 22 33 33 44 32 33 41 32 33 11 33 22 32 22 33 32 11 22 22
0 33 23 33 31 42 33 33 41 33 22 14 33 22 33 44 33 22 11 22 22
0 33 23 32 31 44 22 22 44 33 23 11 33 24 32 24 33 32 13 23 23
0 33 22 33 33 44 33 33 44 33 22 14 32 22 33 22 33 33 11 22 23
0 31 23 33 33 42 33 32 44 33 23 14 33 22 33 24 32 32 13 22 22
0 33 23 32 33 42 32 22 41 32 33 11 33 22 32 24 32 32 13 23 33
0 31 33 32 33 42 33 33 44 32 22 14 33 24 32 24 33 32 13 23 22
0 31 23 33 33 42 33 33 41 33 23 44 32 24 32 22 33 32 11 22 22
0 33 22 33 31 44 32 33 41 32 22 11 33 44 22 24 32 22 13 23 22
0 33 22 32 33 44 33 22 44 22 22 11 33 22 33 24 32 22 13 23 23
0 33 23 32 33 22 33 33 44 32 33 11 32 24 33 22 33 32 13 33 22
0 31 22 33 33 42 33 32 44 33 22 14 22 24 32 22 33 32 13 22 22
0 31 22 33 33 44 32 33 44 33 22 11 33 24 33 22 33 33 11 22 22
0 31 23 32 31 44 33 32 44 33 23 14 32 22 33 24 32 32 13 22 23
0 31 22 33 33 44 33 33 44 33 22 11 33 22 33 22 33 22 11 22 22
0 31 33 32 31 42 22 33 41 32 22 44 32 24 32 44 32 22 33 33 33
0 31 23 32 33 42 33 32 41 22 22 11 22 24 33 24 33 32 11 22 23
0 33 22 33 33 44 32 33 41 32 33 11 32 22 32 22 33 32 13 22 33
0 33 22 33 33 42 33 33 44 33 22 11 32 24 33 22 33 33 11 33 23
0 33 23 33 33 44 33 32 44 33 23 14 33 22 32 22 33 32 13 22 33
0 33 22 33 33 42 32 33 44 32 23 11 33 22 33 22 33 22 11 22 23
0 33 22 33 33 44 33 33 44 32 23 11 33 22 32 22 33 33 13 22 22
0 33 22 33 33 44 22 33 11 33 23 11 32 22 33 22 33 33 33 22 22
0 33 22 32 33 44 22 32 44 22 33 44 32 22 32 24 33 32 11 22 23
0 33 22 33 33 42 33 33 44 33 22 11 32 24 33 22 33 33 11 22 22
0 33 23 33 33 42 33 33 44 33 22 14 32 22 33 24 33 32 11 22 22
0 31 22 33 33 42 33 32 44 32 33 14 33 24 32 22 33 33 11 33 23
0 33 22 33 33 42 32 33 44 32 22 11 22 22 33 22 33 33 11 22 22
0 33 22 33 31 42 33 33 44 32 22 14 33 22 32 22 32 32 33 22 23
0 31 22 33 31 42 33 33 44 33 22 11 33 22 33 22 33 33 11 22 23
0 33 33 33 33 44 32 33 44 33 23 44 33 22 33 22 33 33 11 22 22
0 33 22 32 11 42 33 32 44 33 22 11 33 24 32 22 32 32 13 23 22
0 33 22 33 31 44 32 33 44 32 22 11 33 22 32 22 33 32 13 23 23
0 31 23 33 33 44 33 32 41 33 22 11 33 22 32 22 33 32 13 22 33
0 33 23 33 33 42 32 32 44 33 22 44 32 22 32 24 33 33 11 23 22
0 11 23 33 33 44 32 32 41 32 22 14 22 44 33 22 33 33 11 22 22
0 33 23 33 11 44 22 22 44 32 23 44 33 22 32 24 33 33 11 22 23
0 33 22 33 33 44 33 33 44 33 22 11 33 22 32 22 33 33 11 22 22
0 33 22 33 31 44 33 33 44 22 33 14 32 22 33 22 33 22 11 22 22
0 33 22 33 33 44 33 33 44 33 22 11 33 22 33 24 33 33 13 22 22
0 33 33 32 33 42 32 32 44 32 23 44 33 22 33 24 32 33 13 23 23
0 33 23 33 33 42 33 32 44 22 22 14 33 22 22 22 32 32 11 22 22
0 31 23 32 31 42 33 32 44 22 33 11 33 24 32 22 32 33 11 23 22
0 33 33 22 31 44 33 32 41 32 33 14 32 24 22 22 32 32 13 33 23
0 31 22 33 33 44 33 33 44 33 22 11 33 22 33 22 33 33 11 22 22
0 11 23 32 31 44 22 33 44 32 23 14 32 24 22 44 33 32 11 23 33
0 31 23 32 33 42 33 32 11 22 22 44 33 22 32 24 33 33 13 22 23
0 33 22 33 33 44 32 32 44 33 23 11 33 24 33 24 33 33 11 22 23
0 31 33 33 31 44 32 33 41 33 22 11 33 24 33 22 32 32 11 23 22
0 33 23 33 31 42 33 32 41 32 23 44 22 22 33 22 32 22 13 23 23
0 33 22 33 31 44 33 33 44 32 22 14 33 22 33 22 33 33 11 22 22
0 33 22 33 33 42 33 33 44 33 23 11 33 24 33 22 33 33 11 22 33
0 31 22 33 33 42 33 33 44 32 22 14 33 22 33 22 33 33 13 23 22
0 33 23 33 33 42 33 22 44 33 23 14 33 24 32 22 22 33 11 23 22
0 33 23 32 33 42 33 32 44 33 22 11 32 24 32 22 32 33 11 22 22
0 31 22 33 33 44 33 33 44 33 22 14 33 22 33 22 33 22 13 22 22
0 33 23 33 33 44 33 33 44 33 22 11 32 22 33 24 33 32 11 22 22
0 33 23 33 33 22 33 22 44 32 22 14 32 22 33 22 33 32 13 23 22
0 33 22 33 31 42 33 33 44 32 22 11 33 22 32 22 33 32 13 23 23
0 31 23 32 31 44 22 33 44 22 22 11 22 22 33 24 32 22 13 23 22
0 31 33 33 33 44 33 33 41 22 22 14 32 22 33 24 32 33 13 23 22
0 33 22 33 33 42 33 33 44 33 23 11 33 24 33 22 33 32 11 23 23
0 31 22 32 31 42 33 22 11 22 22 14 33 22 32 44 32 33 13 23 23
0 33 22 33 31 42 32 32 44 32 23 44 33 22 22 24 33 32 13 33 22
0 31 22 33 31 44 33 32 41 32 22 11 33 24 33 24 33 32 13 22 23
0 33 22 33 11 44 32 32 44 32 23 14 32 22 32 44 32 33 11 23 23
0 33 22 33 31 44 33 33 41 33 23 11 33 24 32 22 33 33 13 22 22
0 33 22 33 11 42 32 32 11 32 23 11 22 44 32 22 32 32 11 22 23
0 31 23 33 31 44 32 33 44 22 22 44 32 44 33 22 32 32 11 23 23
0 33 22 32 33 44 33 33 41 33 23 14 33 22 33 22 33 33 13 23 22
0 33 23 33 33 42 32 32 44 32 22 44 22 44 33 44 33 22 13 23 22
0 33 33 32 33 44 33 32 44 32 33 11 32 24 33 22 33 32 11 22 22
0 31 22 32 31 42 32 32 41 32 23 14 22 24 32 44 32 32 13 23 33
0 31 22 33 33 44 33 33 44 32 23 11 33 22 32 24 33 32 11 22 22
0 33 22 33 33 22 32 33 44 32 23 11 33 22 33 22 33 33 11 22 23
0 31 23 33 31 42 22 32 44 33 23 11 33 24 22 22 33 32 11 23 23
0 33 23 32 33 44 33 33 44 33 22 11 32 24 33 22 33 32 11 22 22
0 33 22 32 31 44 33 32 41 33 22 11 32 22 32 22 33 32 11 22 23
0 33 22 32 33 44 32 32 41 32 22 11 33 22 32 22 33 33 13 22 23
0 33 22 22 33 44 33 33 44 33 23 14 32 44 33 24 33 33 13 23 23
0 33 22 33 31 44 32 32 44 33 22 11 32 22 33 22 33 22 13 23 22
0 33 23 32 33 44 33 22 44 33 23 14 32 24 32 24 33 33 11 23 23
0 31 22 32 33 44 32 32 44 22 22 11 32 22 32 24 33 32 13 22 23
0 33 23 33 31 44 33 33 44 32 22 44 33 22 33 22 32 32 13 22 22
0 31 23 33 33 44 33 33 41 33 33 14 33 22 33 22 33 33 33 33 23
0 33 22 32 31 22 32 33 41 32 22 11 32 24 33 22 32 32 11 23 33
0 33 23 33 31 44 32 32 41 33 23 14 32 44 33 24 32 32 13 22 23
0 33 23 33 31 44 33 33 44 33 22 14 32 22 33 22 32 32 11 22 22
0 33 23 33 31 42 33 33 44 33 22 11 32 22 32 22 33 33 13 22 23
0 33 22 33 33 44 33 32 44 33 22 11 33 22 33 22 33 33 11 22 22
0 31 22 33 31 42 32 32 44 33 23 11 32 22 33 24 32 22 11 22 22
0 33 23 33 31 44 33 32 41 33 22 11 32 24 33 22 32 33 11 23 33
0 31 22 32 31 42 33 33 11 32 22 14 33 24 32 22 33 32 11 33 23
0 33 23 33 31 22 33 32 41 33 23 14 22 22 32 22 33 32 33 22 23
0 31 33 32 31 42 32 22 44 32 22 14 22 24 32 22 33 22 13 22 23
0 33 23 33 33 44 33 33 41 33 23 11 33 24 33 22 32 33 11 22 22
0 31 33 32 31 44 33 33 41 32 23 11 32 22 32 22 22 22 33 33 23
0 33 23 33 33 44 33 33 41 33 22 11 33 24 33 24 33 32 11 22 23
0 31 23 32 31 44 32 33 41 33 22 14 32 44 32 22 32 32 11 23 23
0 33 22 33 33 44 33 33 41 33 23 11 33 22 33 24 33 33 13 23 22
0 33 22 33 33 42 33 33 41 32 23 14 32 24 32 22 32 32 11 23 23
0 31 22 22 31 44 32 33 41 32 22 11 32 24 33 22 33 22 13 22 22
0 33 22 33 33 44 33 33 41 33 23 11 33 22 33 24 33 32 11 23 22
0 33 22 33 31 42 33 33 44 33 22 11 33 24 33 22 32 32 11 23 22
0 31 22 32 33 44 33 33 44 33 22 14 32 44 33 24 33 32 11 23 23
0 31 22 32 11 44 33 32 44 33 33 11 32 22 33 24 32 32 13 22 22
0 33 22 33 33 44 33 33 44 32 22 44 33 22 32 22 32 32 11 22 23
0 31 22 32 31 42 33 33 44 32 22 14 33 22 33 24 32 33 11 23 23
0 33 23 33 33 42 33 32 44 32 22 14 32 22 32 22 33 32 13 22 23
0 31 23 32 31 42 32 33 44 32 22 44 33 24 32 24 32 22 11 23 22
0 33 22 32 31 44 33 33 44 22 23 11 22 24 33 22 33 33 11 22 22
0 31 22 33 33 42 22 32 41 33 22 14 33 24 32 22 32 32 13 22 22
0 33 22 32 33 44 33 33 44 33 22 11 33 22 32 22 22 33 33 23 22
0 33 22 33 33 44 32 33 44 33 22 11 33 22 33 24 33 33 13 23 22
0 33 22 33 31 42 33 33 44 32 22 11 32 24 32 24 33 33 11 22 22
0 33 23 33 33 44 32 33 44 32 23 11 33 22 33 22 33 33 11 22 22
0 31 22 33 31 42 22 32 41 33 22 44 33 24 32 24 33 22 13 23 23
0 33 23 33 33 42 33 33 44 33 22 14 32 22 32 24 32 32 13 22 23
0 33 22 32 33 42 32 33 44 32 22 11 32 24 33 22 33 33 13 22 23
0 33 23 33 31 44 32 33 44 33 22 11 32 24 32 22 33 33 11 22 22
0 33 22 33 33 44 33 33 44 33 33 11 33 22 33 22 33 32 11 22 22
0 33 22 33 33 44 33 33 44 33 22 11 32 24 22 22 32 33 11 22 22
0 33 22 33 33 44 33 33 41 33 22 11 33 22 33 22 33 33 11 23 22
0 33 22 32 31 42 33 33 44 33 23 14 32 22 32 22 33 22 11 22 23
0 33 23 32 31 44 33 32 44 33 23 14 33 22 33 22 33 32 13 23 23
0 33 23 32 31 44 33 33 44 32 22 11 33 22 32 22 32 32 11 22 22
0 33 22 33 33 44 33 33 41 32 22 14 33 22 32 24 32 33 11 22 23
0 31 23 33 33 42 33 32 44 32 23 11 33 22 32 24 32 32 11 23 22
0 33 23 32 33 42 33 33 44 33 23 11 33 22 33 24 32 33 11 22 22
0 33 22 33 33 42 32 33 44 32 22 11 32 22 33 22 32 33 11 23 23
0 33 23 33 33 22 33 33 41 32 22 11 32 22 33 22 33 33 11 22 23
0 31 23 33 33 42 33 33 41 32 33 14 33 22 33 22 33 22 13 22 23
0 33 22 33 33 44 33 33 44 33 23 11 33 22 33 22 33 33 11 22 22
0 33 22 33 31 44 33 32 44 33 23 11 33 22 33 22 32 32 11 23 22
0 33 22 32 33 22 33 32 41 33 33 11 32 22 33 24 33 33 13 22 23
0 33 22 33 31 44 33 32 44 32 22 11 32 22 32 22 33 32 13 22 23
0 33 23 33 33 44 32 33 41 32 33 11 32 22 32 24 33 32 13 23 23
0 31 23 33 31 42 32 32 44 32 23 14 33 22 32 24 33 22 11 23 22
0 31 23 33 33 42 22 33 44 33 22 11 33 24 32 22 33 22 11 22 22
0 33 33 32 31 44 32 32 41 33 23 44 33 24 33 24 33 32 13 22 23
0 33 23 33 33 44 33 32 44 33 23 11 33 24 32 24 33 32 11 22 22
0 33 22 32 33 44 33 33 44 33 22 11 33 22 33 22 33 33 11 22 22
0 31 23 32 33 42 32 32 41 22 23 11 33 22 32 22 32 32 13 22 23
0 33 22 33 31 42 32 32 41 32 23 14 33 22 32 24 33 33 11 22 22
0 33 22 33 33 42 33 33 44 33 23 44 32 22 32 22 33 33 11 23 23
0 31 23 33 11 44 22 32 44 32 23 14 33 24 32 22 33 22 13 22 22
0 31 23 32 33 44 33 33 44 32 22 11 33 24 33 22 33 32 11 22 22
0 33 22 33 31 44 32 33 44 32 23 11 33 22 33 24 33 33 11 23 22
0 33 33 32 33 42 32 33 44 32 23 11 33 24 22 22 33 22 11 23 22
0 33 22 33 11 44 33 33 44 32 22 11 33 22 33 22 33 33 11 22 22
0 33 23 22 33 22 33 33 41 32 22 44 22 24 22 22 33 33 13 22 22
0 11 23 33 33 44 33 32 41 33 22 11 33 22 33 22 32 22 11 23 22
0 31 23 33 31 44 32 33 41 32 22 11 32 22 32 24 32 32 11 23 22
0 33 22 32 33 44 33 33 44 33 23 44 33 22 33 22 33 33 11 22 22
0 33 22 33 31 44 22 32 41 32 23 11 32 22 32 22 32 33 11 23 22
0 11 33 32 31 44 22 33 44 33 23 44 33 24 22 22 32 32 11 22 22
0 31 33 33 33 44 33 32 44 33 22 11 33 22 32 22 33 33 13 23 23
0 33 22 33 33 44 33 33 44 32 22 11 33 22 33 22 33 33 11 23 22
0 11 22 22 31 42 32 33 44 33 23 11 32 22 32 22 33 32 11 23 22
0 33 22 33 33 42 33 33 44 33 22 11 33 22 33 22 33 33 11 22 23
0 33 22 32 33 42 33 33 44 32 22 11 33 22 33 24 33 32 11 23 22
0 33 22 33 31 42 32 33 11 32 22 11 33 22 33 22 33 32 11 22 23
0 31 22 33 33 44 32 33 44 33 22 11 33 22 33 22 33 22 11 22 22
0 33 22 33 31 22 32 33 41 32 23 11 33 22 22 22 33 32 11 23 22
0 31 23 32 31 44 22 33 44 33 22 14 22 24 33 22 33 22 13 23 23
0 33 33 33 33 42 33 33 44 22 22 14 32 22 33 22 33 33 13 22 33
0 33 23 33 33 44 33 33 44 33 22 11 32 22 32 24 33 32 11 22 33
0 33 23 32 33 44 32 32 44 32 22 14 32 24 32 22 32 32 11 22 22
0 33 23 33 31 42 32 33 41 33 22 14 33 24 32 22 32 32 33 22 23
0 33 23 33 33 44 33 33 44 33 23 14 22 22 33 22 32 32 11 23 23
0 31 22 32 33 42 33 33 41 33 22 11 22 22 32 22 33 33 11 23 22
0 33 22 33 33 44 32 33 41 32 22 14 32 22 32 22 33 32 11 22 23
0 31 23 32 33 42 32 32 44 32 22 11 33 22 32 24 32 32 13 22 22
0 33 22 33 33 44 32 33 44 33 22 11 33 44 32 22 33 32 11 22 23
0 31 22 32 33 44 32 33 44 33 23 11 33 22 33 22 33 33 11 23 22
0 33 23 32 33 42 33 22 44 32 22 11 33 22 33 22 33 32 13 22 22
0 33 22 33 33 44 33 33 44 33 23 11 33 24 32 22 32 32 11 22 22
0 31 22 33 33 42 33 22 41 32 22 14 22 22 33 22 33 32 11 23 23
0 33 33 22 33 44 32 33 41 32 22 11 32 22 32 22 32 32 11 22 22
0 33 22 33 33 42 33 33 41 32 23 44 33 22 33 24 32 32 11 23 22
0 31 22 33 33 22 32 33 44 32 22 11 32 22 32 24 22 22 13 23 23
0 33 22 33 33 42 32 32 44 32 33 11 32 22 22 22 33 32 13 22 33
0 31 23 33 33 42 33 33 41 33 22 11 33 44 33 22 33 33 11 22 23
0 31 23 33 31 44 33 32 44 32 23 14 33 24 33 22 32 33 11 22 22
0 33 22 33 31 42 32 32 41 32 22 11 33 22 32 22 33 32 11 23 22
0 31 22 33 33 42 33 33 44 32 22 11 33 24 32 22 33 33 11 23 22
0 31 23 32 31 44 32 32 41 33 23 14 32 22 33 24 33 32 11 22 23
0 33 23 32 33 42 32 33 44 32 22 14 32 22 33 22 33 32 11 23 22
0 33 22 33 31 42 33 32 44 33 33 11 33 22 32 24 33 33 13 22 23
0 33 22 33 31 44 32 33 44 33 22 11 33 22 33 24 32 33 11 22 22
0 31 22 32 31 44 32 32 41 32 22 14 32 22 32 22 32 33 13 22 23
0 33 22 33 33 44 32 33 41 32 23 14 32 22 33 22 32 33 13 23 23
0 11 23 22 31 22 32 22 44 32 23 14 32 22 32 24 22 32 33 23 22
0 31 22 32 33 44 33 33 41 33 33 44 32 24 32 24 32 32 13 33 23
1 33 23 33 33 44 33 33 44 33 33 14 33 22 33 22 32 33 11 22 22
1 33 23 33 33 44 33 33 44 33 23 11 33 22 33 22 33 32 13 22 22
1 33 22 33 33 42 33 33 44 32 33 14 32 22 32 22 32 32 33 22 23
1 33 22 33 33 44 32 33 41 32 22 11 33 24 33 22 33 32 13 22 22
1 33 23 32 31 44 32 32 41 33 22 14 33 24 32 24 22 22 13 23 23
1 33 22 32 33 22 32 33 41 32 22 11 33 22 33 24 33 32 13 22 23
1 33 33 32 33 22 32 32 41 33 22 11 33 22 32 24 33 22 11 23 22
1 11 23 32 11 42 33 33 41 32 23 14 32 22 32 22 32 22 11 22 22
1 33 22 32 33 44 33 32 44 33 22 11 33 22 33 22 32 33 11 22 23
1 33 23 33 33 42 33 32 44 32 22 11 33 24 33 22 33 32 13 23 23
1 31 22 33 31 42 32 32 41 22 22 14 33 24 33 24 33 32 13 22 23
1 33 23 33 31 44 33 33 44 33 22 14 33 22 33 22 33 33 13 33 22
1 31 23 32 31 44 33 33 41 32 22 11 33 24 33 22 33 33 13 22 22
1 31 33 32 31 44 32 33 44 32 23 44 33 24 33 24 32 32 13 23 23
1 11 23 33 31 42 32 33 41 32 23 14 33 22 32 24 32 22 13 23 22
1 33 22 32 33 44 33 33 44 32 23 14 32 22 32 22 33 32 11 22 22
1 33 22 32 33 44 33 32 41 32 22 14 32 24 32 24 32 32 11 23 22
1 11 23 33 11 42 32 33 41 32 23 14 32 24 33 22 33 32 11 23 22
1 31 23 32 11 42 33 33 11 32 22 14 22 24 33 22 32 33 11 23 33
1 33 23 33 31 44 33 33 41 32 33 44 33 22 22 22 32 32 13 22 22
1 31 22 33 33 44 32 33 44 33 22 11 33 22 33 22 33 33 13 22 22
1 33 22 33 11 42 32 32 44 33 22 14 22 22 32 22 33 32 13 23 22
1 33 23 33 33 44 33 33 44 32 22 11 32 22 33 22 33 32 33 22 23
1 31 23 33 33 44 32 32 44 32 22 11 32 24 32 24 33 32 11 23 23
1 33 22 33 33 44 33 33 41 32 23 11 22 22 33 22 33 22 11 22 22
1 33 33 32 33 42 32 22 41 22 23 14 32 22 32 22 33 22 13 33 23
1 33 22 32 33 44 33 33 44 33 22 14 33 22 33 22 33 33 11 22 22
1 33 23 32 33 42 32 22 44 32 23 11 32 22 32 24 33 22 11 22 23
1 33 22 33 33 44 33 33 44 32 33 14 33 22 33 22 33 32 11 23 22
1 31 22 33 33 42 32 32 11 22 23 14 33 22 33 22 22 32 13 22 23
1 33 23 32 33 44 33 33 41 32 22 14 33 22 33 24 33 33 13 22 23
1 33 23 33 11 42 33 33 41 33 22 11 32 22 32 24 32 33 13 23 22
1 31 23 32 33 44 33 32 44 32 23 14 32 22 32 22 32 22 11 22 22
1 33 23 33 33 44 32 33 44 32 22 11 33 22 33 22 32 33 11 22 22
1 33 23 32 33 44 32 32 44 33 23 14 33 22 33 22 33 32 11 23 23
1 31 22 32 31 44 22 33 41 32 23 44 32 44 33 22 32 22 13 23 22
1 33 23 32 33 42 22 32 41 33 23 44 33 22 32 22 22 33 13 22 23
1 33 23 32 33 22 33 33 44 22 22 44 33 24 33 22 32 32 13 22 23
1 33 22 33 31 42 33 33 44 32 23 11 33 22 32 24 33 33 13 23 23
1 33 22 33 33 44 33 32 44 33 22 11 33 22 33 22 33 32 11 22 23
1 33 22 32 33 44 32 33 44 33 23 14 32 24 32 22 32 32 11 22 22
1 11 23 32 33 42 32 32 44 22 22 14 32 22 33 44 33 32 11 23 22
1 31 22 33 33 44 33 33 44 33 22 11 33 22 33 22 33 33 11 22 23
1 33 22 32 33 42 33 33 41 32 23 11 32 22 33 22 33 32 13 22 23
1 31 23 33 33 22 32 32 44 32 22 11 33 24 32 22 33 32 11 23 23
1 33 23 33 33 44 33 32 41 33 33 44 33 44 33 22 33 33 11 22 33
1 33 22 22 31 42 33 33 44 32 23 14 32 24 32 24 33 33 13 23 22
1 31 22 22 31 22 33 33 44 32 22 11 32 22 32 22 33 32 13 23 23
1 31 23 33 31 42 33 33 44 32 22 14 33 22 22 24 33 33 13 22 23
1 33 22 33 31 42 32 32 44 32 22 44 22 24 33 24 22 32 33 22 33
1 33 22 33 31 44 33 32 44 33 22 14 32 22 33 24 32 33 11 22 33
1 33 22 33 31 44 32 33 44 33 33 14 33 22 33 24 33 32 13 23 22
1 31 23 22 31 42 22 22 44 32 23 44 32 22 32 24 32 22 13 23 23
1 33 22 32 31 42 33 32 41 33 22 14 33 22 32 22 32 22 11 23 23
1 33 23 33 33 44 33 32 44 32 22 11 32 24 33 22 33 32 11 23 23
1 33 22 33 33 22 32 32 41 32 23 11 33 22 32 22 33 33 13 22 23
1 33 23 33 33 22 32 33 11 32 22 44 32 24 32 22 32 33 13 23 22
1 33 22 32 31 42 33 33 44 33 22 14 22 22 32 24 32 33 13 22 23
1 33 23 33 31 22 32 32 41 32 23 11 32 24 32 22 33 32 11 23 33
1 33 22 33 33 44 33 33 41 33 22 14 33 24 33 24 33 32 13 23 22
1 33 22 32 33 44 33 33 44 32 22 11 33 22 33 22 33 32 13 23 22
1 33 23 32 33 44 33 32 41 32 23 14 33 22 33 24 33 32 11 33 22
1 31 22 33 31 42 33 32 44 33 22 14 33 24 33 24 33 33 13 22 23
1 33 22 33 33 44 33 33 44 33 22 11 32 22 33 22 33 33 11 23 22
1 31 22 33 33 44 32 32 44 33 23 14 33 22 32 24 33 33 33 23 22
1 11 33 33 33 44 32 32 41 33 23 44 33 22 32 24 32 33 13 23 22
1 33 33 22 11 22 22 32 44 22 22 14 32 22 32 24 32 32 13 23 23
1 33 22 33 33 44 32 33 41 32 23 11 33 22 33 22 33 22 13 23 23
1 33 23 32 33 44 33 32 41 32 23 14 32 24 33 24 33 32 13 23 23
1 31 23 33 33 42 33 33 44 32 22 14 32 22 33 24 33 33 33 22 23
1 31 23 33 33 44 33 22 41 32 22 11 32 24 33 22 32 22 13 23 23
1 33 23 33 33 42 33 32 44 33 23 44 33 24 33 24 33 32 11 22 22
1 31 23 32 31 42 33 32 41 32 22 14 33 22 33 22 32 32 13 23 22
1 33 23 33 31 42 33 33 44 22 23 11 33 22 33 22 32 32 11 22 23
1 31 22 32 31 44 33 33 44 32 33 44 33 22 32 24 22 22 33 23 33
1 33 23 32 33 42 33 32 41 32 23 11 32 22 32 24 32 33 11 22 23
1 33 22 33 11 42 32 32 44 33 22 14 33 22 32 24 32 33 11 22 22
1 33 22 33 33 44 32 33 44 32 22 14 33 22 33 22 33 33 11 22 22
1 31 23 33 33 44 33 33 44 33 22 14 33 22 33 22 33 33 11 22 22
1 31 22 32 33 44 32 33 41 33 23 11 32 22 33 44 33 32 11 22 22
1 31 23 33 33 44 22 33 44 32 22 14 32 24 32 44 33 33 11 23 23
1 33 22 33 33 42 33 32 44 33 22 14 33 22 32 22 33 32 11 23 22
1 33 22 33 33 42 33 32 44 33 22 11 32 22 33 22 33 32 11 22 22
1 33 22 32 33 44 32 33 44 32 23 11 33 22 32 22 32 22 11 22 22
1 31 22 33 33 42 32 32 41 32 23 14 32 22 32 24 32 32 13 22 22
1 31 22 22 11 42 32 33 44 32 23 44 22 24 33 24 22 32 13 23 23
1 31 22 33 33 44 33 33 44 33 22 11 33 22 33 22 33 33 13 23 23
1 31 23 32 11 42 32 32 41 22 22 14 33 22 32 24 33 22 13 22 22
1 33 23 33 33 44 22 32 44 32 23 14 32 22 33 22 33 32 11 22 23
1 31 22 33 33 44 33 32 11 33 22 11 22 22 33 22 22 33 13 22 22
1 31 22 22 31 44 32 32 44 32 23 14 32 22 33 24 32 32 11 22 22
1 31 33 33 31 22 32 32 44 22 23 11 32 22 32 22 22 22 33 33 23
1 31 22 33 33 44 32 33 44 32 23 11 22 24 32 22 32 33 13 23 22
1 31 22 33 33 44 32 32 41 33 33 11 32 22 32 22 32 22 11 22 22
1 11 23 32 33 44 33 22 44 32 22 14 33 24 33 22 32 33 11 22 33
1 31 22 32 31 44 33 32 44 32 33 11 32 22 33 22 33 32 13 22 23
1 31 23 33 31 42 32 32 44 32 23 14 33 24 33 24 33 33 13 22 33
1 33 23 33 31 42 33 33 41 33 22 11 32 22 32 24 32 33 11 23 23
1 31 22 22 31 44 33 32 41 32 22 11 32 24 22 24 22 32 11 22 23
1 31 23 32 31 44 32 32 44 32 22 14 33 22 22 22 32 33 11 22 22
1 11 23 33 11 42 32 22 41 22 22 14 32 22 32 24 33 32 13 22 33
1 33 22 33 33 22 22 33 44 33 22 14 33 22 32 24 32 32 11 22 23
1 31 22 33 33 44 33 32 41 33 23 11 33 22 33 22 32 22 13 22 22
1 31 22 33 33 42 33 33 41 33 23 14 33 24 32 24 32 33 11 23 22
1 33 22 22 31 42 32 33 41 22 23 14 22 44 33 44 32 22 13 23 22
1 33 22 33 33 44 32 33 44 33 23 11 33 22 33 22 32 22 11 22 22
1 31 23 32 31 42 33 32 44 32 23 11 32 22 32 22 32 22 13 22 23
1 33 22 33 33 44 33 33 44 33 22 11 33 22 33 22 32 32 13 22 22
1 31 22 32 33 42 33 32 44 33 23 11 33 22 32 22 33 32 11 23 22
1 33 23 33 33 42 32 33 41 32 33 11 33 22 32 44 32 33 11 23 22
1 33 22 32 33 44 32 33 44 32 23 11 32 22 33 24 33 32 11 22 23
1 31 22 33 31 44 32 32 41 32 23 14 32 22 32 24 33 32 13 23 33
1 33 23 33 33 44 32 33 11 32 23 14 33 22 33 24 32 32 13 23 22
1 31 22 33 31 42 33 32 44 32 22 44 33 22 33 24 33 32 13 23 22
1 33 22 32 33 44 33 33 44 32 22 14 32 22 32 22 33 32 13 22 22
1 33 23 33 33 44 33 32 44 32 22 14 33 22 33 22 33 33 13 22 22
1 31 23 33 31 44 33 32 11 32 22 11 33 24 32 24 32 22 33 33 23
1 31 22 33 33 42 32 33 11 32 33 14 22 24 33 24 32 22 13 23 23
1 31 33 32 31 42 32 22 41 22 23 14 22 22 22 24 22 32 13 23 23
1 33 33 32 31 42 32 32 44 32 22 44 33 22 32 22 33 32 11 23 23
1 33 22 32 31 42 32 32 41 32 23 44 33 44 32 24 22 22 11 23 23
1 33 23 32 33 42 32 33 44 33 22 11 32 44 32 44 33 22 11 22 23
1 31 23 33 33 44 33 33 41 22 23 11 32 24 32 24 33 32 13 22 22
1 31 33 32 31 44 22 22 41 33 33 11 22 22 33 24 32 22 13 23 33
1 33 22 33 33 44 33 33 44 33 22 14 32 22 33 22 33 33 11 22 23
1 33 22 33 33 44 33 33 44 33 23 11 33 22 33 22 33 32 13 22 22
1 33 22 33 31 22 32 33 44 32 33 11 32 44 33 22 33 32 13 23 33
1 31 23 33 33 42 33 22 44 22 22 11 33 22 33 24 32 32 11 23 22
1 33 22 32 33 44 32 33 44 32 23 11 33 24 33 22 33 33 13 22 22
1 33 23 32 33 44 32 33 44 32 23 11 33 24 32 22 33 32 11 22 23
1 31 22 32 33 44 32 32 44 32 33 11 33 24 33 24 33 33 13 33 22
1 33 22 33 33 44 32 33 41 32 23 11 32 22 32 22 33 32 13 22 22
1 31 23 32 33 44 33 33 44 33 22 11 33 22 33 24 32 32 11 22 22
1 33 23 33 33 42 33 33 44 33 23 11 33 22 32 24 32 33 11 23 22
1 33 22 32 31 42 33 32 44 32 23 44 32 22 22 44 32 22 33 23 23
1 33 23 32 31 44 33 32 44 32 23 14 32 24 32 24 33 22 11 23 22
1 33 23 32 31 42 33 33 44 33 22 11 32 22 22 22 32 32 11 23 22
1 33 22 33 33 44 33 33 44 33 22 11 33 22 33 22 33 33 11 22 33
1 31 22 33 31 44 33 33 44 32 33 11 32 22 32 24 22 33 11 23 22
1 33 22 33 31 42 32 33 44 32 33 14 32 24 33 22 22 32 13 22 33
1 11 33 32 33 44 32 32 11 32 22 14 32 22 32 44 32 33 33 23 23
1 31 33 32 33 42 32 32 44 32 23 11 33 24 32 24 32 22 13 22 22
1 33 22 32 33 42 33 22 11 32 33 14 33 44 32 22 33 22 13 23 22
1 33 22 32 33 44 33 33 44 33 22 11 32 22 33 24 32 33 11 22 22
1 31 22 32 33 42 32 32 41 32 22 11 33 24 32 22 32 22 13 23 22
1 33 23 32 33 42 33 33 41 33 23 14 32 22 32 22 33 33 13 23 23
1 31 22 32 31 22 22 33 11 32 33 44 33 24 33 24 32 22 13 23 33
1 33 33 33 33 44 33 33 44 33 22 11 33 22 33 22 33 32 33 22 22
1 31 22 32 31 42 32 32 44 22 22 14 33 24 32 24 32 32 33 23 23
1 33 23 32 11 42 32 33 44 32 23 11 32 22 22 44 32 32 13 23 22
1 33 22 33 33 44 33 33 44 33 22 11 33 22 32 24 33 33 11 23 22
1 31 22 32 33 44 32 22 41 32 23 11 22 24 32 24 22 32 11 22 23
1 33 23 22 33 44 32 32 44 33 23 11 32 22 22 22 32 32 13 22 22
1 31 22 33 33 44 33 33 44 32 22 14 33 24 32 24 32 32 11 23 22
1 33 22 32 31 42 33 33 44 32 22 11 32 24 33 22 33 22 11 22 22
1 33 23 32 31 42 32 32 44 32 23 11 32 22 32 22 33 32 11 22 23
1 31 22 33 33 42 33 32 44 33 23 14 33 22 32 22 33 33 11 22 23
1 11 23 22 33 42 22 33 44 33 33 14 32 24 32 24 32 22 13 22 33
1 33 23 33 33 44 32 32 44 22 22 14 32 22 33 22 33 32 11 22 22
1 33 22 33 33 44 32 33 41 33 23 14 33 22 32 24 32 33 11 22 23
1 11 23 32 33 44 32 32 41 22 23 11 33 24 33 24 33 32 13 33 23
1 33 23 32 31 42 32 33 44 32 22 11 22 24 33 22 33 32 33 22 23
1 31 33 32 11 42 32 32 41 33 22 44 32 44 32 24 33 22 13 23 23
1 31 22 32 31 44 32 33 44 33 23 44 33 22 32 24 33 32 13 33 23
1 33 23 22 33 42 33 33 41 32 23 11 33 22 33 24 32 22 11 23 22
1 33 23 33 11 44 33 33 44 32 23 11 33 22 32 22 32 33 11 23 22
1 31 22 33 33 44 32 32 44 32 23 11 33 24 32 24 32 22 11 33 22
1 33 22 33 33 42 32 32 41 32 23 44 32 24 33 22 33 22 11 22 33
1 31 22 33 31 42 33 32 44 22 22 11 32 22 22 24 32 32 13 23 23
1 33 22 33 11 44 32 32 11 32 23 14 33 24 33 24 32 33 11 23 22
1 31 23 32 33 44 33 32 44 33 23 11 33 24 32 24 22 32 33 23 33
1 31 22 32 31 44 22 32 44 32 23 14 33 22 33 24 33 32 11 22 23
1 31 33 33 33 42 32 32 41 22 23 14 32 24 33 24 32 33 33 23 23
1 31 23 32 33 44 32 32 41 32 23 14 22 22 33 22 32 32 33 33 22
1 33 23 33 31 44 33 33 44 33 22 11 32 24 33 24 33 33 13 22 23
1 33 22 33 33 44 32 33 41 33 23 11 32 22 33 22 32 33 11 22 22
1 33 22 33 33 44 33 32 44 33 23 11 32 24 32 22 33 33 13 23 23
1 33 23 33 33 44 32 33 44 33 22 14 33 22 33 22 32 33 13 22 22
1 11 33 33 31 42 32 33 41 32 23 11 22 22 32 24 32 32 33 23 23
1 33 22 32 31 44 32 32 44 33 22 11 33 22 32 24 33 32 33 23 22
1 33 23 33 33 44 32 33 11 32 22 14 33 22 33 22 32 32 13 22 22
1 33 23 33 33 44 33 33 44 33 23 11 33 22 32 22 33 33 13 22 23
1 11 23 32 33 22 32 32 41 32 33 14 32 24 32 24 33 32 13 23 33
1 33 23 33 33 42 33 33 44 22 23 11 32 22 32 22 33 33 11 23 23
1 33 23 33 33 44 22 33 44 33 22 11 33 22 33 22 32 33 11 22 22
1 33 23 33 31 44 33 33 44 32 23 14 33 22 33 24 32 32 11 22 23
1 11 22 32 33 42 32 32 44 22 23 14 32 24 22 24 32 32 13 23 23
1 31 22 33 33 42 32 32 41 32 23 11 32 44 33 24 22 33 33 33 23
1 31 23 33 31 22 22 32 44 22 22 44 32 24 32 24 33 22 13 23 22
1 31 22 33 31 44 33 33 44 32 23 14 32 22 33 24 33 32 11 22 22
1 11 23 33 33 44 32 32 41 33 23 44 32 22 32 24 33 33 11 23 23
1 31 23 33 31 42 33 33 44 33 22 11 32 24 33 22 32 33 11 23 22
1 31 23 22 31 44 33 32 44 33 33 14 32 22 32 22 32 33 11 23 33
1 33 22 22 33 44 32 32 44 32 23 14 33 24 33 24 33 33 11 22 33
1 31 22 32 33 42 33 32 44 33 22 11 33 22 33 44 33 33 11 22 23
1 31 33 33 33 44 32 33 44 33 22 44 33 22 32 22 22 32 33 22 22
1 31 23 32 31 44 32 32 41 32 22 14 32 22 33 22 33 32 13 23 23
1 31 22 33 33 44 22 33 44 33 22 11 33 22 32 22 32 33 13 23 22
1 33 23 22 31 44 32 33 44 32 22 11 32 22 33 22 33 32 13 22 23
1 33 22 33 33 44 33 33 44 32 22 11 32 22 32 22 33 33 11 22 22
1 31 22 32 33 44 32 32 41 33 23 14 33 24 32 22 33 33 11 22 22
1 31 33 22 11 42 32 32 41 33 23 14 32 24 22 22 32 22 13 33 23
1 31 33 33 31 22 32 33 41 33 23 11 22 44 32 44 32 22 13 33 23
1 31 23 32 31 42 33 33 44 22 33 14 33 44 22 22 32 22 11 23 23
1 33 23 32 31 42 32 32 41 32 22 11 33 24 33 24 32 32 11 22 23
1 11 23 32 31 42 22 33 41 32 22 14 32 24 33 22 33 32 11 23 33
1 33 23 32 31 42 33 33 41 32 23 14 32 22 32 24 33 33 13 23 23
1 33 22 33 31 42 32 32 44 22 23 11 32 44 32 22 32 33 11 23 22
1 33 23 33 31 44 33 32 44 33 23 11 33 22 33 22 33 33 11 22 22
1 11 22 33 33 44 33 33 44 33 33 11 33 22 32 24 32 32 11 23 22
1 33 23 33 33 42 33 33 44 33 23 11 33 24 32 22 32 33 11 22 22
1 31 22 32 33 42 32 33 44 32 23 44 32 22 32 22 33 33 33 22 22
1 31 23 32 33 44 33 32 44 32 23 14 32 22 33 24 32 33 11 23 22
1 31 23 32 31 44 33 32 44 32 22 44 33 22 33 44 22 32 13 23 22
1 31 23 32 33 42 32 32 44 22 23 14 33 24 33 24 32 32 11 23 22
1 33 22 33 33 42 33 32 44 32 23 11 33 24 33 22 32 33 11 22 22
1 33 33 33 33 44 33 33 41 32 23 11 33 24 33 22 32 32 11 22 22
1 33 22 32 33 42 33 32 41 33 23 11 22 24 32 22 32 32 11 23 22
1 31 22 33 33 44 33 33 44 33 22 11 33 22 33 24 32 32 11 22 22
1 31 23 33 31 44 32 32 44 33 23 11 33 22 22 24 32 32 11 23 23
1 33 23 33 33 42 33 32 44 32 22 14 33 24 33 24 32 22 13 23 22
1 33 23 32 31 42 32 32 44 32 23 14 33 24 33 22 32 32 13 23 22
1 33 22 33 33 44 33 33 41 32 23 14 33 22 33 24 32 32 33 22 23
1 33 22 32 31 42 33 32 41 33 22 14 32 22 33 22 33 32 11 22 22
1 33 23 32 33 42 32 33 44 32 22 14 32 24 33 22 32 33 13 23 22
1 33 23 33 31 44 33 33 41 33 23 11 33 24 33 24 22 32 11 22 23
1 33 22 32 31 44 32 33 44 33 22 11 33 22 32 22 33 32 11 22 23
1 33 22 32 33 44 32 33 44 33 23 11 33 22 33 22 22 33 11 22 23
1 33 22 33 33 22 32 32 44 22 33 11 22 22 33 24 33 33 13 22 23
1 33 23 33 31 44 33 33 44 32 22 11 33 22 32 22 33 32 13 23 22
1 11 33 32 31 42 32 32 44 22 22 44 33 24 33 22 33 32 11 23 23
1 31 22 32 31 44 33 33 41 32 22 11 33 22 32 24 32 32 13 23 22
1 33 22 33 33 44 32 32 11 32 22 11 32 22 32 24 33 32 11 22 22
1 33 22 33 31 42 32 32 41 22 33 11 32 22 33 22 32 32 13 22 22
1 33 22 33 33 42 33 32 44 32 23 11 33 44 33 22 33 33 13 23 23
1 31 22 32 31 42 33 33 41 33 22 11 33 22 33 22 33 33 13 23 22
1 31 23 33 33 44 32 32 41 32 23 14 33 22 33 22 33 32 13 23 23
1 31 22 33 33 42 33 32 44 32 22 14 32 22 33 22 32 33 11 22 22
1 31 23 32 33 44 32 22 44 33 23 14 32 24 33 24 33 32 11 33 23
1 31 22 22 33 44 32 33 44 33 23 11 22 24 32 22 33 32 33 23 23
1 31 23 32 33 42 32 33 44 22 22 44 33 22 32 24 33 32 13 23 23
1 33 22 33 31 42 32 32 44 33 33 14 32 22 33 24 33 32 11 23 22
1 31 23 33 33 42 32 33 41 33 23 14 32 24 32 22 22 22 13 33 23
1 31 22 32 33 44 33 22 11 32 33 11 33 24 32 22 32 32 13 22 23
1 31 23 32 31 44 33 32 41 33 23 14 33 22 32 24 33 32 13 23 33
1 33 22 32 33 44 32 32 44 32 23 14 33 22 33 22 33 33 11 23 22
1 33 22 32 33 42 33 33 44 33 23 14 32 22 33 22 33 22 13 22 22
1 33 22 32 31 44 33 32 41 33 22 14 33 24 32 24 32 33 13 23 33
1 33 23 33 33 44 33 32 41 33 23 11 32 22 32 22 33 32 33 22 23
1 33 22 33 31 44 33 33 44 32 22 14 33 24 33 22 33 32 11 22 22
1 33 22 33 33 44 32 33 44 32 22 11 33 22 33 44 33 33 11 22 22
1 33 22 32 33 44 32 33 41 32 22 11 32 24 33 22 32 33 11 33 22
1 33 23 32 31 44 33 32 44 32 23 14 32 22 33 24 32 33 11 33 22
1 31 23 32 33 44 32 33 41 32 22 44 32 22 33 22 33 22 13 22 22
1 33 22 33 33 22 33 33 44 33 23 11 33 22 33 22 33 32 11 22 22
1 33 22 32 31 42 33 32 41 32 22 14 32 22 33 22 32 32 11 23 23
1 31 23 33 33 42 32 32 41 33 23 14 32 24 33 22 33 33 13 22 23
1 31 22 32 33 44 33 33 41 32 22 11 33 22 33 24 33 33 11 22 23
1 31 23 33 33 44 33 33 44 33 22 11 32 24 33 24 33 32 11 22 23
1 33 22 33 31 44 32 33 41 32 22 11 32 22 33 22 33 33 11 22 23
1 31 22 33 31 22 33 32 44 32 23 14 22 22 33 22 32 22 13 22 22
1 33 22 33 33 44 32 33 44 33 22 11 33 22 33 22 33 33 11 22 23
1 33 22 33 33 44 33 33 44 33 22 11 33 22 33 24 33 33 11 23 22
1 31 23 33 11 44 33 33 44 33 23 11 32 44 32 24 33 22 11 22 22
1 33 23 32 31 22 22 32 44 22 23 44 22 24 33 22 32 22 13 33 23
1 33 23 33 31 22 22 33 41 32 23 14 22 22 33 24 33 33 13 22 22
1 33 23 33 31 44 33 33 41 22 22 14 32 22 32 22 22 32 11 33 22
1 31 23 32 33 44 32 33 44 33 22 14 33 44 33 22 33 32 11 23 23
1 33 22 32 33 42 32 33 41 32 22 11 33 22 33 22 32 32 11 23 23
1 31 22 33 31 42 33 33 44 32 22 44 32 24 33 22 33 33 11 22 22
1 33 23 32 31 44 32 32 41 33 23 11 32 24 32 22 32 33 11 22 23
1 33 23 33 33 42 32 32 44 33 22 11 32 22 32 24 32 32 11 22 22
1 31 23 32 31 44 32 32 44 32 23 44 33 24 33 24 33 33 13 22 23
1 33 23 33 31 44 33 33 44 33 22 11 33 22 32 22 33 33 11 22 23
1 31 22 32 33 44 32 32 44 32 23 14 33 22 22 44 33 33 11 23 22
1 31 22 32 31 42 33 33 44 32 23 14 32 24 33 24 32 32 11 23 22
1 33 22 33 33 44 33 33 44 33 22 11 33 22 33 22 33 33 11 22 22
1 33 22 33 33 44 33 32 44 32 22 11 33 24 33 22 33 33 11 22 22
1 33 23 32 33 42 32 32 44 32 22 14 33 24 22 24 33 33 13 22 23
1 33 23 32 33 44 33 32 44 32 22 11 32 24 32 22 33 22 13 22 22
1 11 23 32 33 22 32 33 41 22 33 44 22 44 32 44 22 22 33 23 22
1 33 22 32 31 44 22 32 41 32 23 14 33 22 33 24 33 33 11 22 22
1 31 22 32 33 44 32 32 41 22 22 14 33 22 33 22 33 22 13 22 33
1 33 22 22 33 42 33 33 41 32 33 14 32 24 33 22 32 32 13 23 23
1 31 23 33 33 44 32 33 44 32 23 11 33 22 32 24 33 33 13 23 22
1 33 23 33 33 44 33 32 44 32 22 11 33 22 33 24 33 22 11 23 22
1 33 22 22 33 44 32 33 11 32 23 44 32 22 32 24 32 32 13 23 33
1 33 22 32 33 44 33 32 44 33 23 14 22 22 32 22 33 33 13 22 22
1 31 33 32 11 42 22 32 41 33 33 11 33 24 33 24 33 32 13 33 22
1 33 23 33 33 44 33 33 41 33 22 14 32 22 32 24 33 33 13 22 22
1 31 22 33 31 42 33 32 41 33 22 11 32 22 33 22 33 32 13 22 23
1 31 22 33 31 44 33 33 41 32 33 11 33 22 33 22 33 33 11 22 23
1 33 23 33 33 44 32 33 44 33 22 44 32 22 33 22 32 22 11 22 22
1 11 23 32 33 44 32 33 41 33 23 14 32 22 33 22 33 32 13 23 22
1 33 23 33 33 42 32 32 41 33 22 14 22 24 32 22 33 32 13 23 23
1 33 22 33 33 42 22 33 41 32 23 14 22 24 32 24 32 32 11 22 22
1 33 22 33 33 42 33 32 41 33 23 11 22 24 32 24 33 33 13 22 23
1 33 33 33 31 44 32 33 44 33 23 14 32 22 33 24 32 33 11 33 23
1 31 33 33 33 44 33 33 41 33 23 14 32 24 33 22 33 32 13 23 23
1 33 33 33 31 44 33 33 41 32 22 14 32 24 32 24 33 32 11 22 22
1 31 22 33 33 42 32 32 41 32 22 11 32 22 32 24 32 22 13 23 23
1 33 22 33 33 42 33 33 44 33 22 11 33 24 32 22 32 22 11 33 23
1 33 23 33 31 22 33 33 41 22 33 11 32 24 22 24 32 32 13 23 22
1 33 22 32 33 42 33 33 41 33 22 11 32 24 33 22 33 33 11 22 23
1 33 23 33 31 42 22 33 41 32 22 11 33 22 32 24 32 33 33 22 22
1 33 22 32 31 44 32 33 41 32 22 11 32 22 32 22 33 32 13 22 22
1 33 23 33 33 44 22 32 44 33 33 14 33 22 33 24 32 33 13 22 23
1 31 22 33 31 44 33 33 44 32 22 11 32 22 32 44 33 32 13 23 23
1 31 22 32 31 44 33 32 44 32 23 11 33 44 33 22 33 22 11 22 23
1 33 33 32 31 44 32 33 41 33 22 11 33 22 33 22 22 33 11 22 22
1 33 22 33 33 44 33 33 44 32 22 11 33 22 32 22 33 33 11 22 22
1 33 23 32 31 44 33 32 41 32 33 11 32 22 33 22 33 32 13 23 22
1 33 22 32 11 42 32 32 11 22 23 11 32 44 32 24 22 22 13 22 22
1 31 33 33 33 42 33 33 44 32 33 11 32 22 33 24 33 33 13 33 22
1 33 23 33 31 44 33 33 44 33 23 11 33 22 32 22 33 32 11 22 22
1 33 22 33 33 44 33 32 44 22 22 11 33 22 33 22 32 32 13 23 22
1 33 23 33 33 42 33 33 44 33 23 11 33 22 33 22 33 33 11 22 22
1 33 22 22 33 42 33 33 41 33 22 14 32 24 33 24 22 33 13 22 22
1 33 22 33 33 44 32 32 44 32 33 44 32 22 33 44 22 32 11 23 23
1 33 23 22 33 44 33 33 41 32 22 11 33 22 22 24 33 32 13 33 22
1 31 23 33 33 42 22 22 41 33 33 14 33 22 32 24 33 32 13 22 23
1 33 22 32 31 42 32 32 44 33 23 11 33 24 33 24 33 32 13 23 22
1 31 22 32 31 44 33 33 44 33 22 14 32 22 33 22 33 32 11 23 22
1 33 22 33 33 44 33 33 44 33 22 14 33 22 33 24 33 33 11 22 22
1 33 23 32 33 42 32 32 11 32 23 11 32 22 32 22 32 22 11 23 22
1 33 23 32 33 44 33 33 41 33 23 14 33 24 22 24 33 33 11 22 23
1 33 23 33 33 44 33 33 44 33 22 11 32 24 33 22 33 32 11 22 33
1 31 23 32 33 42 22 32 41 32 23 14 33 24 33 24 32 32 13 22 22
1 33 23 32 33 42 32 33 44 33 22 14 32 22 32 24 33 22 11 22 22
1 31 23 33 11 44 32 33 44 22 33 14 32 22 33 22 33 32 11 23 22
1 33 22 33 31 44 32 32 44 32 22 14 22 24 32 24 32 22 33 33 23
1 33 22 33 33 44 33 32 44 33 23 11 32 22 33 22 33 33 11 22 22
1 31 23 33 33 42 32 33 41 32 23 11 33 22 32 22 33 32 11 23 23
1 11 23 32 31 22 33 32 41 33 23 11 33 24 32 44 22 22 33 23 23
1 33 22 33 33 44 33 33 41 33 23 14 32 22 33 24 33 33 11 22 22
1 11 33 22 31 42 33 22 41 33 23 44 32 44 32 24 33 22 33 33 23
1 33 22 33 31 42 32 33 44 33 22 44 33 22 33 22 33 33 13 33 22
1 31 23 32 33 44 32 22 41 32 23 11 33 22 32 24 32 22 11 22 22
1 31 22 33 33 42 33 22 44 32 22 11 32 22 32 24 33 33 13 22 22
1 33 23 32 33 44 33 32 44 22 22 14 33 22 33 22 22 22 11 22 22
1 33 22 33 33 44 33 33 44 32 22 44 32 22 33 22 33 33 13 22 23
1 33 22 32 33 42 33 32 44 32 22 14 32 22 33 22 32 33 11 22 22
1 33 23 33 31 44 32 33 41 33 22 11 32 22 32 24 33 22 13 22 22
1 33 22 33 33 44 33 32 44 33 22 11 33 22 32 22 33 33 11 22 22
1 33 22 32 33 42 32 32 41 32 22 14 33 22 33 22 33 22 11 22 23
1 33 22 33 33 42 33 32 41 22 33 11 33 22 33 22 33 32 13 23 22
1 33 23 32 31 44 33 33 44 32 23 11 33 22 33 24 32 33 11 22 23
1 33 33 32 31 42 32 32 44 32 22 14 33 24 32 22 32 33 13 23 23
1 31 22 33 33 42 32 33 41 32 23 14 32 22 22 22 32 32 11 23 22
1 33 22 32 11 44 33 33 44 33 22 44 32 22 33 24 33 32 11 22 22
1 33 23 32 33 22 32 33 41 33 23 14 32 24 33 22 33 33 13 22 22
1 31 22 22 11 44 33 22 41 22 23 14 32 24 32 22 33 22 13 22 23
1 33 33 32 31 44 32 33 44 33 23 14 33 24 32 22 33 32 11 22 22
1 33 22 33 33 42 32 33 44 33 22 11 32 22 33 22 32 32 11 22 22
1 33 22 32 33 44 33 33 44 33 22 14 32 24 32 22 33 32 11 23 23
1 33 22 32 33 42 33 32 44 33 22 14 33 22 33 24 33 32 13 22 23
1 33 23 32 31 42 32 32 41 32 22 14 33 24 33 24 32 33 13 23 23
1 31 23 32 33 22 22 32 41 32 23 11 22 22 22 24 33 33 13 22 22
1 31 33 33 33 22 33 32 41 33 22 14 32 24 33 24 33 33 33 22 33
1 33 23 33 31 44 33 32 41 33 22 11 33 22 32 22 33 32 11 23 23
1 33 22 33 33 42 32 32 44 32 23 14 32 24 33 24 33 22 13 23 22
1 33 33 33 33 44 33 33 44 33 23 14 32 22 33 24 33 33 11 23 23
1 33 22 33 11 42 33 32 41 22 23 11 33 22 32 22 22 33 33 33 22
1 33 22 32 33 42 32 33 44 33 22 11 33 24 32 24 32 33 13 22 22
1 11 22 32 33 42 22 32 41 33 23 14 32 44 33 24 22 22 11 23 22
1 11 22 33 31 42 33 33 44 32 33 14 32 22 22 24 33 32 11 22 23
1 33 22 32 33 42 33 33 44 32 22 14 32 24 33 22 22 33 13 22 22
1 31 23 32 33 44 33 33 44 33 23 44 32 24 32 24 33 32 11 23 22
1 31 22 32 31 42 32 32 41 32 23 44 33 24 32 22 33 32 13 23 23
1 33 23 32 31 42 32 33 41 32 23 14 33 24 32 22 33 32 11 23 22
1 31 22 32 11 42 33 33 44 32 22 11 33 22 32 44 33 33 11 23 23
1 33 23 33 33 42 33 32 44 33 23 14 33 24 33 24 33 22 13 22 33
1 33 23 32 31 42 33 32 44 22 23 44 33 22 33 22 22 33 11 33 22
1 31 22 33 33 44 32 33 41 33 23 14 22 24 33 22 33 32 13 22 22
1 33 22 32 33 42 33 33 41 32 23 11 32 24 33 24 33 32 11 22 23
1 33 22 33 33 42 33 33 44 32 23 14 32 22 33 24 32 32 13 22 23
1 33 22 32 33 22 33 33 41 32 23 11 32 24 32 24 33 33 13 22 22
1 33 23 32 33 44 32 32 11 33 23 11 33 22 32 22 33 33 11 23 23
1 33 22 33 33 44 33 33 41 32 23 11 33 22 33 22 33 33 11 22 22
1 33 22 32 33 42 33 33 44 33 23 11 32 22 33 22 33 32 11 22 23
1 31 22 32 33 22 32 32 41 32 22 14 33 22 32 22 32 32 13 22 33
1 33 23 33 33 44 33 33 41 33 23 11 33 22 22 22 33 33 11 22 33
1 33 23 32 31 42 32 32 41 32 33 14 22 24 32 44 22 32 13 33 23
1 31 22 32 33 44 22 33 44 33 22 11 32 22 22 22 33 22 11 23 22
1 31 22 33 33 44 33 33 44 33 22 11 33 22 33 24 33 22 11 22 33
1 33 22 32 33 44 33 32 44 32 22 14 33 22 32 22 32 33 11 22 22
1 33 23 33 33 44 32 33 44 32 23 11 32 22 32 24 32 32 13 22 22
1 33 22 32 33 42 32 33 44 32 22 11 33 22 33 22 33 32 33 22 22
1 11 33 22 11 42 32 22 41 22 23 11 22 22 32 44 32 32 13 33 23
1 31 23 33 33 42 33 33 41 33 22 11 33 22 33 22 33 32 11 22 23
1 33 22 33 33 44 32 33 41 33 22 14 32 24 33 24 33 33 11 23 22
1 33 23 33 33 44 33 33 44 33 22 14 32 24 32 24 33 33 11 22 22
1 33 23 33 33 42 33 33 44 33 22 11 33 22 32 22 33 32 13 22 23
1 33 23 32 33 42 33 33 41 33 23 11 22 24 33 24 33 22 13 23 22
1 33 23 33 33 44 32 33 44 32 23 11 33 24 33 22 33 33 11 23 22
1 31 22 33 31 44 33 33 11 32 22 11 33 22 32 22 33 32 33 22 22
1 33 23 33 31 22 32 33 41 33 22 11 33 22 32 22 32 33 11 22 33
1 31 22 32 33 42 33 32 41 22 22 11 22 22 32 22 33 32 13 23 22
1 33 22 32 33 44 33 33 44 33 22 11 33 24 33 22 33 32 11 22 22
1 31 23 22 11 44 33 33 41 32 23 14 32 24 33 44 32 33 11 23 22
1 31 22 32 33 22 33 33 44 32 33 11 32 22 32 22 32 32 13 22 22
1 31 23 32 33 42 22 33 41 33 23 11 33 22 33 24 33 33 13 22 22
1 33 22 33 33 42 32 32 11 33 33 11 33 22 32 22 33 33 11 22 22
1 33 23 33 31 22 32 33 41 22 33 14 22 22 22 24 33 32 11 23 22
1 33 23 33 31 42 33 33 41 32 22 11 32 44 32 24 33 33 11 23 23
1 31 22 33 33 44 32 32 44 33 22 14 32 24 33 24 33 32 11 23 33
1 31 23 33 33 22 32 32 44 32 33 44 32 24 32 22 33 22 33 23 23
1 31 22 32 33 42 32 32 44 32 22 14 32 22 33 22 33 33 11 22 22
1 33 22 32 31 42 33 32 44 33 22 11 32 22 33 22 33 32 13 22 23
1 31 23 33 33 22 32 32 41 32 23 14 32 22 33 44 32 33 13 22 23
1 33 33 22 31 42 32 32 44 32 22 14 33 24 22 22 32 32 13 23 23
1 33 23 32 31 44 32 33 41 32 22 14 32 22 32 24 33 33 13 33 22
1 33 22 32 33 44 33 32 41 22 33 14 32 24 32 24 22 22 33 22 33
1 31 22 33 33 44 32 33 11 33 22 14 22 22 33 22 32 33 13 22 23
1 33 23 33 33 44 33 33 44 32 22 11 33 22 33 22 33 33 11 22 22
1 33 22 32 33 44 33 33 44 32 22 14 33 22 33 22 33 32 13 22 23
1 33 22 32 33 44 22 32 44 33 22 11 32 22 32 22 33 33 13 22 22
1 31 22 33 33 42 33 33 11 33 22 11 33 22 33 44 33 33 11 22 23
1 33 22 33 31 44 32 32 44 32 22 11 33 22 33 22 33 22 11 23 22
1 31 23 33 33 22 32 32 41 33 22 14 33 24 32 24 33 32 11 22 22
1 33 23 33 31 42 32 33 44 32 22 14 22 44 33 24 33 22 11 23 23
1 33 22 32 33 42 33 33 44 32 23 14 33 22 32 24 22 33 11 22 22
1 31 33 32 31 42 33 32 41 32 23 14 22 24 22 24 32 22 33 33 22
1 11 23 22 11 42 22 33 44 32 23 14 22 22 33 22 32 33 11 23 23
1 33 22 33 33 22 33 32 44 32 22 14 33 24 33 22 33 32 11 23 22
1 33 33 33 33 44 32 22 44 32 23 14 32 22 33 24 33 32 13 23 23
1 33 22 32 33 42 33 32 44 33 22 14 32 22 33 22 33 33 11 22 22
1 33 22 32 33 44 33 33 41 32 22 11 33 22 33 24 33 33 11 22 33
1 31 22 33 31 42 33 33 44 33 22 11 32 22 32 22 32 32 11 23 22
1 33 22 33 33 44 33 33 44 33 22 14 33 24 33 22 33 33 11 22 22
1 33 23 33 31 44 32 33 44 33 22 14 32 24 32 24 33 22 33 22 22
1 33 22 33 33 44 22 33 44 33 23 11 33 22 32 24 22 32 11 23 33
1 31 23 32 33 42 32 32 11 32 22 14 33 22 33 22 32 32 13 23 22
1 31 33 32 33 22 33 32 41 32 23 14 33 24 33 44 32 32 33 23 23
1 33 22 33 31 44 33 33 41 32 22 14 32 22 32 24 33 33 13 23 23
1 33 22 33 33 44 33 33 44 33 22 11 32 22 33 24 32 33 11 22 33
1 33 33 32 33 44 33 33 41 33 23 14 32 22 22 24 33 33 13 22 23
1 33 33 32 11 44 33 33 41 32 22 11 32 44 32 22 32 32 11 22 22
1 33 22 33 33 42 32 32 44 33 22 11 32 22 33 22 32 32 11 23 23
1 33 23 33 33 22 33 32 44 33 23 14 33 22 32 24 32 32 13 22 22
1 33 22 33 33 44 32 32 41 32 23 14 33 22 33 24 33 32 13 22 23
1 33 23 32 31 44 33 33 44 33 22 11 32 22 32 22 32 32 11 22 23
1 33 23 32 33 44 33 32 44 32 33 44 32 24 32 22 32 33 13 23 23
1 33 23 33 31 44 33 22 41 32 22 14 32 24 32 22 33 22 11 23 23
1 33 22 33 31 42 32 32 11 33 22 14 33 22 32 24 33 32 13 22 22
1 31 23 33 31 22 32 32 41 22 22 11 22 24 32 24 33 32 13 22 23
1 31 22 22 33 42 22 32 41 33 23 11 33 24 33 22 33 33 13 23 33
1 33 22 32 33 44 33 33 44 33 23 14 33 22 32 22 32 33 11 23 23
1 31 22 32 33 44 33 32 41 32 23 11 22 22 22 22 33 22 11 23 23
1 33 23 32 33 44 32 33 41 33 23 11 33 22 33 24 33 32 11 22 23
1 33 22 33 31 42 33 32 44 33 22 11 32 22 33 22 32 32 11 23 22
1 33 23 33 31 44 32 32 44 32 22 11 33 22 33 22 33 33 11 22 23
1 33 22 33 31 44 32 33 44 32 22 11 33 24 33 22 33 33 11 22 23
1 11 23 32 33 44 32 33 44 33 23 14 33 24 33 22 32 32 11 22 23
1 33 23 33 31 42 33 33 44 33 22 11 33 22 33 22 33 32 13 23 23
1 33 22 32 33 44 32 33 44 33 22 14 33 22 33 22 32 32 11 22 22
1 31 23 33 33 44 32 33 44 22 23 11 33 22 33 22 33 22 11 22 23
1 31 23 32 31 44 32 33 44 32 22 11 22 24 32 24 33 32 11 33 23
1 33 22 22 33 44 32 33 44 32 23 14 33 22 33 22 32 33 11 22 22
1 33 22 32 33 42 32 32 44 33 23 44 33 22 33 22 33 32 13 22 23
1 31 23 33 33 44 33 33 41 32 33 11 32 22 32 22 22 32 13 23 22
1 33 23 33 31 42 32 33 44 33 22 14 32 24 32 24 32 33 13 22 23
1 31 23 33 33 42 32 22 44 22 23 14 33 22 33 24 32 32 11 22 22
1 33 22 33 33 44 32 33 44 32 22 11 33 22 33 22 22 33 11 23 22
1 33 22 33 33 44 33 33 44 32 22 11 33 22 33 22 33 33 11 22 22
1 33 23 32 33 42 33 32 41 32 23 11 32 22 32 22 33 32 11 23 22
1 33 22 33 33 44 33 22 41 32 22 11 32 22 32 22 33 22 11 23 22
1 33 23 33 33 42 32 32 44 33 22 11 32 24 33 24 33 22 33 23 33
1 33 23 33 33 42 33 33 44 33 33 11 33 22 32 22 33 32 11 22 23
1 33 33 33 33 44 33 33 41 32 23 11 33 22 33 24 33 22 11 23 22
1 33 23 22 11 42 32 32 41 32 22 14 32 22 32 24 32 33 33 22 23
1 31 22 32 33 44 33 22 44 32 23 14 32 22 33 22 32 22 13 22 23
1 31 22 33 33 42 33 33 44 33 22 14 32 24 33 22 33 33 11 22 22
1 31 33 33 11 42 22 33 41 32 23 14 32 24 32 22 33 22 33 22 23
1 11 23 32 33 42 33 32 41 33 23 11 32 22 32 44 32 22 13 22 23
1 31 23 32 33 44 22 32 41 32 22 14 32 24 33 22 32 32 11 33 23
1 31 33 32 33 42 32 22 41 33 23 14 33 22 22 44 22 22 13 23 23
1 31 23 22 31 44 32 32 41 32 23 14 32 22 33 22 33 32 13 22 33
1 33 22 33 33 44 32 32 44 33 22 14 32 24 33 24 32 32 11 23 22
1 31 22 33 33 44 22 33 44 32 23 11 32 22 32 24 32 22 13 22 22
1 33 33 22 31 42 33 32 44 32 22 11 33 22 32 22 32 32 11 23 22
1 31 23 33 33 42 32 32 41 32 23 14 22 44 32 24 32 32 13 23 33
1 31 33 22 31 44 32 22 44 33 33 11 33 24 32 22 33 32 13 22 22
1 31 23 33 33 44 33 33 44 33 22 11 33 22 33 22 33 32 11 23 22
1 33 22 33 31 44 32 33 44 33 22 11 33 22 32 22 33 32 11 22 22
1 33 23 33 33 44 33 33 44 33 23 14 32 22 33 24 33 33 11 23 22
1 33 22 33 33 44 33 33 44 33 22 11 33 22 33 22 33 33 13 22 22
1 31 23 32 31 22 32 32 41 33 33 44 32 24 22 44 32 32 33 22 22
1 33 23 32 33 44 33 33 41 33 22 11 33 24 33 24 32 32 11 22 22
1 31 22 33 33 42 33 32 44 33 22 44 32 44 32 22 33 33 11 22 22
1 33 23 32 33 44 33 32 41 32 22 14 33 44 32 22 33 22 11 22 22
1 31 23 22 33 22 33 33 11 32 22 14 22 24 32 24 32 32 11 22 23
1 33 23 33 33 44 33 22 11 32 23 14 33 24 33 22 33 33 11 22 22
1 33 23 33 33 22 32 33 44 32 23 14 22 22 32 22 32 32 11 22 23
1 33 22 33 11 44 33 33 44 33 23 11 33 22 32 24 32 33 11 22 22
1 31 23 33 33 44 33 32 41 32 22 14 32 22 32 24 33 33 11 23 23
1 33 22 32 33 22 33 33 41 22 23 11 33 22 33 22 32 22 11 22 23
1 31 23 32 31 42 32 32 11 32 33 14 32 22 22 24 32 32 33 22 23
1 31 23 33 31 42 33 33 41 33 23 11 32 24 32 22 32 22 13 33 23
1 33 33 22 31 42 32 32 41 32 23 14 32 44 33 22 33 33 33 23 23
