 rs6670328 rs4145901 rs2500278 rs2483260 rs12409345 rs12743017 rs12409315 rs12741836 rs16824089 rs2500277 rs2483266 rs870465 rs1108600
0 11 44 11 14 23 44 11 22 22 14 22 44 41
0 14 41 14 11 22 44 44 23 23 14 33 11 41
0 14 44 14 14 23 41 14 22 23 11 23 44 11
0 11 41 44 14 23 41 14 22 23 11 22 44 44
0 11 44 14 14 33 41 11 23 23 11 23 44 41
0 11 44 11 14 33 44 14 22 22 11 22 44 44
0 14 44 11 11 22 41 11 22 23 11 33 44 44
0 14 44 11 11 23 44 14 22 22 11 33 41 11
0 44 41 14 44 22 44 14 23 23 44 23 44 41
0 14 41 11 11 22 44 11 22 22 14 22 44 44
0 11 41 11 14 22 44 44 22 33 11 22 44 44
0 11 44 14 14 23 41 44 23 22 44 23 11 11
0 11 44 11 11 22 44 11 22 22 11 23 44 41
0 11 41 14 11 23 41 14 22 22 14 33 41 41
0 14 41 14 14 23 44 14 23 22 11 23 44 44
0 14 41 14 11 23 41 14 22 22 14 23 44 11
0 14 41 11 44 22 44 11 22 23 14 23 44 44
0 14 11 14 44 23 41 14 33 23 44 23 41 11
0 14 41 11 14 23 44 11 22 22 44 33 44 41
0 11 44 11 14 22 44 11 22 22 14 23 44 44
0 14 44 11 44 22 41 14 22 23 14 23 41 41
0 14 44 14 14 23 11 14 22 23 14 22 41 41
0 11 44 14 11 23 41 14 23 22 14 22 44 44
0 11 44 11 14 23 41 11 23 22 14 22 41 44
0 14 44 11 14 23 44 11 23 22 14 33 41 41
0 14 41 14 11 22 44 14 23 22 14 22 44 41
0 14 41 11 11 22 44 14 22 22 11 22 44 41
0 14 44 11 14 22 44 11 23 23 14 23 44 41
0 11 44 14 11 22 44 11 22 22 11 33 41 44
0 11 44 14 11 22 44 11 22 23 11 23 44 44
0 14 41 11 14 23 44 44 22 22 11 23 41 41
0 14 41 14 14 23 41 44 23 23 14 23 11 41
0 14 44 14 11 22 44 14 22 23 44 23 44 41
0 11 44 11 14 33 44 14 33 23 11 23 44 11
0 14 44 11 11 33 41 11 22 23 44 22 11 44
0 11 44 11 14 23 44 14 23 22 44 22 44 41
0 14 44 14 14 22 44 44 22 23 14 23 44 41
0 11 44 11 11 23 44 14 23 22 11 23 41 44
0 14 44 14 11 23 44 14 23 23 44 22 41 41
0 11 41 14 11 22 41 14 22 23 11 23 44 44
0 14 41 11 14 22 44 44 23 23 14 23 41 11
0 14 44 11 14 22 44 14 22 23 14 23 44 41
0 11 44 11 11 22 44 44 22 22 14 23 44 41
0 11 41 14 11 22 44 14 23 23 14 23 44 44
0 44 41 11 44 23 41 14 23 22 14 33 41 44
0 11 44 14 14 23 44 11 22 23 11 33 41 41
0 11 44 14 14 22 11 14 22 22 11 23 44 41
0 11 44 11 14 23 44 11 22 22 11 22 44 44
0 11 44 14 14 22 44 11 22 23 14 22 44 41
0 14 44 14 14 23 44 14 23 23 14 23 11 41
0 14 44 11 11 23 44 14 22 33 14 22 44 41
0 11 44 11 14 33 44 14 22 23 14 22 44 41
0 14 44 14 11 22 44 11 23 23 11 23 41 41
0 11 41 11 14 22 44 11 23 22 11 22 41 41
0 14 41 44 14 23 44 14 22 22 44 23 44 44
0 14 41 11 14 22 44 11 22 22 44 22 44 41
0 14 44 11 11 22 44 14 22 22 14 23 41 11
0 11 44 11 11 22 41 11 23 23 14 23 44 41
0 14 44 11 14 22 44 11 23 23 11 23 41 44
0 14 11 11 44 22 41 14 22 22 44 33 41 11
0 11 44 11 14 22 11 11 22 22 14 33 44 41
0 11 41 11 14 23 44 11 22 22 44 33 44 41
0 11 44 11 14 22 44 11 22 23 11 22 44 41
0 11 44 14 44 22 41 14 23 23 14 23 41 41
0 11 44 11 44 22 44 11 23 23 44 33 41 41
0 14 41 14 14 23 44 44 23 23 11 33 41 41
0 11 44 11 11 22 41 14 22 22 11 22 41 41
0 11 44 14 44 22 44 14 22 22 11 23 41 44
0 14 41 14 14 23 41 14 22 23 11 23 44 41
0 14 44 11 11 23 44 14 22 22 11 22 44 44
0 44 44 11 44 22 44 44 23 23 44 23 41 41
0 11 44 11 44 22 44 11 22 22 11 23 44 41
0 14 44 14 44 22 44 14 23 22 44 22 11 11
0 14 41 11 14 23 41 14 33 23 11 33 41 41
0 14 44 11 11 23 44 14 22 23 14 23 41 41
0 14 44 14 11 22 41 44 22 22 11 22 44 44
0 14 44 11 11 22 44 14 22 23 11 23 44 44
0 14 44 14 11 23 44 14 23 23 11 33 44 41
0 11 44 11 11 23 44 14 22 22 14 23 11 41
0 11 44 14 11 22 44 11 22 22 11 22 44 44
0 44 44 14 14 33 11 44 33 23 44 33 41 41
0 11 11 11 14 33 44 44 22 23 44 23 44 41
0 44 44 14 11 22 44 44 22 23 14 33 44 44
0 44 44 11 14 23 41 11 23 22 11 33 44 11
0 14 44 11 14 23 41 11 23 22 14 22 44 44
0 11 44 11 44 23 44 14 22 22 14 23 41 41
0 11 44 14 14 22 44 14 23 23 11 23 41 11
0 14 44 11 11 23 44 11 23 23 11 22 44 41
0 44 41 44 44 22 41 14 23 33 14 23 41 41
0 14 44 14 14 23 44 14 22 23 14 22 41 44
0 11 44 14 14 23 44 14 23 22 14 23 41 41
0 14 41 14 11 22 44 14 22 23 11 22 44 44
0 11 44 11 14 23 44 14 22 22 14 22 41 44
0 11 44 11 44 23 44 14 22 23 11 23 11 41
0 14 44 11 11 23 44 11 22 22 14 23 44 44
0 14 44 14 11 23 44 11 22 22 14 23 11 41
0 14 44 11 11 23 44 11 22 22 11 33 44 41
0 11 44 11 11 22 44 14 23 23 11 33 41 44
0 11 41 11 14 23 41 14 22 33 44 33 41 41
0 14 44 44 11 22 44 11 22 23 44 33 44 44
0 14 41 44 44 23 44 14 23 22 11 23 44 41
0 14 44 44 11 23 41 44 22 23 11 23 41 41
0 14 44 14 14 22 11 14 22 23 44 23 41 41
0 14 44 14 14 22 41 14 22 22 14 22 41 44
0 11 44 11 44 23 44 11 22 23 11 22 41 44
0 11 44 11 11 22 44 11 23 22 11 22 44 44
0 11 44 14 11 23 44 11 22 22 14 22 44 44
0 11 44 11 14 23 44 11 23 22 14 23 44 41
0 11 44 14 14 23 44 14 22 23 44 23 11 44
0 11 41 11 14 22 44 14 22 22 14 23 44 44
0 11 44 14 11 23 44 11 22 22 14 23 11 44
0 14 44 11 11 22 41 14 23 22 14 22 44 44
0 11 44 11 44 23 44 44 33 23 11 23 41 11
0 44 11 14 14 22 41 44 22 23 14 33 11 44
0 14 41 14 14 23 44 14 23 33 44 33 44 41
0 14 41 11 44 22 44 14 23 23 44 22 41 41
0 11 44 11 11 22 44 11 22 22 11 22 44 11
0 44 41 11 14 23 44 14 22 23 14 23 44 41
0 14 44 11 14 22 41 14 22 33 44 22 41 44
0 11 44 11 44 22 41 14 22 22 11 23 44 44
0 11 44 11 14 22 44 14 23 22 14 22 44 44
0 14 44 14 11 33 41 14 23 22 44 22 44 11
0 14 44 14 44 22 44 14 23 33 11 23 11 41
0 14 44 11 14 23 41 14 33 23 14 33 44 44
0 11 44 14 44 22 41 14 22 33 11 23 41 41
0 11 44 11 14 23 41 14 23 23 14 23 41 41
0 11 44 11 11 22 44 11 23 22 14 33 41 44
0 14 44 14 14 23 44 11 22 22 11 22 44 44
0 11 41 14 14 22 44 14 22 23 14 33 41 44
0 11 44 14 14 23 44 14 22 22 14 33 44 41
0 14 44 11 11 23 41 11 22 22 11 22 41 44
0 14 44 11 11 22 44 11 23 22 14 23 44 41
0 11 44 11 14 23 41 14 22 22 14 23 44 44
0 14 44 14 14 22 44 14 23 22 14 33 11 41
0 44 44 11 11 22 44 11 22 22 11 22 44 44
0 11 41 14 14 23 41 14 23 23 11 33 41 11
0 11 44 11 11 22 44 14 33 22 44 23 41 41
0 11 44 11 11 22 44 14 23 22 11 22 41 41
0 11 44 11 14 22 44 14 22 22 14 23 44 44
0 14 44 14 44 22 44 14 22 23 11 23 41 41
0 14 41 11 14 22 41 14 22 23 14 22 41 41
0 44 11 11 14 23 44 14 23 23 11 23 41 44
0 44 44 11 14 22 41 14 22 23 44 23 44 41
0 11 41 14 14 22 41 14 23 22 14 23 44 44
0 11 44 11 11 23 44 44 23 23 14 23 44 41
0 14 44 11 11 23 44 14 22 23 14 23 44 41
0 14 44 11 14 22 44 11 22 22 11 22 44 44
0 14 41 14 44 23 44 14 23 23 14 23 11 11
0 14 44 11 14 22 44 11 22 23 14 22 44 44
0 14 41 14 44 33 44 14 23 22 14 23 44 41
0 14 44 11 14 23 41 14 22 23 14 33 44 41
0 14 44 11 11 22 44 11 22 22 11 23 44 44
0 11 44 11 11 23 11 11 22 22 14 22 41 44
0 11 44 11 11 22 44 11 22 22 14 33 41 44
0 11 44 14 11 22 41 14 33 23 11 22 44 44
0 14 41 14 14 22 41 44 23 22 44 23 41 44
0 44 44 14 11 23 41 11 33 33 14 23 41 44
0 11 44 11 11 33 44 14 23 22 11 33 44 44
0 44 41 11 11 22 44 14 22 33 44 33 44 41
0 14 44 11 11 22 44 44 22 23 14 22 44 11
0 14 41 14 14 22 44 14 23 23 11 22 41 41
0 11 41 14 44 23 41 14 33 22 14 23 41 41
0 14 44 11 11 22 44 14 22 23 11 22 44 44
0 11 44 11 14 33 41 44 33 22 14 33 41 41
0 14 44 11 44 23 41 11 23 23 44 33 41 44
0 11 44 11 14 23 44 14 22 23 44 23 44 44
0 11 44 11 14 22 44 11 22 22 14 23 44 41
0 14 41 11 11 23 44 14 23 33 14 23 44 41
0 11 41 11 11 23 41 14 22 23 11 33 41 41
0 14 44 44 14 23 11 44 33 23 14 23 41 11
0 14 41 14 11 22 44 11 22 33 14 22 44 11
0 11 44 14 14 33 44 14 23 23 11 22 41 44
0 11 44 11 14 22 44 14 23 23 11 22 11 44
0 44 44 11 14 22 41 14 23 22 44 22 44 41
0 14 44 44 14 23 11 44 23 22 14 33 44 41
0 11 41 14 14 23 41 14 23 22 11 23 41 41
0 14 44 11 14 22 44 14 23 23 11 33 44 41
0 11 44 11 14 23 41 14 22 22 44 23 41 41
0 14 44 11 14 22 41 11 22 22 14 23 41 41
0 14 11 11 11 22 41 14 23 22 14 23 44 41
0 14 44 14 11 23 44 14 22 33 11 22 41 11
0 44 41 14 11 23 44 14 22 23 14 23 41 41
0 14 41 11 44 33 41 11 22 33 11 23 44 11
0 44 41 14 44 33 44 11 23 22 14 33 41 44
0 11 41 11 14 33 44 14 23 33 11 33 44 41
0 14 41 11 44 23 41 44 33 23 14 23 44 41
0 44 41 14 11 23 41 14 22 33 11 23 44 41
0 44 44 14 14 23 41 14 23 23 14 33 41 44
0 14 44 11 11 23 44 14 22 22 14 23 44 41
0 11 44 11 14 23 41 14 22 22 11 33 44 41
0 44 11 44 14 22 44 44 22 22 44 23 41 11
0 14 44 11 11 23 41 14 22 22 11 22 41 41
0 14 44 14 11 23 44 14 22 23 11 22 41 41
0 14 41 11 14 23 44 44 33 23 14 22 44 41
0 11 44 11 11 23 44 44 22 22 44 33 41 44
0 14 44 14 14 23 41 14 23 22 14 22 11 41
0 44 44 11 14 33 44 11 33 23 11 33 44 41
0 44 44 11 14 23 41 14 23 23 14 33 44 41
0 14 41 11 44 22 44 14 23 23 14 22 41 41
0 14 44 11 14 22 44 14 23 22 14 23 41 41
0 11 44 11 11 23 44 44 23 23 11 23 41 44
0 44 44 11 11 22 44 14 22 22 14 23 44 41
0 14 41 11 14 23 44 44 23 23 11 23 41 41
0 11 41 11 11 23 44 14 23 23 14 22 44 44
0 14 44 11 14 23 41 14 23 22 14 22 41 41
0 14 44 11 14 23 41 14 23 22 14 23 41 41
0 11 41 14 11 23 44 11 23 22 11 23 41 44
0 11 41 11 11 22 44 44 22 23 11 33 41 41
0 14 44 11 14 22 44 11 22 23 11 23 41 44
0 11 41 11 14 23 44 44 22 22 14 23 41 44
0 14 44 14 11 22 44 14 23 22 14 22 44 41
0 14 44 11 11 22 44 14 22 22 14 22 44 11
0 14 41 11 14 23 44 11 22 22 14 23 41 44
0 11 44 14 14 22 41 11 33 22 11 33 11 41
0 14 41 11 11 22 44 11 23 22 14 23 44 41
0 11 44 14 44 22 44 11 22 23 14 23 41 11
0 14 44 14 44 23 44 14 22 23 11 22 44 41
0 11 44 11 14 22 44 14 22 23 11 22 44 41
0 11 44 11 11 22 41 11 22 22 11 22 44 44
0 11 44 11 14 22 44 14 22 23 11 23 11 44
0 14 41 14 11 23 41 44 22 23 11 23 44 11
0 14 44 11 44 22 41 11 22 33 14 33 44 44
0 11 44 11 14 22 41 11 23 22 44 23 44 44
0 44 41 14 44 23 41 44 23 23 44 23 41 41
0 14 44 11 44 23 41 44 23 33 44 33 41 41
0 11 44 11 11 22 44 44 22 23 11 23 44 44
0 44 44 11 14 22 44 14 33 33 14 22 44 44
0 11 44 11 11 23 44 11 22 23 14 22 44 44
0 11 44 11 11 23 41 11 22 22 14 33 44 41
0 14 11 11 44 22 44 14 22 22 14 23 41 41
0 14 44 11 14 23 44 11 22 22 11 33 44 11
0 11 44 14 14 23 41 11 22 22 44 23 41 41
0 11 41 14 14 22 44 14 22 23 14 33 41 11
0 11 44 14 14 22 41 14 33 22 44 23 41 44
0 11 11 11 14 22 44 14 22 23 14 23 44 44
0 14 44 11 11 22 44 14 22 23 14 23 44 41
0 11 44 11 11 22 44 11 22 22 11 23 44 44
0 14 41 11 44 22 44 14 22 22 44 23 41 44
0 14 44 11 11 22 44 14 22 23 11 22 11 41
0 11 44 11 44 22 44 11 22 23 11 23 44 41
0 14 41 14 14 22 41 44 23 33 44 23 44 41
0 14 44 11 14 23 44 14 22 23 11 22 44 44
0 44 44 11 14 23 44 14 23 23 14 23 44 41
0 11 44 11 11 22 44 11 23 22 14 22 41 44
0 11 44 11 44 22 44 11 22 22 11 22 41 41
0 11 41 11 14 22 41 14 23 22 14 23 41 44
0 11 41 44 14 23 41 14 22 23 14 23 41 41
0 14 44 11 11 22 44 14 22 22 14 22 44 41
0 44 44 11 14 22 44 14 23 23 14 33 41 41
0 11 41 14 14 22 44 11 22 22 14 22 44 44
0 11 41 14 44 23 41 14 23 23 14 23 44 41
0 11 41 11 44 22 41 44 22 23 14 23 41 11
0 14 41 11 11 23 44 14 22 22 44 23 41 41
0 14 44 14 11 33 44 14 22 33 11 23 44 44
0 11 44 11 11 23 44 14 22 22 11 23 44 41
0 11 44 11 14 22 44 11 22 22 11 22 44 44
0 14 44 11 11 23 44 11 22 22 14 22 44 44
0 14 44 14 11 23 41 14 23 22 14 23 44 44
0 11 44 11 14 22 41 44 23 22 14 33 41 44
0 11 44 11 44 23 44 11 22 33 14 23 44 44
0 11 44 11 11 23 41 14 33 23 44 23 41 41
0 14 44 14 14 23 41 11 22 23 14 23 44 41
0 14 41 11 11 22 44 14 23 23 14 23 44 41
0 11 44 14 14 22 44 44 22 23 14 23 41 41
0 11 41 11 14 22 41 14 22 22 11 22 41 44
0 44 41 11 11 22 41 44 22 22 11 33 41 44
0 11 44 14 44 33 11 14 23 23 14 23 44 41
0 11 44 44 11 23 44 14 22 33 44 23 44 41
0 11 41 14 14 22 44 14 22 22 11 22 44 41
0 14 41 11 11 22 44 14 22 22 11 22 44 41
0 11 41 14 44 33 44 14 22 33 44 23 44 41
0 44 11 14 44 33 44 14 33 23 14 23 41 41
0 11 41 11 11 22 44 14 23 22 11 22 41 41
0 11 44 11 11 22 44 11 22 22 14 22 44 44
0 14 41 14 11 22 41 44 23 23 14 22 44 41
0 14 41 14 11 33 41 14 23 23 14 23 41 41
0 14 41 14 11 33 41 44 23 22 44 23 41 41
0 11 44 11 14 22 44 14 22 23 44 23 44 44
0 44 44 11 11 22 41 44 23 22 11 23 41 41
0 11 41 14 14 23 11 14 23 23 14 33 44 11
0 11 44 11 14 22 44 11 22 23 14 23 44 44
0 44 44 14 14 22 44 14 22 22 11 23 44 44
0 14 44 11 11 23 44 11 22 23 14 23 44 41
0 14 44 14 11 22 41 14 22 23 14 23 11 44
0 44 44 11 11 23 44 14 33 22 11 23 44 44
0 14 44 11 11 22 44 11 22 22 14 22 44 41
0 14 44 44 11 23 44 14 23 22 44 33 41 11
0 44 44 11 11 22 41 14 23 22 14 23 41 44
0 44 44 11 11 22 44 11 33 22 14 23 44 41
0 11 44 11 11 22 44 11 22 22 11 22 41 44
0 11 41 44 14 22 41 14 23 33 14 33 41 41
0 14 44 14 44 22 44 14 22 23 14 33 44 11
0 44 41 11 14 22 44 11 22 22 11 23 41 44
0 11 44 11 11 22 41 14 23 22 11 23 44 41
0 14 44 14 14 22 41 14 22 22 14 33 44 44
0 14 44 11 11 33 44 44 22 23 11 23 41 41
0 11 41 14 14 33 41 14 33 23 14 22 41 44
0 14 41 11 14 23 44 14 23 23 14 22 44 11
0 14 41 11 11 22 44 14 22 23 44 22 41 41
0 11 11 11 14 23 41 14 23 23 44 22 44 41
0 11 41 14 14 23 41 11 33 23 14 23 44 44
0 11 41 14 14 23 44 11 22 33 11 33 44 44
0 11 44 11 44 22 44 11 22 23 11 22 44 41
0 14 44 11 11 23 41 11 22 23 11 23 41 44
0 14 44 14 11 22 44 14 23 23 44 23 44 41
0 14 44 11 11 22 44 11 23 23 11 23 41 44
0 44 44 14 14 23 44 44 33 22 14 22 44 41
0 14 44 14 11 22 44 14 22 23 44 23 41 11
0 44 44 11 14 22 44 14 33 23 14 33 41 44
0 11 44 14 44 33 44 44 23 23 14 23 41 11
0 14 41 44 44 33 41 14 22 23 44 23 41 41
0 14 44 14 11 23 44 44 22 22 11 23 41 44
0 11 44 11 14 22 11 11 22 22 11 33 44 44
0 14 44 14 44 23 11 14 23 23 14 22 44 41
0 14 44 14 14 23 11 11 23 22 11 22 44 41
0 11 11 11 14 22 44 11 22 23 14 22 44 44
0 14 41 14 44 23 11 14 23 22 14 23 41 11
0 14 41 11 11 22 41 44 23 23 11 22 44 41
0 11 41 11 44 23 41 44 23 23 44 22 44 11
0 14 44 11 14 22 44 44 23 22 14 22 41 41
0 11 44 14 11 33 44 11 22 23 44 33 41 44
0 44 44 11 14 22 41 11 23 22 44 33 41 41
0 14 44 44 44 22 41 11 23 33 11 23 41 41
0 11 41 11 11 22 41 11 22 23 14 33 44 11
0 11 44 14 11 22 44 11 22 33 14 33 44 41
0 11 44 14 11 23 44 14 22 22 11 23 44 44
0 14 44 11 11 22 41 14 33 22 14 33 44 11
0 44 11 11 14 23 44 14 23 23 14 23 41 41
0 14 44 11 11 22 44 44 22 23 11 23 44 41
0 14 44 11 44 22 44 14 22 23 14 22 44 44
0 14 44 14 44 23 41 44 22 22 14 23 44 41
0 11 44 11 11 22 41 14 22 23 44 23 44 44
0 14 41 11 11 22 41 44 23 22 44 23 41 41
0 14 44 44 11 22 41 14 23 33 14 23 44 44
0 14 41 11 44 33 44 14 23 22 14 23 44 11
0 11 44 11 11 22 44 14 22 22 14 23 11 44
0 14 44 14 44 22 44 14 22 33 14 23 44 41
0 11 41 11 44 23 44 14 22 22 14 22 44 44
0 11 44 11 44 23 44 11 23 23 11 23 44 41
0 11 44 11 11 23 44 14 23 22 14 22 44 44
0 14 44 14 11 23 41 11 23 23 14 22 44 41
0 11 44 11 14 23 41 14 33 33 44 23 41 44
0 44 44 14 11 22 44 14 22 23 44 23 44 41
0 11 44 11 11 22 41 44 22 23 14 23 44 41
0 14 41 44 44 33 44 14 23 22 14 22 44 41
0 14 11 44 14 23 44 11 23 22 11 23 44 44
0 11 44 11 11 23 44 11 22 22 11 23 44 41
0 11 44 11 14 23 44 11 22 22 44 23 44 41
0 14 41 14 14 23 41 11 23 33 14 22 44 41
0 11 44 11 11 22 44 11 22 22 11 23 44 44
0 11 44 11 14 22 44 11 22 23 14 23 41 44
0 11 44 11 14 22 41 11 23 23 14 22 44 44
0 11 44 44 11 22 44 44 22 22 44 22 44 41
0 11 44 11 11 23 44 11 23 23 14 23 41 41
0 11 41 11 14 23 44 11 23 23 11 22 44 44
0 11 44 11 44 23 44 11 22 22 11 22 44 44
0 14 41 11 14 22 41 44 22 22 11 22 41 44
0 11 44 11 14 23 41 14 23 22 14 23 41 44
0 14 11 11 11 23 41 14 23 23 11 33 41 44
0 11 44 11 14 23 41 44 23 22 14 23 41 44
0 11 44 14 14 22 41 14 23 33 14 23 44 41
0 14 41 14 11 22 41 44 22 22 11 33 41 11
0 11 44 11 11 22 44 14 22 22 11 22 41 44
0 14 44 14 11 22 44 11 22 22 11 23 44 44
0 14 44 14 14 22 11 11 23 23 14 22 41 44
0 14 44 14 11 23 44 14 22 22 14 23 44 41
0 11 44 14 14 23 44 14 23 23 44 33 44 44
0 14 44 11 11 22 44 11 23 22 14 23 44 44
0 11 44 11 44 33 41 14 23 22 11 33 41 11
0 14 41 14 44 22 44 14 23 23 11 33 11 44
0 14 44 14 11 23 44 14 23 23 11 23 44 44
0 11 44 11 11 22 44 44 22 22 11 23 44 44
0 11 44 11 11 23 44 11 22 22 11 23 41 41
0 11 44 44 44 22 41 14 33 22 14 23 44 41
0 14 44 11 44 22 44 44 23 23 14 33 41 11
0 11 44 11 11 23 44 14 22 22 11 23 44 41
0 11 44 11 14 23 44 14 22 22 14 23 44 41
0 14 44 11 11 22 44 44 22 22 14 23 44 41
0 14 44 14 14 22 41 44 23 23 14 33 44 41
0 14 41 14 44 22 44 14 23 22 14 23 41 41
0 11 41 14 14 23 44 14 23 23 44 23 44 11
0 14 41 11 11 22 44 11 22 22 11 23 44 41
0 11 41 14 11 23 41 44 22 22 14 33 44 44
0 14 44 44 11 23 41 14 23 23 14 33 44 11
0 14 44 11 14 23 44 14 22 22 11 23 44 44
0 44 44 14 14 22 44 14 22 23 11 23 41 44
0 11 44 11 14 22 44 14 22 23 14 22 44 41
0 11 44 14 44 23 41 14 22 22 44 33 44 41
0 14 41 44 14 22 41 14 22 22 14 23 44 44
0 11 44 11 44 22 44 11 22 22 11 22 44 11
0 14 44 11 14 22 44 11 23 23 14 33 41 44
0 11 44 14 14 23 44 14 33 33 11 23 41 41
0 14 44 11 11 22 44 14 23 22 14 22 44 11
0 14 44 14 14 22 44 11 22 22 14 23 44 41
0 14 44 11 11 22 44 11 22 22 14 33 41 44
0 11 44 11 14 22 41 14 22 22 11 23 44 41
0 44 44 14 14 23 44 44 23 23 11 33 41 41
0 14 44 11 14 22 44 14 22 23 14 22 44 44
0 14 11 11 11 22 44 11 22 23 14 22 44 41
0 11 41 14 44 22 41 44 23 23 11 22 44 11
0 11 44 14 14 23 41 11 22 22 14 22 44 41
0 14 44 11 14 33 41 11 23 22 11 22 44 44
0 14 44 11 44 23 44 11 22 22 14 33 44 41
0 11 41 11 44 23 44 11 22 22 11 23 44 41
0 14 44 14 11 22 44 14 22 23 11 33 44 41
0 11 44 11 11 22 44 44 22 23 11 23 11 11
0 11 44 14 44 22 44 11 22 22 11 33 44 41
0 11 44 11 44 23 41 11 22 22 14 23 44 41
0 44 44 11 11 22 44 14 23 23 14 23 44 44
0 11 44 11 11 22 44 44 22 23 11 22 11 44
0 14 44 14 14 22 41 14 22 23 11 23 44 44
0 14 44 14 14 22 44 14 22 23 14 23 44 44
0 44 44 11 14 22 41 14 33 23 11 22 44 41
0 11 41 11 11 22 41 14 22 22 44 22 44 41
0 11 44 11 11 22 41 11 23 22 11 22 44 44
0 11 44 11 14 22 44 44 22 23 44 33 41 44
0 14 41 11 14 23 44 14 23 23 11 23 41 44
0 11 44 11 11 22 44 14 22 22 11 33 44 41
0 14 41 11 14 23 44 14 22 23 14 23 44 41
0 14 44 11 11 22 44 11 22 22 14 33 44 41
0 14 44 14 11 23 44 44 23 22 11 23 44 44
0 11 41 11 11 22 44 14 23 22 14 23 41 44
0 44 44 14 14 23 41 11 33 22 44 23 41 41
0 14 44 11 14 22 44 11 23 22 14 23 41 44
0 44 44 11 14 23 44 14 22 22 11 33 44 41
0 14 44 11 11 22 41 14 22 33 44 23 44 44
0 14 44 14 14 22 44 11 22 23 44 23 41 41
0 11 44 44 14 23 44 14 23 33 11 23 41 44
0 11 44 14 14 22 44 14 23 23 11 23 11 44
0 11 41 14 44 23 44 14 23 23 44 33 44 41
0 11 41 11 14 22 41 14 23 23 14 23 44 44
0 11 44 11 14 33 44 14 23 22 14 23 44 44
0 11 41 14 14 23 11 14 22 22 11 23 44 41
0 11 44 11 11 33 44 14 22 23 14 23 41 44
0 14 44 14 11 33 44 14 22 22 14 22 44 44
0 44 44 11 11 22 41 14 22 23 14 33 11 41
0 11 44 11 44 22 44 14 23 22 14 33 44 44
0 14 44 44 14 22 44 14 23 23 14 33 41 44
0 14 44 14 14 23 11 14 23 33 14 33 41 41
0 11 41 14 14 33 41 14 22 33 11 23 41 11
0 11 44 11 14 23 41 11 22 22 11 23 44 41
0 11 41 14 14 23 41 44 22 23 11 23 44 41
0 11 44 14 14 22 41 14 22 22 11 23 44 41
0 14 44 14 44 23 41 14 33 23 14 33 41 41
0 11 41 11 11 22 41 14 22 22 14 23 44 44
0 14 44 11 14 22 44 11 22 22 11 23 44 44
0 44 44 14 44 22 11 14 22 33 11 22 41 41
0 14 44 11 11 23 11 14 22 23 11 33 41 41
0 14 41 14 11 23 41 14 22 22 11 33 44 41
0 11 44 14 14 23 44 14 23 22 11 23 41 44
0 14 44 11 14 22 41 11 22 23 14 33 44 41
0 11 41 11 14 33 44 14 22 22 14 23 41 41
0 14 41 11 11 23 44 44 23 33 44 23 44 44
0 11 41 11 44 33 41 14 22 22 11 23 41 44
0 11 44 11 11 22 44 14 22 22 11 22 44 41
0 11 44 14 14 22 44 14 22 22 11 33 44 44
0 14 44 11 14 23 44 14 23 33 14 33 41 41
0 11 44 11 11 33 41 14 22 23 11 23 44 41
0 14 44 14 11 22 11 14 23 23 44 33 44 44
0 11 44 14 11 23 11 44 22 22 14 33 44 11
0 14 41 11 14 23 44 44 22 22 44 23 41 41
0 14 11 14 44 33 44 11 22 23 11 22 41 41
0 11 41 11 11 23 44 14 22 22 11 22 44 41
0 11 41 11 11 22 44 44 22 22 14 22 44 44
0 14 41 14 11 23 41 44 22 23 44 22 41 41
0 14 41 11 14 22 41 11 23 22 11 22 44 44
0 14 44 11 11 23 41 14 23 23 14 22 44 41
0 11 41 11 11 22 44 11 22 33 11 23 41 44
0 11 41 11 14 23 41 14 23 33 44 33 41 11
0 11 44 11 11 22 44 11 23 22 14 22 44 41
0 11 44 11 11 22 44 44 23 22 11 22 41 11
0 11 41 11 14 22 44 11 22 22 11 23 44 41
0 11 44 14 44 33 44 14 23 33 14 33 11 11
0 11 44 14 11 33 44 14 22 22 11 23 44 41
0 11 44 11 11 22 44 11 22 23 44 33 41 41
0 11 41 11 11 22 44 14 22 22 44 22 41 41
0 11 44 11 14 23 44 11 23 23 44 23 41 41
0 11 44 11 14 22 44 14 23 23 44 33 44 41
0 11 41 11 14 23 41 14 33 23 11 23 44 44
0 14 41 14 14 33 41 14 23 23 44 33 44 11
0 11 44 11 14 23 44 11 22 22 11 23 44 44
0 44 41 44 14 23 41 44 23 23 44 33 41 44
0 44 41 11 14 23 44 11 22 22 11 33 41 11
0 14 11 11 11 22 41 11 23 23 11 23 44 41
0 14 44 11 14 23 44 14 22 23 14 23 41 41
0 11 44 11 11 23 44 14 23 22 44 23 41 44
0 14 41 14 14 23 44 44 23 23 14 23 44 11
0 14 44 11 14 23 44 44 23 22 11 23 44 44
0 14 11 14 44 22 44 11 23 23 14 23 44 11
0 14 41 14 14 22 44 14 23 22 14 23 44 41
0 14 44 44 14 23 44 14 22 22 14 23 44 41
0 44 41 11 14 22 44 11 23 23 14 22 44 44
0 14 44 11 11 23 41 44 22 23 14 33 44 41
0 44 41 11 44 22 41 14 23 23 44 33 41 11
0 11 44 11 11 22 41 44 23 22 11 22 44 41
0 11 44 11 11 22 41 14 23 22 44 23 44 41
0 14 44 11 11 33 41 11 22 22 11 33 44 44
0 14 44 11 11 22 44 14 22 22 44 22 44 41
0 14 44 14 14 22 41 11 23 33 11 22 44 41
0 11 44 11 11 23 44 11 23 23 11 23 41 44
1 14 44 14 11 22 41 44 22 23 14 23 44 44
1 11 44 11 44 23 11 14 23 33 11 22 44 41
1 44 44 11 11 22 44 14 23 23 11 33 41 41
1 11 11 14 14 23 41 11 22 22 11 23 44 44
1 14 41 11 11 22 44 11 22 23 14 22 44 41
1 11 44 11 14 23 44 11 22 33 14 33 11 41
1 14 44 11 14 22 41 14 23 23 44 23 44 11
1 11 44 14 14 23 44 11 22 23 14 33 41 44
1 14 44 11 11 23 41 14 23 22 14 23 41 41
1 14 41 14 14 23 41 14 23 33 44 33 41 41
1 14 44 11 11 23 44 11 22 22 14 23 44 41
1 11 44 11 14 22 44 11 23 22 11 23 41 44
1 14 41 14 44 22 44 14 22 33 14 23 44 11
1 14 44 11 11 23 44 14 22 23 11 33 41 44
1 14 44 14 11 23 44 44 23 23 14 22 44 41
1 14 44 14 14 33 41 14 22 22 11 33 41 11
1 14 44 11 11 23 11 14 22 33 14 33 44 44
1 14 41 11 14 33 41 14 23 22 44 23 41 44
1 14 44 11 14 22 44 14 22 23 14 23 44 41
1 14 44 11 14 33 44 44 23 23 14 23 44 41
1 14 44 14 11 22 44 11 22 22 11 22 44 11
1 44 44 11 14 33 44 44 22 22 14 22 44 41
1 44 41 11 44 23 44 14 23 23 11 33 41 41
1 14 41 14 14 22 44 11 23 23 14 23 44 41
1 11 44 11 44 22 41 44 23 23 14 22 44 41
1 11 41 14 14 23 44 14 33 22 11 23 44 41
1 11 41 14 11 22 41 14 22 22 44 33 44 11
1 11 44 11 14 22 44 14 22 23 11 22 44 44
1 11 44 11 14 22 44 11 23 23 14 23 41 44
1 14 44 14 14 23 41 11 23 22 44 23 44 41
1 11 44 14 14 22 44 11 23 23 14 23 44 41
1 11 44 11 14 23 44 14 22 22 44 22 44 44
1 11 44 11 11 23 41 11 22 22 14 22 44 44
1 44 44 14 14 22 41 14 23 22 14 22 11 41
1 11 41 11 14 23 44 11 22 22 14 22 44 41
1 44 41 11 14 33 41 44 22 33 14 33 41 11
1 14 44 14 14 22 44 14 22 23 11 33 41 41
1 14 44 11 14 23 44 14 22 22 14 33 44 44
1 14 41 14 14 33 41 44 22 23 14 23 41 41
1 14 44 11 11 23 41 11 23 23 14 23 44 44
1 14 41 14 44 23 44 44 23 22 44 23 44 44
1 44 44 14 14 33 41 11 23 22 44 33 41 41
1 14 44 11 44 22 44 44 22 22 14 23 44 11
1 14 44 11 11 23 44 44 22 23 44 22 11 41
1 11 44 14 14 22 44 44 22 22 11 33 44 41
1 14 41 11 14 33 41 14 22 23 11 23 41 41
1 11 44 14 11 23 44 11 22 22 14 23 41 11
1 11 44 11 44 22 44 44 22 33 14 23 44 44
1 44 41 14 11 23 44 14 33 22 11 33 44 44
1 14 41 44 11 23 44 44 22 22 14 23 41 41
1 11 44 14 11 22 44 11 23 23 11 23 41 44
1 11 44 11 11 33 44 14 22 22 14 23 44 44
1 14 44 14 14 22 44 14 22 22 11 23 44 41
1 44 41 11 44 23 41 11 22 23 44 33 41 41
1 14 44 11 11 22 41 11 23 23 11 22 41 41
1 14 44 11 14 23 44 44 22 23 44 22 44 11
1 14 44 11 14 23 41 44 22 23 14 33 44 11
1 14 44 14 11 33 44 14 22 22 11 33 41 44
1 44 41 14 14 23 44 14 23 23 14 33 41 44
1 14 44 11 11 22 44 14 22 23 11 22 44 41
1 11 44 11 14 23 41 14 22 23 14 23 41 11
1 11 41 14 14 22 11 11 23 33 14 33 41 44
1 11 41 11 44 22 41 14 22 23 11 33 11 44
1 14 44 14 11 23 41 14 23 22 11 23 41 44
1 14 44 14 44 23 11 14 33 22 44 23 11 11
1 14 44 11 14 33 44 14 22 23 11 23 44 41
1 11 44 11 14 23 44 11 22 23 11 33 44 41
1 11 44 11 14 23 44 11 22 22 11 22 44 44
1 11 44 11 11 22 44 11 22 22 11 33 44 44
1 11 44 14 14 22 44 14 23 22 14 22 44 41
1 14 44 14 14 22 41 14 22 22 14 22 44 41
1 11 44 14 11 22 44 14 23 22 11 23 44 44
1 14 41 11 11 22 44 14 33 22 14 22 44 41
1 14 44 14 14 23 44 14 22 22 11 23 41 44
1 14 41 11 11 23 44 44 33 23 14 23 41 41
1 11 44 11 11 22 44 11 22 22 14 22 44 44
1 14 41 14 14 22 41 14 22 23 14 33 41 41
1 14 41 11 14 22 44 14 23 22 11 22 44 41
1 11 44 11 11 23 44 14 23 23 11 22 44 41
1 11 44 11 11 22 44 11 22 22 14 22 44 44
1 14 44 14 14 22 44 14 22 33 14 22 44 41
1 11 44 11 14 23 44 11 23 22 14 22 41 44
1 44 44 11 11 23 44 14 22 22 44 23 41 44
1 14 44 11 14 22 41 44 22 23 44 22 44 41
1 14 44 11 14 22 44 14 22 23 11 23 44 11
1 44 41 14 14 22 41 14 22 23 11 22 41 41
1 11 44 14 11 22 44 14 22 22 14 22 44 11
1 14 44 11 11 22 44 11 22 22 11 22 44 44
1 14 44 14 11 22 44 11 33 23 14 33 44 41
1 14 44 11 11 23 44 14 23 22 11 22 44 44
1 14 44 11 44 23 11 44 23 22 11 23 44 44
1 14 44 11 14 23 44 14 22 23 44 23 44 41
1 14 41 11 14 22 41 14 23 22 11 23 11 44
1 14 41 11 14 22 44 44 22 22 11 22 44 41
1 11 41 11 11 23 44 11 23 22 11 23 44 44
1 14 44 14 14 22 44 14 22 22 14 33 41 11
1 14 44 14 44 22 44 11 22 22 11 33 44 41
1 11 41 14 14 22 44 14 22 22 14 23 44 11
1 44 44 14 14 23 44 44 22 23 14 23 44 44
1 11 41 11 44 22 44 44 22 22 11 23 41 11
1 14 44 14 11 22 44 11 22 22 11 23 44 44
1 14 44 11 11 23 41 14 22 23 11 23 44 41
1 14 41 14 11 23 44 14 23 33 14 23 44 44
1 14 44 11 14 22 44 11 23 22 11 22 41 41
1 14 44 11 44 23 44 44 22 23 11 22 41 41
1 14 41 14 44 22 41 14 23 33 44 23 44 11
1 14 41 11 14 22 44 14 23 23 14 33 44 41
1 14 41 14 14 23 44 14 22 22 11 23 44 41
1 11 44 11 11 22 44 14 22 23 11 23 44 44
1 11 44 11 14 23 44 14 23 23 14 22 41 44
1 44 41 14 14 22 11 44 23 23 44 33 41 44
1 11 44 11 11 23 44 11 23 22 11 23 44 44
1 11 44 11 11 22 44 11 22 23 14 22 44 41
1 14 44 14 14 22 41 14 33 22 44 23 41 41
1 11 44 11 11 23 44 14 22 22 14 33 41 44
1 14 44 11 14 22 41 14 22 23 11 22 44 41
1 14 44 14 14 23 41 11 22 23 14 23 44 44
1 11 44 14 14 22 41 11 23 23 14 23 41 41
1 11 44 14 44 22 44 14 22 23 14 23 44 44
1 11 44 11 11 22 44 11 22 23 11 22 44 41
1 11 44 14 11 22 41 11 22 22 14 33 44 44
1 11 44 44 14 22 11 14 22 23 14 23 44 41
1 14 44 11 14 22 41 14 23 23 14 33 41 41
1 14 44 14 11 23 44 14 23 23 44 33 44 11
1 14 44 11 11 22 44 14 22 22 11 23 44 41
1 14 44 14 14 22 44 14 22 22 11 23 44 11
1 11 44 11 14 22 44 11 33 22 14 22 44 44
1 14 44 11 11 22 44 11 33 23 14 33 44 11
1 14 44 11 14 22 44 11 22 22 11 22 44 41
1 14 44 11 11 23 44 11 33 22 44 23 11 44
1 14 41 14 14 22 44 14 23 23 14 22 44 41
1 11 41 14 11 23 41 14 23 22 11 22 44 44
1 14 44 11 14 22 41 14 23 23 44 23 41 44
1 11 44 11 11 23 41 44 33 33 14 22 41 44
1 11 44 14 11 22 41 14 22 22 11 22 44 44
1 11 44 14 14 23 44 14 23 23 44 23 41 44
1 11 44 14 14 23 41 14 23 23 14 23 41 41
1 44 44 14 14 23 44 14 33 22 14 23 11 41
1 11 41 14 14 33 44 44 23 23 11 33 11 41
1 14 44 11 14 23 44 14 22 22 14 23 41 44
1 11 11 11 14 22 11 11 23 23 44 23 41 11
1 11 44 11 11 33 44 14 22 23 11 22 44 41
1 11 44 11 14 22 44 11 23 22 11 23 44 41
1 14 41 11 11 22 41 44 22 23 14 22 41 11
1 14 44 14 11 33 44 11 33 23 11 23 44 41
1 14 41 14 44 22 44 14 22 22 11 23 41 41
1 11 44 11 11 22 41 11 22 22 14 22 44 41
1 14 41 14 14 23 41 44 22 22 14 23 44 11
1 14 44 14 44 33 44 14 22 23 44 22 41 41
1 14 41 14 44 22 44 14 23 23 14 22 41 11
1 44 44 11 14 22 44 44 22 33 44 23 44 44
1 14 41 11 11 22 44 14 23 23 14 22 11 41
1 11 44 11 11 33 44 11 22 22 14 33 44 41
1 11 44 11 11 22 44 11 22 22 11 23 44 41
1 14 41 11 11 23 44 14 23 33 14 23 44 44
1 14 44 44 14 22 41 14 23 23 44 23 41 44
1 14 44 11 44 23 41 44 22 23 14 22 41 41
1 14 44 14 11 23 41 14 23 23 11 22 41 44
1 14 41 11 14 22 44 11 23 23 14 33 44 44
1 14 41 11 11 23 44 11 23 22 11 23 41 41
1 11 41 44 14 22 41 14 22 33 44 23 44 41
1 14 44 11 14 22 44 14 22 23 11 23 44 41
1 11 44 11 14 23 44 44 23 23 11 33 41 44
1 11 44 44 11 33 41 11 23 23 14 23 44 44
1 14 44 14 14 23 44 44 23 23 14 33 41 41
1 14 44 11 44 22 44 44 22 23 44 33 11 41
1 14 41 14 44 22 11 14 23 33 44 23 11 11
1 44 44 11 11 22 44 11 22 22 14 23 44 41
1 14 44 11 44 33 44 14 22 22 44 33 44 44
1 11 44 11 11 22 41 14 22 22 14 23 44 41
1 11 44 11 14 22 44 14 22 22 14 33 44 11
1 44 44 14 11 22 11 14 22 23 14 33 41 44
1 14 41 14 44 22 44 14 22 23 14 23 44 41
1 11 44 14 11 23 41 44 22 23 11 23 41 41
1 14 44 11 44 23 44 44 22 33 11 22 41 41
1 11 41 11 14 23 44 11 22 22 11 23 44 41
1 14 41 14 44 23 41 44 23 23 11 33 41 41
1 14 41 11 14 23 44 14 23 22 14 23 41 11
1 11 44 11 11 23 44 11 22 33 11 23 44 41
1 14 41 14 14 23 41 14 23 22 14 22 41 41
1 11 44 11 11 22 44 14 22 23 44 23 44 41
1 44 44 14 11 22 44 11 22 23 44 23 41 44
1 44 41 11 14 23 41 11 22 23 11 23 44 41
1 11 44 11 11 23 44 11 22 33 14 22 41 44
1 14 44 11 14 23 41 11 22 33 44 22 44 44
1 44 44 14 11 23 44 11 23 23 11 22 44 41
1 14 44 14 14 22 41 11 22 23 14 22 41 44
1 14 41 11 14 23 44 14 22 23 14 33 41 44
1 14 44 11 14 23 44 11 22 22 14 23 44 44
1 11 44 11 14 22 44 14 22 22 11 22 44 41
1 11 44 11 44 33 41 11 22 23 11 23 44 41
1 11 44 11 11 22 44 11 22 22 11 23 44 41
1 14 44 14 14 23 41 11 22 23 11 23 44 41
1 14 44 11 14 22 44 14 22 23 11 33 44 41
1 14 44 14 11 22 44 14 23 33 14 23 44 11
1 14 44 14 14 33 41 14 23 23 14 33 44 41
1 11 44 14 14 23 44 11 23 33 14 23 44 41
1 11 44 11 14 22 44 44 23 22 11 23 44 41
1 14 44 11 11 23 41 44 23 23 11 22 44 41
1 11 11 14 44 23 44 14 22 22 14 23 44 41
1 44 44 14 14 23 44 14 22 22 11 23 44 44
1 14 44 11 11 22 44 11 22 22 14 22 44 44
1 11 44 11 11 22 44 11 22 23 11 23 41 44
1 11 44 11 11 22 44 14 22 23 11 22 41 44
1 11 44 11 14 23 44 11 22 23 11 22 44 41
1 11 44 14 14 23 41 14 23 22 44 23 44 44
1 11 44 11 44 23 44 11 22 23 11 23 44 44
1 11 44 11 14 22 41 11 22 22 11 23 41 44
1 11 41 11 14 22 44 44 23 22 14 23 44 44
1 14 44 11 14 23 44 11 22 22 14 22 44 44
1 14 44 14 14 23 41 14 23 22 44 23 41 41
1 11 44 14 11 22 41 11 23 22 14 22 44 44
1 11 44 11 11 22 44 14 22 22 11 22 44 44
1 14 41 14 14 33 41 14 22 22 44 33 41 41
1 11 44 11 14 23 44 11 22 23 11 22 44 44
1 14 44 11 44 22 41 14 22 22 14 23 44 41
1 14 44 11 14 23 41 14 22 23 11 23 41 44
1 11 44 11 14 23 44 14 22 23 14 23 44 44
1 44 41 14 14 33 41 44 23 22 14 23 11 41
1 11 44 11 14 22 44 11 22 23 11 33 41 11
1 11 41 14 14 22 41 44 22 23 14 23 44 11
1 11 44 11 14 22 44 14 22 23 11 33 41 44
1 11 44 14 44 22 11 11 23 22 14 33 41 44
1 11 44 11 11 22 44 11 22 22 11 22 41 44
1 11 11 11 44 23 41 44 22 23 44 33 41 41
1 14 44 44 14 22 41 14 22 22 11 23 44 44
1 44 41 11 11 23 41 11 22 22 14 23 44 41
1 14 44 14 14 33 41 44 23 23 44 23 11 41
1 11 41 44 44 23 44 14 22 23 11 22 44 11
1 11 41 14 11 23 41 11 22 23 44 23 41 44
1 14 41 11 11 23 41 14 23 23 14 23 44 11
1 14 41 11 11 22 44 14 23 33 14 33 44 41
1 44 41 14 14 23 44 44 22 23 44 33 41 41
1 14 44 14 14 22 44 14 22 23 11 22 41 41
1 44 44 14 14 22 44 11 22 23 11 23 44 11
1 11 44 11 14 23 44 11 23 22 11 22 44 44
1 11 44 11 14 23 44 14 23 23 14 22 41 41
1 11 44 11 11 22 11 44 22 22 14 33 41 44
1 14 44 11 14 22 44 11 22 22 44 23 41 11
1 11 44 11 11 22 41 11 22 22 11 33 44 44
1 14 44 14 11 22 44 44 23 22 44 23 41 44
1 44 44 14 44 33 41 14 23 23 14 23 41 41
1 14 41 11 11 23 44 11 22 23 14 22 41 41
1 14 44 11 14 23 44 14 23 22 14 22 44 44
1 11 44 11 11 23 44 11 22 22 14 23 44 41
1 14 44 11 44 23 41 11 22 22 11 33 41 11
1 14 11 44 14 23 44 14 22 22 11 23 44 41
1 44 41 14 14 23 44 11 33 23 11 33 41 41
1 11 41 14 14 22 44 14 22 22 11 22 44 41
1 14 41 11 44 22 41 14 23 23 11 23 41 11
1 14 44 11 11 23 41 14 23 22 14 23 44 11
1 11 44 11 44 22 44 14 23 23 14 23 41 41
1 14 41 14 11 22 44 14 23 23 14 23 44 41
1 11 44 11 11 22 44 11 22 22 11 22 44 11
1 14 44 11 11 23 41 11 22 23 11 23 44 44
1 44 44 11 44 22 44 44 22 23 11 33 41 41
1 44 41 11 11 22 44 14 22 23 14 23 44 41
1 14 41 14 44 33 44 14 22 22 14 23 44 41
1 11 44 11 14 22 44 14 22 22 11 22 44 44
1 11 44 14 11 22 44 11 23 22 11 33 41 44
1 14 11 11 11 22 41 11 22 22 11 23 44 41
1 14 41 14 14 23 44 14 33 23 14 23 41 41
1 44 44 11 14 23 41 11 22 22 11 22 44 41
1 11 44 11 14 23 11 14 22 22 14 23 44 44
1 11 41 14 14 23 44 11 33 23 44 33 41 41
1 14 44 11 14 22 44 14 23 23 14 23 44 44
1 14 44 11 11 22 44 14 22 22 14 22 41 41
1 11 44 11 14 23 44 11 23 22 11 22 11 44
1 14 44 11 11 23 41 11 22 22 11 23 41 41
1 14 44 14 14 22 44 14 23 22 11 23 44 44
1 11 44 14 11 22 44 14 22 23 14 33 44 41
1 11 44 11 14 22 44 11 23 22 14 23 41 41
1 14 44 14 14 22 44 11 23 22 14 22 44 41
1 11 44 11 11 22 44 14 22 23 14 23 44 41
1 11 41 14 11 23 44 14 23 22 14 23 41 44
1 11 44 11 14 22 44 14 23 22 14 22 44 41
1 14 44 11 14 22 44 11 22 22 11 23 44 44
1 14 44 14 11 23 44 11 22 22 14 23 44 41
1 11 44 11 11 33 44 11 22 22 11 23 44 44
1 14 41 11 11 22 44 11 22 23 14 22 44 44
1 11 44 11 44 22 44 11 23 23 11 22 44 44
1 11 44 11 44 23 44 11 22 23 11 23 44 41
1 11 41 11 11 22 44 14 22 22 11 23 44 44
1 11 44 11 14 22 44 11 23 23 11 22 44 44
1 11 44 11 14 23 44 14 22 22 11 23 11 44
1 14 44 11 14 22 41 11 33 23 14 23 44 44
1 11 44 11 44 22 41 14 22 23 14 23 11 11
1 14 44 11 11 22 41 14 22 22 14 23 44 41
1 14 44 44 44 23 41 11 22 22 14 23 11 41
1 44 44 14 11 23 44 14 22 23 14 23 44 11
1 11 44 14 11 22 41 11 22 22 14 23 44 11
1 11 44 11 44 23 44 14 22 22 14 23 44 41
1 14 44 11 44 23 41 44 33 23 14 22 44 44
1 14 44 11 14 22 44 11 22 22 14 22 41 44
1 14 44 11 11 33 41 14 23 23 11 23 41 41
1 11 44 11 11 23 41 11 22 23 14 22 44 44
1 11 44 11 11 33 44 11 23 22 11 23 41 44
1 11 44 14 11 22 44 44 23 22 14 22 44 41
1 44 41 44 44 33 41 14 22 33 44 22 44 41
1 14 44 11 44 23 44 44 22 23 44 33 41 41
1 11 44 14 11 22 41 14 22 22 11 22 41 11
1 11 44 11 14 22 44 14 22 22 11 23 44 44
1 14 44 11 11 22 44 11 23 23 14 23 44 44
1 14 44 14 44 22 44 11 22 23 14 33 41 41
1 44 11 14 44 23 44 14 23 22 44 33 41 11
1 14 44 11 14 22 41 44 22 23 11 23 41 41
1 11 44 11 11 22 44 14 23 23 14 22 41 44
1 11 44 14 14 22 44 11 23 22 11 22 44 41
1 11 44 14 11 23 44 14 23 23 14 33 41 41
1 44 44 14 11 23 41 14 22 22 14 33 11 41
1 14 41 11 11 23 44 11 22 22 14 22 44 41
1 14 44 14 11 23 44 14 33 33 11 23 41 41
1 11 44 11 14 22 41 14 22 22 11 23 44 41
1 14 41 11 14 22 44 14 22 22 14 23 44 44
1 14 44 11 11 22 44 14 23 22 11 22 44 44
1 11 44 11 14 22 44 44 23 22 11 23 44 41
1 11 44 11 11 22 44 11 22 22 14 22 44 44
1 44 41 11 14 22 44 11 23 23 44 22 41 44
1 11 44 14 11 22 44 11 23 23 14 22 44 44
1 11 41 11 14 22 44 11 22 23 11 33 41 41
1 14 44 11 14 23 44 11 22 22 14 23 44 41
1 14 44 11 11 23 44 11 22 22 14 22 44 41
1 11 44 14 14 23 41 44 22 22 14 33 41 44
1 14 44 14 11 23 41 44 23 23 14 23 41 44
1 11 44 14 14 23 41 11 22 33 14 33 41 41
1 11 44 11 11 23 44 11 22 23 11 23 41 44
1 44 44 11 44 23 41 14 23 23 44 33 41 11
1 11 41 14 14 33 41 14 22 23 14 33 41 11
1 11 41 11 14 23 44 11 22 22 11 22 44 44
1 14 44 11 44 23 41 11 23 22 14 33 41 41
1 44 44 11 14 22 44 14 22 23 11 22 44 41
1 11 41 11 14 23 44 14 33 22 14 23 44 41
1 14 44 11 14 22 41 11 23 22 14 23 44 44
1 14 44 14 11 23 44 11 22 23 14 23 41 44
1 11 44 11 14 33 44 11 22 22 44 23 41 41
1 14 44 11 14 23 44 14 22 23 14 23 41 44
1 14 44 11 11 22 41 11 23 22 11 22 11 11
1 44 44 11 11 22 41 14 22 23 14 23 44 44
1 14 44 14 11 22 44 11 22 23 14 33 44 44
1 11 41 14 44 23 41 11 23 33 44 33 41 44
1 14 44 14 11 22 41 14 22 22 14 33 41 44
1 11 44 11 14 22 41 11 23 22 11 22 44 41
1 14 44 14 14 22 44 11 23 23 11 23 44 44
1 11 41 11 14 22 41 11 22 23 14 22 44 44
1 11 44 11 11 23 41 11 22 23 11 22 44 41
1 11 44 11 14 22 44 14 22 23 11 22 44 41
1 14 44 11 14 23 44 11 22 22 14 23 41 44
1 14 44 14 14 22 41 11 22 22 14 22 41 44
1 11 44 11 44 22 44 14 22 22 14 23 11 11
1 11 44 11 11 22 44 11 22 22 11 22 44 41
1 14 44 11 11 22 44 14 22 23 11 22 44 44
1 14 11 11 44 22 44 14 22 23 14 22 41 41
1 14 41 11 44 22 44 44 22 22 14 33 41 44
1 11 44 11 11 22 44 14 22 22 44 22 44 41
1 14 44 11 14 22 44 11 22 22 44 33 41 11
1 11 44 14 11 22 41 14 23 22 44 33 41 44
1 11 41 11 11 22 41 44 33 23 14 22 41 41
1 11 44 11 11 23 44 11 22 22 11 23 44 41
1 44 41 44 11 22 44 14 23 22 11 23 44 44
1 14 44 11 44 22 41 11 22 22 14 23 44 44
1 14 41 14 14 22 44 14 22 23 11 23 44 41
1 11 44 11 14 23 44 14 22 22 11 23 44 41
1 44 41 44 44 33 44 14 23 23 14 23 44 11
1 14 41 11 14 23 44 14 22 23 14 22 44 44
1 11 44 11 14 23 44 11 22 23 44 33 41 41
1 14 44 14 14 23 11 44 23 23 14 23 41 41
1 14 41 14 44 22 41 14 33 23 14 23 41 41
1 44 41 11 44 22 41 14 23 33 44 33 41 44
1 14 44 11 14 23 44 44 22 33 14 33 41 41
1 11 44 11 14 23 41 14 23 22 11 22 44 44
1 11 44 14 44 23 44 11 23 22 44 22 41 11
1 44 11 11 44 22 41 44 22 23 44 23 44 11
1 11 44 14 14 23 44 44 23 33 44 23 11 41
1 14 41 14 44 33 44 14 23 23 11 33 41 11
1 44 44 11 14 22 44 11 22 22 14 22 44 41
1 14 44 14 44 23 44 14 23 22 14 23 41 41
1 11 44 14 11 22 44 11 23 22 14 23 44 44
1 44 44 14 44 23 41 14 23 23 14 22 41 41
1 11 44 14 11 22 44 11 22 22 11 22 44 41
1 14 44 11 11 23 44 14 22 22 14 22 41 44
1 11 44 11 11 22 44 11 22 23 11 22 41 44
1 44 44 11 14 23 11 44 22 22 44 23 44 41
1 14 41 14 14 23 44 11 22 22 14 22 44 44
1 14 44 14 11 22 44 11 22 22 14 23 44 41
1 44 44 14 44 23 41 11 23 33 44 33 41 44
1 11 44 44 14 23 41 11 33 23 14 22 44 11
1 11 41 14 14 33 44 14 23 22 11 23 41 44
1 11 44 14 44 22 44 14 22 22 11 22 44 41
1 11 44 11 11 22 44 14 22 22 11 33 44 44
1 14 44 11 11 22 44 14 22 33 14 33 41 44
1 14 44 11 14 23 41 44 33 22 14 33 11 41
1 14 41 11 14 23 41 11 23 22 11 23 44 44
1 44 41 14 14 23 44 14 22 23 14 23 44 44
1 14 44 11 11 33 41 14 22 22 14 23 44 41
1 14 44 11 14 23 44 44 22 23 44 33 44 41
1 44 44 11 14 23 44 14 23 22 14 22 41 41
1 14 44 11 14 33 41 11 22 23 14 33 41 44
1 14 44 11 11 33 44 11 22 22 14 23 41 41
1 11 44 11 14 22 41 11 22 22 44 23 44 44
1 11 41 11 14 23 44 11 22 22 11 22 44 41
1 11 44 11 14 22 44 11 22 33 14 22 44 44
1 14 44 11 14 22 44 11 22 22 11 23 44 41
1 11 44 11 14 22 44 11 22 22 14 23 41 41
1 11 44 14 44 22 44 14 22 23 11 33 41 11
1 11 44 11 11 33 44 11 22 23 11 23 41 41
1 11 41 11 14 22 11 11 23 22 44 23 44 44
1 11 11 11 14 33 44 14 22 22 11 33 41 41
1 14 44 11 14 22 44 11 22 23 11 23 44 41
1 11 44 14 11 22 44 44 23 23 44 22 44 41
1 11 41 11 11 22 41 14 22 23 11 22 41 44
1 11 11 14 14 33 41 44 23 33 14 33 41 41
1 14 41 14 14 23 41 14 22 22 44 23 41 41
1 14 44 11 14 23 44 11 23 22 14 33 44 44
1 14 44 14 14 23 41 44 23 23 44 33 41 11
1 14 44 14 14 22 44 14 23 23 14 23 44 44
1 11 44 14 44 23 44 14 22 22 14 22 44 41
1 14 44 44 44 23 44 11 23 22 11 23 44 41
1 11 44 11 14 22 44 14 22 22 44 23 44 44
1 11 44 11 14 22 41 14 22 22 11 33 11 41
1 14 44 14 14 23 44 14 22 23 44 23 41 41
1 14 41 14 14 23 44 14 23 22 14 33 41 41
1 14 44 11 14 23 41 11 23 23 14 23 41 11
1 11 41 11 11 23 41 14 22 23 44 23 44 41
1 11 44 11 11 22 44 11 23 23 14 22 44 44
1 11 44 11 44 23 44 14 23 23 11 33 44 44
1 11 44 11 14 23 44 11 22 22 14 23 41 41
1 11 44 11 14 33 44 11 23 23 44 33 41 41
1 14 41 14 11 23 44 11 22 22 14 22 44 44
1 11 44 11 11 22 44 11 22 23 14 22 44 41
1 44 44 11 11 33 41 44 23 33 14 33 11 11
1 11 41 14 14 33 44 14 22 23 14 23 44 11
1 14 44 14 11 33 44 11 22 23 11 22 41 41
1 11 41 14 14 22 41 44 22 22 44 23 44 44
1 44 41 44 44 33 44 11 33 22 11 33 44 44
1 14 41 11 44 33 41 44 23 23 44 23 41 11
1 11 44 11 11 22 44 11 22 22 14 33 44 44
1 14 41 14 44 23 44 44 22 23 44 33 41 41
1 44 44 14 14 23 41 11 22 23 11 22 41 44
1 14 44 11 11 23 44 14 23 23 14 23 44 44
1 11 41 11 14 23 41 44 22 23 14 23 44 41
1 14 44 14 14 22 44 14 22 23 14 33 44 41
1 11 44 11 11 22 41 14 22 23 11 23 44 44
1 14 41 11 14 22 41 14 22 22 44 23 44 41
1 14 44 14 11 23 44 14 23 23 14 23 44 41
1 14 44 11 11 33 44 11 22 22 11 22 41 44
1 14 44 11 14 23 44 14 22 33 11 22 41 44
1 11 44 11 14 23 44 44 22 23 11 33 41 44
1 11 44 11 11 22 44 14 23 23 44 22 44 44
1 11 44 14 11 22 41 44 23 22 14 23 11 41
1 44 41 14 14 33 41 14 23 22 14 33 41 11
1 14 41 14 11 22 41 14 23 23 14 23 41 41
1 14 44 11 11 23 44 14 22 22 14 23 44 41
1 14 44 14 11 23 11 14 22 23 14 33 41 44
1 44 44 14 44 23 11 14 23 23 14 33 44 11
1 11 44 11 11 23 44 14 22 22 11 33 41 41
1 44 44 11 14 23 41 14 22 22 14 23 44 44
1 11 44 14 14 22 44 14 23 33 14 23 41 11
1 14 44 14 14 22 44 14 22 22 14 23 44 41
1 11 44 44 14 22 44 44 23 22 11 22 41 11
1 14 44 11 44 22 41 44 23 23 14 23 41 41
1 14 41 14 11 23 41 11 23 23 14 33 41 44
1 14 44 14 44 23 41 11 23 22 14 23 41 41
1 14 44 14 11 33 44 11 22 22 14 33 44 44
1 44 41 14 44 23 44 44 23 23 44 33 41 11
1 44 44 11 14 23 44 11 23 23 14 23 44 44
1 11 44 11 14 22 41 14 22 22 11 33 44 41
1 11 44 14 44 33 41 44 22 22 14 23 11 41
1 11 44 11 14 22 44 11 23 22 11 22 44 44
1 14 41 11 44 23 44 11 22 23 14 23 44 11
1 11 44 11 11 22 44 14 33 23 11 33 44 11
1 14 44 11 14 22 44 11 22 33 11 23 44 44
1 44 44 14 14 23 44 14 23 23 11 23 44 41
1 11 44 11 14 22 44 14 22 23 11 23 41 41
1 11 44 11 44 22 44 11 22 22 11 22 44 44
1 11 44 11 11 22 44 11 22 22 14 23 44 41
1 14 44 11 11 22 41 11 23 22 11 22 44 44
1 14 44 11 11 22 44 14 22 22 11 23 44 44
1 11 44 11 14 23 44 44 22 23 14 23 44 44
1 14 41 11 14 23 44 44 22 22 14 23 44 41
1 44 41 14 44 23 41 44 22 23 14 23 41 41
1 44 44 11 11 22 44 14 23 23 11 23 41 44
1 44 44 11 14 33 41 14 23 23 14 23 41 41
1 11 41 11 14 22 44 11 22 23 14 22 41 44
1 11 44 44 11 33 44 44 23 22 14 22 44 41
1 11 44 11 14 22 41 14 22 23 14 23 44 41
1 11 44 14 14 33 41 11 23 23 44 22 41 11
1 11 44 11 11 33 44 14 22 23 44 23 41 41
1 14 44 14 11 22 44 14 22 22 14 23 44 41
1 14 44 11 11 23 41 14 22 22 11 22 44 44
1 14 44 11 14 33 41 14 23 23 44 33 44 41
1 14 44 11 14 23 44 14 22 22 14 23 11 44
1 11 41 11 44 23 44 11 22 23 11 23 41 11
1 11 44 11 11 23 44 11 22 22 11 22 44 44
1 11 44 11 14 23 44 11 22 22 14 22 41 44
1 11 44 11 14 23 11 44 33 22 14 23 44 44
1 11 44 11 44 23 44 14 22 23 14 23 44 44
1 11 44 11 11 23 44 14 22 22 11 22 44 44
1 11 44 11 11 23 44 11 22 22 11 22 44 41
1 14 44 14 14 23 44 44 23 22 14 22 11 41
1 11 44 11 11 22 44 11 23 22 14 22 44 44
