 rs3766964 rs446529 rs578528 rs3753702 rs4654598 rs371605 rs409048 rs7532708 rs368808 rs2802721 rs364642 rs380239
0 23 32 14 32 44 11 33 44 11 33 11 33
0 33 22 14 32 44 41 22 41 11 22 44 33
0 23 32 11 22 44 44 22 44 44 32 14 33
0 22 33 11 32 41 44 23 44 44 32 14 22
0 22 32 11 32 44 41 23 41 44 22 11 33
0 23 33 11 22 44 44 22 44 44 32 14 23
0 23 33 11 33 44 41 33 44 44 33 14 23
0 23 33 14 22 44 41 23 44 41 33 14 23
0 22 33 11 33 44 44 23 44 41 33 14 23
0 22 33 11 32 44 44 22 44 44 32 14 22
0 22 32 14 32 41 41 23 44 41 32 14 22
0 23 22 14 22 44 41 23 41 41 32 14 23
0 23 32 11 32 44 41 23 41 44 33 11 33
0 23 32 14 22 41 44 22 44 44 22 14 33
0 22 32 11 22 44 44 22 44 41 33 44 23
0 22 32 11 22 44 44 22 44 44 32 14 23
0 22 33 14 32 44 44 22 44 44 33 14 23
0 23 32 14 22 41 41 33 41 41 22 14 33
0 23 33 44 22 44 11 22 41 44 32 44 22
0 22 32 14 32 44 41 22 41 41 32 11 23
0 23 22 14 22 44 41 23 41 41 22 44 33
0 22 32 11 22 44 41 33 44 11 22 14 23
0 22 33 11 32 44 44 23 44 44 33 11 22
0 23 22 14 33 41 44 23 41 41 32 14 23
0 22 32 11 32 41 41 22 41 44 33 14 23
0 22 33 11 33 44 41 23 44 41 33 11 23
0 22 33 11 33 44 44 23 44 11 33 14 23
0 22 32 14 22 44 44 23 44 41 33 14 23
0 22 33 11 33 44 44 23 44 44 32 11 23
0 23 32 44 32 44 41 23 11 41 33 14 23
0 23 32 44 32 41 41 23 44 44 32 11 23
0 23 33 14 22 44 11 22 41 44 32 14 33
0 22 32 11 32 41 44 22 44 44 33 11 22
0 23 33 14 22 44 44 33 44 41 33 14 23
0 23 32 11 22 44 44 23 44 41 33 14 23
0 23 32 11 33 44 41 22 44 44 33 11 22
0 23 33 14 33 41 41 22 44 44 22 14 22
0 22 32 11 22 44 44 23 44 44 33 11 23
0 23 22 14 22 44 41 22 41 41 33 14 33
0 22 33 14 33 44 41 22 41 44 32 14 23
0 22 32 11 32 44 11 22 44 44 33 11 23
0 22 32 14 32 44 41 33 44 44 32 11 23
0 22 32 11 32 44 11 22 44 41 33 14 23
0 23 22 14 32 44 11 23 44 44 32 14 22
0 23 22 14 22 44 11 22 41 44 22 14 23
0 22 33 11 33 44 44 23 44 44 33 11 23
0 22 32 14 22 44 11 33 11 41 32 14 23
0 22 33 14 32 44 41 33 44 41 33 14 22
0 23 33 14 33 44 11 23 11 11 22 14 33
0 23 33 14 32 41 44 22 44 44 33 14 23
0 23 32 14 22 41 11 23 41 41 32 14 22
0 23 33 11 22 44 44 22 44 44 33 11 22
0 33 32 14 22 44 11 23 44 41 33 14 23
0 22 33 11 32 44 41 22 44 44 33 11 22
0 22 33 11 32 44 44 23 44 44 33 14 23
0 23 32 44 32 41 41 22 41 44 33 14 23
0 23 32 44 33 41 11 23 44 44 32 44 23
0 22 32 11 32 44 44 22 44 44 32 44 23
0 22 33 14 33 41 41 23 44 41 33 44 23
0 23 22 14 32 44 44 22 44 41 32 14 23
0 23 32 44 32 44 41 33 44 41 33 44 23
0 33 32 11 33 44 41 22 44 44 32 14 22
0 22 33 11 33 41 41 22 44 41 32 14 22
0 23 22 14 32 44 44 23 44 11 32 11 23
0 23 32 11 22 41 44 33 44 41 32 14 23
0 22 22 14 22 44 11 23 44 41 22 14 23
0 22 32 14 33 44 41 22 44 41 32 14 22
0 23 32 44 33 44 41 23 41 41 32 11 23
0 23 22 11 33 41 41 33 41 41 33 11 22
0 23 32 14 32 41 44 23 44 44 33 14 33
0 22 22 11 22 44 41 23 41 44 32 11 33
0 22 32 14 33 41 41 23 44 11 33 14 23
0 23 32 14 22 41 41 22 41 41 32 14 23
0 23 32 11 32 44 41 22 41 44 33 14 23
0 23 33 11 32 44 11 33 44 44 22 44 23
0 22 22 14 32 44 41 33 44 11 32 14 23
0 22 22 44 33 44 44 33 44 41 33 44 23
0 22 32 44 22 44 44 23 44 41 32 14 22
0 22 32 11 22 44 44 23 41 41 33 14 33
0 22 32 14 32 44 41 23 44 41 32 14 23
0 22 33 11 33 44 41 23 41 41 33 11 22
0 22 33 11 22 44 44 23 41 11 32 44 33
0 23 32 14 32 44 44 23 41 41 32 14 23
0 22 22 14 32 44 41 23 44 44 32 11 23
0 23 32 14 32 41 44 23 41 41 32 11 23
0 23 33 14 32 44 41 33 41 44 32 11 23
0 23 22 11 32 44 44 22 44 44 33 11 22
0 22 32 11 22 44 44 23 44 41 32 44 22
0 23 32 11 33 44 44 23 44 41 22 14 23
0 23 32 14 32 44 41 23 44 41 33 14 23
0 23 22 14 22 44 44 33 41 41 32 11 23
0 23 32 44 22 41 44 23 44 41 32 14 23
0 22 32 11 32 44 41 23 44 44 32 14 22
0 23 32 11 22 44 11 33 41 11 33 11 33
0 22 32 14 22 44 41 23 44 41 32 14 22
0 22 32 14 32 41 41 22 44 44 22 14 33
0 23 32 14 22 44 44 23 44 11 22 14 23
0 22 32 11 33 44 44 23 41 44 33 44 23
0 23 32 11 33 44 41 22 44 44 33 14 23
0 22 33 11 33 41 44 22 44 44 33 11 22
0 22 32 44 32 44 11 22 41 41 32 14 33
0 23 22 14 22 44 44 23 11 44 33 14 33
0 23 32 11 33 44 41 23 44 44 32 14 33
0 22 22 14 32 44 41 23 44 44 32 11 33
0 23 22 11 33 44 44 23 44 44 32 14 22
0 22 33 11 32 44 41 23 44 41 32 11 23
0 22 32 14 33 44 44 22 44 41 22 11 23
0 33 22 44 32 44 41 33 41 41 32 14 22
0 22 22 11 33 44 41 22 44 41 33 14 23
0 22 32 11 22 44 11 22 44 41 32 14 23
0 23 33 14 32 41 44 33 44 41 33 44 23
0 23 32 11 22 41 41 22 44 11 32 44 23
0 23 33 14 32 44 41 22 44 44 33 14 23
0 23 22 14 32 44 41 22 44 44 32 14 22
0 22 32 11 33 44 41 22 44 44 33 14 22
0 22 32 14 33 41 41 22 41 41 33 14 23
0 22 32 11 32 44 44 23 44 44 32 14 22
0 23 32 14 32 44 41 23 44 41 32 11 22
0 23 33 14 22 44 11 23 44 41 32 14 23
0 22 33 11 32 44 44 22 44 44 32 11 23
0 23 32 11 22 44 44 22 44 41 33 44 23
0 23 32 11 32 44 11 23 44 44 33 11 23
0 22 32 14 32 41 11 22 44 41 32 44 22
0 22 32 11 32 44 11 23 44 44 32 14 22
0 23 32 14 32 44 44 22 44 44 32 14 23
0 22 33 14 33 44 41 22 44 44 32 14 22
0 23 32 14 32 41 41 23 44 41 33 11 23
0 23 32 11 22 44 11 33 44 41 33 44 33
0 23 22 14 32 44 44 23 44 41 32 14 23
0 22 22 11 22 44 41 23 44 41 22 11 22
0 23 32 14 22 44 41 23 44 41 32 44 23
0 23 33 14 33 44 44 23 44 41 32 14 23
0 23 32 14 32 44 41 22 41 41 32 14 22
0 22 32 44 32 41 11 23 11 41 32 14 23
0 22 32 14 32 44 41 23 44 44 32 14 23
0 23 32 14 32 41 41 23 41 41 22 14 22
0 22 32 14 32 44 44 23 44 11 32 14 23
0 22 22 11 22 44 41 23 44 41 32 11 23
0 22 33 11 33 44 41 23 41 44 32 11 22
0 23 32 11 32 44 11 33 44 41 32 44 23
0 22 32 11 32 44 41 22 41 44 33 14 23
0 22 32 14 32 44 41 23 44 41 33 14 22
0 22 32 11 32 44 44 22 44 44 32 11 22
0 23 32 11 32 41 41 33 11 11 32 44 33
0 22 32 11 22 44 41 23 44 41 33 11 22
0 23 22 14 22 41 44 33 44 41 32 44 23
0 22 33 11 32 44 41 23 41 41 33 11 23
0 33 22 14 33 44 44 22 44 41 33 14 23
0 22 32 14 33 41 41 23 41 11 32 14 22
0 22 22 11 32 41 44 22 44 44 33 11 22
0 23 33 14 33 44 41 23 44 44 32 11 23
0 22 33 11 33 44 41 33 44 44 33 14 33
0 23 32 11 32 44 44 22 41 41 32 14 33
0 23 32 11 22 41 41 23 41 44 33 11 22
0 23 22 44 22 44 41 33 41 11 32 14 33
0 22 32 14 32 44 44 23 44 44 32 11 23
0 22 32 11 33 44 44 22 44 44 32 11 23
0 23 33 11 32 44 44 22 44 44 33 11 22
0 23 22 11 32 44 44 23 44 41 32 44 23
0 22 33 44 32 44 41 23 44 44 32 11 33
0 22 22 14 32 44 44 22 44 44 32 14 23
0 23 33 44 33 44 44 22 44 41 32 14 33
0 22 33 11 22 44 11 22 41 44 33 44 22
0 22 22 11 32 44 44 23 44 41 32 14 23
0 23 32 11 32 44 41 23 41 41 33 14 23
0 22 32 44 32 41 11 33 44 41 22 14 23
0 23 33 14 22 41 41 23 44 44 33 14 33
0 23 32 14 32 44 44 22 41 11 32 14 33
0 22 32 11 32 44 41 23 44 41 32 14 22
0 23 32 14 32 41 41 23 11 41 32 44 23
0 23 32 44 32 44 44 23 41 41 22 14 22
0 22 32 44 32 44 44 23 44 44 32 11 23
0 23 33 14 22 44 41 33 41 41 22 14 23
0 23 32 11 33 44 41 23 44 41 32 11 23
0 23 32 14 22 44 41 22 41 41 33 44 23
0 23 32 14 32 44 41 22 44 41 33 14 33
0 22 33 44 32 41 41 23 41 41 32 11 23
0 33 33 14 22 44 44 23 44 44 32 14 33
0 23 33 11 33 44 41 22 44 41 33 11 22
0 22 33 14 33 44 11 22 44 44 33 11 22
0 33 32 11 32 44 11 23 44 44 32 11 33
0 22 33 11 22 44 11 33 44 44 32 14 23
0 22 33 11 32 44 41 23 44 44 22 14 22
0 23 33 14 22 44 41 23 11 41 32 44 23
0 22 32 11 32 44 11 23 44 44 33 14 23
0 22 32 11 32 44 41 22 44 44 32 44 22
0 22 32 11 32 44 41 22 41 44 32 14 22
0 22 32 14 32 44 41 23 41 44 32 14 33
0 22 22 14 32 44 41 23 41 44 32 14 23
0 23 22 11 32 44 11 23 44 41 32 11 23
0 22 33 11 32 44 44 22 44 41 32 11 23
0 23 32 14 32 44 41 22 44 41 32 11 22
0 22 32 11 33 41 41 22 44 41 32 14 22
0 22 32 14 32 44 41 33 44 44 32 44 22
0 22 32 11 32 44 11 22 44 44 32 14 23
0 23 32 44 32 44 11 23 41 41 32 14 33
0 22 33 14 32 44 44 22 44 44 33 14 33
0 22 22 14 32 44 44 23 44 41 22 11 33
0 33 32 14 22 44 11 22 44 41 22 14 33
0 23 32 11 32 11 41 33 41 41 32 14 33
0 23 33 11 22 44 44 22 44 41 33 11 23
0 23 32 14 33 44 41 22 41 41 33 11 23
0 23 32 44 33 41 41 33 41 41 22 14 33
0 23 32 14 32 41 41 23 44 44 32 14 23
0 23 22 11 22 44 41 23 41 41 33 14 23
0 22 32 11 33 44 44 23 41 44 32 11 22
0 22 32 14 33 44 41 22 44 44 32 14 22
0 23 32 14 32 44 41 23 44 44 32 11 23
0 33 22 14 22 41 41 23 44 41 32 14 33
0 22 22 14 33 41 44 23 44 11 32 44 22
0 23 32 14 22 44 41 23 41 11 32 14 23
0 22 32 11 32 44 41 22 41 41 32 11 22
0 23 32 11 32 44 44 22 44 44 32 11 22
0 23 32 14 32 44 41 23 44 41 33 11 23
0 22 33 11 33 44 44 22 44 41 33 44 22
0 22 33 11 22 44 44 22 44 44 33 11 23
0 22 32 11 22 44 44 22 44 44 33 14 23
0 22 22 44 32 44 11 23 41 11 22 14 33
0 22 32 14 33 44 41 23 41 44 33 11 23
0 23 33 14 33 41 11 22 44 41 32 11 23
0 22 33 44 33 44 41 22 44 44 32 11 33
0 23 32 11 22 44 41 22 44 44 32 44 23
0 22 33 14 33 44 44 22 44 44 33 14 23
0 22 22 11 32 44 44 22 44 41 32 11 22
0 23 32 11 32 44 41 22 44 41 33 11 33
0 23 32 11 32 44 41 33 44 41 32 11 22
0 22 32 14 33 44 44 23 44 11 32 11 22
0 22 32 11 32 41 44 23 41 11 32 11 22
0 22 33 11 32 41 44 23 44 41 32 14 23
0 22 32 14 32 11 44 33 44 41 32 11 23
0 23 32 44 22 44 44 33 44 41 32 44 33
0 23 33 44 32 44 41 23 44 44 33 11 23
0 22 32 14 33 44 41 33 41 41 32 14 23
0 23 33 14 33 44 41 23 41 41 22 11 23
0 23 32 14 32 44 41 22 44 44 33 14 23
0 22 32 11 33 44 41 22 44 44 33 11 22
0 23 32 14 32 41 44 23 41 41 32 14 23
0 23 33 14 33 41 44 23 41 44 32 14 22
0 22 32 11 32 44 41 22 41 44 22 14 23
0 22 33 11 22 44 41 23 41 41 32 14 23
0 22 32 11 32 44 41 22 44 44 32 11 22
0 22 33 11 33 44 41 23 44 44 33 11 22
0 22 32 14 22 44 41 33 44 44 33 44 33
0 22 22 14 32 44 44 23 44 41 33 14 23
0 22 32 11 22 44 41 23 41 44 33 11 23
0 22 22 14 32 41 11 23 41 44 32 14 23
0 22 33 11 32 44 44 22 44 41 32 14 33
0 22 22 14 22 41 11 33 41 11 22 44 33
0 23 22 14 33 44 11 23 44 44 33 11 22
0 22 32 14 33 44 44 33 44 44 33 14 22
0 22 32 11 22 41 44 23 44 44 22 11 33
0 22 32 11 32 44 44 22 44 41 33 14 23
0 23 32 14 32 41 41 23 41 41 32 14 23
0 22 33 11 32 44 44 22 44 44 32 14 23
0 23 32 14 32 44 41 23 41 41 22 11 22
0 22 32 11 33 44 44 23 44 44 32 11 22
0 23 32 11 32 41 41 22 41 41 32 14 23
0 23 32 14 33 44 41 23 11 11 33 44 23
0 23 33 44 33 44 44 33 44 44 32 14 22
0 22 32 14 22 11 41 22 44 44 32 11 22
0 22 33 11 33 44 41 22 44 44 32 11 23
0 22 32 11 32 41 11 33 41 41 22 14 23
0 22 32 14 32 44 41 23 44 41 33 14 23
0 23 22 14 32 41 41 23 44 41 32 14 23
0 22 22 14 32 44 44 33 44 44 32 14 23
0 23 33 11 33 44 41 23 41 41 33 11 22
0 22 22 14 32 44 44 22 44 44 32 44 23
0 22 33 14 32 41 41 33 41 41 32 14 23
0 22 33 11 33 44 44 23 44 44 33 44 23
0 22 33 11 22 41 44 23 44 44 33 14 33
0 22 22 14 32 44 44 23 41 44 33 44 23
0 23 33 14 32 44 41 22 41 41 33 14 22
0 33 32 11 22 44 44 33 44 11 33 11 22
0 22 22 11 32 44 41 23 41 41 22 14 23
0 23 33 11 22 44 41 22 44 41 22 14 33
0 22 22 44 22 44 44 23 44 44 33 14 23
0 22 32 11 33 44 44 23 41 41 32 11 23
0 23 22 11 32 44 44 22 44 41 33 11 23
0 23 32 44 22 41 11 23 41 11 33 44 33
0 22 32 11 32 44 44 22 44 44 32 14 23
0 22 22 11 33 44 41 22 44 41 22 14 23
0 23 32 44 32 41 44 22 41 41 33 11 23
0 23 33 11 32 44 41 23 44 44 33 14 22
0 23 22 14 32 44 41 22 44 41 33 44 22
0 22 33 14 32 41 41 22 44 44 32 11 22
0 22 32 11 32 41 44 22 41 11 33 11 22
0 22 22 14 32 44 41 23 44 41 22 11 23
0 22 32 11 33 44 41 22 44 44 33 11 22
0 23 22 44 32 41 11 33 41 41 32 14 33
0 22 32 14 32 44 44 22 44 41 33 11 22
0 23 32 14 33 44 11 23 44 11 32 44 23
0 23 33 14 32 44 41 23 44 41 33 14 23
0 23 32 44 32 44 44 23 41 41 33 14 33
0 22 33 11 32 44 44 22 44 41 33 14 23
0 22 22 11 32 44 44 22 41 41 32 44 22
0 22 32 14 32 41 41 23 41 44 32 14 23
0 23 22 44 32 44 11 33 41 41 22 14 23
0 22 33 14 32 44 41 22 44 41 22 44 22
0 22 32 11 32 44 44 33 44 44 32 11 22
0 23 32 11 33 44 11 22 44 41 33 14 33
0 23 32 14 32 44 44 33 41 41 33 14 23
0 22 33 11 22 44 41 22 44 44 32 11 23
0 22 33 14 22 44 11 33 44 11 32 44 23
0 22 22 11 32 44 44 23 44 44 33 14 23
0 23 33 11 22 44 44 23 11 44 33 44 23
0 23 22 44 22 44 41 23 41 44 32 14 33
0 23 32 44 33 44 41 23 44 41 33 14 23
0 22 33 11 32 44 44 22 44 44 33 11 23
0 33 32 11 22 44 41 22 41 11 32 14 33
0 23 32 44 33 44 41 23 44 41 33 14 22
0 23 32 14 32 44 41 33 41 44 22 11 22
0 22 32 11 32 44 44 22 44 44 33 11 22
0 22 32 11 22 44 44 23 44 41 33 14 23
0 22 32 11 22 44 44 33 44 44 33 11 33
0 23 22 14 33 44 44 23 44 41 32 14 23
0 22 32 14 32 44 41 23 41 44 32 44 22
0 23 22 44 32 41 11 23 41 11 22 44 23
0 22 32 11 32 44 41 23 44 41 32 14 33
0 22 33 44 22 44 44 22 44 44 32 44 33
0 23 33 14 32 44 11 23 44 44 32 11 23
0 23 33 11 22 44 11 22 44 44 33 14 23
0 23 33 11 22 41 44 23 44 44 32 11 23
0 23 32 14 32 44 41 22 41 41 32 14 23
0 23 32 11 33 41 44 22 41 44 33 14 23
0 22 32 11 32 44 44 23 44 44 22 11 23
0 22 32 44 32 44 44 23 44 44 32 14 23
0 22 32 11 32 44 44 22 44 44 33 44 33
0 23 22 14 33 41 44 23 44 44 32 14 33
0 22 32 11 32 44 44 22 44 44 33 14 23
0 23 22 44 32 44 41 22 44 44 22 44 23
0 23 33 14 33 44 44 22 44 41 33 11 33
0 22 32 11 22 44 44 22 41 41 32 14 33
0 23 33 11 32 44 44 22 44 41 33 11 22
0 23 33 14 32 41 41 23 44 41 32 14 22
0 22 32 14 22 44 41 23 44 41 32 14 23
0 22 32 11 32 44 41 22 44 41 33 11 22
0 22 33 14 33 44 44 22 44 41 32 14 23
0 22 32 14 22 44 41 23 44 41 32 14 23
0 22 33 11 32 41 44 22 44 44 32 14 22
0 22 22 11 32 44 44 22 44 41 32 44 33
0 23 32 14 22 44 44 23 44 41 22 14 23
0 22 32 11 32 41 41 23 41 41 33 14 23
0 22 32 11 32 44 44 22 44 44 32 11 22
0 22 32 14 32 44 11 23 41 44 32 11 23
0 23 32 14 32 44 41 23 11 41 22 14 23
0 22 32 14 33 44 41 22 44 44 32 14 22
0 23 33 11 22 44 41 23 41 41 32 11 22
0 22 33 11 32 44 41 22 44 11 32 11 22
0 22 32 11 32 44 44 23 44 41 32 11 22
0 23 32 11 33 44 11 22 44 41 33 11 33
0 22 32 14 32 41 44 22 44 44 33 11 23
0 22 32 11 32 44 44 22 41 44 33 11 22
0 22 22 11 32 44 41 22 44 41 32 11 22
0 22 33 14 33 44 44 22 44 44 32 14 22
0 22 33 11 32 44 44 23 44 41 33 14 23
0 23 32 14 32 44 41 23 41 41 32 14 23
0 22 22 14 22 44 41 33 41 41 32 11 33
0 22 32 14 32 41 41 23 41 11 32 14 33
0 23 33 11 32 44 11 22 44 41 33 14 22
0 33 22 44 22 44 11 33 44 41 32 14 33
0 23 33 14 22 44 44 23 44 44 33 14 33
0 22 33 11 32 41 41 22 44 41 32 14 23
0 23 32 11 22 44 41 23 41 41 32 14 22
0 22 33 11 32 44 41 23 44 44 32 44 33
0 23 33 11 32 44 41 22 44 41 33 14 23
0 22 22 11 32 41 41 23 44 41 33 14 22
0 22 33 11 32 44 41 23 41 44 32 11 23
0 23 22 14 22 41 41 33 41 11 32 14 33
0 33 22 11 22 44 41 23 41 41 22 44 23
0 23 33 11 33 44 41 22 44 44 33 44 22
0 22 32 14 32 44 41 23 41 44 32 14 23
0 23 32 14 32 44 41 22 44 41 33 14 33
0 22 32 11 32 41 44 23 44 44 33 44 23
0 23 32 14 32 44 41 23 44 41 32 14 33
0 23 33 11 32 44 44 23 44 41 33 11 22
0 22 32 14 32 44 44 33 44 41 33 14 33
0 22 33 14 32 44 41 22 41 44 33 14 23
0 22 33 14 33 41 41 22 41 44 33 11 22
0 22 32 14 33 44 44 22 44 41 32 14 33
0 22 33 11 22 44 41 23 41 41 32 11 22
0 22 32 14 33 44 41 22 41 41 32 14 33
0 22 32 14 32 41 41 23 41 11 32 14 33
0 23 32 14 33 44 44 22 44 41 32 11 23
0 22 33 14 32 44 44 22 44 41 32 11 22
0 22 33 11 32 44 44 23 44 44 32 11 23
0 22 22 11 32 44 41 22 44 41 32 11 33
0 22 33 11 32 41 44 22 44 44 33 11 23
0 22 33 11 33 44 41 22 44 41 33 11 33
0 22 32 14 32 44 44 22 44 41 32 14 22
0 22 22 11 22 44 44 23 44 44 32 11 23
0 22 22 11 33 44 41 33 44 41 32 14 23
0 23 33 14 33 44 44 22 44 44 33 11 22
0 23 32 14 22 44 41 23 44 41 32 44 23
0 22 33 14 33 44 44 22 44 44 32 11 23
0 22 33 11 32 44 44 22 44 41 32 11 22
0 22 32 11 32 44 44 23 44 44 32 14 22
0 33 32 11 32 41 41 23 41 44 32 14 23
0 23 33 44 32 44 41 22 44 41 32 44 33
0 22 32 11 32 44 41 23 44 44 33 14 33
0 22 32 11 32 44 11 23 44 44 22 14 33
0 33 22 14 22 44 41 23 41 44 32 44 33
0 23 33 44 22 44 44 23 44 44 33 44 23
0 22 32 14 32 44 11 23 41 41 22 14 23
0 22 32 14 32 44 41 23 11 41 22 14 23
0 22 22 14 22 44 41 23 11 11 32 11 23
0 22 22 11 33 44 41 23 44 44 33 11 23
0 22 32 44 22 44 41 33 44 41 22 44 23
0 22 32 14 22 44 11 33 44 44 33 11 22
0 22 33 11 32 44 44 22 44 44 33 11 22
0 22 32 14 33 44 41 23 44 44 32 14 22
0 33 33 11 33 44 41 23 44 44 32 14 23
0 23 33 11 22 41 44 23 41 44 32 14 33
0 22 33 14 32 44 11 22 44 41 33 14 22
0 33 32 11 32 44 11 23 44 41 32 14 23
0 22 33 11 32 44 41 23 44 44 33 14 23
0 33 32 14 32 44 41 22 41 44 32 11 33
0 23 32 11 33 44 41 22 44 44 32 11 23
0 33 33 44 32 44 44 22 44 41 32 11 23
0 23 22 14 32 44 41 23 41 44 33 14 22
0 23 33 11 33 44 44 22 44 44 33 14 22
0 33 22 11 22 41 44 22 41 41 32 44 22
0 22 32 14 32 44 41 22 44 41 33 11 23
0 22 33 14 32 44 11 22 44 44 33 14 22
0 22 33 11 32 44 44 23 44 44 32 14 33
0 23 33 11 22 44 44 23 44 41 32 14 23
0 23 32 14 32 44 44 22 11 41 32 11 23
0 22 22 14 32 44 41 23 44 44 33 44 23
0 23 33 11 33 44 41 22 41 41 33 11 23
0 33 33 11 22 44 41 23 44 44 32 11 22
0 23 33 44 32 44 41 33 44 41 32 11 33
0 22 22 11 32 44 11 23 44 44 32 14 23
0 22 32 11 32 44 44 22 44 41 32 11 22
0 22 32 14 32 44 44 22 44 44 33 11 23
0 23 22 44 22 41 41 23 41 41 22 14 23
0 23 33 11 32 44 44 22 44 44 33 11 33
0 22 33 14 32 44 41 23 44 44 32 14 22
0 22 32 14 32 41 44 23 41 44 32 14 23
0 22 33 14 32 44 44 23 44 44 33 11 23
0 23 33 11 32 44 41 23 44 41 33 14 33
0 22 32 14 32 44 44 33 44 44 32 11 23
0 23 32 14 32 44 41 33 44 11 32 14 23
0 23 32 11 22 44 41 23 44 41 32 14 22
0 23 32 11 22 44 41 22 44 44 22 44 23
0 22 32 44 32 41 41 33 44 44 32 14 23
0 22 22 14 32 44 41 33 41 41 32 14 33
0 22 33 14 33 44 44 23 44 41 33 14 23
0 22 32 14 32 44 41 23 44 44 32 11 23
0 33 33 14 22 44 44 22 44 44 32 11 23
0 22 33 11 32 44 44 22 44 44 33 11 33
0 23 32 11 32 44 41 22 41 41 32 44 33
0 23 22 44 22 44 41 33 41 41 33 14 33
0 23 22 44 22 44 41 23 44 41 32 14 23
0 23 32 11 33 41 11 23 41 44 32 14 23
0 23 32 14 33 44 41 23 44 44 33 14 22
0 22 22 14 32 41 41 33 11 41 32 14 22
0 22 33 11 32 11 11 23 44 11 33 44 33
0 23 22 11 32 41 41 23 11 44 32 11 33
0 22 22 44 32 44 11 23 44 41 22 11 23
0 23 33 11 33 44 44 22 44 44 33 11 22
0 22 33 11 33 41 44 22 44 44 32 14 22
0 23 33 14 32 44 11 23 44 41 22 14 23
0 23 33 14 32 44 44 23 44 44 33 14 22
0 23 32 14 33 44 44 23 44 44 33 11 22
0 22 32 11 32 44 41 22 44 41 33 14 23
0 22 32 11 32 44 44 23 44 41 33 11 23
0 23 32 14 22 41 44 23 41 41 22 11 23
0 23 32 11 32 41 41 33 41 11 32 44 23
0 23 33 14 32 44 44 23 41 41 33 14 23
0 22 33 11 33 44 41 22 44 44 33 14 33
0 23 22 11 32 44 44 22 44 41 33 44 23
0 23 33 14 33 44 41 23 44 44 33 14 22
0 23 32 11 32 44 41 23 41 44 32 14 33
0 33 22 14 32 44 44 22 44 41 22 14 33
0 23 32 11 32 44 44 22 44 44 32 14 23
0 22 32 11 32 41 41 22 44 41 33 14 23
0 22 33 14 32 44 44 23 44 41 32 14 22
0 23 22 44 22 44 41 23 41 44 32 14 33
0 22 33 11 33 44 41 23 44 41 32 11 23
0 22 32 14 32 41 41 22 44 44 32 44 22
0 33 32 44 32 41 41 23 41 41 32 11 33
0 23 33 14 32 44 44 23 41 44 33 14 23
0 23 32 14 22 41 41 23 41 41 32 14 23
0 22 32 11 33 44 11 23 41 44 22 11 23
0 23 22 11 32 44 11 23 41 41 32 11 33
0 22 22 11 22 44 44 33 44 41 32 11 33
0 22 22 14 22 44 11 22 44 44 33 44 33
0 22 32 11 32 44 44 23 44 11 33 11 23
0 23 32 14 32 41 41 33 44 44 33 14 23
0 23 33 11 32 44 41 22 44 44 33 11 22
0 22 32 14 33 44 41 23 41 41 32 14 23
0 22 22 14 32 44 41 23 44 44 33 14 23
0 23 22 11 22 11 41 22 41 41 32 14 33
0 23 32 44 22 44 41 23 44 44 33 11 23
0 23 32 11 32 44 41 23 41 41 33 11 23
0 23 33 11 22 44 11 23 44 44 33 14 33
0 23 22 14 33 44 41 22 44 41 32 14 22
0 33 33 14 32 44 44 33 44 41 32 14 23
0 33 32 14 32 44 41 22 41 11 32 11 33
0 22 33 11 33 44 41 22 44 44 33 11 23
0 22 33 14 32 44 41 23 41 44 33 14 23
1 23 32 14 32 44 44 23 44 44 32 11 23
1 22 32 11 32 44 44 23 44 44 32 11 23
1 23 22 14 32 41 11 23 41 41 32 44 33
1 23 22 14 22 41 11 23 41 41 33 14 23
1 23 33 14 33 44 44 22 41 41 32 11 22
1 33 33 11 33 41 44 22 41 41 33 14 23
1 23 33 14 32 41 41 23 44 41 33 14 23
1 23 33 14 32 41 41 23 44 44 33 14 23
1 22 32 14 22 44 44 23 41 41 33 44 23
1 23 32 44 33 41 11 23 44 41 33 14 33
1 22 22 44 32 44 44 23 41 41 32 14 33
1 23 32 11 22 41 11 23 41 41 33 14 33
1 23 33 11 33 44 44 22 41 44 33 14 23
1 22 32 11 32 44 44 22 44 41 22 14 23
1 23 33 14 33 44 11 23 41 41 22 11 23
1 33 22 11 22 44 41 33 41 44 32 14 33
1 23 32 14 32 44 11 23 41 41 32 44 33
1 23 33 11 32 44 44 23 41 44 22 14 23
1 33 22 14 22 44 11 33 44 44 32 11 33
1 22 32 44 32 41 41 33 41 44 22 44 33
1 22 33 14 22 44 44 23 44 41 22 14 23
1 23 32 11 33 44 44 23 41 41 32 11 23
1 22 32 14 32 41 41 23 41 41 32 11 33
1 22 33 11 22 44 41 23 41 41 33 11 33
1 22 32 14 32 44 41 33 44 44 32 14 33
1 23 33 14 32 44 44 23 41 44 32 14 33
1 23 32 44 32 44 41 33 41 41 33 44 33
1 22 32 11 33 44 41 23 44 44 33 11 22
1 23 22 44 32 44 44 23 44 41 33 14 33
1 22 22 44 22 44 44 23 44 44 22 14 23
1 23 32 14 32 44 41 23 41 41 33 44 23
1 22 32 11 32 44 44 22 41 41 33 11 22
1 23 22 14 32 44 41 22 44 44 33 14 22
1 23 22 14 32 44 41 33 44 44 32 11 22
1 23 33 14 32 44 44 23 44 44 32 14 22
1 22 32 14 33 41 44 23 44 41 33 11 23
1 23 22 14 32 44 44 23 44 41 32 44 22
1 23 33 11 22 44 44 23 44 44 33 11 23
1 22 33 11 33 44 11 23 41 11 32 11 23
1 22 32 11 22 44 41 23 44 44 33 14 22
1 33 33 11 33 44 44 23 41 44 32 44 23
1 22 32 14 32 44 44 22 44 44 33 11 22
1 23 22 11 32 41 41 22 44 41 32 44 22
1 22 33 11 32 44 41 22 44 44 32 44 23
1 23 22 14 32 44 11 23 44 41 33 14 23
1 23 32 14 32 44 41 23 44 41 32 44 23
1 23 33 14 32 44 44 22 44 44 22 11 23
1 33 33 14 22 41 41 22 11 11 32 14 33
1 22 22 14 33 44 11 23 41 41 33 11 33
1 23 33 11 33 44 11 22 44 44 33 11 23
1 23 32 44 22 41 44 23 44 11 33 14 33
1 23 32 11 32 44 44 33 41 41 32 14 23
1 22 32 11 32 44 44 33 11 44 22 14 22
1 22 32 11 33 44 44 33 44 44 32 14 23
1 23 32 14 22 44 41 23 41 41 32 14 33
1 23 32 11 32 44 41 33 44 44 33 44 22
1 23 32 14 33 44 41 22 44 44 33 11 23
1 22 32 14 33 44 41 22 44 41 32 11 23
1 33 32 11 33 44 44 22 44 44 32 11 22
1 23 22 11 22 44 41 33 41 41 33 14 33
1 23 32 44 32 11 11 33 44 44 32 14 23
1 22 33 14 22 44 41 22 44 44 33 11 23
1 22 32 11 32 44 11 23 44 41 32 11 33
1 22 22 14 32 44 44 23 41 44 32 11 22
1 22 33 11 33 44 44 22 44 44 33 11 23
1 22 32 11 32 44 44 33 44 44 33 11 23
1 22 32 14 32 44 41 33 41 41 32 44 22
1 22 33 14 22 44 41 23 41 44 32 14 33
1 23 32 14 22 44 41 23 11 41 33 11 22
1 23 32 11 33 44 44 22 41 41 32 44 33
1 23 32 14 33 44 41 23 41 44 22 44 33
1 33 22 14 32 41 11 33 11 41 32 14 23
1 23 32 14 33 44 41 22 44 41 33 44 22
1 23 22 44 32 44 11 22 44 41 22 44 22
1 22 22 11 32 44 11 33 41 41 32 14 33
1 22 22 14 32 41 41 23 44 11 32 44 33
1 33 32 14 32 44 11 23 41 44 22 44 33
1 23 32 14 32 41 41 22 44 41 32 14 33
1 22 32 11 32 44 44 23 44 41 32 14 23
1 23 22 11 22 44 44 33 44 44 33 14 23
1 23 32 11 33 44 41 23 44 44 33 11 23
1 22 32 11 32 41 44 23 41 41 32 14 23
1 22 22 44 32 44 11 22 41 41 32 44 23
1 23 22 11 32 44 41 22 41 41 33 14 22
1 22 32 14 32 44 44 22 44 44 33 14 23
1 23 32 44 32 44 41 22 41 41 33 14 33
1 23 22 44 32 41 41 23 44 41 32 44 33
1 23 33 14 33 41 44 22 44 41 33 11 23
1 23 33 11 33 44 44 22 41 44 22 14 23
1 22 22 11 32 44 41 22 44 41 32 14 22
1 23 22 44 32 44 41 23 41 41 32 11 22
1 22 32 11 32 44 11 22 11 41 33 14 23
1 33 22 14 33 44 41 33 41 41 22 44 23
1 22 32 11 33 44 44 22 41 41 33 11 23
1 22 33 11 33 44 44 23 44 44 33 11 22
1 22 22 14 32 44 44 23 41 41 33 14 33
1 22 33 14 33 44 41 22 44 44 32 11 22
1 22 32 11 33 44 44 23 44 44 33 11 22
1 23 22 11 32 44 44 23 44 44 33 14 22
1 22 33 11 33 44 41 23 44 44 22 11 22
1 22 33 11 32 44 41 22 44 44 33 14 23
1 22 32 14 32 44 41 22 41 41 32 11 23
1 22 32 14 33 44 44 33 44 44 33 14 22
1 23 33 11 33 44 44 22 11 11 32 14 23
1 33 22 44 32 41 11 23 44 44 32 11 23
1 23 32 44 32 44 41 23 44 44 33 11 33
1 23 33 14 32 44 41 23 44 44 32 14 33
1 22 32 14 32 44 44 23 41 41 33 14 22
1 23 32 14 32 41 41 22 41 41 32 14 23
1 23 32 11 22 41 41 23 44 41 32 44 23
1 22 33 14 32 41 41 22 44 44 22 11 23
1 22 32 11 32 44 44 23 44 41 33 44 22
1 22 33 11 32 44 44 22 44 44 32 14 33
1 22 32 11 32 41 44 23 44 11 22 14 23
1 23 22 14 22 44 41 33 41 41 33 14 33
1 33 33 14 22 44 44 22 41 44 32 44 23
1 22 32 11 32 44 44 23 41 44 32 14 23
1 23 32 44 33 44 41 22 44 44 33 44 22
1 22 33 14 22 44 41 23 44 44 32 11 22
1 22 33 14 32 44 44 23 44 44 33 14 22
1 22 33 11 22 44 44 22 44 44 33 11 22
1 22 32 44 22 44 11 23 44 41 33 14 23
1 23 22 14 33 44 11 22 11 44 32 14 33
1 23 32 44 32 41 44 22 41 41 32 11 23
1 22 33 11 33 44 44 22 44 44 33 11 22
1 22 22 14 22 44 41 23 41 44 32 44 33
1 22 32 14 32 44 41 23 41 41 33 11 23
1 22 32 11 32 44 41 22 44 41 32 14 23
1 22 32 11 32 44 44 22 44 44 33 14 23
1 22 32 14 22 41 41 22 44 11 33 11 33
1 23 33 11 33 44 41 23 44 44 32 44 22
1 23 22 14 32 44 44 22 44 41 33 11 33
1 23 32 14 22 41 41 23 11 11 33 44 23
1 23 32 11 33 41 44 33 44 11 33 14 33
1 22 33 11 22 44 44 22 44 44 33 14 22
1 33 33 11 22 44 41 23 44 11 22 14 23
1 23 22 11 32 44 44 33 11 44 32 14 33
1 22 33 11 33 44 44 22 44 44 33 11 22
1 23 22 14 32 41 44 22 44 41 22 14 23
1 22 32 11 32 44 44 23 44 41 33 14 22
1 23 33 11 33 41 41 22 41 44 33 14 23
1 22 32 11 32 44 44 22 44 44 22 44 22
1 33 33 44 32 44 44 22 44 44 33 14 23
1 23 33 11 22 44 44 33 44 11 32 14 22
1 22 32 11 33 44 44 22 44 41 33 14 33
1 22 32 11 33 44 44 23 44 41 33 14 23
1 22 33 11 33 44 44 22 44 41 32 11 22
1 23 33 11 33 44 44 22 44 44 33 11 23
1 22 33 14 32 41 11 23 44 41 33 11 33
1 23 33 11 32 44 44 23 44 44 33 11 23
1 23 22 11 33 41 41 22 44 44 33 11 33
1 22 32 11 22 44 41 22 44 44 33 11 23
1 23 32 14 22 44 41 33 41 41 33 44 23
1 23 32 11 33 44 44 22 44 44 32 11 23
1 23 33 14 32 44 44 22 44 44 33 11 23
1 22 33 11 33 44 44 22 44 44 32 11 22
1 22 33 14 32 44 44 22 44 41 32 14 23
1 33 32 44 32 44 11 23 11 11 32 44 33
1 23 33 44 32 44 44 22 44 11 32 11 33
1 22 32 14 22 44 44 23 44 41 33 11 22
1 22 33 14 32 44 44 23 44 44 32 14 33
1 23 22 14 32 44 44 23 44 41 33 14 23
1 23 33 11 32 44 41 23 41 44 33 11 22
1 33 33 11 22 41 41 23 41 41 22 14 33
1 22 32 14 33 44 41 23 44 11 33 14 23
1 22 33 11 22 44 41 23 44 11 33 14 33
1 22 32 11 33 44 44 23 44 44 32 11 22
1 22 33 11 33 44 44 22 44 44 33 14 22
1 23 33 14 33 44 41 22 44 41 33 11 23
1 22 32 11 32 41 44 22 44 44 33 14 23
1 23 32 14 33 44 41 33 44 41 32 14 33
1 33 32 14 32 44 44 22 44 41 32 14 23
1 33 33 14 22 44 11 23 11 41 22 44 23
1 22 32 11 33 44 41 22 44 44 33 11 22
1 22 32 11 32 44 41 23 44 41 32 44 23
1 22 32 14 32 44 41 23 44 41 33 11 23
1 22 33 11 32 44 44 22 41 41 33 14 22
1 22 32 14 33 44 41 22 44 44 33 11 22
1 22 33 11 32 44 44 22 44 41 33 11 33
1 23 33 11 32 44 41 22 44 44 33 14 33
1 22 33 11 33 44 44 23 44 44 33 11 22
1 22 33 11 33 44 41 22 44 44 33 14 22
1 23 22 14 33 44 41 23 41 44 32 14 23
1 22 32 11 33 44 44 23 44 41 33 11 23
1 22 32 11 32 44 44 23 44 41 32 11 23
1 22 32 11 33 44 44 22 44 44 32 11 23
1 22 32 44 33 44 41 23 44 44 32 14 22
1 22 33 14 22 44 41 23 41 41 22 14 23
1 23 22 14 33 44 41 23 41 41 22 44 23
1 23 22 14 32 44 41 23 44 41 32 11 22
1 22 32 14 32 41 41 23 41 44 22 14 22
1 22 32 11 32 44 44 22 44 41 33 11 23
1 22 22 11 22 44 44 23 44 41 33 11 23
1 23 33 11 33 44 44 22 44 44 32 11 22
1 22 32 44 33 41 41 23 44 41 33 14 23
1 23 32 44 32 44 41 22 44 41 32 14 23
1 22 32 11 32 44 44 23 44 44 33 11 23
1 23 33 11 33 44 11 23 44 41 22 11 23
1 23 22 44 32 44 44 22 41 41 32 44 33
1 22 22 14 32 41 41 33 44 41 33 11 23
1 22 32 14 33 44 44 23 44 44 32 11 23
1 33 22 44 32 41 41 23 11 11 32 11 33
1 22 32 11 33 44 44 22 44 44 33 11 22
1 22 33 14 32 44 44 22 41 44 32 44 22
1 22 33 11 32 44 41 22 44 44 33 11 22
1 33 32 14 32 44 11 23 41 41 32 44 23
1 22 33 11 33 44 41 22 44 44 33 11 23
1 22 33 11 32 44 44 23 44 44 32 11 23
1 23 32 11 32 44 44 23 44 41 33 14 33
1 22 33 14 33 44 44 23 11 41 32 44 23
1 23 22 14 33 44 44 23 41 44 22 14 33
1 22 32 11 32 44 41 23 44 41 33 14 23
1 22 22 11 32 44 44 22 41 11 22 11 23
1 22 32 11 32 44 41 22 44 41 32 14 23
1 22 33 14 32 44 41 22 41 44 33 14 23
1 22 22 14 22 44 11 23 41 41 22 14 23
1 22 22 11 32 44 41 22 44 41 32 14 23
1 22 33 11 32 44 44 23 44 41 32 11 22
1 22 32 14 33 41 41 23 41 11 22 14 33
1 33 32 14 22 44 11 23 41 41 32 11 33
1 23 33 11 22 44 44 23 44 44 22 44 23
1 23 33 14 32 44 44 23 44 44 32 14 23
1 22 22 44 33 44 44 23 41 44 32 11 23
1 23 32 14 32 41 44 33 44 44 33 14 23
1 22 32 11 32 44 41 23 44 44 32 11 23
1 22 32 11 33 44 41 22 44 44 32 44 22
1 23 32 14 32 41 44 23 41 41 22 11 23
1 23 32 44 32 44 44 22 11 44 33 44 22
1 33 32 44 32 44 41 23 44 41 32 44 23
1 23 33 11 33 44 44 23 44 44 32 11 22
1 23 33 11 32 44 41 33 41 41 22 44 33
1 23 32 14 32 11 11 23 41 41 33 44 23
1 23 32 11 33 44 41 22 44 41 22 11 23
1 22 33 11 32 41 41 23 41 41 32 14 23
1 22 32 11 33 44 44 22 44 41 32 14 23
1 33 32 11 22 44 41 23 41 41 32 44 33
1 22 32 11 33 44 44 23 44 44 32 44 22
1 23 32 14 33 44 41 23 44 41 22 44 33
1 23 33 11 32 44 41 23 41 41 33 11 23
1 22 32 14 32 44 11 33 44 41 32 44 33
1 22 32 14 22 44 41 22 44 41 32 11 22
1 23 32 44 22 41 41 33 41 44 22 11 23
1 22 22 11 33 44 41 23 44 44 33 11 22
1 23 33 14 32 44 41 23 44 44 33 11 33
1 23 32 11 32 41 44 22 44 44 32 14 23
1 22 32 14 33 44 44 22 44 41 33 11 22
1 22 33 11 33 44 41 22 44 41 32 14 22
1 23 32 11 32 44 44 23 11 44 22 44 22
1 23 33 14 32 44 11 23 41 11 32 44 23
1 33 33 11 32 44 44 23 41 41 33 14 23
1 22 32 11 32 41 11 23 44 41 33 14 23
1 23 32 14 32 41 11 33 44 41 22 44 33
1 22 22 14 22 44 11 23 44 41 22 44 23
1 23 33 14 32 41 41 22 11 41 32 11 33
1 22 33 11 32 44 41 22 44 44 32 14 22
1 22 33 14 32 44 41 22 41 41 32 11 23
1 23 33 14 22 44 44 23 41 44 33 11 23
1 22 32 14 32 44 44 22 44 41 33 11 33
1 22 33 11 33 41 44 22 44 41 33 11 23
1 23 32 14 32 44 11 23 44 44 33 14 33
1 22 32 11 32 44 44 23 44 44 32 14 23
1 23 22 11 32 41 44 22 44 44 32 11 23
1 23 32 14 22 44 41 23 44 44 33 44 33
1 22 33 14 22 41 44 23 41 11 33 11 23
1 23 32 14 32 44 41 23 11 44 32 14 23
1 22 33 11 33 44 44 23 44 44 33 11 22
1 23 32 11 22 44 41 23 44 44 33 14 33
1 22 22 14 32 44 44 23 44 44 32 14 23
1 23 32 11 32 44 41 22 44 41 32 11 22
1 22 32 11 32 44 41 22 44 11 32 14 22
1 23 32 14 22 41 44 23 44 44 33 14 22
1 22 33 11 32 44 44 23 44 44 33 14 22
1 33 22 44 32 44 41 23 11 11 32 44 33
1 23 32 11 22 44 11 33 41 44 32 14 33
1 23 32 11 32 44 41 23 44 44 22 44 23
1 33 33 14 32 41 41 22 44 41 33 14 23
1 23 32 44 32 41 11 22 41 44 32 44 23
1 23 22 44 22 44 11 23 44 44 33 14 33
1 22 22 11 33 44 41 23 44 44 32 14 23
1 22 22 14 32 41 11 33 11 11 32 44 23
1 22 33 14 33 44 44 33 41 11 32 14 23
1 22 33 14 32 44 44 22 44 41 33 14 23
1 23 32 14 32 41 11 23 44 11 32 14 23
1 22 32 14 32 44 41 23 41 41 33 11 33
1 23 32 11 32 44 41 23 44 41 32 14 33
1 22 32 11 32 44 41 23 44 44 33 14 23
1 22 32 44 32 44 41 22 44 41 33 44 23
1 23 32 11 32 41 41 23 44 44 33 44 23
1 23 32 14 22 11 41 23 41 41 33 14 33
1 22 32 14 22 44 41 33 44 41 22 44 33
1 22 33 11 33 44 44 23 44 41 32 14 33
1 22 32 11 32 41 41 23 41 41 22 14 33
1 23 32 11 32 44 44 33 41 44 32 11 22
1 33 32 11 32 44 41 23 44 41 32 11 33
1 23 33 14 33 44 11 33 44 44 22 14 33
1 23 32 14 33 44 41 22 44 41 32 44 22
1 23 22 14 22 44 41 23 11 41 33 14 33
1 33 33 44 32 41 44 23 41 11 32 11 23
1 22 22 44 22 41 41 23 44 41 33 14 23
1 22 33 44 32 44 44 23 44 44 32 11 22
1 22 33 11 22 44 41 23 41 44 32 14 22
1 23 22 11 32 44 41 22 44 41 33 14 33
1 23 32 14 32 44 41 33 41 11 32 44 33
1 22 33 11 33 44 44 22 44 44 33 11 33
1 22 32 14 22 41 11 33 44 44 32 14 22
1 33 33 14 32 44 41 23 41 41 22 44 33
1 23 33 14 32 41 41 23 44 41 32 14 23
1 23 32 14 32 44 41 23 41 41 22 14 22
1 22 32 11 33 44 44 22 44 44 32 44 23
1 23 32 44 22 41 11 33 41 11 32 44 23
1 22 32 14 32 44 41 22 44 44 32 11 22
1 23 32 11 33 44 41 23 44 41 22 44 23
1 22 33 11 32 44 41 23 44 44 22 44 23
1 33 22 11 22 44 41 33 41 41 22 44 33
1 23 32 11 22 44 41 22 44 44 32 14 33
1 23 32 14 32 44 11 23 44 41 32 14 33
1 22 33 14 22 44 44 22 44 44 32 14 33
1 22 33 11 32 44 41 23 44 41 22 14 23
1 23 22 14 22 41 11 23 11 11 32 14 33
1 22 33 14 32 44 41 22 44 44 32 11 22
1 22 32 11 32 44 44 22 44 11 32 11 23
1 23 22 44 32 44 44 23 44 41 33 14 23
1 22 22 14 22 44 11 23 41 11 32 14 33
1 22 33 14 32 44 44 23 44 41 32 11 23
1 23 32 11 33 44 41 33 44 44 32 14 23
1 22 32 14 32 44 44 22 44 41 33 11 23
1 23 22 14 32 44 44 22 44 44 32 44 22
1 22 22 14 22 44 41 22 41 41 33 11 23
1 23 32 11 32 44 44 22 44 44 33 14 22
1 23 33 14 32 44 41 23 11 44 33 44 23
1 22 32 14 22 44 41 23 44 41 33 44 33
1 23 33 11 32 44 11 33 44 41 22 11 22
1 22 33 11 33 44 44 22 44 44 32 11 23
1 23 32 14 32 44 11 33 41 41 22 11 33
1 23 32 14 22 44 41 23 41 44 32 11 23
1 22 32 14 33 41 44 33 44 44 33 11 22
1 23 32 11 32 41 44 23 44 44 33 14 22
1 23 32 11 22 44 41 33 44 41 33 14 23
1 22 32 44 22 41 41 23 41 41 32 11 23
1 22 32 14 33 44 44 22 44 44 32 11 33
1 23 22 11 22 41 41 33 41 41 32 11 23
1 22 33 11 33 44 41 23 44 44 32 14 23
1 22 33 11 32 44 44 23 11 41 33 14 33
1 22 32 14 32 44 44 22 41 41 32 14 23
1 23 22 11 32 44 41 33 41 41 32 14 23
1 22 33 14 33 44 41 23 44 44 32 11 22
1 22 22 14 32 44 41 23 44 41 33 14 23
1 23 33 11 33 44 44 22 44 41 33 11 23
1 23 32 14 32 44 41 23 44 41 32 14 33
1 22 22 14 32 41 44 23 41 41 33 14 23
1 22 32 14 33 44 41 23 44 11 32 14 33
1 33 32 44 32 41 11 33 41 44 22 44 23
1 33 32 11 22 44 11 23 44 41 32 44 22
1 22 22 11 33 11 41 23 44 44 32 11 23
1 22 32 14 33 44 11 23 44 41 32 11 23
1 23 33 11 33 44 44 23 44 41 33 11 22
1 33 32 11 22 44 44 22 44 41 33 44 33
1 22 22 11 32 44 44 23 44 44 33 14 23
1 23 22 44 22 44 11 33 41 41 22 44 23
1 23 33 14 32 41 44 23 41 44 32 14 33
1 23 32 14 22 41 41 23 44 44 33 11 23
1 23 22 11 22 44 44 33 41 41 32 14 23
1 22 32 14 33 44 11 23 44 44 32 14 23
1 23 33 11 32 44 44 23 44 44 32 14 23
1 23 22 14 22 44 41 33 41 41 32 44 23
1 23 32 14 32 44 41 22 44 41 32 44 23
1 23 33 11 33 44 44 23 44 44 33 11 23
1 23 32 14 32 41 41 22 44 44 33 11 33
1 23 33 11 33 44 41 22 44 44 33 11 22
1 23 32 14 32 44 41 33 41 44 32 11 23
1 22 33 11 33 44 41 23 44 41 22 14 23
1 22 33 11 33 44 44 22 44 44 33 14 23
1 22 33 11 32 44 44 22 44 41 32 14 22
1 23 32 44 22 41 41 23 44 11 22 44 33
1 22 33 11 33 44 44 22 44 44 32 11 22
1 23 32 11 32 44 44 22 41 44 33 14 22
1 22 32 11 32 44 41 23 44 41 32 14 22
1 23 33 11 22 44 41 22 44 11 32 14 23
1 22 32 11 33 44 44 22 44 41 33 11 23
1 23 32 14 22 44 41 23 44 41 33 44 33
1 22 32 11 32 44 44 22 44 44 32 11 33
1 33 22 44 32 41 44 33 11 11 22 44 33
1 22 32 11 32 44 41 22 44 41 33 14 33
1 23 32 14 33 44 41 22 44 44 33 11 33
1 22 32 11 32 44 41 22 44 44 32 14 23
1 22 32 44 32 44 44 22 44 44 22 14 23
1 22 32 14 32 44 44 22 44 44 33 11 22
1 23 33 11 33 44 41 22 44 44 32 11 23
1 22 32 14 33 41 41 33 44 44 22 44 22
1 22 32 11 32 41 41 22 44 41 33 14 23
1 22 32 11 32 44 44 23 41 11 33 11 22
1 23 22 11 32 44 41 22 41 11 33 44 33
1 22 33 11 32 44 41 22 44 44 32 44 23
1 33 32 44 22 44 11 23 41 41 22 14 33
1 22 33 14 32 41 44 23 41 44 32 14 22
1 22 32 44 32 44 44 33 44 11 32 14 33
1 33 32 44 22 41 41 23 44 41 32 11 33
1 22 32 11 32 41 41 23 41 41 33 14 33
1 22 33 14 33 44 11 22 44 41 32 11 23
1 23 32 14 32 44 41 22 41 44 33 44 23
1 22 33 11 22 44 44 22 44 41 33 14 22
1 22 32 14 32 44 41 23 44 41 22 14 22
1 23 22 14 22 41 44 23 41 44 22 14 23
1 23 32 14 32 44 44 22 41 41 33 11 23
1 23 32 14 33 44 44 22 44 44 32 11 22
1 22 32 11 32 44 44 22 44 41 32 11 33
1 33 32 11 32 44 41 33 44 41 33 11 23
1 22 32 11 32 41 11 23 44 44 33 14 22
1 23 32 14 22 44 41 23 44 44 32 14 33
1 22 32 11 22 41 44 33 44 41 32 11 23
1 22 32 11 32 44 44 23 44 41 33 14 23
1 22 32 11 33 44 41 22 44 44 33 11 22
1 22 33 11 32 44 44 22 44 44 32 14 22
1 22 33 14 33 44 41 22 41 44 33 14 33
1 23 33 11 33 44 41 23 44 44 33 11 22
1 22 33 11 32 41 41 23 41 44 22 14 23
1 22 32 11 32 44 44 22 44 44 32 14 23
1 22 32 14 32 41 44 22 44 41 32 14 23
1 22 32 11 32 44 44 33 44 44 33 44 23
1 22 33 11 33 44 44 22 44 44 32 11 22
1 22 33 14 32 44 41 23 44 41 32 14 22
1 22 33 14 33 44 44 23 41 44 33 11 22
1 22 32 11 32 44 11 33 41 11 32 14 33
1 33 32 11 22 44 44 23 41 44 32 11 23
1 23 22 14 32 44 41 23 41 41 33 14 23
1 22 33 11 32 44 41 22 44 44 22 14 23
1 23 32 14 32 44 41 23 44 41 32 44 23
1 22 32 14 32 44 44 22 44 41 32 11 22
1 33 32 44 22 44 11 23 41 11 22 11 33
1 22 32 11 22 44 41 23 44 11 33 14 22
1 23 32 44 22 44 11 33 41 41 32 44 23
1 23 33 11 32 44 44 23 41 44 32 14 23
1 22 33 11 32 41 44 22 44 44 32 14 23
1 23 32 14 32 44 11 23 41 41 32 14 33
1 23 33 14 32 44 44 23 41 44 32 14 23
1 23 22 11 32 44 11 23 41 44 33 11 22
1 22 33 14 33 44 44 23 44 41 33 11 22
1 22 32 14 33 44 44 23 44 44 32 11 33
1 22 33 11 33 44 44 22 41 41 33 14 22
1 22 33 44 33 44 44 22 44 44 33 11 23
1 22 32 14 33 44 44 22 44 41 33 11 23
1 23 32 11 32 44 41 22 44 41 22 11 23
1 23 33 14 33 44 11 23 41 44 32 14 22
1 33 32 44 22 44 11 23 41 41 32 44 23
1 23 32 11 22 44 44 23 44 41 32 11 23
1 22 32 11 33 44 11 23 41 44 33 44 23
1 23 32 14 22 41 44 23 41 41 32 14 23
1 22 32 14 32 44 41 22 44 41 32 11 23
1 22 32 11 32 44 41 23 41 41 32 14 33
1 23 33 14 32 44 41 22 44 41 32 44 23
1 23 22 11 22 41 11 23 41 41 32 14 23
1 23 32 14 32 41 44 22 44 44 32 11 33
1 33 22 44 22 41 41 33 41 41 22 44 33
1 22 32 14 32 44 41 22 41 41 33 11 23
1 22 32 14 33 44 41 23 44 44 32 44 23
1 23 33 11 33 44 44 22 41 44 32 11 22
1 33 33 14 32 44 41 33 44 11 22 44 33
1 23 32 14 32 44 44 23 44 41 33 14 22
1 23 32 14 32 41 41 33 44 41 33 14 22
1 22 32 44 32 41 44 23 41 44 33 11 22
1 23 32 44 32 44 44 23 44 41 33 11 33
1 23 33 14 33 44 44 23 44 41 33 44 23
1 22 32 14 32 44 44 23 44 44 33 11 33
1 23 32 14 32 44 41 23 41 41 32 44 23
1 22 32 11 32 44 11 23 44 44 22 44 22
1 23 33 14 32 41 11 23 44 44 33 11 33
1 22 33 11 32 44 11 23 44 41 33 14 33
1 22 32 14 32 44 44 23 44 41 33 14 23
1 22 32 14 32 41 41 23 41 11 33 14 23
1 23 32 11 22 44 41 23 44 41 32 11 23
1 22 32 11 32 44 41 33 44 44 32 11 22
1 22 32 11 33 44 41 22 41 44 33 11 22
1 22 33 44 32 44 41 23 44 41 33 14 33
1 23 32 11 22 44 41 22 41 41 22 14 23
1 22 33 11 33 44 44 23 44 44 32 11 22
1 22 33 11 33 44 44 22 11 44 33 11 23
1 22 32 11 32 44 11 22 44 41 32 11 33
1 23 22 11 32 41 44 22 41 41 33 14 33
1 22 33 44 22 44 41 22 41 44 32 14 23
1 22 33 11 33 44 44 22 44 44 33 11 23
1 23 32 11 32 44 44 22 44 41 32 11 22
1 22 33 11 33 44 41 22 41 41 32 11 23
1 22 33 11 33 44 11 22 44 41 32 11 23
1 23 32 14 32 44 41 22 44 44 32 11 33
1 23 32 44 22 44 44 23 41 41 33 14 23
1 22 32 11 32 44 11 22 41 41 32 11 23
1 23 22 14 33 44 44 23 41 41 22 11 23
1 23 22 11 32 41 44 23 44 11 32 14 23
1 22 33 11 32 44 44 22 41 44 33 14 22
1 23 32 11 33 44 44 23 41 41 33 11 23
1 22 32 14 22 41 44 22 44 44 32 14 23
1 22 33 11 33 44 44 23 44 44 32 11 23
1 22 32 14 33 44 41 22 44 44 32 11 33
1 22 33 14 32 41 41 22 44 44 32 14 22
1 22 33 14 32 44 44 22 44 44 33 14 23
1 22 33 14 32 44 41 22 44 44 33 11 22
1 23 33 14 22 44 41 23 44 44 22 11 23
1 22 22 11 22 41 41 22 44 41 32 14 23
1 23 22 14 32 44 41 23 44 41 33 14 23
1 23 32 11 33 44 44 22 44 44 22 44 33
