 rs12758112 rs929125 rs9803674 rs10489144 rs6692372 rs11591032 rs1339372 rs12568548 rs646835
0 44 33 22 32 11 33 44 44 32
0 44 33 22 32 11 33 44 44 32
0 11 32 23 22 14 33 22 41 22
0 44 33 22 33 11 33 44 44 33
0 44 33 22 33 11 33 44 44 33
0 41 32 23 32 11 32 42 41 33
0 41 33 23 33 11 33 44 44 32
0 44 33 22 22 11 33 44 44 22
0 41 33 23 33 14 33 42 41 33
0 41 33 22 33 14 32 42 41 32
0 44 32 23 32 11 32 42 44 22
0 41 33 22 32 14 33 42 44 32
0 44 33 22 33 11 33 44 44 33
0 41 32 23 32 11 33 42 44 22
0 41 22 22 22 14 33 42 44 32
0 41 22 22 22 44 22 22 44 22
0 44 33 22 22 11 32 44 44 32
0 44 32 22 33 11 33 44 44 33
0 11 32 33 22 14 22 42 41 22
0 44 33 22 33 11 33 44 44 33
0 41 32 23 32 11 32 42 44 32
0 11 33 22 32 14 32 42 41 22
0 41 32 23 32 11 33 42 41 22
0 44 33 22 33 11 33 44 44 33
0 41 32 22 33 11 33 44 11 33
0 44 32 22 33 11 33 44 44 33
0 41 32 22 32 14 33 42 44 33
0 41 32 23 33 11 32 42 44 32
0 44 33 22 32 11 33 42 44 32
0 41 32 23 32 14 32 44 41 32
0 44 22 22 32 11 33 22 44 22
0 44 32 22 33 11 33 42 44 32
0 41 32 22 32 14 33 22 44 33
0 41 33 22 32 11 32 42 41 32
0 41 32 22 22 11 32 42 44 32
0 41 22 23 22 11 32 22 44 22
0 44 32 22 33 14 33 44 44 32
0 11 32 23 22 11 32 22 44 32
0 44 33 22 22 11 33 42 44 33
0 11 33 22 32 14 32 22 41 32
0 44 33 22 33 11 32 42 44 33
0 44 33 22 33 11 33 44 44 33
0 44 32 23 22 14 32 22 44 22
0 44 32 22 32 11 33 42 44 32
0 44 32 23 32 11 32 42 41 32
0 44 32 23 33 14 33 42 44 33
0 41 32 23 22 14 32 42 44 22
0 44 33 22 32 11 33 42 44 33
0 41 32 23 22 11 32 44 44 32
0 44 32 22 33 11 33 44 44 33
0 44 32 22 33 44 33 42 44 33
0 11 32 23 32 11 33 42 41 22
0 44 33 22 33 11 33 44 44 32
0 11 32 33 33 14 22 42 41 22
0 41 32 23 32 14 22 42 11 22
0 41 33 22 33 11 33 42 44 32
0 44 33 22 33 11 33 44 44 33
0 44 33 22 32 11 33 44 44 32
0 44 33 22 33 11 33 42 44 33
0 41 32 23 32 14 33 22 44 33
0 41 33 22 32 11 33 42 44 33
0 41 32 23 33 11 33 42 44 33
0 44 32 23 32 11 32 42 44 32
0 44 32 22 33 11 33 44 44 32
0 44 32 22 22 11 33 42 41 32
0 41 32 23 32 14 32 22 44 22
0 11 32 22 32 11 33 42 44 33
0 44 33 22 33 11 32 22 44 33
0 41 32 22 32 11 33 42 44 32
0 41 32 22 22 14 33 42 41 32
0 11 22 22 22 14 32 22 41 32
0 41 33 22 32 11 32 42 44 22
0 44 33 22 32 11 33 44 44 22
0 44 33 22 33 11 33 44 44 33
0 41 32 22 33 14 33 42 44 32
0 44 32 22 33 11 33 42 44 22
0 44 33 22 33 11 33 44 44 33
0 44 32 22 32 14 32 44 41 32
0 11 22 33 22 14 32 42 41 22
0 44 32 22 33 11 33 44 44 22
0 44 32 23 22 14 32 42 41 22
0 41 22 23 22 14 32 42 41 32
0 44 33 22 33 11 33 44 44 33
0 41 33 22 33 11 33 44 44 33
0 44 33 22 32 11 33 44 44 33
0 44 33 33 32 11 33 22 44 22
0 41 22 22 22 11 33 22 44 32
0 41 33 22 33 14 32 44 44 32
0 11 32 22 32 14 33 42 44 22
0 11 32 33 32 44 32 44 41 22
0 44 33 22 33 14 33 44 44 33
0 41 32 22 22 11 32 42 44 22
0 44 33 22 33 11 33 44 44 33
0 41 32 22 32 14 33 44 44 32
0 41 32 22 33 11 33 44 44 32
0 44 22 22 32 11 33 42 41 22
0 44 33 22 33 11 33 44 44 33
0 41 33 22 33 11 33 44 44 32
0 44 33 22 33 11 33 44 44 33
0 41 22 23 22 14 22 22 44 32
0 44 33 22 32 14 33 44 44 33
0 41 22 23 32 44 22 42 44 32
0 44 22 23 32 11 32 22 44 32
0 41 32 23 33 11 33 42 44 32
0 41 32 23 22 44 32 42 44 32
0 44 33 22 33 11 33 42 44 33
0 41 32 22 32 14 32 42 41 32
0 41 32 23 32 14 32 42 44 32
0 41 32 23 22 14 32 42 44 32
0 11 22 23 22 14 22 42 41 32
0 41 22 23 22 14 22 22 44 32
0 44 32 22 32 11 33 44 44 32
0 11 32 23 32 14 32 22 41 32
0 44 33 22 33 11 33 44 44 32
0 41 33 22 32 11 32 42 44 33
0 41 32 23 32 11 32 42 44 32
0 44 33 22 33 14 33 42 44 33
0 44 33 22 33 11 32 44 44 33
0 44 33 22 33 14 33 42 41 32
0 44 32 22 33 11 33 44 44 33
0 11 32 22 22 11 32 44 44 33
0 41 22 23 22 14 22 22 44 33
0 41 32 23 32 14 33 42 41 32
0 41 22 22 22 11 32 42 41 22
0 41 33 22 22 11 33 44 44 33
0 44 33 22 33 11 33 44 44 33
0 44 32 23 22 14 33 42 44 22
0 44 33 23 33 14 33 44 44 33
0 41 33 22 32 14 32 42 41 32
0 41 32 23 32 11 32 42 41 32
0 44 33 22 33 11 33 44 44 32
0 41 32 23 32 11 33 22 44 32
0 41 32 22 32 11 33 42 41 32
0 44 32 22 32 11 32 44 41 33
0 41 32 22 32 11 33 42 44 22
0 41 33 22 33 11 33 42 44 33
0 44 32 23 22 14 33 42 44 32
0 41 32 22 32 14 32 42 41 22
0 41 32 22 32 14 32 44 44 32
0 11 32 22 32 11 22 22 41 32
0 41 32 22 32 14 33 42 44 32
0 44 32 22 32 14 33 44 41 32
0 41 32 23 32 14 32 42 44 32
0 41 32 22 32 11 33 44 44 32
0 44 33 22 32 11 33 42 44 33
0 41 22 23 32 11 32 42 41 22
0 41 32 22 22 11 32 42 44 22
0 41 33 22 32 11 33 42 44 32
0 44 32 22 32 11 32 42 44 32
0 41 32 22 32 14 32 42 44 33
0 44 33 22 33 11 33 44 44 32
0 41 32 23 32 14 32 44 44 32
0 41 33 22 22 11 33 42 44 32
0 44 32 22 32 11 32 42 44 32
0 44 32 22 22 14 33 44 44 32
0 44 22 22 32 44 32 42 44 22
0 41 22 23 22 14 22 42 41 22
0 11 32 23 33 14 32 42 41 22
0 41 32 22 32 11 32 44 44 33
0 44 32 22 33 11 33 42 44 32
0 44 32 22 22 14 22 42 44 32
0 44 33 22 33 11 33 44 44 33
0 44 32 22 32 11 33 42 44 32
0 41 32 22 33 11 32 22 44 22
0 41 32 23 32 14 32 44 44 32
0 41 32 22 33 11 32 42 44 32
0 44 32 23 22 14 32 42 44 22
0 41 32 23 32 14 33 42 44 22
0 41 32 22 22 14 32 22 41 32
0 44 33 22 33 11 33 44 44 22
0 44 32 22 22 11 32 42 44 32
0 41 32 23 32 14 32 42 44 32
0 44 32 22 33 11 33 42 44 32
0 44 33 22 32 11 33 44 44 33
0 44 33 22 22 11 33 44 44 33
0 44 32 22 33 11 33 44 44 32
0 41 33 23 32 11 32 44 44 32
0 44 32 22 32 11 33 44 44 33
0 41 32 23 33 14 33 42 41 32
0 44 33 22 33 14 33 44 44 32
0 44 33 22 33 11 33 44 44 33
0 41 32 22 22 14 32 44 44 32
0 44 33 22 33 11 33 44 44 32
0 41 32 22 32 11 32 44 44 32
0 44 33 22 33 11 33 44 44 33
0 41 22 22 32 11 32 42 44 32
0 11 22 22 22 14 32 22 41 22
0 44 32 22 32 11 32 44 44 32
0 11 22 22 22 11 32 42 41 32
0 41 33 22 33 14 32 42 44 22
0 11 32 22 32 14 32 22 11 32
0 44 33 22 32 11 33 44 44 33
0 44 33 22 33 11 33 44 44 33
0 44 33 22 33 11 33 44 44 32
0 44 33 22 32 14 32 44 44 32
0 41 33 23 32 11 33 42 41 22
0 41 22 22 22 14 33 42 41 22
0 41 32 23 32 14 32 42 44 32
0 44 32 22 33 11 33 42 44 33
0 44 32 22 32 11 32 44 44 33
0 41 32 22 33 14 32 44 44 32
0 44 33 22 33 11 33 44 44 33
0 41 22 23 22 14 22 42 41 22
0 41 32 22 32 11 33 42 44 33
0 41 33 22 32 11 32 44 44 33
0 11 33 23 32 11 33 42 41 32
0 41 32 22 32 14 32 42 44 32
0 41 33 22 22 14 32 42 44 22
0 41 32 22 33 11 22 44 44 33
0 41 33 22 33 11 33 44 44 33
0 44 32 22 32 11 33 42 44 33
0 41 22 23 22 14 32 42 41 22
0 41 32 22 32 14 32 42 44 32
0 11 22 22 22 14 22 22 44 22
0 44 32 22 33 14 33 44 44 32
0 41 32 22 32 14 32 42 41 32
0 11 22 23 22 44 32 22 11 22
0 41 32 22 32 11 33 44 44 33
0 44 33 22 33 11 33 42 44 32
0 41 32 22 32 44 33 42 41 32
0 41 32 22 32 14 33 42 44 32
0 44 22 23 22 44 32 22 44 22
0 41 33 22 33 11 33 42 44 33
0 44 33 22 32 11 33 42 44 33
0 44 33 22 33 11 33 44 44 33
0 44 33 22 33 11 33 44 44 33
0 41 32 22 32 11 32 42 44 32
0 41 22 22 33 11 32 42 44 32
0 41 33 22 32 11 33 44 44 33
0 41 22 23 22 14 33 42 11 22
0 11 22 22 22 11 32 42 41 22
0 41 32 23 32 11 33 42 41 32
0 41 32 22 32 14 32 42 41 32
0 41 33 22 33 11 33 44 44 33
0 44 33 22 32 14 32 42 44 33
0 41 22 22 22 11 33 42 44 32
0 41 32 22 32 14 32 42 44 32
0 44 33 22 33 11 32 42 44 32
0 41 33 22 33 14 33 44 44 33
0 44 33 22 33 11 33 42 44 33
0 41 32 23 32 14 32 42 41 32
0 41 32 22 32 11 32 42 41 32
0 41 33 22 33 11 33 44 44 32
0 44 32 22 32 14 33 42 44 32
0 41 33 22 32 14 32 22 44 32
0 44 33 22 32 11 33 44 44 32
0 44 32 22 32 14 33 44 44 32
0 44 33 33 22 14 32 22 41 32
0 41 33 22 32 11 33 44 44 32
0 41 22 22 22 14 33 22 44 32
0 41 32 23 32 14 33 44 41 22
0 41 33 22 32 11 33 44 44 32
0 11 32 23 22 14 32 42 41 22
0 41 32 22 32 11 33 44 44 33
0 44 33 22 33 11 33 44 44 22
0 44 32 22 33 11 32 44 44 32
0 44 33 22 32 14 33 42 41 32
0 41 33 22 32 11 33 42 44 32
0 41 32 23 32 14 32 44 44 32
0 44 33 22 33 11 32 44 44 33
0 41 32 23 32 14 32 42 41 32
0 44 32 23 33 11 32 44 44 32
0 44 32 22 32 11 33 42 44 32
0 11 22 22 22 14 22 42 41 22
0 44 32 22 32 11 32 44 44 33
0 44 33 22 32 11 33 44 44 33
0 41 32 22 33 14 32 42 41 32
0 41 32 23 33 11 32 42 44 32
0 41 32 22 32 11 32 44 44 32
0 41 32 22 32 44 33 42 41 32
0 44 32 22 32 11 33 44 44 22
0 44 33 22 33 11 33 44 44 33
0 41 32 22 32 11 33 42 44 22
0 41 22 23 32 14 32 42 41 22
0 41 32 23 33 11 32 42 44 32
0 44 33 22 32 11 32 42 44 33
0 41 22 33 22 11 32 42 41 33
0 44 32 22 32 11 33 44 44 33
0 41 33 22 32 14 32 42 44 32
0 44 32 22 33 11 33 44 44 33
0 44 32 22 33 14 33 42 41 32
0 44 32 22 32 11 33 42 44 33
0 41 32 22 32 11 33 42 44 32
0 41 32 23 32 11 32 42 44 22
0 41 32 23 32 14 32 42 41 32
0 41 32 23 32 14 33 22 44 32
0 44 33 22 32 14 33 44 44 33
0 44 32 23 32 11 33 22 41 32
0 41 32 22 32 14 32 22 41 32
0 41 32 22 32 14 32 42 44 22
0 11 32 33 22 14 32 22 41 22
0 41 32 22 32 11 32 22 44 32
0 41 33 22 33 11 33 44 44 32
0 44 32 23 32 11 33 44 44 33
0 41 32 22 33 11 33 42 41 32
0 41 32 22 32 14 32 22 41 22
0 44 32 22 32 11 32 42 41 22
0 41 33 22 32 14 32 42 44 33
0 41 32 22 32 14 33 42 11 32
0 44 33 22 32 11 32 44 44 32
0 11 32 22 22 14 33 22 41 22
0 11 32 23 32 14 32 22 41 22
0 44 33 22 33 14 33 44 44 33
0 44 33 22 33 11 33 44 44 32
0 44 22 22 32 14 32 42 44 22
0 11 32 23 22 44 32 42 11 32
0 11 32 22 22 14 32 22 44 32
0 41 33 22 32 14 33 42 44 22
0 41 32 23 32 14 33 42 41 32
0 41 32 22 32 14 33 42 44 22
0 44 22 22 33 11 33 42 44 32
0 44 33 22 33 11 33 44 44 33
0 41 33 22 33 11 33 42 44 22
0 41 32 22 32 11 32 42 44 32
0 41 32 22 32 14 32 44 44 32
0 41 32 22 33 14 32 42 41 32
0 41 32 23 32 14 32 42 41 22
0 44 32 23 32 11 33 22 44 32
0 44 33 22 33 11 33 44 44 33
0 44 33 22 32 44 33 44 41 32
0 41 33 22 33 11 33 44 44 32
0 44 33 22 32 11 33 44 44 32
0 44 33 22 33 11 33 44 44 33
0 44 33 22 22 11 33 44 44 33
0 44 32 22 33 11 33 44 44 33
0 41 32 23 32 14 32 42 44 32
0 44 32 22 33 11 33 44 44 33
0 41 32 22 33 14 33 44 44 32
0 41 32 23 33 11 33 42 44 33
0 41 32 23 32 11 33 42 44 22
0 44 33 22 33 11 33 42 44 33
0 41 32 33 33 11 32 42 44 33
0 44 33 22 33 11 33 44 44 33
0 44 33 22 32 11 33 44 44 33
0 44 33 22 33 11 32 42 44 22
0 41 32 23 32 11 33 42 41 32
0 44 32 22 32 11 33 42 44 32
0 44 32 22 32 11 32 44 44 32
0 41 32 22 32 11 33 44 44 32
0 44 32 22 32 11 32 44 44 33
0 11 32 23 32 11 32 42 41 32
0 41 33 22 33 14 32 44 44 22
0 44 33 22 33 11 33 42 44 33
0 41 33 23 32 11 32 42 41 32
0 44 33 23 33 11 33 44 44 32
0 41 32 22 32 11 33 42 44 32
0 44 32 22 32 11 33 42 44 32
0 44 32 23 32 14 32 42 44 22
0 41 32 22 32 14 32 42 41 32
0 41 32 23 32 14 32 42 44 22
0 41 32 23 32 14 32 42 41 32
0 44 33 22 33 11 33 44 44 33
0 44 32 22 32 14 32 22 44 22
0 44 32 22 22 11 33 44 41 32
0 41 33 23 32 14 32 22 41 22
0 44 33 22 33 11 33 42 41 32
0 44 32 22 33 11 33 44 44 33
0 44 33 23 32 11 33 44 44 32
0 44 32 22 32 11 33 42 44 32
0 41 32 23 33 11 33 42 44 32
0 44 33 22 33 11 33 42 44 33
0 44 33 22 33 11 33 44 44 33
0 41 33 22 32 14 32 42 41 32
0 41 33 22 33 14 33 42 44 32
0 44 32 33 22 14 32 42 41 32
0 11 32 23 32 11 33 42 44 33
0 44 33 22 32 11 33 44 44 32
0 41 32 23 32 11 33 42 44 32
0 11 22 22 22 14 32 42 44 32
0 41 22 23 22 14 32 22 44 22
0 44 33 22 32 11 33 42 44 32
0 11 22 23 22 14 32 22 41 22
0 41 32 22 33 14 32 22 44 22
0 44 32 22 33 14 32 42 44 33
0 44 33 22 32 11 33 44 44 33
0 44 32 23 22 11 33 22 44 22
0 44 33 22 33 11 33 44 41 33
0 41 32 22 33 11 33 42 44 33
0 44 22 22 32 11 22 42 44 22
0 41 22 23 33 14 32 22 41 22
0 44 32 23 32 14 33 42 44 32
0 11 32 22 32 14 32 42 44 32
0 41 32 23 32 14 33 42 44 32
0 41 32 22 32 11 33 42 41 32
0 41 32 23 22 14 32 42 41 22
0 41 32 22 22 14 32 42 41 32
0 41 32 23 32 11 32 42 41 32
0 41 32 22 32 11 33 44 44 22
0 44 32 22 33 11 33 42 44 32
0 41 22 33 22 14 32 22 41 22
0 11 32 22 32 11 33 22 44 22
0 44 33 22 33 11 33 42 44 33
0 44 33 22 33 11 33 44 44 32
0 44 32 33 33 14 32 42 44 32
0 44 32 22 33 11 33 42 44 33
0 44 32 22 32 11 33 22 44 32
0 41 32 23 32 14 33 42 44 33
0 44 32 22 32 11 33 42 44 32
0 11 33 22 32 11 22 44 41 22
0 41 32 22 22 11 33 44 44 32
0 44 33 22 22 11 32 42 44 32
0 41 32 22 22 14 33 22 44 22
0 44 33 22 33 11 33 44 44 33
0 44 32 22 33 11 33 44 44 33
0 41 33 22 33 11 33 42 44 22
0 41 32 23 32 14 32 42 41 32
0 11 22 23 22 14 22 22 44 32
0 41 32 23 22 14 32 42 41 22
0 11 32 23 32 14 22 22 44 32
0 11 22 22 22 11 32 22 44 22
0 41 32 22 32 14 32 42 41 32
0 44 22 22 32 11 33 42 44 32
0 44 32 22 22 14 33 44 44 32
0 44 33 22 33 11 32 44 44 32
0 41 32 22 32 14 33 42 41 32
0 44 33 22 33 11 33 44 44 33
0 44 33 22 33 11 33 44 44 33
0 44 33 22 33 11 33 44 44 33
0 41 32 23 22 14 33 22 41 32
0 41 22 22 32 14 33 42 41 22
0 41 32 22 32 14 33 44 44 32
0 41 33 22 33 11 32 42 44 33
0 44 32 22 32 11 33 44 44 32
0 41 32 23 32 11 33 44 44 32
0 41 32 22 33 11 33 42 44 33
0 44 32 22 32 11 33 44 41 33
0 44 33 22 33 11 32 44 44 32
0 44 33 22 33 11 33 44 44 33
0 41 32 22 32 11 33 44 41 32
0 41 32 23 32 14 22 44 44 22
0 41 33 23 32 11 32 42 41 32
0 44 33 22 33 14 33 44 44 33
0 44 32 22 32 11 33 42 44 32
0 41 32 22 32 11 33 44 44 32
0 44 32 22 32 11 32 42 44 33
0 11 22 23 22 44 22 22 11 22
0 11 33 22 33 11 33 42 44 33
0 41 33 22 32 11 33 44 44 33
0 11 22 22 32 44 32 22 41 32
0 41 32 22 32 14 33 42 44 33
0 44 33 22 33 14 32 22 44 32
0 41 22 33 32 14 22 22 44 32
0 44 32 22 33 11 33 44 44 33
0 44 22 23 33 11 33 22 41 32
0 44 32 22 33 11 33 44 44 33
0 44 32 22 22 14 33 42 41 32
0 44 32 23 33 11 33 44 44 22
0 41 32 22 33 14 33 42 41 22
0 41 32 22 32 11 32 42 41 32
0 41 22 23 32 14 32 42 41 22
0 11 32 33 22 11 22 22 11 22
0 44 33 22 32 14 33 44 44 32
0 44 22 22 32 14 33 42 44 33
0 44 33 22 33 11 33 44 44 33
0 44 33 22 32 14 33 42 44 33
0 41 32 23 32 14 32 42 41 32
0 11 32 23 22 44 22 22 41 32
0 44 32 22 32 14 33 42 44 33
0 41 32 22 32 11 33 44 44 32
0 44 32 23 32 11 33 42 44 32
0 41 33 22 32 14 32 42 41 32
0 41 33 22 32 11 33 44 44 33
0 41 32 22 32 11 33 44 44 32
0 44 22 22 32 11 32 22 44 32
0 44 33 22 33 11 33 42 44 33
0 44 33 22 33 14 33 44 44 33
0 44 32 22 32 14 32 44 44 33
0 44 32 23 22 11 32 42 44 32
0 11 22 23 32 11 32 22 41 22
0 41 22 23 22 44 22 42 41 22
0 41 32 22 33 11 22 22 44 32
0 44 32 22 32 44 32 42 44 33
0 41 22 22 22 44 32 22 41 22
0 44 33 22 33 11 33 42 44 33
0 11 32 22 32 11 32 42 44 32
0 41 33 22 33 11 33 42 44 33
0 41 32 23 32 11 33 42 44 32
0 44 33 22 32 11 33 42 44 32
0 41 33 22 22 14 32 42 44 32
0 41 22 23 22 14 32 42 41 22
0 11 32 33 22 11 32 42 41 22
0 41 22 23 32 14 33 42 44 32
0 41 22 22 32 14 32 42 41 32
0 44 32 22 32 11 33 42 44 22
0 11 22 22 22 11 32 22 44 22
0 41 22 23 22 14 32 22 41 32
0 44 33 22 33 11 33 42 44 33
0 11 22 23 32 14 32 42 11 22
0 41 32 23 32 11 33 42 44 33
0 44 33 22 33 11 33 44 44 33
0 41 32 23 32 44 32 22 11 22
0 44 32 22 33 11 33 44 44 32
0 11 32 23 33 14 22 42 41 32
0 44 33 22 33 11 33 44 44 33
0 44 33 23 33 14 33 42 44 33
0 41 32 22 32 11 33 42 41 33
0 41 33 23 32 11 32 42 44 32
0 44 32 22 22 14 33 42 11 32
0 44 33 22 33 11 33 44 41 22
0 41 33 22 33 11 33 22 44 22
1 11 32 23 22 44 32 42 41 22
1 41 22 23 22 44 32 22 41 22
1 41 22 22 22 44 33 42 41 22
1 41 32 23 22 11 32 42 41 32
1 41 33 22 32 14 33 44 44 22
1 44 33 22 33 11 33 44 44 33
1 41 32 23 32 14 32 22 44 32
1 41 33 22 32 11 33 42 44 32
1 44 32 22 32 11 33 42 44 33
1 44 33 22 33 11 33 42 44 22
1 44 33 22 33 11 33 42 44 32
1 41 32 22 32 14 32 42 41 22
1 44 33 22 33 11 33 44 44 33
1 41 32 22 22 14 22 42 41 32
1 41 33 23 32 14 32 44 44 32
1 44 32 22 32 11 32 44 41 22
1 44 32 22 22 11 33 42 44 33
1 41 32 23 32 11 32 42 41 32
1 41 32 22 32 11 33 44 44 32
1 41 32 23 32 14 32 42 44 32
1 44 33 22 33 11 33 44 44 33
1 44 32 22 32 44 32 42 44 33
1 11 22 23 22 14 33 22 11 22
1 41 22 23 32 11 22 42 41 32
1 44 22 23 32 14 32 22 44 33
1 11 32 33 22 14 22 22 44 32
1 41 32 22 32 14 32 44 44 32
1 41 32 22 32 14 32 42 41 32
1 41 32 22 32 11 33 44 44 22
1 41 33 22 33 11 33 44 44 33
1 44 33 22 32 11 33 44 44 33
1 44 33 22 33 11 33 44 44 32
1 44 32 22 32 11 32 42 44 33
1 44 33 22 32 14 33 42 44 33
1 11 22 23 22 14 32 22 41 32
1 44 32 22 32 11 33 42 41 32
1 41 32 22 32 14 32 42 44 32
1 41 22 33 32 11 32 42 44 32
1 41 22 22 32 44 32 42 41 32
1 44 33 22 32 11 33 42 44 33
1 44 33 22 33 11 33 44 44 33
1 41 32 23 32 14 33 42 11 22
1 41 32 22 32 11 33 42 44 32
1 44 32 22 33 11 33 42 44 32
1 44 33 22 32 11 33 42 44 32
1 11 33 22 33 11 33 22 41 32
1 44 33 22 33 11 33 44 44 22
1 11 32 22 22 14 32 22 41 22
1 44 33 22 32 11 33 44 44 33
1 41 32 22 32 14 33 42 41 32
1 11 32 22 32 11 33 44 44 32
1 44 33 23 33 11 32 42 44 32
1 41 32 22 32 11 33 42 44 32
1 44 33 22 33 11 33 44 44 33
1 41 22 23 22 14 22 22 41 32
1 11 32 23 22 14 32 22 41 22
1 41 33 33 22 14 33 42 44 32
1 41 33 22 22 14 32 42 41 32
1 41 32 22 32 11 33 42 41 32
1 44 32 23 32 14 33 22 44 33
1 44 32 22 33 11 33 44 44 33
1 41 32 23 32 14 32 44 41 32
1 41 33 22 32 11 33 42 44 33
1 11 22 22 32 14 32 22 41 22
1 44 33 22 32 14 33 44 44 33
1 44 32 23 32 14 32 42 11 32
1 41 32 22 32 14 32 42 44 32
1 41 33 22 32 11 32 42 41 32
1 44 33 22 33 11 33 44 44 33
1 44 32 23 32 11 33 42 44 22
1 44 33 22 33 11 33 44 44 33
1 44 33 22 33 11 33 44 44 33
1 44 33 22 33 11 33 42 44 33
1 44 32 23 32 14 32 42 41 32
1 41 32 22 32 11 32 42 44 32
1 44 32 22 22 11 33 44 44 32
1 41 22 23 32 14 32 42 41 32
1 41 33 22 33 11 33 44 44 32
1 44 33 22 22 14 33 44 44 33
1 41 32 23 32 11 32 42 44 22
1 44 32 22 32 11 33 44 44 22
1 41 22 22 33 11 32 44 44 33
1 41 33 22 32 11 32 44 44 32
1 41 22 23 32 44 32 22 41 32
1 41 32 22 32 11 33 44 44 32
1 44 32 22 32 11 33 44 44 32
1 44 22 22 22 14 33 42 44 32
1 44 32 22 32 11 33 44 44 32
1 44 33 22 33 11 33 44 44 33
1 11 32 23 32 14 22 22 41 32
1 44 32 22 33 11 33 42 44 33
1 11 32 22 32 11 32 42 44 32
1 44 32 22 33 11 33 44 44 33
1 44 33 22 33 11 33 42 44 33
1 44 33 22 32 11 33 44 44 32
1 41 32 22 32 11 32 44 44 32
1 44 33 22 33 11 33 44 44 33
1 41 32 23 22 11 33 22 44 22
1 41 22 22 32 14 22 22 44 22
1 41 22 22 22 14 32 22 41 32
1 44 22 22 33 11 33 22 44 22
1 41 33 22 32 11 33 42 44 32
1 41 22 22 32 11 22 22 41 22
1 41 32 23 32 11 33 42 44 33
1 44 33 22 33 11 33 44 44 33
1 41 32 22 22 14 32 44 44 22
1 44 32 22 33 11 33 44 44 33
1 41 32 22 32 14 33 22 44 32
1 41 33 22 32 11 33 22 44 22
1 11 32 22 22 14 33 44 44 32
1 41 33 22 33 11 33 44 44 33
1 44 33 22 33 11 33 44 44 33
1 41 33 23 32 11 32 22 44 33
1 11 33 22 32 44 32 44 44 22
1 41 33 22 33 11 32 42 44 32
1 44 32 22 32 11 32 42 44 32
1 44 32 22 32 11 33 44 44 32
1 44 33 22 32 11 32 44 44 33
1 11 22 23 22 14 32 42 41 32
1 44 33 23 33 11 33 44 44 32
1 44 22 23 32 11 32 44 44 32
1 44 32 22 33 14 32 42 44 22
1 44 33 22 33 11 33 44 44 33
1 41 33 22 32 11 33 42 44 33
1 41 33 22 32 14 32 44 44 32
1 44 32 23 22 14 32 42 44 32
1 11 22 23 22 44 32 22 41 22
1 44 33 22 33 11 33 42 44 32
1 41 32 22 33 11 22 44 44 22
1 41 32 23 32 14 32 42 41 32
1 41 22 22 33 11 32 44 44 32
1 44 32 22 32 14 32 42 41 32
1 41 32 22 22 11 32 22 41 32
1 41 33 22 33 11 32 44 44 33
1 44 33 22 33 11 33 42 44 33
1 41 32 23 22 11 32 44 44 22
1 41 32 23 22 14 33 22 41 22
1 11 32 22 22 14 33 42 11 22
1 41 33 22 32 11 32 44 44 33
1 41 32 23 32 14 33 22 44 32
1 44 33 22 32 11 33 44 44 33
1 41 32 22 32 14 33 42 44 32
1 41 32 22 22 44 22 22 41 22
1 44 33 23 33 11 33 44 44 33
1 41 22 23 32 11 33 42 44 32
1 41 32 22 22 11 32 22 44 32
1 41 33 22 32 11 33 44 44 33
1 44 33 22 33 14 33 44 41 32
1 41 33 22 33 11 33 44 44 32
1 41 32 23 22 14 32 44 41 32
1 44 33 22 32 11 32 44 44 22
1 41 32 22 33 11 32 42 44 33
1 41 32 23 22 14 32 42 41 22
1 44 22 22 32 11 32 42 44 33
1 44 33 23 32 11 32 42 44 32
1 44 33 22 32 14 33 42 44 32
1 44 32 22 22 11 33 42 44 33
1 44 33 23 32 14 33 22 44 32
1 41 22 23 22 44 32 22 11 22
1 41 32 23 32 14 32 42 44 32
1 41 33 22 32 11 33 44 44 22
1 11 32 33 22 14 32 42 41 22
1 41 32 22 32 11 33 42 44 32
1 44 32 22 33 11 33 44 44 33
1 11 22 23 32 14 32 22 44 22
1 44 33 22 32 14 33 42 44 32
1 44 33 22 33 11 33 44 44 32
1 44 33 33 32 44 33 44 41 22
1 44 33 22 33 11 33 44 44 32
1 41 32 23 33 11 33 42 44 33
1 44 32 23 32 11 33 42 44 22
1 44 32 22 33 11 33 44 44 32
1 44 33 23 32 14 32 44 44 32
1 41 32 22 32 11 33 44 44 32
1 41 32 23 22 44 22 22 41 22
1 41 32 23 32 11 32 42 44 32
1 41 22 23 22 14 33 42 41 32
1 41 32 22 32 11 33 42 41 32
1 44 32 23 32 14 33 44 44 33
1 11 32 23 22 14 32 42 41 22
1 41 32 22 32 11 32 42 44 32
1 41 32 23 22 11 33 42 44 32
1 44 32 22 32 11 32 42 44 22
1 41 32 22 22 11 33 42 44 22
1 44 33 22 32 11 33 44 44 33
1 41 32 22 22 14 22 22 41 33
1 41 32 23 32 14 32 42 41 22
1 44 33 22 33 11 32 42 44 33
1 41 32 23 32 14 32 42 41 32
1 41 22 22 32 14 32 42 44 22
1 41 33 23 22 14 32 42 44 32
1 11 22 23 22 44 32 22 41 22
1 44 32 23 32 11 32 42 44 32
1 41 32 33 32 11 33 22 41 32
1 44 32 23 32 11 33 42 44 33
1 44 32 23 32 11 32 22 44 32
1 41 33 22 33 11 32 44 44 33
1 44 22 22 32 44 33 22 44 22
1 41 33 22 32 11 32 42 44 32
1 41 32 22 32 14 33 42 44 22
1 44 33 22 33 11 33 44 44 32
1 41 22 23 32 44 32 22 11 22
1 44 32 22 32 14 32 44 44 33
1 11 22 22 32 11 32 42 41 22
1 44 32 22 33 11 32 42 44 33
1 41 32 23 32 14 32 42 41 32
1 44 33 22 32 11 33 44 41 32
1 44 33 22 33 11 33 44 44 33
1 44 33 22 33 11 32 44 44 32
1 41 33 22 22 14 32 42 41 32
1 41 32 23 22 14 33 42 41 22
1 41 32 23 22 14 32 44 44 32
1 44 33 22 32 11 33 44 44 32
1 44 33 22 33 11 33 44 44 33
1 44 33 22 33 14 33 44 44 32
1 41 22 22 33 11 32 42 44 22
1 41 33 22 32 14 33 44 44 32
1 44 33 22 22 44 33 42 44 32
1 41 32 22 33 11 33 42 44 22
1 41 33 22 32 11 33 42 44 22
1 41 32 23 32 14 32 42 44 32
1 44 32 22 33 11 33 42 44 32
1 44 33 22 33 14 33 44 41 33
1 11 22 22 32 14 32 42 44 32
1 11 32 33 22 14 22 22 41 32
1 41 32 23 32 14 32 42 44 32
1 44 22 22 22 44 22 42 41 22
1 11 32 22 22 44 33 22 41 22
1 44 33 22 32 11 32 42 44 32
1 41 22 23 32 44 32 42 41 22
1 44 32 22 32 11 33 44 41 32
1 44 33 22 33 11 33 44 44 33
1 44 33 22 33 11 33 44 44 33
1 41 32 23 22 14 32 42 41 32
1 44 33 22 33 11 33 44 44 33
1 11 22 23 32 14 32 22 11 22
1 41 32 22 22 14 32 42 41 32
1 41 32 22 32 11 33 42 44 32
1 11 22 23 22 14 22 22 41 22
1 11 22 22 32 14 33 44 44 22
1 44 32 22 33 11 33 42 44 33
1 44 32 22 32 11 33 22 44 22
1 44 33 22 33 14 33 44 44 33
1 44 33 22 32 11 32 42 44 33
1 44 22 22 32 11 33 42 44 32
1 44 32 22 32 11 33 42 44 32
1 11 32 23 22 44 32 22 11 22
1 41 32 23 32 14 32 22 44 32
1 11 32 22 32 44 33 42 44 32
1 44 33 22 33 11 33 44 44 32
1 41 32 23 32 14 33 42 44 32
1 44 33 23 33 11 33 42 44 32
1 44 33 22 32 14 33 42 44 32
1 41 32 22 22 14 33 44 11 32
1 44 33 22 33 11 33 44 44 33
1 44 33 22 33 11 33 42 44 32
1 44 32 23 33 14 32 42 41 32
1 44 33 22 33 11 33 42 44 33
1 41 32 23 22 44 32 22 41 22
1 11 22 23 22 44 32 42 44 22
1 44 33 22 33 11 33 42 41 32
1 44 33 22 33 11 33 44 44 32
1 11 22 23 32 14 33 44 44 32
1 41 32 22 22 11 33 42 41 32
1 41 32 22 32 11 33 44 44 32
1 44 33 22 33 11 33 42 44 32
1 44 33 22 33 11 33 44 44 32
1 41 33 22 32 11 33 42 44 22
1 41 32 23 22 14 33 42 44 22
1 41 33 23 33 11 32 44 44 32
1 41 32 22 22 44 32 44 41 22
1 41 22 23 32 14 33 22 41 22
1 41 32 23 32 11 32 42 41 22
1 11 32 33 22 44 32 22 41 22
1 41 22 33 22 14 22 22 41 22
1 41 33 22 33 11 33 42 44 32
1 44 33 22 33 11 33 44 44 33
1 11 22 33 22 14 22 42 11 22
1 44 33 22 33 14 33 42 44 33
1 41 32 22 33 11 33 42 44 32
1 11 22 23 32 14 33 42 41 22
1 44 32 22 32 11 33 44 44 32
1 41 32 23 32 11 32 42 41 32
1 44 32 22 32 11 32 42 41 32
1 41 33 22 32 11 32 44 44 22
1 44 33 22 22 11 33 44 44 33
1 41 32 22 32 14 33 44 44 33
1 44 32 22 32 11 33 42 44 32
1 44 33 22 32 11 32 42 44 32
1 44 33 22 32 11 33 44 44 33
1 44 33 22 33 11 33 44 44 33
1 41 32 22 33 11 33 44 44 32
1 44 33 22 33 11 33 42 44 33
1 41 33 22 33 14 33 42 44 32
1 11 32 22 32 44 33 22 41 22
1 11 22 22 32 11 32 42 41 22
1 44 32 22 33 14 33 44 44 33
1 41 32 22 33 11 33 44 44 32
1 41 32 22 32 14 32 42 44 32
1 11 33 23 32 11 33 44 44 32
1 41 32 22 32 11 32 42 44 33
1 41 32 22 33 11 32 42 41 32
1 44 33 22 32 11 32 42 44 32
1 44 33 22 22 11 33 44 44 32
1 41 32 22 32 44 32 42 41 32
1 44 33 22 32 14 33 42 41 22
1 44 32 22 32 11 33 44 44 32
1 41 32 22 33 11 33 42 41 22
1 41 32 22 22 14 32 22 44 22
1 44 22 22 33 11 33 42 44 33
1 44 32 22 32 11 33 22 41 32
1 44 33 22 33 11 33 42 44 33
1 41 33 22 32 11 33 44 41 33
1 41 33 22 33 14 33 44 41 33
1 41 32 22 32 14 32 42 41 32
1 44 33 22 33 14 33 44 44 32
1 41 32 22 32 14 32 22 44 32
1 44 33 22 32 11 32 42 41 33
1 44 32 22 32 11 33 42 44 32
1 41 33 22 32 14 33 42 44 32
1 41 22 22 22 14 33 22 44 32
1 44 22 22 33 11 33 44 44 33
1 11 22 33 22 44 22 22 41 32
1 41 32 23 22 14 32 42 44 32
1 41 22 22 22 44 32 42 41 32
1 41 22 22 32 11 32 42 44 32
1 41 32 22 33 11 33 22 41 33
1 44 32 23 32 11 33 42 44 32
1 11 32 22 22 44 22 22 41 22
1 41 22 22 32 11 33 42 44 32
1 44 33 22 32 11 33 44 44 33
1 41 32 22 32 11 32 42 44 33
1 41 33 22 33 11 33 44 44 32
1 44 32 22 33 11 32 42 44 32
1 11 22 23 22 14 32 22 41 22
1 11 32 22 32 14 32 42 41 32
1 41 32 23 32 14 32 42 44 32
1 44 32 22 32 14 33 44 44 32
1 11 32 22 33 14 33 42 41 32
1 11 22 22 32 14 22 42 11 22
1 44 33 22 32 11 32 44 41 33
1 44 32 22 33 14 33 22 44 32
1 44 32 22 22 11 33 44 44 32
1 41 32 23 22 11 33 44 41 32
1 44 32 22 32 14 32 42 44 32
1 44 33 22 33 11 33 44 44 32
1 44 22 22 32 11 32 22 41 22
1 44 33 22 22 11 33 44 44 32
1 11 22 23 32 14 33 22 41 22
1 44 32 22 32 14 33 44 44 32
1 41 32 23 33 14 33 44 44 32
1 41 32 22 32 14 22 42 44 22
1 44 22 23 22 14 32 42 44 32
1 41 32 22 32 11 32 42 44 32
1 44 33 23 32 11 33 44 44 33
1 41 32 22 32 11 33 42 44 33
1 44 22 22 22 11 33 22 44 32
1 41 32 22 32 11 32 22 44 33
1 44 32 22 32 14 32 44 41 32
1 44 32 22 32 14 32 22 44 22
1 44 32 23 32 44 32 22 41 22
1 44 32 22 32 14 33 44 44 33
1 44 33 22 32 11 32 44 44 33
1 41 33 22 22 14 33 22 41 32
1 44 32 22 32 11 33 44 44 33
1 41 32 22 22 11 22 22 41 22
1 44 22 22 32 11 33 22 44 22
1 41 22 22 22 11 32 42 44 32
1 41 22 33 22 14 22 22 11 22
1 41 32 23 32 14 32 42 41 32
1 41 32 22 32 14 32 22 44 22
1 41 33 23 22 14 33 42 41 33
1 44 33 22 33 11 33 44 44 33
1 41 32 23 32 14 32 44 44 33
1 44 33 22 32 11 33 44 44 22
1 11 32 23 32 14 33 22 44 22
1 44 33 22 33 11 32 44 44 33
1 11 32 22 32 14 32 42 44 22
1 44 32 22 33 11 33 44 44 33
1 11 33 22 22 44 22 22 44 22
1 44 32 22 32 11 33 22 44 32
1 41 32 22 22 14 32 42 44 32
1 44 33 22 32 11 33 42 44 32
1 41 32 23 32 14 32 44 41 32
1 41 32 23 32 11 32 42 41 32
1 44 33 22 33 14 33 44 44 33
1 44 33 22 33 11 33 44 44 32
1 44 33 22 33 11 33 44 44 33
1 41 33 22 32 11 33 42 44 33
1 44 22 23 32 14 33 42 41 32
1 11 32 23 32 14 32 42 41 22
1 44 33 22 32 11 33 44 44 33
1 41 33 22 33 14 33 44 44 33
1 41 32 22 32 11 33 42 44 32
1 44 33 22 33 11 33 44 44 32
1 44 33 22 33 11 33 44 44 33
1 41 32 22 22 11 33 22 44 32
1 44 22 22 32 11 33 22 44 22
1 41 32 22 32 14 32 42 44 33
1 41 32 22 33 11 33 44 44 32
1 41 32 22 22 11 33 42 44 22
1 44 33 22 33 11 32 44 44 33
1 41 32 22 33 11 33 42 44 22
1 44 32 22 32 11 33 44 44 32
1 41 32 23 33 14 32 42 44 32
1 41 32 23 32 14 32 42 41 32
1 41 32 22 32 44 22 42 44 22
1 44 33 22 33 11 32 44 44 32
1 11 32 22 32 14 32 42 44 32
1 44 33 22 33 11 32 42 44 32
1 41 32 23 22 14 32 22 41 22
1 44 33 22 32 11 32 44 44 32
1 44 32 22 33 11 32 44 44 33
1 41 32 23 32 14 32 42 44 32
1 41 32 22 33 14 33 44 44 22
1 11 22 33 32 44 33 22 41 22
1 44 32 22 32 11 32 42 41 33
1 41 33 22 22 14 33 22 44 22
1 41 32 22 32 14 32 42 44 32
1 41 33 22 33 11 33 44 44 33
1 41 22 22 33 11 32 22 44 22
1 44 32 22 33 11 33 44 44 33
1 44 32 23 32 14 32 22 41 32
1 41 32 22 32 14 32 22 41 32
1 41 32 23 32 11 32 44 44 22
1 44 22 23 32 14 33 44 44 32
1 11 32 22 32 11 32 22 41 22
1 41 33 23 32 14 32 42 44 32
1 41 32 23 22 44 32 42 44 22
1 44 33 22 32 11 33 44 44 33
1 41 32 22 22 11 33 22 44 32
1 44 33 23 32 11 33 42 44 32
1 41 32 22 22 14 33 42 41 22
1 44 32 22 32 11 32 42 44 33
1 44 32 23 33 14 33 42 44 32
1 44 33 22 32 11 33 44 44 32
1 41 22 33 22 44 22 22 11 22
1 41 32 22 32 11 32 22 41 32
1 44 33 22 33 14 33 42 44 33
1 41 33 22 33 11 33 42 44 32
1 44 33 22 33 11 33 44 44 33
1 44 33 22 33 11 33 42 44 33
1 41 33 22 22 11 33 42 44 33
1 41 32 23 32 14 33 42 44 32
1 44 33 22 32 11 33 44 44 33
1 41 33 22 32 11 33 44 44 32
1 41 32 22 32 11 32 44 41 32
1 44 32 23 22 11 33 42 44 32
1 41 22 23 22 11 33 22 44 22
1 41 22 22 32 11 32 44 41 32
1 41 33 22 32 14 32 22 44 32
1 11 22 23 22 44 22 22 11 22
1 41 33 22 22 11 32 42 44 32
1 41 32 22 33 11 33 44 44 33
1 41 32 22 32 11 33 42 44 32
1 44 33 22 22 14 33 42 44 33
1 41 33 22 32 11 32 44 44 32
1 11 32 22 22 44 22 22 44 22
1 44 33 22 33 11 33 22 44 32
1 11 32 22 22 11 33 22 44 32
1 44 32 22 22 14 32 42 44 32
1 41 22 23 22 14 32 42 41 22
1 44 32 22 33 11 33 44 44 33
1 41 33 22 33 14 33 42 44 32
1 44 33 22 32 14 33 22 44 33
1 44 32 22 32 11 33 44 44 32
1 41 32 23 32 14 32 42 44 32
1 44 33 22 32 11 33 42 41 33
1 11 33 22 32 11 33 44 44 32
1 41 32 23 22 14 32 42 44 32
1 44 33 22 32 11 33 44 44 33
1 44 32 23 22 14 32 42 44 22
1 41 33 22 22 11 33 42 44 22
1 44 32 22 33 11 32 22 44 22
1 11 32 22 32 14 32 44 44 32
1 41 33 22 32 11 33 42 44 22
1 41 32 23 32 44 22 22 41 22
1 41 22 22 32 44 32 42 44 22
1 41 32 23 32 14 33 42 41 32
1 11 32 23 32 11 33 42 41 32
1 41 33 22 33 14 32 44 44 32
1 11 32 22 32 11 33 44 44 32
1 11 33 33 22 14 22 22 44 22
1 44 33 22 33 11 33 44 44 33
1 11 22 22 22 14 32 22 11 22
1 11 32 23 22 14 32 22 41 32
1 41 22 22 32 14 33 42 41 32
1 41 32 23 32 14 33 42 44 32
1 41 33 23 32 11 33 42 41 22
1 41 32 23 32 14 33 42 41 32
1 44 33 22 33 11 33 44 44 33
1 11 22 22 22 14 32 22 41 22
1 11 22 23 22 44 32 22 41 22
1 41 33 22 32 11 33 44 44 33
1 44 22 23 22 14 22 44 44 32
1 44 32 22 33 11 33 44 44 32
1 44 32 22 32 11 33 42 44 22
1 41 32 23 32 14 32 42 41 32
1 41 33 22 22 11 32 42 44 32
1 41 32 22 33 11 33 44 41 32
